Alive|40dcc07382385aa4a80151b7105cef45|1,1,1,1|0.5
Animal||1,1,1,1|0.5
Bounds||0.74264705,0.48599696,0.7249471,1|0.5
Eyes||1,0,0,1|0.5
Flag||1,1,1,1|0.5
Flag_ProgressPride|5b9b0bc755209bd4db870297de6cd8c4|1,1,1,1|0.5
Intersect_Current||1,1,1,1|0.5
Intersect_Target||1,1,1,1|0.5
Item||1,1,1,1|0.5
Leaves|08442628dcd93fc498ff3161c8d34127|1,1,1,1|0.2
Leaves_0|873e87be3abc4c54eaf842fe791336fb|1,1,1,1|0.2
Leaves_1|7a9033ac87d71d24c88c8fbd81ce1fe1|1,1,1,1|0.2
Leaves_2|e5256b2dcc8db714fad2fd52326ee935|1,1,1,1|0.2
Leaves_3|c9f1f9308907eeb4ebea1489e5677ca0|1,1,1,1|0.2
Leaves_4|57ad58c5ebc6f8f49b7ee3e2d37ed4de|1,1,1,1|0.2
Leaves_5|72e09849c0cf53041b6e3822ecf188ee|1,1,1,1|0.2
Leaves_6|ffa911deeb984b5458387ab868242c73|1,1,1,1|0.2
Leaves_7|f5a98259c8ea35d45a6eaf077c3885c9|1,1,1,1|0.2
Location||1,1,1,1|0.5
Material|123cf64cab23e0b41a04335322715d68|1,1,1,1|0.5
Material_0|663faa2fb8e303d4cb7f1de39c39e298|1,1,1,1|0.5
Material_1|1a9c0843e78b2bb41ae9c8941460a64e|1,1,1,1|0.5
Material_10|7bb9e95d0aa46f94280c6f296614e903|1,1,1,1|0.5
Material_11|5994b11d463dd9646922f3ff9bc79a16|1,1,1,1|0.5
Material_12|1e9f15830600e0d42a9895730dd362ac|1,1,1,1|0.5
Material_13|0cb6178adb136b946a29af0fda92e277|1,1,1,1|0.5
Material_14|d1b9e15bbab3ebd4088f42ca5fe833c5|1,1,1,1|0.5
Material_15|12364212677874c408de9b79cb81746c|1,1,1,1|0.5
Material_16|f0b798e30cefc4b4ea9d3b910525d8ea|1,1,1,1|0.5
Material_17|b26a80f86345cb04985717ed92f893d2|1,1,1,1|0.5
Material_18|035af7f4de315ff4695cfe3180d59563|1,1,1,1|0.5
Material_19|4bf7748169f6c664691141b366ef0278|1,1,1,1|0.5
Material_2||0.8161765,0.7627028,0.5881272,1|0.5
Material_20|c3af0582809adcf429777411da40dace|1,1,1,1|0.5
Material_21|91c931c1e293d9c419d6f19f3c396888|1,1,1,1|0.5
Material_22|a42e374533007374381413410357a717|1,1,1,1|0.5
Material_23|12caf0bf96dd89b4ea3d2e02e05e864c|1,1,1,1|0.5
Material_24|c6d99e3db6806454b9980f8c85dbd0a6|1,1,1,1|0.5
Material_25|1d56c0be3bde62143aa182697dc42cd5|1,1,1,1|0.5
Material_26|eb21f4daaad331c42b14eb3a4373fae9|1,1,1,1|0.5
Material_27|f433b09645a142b4088d9c423b23e176|1,1,1,1|0.5
Material_28||0.75,0.75,0.75,1|0.5
Material_29|f9098b67da6dffd4abacbc81b1572bed|1,1,1,1|0.5
Material_3|36a5e333d4d214b40a5f0dadcbc39daf|1,1,1,1|1
Material_30|c2c92d47674845f4c8e9b8443848289e|1,1,1,1|0.5
Material_31|ef58121789d061d43a159f8d9ce29fe2|1,1,1,1|0.5
Material_32|11e40d123dcd67546bbec464c6a8958d|1,1,1,1|0.5
Material_33|4e82e7db89e968f419edb8d08753af53|1,1,1,1|0.5
Material_34||0.25,0.25,0.25,1|0.5
Material_35|49e5a0b4a08f6bb48a5bc08390c1d9eb|1,1,1,1|0.5
Material_36|d4c480346982f5b47baf0c521cbc269a|1,1,1,1|0.5
Material_37|186e2f465ffa199499e7e51bd2145aa4|1,1,1,1|0.5
Material_38|47d05c4f45e1998439857877971c6f08|1,1,1,1|0.5
Material_39|a499204717aead74292d627ab5509a08|1,1,1,1|0.5
Material_4|35cdbc4b7c1f47d4882e8e6b534dafa1|1,1,1,1|0.5
Material_40|d910913dac823a64eb9822b5fe3718c9|1,1,1,1|0.5
Material_41|3e51599e83f2cc6448649bd012a4a20c|1,1,1,1|0.5
Material_42|e72b9a264c9deda4489fb613e6aafa44|1,1,1,1|0.5
Material_43|d7a94b9e0411c9c44bde0966f95afbef|1,1,1,1|0.5
Material_44|4277d1f866e9bb845b3e51a1090bf48a|1,1,1,1|0.5
Material_45||0.85294116,0.7352941,0.42647058,1|0.5
Material_46|f11ed9b22fa1c0149aacc1c0b87c118f|1,1,1,1|0.5
Material_47||0.2794118,0.22517304,0.14381489,1|0.5
Material_48|5a6ea6ad0bc53d945b930c3c8d5c64a7|1,1,1,1|0.5
Material_49|75f3146669523a343ac9b079d669fc85|1,1,1,1|0.5
Material_5||0.6244594,0.75373614,0.77205884,0.88235295|0.5
Material_50|71d6545118e30234b80beb7de0d6f21c|1,1,1,1|0.5
Material_51|3a9f822cecd3ce24db302a7083728411|1,1,1,1|0.5
Material_52|8bac288641a863449b518919b922aa8e|1,1,1,1|0.5
Material_53|2926c2dc514a17643acef4dd2cc77264|1,1,1,1|0.5
Material_54|be19959d1a0aa914fafe232ee26928a9|1,1,1,1|0.5
Material_55|747dd712e09a807439a01977cba2c940|1,1,1,1|0.5
Material_56|c704d8c45b832224182597b96b8e7558|1,1,1,1|0.5
Material_57|50049b82498394c41b822494bbd81ede|1,1,1,1|0.5
Material_58||0.7647059,0.6901961,0.5882353,1|0.5
Material_59|3f03b9de34c514349a427b3442c41ca2|1,1,1,1|0.5
Material_6|c54542922b682e14f8533aebafd92505|1,1,1,1|0.5
Material_60|f550fe9662324ea4daaaa07672a5a834|1,1,1,1|0.5
Material_61|54dbfa91293062344aa7ed6b9b2d6c55|1,1,1,1|0.5
Material_62|91141720793e23f43909b7a5a3c3a63f|1,1,1,1|0.5
Material_63|6137a121f38e410458a6e6519a7e43bd|1,1,1,1|0.5
Material_64|a9b9e6a34ee612b47bb22eac59c8e671|1,1,1,1|0.5
Material_65|bd19679bbf914e54f97e3f1d568df186|1,1,1,1|1
Material_66|89fc1f8be89131c4599f64276317276f|1,1,1,1|0.5
Material_67|a99df144637ade34c84712cfbf7647a5|0,1,1,1|0.5
Material_68|465309f9c5ac513499249000de26e0f2|1,1,1,1|0.5
Material_69|2d42f0c8294122542b7ba2433b98a71e|1,1,1,1|0.5
Material_7|369558b1c5db0c7459feb9738f978fa1|1,1,1,1|0.5
Material_8|0b36b2dd2e147e6489e830c1e6a2b0d5|1,1,1,1|0.5
Material_9|892e6058fbd0dcd4a9427faf656525ba|1,1,1,1|0.5
Material_Alpha|977ee26ba7e03d84880b323d804ac12d|1,1,1,1|0.5
Material_Cutout|977ee26ba7e03d84880b323d804ac12d|1,1,1,1|0.5
Material_Decal_Alpha|977ee26ba7e03d84880b323d804ac12d|1,1,1,1|0.5
Material_Decal_Cutout|977ee26ba7e03d84880b323d804ac12d|1,1,1,1|0.5
MenuLight|0b36b2dd2e147e6489e830c1e6a2b0d5|1,1,1,1|0.5
MoltClothes||1,1,1,1|0.5
MoltHair||0.9019608,0.74509805,0.39215687,1|0.5
Molt_Cat|16b538aebba8f9c4ca40c9f0a98263af|1,1,1,1|0.5
Molt_Scarf|191b440bcdf92d84bb10d319f81cd7ce|1,1,1,1|0.5
Navigation||1,1,1,1|0.5
NelsonClothes||1,1,1,1|0.5
NelsonHair||0.17685501,0.38992673,0.6132076,1|0.5
Node||1,1,1,1|0.5
Offroader_Wheel_Material|02d278ba56f1a0e4f99bd1a61548ce8f|1,1,1,1|0.5
Off_Roader_Green|9f05a34b6804e794aad5edb7a5ea3aa0|1,1,1,1|0.5
Ornament_1_Material_01|aca02027d163b414694345e482b4a748|1,1,1,1|0.5
Ornament_1_Material_02|a420e04232d96a847adef5c9a0d4c695|1,1,1,1|0.5
Ornament_1_Material_03|5b4cafd29e1ebef4a978e225fb16f5d2|1,1,1,1|0.5
Particle_0|118164c8e2b327d4ea0a57782730e589|1,1,1,1|0.5
Particle_0_0|be97efd9445b5df4f91f0777ca437532|1,1,1,1|0.5
Player||1,1,1,1|0.5
Player_Alt||0,0,0,1|0.5
Road||1,1,1,1|0.5
Skybox_MainMenu||1,1,1,1|0.5
TextMeshPro_Sprite|51bb8e7a001907147838e2b8df4f0b47|1,1,1,1|
Vehicle||1,1,1,1|0.5
Water4Example|618d5e39734259949a86f66dab0cdfdc|1,1,1,1|
Water_Fallback||1,1,1,1|0.5
