# Unturned item rip -> Godot (X+Z negated, winding reversed, RH Y-up)
v 0.153191 -0.235905 -0.480699
v 0.153191 -0.275905 -0.480699
v 0.132393 -0.275905 -0.538206
v 0.132393 -0.235905 -0.538206
v 0.153191 -0.275905 -0.480699
v 0.193191 -0.275905 -0.480699
v 0.171192 -0.275905 -0.547935
v 0.132393 -0.275905 -0.538206
v 0.082887 -0.275905 -0.586842
v 0.100212 -0.275905 -0.622895
v -0.000222 -0.275905 -0.605160
v 0.001472 -0.275905 -0.645124
v -0.085589 -0.275905 -0.591236
v -0.097304 -0.275905 -0.629482
v -0.140887 -0.275905 -0.545570
v -0.179464 -0.275905 -0.556144
v -0.160011 -0.275905 -0.480230
v -0.199894 -0.275905 -0.477171
v 0.193191 -0.275905 -0.480699
v 0.193191 -0.235905 -0.480699
v 0.171192 -0.235905 -0.547935
v 0.171192 -0.275905 -0.547935
v 0.100212 -0.275905 -0.622895
v 0.100212 -0.235905 -0.622895
v 0.193191 -0.235905 -0.480699
v 0.153191 -0.235905 -0.480699
v 0.132393 -0.235905 -0.538206
v 0.171192 -0.235905 -0.547935
v 0.100212 -0.235905 -0.622895
v 0.082887 -0.235905 -0.586842
v 0.001472 -0.235905 -0.645124
v -0.000222 -0.235905 -0.605160
v -0.097304 -0.235905 -0.629482
v -0.085589 -0.235905 -0.591236
v -0.179464 -0.235905 -0.556144
v -0.140887 -0.235905 -0.545570
v -0.199894 -0.235905 -0.477171
v -0.160011 -0.235905 -0.480230
v 0.100212 -0.235905 -0.622895
v 0.001472 -0.275905 -0.645124
v 0.100212 -0.275905 -0.622895
v 0.001472 -0.235905 -0.645124
v -0.097304 -0.275905 -0.629482
v -0.097304 -0.235905 -0.629482
v -0.179464 -0.275905 -0.556144
v -0.179464 -0.235905 -0.556144
v 0.132393 -0.275905 -0.538206
v 0.082887 -0.235905 -0.586842
v 0.132393 -0.235905 -0.538206
v 0.082887 -0.275905 -0.586842
v -0.000222 -0.235905 -0.605160
v -0.000222 -0.275905 -0.605160
v -0.085589 -0.235905 -0.591236
v -0.085589 -0.275905 -0.591236
v -0.140887 -0.235905 -0.545570
v -0.140887 -0.275905 -0.545570
v -0.179464 -0.235905 -0.556144
v -0.199894 -0.235905 -0.477171
v -0.199894 -0.275905 -0.477171
v -0.179464 -0.275905 -0.556144
v -0.140887 -0.275905 -0.545570
v -0.160011 -0.275905 -0.480230
v -0.160011 -0.235905 -0.480230
v -0.140887 -0.235905 -0.545570
v -0.350000 -0.080000 -0.033459
v -0.350000 -0.340000 -0.033459
v -0.350000 -0.340000 -0.179088
v -0.350000 -0.080000 -0.179088
v 0.250000 -0.440000 -0.033459
v 0.350000 -0.340000 -0.033459
v 0.350000 -0.340000 -0.179088
v 0.250000 -0.440000 -0.179088
v -0.250000 -0.440000 -0.033459
v -0.250000 -0.440000 -0.179088
v -0.350000 -0.340000 -0.033459
v -0.350000 -0.340000 -0.179088
v 0.350000 -0.340000 -0.033459
v 0.350000 -0.080000 -0.033459
v 0.350000 -0.080000 -0.179088
v 0.350000 -0.340000 -0.179088
v -0.250000 -0.080000 -0.033459
v -0.350000 -0.080000 -0.033459
v -0.350000 -0.080000 -0.179088
v -0.250000 -0.080000 -0.179088
v 0.250000 -0.080000 -0.033459
v 0.250000 -0.080000 -0.179088
v 0.350000 -0.080000 -0.033459
v 0.350000 -0.080000 -0.179088
v 0.250000 -0.440000 -0.033459
v 0.350000 -0.080000 -0.033459
v 0.350000 -0.340000 -0.033459
v 0.250000 -0.080000 -0.033459
v -0.250000 -0.440000 -0.033459
v -0.250000 -0.080000 -0.033459
v -0.350000 -0.340000 -0.033459
v -0.350000 -0.080000 -0.033459
v -0.250000 -0.440000 -0.179088
v -0.350000 -0.080000 -0.179088
v -0.350000 -0.340000 -0.179088
v -0.250000 -0.080000 -0.179088
v 0.250000 -0.440000 -0.179088
v 0.250000 -0.080000 -0.179088
v 0.350000 -0.340000 -0.179088
v 0.350000 -0.080000 -0.179088
v 0.175000 -0.420000 0.010000
v 0.269046 -0.389443 0.010000
v 0.259641 -0.376498 -0.210000
v 0.175000 -0.420000 -0.210000
v 0.080954 -0.389443 0.010000
v 0.090359 -0.376498 -0.210000
v 0.269046 -0.389443 0.010000
v 0.311952 -0.304499 -0.210000
v 0.259641 -0.376498 -0.210000
v 0.327169 -0.309443 0.010000
v 0.311952 -0.215502 -0.210000
v 0.327169 -0.210557 0.010000
v 0.259641 -0.143502 -0.210000
v 0.269046 -0.130557 0.010000
v 0.269046 -0.130557 0.010000
v 0.175000 -0.100000 -0.210000
v 0.259641 -0.143502 -0.210000
v 0.175000 -0.100000 0.010000
v 0.090359 -0.143502 -0.210000
v 0.080954 -0.130557 0.010000
v 0.080954 -0.130557 0.010000
v 0.038048 -0.215502 -0.210000
v 0.090359 -0.143502 -0.210000
v 0.022831 -0.210557 0.010000
v 0.038048 -0.304498 -0.210000
v 0.022831 -0.309443 0.010000
v 0.090359 -0.376498 -0.210000
v 0.080954 -0.389443 0.010000
v 0.175000 -0.420000 -0.210000
v 0.146786 -0.298833 -0.410000
v 0.090359 -0.376498 -0.210000
v 0.175000 -0.308000 -0.410000
v 0.259641 -0.376498 -0.210000
v 0.203214 -0.298833 -0.410000
v -0.175000 -0.420000 0.010000
v -0.080954 -0.389443 0.010000
v -0.090359 -0.376498 -0.210000
v -0.175000 -0.404000 -0.210000
v -0.269046 -0.389443 0.010000
v -0.259641 -0.376498 -0.210000
v -0.080954 -0.389443 0.010000
v -0.038048 -0.304498 -0.210000
v -0.090359 -0.376498 -0.210000
v -0.022831 -0.309443 0.010000
v -0.038048 -0.215502 -0.210000
v -0.022831 -0.210557 0.010000
v -0.090359 -0.143502 -0.210000
v -0.080954 -0.130557 0.010000
v -0.080954 -0.130557 0.010000
v -0.175000 -0.116000 -0.210000
v -0.090359 -0.143502 -0.210000
v -0.175000 -0.100000 0.010000
v -0.259641 -0.143502 -0.210000
v -0.269046 -0.130557 0.010000
v -0.269046 -0.130557 0.010000
v -0.311952 -0.215502 -0.210000
v -0.259641 -0.143502 -0.210000
v -0.327169 -0.210557 0.010000
v -0.311952 -0.304498 -0.210000
v -0.327169 -0.309443 0.010000
v -0.259641 -0.376498 -0.210000
v -0.269046 -0.389443 0.010000
v 0.175000 -0.420000 0.010000
v 0.250237 -0.363554 0.110000
v 0.269046 -0.389443 0.010000
v 0.175000 -0.388000 0.110000
v 0.080954 -0.389443 0.010000
v 0.265284 -0.384265 0.210000
v 0.099763 -0.363554 0.110000
v 0.175000 -0.413600 0.210000
v 0.238199 -0.346986 0.310000
v 0.084716 -0.384265 0.210000
v 0.175000 -0.367520 0.310000
v 0.111801 -0.346986 0.310000
v -0.175000 -0.420000 0.010000
v -0.099764 -0.363554 0.110000
v -0.080954 -0.389443 0.010000
v -0.175000 -0.388000 0.110000
v -0.269046 -0.389443 0.010000
v -0.084716 -0.384265 0.210000
v -0.250237 -0.363554 0.110000
v -0.175000 -0.413600 0.210000
v -0.111801 -0.346985 0.310000
v -0.265284 -0.384265 0.210000
v -0.175000 -0.367520 0.310000
v -0.238199 -0.346985 0.310000
v 0.175000 -0.100000 0.010000
v 0.099763 -0.156446 0.110000
v 0.080954 -0.130557 0.010000
v 0.175000 -0.132000 0.110000
v 0.269046 -0.130557 0.010000
v 0.084716 -0.135735 0.210000
v 0.250237 -0.156446 0.110000
v 0.175000 -0.106400 0.210000
v 0.111801 -0.173015 0.310000
v 0.265284 -0.135735 0.210000
v 0.175000 -0.152480 0.310000
v 0.238199 -0.173015 0.310000
v -0.175000 -0.100000 0.010000
v -0.250237 -0.156446 0.110000
v -0.269046 -0.130557 0.010000
v -0.175000 -0.132000 0.110000
v -0.080954 -0.130557 0.010000
v -0.265284 -0.135735 0.210000
v -0.099764 -0.156446 0.110000
v -0.175000 -0.106400 0.210000
v -0.238199 -0.173014 0.310000
v -0.084716 -0.135735 0.210000
v -0.175000 -0.152480 0.310000
v -0.111801 -0.173014 0.310000
v 0.327169 -0.210557 0.010000
v 0.250237 -0.156446 0.110000
v 0.269046 -0.130557 0.010000
v 0.296735 -0.220446 0.110000
v 0.327169 -0.309443 0.010000
v 0.265284 -0.135735 0.210000
v 0.296735 -0.299554 0.110000
v 0.269046 -0.389443 0.010000
v 0.250237 -0.363554 0.110000
v 0.321082 -0.212535 0.210000
v 0.238199 -0.173015 0.310000
v 0.277258 -0.226775 0.310000
v 0.321082 -0.307465 0.210000
v 0.265284 -0.384265 0.210000
v 0.277258 -0.293226 0.310000
v 0.238199 -0.346986 0.310000
v 0.022831 -0.309443 0.010000
v 0.099763 -0.363554 0.110000
v 0.080954 -0.389443 0.010000
v 0.053265 -0.299554 0.110000
v 0.022831 -0.210557 0.010000
v 0.084716 -0.384265 0.210000
v 0.053265 -0.220446 0.110000
v 0.080954 -0.130557 0.010000
v 0.099763 -0.156446 0.110000
v 0.028918 -0.307465 0.210000
v 0.111801 -0.346986 0.310000
v 0.072742 -0.293225 0.310000
v 0.028918 -0.212535 0.210000
v 0.084716 -0.135735 0.210000
v 0.072742 -0.226774 0.310000
v 0.111801 -0.173015 0.310000
v -0.022831 -0.210557 0.010000
v -0.099764 -0.156446 0.110000
v -0.080954 -0.130557 0.010000
v -0.053265 -0.220446 0.110000
v -0.022831 -0.309443 0.010000
v -0.084716 -0.135735 0.210000
v -0.053265 -0.299554 0.110000
v -0.080954 -0.389443 0.010000
v -0.099764 -0.363554 0.110000
v -0.028918 -0.212535 0.210000
v -0.111801 -0.173014 0.310000
v -0.072742 -0.226774 0.310000
v -0.028918 -0.307465 0.210000
v -0.084716 -0.384265 0.210000
v -0.072742 -0.293225 0.310000
v -0.111801 -0.346985 0.310000
v -0.327169 -0.309443 0.010000
v -0.250237 -0.363554 0.110000
v -0.269046 -0.389443 0.010000
v -0.296735 -0.299554 0.110000
v -0.327169 -0.210557 0.010000
v -0.265284 -0.384265 0.210000
v -0.296735 -0.220446 0.110000
v -0.269046 -0.130557 0.010000
v -0.250237 -0.156446 0.110000
v -0.321082 -0.307465 0.210000
v -0.238199 -0.346985 0.310000
v -0.277258 -0.293225 0.310000
v -0.321082 -0.212535 0.210000
v -0.265284 -0.135735 0.210000
v -0.277258 -0.226774 0.310000
v -0.238199 -0.173014 0.310000
v 0.111801 -0.346986 0.310000
v 0.072742 -0.293225 0.310000
v 0.072742 -0.226774 0.310000
v 0.111801 -0.173015 0.310000
v 0.175000 -0.152480 0.310000
v 0.175000 -0.367520 0.310000
v 0.238199 -0.346986 0.310000
v 0.238199 -0.173015 0.310000
v 0.277258 -0.293226 0.310000
v 0.277258 -0.226775 0.310000
v -0.238199 -0.346985 0.310000
v -0.277258 -0.293225 0.310000
v -0.277258 -0.226774 0.310000
v -0.238199 -0.173014 0.310000
v -0.175000 -0.367520 0.310000
v -0.175000 -0.152480 0.310000
v -0.111801 -0.346985 0.310000
v -0.111801 -0.173014 0.310000
v -0.072742 -0.293225 0.310000
v -0.072742 -0.226774 0.310000
v 0.090359 -0.376498 -0.210000
v 0.146786 -0.298833 -0.410000
v 0.129349 -0.274833 -0.410000
v 0.038048 -0.304498 -0.210000
v 0.129349 -0.245167 -0.410000
v 0.038048 -0.215502 -0.210000
v 0.146786 -0.221167 -0.410000
v 0.090359 -0.143502 -0.210000
v 0.090359 -0.143502 -0.210000
v 0.146786 -0.221167 -0.410000
v 0.175000 -0.212000 -0.410000
v 0.175000 -0.100000 -0.210000
v 0.203214 -0.221167 -0.410000
v 0.259641 -0.143502 -0.210000
v 0.259641 -0.143502 -0.210000
v 0.203214 -0.221167 -0.410000
v 0.220651 -0.245167 -0.410000
v 0.311952 -0.215502 -0.210000
v 0.220651 -0.274833 -0.410000
v 0.311952 -0.304499 -0.210000
v 0.203214 -0.298833 -0.410000
v 0.259641 -0.376498 -0.210000
v -0.311952 -0.215502 -0.210000
v -0.203214 -0.221167 -0.410000
v -0.259641 -0.143502 -0.210000
v -0.220651 -0.245167 -0.410000
v -0.311952 -0.304498 -0.210000
v -0.220651 -0.274833 -0.410000
v -0.259641 -0.376498 -0.210000
v -0.203214 -0.298833 -0.410000
v -0.259641 -0.143502 -0.210000
v -0.203214 -0.221167 -0.410000
v -0.175000 -0.212000 -0.410000
v -0.175000 -0.116000 -0.210000
v -0.146786 -0.221167 -0.410000
v -0.090359 -0.143502 -0.210000
v -0.090359 -0.143502 -0.210000
v -0.146786 -0.221167 -0.410000
v -0.129349 -0.245167 -0.410000
v -0.038048 -0.215502 -0.210000
v -0.129349 -0.274833 -0.410000
v -0.038048 -0.304498 -0.210000
v -0.146786 -0.298833 -0.410000
v -0.090359 -0.376498 -0.210000
v -0.090359 -0.376498 -0.210000
v -0.146786 -0.298833 -0.410000
v -0.175000 -0.308000 -0.410000
v -0.175000 -0.404000 -0.210000
v -0.203214 -0.298833 -0.410000
v -0.259641 -0.376498 -0.210000
v 0.115654 -0.240717 -0.490000
v 0.115654 -0.279283 -0.490000
v 0.138322 -0.310483 -0.490000
v 0.138322 -0.209517 -0.490000
v 0.175000 -0.197600 -0.490000
v 0.175000 -0.322400 -0.490000
v 0.211678 -0.310483 -0.490000
v 0.211678 -0.209517 -0.490000
v 0.234346 -0.240717 -0.490000
v 0.234346 -0.279283 -0.490000
v 0.175000 -0.197600 -0.410000
v 0.211678 -0.209517 -0.490000
v 0.211678 -0.209517 -0.410000
v 0.175000 -0.197600 -0.490000
v 0.138322 -0.209517 -0.410000
v 0.138322 -0.209517 -0.490000
v 0.234346 -0.279283 -0.410000
v 0.211678 -0.310483 -0.490000
v 0.211678 -0.310483 -0.410000
v 0.234346 -0.279283 -0.490000
v 0.234346 -0.240717 -0.410000
v 0.234346 -0.240717 -0.490000
v 0.211678 -0.209517 -0.410000
v 0.211678 -0.209517 -0.490000
v 0.138322 -0.310483 -0.410000
v 0.138322 -0.310483 -0.490000
v 0.115654 -0.279283 -0.490000
v 0.115654 -0.279283 -0.410000
v 0.115654 -0.240717 -0.490000
v 0.115654 -0.240717 -0.410000
v 0.138322 -0.209517 -0.490000
v 0.138322 -0.209517 -0.410000
v 0.175000 -0.322400 -0.410000
v 0.138322 -0.310483 -0.490000
v 0.138322 -0.310483 -0.410000
v 0.175000 -0.322400 -0.490000
v 0.211678 -0.310483 -0.410000
v 0.211678 -0.310483 -0.490000
v -0.115654 -0.279283 -0.410000
v -0.138322 -0.310483 -0.490000
v -0.138322 -0.310483 -0.410000
v -0.115654 -0.279283 -0.490000
v -0.115654 -0.240717 -0.410000
v -0.115654 -0.240717 -0.490000
v -0.138322 -0.209517 -0.410000
v -0.138322 -0.209517 -0.490000
v -0.211678 -0.209517 -0.490000
v -0.234346 -0.240717 -0.490000
v -0.234346 -0.279283 -0.490000
v -0.211678 -0.310483 -0.490000
v -0.175000 -0.197600 -0.490000
v -0.175000 -0.322400 -0.490000
v -0.138322 -0.310483 -0.490000
v -0.138322 -0.209517 -0.490000
v -0.115654 -0.279283 -0.490000
v -0.115654 -0.240717 -0.490000
v -0.211678 -0.310483 -0.410000
v -0.211678 -0.310483 -0.490000
v -0.234346 -0.279283 -0.490000
v -0.234346 -0.279283 -0.410000
v -0.234346 -0.240717 -0.490000
v -0.234346 -0.240717 -0.410000
v -0.211678 -0.209517 -0.490000
v -0.211678 -0.209517 -0.410000
v -0.211678 -0.209517 -0.410000
v -0.211678 -0.209517 -0.490000
v -0.175000 -0.197600 -0.490000
v -0.175000 -0.197600 -0.410000
v -0.138322 -0.209517 -0.490000
v -0.138322 -0.209517 -0.410000
v -0.175000 -0.322400 -0.410000
v -0.211678 -0.310483 -0.490000
v -0.211678 -0.310483 -0.410000
v -0.175000 -0.322400 -0.490000
v -0.138322 -0.310483 -0.410000
v -0.138322 -0.310483 -0.490000
v 0.175000 -0.320000 0.360000
v 0.235622 -0.285000 0.360000
v 0.192320 -0.260000 0.250000
v 0.175000 -0.270000 0.250000
v 0.235622 -0.285000 0.360000
v 0.235622 -0.215000 0.360000
v 0.192320 -0.240000 0.250000
v 0.192320 -0.260000 0.250000
v 0.235622 -0.215000 0.360000
v 0.175000 -0.180000 0.360000
v 0.175000 -0.230000 0.250000
v 0.192320 -0.240000 0.250000
v 0.175000 -0.180000 0.360000
v 0.114378 -0.215000 0.360000
v 0.157679 -0.240000 0.250000
v 0.175000 -0.230000 0.250000
v -0.175000 -0.320000 0.360000
v -0.114378 -0.285000 0.360000
v -0.157680 -0.260000 0.250000
v -0.175000 -0.270000 0.250000
v 0.114378 -0.215000 0.360000
v 0.114378 -0.285000 0.360000
v 0.157679 -0.260000 0.250000
v 0.157679 -0.240000 0.250000
v 0.114378 -0.285000 0.360000
v 0.175000 -0.320000 0.360000
v 0.175000 -0.270000 0.250000
v 0.157679 -0.260000 0.250000
v 0.175000 -0.320000 0.360000
v 0.114378 -0.285000 0.360000
v 0.114378 -0.215000 0.360000
v 0.175000 -0.180000 0.360000
v 0.235622 -0.285000 0.360000
v 0.235622 -0.215000 0.360000
v -0.114378 -0.285000 0.360000
v -0.114378 -0.215000 0.360000
v -0.157680 -0.240000 0.250000
v -0.157680 -0.260000 0.250000
v -0.114378 -0.215000 0.360000
v -0.175000 -0.180000 0.360000
v -0.175000 -0.230000 0.250000
v -0.157680 -0.240000 0.250000
v -0.175000 -0.180000 0.360000
v -0.235622 -0.215000 0.360000
v -0.192321 -0.240000 0.250000
v -0.175000 -0.230000 0.250000
v -0.235622 -0.215000 0.360000
v -0.235622 -0.285000 0.360000
v -0.192321 -0.260000 0.250000
v -0.192321 -0.240000 0.250000
v -0.235622 -0.285000 0.360000
v -0.175000 -0.320000 0.360000
v -0.175000 -0.270000 0.250000
v -0.192321 -0.260000 0.250000
v -0.175000 -0.320000 0.360000
v -0.235622 -0.285000 0.360000
v -0.235622 -0.215000 0.360000
v -0.175000 -0.180000 0.360000
v -0.114378 -0.285000 0.360000
v -0.114378 -0.215000 0.360000
v -0.129349 -0.245167 -0.410000
v -0.115654 -0.240717 -0.410000
v -0.115654 -0.279283 -0.410000
v -0.129349 -0.274833 -0.410000
v -0.146786 -0.221167 -0.410000
v -0.138322 -0.310483 -0.410000
v -0.138322 -0.209517 -0.410000
v -0.146786 -0.298833 -0.410000
v -0.175000 -0.212000 -0.410000
v -0.175000 -0.322400 -0.410000
v -0.175000 -0.197600 -0.410000
v -0.175000 -0.308000 -0.410000
v -0.203214 -0.221167 -0.410000
v -0.211678 -0.310483 -0.410000
v -0.211678 -0.209517 -0.410000
v -0.203214 -0.298833 -0.410000
v -0.220651 -0.245167 -0.410000
v -0.234346 -0.279283 -0.410000
v -0.234346 -0.240717 -0.410000
v -0.220651 -0.274833 -0.410000
v 0.146786 -0.221167 -0.410000
v 0.138322 -0.209517 -0.410000
v 0.175000 -0.197600 -0.410000
v 0.175000 -0.212000 -0.410000
v 0.129349 -0.245167 -0.410000
v 0.211678 -0.209517 -0.410000
v 0.115654 -0.240717 -0.410000
v 0.203214 -0.221167 -0.410000
v 0.129349 -0.274833 -0.410000
v 0.234346 -0.240717 -0.410000
v 0.115654 -0.279283 -0.410000
v 0.220651 -0.245167 -0.410000
v 0.146786 -0.298833 -0.410000
v 0.234346 -0.279283 -0.410000
v 0.138322 -0.310483 -0.410000
v 0.220651 -0.274833 -0.410000
v 0.175000 -0.308000 -0.410000
v 0.211678 -0.310483 -0.410000
v 0.175000 -0.322400 -0.410000
v 0.203214 -0.298833 -0.410000
vt 0.739970863 0.76343447
vt 0.739380836 0.76343447
vt 0.739380836 0.764295995
vt 0.739970863 0.764295995
vt 0.729378939 0.768991828
vt 0.729373574 0.769601107
vt 0.73036778 0.769275188
vt 0.730229437 0.768682897
vt 0.730953038 0.767935455
vt 0.731482267 0.768204272
vt 0.731234074 0.766672075
vt 0.731823087 0.766703367
vt 0.73104012 0.765369892
vt 0.73160553 0.765196681
vt 0.730374157 0.76452142
vt 0.73053515 0.763935268
vt 0.72941339 0.764221191
vt 0.729373574 0.763613284
vt 0.749691606 0.764583826
vt 0.750281572 0.764583826
vt 0.750281572 0.763544083
vt 0.749691606 0.763544083
vt 0.749691606 0.762349367
vt 0.750281572 0.762349367
vt 0.729373455 0.769601107
vt 0.7293787 0.770210385
vt 0.730229378 0.770519316
vt 0.730367661 0.769927025
vt 0.731482267 0.770997882
vt 0.730952978 0.771266699
vt 0.731823087 0.772498846
vt 0.731234074 0.772530079
vt 0.73160553 0.774005532
vt 0.731040061 0.773832321
vt 0.73053509 0.775266945
vt 0.730374098 0.774680793
vt 0.729373455 0.77558893
vt 0.729413271 0.774981022
vt 0.745283008 0.771338642
vt 0.745873094 0.772845745
vt 0.745873094 0.771338642
vt 0.745283008 0.772845745
vt 0.745873094 0.77434808
vt 0.745283008 0.77434808
vt 0.745873094 0.775589347
vt 0.745283008 0.775589347
vt 0.744971633 0.775589347
vt 0.744381666 0.774833918
vt 0.744381666 0.775589347
vt 0.744971633 0.774833918
vt 0.744381666 0.773567438
vt 0.744971633 0.773567438
vt 0.744381666 0.772267461
vt 0.744971633 0.772267461
vt 0.744381666 0.771426499
vt 0.744971633 0.771426499
vt 0.741150856 0.764295995
vt 0.741150856 0.763080835
vt 0.74056083 0.763080835
vt 0.74056083 0.764295995
vt 0.739970863 0.763316631
vt 0.739970863 0.764295995
vt 0.74056083 0.764295995
vt 0.74056083 0.763316631
vt 0.661511779 0.714090943
vt 0.661511779 0.718051314
vt 0.663657784 0.718051314
vt 0.663657784 0.714090943
vt 0.661510706 0.737853289
vt 0.661468029 0.739376485
vt 0.663615108 0.739376485
vt 0.663657784 0.737853289
vt 0.661510706 0.730237126
vt 0.663657784 0.730237126
vt 0.661468029 0.72871393
vt 0.663615108 0.72871393
vt 0.676362514 0.717708826
vt 0.676362514 0.713748395
vt 0.674217224 0.713748395
vt 0.674217224 0.717708826
vt 0.663657784 0.719574571
vt 0.663657784 0.718051314
vt 0.661510587 0.718051314
vt 0.661510587 0.719574571
vt 0.663657784 0.727190673
vt 0.661510587 0.727190673
vt 0.663657784 0.72871393
vt 0.661510587 0.72871393
vt 0.684689045 0.737853289
vt 0.679379106 0.739376485
vt 0.683214068 0.739376485
vt 0.679379106 0.737853289
vt 0.684689045 0.730237186
vt 0.679379106 0.730237186
vt 0.683214068 0.72871393
vt 0.679379106 0.72871393
vt 0.674069166 0.730237544
vt 0.679379106 0.728714347
vt 0.675544143 0.728714347
vt 0.679379106 0.730237544
vt 0.674069166 0.737853348
vt 0.679379106 0.737853348
vt 0.675544143 0.739376485
vt 0.679379106 0.739376485
vt 0.719556928 0.292333454
vt 0.718169808 0.292319983
vt 0.718308568 0.295663983
vt 0.719556928 0.295683175
vt 0.720944166 0.292319983
vt 0.720805407 0.295663983
vt 0.713307142 0.305118829
vt 0.714560032 0.30180487
vt 0.713497996 0.301764816
vt 0.714487076 0.305163354
vt 0.715872705 0.30180487
vt 0.715945601 0.305163354
vt 0.716934681 0.301764816
vt 0.717125654 0.305118829
vt 0.713307142 0.303327233
vt 0.711919904 0.30668965
vt 0.713168383 0.306671828
vt 0.711919904 0.303339809
vt 0.710671544 0.306671828
vt 0.710532784 0.303327233
vt 0.722435594 0.294456035
vt 0.723688483 0.291136116
vt 0.722626448 0.291101903
vt 0.723615527 0.294494063
vt 0.725001097 0.291136116
vt 0.725074053 0.294494063
vt 0.726063132 0.291101903
vt 0.726254106 0.294456035
vt 0.313307017 0.662870646
vt 0.313723177 0.665862381
vt 0.314555496 0.662851453
vt 0.313307017 0.665866435
vt 0.312058598 0.662851453
vt 0.312890917 0.665862381
vt 0.716782689 0.292333454
vt 0.71539551 0.292319983
vt 0.71553421 0.295663983
vt 0.716782689 0.295676142
vt 0.718169808 0.292319983
vt 0.718031108 0.295663983
vt 0.717125654 0.305118829
vt 0.718378544 0.30180487
vt 0.717316508 0.301764816
vt 0.718305588 0.305163354
vt 0.719691277 0.30180487
vt 0.719764113 0.305163354
vt 0.720753193 0.301764816
vt 0.720944166 0.305118829
vt 0.713307142 0.292380005
vt 0.711919904 0.295735866
vt 0.713168383 0.295724601
vt 0.711919904 0.292392582
vt 0.710671544 0.295724601
vt 0.710532784 0.292380005
vt 0.727745533 0.294455618
vt 0.728998423 0.291135699
vt 0.727936387 0.291101485
vt 0.728925467 0.294493645
vt 0.730311036 0.291135699
vt 0.730383992 0.294493645
vt 0.731373072 0.291101485
vt 0.731564045 0.294455618
vt 0.313307017 0.659520924
vt 0.312197298 0.657973468
vt 0.311919868 0.659507453
vt 0.313307017 0.657984257
vt 0.314694196 0.659507453
vt 0.31197536 0.656460047
vt 0.314416736 0.657973468
vt 0.313307017 0.656472981
vt 0.31237486 0.654920995
vt 0.314638704 0.656460047
vt 0.313307017 0.654930055
vt 0.314239174 0.654920995
vt 0.310532719 0.659520924
vt 0.309423 0.657973468
vt 0.30914557 0.659507453
vt 0.310532719 0.657984257
vt 0.311919868 0.659507453
vt 0.309201062 0.656460047
vt 0.311642438 0.657973468
vt 0.310532719 0.656472981
vt 0.309600562 0.654920995
vt 0.311864406 0.656460047
vt 0.310532719 0.654930055
vt 0.311464876 0.654920995
vt 0.305669993 0.670527279
vt 0.304560274 0.668981433
vt 0.304282844 0.670514703
vt 0.305669993 0.668991446
vt 0.307057172 0.670514703
vt 0.304338336 0.667467237
vt 0.306779742 0.668981433
vt 0.305669993 0.667479277
vt 0.304737836 0.665929258
vt 0.30700168 0.667467237
vt 0.305669993 0.665937722
vt 0.30660218 0.665929258
vt 0.305669993 0.659580052
vt 0.304560274 0.658034205
vt 0.304282844 0.659567475
vt 0.305669993 0.658044219
vt 0.307057172 0.659567475
vt 0.304338336 0.656520009
vt 0.306779742 0.658034205
vt 0.305669993 0.656532049
vt 0.304737836 0.65498203
vt 0.30700168 0.656520009
vt 0.305669993 0.654990435
vt 0.30660218 0.65498203
vt 0.309695691 0.672350824
vt 0.310493827 0.673813224
vt 0.310875684 0.672306299
vt 0.309549838 0.673848808
vt 0.308237135 0.672350824
vt 0.310799301 0.675346017
vt 0.308382988 0.673848808
vt 0.307057172 0.672306299
vt 0.307438999 0.673813224
vt 0.309666514 0.675388753
vt 0.310249448 0.676846564
vt 0.309456497 0.676876485
vt 0.308266312 0.675388753
vt 0.307133526 0.675346017
vt 0.308476359 0.676876485
vt 0.307683408 0.676846564
vt 0.318824142 0.661681533
vt 0.319622248 0.663153052
vt 0.320004135 0.661643505
vt 0.31867829 0.663183451
vt 0.317365617 0.661681533
vt 0.319927782 0.664684713
vt 0.317511469 0.663183451
vt 0.316185623 0.661643505
vt 0.316567451 0.663153052
vt 0.318794996 0.664721191
vt 0.319377869 0.666188836
vt 0.318584949 0.666214347
vt 0.317394763 0.664721191
vt 0.316261977 0.664684713
vt 0.31760481 0.666214347
vt 0.31681183 0.666188836
vt 0.313514203 0.672350824
vt 0.314312369 0.673813224
vt 0.314694196 0.672306299
vt 0.31336835 0.673848808
vt 0.312055647 0.672350824
vt 0.314617842 0.675346017
vt 0.31220153 0.673848808
vt 0.310875684 0.672306299
vt 0.311257541 0.673813224
vt 0.313485056 0.675388753
vt 0.31406793 0.676846564
vt 0.313275009 0.676876485
vt 0.312084824 0.675388753
vt 0.310952038 0.675346017
vt 0.312294871 0.676876485
vt 0.31150192 0.676846564
vt 0.324134082 0.661681116
vt 0.324932188 0.663152635
vt 0.325314075 0.661643088
vt 0.323988229 0.663183033
vt 0.322675556 0.661681116
vt 0.325237721 0.664684296
vt 0.322821409 0.663183033
vt 0.321495563 0.661643088
vt 0.32187739 0.663152635
vt 0.324104935 0.664720774
vt 0.324687809 0.666188419
vt 0.323894888 0.66621393
vt 0.322704703 0.664720774
vt 0.321571916 0.664684296
vt 0.322914749 0.66621393
vt 0.322121769 0.666188419
vt 0.323805779 0.655208409
vt 0.324737936 0.654895604
vt 0.325314075 0.654076695
vt 0.325314075 0.653064489
vt 0.324737936 0.652245641
vt 0.322873622 0.654895604
vt 0.322297484 0.654076695
vt 0.323805779 0.651932836
vt 0.322297484 0.653064549
vt 0.322873622 0.652245641
vt 0.320004135 0.654077113
vt 0.320004135 0.653064966
vt 0.319427997 0.652246058
vt 0.31849584 0.651933253
vt 0.319427997 0.654896021
vt 0.317563683 0.652246058
vt 0.31849584 0.655208826
vt 0.316987544 0.653064907
vt 0.317563683 0.654896021
vt 0.316987544 0.654077113
vt 0.319813222 0.658289373
vt 0.31866762 0.655208826
vt 0.318313628 0.655220211
vt 0.318751186 0.658323586
vt 0.317876071 0.655220211
vt 0.317438513 0.658323586
vt 0.317522079 0.655208826
vt 0.316376537 0.658289373
vt 0.304421574 0.673859298
vt 0.305253863 0.67687273
vt 0.305669993 0.676876485
vt 0.305669993 0.67387712
vt 0.306086153 0.67687273
vt 0.306918442 0.673859298
vt 0.310684741 0.668952286
vt 0.309539199 0.665866435
vt 0.309185207 0.665879786
vt 0.309622765 0.668992341
vt 0.308747649 0.665879786
vt 0.308310062 0.668992341
vt 0.308393657 0.665866435
vt 0.307248086 0.668952286
vt 0.322748452 0.658323169
vt 0.322832018 0.655208409
vt 0.321686476 0.658288956
vt 0.32318601 0.655219793
vt 0.324061126 0.658323169
vt 0.323623568 0.655219793
vt 0.325123161 0.658288956
vt 0.32397756 0.655208409
vt 0.304421574 0.662912071
vt 0.305253863 0.665925503
vt 0.305669993 0.665929258
vt 0.305669993 0.662923336
vt 0.306086153 0.665925503
vt 0.306918442 0.662912071
vt 0.314503282 0.668952286
vt 0.313357741 0.665866435
vt 0.313003689 0.665879786
vt 0.313441306 0.668992341
vt 0.312566131 0.665879786
vt 0.312128603 0.668992341
vt 0.312212169 0.665866435
vt 0.311066598 0.668952286
vt 0.30928427 0.662851453
vt 0.310116589 0.665862381
vt 0.310532719 0.665866435
vt 0.310532719 0.662863612
vt 0.310948879 0.665862381
vt 0.311781168 0.662851453
vt 0.73883301 0.360267669
vt 0.73883301 0.359680265
vt 0.738498688 0.359204978
vt 0.738498688 0.360742956
vt 0.737957716 0.360924453
vt 0.737957716 0.359023482
vt 0.737416744 0.359204978
vt 0.737416744 0.360742956
vt 0.737082362 0.360267669
vt 0.737082362 0.359680265
vt 0.734587669 0.35688892
vt 0.735128641 0.358102173
vt 0.735128641 0.356884032
vt 0.734587669 0.35810706
vt 0.734046698 0.356884032
vt 0.734046698 0.358102173
vt 0.749987721 0.368276268
vt 0.751183033 0.36780104
vt 0.75000453 0.36780104
vt 0.751166224 0.368276268
vt 0.749987721 0.368863732
vt 0.751166224 0.368863732
vt 0.75000453 0.369338959
vt 0.751183033 0.369338959
vt 0.750004053 0.366263121
vt 0.751183033 0.366263121
vt 0.751168609 0.365787834
vt 0.749989748 0.365787834
vt 0.751168609 0.36520043
vt 0.749989748 0.36520043
vt 0.751183033 0.364725143
vt 0.750004053 0.364725143
vt 0.750641942 0.360098153
vt 0.751183033 0.361310989
vt 0.751183033 0.360092908
vt 0.750641942 0.361316234
vt 0.75010097 0.360092908
vt 0.75010097 0.361310989
vt 0.749987721 0.366738349
vt 0.751183033 0.366263121
vt 0.75000453 0.366263121
vt 0.751166224 0.366738349
vt 0.749987721 0.367325813
vt 0.751166224 0.367325813
vt 0.75000453 0.36780104
vt 0.751183033 0.36780104
vt 0.737416685 0.358841985
vt 0.737957656 0.359023482
vt 0.738498688 0.358841926
vt 0.73883301 0.358366698
vt 0.737082362 0.358366758
vt 0.73883301 0.357779294
vt 0.738498688 0.357304066
vt 0.737082362 0.357779354
vt 0.737957656 0.35712257
vt 0.737416685 0.357304126
vt 0.745858669 0.363550752
vt 0.744679809 0.363550752
vt 0.744694114 0.36402598
vt 0.745873094 0.36402604
vt 0.744694114 0.364613444
vt 0.745873094 0.364613444
vt 0.744679809 0.365088671
vt 0.745858669 0.365088671
vt 0.75010097 0.35886988
vt 0.75010097 0.360088021
vt 0.750641942 0.360092908
vt 0.750641942 0.358874768
vt 0.751183033 0.360088021
vt 0.751183033 0.35886988
vt 0.745171309 0.358923763
vt 0.74571228 0.360136598
vt 0.74571228 0.358918518
vt 0.745171309 0.360141844
vt 0.744630337 0.358918518
vt 0.744630337 0.360136598
vt 0.711531162 0.7555601
vt 0.711516261 0.756483495
vt 0.713127375 0.75582391
vt 0.713131666 0.7555601
vt 0.719933033 0.761456072
vt 0.718900561 0.761456072
vt 0.719269276 0.763162613
vt 0.719564199 0.763162613
vt 0.703878641 0.75469774
vt 0.703892589 0.755621135
vt 0.705494642 0.755621135
vt 0.705490589 0.755357325
vt 0.703892589 0.755621135
vt 0.703878641 0.75654453
vt 0.705490589 0.755884945
vt 0.705494642 0.755621135
vt 0.709915757 0.7555601
vt 0.709900856 0.756483495
vt 0.71151197 0.75582391
vt 0.711516261 0.7555601
vt 0.71446228 0.758579314
vt 0.713429809 0.758579314
vt 0.713798523 0.760281622
vt 0.714093566 0.760281622
vt 0.711516261 0.754636705
vt 0.711531162 0.7555601
vt 0.713131666 0.7555601
vt 0.713127375 0.75529623
vt 0.70758301 0.764763296
vt 0.70758301 0.763697028
vt 0.706688881 0.763163924
vt 0.705794692 0.763697028
vt 0.706688881 0.7652964
vt 0.705794692 0.764763296
vt 0.71446228 0.760281622
vt 0.713429809 0.760281622
vt 0.713798523 0.761988223
vt 0.714093566 0.761988223
vt 0.719119072 0.754924059
vt 0.7191329 0.755847454
vt 0.720734954 0.755847454
vt 0.72073102 0.755583644
vt 0.7191329 0.755847454
vt 0.719119072 0.756770909
vt 0.72073102 0.756111324
vt 0.720734954 0.755847454
vt 0.719933033 0.759753704
vt 0.718900561 0.759753704
vt 0.719269276 0.761456072
vt 0.719564199 0.761456072
vt 0.709900856 0.754636705
vt 0.709915757 0.7555601
vt 0.711516261 0.7555601
vt 0.71151197 0.75529623
vt 0.70758301 0.766895831
vt 0.70758301 0.765829563
vt 0.706688881 0.7652964
vt 0.705794692 0.765829563
vt 0.706688881 0.767428935
vt 0.705794692 0.766895831
vt 0.737284303 0.361649007
vt 0.737082362 0.361581236
vt 0.737082362 0.3621687
vt 0.737284303 0.362100869
vt 0.737541556 0.361283451
vt 0.737416685 0.362643927
vt 0.737416685 0.361106008
vt 0.737541556 0.362466484
vt 0.737957656 0.361143798
vt 0.737957656 0.362825423
vt 0.737957656 0.360924453
vt 0.737957656 0.362606078
vt 0.738373816 0.361283451
vt 0.738498688 0.362643927
vt 0.738498688 0.361106008
vt 0.738373816 0.362466484
vt 0.73863101 0.361649007
vt 0.73883301 0.3621687
vt 0.73883301 0.361581236
vt 0.73863101 0.362100869
vt 0.738373816 0.363184422
vt 0.738498688 0.363006979
vt 0.737957656 0.362825423
vt 0.737957656 0.363044769
vt 0.73863101 0.363549978
vt 0.737416685 0.363006979
vt 0.73883301 0.363482207
vt 0.737541556 0.363184422
vt 0.73863101 0.3640019
vt 0.737082362 0.363482207
vt 0.73883301 0.36406967
vt 0.737284303 0.363549978
vt 0.738373816 0.364367455
vt 0.737082362 0.36406967
vt 0.738498688 0.364544898
vt 0.737284303 0.3640019
vt 0.737957656 0.364507109
vt 0.737416685 0.364544898
vt 0.737957656 0.364726454
vt 0.737541556 0.364367455
vn -0.940387 0.000000 0.340107
vn -0.940387 0.000000 0.340107
vn -0.833705 0.000000 0.552211
vn -0.833705 0.000000 0.552211
vn -0.000000 -1.000000 0.000000
vn -0.000000 -1.000000 0.000000
vn -0.000000 -1.000000 0.000000
vn -0.000000 -1.000000 0.000000
vn -0.000000 -1.000000 0.000000
vn -0.000000 -1.000000 0.000000
vn -0.000000 -1.000000 0.000000
vn -0.000000 -1.000000 0.000000
vn -0.000000 -1.000000 0.000000
vn -0.000000 -1.000000 0.000000
vn -0.000000 -1.000000 0.000000
vn -0.000000 -1.000000 0.000000
vn -0.000000 -1.000000 0.000000
vn -0.000000 -1.000000 0.000000
vn 0.950418 -0.000000 -0.310976
vn 0.950418 -0.000000 -0.310976
vn 0.836956 -0.000000 -0.547270
vn 0.836956 -0.000000 -0.547270
vn 0.496932 -0.000000 -0.867789
vn 0.496932 -0.000000 -0.867789
vn -0.000000 1.000000 -0.000000
vn -0.000000 1.000000 -0.000000
vn -0.000000 1.000000 -0.000000
vn -0.000000 1.000000 -0.000000
vn -0.000000 1.000000 -0.000000
vn -0.000000 1.000000 -0.000000
vn -0.000000 1.000000 -0.000000
vn -0.000000 1.000000 -0.000000
vn -0.000000 1.000000 -0.000000
vn -0.000000 1.000000 -0.000000
vn -0.000000 1.000000 -0.000000
vn -0.000000 1.000000 -0.000000
vn -0.000000 1.000000 -0.000000
vn -0.000000 1.000000 -0.000000
vn 0.496932 -0.000000 -0.867789
vn 0.033331 -0.000000 -0.999444
vn 0.496932 -0.000000 -0.867789
vn 0.033331 -0.000000 -0.999444
vn -0.441303 -0.000000 -0.897358
vn -0.441304 -0.000000 -0.897358
vn -0.829403 -0.000000 -0.558651
vn -0.829403 -0.000000 -0.558650
vn -0.833705 0.000000 0.552211
vn -0.450690 0.000000 0.892680
vn -0.833705 0.000000 0.552211
vn -0.450690 0.000000 0.892680
vn -0.026073 0.000000 0.999660
vn -0.026073 0.000000 0.999660
vn 0.390073 0.000000 0.920784
vn 0.390073 0.000000 0.920784
vn 0.830606 0.000000 0.556861
vn 0.830606 0.000000 0.556861
vn -0.829403 -0.000000 -0.558650
vn -0.968128 -0.000000 -0.250456
vn -0.968128 -0.000000 -0.250456
vn -0.829403 -0.000000 -0.558651
vn 0.830606 0.000000 0.556861
vn 0.959735 0.000000 0.280906
vn 0.959735 0.000000 0.280906
vn 0.830606 0.000000 0.556861
vn -1.000000 0.000000 -0.000000
vn -0.963518 -0.267644 0.000000
vn -0.963518 -0.267644 0.000000
vn -1.000000 0.000000 -0.000000
vn 0.164399 -0.986394 0.000000
vn 0.963518 -0.267644 0.000000
vn 0.963518 -0.267644 0.000000
vn 0.164399 -0.986394 0.000000
vn -0.164399 -0.986394 0.000000
vn -0.164399 -0.986394 0.000000
vn -0.963518 -0.267644 0.000000
vn -0.963518 -0.267644 0.000000
vn 0.963518 -0.267644 0.000000
vn 1.000000 0.000000 -0.000000
vn 1.000000 0.000000 -0.000000
vn 0.963518 -0.267644 0.000000
vn -0.000000 1.000000 -0.000000
vn -0.000000 1.000000 -0.000000
vn -0.000000 1.000000 -0.000000
vn -0.000000 1.000000 -0.000000
vn -0.000000 1.000000 -0.000000
vn -0.000000 1.000000 -0.000000
vn -0.000000 1.000000 -0.000000
vn -0.000000 1.000000 -0.000000
vn -0.000000 0.000000 1.000000
vn -0.000000 0.000000 1.000000
vn -0.000000 0.000000 1.000000
vn -0.000000 0.000000 1.000000
vn -0.000000 0.000000 1.000000
vn -0.000000 0.000000 1.000000
vn -0.000000 0.000000 1.000000
vn -0.000000 0.000000 1.000000
vn -0.000000 -0.000000 -1.000000
vn -0.000000 -0.000000 -1.000000
vn -0.000000 -0.000000 -1.000000
vn -0.000000 -0.000000 -1.000000
vn -0.000000 -0.000000 -1.000000
vn -0.000000 -0.000000 -1.000000
vn -0.000000 -0.000000 -1.000000
vn -0.000000 -0.000000 -1.000000
vn -0.000000 -0.997897 0.064819
vn 0.607139 -0.792844 0.052729
vn 0.607410 -0.768139 -0.202522
vn -0.000000 -0.979880 -0.199588
vn -0.607139 -0.792844 0.052729
vn -0.607410 -0.768139 -0.202522
vn 0.607139 -0.792844 0.052729
vn 0.930443 -0.302319 -0.207072
vn 0.607410 -0.768139 -0.202522
vn 0.950235 -0.308750 0.041557
vn 0.930443 0.302319 -0.207072
vn 0.950235 0.308750 0.041557
vn 0.607410 0.768139 -0.202522
vn 0.607139 0.792844 0.052729
vn 0.607139 0.792844 0.052729
vn -0.000000 0.979880 -0.199588
vn 0.607410 0.768139 -0.202522
vn -0.000000 0.997897 0.064819
vn -0.607410 0.768139 -0.202522
vn -0.607139 0.792844 0.052729
vn -0.607139 0.792844 0.052729
vn -0.930443 0.302319 -0.207072
vn -0.607410 0.768139 -0.202522
vn -0.950235 0.308750 0.041557
vn -0.930443 -0.302319 -0.207072
vn -0.950235 -0.308750 0.041557
vn -0.607410 -0.768139 -0.202522
vn -0.607139 -0.792844 0.052729
vn -0.000000 -0.979880 -0.199588
vn -0.567219 -0.696689 -0.439189
vn -0.607410 -0.768139 -0.202522
vn -0.000000 -0.879905 -0.475149
vn 0.607410 -0.768139 -0.202522
vn 0.567219 -0.696689 -0.439189
vn -0.000000 -0.999136 0.041557
vn 0.587277 -0.808318 0.041557
vn 0.575045 -0.791482 -0.207072
vn -0.000000 -0.978326 -0.207072
vn -0.587278 -0.808318 0.041557
vn -0.575045 -0.791482 -0.207072
vn 0.587277 -0.808318 0.041557
vn 0.930443 -0.302319 -0.207072
vn 0.575045 -0.791482 -0.207072
vn 0.950235 -0.308750 0.041557
vn 0.930443 0.302319 -0.207072
vn 0.950235 0.308750 0.041557
vn 0.575046 0.791482 -0.207072
vn 0.587278 0.808318 0.041557
vn 0.587278 0.808318 0.041557
vn -0.000000 0.978326 -0.207072
vn 0.575046 0.791482 -0.207072
vn -0.000000 0.999136 0.041557
vn -0.575045 0.791482 -0.207072
vn -0.587277 0.808318 0.041557
vn -0.587277 0.808318 0.041557
vn -0.930443 0.302319 -0.207072
vn -0.575045 0.791482 -0.207072
vn -0.950235 0.308750 0.041557
vn -0.930443 -0.302319 -0.207072
vn -0.950235 -0.308750 0.041557
vn -0.575045 -0.791482 -0.207072
vn -0.587278 -0.808318 0.041557
vn -0.000000 -0.997897 0.064819
vn 0.587388 -0.808471 0.036742
vn 0.607139 -0.792844 0.052729
vn -0.000000 -0.999325 0.036742
vn -0.607139 -0.792844 0.052729
vn 0.585799 -0.806283 0.082142
vn -0.587388 -0.808471 0.036742
vn -0.000000 -0.996621 0.082142
vn 0.533835 -0.734761 0.418505
vn -0.585799 -0.806283 0.082142
vn -0.000000 -0.908214 0.418505
vn -0.533835 -0.734761 0.418505
vn -0.000000 -0.999136 0.041557
vn 0.587388 -0.808471 0.036742
vn 0.587277 -0.808318 0.041557
vn -0.000000 -0.999325 0.036742
vn -0.587278 -0.808318 0.041557
vn 0.585799 -0.806283 0.082142
vn -0.587388 -0.808471 0.036742
vn -0.000000 -0.996621 0.082142
vn 0.533835 -0.734761 0.418505
vn -0.585799 -0.806283 0.082142
vn -0.000000 -0.908214 0.418505
vn -0.533835 -0.734761 0.418505
vn -0.000000 0.997897 0.064819
vn -0.587388 0.808471 0.036742
vn -0.607139 0.792844 0.052729
vn -0.000000 0.999325 0.036742
vn 0.607139 0.792844 0.052729
vn -0.585799 0.806283 0.082142
vn 0.587388 0.808471 0.036742
vn -0.000000 0.996621 0.082142
vn -0.533835 0.734761 0.418505
vn 0.585799 0.806283 0.082142
vn -0.000000 0.908214 0.418505
vn 0.533835 0.734761 0.418505
vn -0.000000 0.999136 0.041557
vn -0.587388 0.808471 0.036742
vn -0.587277 0.808318 0.041557
vn -0.000000 0.999325 0.036742
vn 0.587278 0.808318 0.041557
vn -0.585799 0.806283 0.082142
vn 0.587389 0.808471 0.036742
vn -0.000000 0.996621 0.082142
vn -0.533835 0.734761 0.418505
vn 0.585799 0.806283 0.082142
vn -0.000000 0.908214 0.418505
vn 0.533835 0.734761 0.418505
vn 0.950235 0.308750 0.041557
vn 0.587388 0.808471 0.036742
vn 0.607139 0.792844 0.052729
vn 0.950414 0.308808 0.036742
vn 0.950235 -0.308750 0.041557
vn 0.585799 0.806283 0.082142
vn 0.950414 -0.308808 0.036742
vn 0.607139 -0.792844 0.052729
vn 0.587388 -0.808471 0.036742
vn 0.947843 0.307973 0.082142
vn 0.533835 0.734761 0.418505
vn 0.863763 0.280654 0.418505
vn 0.947843 -0.307973 0.082142
vn 0.585799 -0.806283 0.082142
vn 0.863763 -0.280653 0.418505
vn 0.533835 -0.734761 0.418505
vn -0.950235 -0.308750 0.041557
vn -0.587388 -0.808471 0.036742
vn -0.607139 -0.792844 0.052729
vn -0.950414 -0.308808 0.036742
vn -0.950235 0.308750 0.041557
vn -0.585799 -0.806283 0.082142
vn -0.950414 0.308808 0.036742
vn -0.607139 0.792844 0.052729
vn -0.587388 0.808471 0.036742
vn -0.947843 -0.307973 0.082142
vn -0.533835 -0.734761 0.418505
vn -0.863763 -0.280654 0.418505
vn -0.947843 0.307973 0.082142
vn -0.585799 0.806283 0.082142
vn -0.863763 0.280654 0.418505
vn -0.533835 0.734761 0.418505
vn 0.950235 0.308750 0.041557
vn 0.587389 0.808471 0.036742
vn 0.587278 0.808318 0.041557
vn 0.950414 0.308808 0.036742
vn 0.950235 -0.308750 0.041557
vn 0.585799 0.806283 0.082142
vn 0.950414 -0.308808 0.036742
vn 0.587277 -0.808318 0.041557
vn 0.587388 -0.808471 0.036742
vn 0.947842 0.307973 0.082142
vn 0.533835 0.734761 0.418505
vn 0.863763 0.280654 0.418505
vn 0.947843 -0.307973 0.082142
vn 0.585799 -0.806283 0.082142
vn 0.863763 -0.280654 0.418505
vn 0.533835 -0.734761 0.418505
vn -0.950235 -0.308750 0.041557
vn -0.587388 -0.808471 0.036742
vn -0.587278 -0.808318 0.041557
vn -0.950414 -0.308808 0.036742
vn -0.950235 0.308750 0.041557
vn -0.585799 -0.806283 0.082142
vn -0.950414 0.308809 0.036742
vn -0.587277 0.808318 0.041557
vn -0.587388 0.808471 0.036742
vn -0.947843 -0.307973 0.082142
vn -0.533835 -0.734761 0.418505
vn -0.863763 -0.280654 0.418505
vn -0.947843 0.307973 0.082142
vn -0.585799 0.806283 0.082142
vn -0.863763 0.280654 0.418505
vn -0.533835 0.734761 0.418505
vn -0.000000 0.000000 1.000000
vn -0.000000 0.000000 1.000000
vn -0.000000 0.000000 1.000000
vn -0.000000 0.000000 1.000000
vn -0.000000 0.000000 1.000000
vn -0.000000 0.000000 1.000000
vn -0.000000 0.000000 1.000000
vn -0.000000 0.000000 1.000000
vn -0.000000 0.000000 1.000000
vn -0.000000 0.000000 1.000000
vn -0.000000 0.000000 1.000000
vn -0.000000 0.000000 1.000000
vn -0.000000 0.000000 1.000000
vn -0.000000 0.000000 1.000000
vn -0.000000 0.000000 1.000000
vn -0.000000 0.000000 1.000000
vn -0.000000 0.000000 1.000000
vn -0.000000 0.000000 1.000000
vn -0.000000 0.000000 1.000000
vn -0.000000 0.000000 1.000000
vn -0.607410 -0.768139 -0.202522
vn -0.567219 -0.696689 -0.439189
vn -0.857399 -0.278586 -0.432731
vn -0.930443 -0.302319 -0.207072
vn -0.857399 0.278586 -0.432731
vn -0.930443 0.302319 -0.207072
vn -0.567219 0.696689 -0.439189
vn -0.607410 0.768139 -0.202522
vn -0.607410 0.768139 -0.202522
vn -0.567219 0.696689 -0.439189
vn -0.000000 0.879905 -0.475149
vn -0.000000 0.979880 -0.199588
vn 0.567219 0.696689 -0.439189
vn 0.607410 0.768139 -0.202522
vn 0.607410 0.768139 -0.202522
vn 0.567219 0.696689 -0.439189
vn 0.857399 0.278586 -0.432731
vn 0.930443 0.302319 -0.207072
vn 0.857399 -0.278586 -0.432731
vn 0.930443 -0.302319 -0.207072
vn 0.567219 -0.696689 -0.439189
vn 0.607410 -0.768139 -0.202522
vn -0.930443 0.302319 -0.207072
vn -0.529902 0.729348 -0.432731
vn -0.575045 0.791482 -0.207072
vn -0.857399 0.278586 -0.432731
vn -0.930443 -0.302319 -0.207072
vn -0.857400 -0.278586 -0.432731
vn -0.575045 -0.791482 -0.207072
vn -0.529902 -0.729347 -0.432731
vn -0.575045 0.791482 -0.207072
vn -0.529902 0.729348 -0.432731
vn -0.000000 0.901523 -0.432731
vn -0.000000 0.978326 -0.207072
vn 0.529902 0.729347 -0.432731
vn 0.575046 0.791482 -0.207072
vn 0.575046 0.791482 -0.207072
vn 0.529902 0.729347 -0.432731
vn 0.857399 0.278586 -0.432731
vn 0.930443 0.302319 -0.207072
vn 0.857399 -0.278586 -0.432731
vn 0.930443 -0.302319 -0.207072
vn 0.529902 -0.729348 -0.432731
vn 0.575045 -0.791482 -0.207072
vn 0.575045 -0.791482 -0.207072
vn 0.529902 -0.729348 -0.432731
vn -0.000000 -0.901523 -0.432731
vn -0.000000 -0.978326 -0.207072
vn -0.529902 -0.729347 -0.432731
vn -0.575045 -0.791482 -0.207072
vn -0.000000 -0.000000 -1.000000
vn -0.000000 -0.000000 -1.000000
vn -0.000000 -0.000000 -1.000000
vn -0.000000 -0.000000 -1.000000
vn -0.000000 -0.000000 -1.000000
vn -0.000000 -0.000000 -1.000000
vn -0.000000 -0.000000 -1.000000
vn -0.000000 -0.000000 -1.000000
vn -0.000000 -0.000000 -1.000000
vn -0.000000 -0.000000 -1.000000
vn -0.000000 1.000000 -0.000000
vn 0.587785 0.809017 -0.000000
vn 0.587785 0.809017 -0.000000
vn -0.000000 1.000000 -0.000000
vn -0.587785 0.809017 -0.000000
vn -0.587785 0.809017 -0.000000
vn 0.951057 -0.309017 0.000000
vn 0.587785 -0.809017 0.000000
vn 0.587785 -0.809017 0.000000
vn 0.951057 -0.309017 0.000000
vn 0.951057 0.309017 -0.000000
vn 0.951057 0.309017 -0.000000
vn 0.587785 0.809017 -0.000000
vn 0.587785 0.809017 -0.000000
vn -0.587785 -0.809017 0.000000
vn -0.587785 -0.809017 0.000000
vn -0.951056 -0.309017 0.000000
vn -0.951056 -0.309017 0.000000
vn -0.951056 0.309017 -0.000000
vn -0.951056 0.309017 -0.000000
vn -0.587785 0.809017 -0.000000
vn -0.587785 0.809017 -0.000000
vn -0.000000 -1.000000 0.000000
vn -0.587785 -0.809017 0.000000
vn -0.587785 -0.809017 0.000000
vn -0.000000 -1.000000 0.000000
vn 0.587785 -0.809017 0.000000
vn 0.587785 -0.809017 0.000000
vn 0.951057 -0.309017 0.000000
vn 0.587785 -0.809017 0.000000
vn 0.587785 -0.809017 0.000000
vn 0.951057 -0.309017 0.000000
vn 0.951057 0.309017 -0.000000
vn 0.951057 0.309017 -0.000000
vn 0.587785 0.809017 -0.000000
vn 0.587785 0.809017 -0.000000
vn -0.000000 -0.000000 -1.000000
vn -0.000000 -0.000000 -1.000000
vn -0.000000 -0.000000 -1.000000
vn -0.000000 -0.000000 -1.000000
vn -0.000000 -0.000000 -1.000000
vn -0.000000 -0.000000 -1.000000
vn -0.000000 -0.000000 -1.000000
vn -0.000000 -0.000000 -1.000000
vn -0.000000 -0.000000 -1.000000
vn -0.000000 -0.000000 -1.000000
vn -0.587785 -0.809017 0.000000
vn -0.587785 -0.809017 0.000000
vn -0.951057 -0.309017 0.000000
vn -0.951057 -0.309017 0.000000
vn -0.951057 0.309017 -0.000000
vn -0.951057 0.309017 -0.000000
vn -0.587785 0.809017 -0.000000
vn -0.587785 0.809017 -0.000000
vn -0.587785 0.809017 -0.000000
vn -0.587785 0.809017 -0.000000
vn -0.000000 1.000000 -0.000000
vn -0.000000 1.000000 -0.000000
vn 0.587785 0.809017 -0.000000
vn 0.587785 0.809017 -0.000000
vn -0.000000 -1.000000 0.000000
vn -0.587785 -0.809017 0.000000
vn -0.587785 -0.809017 0.000000
vn -0.000000 -1.000000 0.000000
vn 0.587785 -0.809017 0.000000
vn 0.587785 -0.809017 0.000000
vn 0.465250 -0.805838 -0.366290
vn 0.465250 -0.805838 -0.366290
vn 0.465250 -0.805838 -0.366290
vn 0.465250 -0.805838 -0.366290
vn 0.930501 -0.000000 -0.366290
vn 0.930501 -0.000000 -0.366290
vn 0.930501 -0.000000 -0.366290
vn 0.930501 -0.000000 -0.366290
vn 0.465251 0.805837 -0.366290
vn 0.465251 0.805837 -0.366290
vn 0.465251 0.805837 -0.366290
vn 0.465251 0.805837 -0.366290
vn -0.465251 0.805837 -0.366290
vn -0.465251 0.805837 -0.366290
vn -0.465251 0.805837 -0.366290
vn -0.465251 0.805837 -0.366290
vn 0.465250 -0.805838 -0.366290
vn 0.465250 -0.805838 -0.366290
vn 0.465250 -0.805838 -0.366290
vn 0.465250 -0.805838 -0.366290
vn -0.930501 -0.000000 -0.366290
vn -0.930501 -0.000000 -0.366290
vn -0.930501 -0.000000 -0.366290
vn -0.930501 -0.000000 -0.366290
vn -0.465250 -0.805838 -0.366290
vn -0.465250 -0.805838 -0.366290
vn -0.465250 -0.805838 -0.366290
vn -0.465250 -0.805837 -0.366290
vn -0.000000 0.000000 1.000000
vn -0.000000 0.000000 1.000000
vn -0.000000 0.000000 1.000000
vn -0.000000 0.000000 1.000000
vn -0.000000 0.000000 1.000000
vn -0.000000 0.000000 1.000000
vn 0.930501 -0.000000 -0.366290
vn 0.930501 -0.000000 -0.366290
vn 0.930501 -0.000000 -0.366290
vn 0.930501 -0.000000 -0.366290
vn 0.465251 0.805837 -0.366290
vn 0.465251 0.805837 -0.366290
vn 0.465251 0.805837 -0.366290
vn 0.465251 0.805837 -0.366290
vn -0.465251 0.805837 -0.366290
vn -0.465251 0.805837 -0.366290
vn -0.465251 0.805837 -0.366290
vn -0.465251 0.805837 -0.366290
vn -0.930501 -0.000000 -0.366290
vn -0.930501 -0.000000 -0.366290
vn -0.930501 -0.000000 -0.366290
vn -0.930501 -0.000000 -0.366290
vn -0.465250 -0.805838 -0.366290
vn -0.465250 -0.805838 -0.366290
vn -0.465250 -0.805838 -0.366290
vn -0.465250 -0.805838 -0.366290
vn -0.000000 0.000000 1.000000
vn -0.000000 0.000000 1.000000
vn -0.000000 0.000000 1.000000
vn -0.000000 0.000000 1.000000
vn -0.000000 0.000000 1.000000
vn -0.000000 0.000000 1.000000
vn -0.000000 0.000000 1.000000
vn -0.000000 0.000000 1.000000
vn -0.000000 0.000000 1.000000
vn -0.000000 0.000000 1.000000
vn -0.000000 0.000000 1.000000
vn -0.000000 0.000000 1.000000
vn -0.000000 0.000000 1.000000
vn -0.000000 0.000000 1.000000
vn -0.000000 0.000000 1.000000
vn -0.000000 0.000000 1.000000
vn -0.000000 0.000000 1.000000
vn -0.000000 0.000000 1.000000
vn -0.000000 0.000000 1.000000
vn -0.000000 0.000000 1.000000
vn -0.000000 0.000000 1.000000
vn -0.000000 0.000000 1.000000
vn -0.000000 0.000000 1.000000
vn -0.000000 0.000000 1.000000
vn -0.000000 0.000000 1.000000
vn -0.000000 0.000000 1.000000
vn -0.000000 0.000000 1.000000
vn -0.000000 0.000000 1.000000
vn -0.000000 0.000000 1.000000
vn -0.000000 0.000000 1.000000
vn -0.000000 0.000000 1.000000
vn -0.000000 0.000000 1.000000
vn -0.000000 0.000000 1.000000
vn -0.000000 0.000000 1.000000
vn -0.000000 0.000000 1.000000
vn -0.000000 0.000000 1.000000
vn -0.000000 0.000000 1.000000
vn -0.000000 0.000000 1.000000
vn -0.000000 0.000000 1.000000
vn -0.000000 0.000000 1.000000
vn -0.000000 0.000000 1.000000
vn -0.000000 0.000000 1.000000
vn -0.000000 0.000000 1.000000
vn -0.000000 0.000000 1.000000
vn -0.000000 0.000000 1.000000
vn -0.000000 0.000000 1.000000
f 1/1/1 2/2/2 3/3/3
f 1/1/1 3/3/3 4/4/4
f 5/5/5 6/6/6 7/7/7
f 5/5/5 7/7/7 8/8/8
f 7/7/7 9/9/9 8/8/8
f 7/7/7 10/10/10 9/9/9
f 10/10/10 11/11/11 9/9/9
f 10/10/10 12/12/12 11/11/11
f 12/12/12 13/13/13 11/11/11
f 12/12/12 14/14/14 13/13/13
f 14/14/14 15/15/15 13/13/13
f 14/14/14 16/16/16 15/15/15
f 16/16/16 17/17/17 15/15/15
f 16/16/16 18/18/18 17/17/17
f 19/19/19 20/20/20 21/21/21
f 19/19/19 21/21/21 22/22/22
f 21/21/21 23/23/23 22/22/22
f 21/21/21 24/24/24 23/23/23
f 25/25/25 26/26/26 27/27/27
f 25/25/25 27/27/27 28/28/28
f 27/27/27 29/29/29 28/28/28
f 27/27/27 30/30/30 29/29/29
f 30/30/30 31/31/31 29/29/29
f 30/30/30 32/32/32 31/31/31
f 32/32/32 33/33/33 31/31/31
f 32/32/32 34/34/34 33/33/33
f 34/34/34 35/35/35 33/33/33
f 34/34/34 36/36/36 35/35/35
f 36/36/36 37/37/37 35/35/35
f 36/36/36 38/38/38 37/37/37
f 39/39/39 40/40/40 41/41/41
f 39/39/39 42/42/42 40/40/40
f 42/42/42 43/43/43 40/40/40
f 42/42/42 44/44/44 43/43/43
f 44/44/44 45/45/45 43/43/43
f 44/44/44 46/46/46 45/45/45
f 47/47/47 48/48/48 49/49/49
f 47/47/47 50/50/50 48/48/48
f 50/50/50 51/51/51 48/48/48
f 50/50/50 52/52/52 51/51/51
f 52/52/52 53/53/53 51/51/51
f 52/52/52 54/54/54 53/53/53
f 54/54/54 55/55/55 53/53/53
f 54/54/54 56/56/56 55/55/55
f 57/57/57 58/58/58 59/59/59
f 57/57/57 59/59/59 60/60/60
f 61/61/61 62/62/62 63/63/63
f 61/61/61 63/63/63 64/64/64
f 65/65/65 66/66/66 67/67/67
f 65/65/65 67/67/67 68/68/68
f 69/69/69 70/70/70 71/71/71
f 69/69/69 71/71/71 72/72/72
f 73/73/73 69/69/69 72/72/72
f 73/73/73 72/72/72 74/74/74
f 75/75/75 73/73/73 74/74/74
f 75/75/75 74/74/74 76/76/76
f 77/77/77 78/78/78 79/79/79
f 77/77/77 79/79/79 80/80/80
f 81/81/81 82/82/82 83/83/83
f 81/81/81 83/83/83 84/84/84
f 85/85/85 81/81/81 84/84/84
f 85/85/85 84/84/84 86/86/86
f 87/87/87 85/85/85 86/86/86
f 87/87/87 86/86/86 88/88/88
f 89/89/89 90/90/90 91/91/91
f 89/89/89 92/92/92 90/90/90
f 93/93/93 92/92/92 89/89/89
f 93/93/93 94/94/94 92/92/92
f 95/95/95 94/94/94 93/93/93
f 95/95/95 96/96/96 94/94/94
f 97/97/97 98/98/98 99/99/99
f 97/97/97 100/100/100 98/98/98
f 101/101/101 100/100/100 97/97/97
f 101/101/101 102/102/102 100/100/100
f 103/103/103 102/102/102 101/101/101
f 103/103/103 104/104/104 102/102/102
f 105/105/105 106/106/106 107/107/107
f 105/105/105 107/107/107 108/108/108
f 109/109/109 105/105/105 108/108/108
f 109/109/109 108/108/108 110/110/110
f 111/111/111 112/112/112 113/113/113
f 111/111/111 114/114/114 112/112/112
f 114/114/114 115/115/115 112/112/112
f 114/114/114 116/116/116 115/115/115
f 116/116/116 117/117/117 115/115/115
f 116/116/116 118/118/118 117/117/117
f 119/119/119 120/120/120 121/121/121
f 119/119/119 122/122/122 120/120/120
f 122/122/122 123/123/123 120/120/120
f 122/122/122 124/124/124 123/123/123
f 125/125/125 126/126/126 127/127/127
f 125/125/125 128/128/128 126/126/126
f 128/128/128 129/129/129 126/126/126
f 128/128/128 130/130/130 129/129/129
f 130/130/130 131/131/131 129/129/129
f 130/130/130 132/132/132 131/131/131
f 133/133/133 134/134/134 135/135/135
f 133/133/133 136/136/136 134/134/134
f 137/137/137 136/136/136 133/133/133
f 137/137/137 138/138/138 136/136/136
f 139/139/139 140/140/140 141/141/141
f 139/139/139 141/141/141 142/142/142
f 143/143/143 139/139/139 142/142/142
f 143/143/143 142/142/142 144/144/144
f 145/145/145 146/146/146 147/147/147
f 145/145/145 148/148/148 146/146/146
f 148/148/148 149/149/149 146/146/146
f 148/148/148 150/150/150 149/149/149
f 150/150/150 151/151/151 149/149/149
f 150/150/150 152/152/152 151/151/151
f 153/153/153 154/154/154 155/155/155
f 153/153/153 156/156/156 154/154/154
f 156/156/156 157/157/157 154/154/154
f 156/156/156 158/158/158 157/157/157
f 159/159/159 160/160/160 161/161/161
f 159/159/159 162/162/162 160/160/160
f 162/162/162 163/163/163 160/160/160
f 162/162/162 164/164/164 163/163/163
f 164/164/164 165/165/165 163/163/163
f 164/164/164 166/166/166 165/165/165
f 167/167/167 168/168/168 169/169/169
f 167/167/167 170/170/170 168/168/168
f 171/171/171 170/170/170 167/167/167
f 170/170/170 172/172/172 168/168/168
f 171/171/171 173/173/173 170/170/170
f 170/170/170 174/174/174 172/172/172
f 173/173/173 174/174/174 170/170/170
f 174/174/174 175/175/175 172/172/172
f 173/173/173 176/176/176 174/174/174
f 174/174/174 177/177/177 175/175/175
f 176/176/176 177/177/177 174/174/174
f 176/176/176 178/178/178 177/177/177
f 179/179/179 180/180/180 181/181/181
f 179/179/179 182/182/182 180/180/180
f 183/183/183 182/182/182 179/179/179
f 182/182/182 184/184/184 180/180/180
f 183/183/183 185/185/185 182/182/182
f 182/182/182 186/186/186 184/184/184
f 185/185/185 186/186/186 182/182/182
f 186/186/186 187/187/187 184/184/184
f 185/185/185 188/188/188 186/186/186
f 186/186/186 189/189/189 187/187/187
f 188/188/188 189/189/189 186/186/186
f 188/188/188 190/190/190 189/189/189
f 191/191/191 192/192/192 193/193/193
f 191/191/191 194/194/194 192/192/192
f 195/195/195 194/194/194 191/191/191
f 194/194/194 196/196/196 192/192/192
f 195/195/195 197/197/197 194/194/194
f 194/194/194 198/198/198 196/196/196
f 197/197/197 198/198/198 194/194/194
f 198/198/198 199/199/199 196/196/196
f 197/197/197 200/200/200 198/198/198
f 198/198/198 201/201/201 199/199/199
f 200/200/200 201/201/201 198/198/198
f 200/200/200 202/202/202 201/201/201
f 203/203/203 204/204/204 205/205/205
f 203/203/203 206/206/206 204/204/204
f 207/207/207 206/206/206 203/203/203
f 206/206/206 208/208/208 204/204/204
f 207/207/207 209/209/209 206/206/206
f 206/206/206 210/210/210 208/208/208
f 209/209/209 210/210/210 206/206/206
f 210/210/210 211/211/211 208/208/208
f 209/209/209 212/212/212 210/210/210
f 210/210/210 213/213/213 211/211/211
f 212/212/212 213/213/213 210/210/210
f 212/212/212 214/214/214 213/213/213
f 215/215/215 216/216/216 217/217/217
f 215/215/215 218/218/218 216/216/216
f 219/219/219 218/218/218 215/215/215
f 218/218/218 220/220/220 216/216/216
f 219/219/219 221/221/221 218/218/218
f 222/222/222 221/221/221 219/219/219
f 222/222/222 223/223/223 221/221/221
f 218/218/218 224/224/224 220/220/220
f 221/221/221 224/224/224 218/218/218
f 224/224/224 225/225/225 220/220/220
f 224/224/224 226/226/226 225/225/225
f 223/223/223 227/227/227 221/221/221
f 221/221/221 227/227/227 224/224/224
f 227/227/227 226/226/226 224/224/224
f 223/223/223 228/228/228 227/227/227
f 227/227/227 229/229/229 226/226/226
f 228/228/228 229/229/229 227/227/227
f 228/228/228 230/230/230 229/229/229
f 231/231/231 232/232/232 233/233/233
f 231/231/231 234/234/234 232/232/232
f 235/235/235 234/234/234 231/231/231
f 234/234/234 236/236/236 232/232/232
f 235/235/235 237/237/237 234/234/234
f 238/238/238 237/237/237 235/235/235
f 238/238/238 239/239/239 237/237/237
f 234/234/234 240/240/240 236/236/236
f 237/237/237 240/240/240 234/234/234
f 240/240/240 241/241/241 236/236/236
f 240/240/240 242/242/242 241/241/241
f 239/239/239 243/243/243 237/237/237
f 237/237/237 243/243/243 240/240/240
f 243/243/243 242/242/242 240/240/240
f 239/239/239 244/244/244 243/243/243
f 243/243/243 245/245/245 242/242/242
f 244/244/244 245/245/245 243/243/243
f 244/244/244 246/246/246 245/245/245
f 247/247/247 248/248/248 249/249/249
f 247/247/247 250/250/250 248/248/248
f 251/251/251 250/250/250 247/247/247
f 250/250/250 252/252/252 248/248/248
f 251/251/251 253/253/253 250/250/250
f 254/254/254 253/253/253 251/251/251
f 254/254/254 255/255/255 253/253/253
f 250/250/250 256/256/256 252/252/252
f 253/253/253 256/256/256 250/250/250
f 256/256/256 257/257/257 252/252/252
f 256/256/256 258/258/258 257/257/257
f 255/255/255 259/259/259 253/253/253
f 253/253/253 259/259/259 256/256/256
f 259/259/259 258/258/258 256/256/256
f 255/255/255 260/260/260 259/259/259
f 259/259/259 261/261/261 258/258/258
f 260/260/260 261/261/261 259/259/259
f 260/260/260 262/262/262 261/261/261
f 263/263/263 264/264/264 265/265/265
f 263/263/263 266/266/266 264/264/264
f 267/267/267 266/266/266 263/263/263
f 266/266/266 268/268/268 264/264/264
f 267/267/267 269/269/269 266/266/266
f 270/270/270 269/269/269 267/267/267
f 270/270/270 271/271/271 269/269/269
f 266/266/266 272/272/272 268/268/268
f 269/269/269 272/272/272 266/266/266
f 272/272/272 273/273/273 268/268/268
f 272/272/272 274/274/274 273/273/273
f 271/271/271 275/275/275 269/269/269
f 269/269/269 275/275/275 272/272/272
f 275/275/275 274/274/274 272/272/272
f 271/271/271 276/276/276 275/275/275
f 275/275/275 277/277/277 274/274/274
f 276/276/276 277/277/277 275/275/275
f 276/276/276 278/278/278 277/277/277
f 279/279/279 280/280/280 281/281/281
f 281/281/281 282/282/282 279/279/279
f 282/282/282 283/283/283 279/279/279
f 283/283/283 284/284/284 279/279/279
f 283/283/283 285/285/285 284/284/284
f 283/283/283 286/286/286 285/285/285
f 286/286/286 287/287/287 285/285/285
f 286/286/286 288/288/288 287/287/287
f 289/289/289 290/290/290 291/291/291
f 291/291/291 292/292/292 289/289/289
f 292/292/292 293/293/293 289/289/289
f 292/292/292 294/294/294 293/293/293
f 294/294/294 295/295/295 293/293/293
f 294/294/294 296/296/296 295/295/295
f 296/296/296 297/297/297 295/295/295
f 296/296/296 298/298/298 297/297/297
f 299/299/299 300/300/300 301/301/301
f 299/299/299 301/301/301 302/302/302
f 302/302/302 301/301/301 303/303/303
f 302/302/302 303/303/303 304/304/304
f 304/304/304 303/303/303 305/305/305
f 304/304/304 305/305/305 306/306/306
f 307/307/307 308/308/308 309/309/309
f 307/307/307 309/309/309 310/310/310
f 310/310/310 309/309/309 311/311/311
f 310/310/310 311/311/311 312/312/312
f 313/313/313 314/314/314 315/315/315
f 313/313/313 315/315/315 316/316/316
f 316/316/316 315/315/315 317/317/317
f 316/316/316 317/317/317 318/318/318
f 318/318/318 317/317/317 319/319/319
f 318/318/318 319/319/319 320/320/320
f 321/321/321 322/322/322 323/323/323
f 321/321/321 324/324/324 322/322/322
f 325/325/325 324/324/324 321/321/321
f 325/325/325 326/326/326 324/324/324
f 327/327/327 326/326/326 325/325/325
f 327/327/327 328/328/328 326/326/326
f 329/329/329 330/330/330 331/331/331
f 329/329/329 331/331/331 332/332/332
f 332/332/332 331/331/331 333/333/333
f 332/332/332 333/333/333 334/334/334
f 335/335/335 336/336/336 337/337/337
f 335/335/335 337/337/337 338/338/338
f 338/338/338 337/337/337 339/339/339
f 338/338/338 339/339/339 340/340/340
f 340/340/340 339/339/339 341/341/341
f 340/340/340 341/341/341 342/342/342
f 343/343/343 344/344/344 345/345/345
f 343/343/343 345/345/345 346/346/346
f 346/346/346 345/345/345 347/347/347
f 346/346/346 347/347/347 348/348/348
f 349/349/349 350/350/350 351/351/351
f 351/351/351 352/352/352 349/349/349
f 351/351/351 353/353/353 352/352/352
f 351/351/351 354/354/354 353/353/353
f 354/354/354 355/355/355 353/353/353
f 355/355/355 356/356/356 353/353/353
f 355/355/355 357/357/357 356/356/356
f 355/355/355 358/358/358 357/357/357
f 359/359/359 360/360/360 361/361/361
f 359/359/359 362/362/362 360/360/360
f 363/363/363 362/362/362 359/359/359
f 363/363/363 364/364/364 362/362/362
f 365/365/365 366/366/366 367/367/367
f 365/365/365 368/368/368 366/366/366
f 369/369/369 368/368/368 365/365/365
f 369/369/369 370/370/370 368/368/368
f 371/371/371 370/370/370 369/369/369
f 371/371/371 372/372/372 370/370/370
f 373/373/373 374/374/374 375/375/375
f 373/373/373 375/375/375 376/376/376
f 376/376/376 375/375/375 377/377/377
f 376/376/376 377/377/377 378/378/378
f 378/378/378 377/377/377 379/379/379
f 378/378/378 379/379/379 380/380/380
f 381/381/381 382/382/382 383/383/383
f 381/381/381 384/384/384 382/382/382
f 385/385/385 384/384/384 381/381/381
f 385/385/385 386/386/386 384/384/384
f 387/387/387 388/388/388 389/389/389
f 387/387/387 390/390/390 388/388/388
f 391/391/391 390/390/390 387/387/387
f 391/391/391 392/392/392 390/390/390
f 393/393/393 392/392/392 391/391/391
f 393/393/393 394/394/394 392/392/392
f 395/395/395 396/396/396 397/397/397
f 397/397/397 398/398/398 395/395/395
f 398/398/398 399/399/399 395/395/395
f 398/398/398 400/400/400 399/399/399
f 400/400/400 401/401/401 399/399/399
f 401/401/401 402/402/402 399/399/399
f 401/401/401 403/403/403 402/402/402
f 403/403/403 404/404/404 402/402/402
f 405/405/405 406/406/406 407/407/407
f 405/405/405 407/407/407 408/408/408
f 408/408/408 407/407/407 409/409/409
f 408/408/408 409/409/409 410/410/410
f 410/410/410 409/409/409 411/411/411
f 410/410/410 411/411/411 412/412/412
f 413/413/413 414/414/414 415/415/415
f 413/413/413 415/415/415 416/416/416
f 416/416/416 415/415/415 417/417/417
f 416/416/416 417/417/417 418/418/418
f 419/419/419 420/420/420 421/421/421
f 419/419/419 422/422/422 420/420/420
f 423/423/423 422/422/422 419/419/419
f 423/423/423 424/424/424 422/422/422
f 425/425/425 426/426/426 427/427/427
f 425/425/425 427/427/427 428/428/428
f 429/429/429 430/430/430 431/431/431
f 429/429/429 431/431/431 432/432/432
f 433/433/433 434/434/434 435/435/435
f 433/433/433 435/435/435 436/436/436
f 437/437/437 438/438/438 439/439/439
f 437/437/437 439/439/439 440/440/440
f 441/441/441 442/442/442 443/443/443
f 441/441/441 443/443/443 444/444/444
f 445/445/445 446/446/446 447/447/447
f 445/445/445 447/447/447 448/448/448
f 449/449/449 450/450/450 451/451/451
f 449/449/449 451/451/451 452/452/452
f 453/453/453 454/454/454 455/455/455
f 455/455/455 456/456/456 453/453/453
f 456/456/456 457/457/457 453/453/453
f 456/456/456 458/458/458 457/457/457
f 459/459/459 460/460/460 461/461/461
f 459/459/459 461/461/461 462/462/462
f 463/463/463 464/464/464 465/465/465
f 463/463/463 465/465/465 466/466/466
f 467/467/467 468/468/468 469/469/469
f 467/467/467 469/469/469 470/470/470
f 471/471/471 472/472/472 473/473/473
f 471/471/471 473/473/473 474/474/474
f 475/475/475 476/476/476 477/477/477
f 475/475/475 477/477/477 478/478/478
f 479/479/479 480/480/480 481/481/481
f 481/481/481 482/482/482 479/479/479
f 482/482/482 483/483/483 479/479/479
f 482/482/482 484/484/484 483/483/483
f 485/485/485 486/486/486 487/487/487
f 485/485/485 487/487/487 488/488/488
f 489/489/489 486/486/486 485/485/485
f 488/488/488 487/487/487 490/490/490
f 489/489/489 491/491/491 486/486/486
f 488/488/488 490/490/490 492/492/492
f 493/493/493 491/491/491 489/489/489
f 492/492/492 490/490/490 494/494/494
f 493/493/493 495/495/495 491/491/491
f 492/492/492 494/494/494 496/496/496
f 497/497/497 495/495/495 493/493/493
f 496/496/496 494/494/494 498/498/498
f 497/497/497 499/499/499 495/495/495
f 496/496/496 498/498/498 500/500/500
f 501/501/501 499/499/499 497/497/497
f 500/500/500 498/498/498 502/502/502
f 501/501/501 503/503/503 499/499/499
f 500/500/500 502/502/502 504/504/504
f 504/504/504 503/503/503 501/501/501
f 504/504/504 502/502/502 503/503/503
f 505/505/505 506/506/506 507/507/507
f 505/505/505 507/507/507 508/508/508
f 509/509/509 506/506/506 505/505/505
f 508/508/508 507/507/507 510/510/510
f 509/509/509 511/511/511 506/506/506
f 508/508/508 510/510/510 512/512/512
f 513/513/513 511/511/511 509/509/509
f 512/512/512 510/510/510 514/514/514
f 513/513/513 515/515/515 511/511/511
f 512/512/512 514/514/514 516/516/516
f 517/517/517 515/515/515 513/513/513
f 516/516/516 514/514/514 518/518/518
f 517/517/517 519/519/519 515/515/515
f 516/516/516 518/518/518 520/520/520
f 521/521/521 519/519/519 517/517/517
f 520/520/520 518/518/518 522/522/522
f 521/521/521 523/523/523 519/519/519
f 520/520/520 522/522/522 524/524/524
f 524/524/524 523/523/523 521/521/521
f 524/524/524 522/522/522 523/523/523
