# Unturned item rip -> Godot (X+Z negated, winding reversed, RH Y-up)
v 0.097219 -0.463601 -0.536250
v 0.153995 -0.332632 -0.536250
v 0.162032 -0.313922 -0.536250
v -0.253125 -0.303404 0.189754
v -0.270000 -0.332632 0.189754
v -0.270000 -0.332632 0.128862
v -0.253125 -0.303404 0.128862
v -0.236250 -0.274175 0.189754
v -0.236250 -0.274175 0.128862
v -0.219375 -0.244947 0.189754
v -0.219375 -0.244947 0.128862
v -0.202500 -0.215719 0.189754
v -0.202500 -0.215719 0.128862
v -0.185625 -0.186490 0.189754
v -0.185625 -0.186490 0.128862
v -0.168750 -0.157262 0.189754
v -0.168750 -0.157262 0.128862
v -0.151875 -0.128034 0.189754
v -0.253125 -0.303404 -0.271138
v -0.151875 -0.128034 0.128862
v -0.135000 -0.098805 0.189754
v -0.135000 -0.098805 0.128862
v -0.135000 -0.098805 -0.271138
v -0.151875 -0.128034 -0.271138
v -0.135000 -0.098805 -0.321138
v -0.270000 -0.332632 -0.271138
v -0.151875 -0.128034 -0.321138
v -0.108000 -0.145571 -0.486250
v -0.253125 -0.303404 -0.321138
v -0.270000 -0.332632 -0.321138
v -0.121500 -0.168953 -0.486250
v -0.099537 -0.160229 -0.536250
v -0.111979 -0.181779 -0.536250
v -0.202500 -0.309249 -0.486250
v -0.216000 -0.332632 -0.486250
v -0.186632 -0.311082 -0.536250
v -0.199074 -0.332632 -0.536250
v -0.151875 -0.537231 0.189754
v -0.135000 -0.566459 0.189754
v -0.135000 -0.566459 0.128862
v -0.151875 -0.537231 0.128862
v -0.168750 -0.508002 0.189754
v -0.168750 -0.508002 0.128862
v -0.185625 -0.478774 0.189754
v -0.185625 -0.478774 0.128862
v -0.202500 -0.449546 0.189754
v -0.202500 -0.449546 0.128862
v -0.219375 -0.420317 0.189754
v -0.219375 -0.420317 0.128862
v -0.236250 -0.391089 0.189754
v -0.236250 -0.391089 0.128862
v -0.253125 -0.361861 0.189754
v -0.151875 -0.537231 -0.271138
v -0.253125 -0.361861 0.128862
v -0.270000 -0.332632 0.189754
v -0.270000 -0.332632 0.128862
v -0.270000 -0.332632 -0.271138
v -0.253125 -0.361861 -0.271138
v -0.270000 -0.332632 -0.321138
v -0.135000 -0.566459 -0.271138
v -0.253125 -0.361861 -0.321138
v -0.216000 -0.332632 -0.486250
v -0.151875 -0.537231 -0.321138
v -0.135000 -0.566459 -0.321138
v -0.202500 -0.356015 -0.486250
v -0.199074 -0.332632 -0.536250
v -0.186632 -0.354183 -0.536250
v -0.121500 -0.496311 -0.486250
v -0.108000 -0.519694 -0.486250
v -0.111979 -0.483485 -0.536250
v -0.099537 -0.505035 -0.536250
v 0.101250 -0.566459 0.189754
v 0.135000 -0.566459 0.189754
v 0.135000 -0.566459 0.128862
v 0.101250 -0.566459 0.128862
v 0.067500 -0.566459 0.189754
v 0.067500 -0.566459 0.128862
v 0.033750 -0.566459 0.189754
v 0.033750 -0.566459 0.128862
v 0.000000 -0.566459 0.189754
v 0.000000 -0.566459 0.128862
v -0.033750 -0.566459 0.189754
v -0.033750 -0.566459 0.128862
v -0.067500 -0.566459 0.189754
v -0.067500 -0.566459 0.128862
v -0.101250 -0.566459 0.189754
v 0.101250 -0.566459 -0.271138
v -0.101250 -0.566459 0.128862
v -0.135000 -0.566459 0.189754
v -0.135000 -0.566459 0.128862
v -0.135000 -0.566459 -0.271138
v -0.101250 -0.566459 -0.271138
v -0.135000 -0.566459 -0.321138
v 0.135000 -0.566459 -0.271138
v -0.101250 -0.566459 -0.321138
v -0.108000 -0.519694 -0.486250
v 0.101250 -0.566459 -0.321138
v 0.135000 -0.566459 -0.321138
v -0.081000 -0.519694 -0.486250
v -0.099537 -0.505035 -0.536250
v -0.074653 -0.505035 -0.536250
v 0.081000 -0.519694 -0.486250
v 0.108000 -0.519694 -0.486250
v 0.074653 -0.505035 -0.536250
v 0.099537 -0.505035 -0.536250
v 0.253125 -0.361860 0.189754
v 0.270000 -0.332632 0.189754
v 0.270000 -0.332632 0.128862
v 0.253125 -0.361860 0.128862
v 0.236250 -0.391089 0.189754
v 0.236250 -0.391089 0.128862
v 0.219375 -0.420317 0.189754
v 0.219375 -0.420317 0.128862
v 0.202500 -0.449546 0.189754
v 0.202500 -0.449546 0.128862
v 0.185625 -0.478774 0.189754
v 0.185625 -0.478774 0.128862
v 0.168750 -0.508002 0.189754
v 0.168750 -0.508002 0.128862
v 0.151875 -0.537231 0.189754
v 0.253125 -0.361860 -0.271138
v 0.151875 -0.537231 0.128862
v 0.135000 -0.566459 0.189754
v 0.135000 -0.566459 0.128862
v 0.135000 -0.566459 -0.271138
v 0.151875 -0.537231 -0.271138
v 0.135000 -0.566459 -0.321138
v 0.270000 -0.332632 -0.271138
v 0.151875 -0.537231 -0.321138
v 0.108000 -0.519694 -0.486250
v 0.253125 -0.361860 -0.321138
v 0.270000 -0.332632 -0.321138
v 0.121500 -0.496311 -0.486250
v 0.099537 -0.505035 -0.536250
v 0.111979 -0.483485 -0.536250
v 0.202500 -0.356015 -0.486250
v 0.216000 -0.332632 -0.486250
v 0.186632 -0.354182 -0.536250
v 0.199074 -0.332632 -0.536250
v -0.219760 -0.307256 0.128862
v -0.208860 -0.332632 -0.271138
v -0.208860 -0.332632 0.128862
v -0.219760 -0.307256 -0.271138
v -0.208860 -0.332632 -0.321138
v -0.219760 -0.307256 -0.321138
v -0.167088 -0.332632 -0.486250
v -0.175808 -0.312332 -0.486250
v 0.151875 -0.128034 0.189754
v 0.135000 -0.098805 0.189754
v 0.135000 -0.098805 0.128862
v 0.151875 -0.128034 0.128862
v 0.168750 -0.157262 0.189754
v 0.168750 -0.157262 0.128862
v 0.185625 -0.186490 0.189754
v 0.185625 -0.186490 0.128862
v 0.202500 -0.215719 0.189754
v 0.202500 -0.215719 0.128862
v 0.219375 -0.244947 0.189754
v 0.219375 -0.244947 0.128862
v 0.236250 -0.274175 0.189754
v 0.236250 -0.274175 0.128862
v 0.253125 -0.303404 0.189754
v 0.151875 -0.128034 -0.271138
v 0.253125 -0.303404 0.128862
v 0.270000 -0.332632 0.189754
v 0.270000 -0.332632 0.128862
v 0.270000 -0.332632 -0.271138
v 0.253125 -0.303404 -0.271138
v 0.270000 -0.332632 -0.321138
v 0.135000 -0.098805 -0.271138
v 0.253125 -0.303404 -0.321138
v 0.216000 -0.332632 -0.486250
v 0.151875 -0.128034 -0.321138
v 0.135000 -0.098805 -0.321138
v 0.202500 -0.309249 -0.486250
v 0.199074 -0.332632 -0.536250
v 0.186632 -0.311082 -0.536250
v 0.121500 -0.168953 -0.486250
v 0.108000 -0.145571 -0.486250
v 0.111979 -0.181779 -0.536250
v 0.099537 -0.160229 -0.536250
v -0.101250 -0.098805 0.189754
v -0.135000 -0.098805 0.189754
v -0.135000 -0.098805 0.128862
v -0.101250 -0.098805 0.128862
v -0.067500 -0.098805 0.189754
v -0.067500 -0.098805 0.128862
v -0.033750 -0.098805 0.189754
v -0.033750 -0.098805 0.128862
v -0.000000 -0.098805 0.189754
v -0.000000 -0.098805 0.128862
v 0.033750 -0.098805 0.189754
v 0.033750 -0.098805 0.128862
v 0.067500 -0.098805 0.189754
v 0.067500 -0.098805 0.128862
v 0.101250 -0.098805 0.189754
v -0.101250 -0.098805 -0.271138
v 0.101250 -0.098805 0.128862
v 0.135000 -0.098805 0.189754
v 0.135000 -0.098805 0.128862
v 0.135000 -0.098805 -0.271138
v 0.101250 -0.098805 -0.271138
v 0.135000 -0.098805 -0.321138
v -0.135000 -0.098805 -0.271138
v 0.101250 -0.098805 -0.321138
v 0.108000 -0.145571 -0.486250
v -0.101250 -0.098805 -0.321138
v -0.135000 -0.098805 -0.321138
v 0.081000 -0.145571 -0.486250
v 0.099537 -0.160229 -0.536250
v 0.074653 -0.160229 -0.536250
v -0.081000 -0.145571 -0.486250
v -0.108000 -0.145571 -0.486250
v -0.074653 -0.160229 -0.536250
v -0.099537 -0.160229 -0.536250
v -0.253125 -0.361861 0.189754
v -0.270000 -0.332632 0.189754
v -0.253125 -0.303404 0.189754
v -0.236250 -0.391089 0.189754
v -0.236250 -0.274175 0.189754
v -0.219375 -0.420317 0.189754
v -0.219375 -0.244947 0.189754
v -0.202500 -0.449546 0.189754
v -0.202500 -0.215719 0.189754
v -0.185625 -0.478774 0.189754
v -0.185625 -0.186490 0.189754
v -0.168750 -0.157262 0.189754
v -0.168750 -0.508002 0.189754
v -0.151875 -0.128034 0.189754
v -0.151875 -0.537231 0.189754
v -0.135000 -0.098805 0.189754
v -0.135000 -0.566459 0.189754
v -0.101250 -0.098805 0.189754
v -0.101250 -0.566459 0.189754
v -0.067500 -0.098805 0.189754
v -0.067500 -0.566459 0.189754
v -0.033750 -0.098805 0.189754
v -0.033750 -0.566459 0.189754
v -0.000000 -0.098805 0.189754
v 0.000000 -0.566459 0.189754
v 0.033750 -0.098805 0.189754
v 0.033750 -0.566459 0.189754
v 0.067500 -0.098805 0.189754
v 0.067500 -0.566459 0.189754
v 0.101250 -0.098805 0.189754
v 0.101250 -0.566459 0.189754
v 0.135000 -0.098805 0.189754
v 0.135000 -0.566459 0.189754
v 0.151875 -0.128034 0.189754
v 0.151875 -0.537231 0.189754
v 0.168750 -0.157262 0.189754
v 0.168750 -0.508002 0.189754
v 0.185625 -0.186490 0.189754
v 0.185625 -0.478774 0.189754
v 0.202500 -0.215719 0.189754
v 0.202500 -0.449546 0.189754
v 0.219375 -0.244947 0.189754
v 0.219375 -0.420317 0.189754
v 0.236250 -0.274175 0.189754
v 0.236250 -0.391089 0.189754
v 0.253125 -0.303404 0.189754
v 0.253125 -0.361860 0.189754
v 0.270000 -0.332632 0.189754
v -0.131856 -0.155002 0.128862
v -0.131856 -0.155002 -0.271138
v -0.151875 -0.128034 -0.271138
v -0.151875 -0.128034 0.128862
v 0.253125 -0.361860 0.128862
v 0.253125 -0.361860 -0.271138
v 0.219760 -0.358008 -0.271138
v 0.219760 -0.358008 0.128862
v 0.087904 -0.535638 0.128862
v 0.104430 -0.513510 -0.271138
v 0.104430 -0.513510 0.128862
v 0.087904 -0.535638 -0.271138
v 0.104430 -0.513510 -0.321138
v 0.087904 -0.535638 -0.321138
v 0.083544 -0.477335 -0.486250
v 0.070323 -0.495037 -0.486250
v -0.087904 -0.535638 0.128862
v -0.087904 -0.535638 -0.271138
v -0.101250 -0.566459 -0.271138
v -0.101250 -0.566459 0.128862
v -0.168750 -0.157262 0.128862
v -0.131856 -0.155002 0.128862
v -0.151875 -0.128034 0.128862
v -0.146507 -0.180378 0.128862
v -0.185625 -0.186490 0.128862
v -0.161158 -0.205753 0.128862
v -0.202500 -0.215719 0.128862
v -0.175808 -0.231129 0.128862
v -0.219375 -0.244947 0.128862
v -0.190459 -0.256505 0.128862
v -0.236250 -0.274175 0.128862
v -0.205110 -0.281881 0.128862
v -0.253125 -0.303404 0.128862
v -0.219760 -0.307256 0.128862
v -0.208860 -0.332632 0.128862
v -0.205110 -0.383384 0.128862
v -0.219760 -0.358008 0.128862
v -0.190459 -0.408759 0.128862
v -0.236250 -0.391089 0.128862
v -0.253125 -0.361861 0.128862
v -0.219375 -0.420317 0.128862
v -0.202500 -0.449546 0.128862
v -0.175808 -0.434135 0.128862
v -0.185625 -0.478774 0.128862
v -0.161158 -0.459511 0.128862
v -0.168750 -0.508002 0.128862
v -0.146507 -0.484887 0.128862
v -0.151875 -0.537231 0.128862
v -0.131856 -0.510262 0.128862
v -0.104430 -0.151754 0.128862
v -0.104430 -0.513510 0.128862
v -0.087904 -0.129626 0.128862
v -0.087904 -0.535638 0.128862
v -0.058603 -0.129626 0.128862
v -0.101250 -0.098805 0.128862
v -0.067500 -0.098805 0.128862
v -0.029301 -0.129626 0.128862
v -0.033750 -0.098805 0.128862
v -0.058603 -0.535638 0.128862
v -0.000000 -0.129626 0.128862
v -0.000000 -0.098805 0.128862
v -0.067500 -0.566459 0.128862
v -0.101250 -0.566459 0.128862
v -0.033750 -0.566459 0.128862
v -0.029301 -0.535638 0.128862
v 0.000000 -0.566459 0.128862
v 0.000000 -0.535638 0.128862
v 0.033750 -0.566459 0.128862
v 0.029301 -0.129626 0.128862
v 0.033750 -0.098805 0.128862
v 0.029301 -0.535638 0.128862
v 0.067500 -0.566459 0.128862
v 0.058603 -0.129626 0.128862
v 0.067500 -0.098805 0.128862
v 0.058603 -0.535638 0.128862
v 0.101250 -0.566459 0.128862
v 0.087904 -0.535638 0.128862
v 0.087904 -0.129626 0.128862
v 0.101250 -0.098805 0.128862
v 0.104430 -0.151754 0.128862
v 0.104430 -0.513510 0.128862
v 0.131856 -0.155002 0.128862
v 0.131856 -0.510262 0.128862
v 0.146507 -0.180378 0.128862
v 0.151875 -0.128034 0.128862
v 0.168750 -0.157262 0.128862
v 0.161158 -0.205753 0.128862
v 0.185625 -0.186490 0.128862
v 0.146507 -0.484887 0.128862
v 0.175808 -0.231129 0.128862
v 0.202500 -0.215719 0.128862
v 0.168750 -0.508002 0.128862
v 0.151875 -0.537231 0.128862
v 0.185625 -0.478774 0.128862
v 0.161158 -0.459511 0.128862
v 0.202500 -0.449546 0.128862
v 0.175808 -0.434135 0.128862
v 0.219375 -0.420317 0.128862
v 0.190459 -0.256505 0.128862
v 0.219375 -0.244947 0.128862
v 0.190459 -0.408759 0.128862
v 0.236250 -0.391089 0.128862
v 0.205110 -0.281881 0.128862
v 0.236250 -0.274175 0.128862
v 0.205110 -0.383384 0.128862
v 0.253125 -0.361860 0.128862
v 0.219760 -0.358008 0.128862
v 0.208860 -0.332632 0.128862
v 0.219760 -0.307256 0.128862
v 0.253125 -0.303404 0.128862
v -0.151875 -0.537231 0.128862
v -0.151875 -0.537231 -0.271138
v -0.131856 -0.510262 -0.271138
v -0.131856 -0.510262 0.128862
v -0.087904 -0.129626 0.128862
v -0.104430 -0.151754 -0.271138
v -0.104430 -0.151754 0.128862
v -0.087904 -0.129626 -0.271138
v -0.104430 -0.151754 -0.321138
v -0.087904 -0.129626 -0.321138
v -0.083544 -0.187929 -0.486250
v -0.070323 -0.170227 -0.486250
v -0.131856 -0.510262 -0.271138
v -0.151875 -0.537231 -0.271138
v -0.253125 -0.361861 -0.271138
v -0.219760 -0.358008 -0.271138
v 0.131856 -0.155002 -0.321138
v 0.131856 -0.155002 -0.271138
v 0.219760 -0.307256 -0.271138
v 0.219760 -0.307256 -0.321138
v 0.151875 -0.128034 -0.321138
v 0.131856 -0.155002 -0.321138
v 0.219760 -0.307256 -0.321138
v 0.253125 -0.303404 -0.321138
v 0.131856 -0.155002 0.128862
v 0.104430 -0.151754 -0.271138
v 0.104430 -0.151754 0.128862
v 0.131856 -0.155002 -0.271138
v 0.104430 -0.151754 -0.321138
v 0.131856 -0.155002 -0.321138
v 0.083544 -0.187929 -0.486250
v 0.105485 -0.190528 -0.486250
v -0.104430 -0.151754 0.128862
v -0.131856 -0.155002 -0.271138
v -0.131856 -0.155002 0.128862
v -0.104430 -0.151754 -0.271138
v -0.131856 -0.155002 -0.321138
v -0.104430 -0.151754 -0.321138
v -0.105485 -0.190528 -0.486250
v -0.083544 -0.187929 -0.486250
v 0.151875 -0.128034 0.128862
v 0.151875 -0.128034 -0.271138
v 0.131856 -0.155002 -0.271138
v 0.131856 -0.155002 0.128862
v -0.101250 -0.098805 0.128862
v -0.101250 -0.098805 -0.271138
v -0.087904 -0.129626 -0.271138
v -0.087904 -0.129626 0.128862
v -0.208860 -0.332632 0.128862
v -0.219760 -0.358008 -0.271138
v -0.219760 -0.358008 0.128862
v -0.208860 -0.332632 -0.271138
v -0.219760 -0.358008 -0.321138
v -0.208860 -0.332632 -0.321138
v -0.175808 -0.352933 -0.486250
v -0.167088 -0.332632 -0.486250
v -0.219760 -0.358008 0.128862
v -0.219760 -0.358008 -0.271138
v -0.253125 -0.361861 -0.271138
v -0.253125 -0.361861 0.128862
v -0.104430 -0.513510 0.128862
v -0.087904 -0.535638 -0.271138
v -0.087904 -0.535638 0.128862
v -0.104430 -0.513510 -0.271138
v -0.087904 -0.535638 -0.321138
v -0.104430 -0.513510 -0.321138
v -0.070323 -0.495037 -0.486250
v -0.083544 -0.477335 -0.486250
v -0.131856 -0.510262 0.128862
v -0.104430 -0.513510 -0.271138
v -0.104430 -0.513510 0.128862
v -0.131856 -0.510262 -0.271138
v -0.104430 -0.513510 -0.321138
v -0.131856 -0.510262 -0.321138
v -0.083544 -0.477335 -0.486250
v -0.105485 -0.474736 -0.486250
v 0.104430 -0.513510 0.128862
v 0.131856 -0.510262 -0.271138
v 0.131856 -0.510262 0.128862
v 0.104430 -0.513510 -0.271138
v 0.131856 -0.510262 -0.321138
v 0.104430 -0.513510 -0.321138
v 0.105485 -0.474736 -0.486250
v 0.083544 -0.477335 -0.486250
v 0.101250 -0.566459 0.128862
v 0.101250 -0.566459 -0.271138
v 0.087904 -0.535638 -0.271138
v 0.087904 -0.535638 0.128862
v 0.208860 -0.332632 0.128862
v 0.219760 -0.307256 -0.271138
v 0.219760 -0.307256 0.128862
v 0.208860 -0.332632 -0.271138
v 0.219760 -0.307256 -0.321138
v 0.208860 -0.332632 -0.321138
v 0.175808 -0.312331 -0.486250
v 0.167088 -0.332632 -0.486250
v 0.131856 -0.510262 0.128862
v 0.131856 -0.510262 -0.271138
v 0.151875 -0.537231 -0.271138
v 0.151875 -0.537231 0.128862
v 0.104430 -0.151754 0.128862
v 0.087904 -0.129626 -0.271138
v 0.087904 -0.129626 0.128862
v 0.104430 -0.151754 -0.271138
v 0.087904 -0.129626 -0.321138
v 0.104430 -0.151754 -0.321138
v 0.070323 -0.170227 -0.486250
v 0.083544 -0.187929 -0.486250
v 0.219760 -0.358008 0.128862
v 0.208860 -0.332632 -0.271138
v 0.208860 -0.332632 0.128862
v 0.219760 -0.358008 -0.271138
v 0.208860 -0.332632 -0.321138
v 0.219760 -0.358008 -0.321138
v 0.167088 -0.332632 -0.486250
v 0.175808 -0.352933 -0.486250
v -0.253125 -0.303404 0.128862
v -0.253125 -0.303404 -0.271138
v -0.219760 -0.307256 -0.271138
v -0.219760 -0.307256 0.128862
v 0.219760 -0.307256 0.128862
v 0.219760 -0.307256 -0.271138
v 0.253125 -0.303404 -0.271138
v 0.253125 -0.303404 0.128862
v 0.087904 -0.129626 0.128862
v 0.087904 -0.129626 -0.271138
v 0.101250 -0.098805 -0.271138
v 0.101250 -0.098805 0.128862
v 0.087904 -0.129626 -0.321138
v 0.070323 -0.170227 -0.486250
v 0.081000 -0.145571 -0.486250
v 0.101250 -0.098805 -0.321138
v -0.101250 -0.098805 -0.321138
v -0.081000 -0.145571 -0.486250
v -0.070323 -0.170227 -0.486250
v -0.087904 -0.129626 -0.321138
v 0.131856 -0.510262 -0.321138
v 0.105485 -0.474736 -0.486250
v 0.121500 -0.496311 -0.486250
v 0.151875 -0.537231 -0.321138
v 0.253125 -0.361860 -0.321138
v 0.202500 -0.356015 -0.486250
v 0.175808 -0.352933 -0.486250
v 0.219760 -0.358008 -0.321138
v 0.101250 -0.566459 -0.321138
v 0.087904 -0.535638 -0.321138
v -0.087904 -0.535638 -0.321138
v -0.101250 -0.566459 -0.321138
v -0.131856 -0.155002 -0.271138
v -0.131856 -0.155002 -0.321138
v -0.219760 -0.307256 -0.321138
v -0.219760 -0.307256 -0.271138
v -0.151875 -0.128034 -0.271138
v -0.131856 -0.155002 -0.271138
v -0.219760 -0.307256 -0.271138
v -0.253125 -0.303404 -0.271138
v 0.253125 -0.361860 -0.321138
v 0.219760 -0.358008 -0.321138
v 0.131856 -0.510262 -0.321138
v 0.151875 -0.537231 -0.321138
v -0.101250 -0.098805 -0.321138
v -0.087904 -0.129626 -0.321138
v 0.087904 -0.129626 -0.321138
v 0.101250 -0.098805 -0.321138
v 0.219760 -0.358008 -0.321138
v 0.219760 -0.358008 -0.271138
v 0.131856 -0.510262 -0.271138
v 0.131856 -0.510262 -0.321138
v 0.219760 -0.358008 -0.271138
v 0.253125 -0.361860 -0.271138
v 0.151875 -0.537231 -0.271138
v 0.131856 -0.510262 -0.271138
v 0.087904 -0.535638 -0.321138
v 0.087904 -0.535638 -0.271138
v -0.087904 -0.535638 -0.271138
v -0.087904 -0.535638 -0.321138
v 0.087904 -0.535638 -0.271138
v 0.101250 -0.566459 -0.271138
v -0.101250 -0.566459 -0.271138
v -0.087904 -0.535638 -0.271138
v -0.151875 -0.537231 -0.321138
v -0.131856 -0.510262 -0.321138
v -0.219760 -0.358008 -0.321138
v -0.253125 -0.361861 -0.321138
v -0.131856 -0.510262 -0.321138
v -0.131856 -0.510262 -0.271138
v -0.219760 -0.358008 -0.271138
v -0.219760 -0.358008 -0.321138
v 0.131856 -0.155002 -0.271138
v 0.151875 -0.128034 -0.271138
v 0.253125 -0.303404 -0.271138
v 0.219760 -0.307256 -0.271138
v -0.087904 -0.129626 -0.321138
v -0.087904 -0.129626 -0.271138
v 0.087904 -0.129626 -0.271138
v 0.087904 -0.129626 -0.321138
v -0.087904 -0.129626 -0.271138
v -0.101250 -0.098805 -0.271138
v 0.101250 -0.098805 -0.271138
v 0.087904 -0.129626 -0.271138
v -0.131856 -0.155002 -0.321138
v -0.151875 -0.128034 -0.321138
v -0.253125 -0.303404 -0.321138
v -0.219760 -0.307256 -0.321138
v 0.151875 -0.128034 -0.321138
v 0.121500 -0.168953 -0.486250
v 0.105485 -0.190528 -0.486250
v 0.131856 -0.155002 -0.321138
v 0.219760 -0.307256 -0.321138
v 0.175808 -0.312331 -0.486250
v 0.202500 -0.309249 -0.486250
v 0.253125 -0.303404 -0.321138
v -0.151875 -0.537231 -0.321138
v -0.121500 -0.496311 -0.486250
v -0.105485 -0.474736 -0.486250
v -0.131856 -0.510262 -0.321138
v -0.219760 -0.358008 -0.321138
v -0.175808 -0.352933 -0.486250
v -0.202500 -0.356015 -0.486250
v -0.253125 -0.361861 -0.321138
v 0.101250 -0.566459 -0.321138
v 0.081000 -0.519694 -0.486250
v 0.070323 -0.495037 -0.486250
v 0.087904 -0.535638 -0.321138
v -0.087904 -0.535638 -0.321138
v -0.070323 -0.495037 -0.486250
v -0.081000 -0.519694 -0.486250
v -0.101250 -0.566459 -0.321138
v -0.253125 -0.303404 -0.321138
v -0.202500 -0.309249 -0.486250
v -0.175808 -0.312332 -0.486250
v -0.219760 -0.307256 -0.321138
v -0.131856 -0.155002 -0.321138
v -0.105485 -0.190528 -0.486250
v -0.121500 -0.168953 -0.486250
v -0.151875 -0.128034 -0.321138
v -0.081000 -0.519694 -0.486250
v 0.070323 -0.495037 -0.486250
v 0.081000 -0.519694 -0.486250
v -0.070323 -0.495037 -0.486250
v 0.070323 -0.170227 -0.486250
v 0.083544 -0.187929 -0.486250
v 0.083544 -0.477335 -0.486250
v 0.105485 -0.190528 -0.486250
v 0.105485 -0.474736 -0.486250
v -0.070323 -0.170227 -0.486250
v 0.081000 -0.145571 -0.486250
v -0.081000 -0.145571 -0.486250
v -0.083544 -0.477335 -0.486250
v -0.083544 -0.187929 -0.486250
v -0.105485 -0.474736 -0.486250
v -0.105485 -0.190528 -0.486250
v 0.175808 -0.312331 -0.486250
v 0.202500 -0.309249 -0.486250
v 0.121500 -0.168953 -0.486250
v 0.167088 -0.332632 -0.486250
v 0.175808 -0.352933 -0.486250
v 0.121500 -0.496311 -0.486250
v 0.202500 -0.356015 -0.486250
v -0.167088 -0.332632 -0.486250
v -0.175808 -0.352933 -0.486250
v -0.202500 -0.356015 -0.486250
v -0.121500 -0.496311 -0.486250
v -0.175808 -0.312332 -0.486250
v -0.121500 -0.168953 -0.486250
v -0.202500 -0.309249 -0.486250
v -0.030000 -0.308828 -0.634277
v -0.060000 -0.308828 -0.582316
v -0.060000 -0.356828 -0.582316
v -0.030000 -0.356828 -0.634277
v -0.060000 -0.308828 -0.582316
v -0.030000 -0.308828 -0.530354
v -0.030000 -0.356828 -0.530354
v -0.060000 -0.356828 -0.582316
v 0.030000 -0.308828 -0.530354
v 0.060000 -0.308828 -0.582316
v 0.060000 -0.356828 -0.582316
v 0.030000 -0.356828 -0.530354
v 0.060000 -0.308828 -0.582316
v 0.030000 -0.308828 -0.634277
v 0.030000 -0.356828 -0.634277
v 0.060000 -0.356828 -0.582316
v 0.030000 -0.308828 -0.634277
v -0.030000 -0.308828 -0.634277
v -0.030000 -0.356828 -0.634277
v 0.030000 -0.356828 -0.634277
v 0.018000 -0.308828 -0.613493
v 0.036000 -0.308828 -0.582316
v 0.036000 -0.356828 -0.582316
v 0.018000 -0.356828 -0.613493
v -0.018000 -0.308828 -0.613493
v 0.018000 -0.308828 -0.613493
v 0.018000 -0.356828 -0.613493
v -0.018000 -0.356828 -0.613493
v 0.036000 -0.308828 -0.582316
v 0.018000 -0.308828 -0.551139
v 0.018000 -0.356828 -0.551139
v 0.036000 -0.356828 -0.582316
v 0.018000 -0.308828 -0.551139
v -0.018000 -0.308828 -0.551139
v -0.018000 -0.356828 -0.551139
v 0.018000 -0.356828 -0.551139
v -0.018000 -0.308828 -0.551139
v -0.036000 -0.308828 -0.582316
v -0.036000 -0.356828 -0.582316
v -0.018000 -0.356828 -0.551139
v -0.036000 -0.308828 -0.582316
v -0.018000 -0.308828 -0.613493
v -0.018000 -0.356828 -0.613493
v -0.036000 -0.356828 -0.582316
v 0.030000 -0.356828 -0.634277
v 0.036000 -0.356828 -0.582316
v 0.060000 -0.356828 -0.582316
v 0.018000 -0.356828 -0.613493
v 0.018000 -0.356828 -0.551139
v -0.030000 -0.356828 -0.634277
v 0.030000 -0.356828 -0.530354
v -0.018000 -0.356828 -0.613493
v -0.018000 -0.356828 -0.551139
v -0.060000 -0.356828 -0.582316
v -0.030000 -0.356828 -0.530354
v -0.036000 -0.356828 -0.582316
v -0.030000 -0.308828 -0.530354
v -0.018000 -0.308828 -0.551139
v 0.018000 -0.308828 -0.551139
v 0.030000 -0.308828 -0.530354
v -0.060000 -0.308828 -0.582316
v 0.036000 -0.308828 -0.582316
v -0.036000 -0.308828 -0.582316
v 0.060000 -0.308828 -0.582316
v -0.030000 -0.308828 -0.634277
v 0.018000 -0.308828 -0.613493
v -0.018000 -0.308828 -0.613493
v 0.030000 -0.308828 -0.634277
v 0.099537 -0.505035 -0.536250
v 0.064813 -0.482311 -0.536250
v 0.074653 -0.505035 -0.536250
v 0.076998 -0.465996 -0.536250
v 0.111979 -0.483485 -0.536250
v -0.064813 -0.482311 -0.536250
v -0.074653 -0.505035 -0.536250
v 0.097219 -0.463601 -0.536250
v 0.186632 -0.354182 -0.536250
v -0.076998 -0.465996 -0.536250
v -0.099537 -0.505035 -0.536250
v 0.162032 -0.351342 -0.536250
v 0.199074 -0.332632 -0.536250
v 0.153995 -0.332632 -0.536250
v 0.186632 -0.311082 -0.536250
v 0.162032 -0.313922 -0.536250
v 0.111979 -0.181779 -0.536250
v 0.097219 -0.201663 -0.536250
v 0.099537 -0.160229 -0.536250
v 0.076998 -0.199269 -0.536250
v 0.074653 -0.160229 -0.536250
v 0.064813 -0.182954 -0.536250
v -0.074653 -0.160229 -0.536250
v -0.064813 -0.182954 -0.536250
v -0.099537 -0.160229 -0.536250
v -0.076998 -0.199269 -0.536250
v -0.111979 -0.181779 -0.536250
v -0.097219 -0.463601 -0.536250
v -0.111979 -0.483485 -0.536250
v -0.097219 -0.201663 -0.536250
v -0.186632 -0.311082 -0.536250
v -0.162032 -0.351342 -0.536250
v -0.186632 -0.354183 -0.536250
v -0.153995 -0.332632 -0.536250
v -0.199074 -0.332632 -0.536250
v -0.162032 -0.313922 -0.536250
vt 0.25 0.75
vt 0.25 0.75
vt 0.25 0.75
vt 0.25 0.75
vt 0.25 0.75
vt 0.25 0.75
vt 0.25 0.75
vt 0.25 0.75
vt 0.25 0.75
vt 0.25 0.75
vt 0.25 0.75
vt 0.25 0.75
vt 0.25 0.75
vt 0.25 0.75
vt 0.25 0.75
vt 0.25 0.75
vt 0.25 0.75
vt 0.25 0.75
vt 0.25 0.75
vt 0.25 0.75
vt 0.25 0.75
vt 0.25 0.75
vt 0.25 0.75
vt 0.25 0.75
vt 0.25 0.75
vt 0.25 0.75
vt 0.25 0.75
vt 0.25 0.75
vt 0.25 0.75
vt 0.25 0.75
vt 0.25 0.75
vt 0.25 0.75
vt 0.25 0.75
vt 0.25 0.75
vt 0.25 0.75
vt 0.25 0.75
vt 0.25 0.75
vt 0.25 0.75
vt 0.25 0.75
vt 0.25 0.75
vt 0.25 0.75
vt 0.25 0.75
vt 0.25 0.75
vt 0.25 0.75
vt 0.25 0.75
vt 0.25 0.75
vt 0.25 0.75
vt 0.25 0.75
vt 0.25 0.75
vt 0.25 0.75
vt 0.25 0.75
vt 0.25 0.75
vt 0.25 0.75
vt 0.25 0.75
vt 0.25 0.75
vt 0.25 0.75
vt 0.25 0.75
vt 0.25 0.75
vt 0.25 0.75
vt 0.25 0.75
vt 0.25 0.75
vt 0.25 0.75
vt 0.25 0.75
vt 0.25 0.75
vt 0.25 0.75
vt 0.25 0.75
vt 0.25 0.75
vt 0.25 0.75
vt 0.25 0.75
vt 0.25 0.75
vt 0.25 0.75
vt 0.25 0.75
vt 0.25 0.75
vt 0.25 0.75
vt 0.25 0.75
vt 0.25 0.75
vt 0.25 0.75
vt 0.25 0.75
vt 0.25 0.75
vt 0.25 0.75
vt 0.25 0.75
vt 0.25 0.75
vt 0.25 0.75
vt 0.25 0.75
vt 0.25 0.75
vt 0.25 0.75
vt 0.25 0.75
vt 0.25 0.75
vt 0.25 0.75
vt 0.25 0.75
vt 0.25 0.75
vt 0.25 0.75
vt 0.25 0.75
vt 0.25 0.75
vt 0.25 0.75
vt 0.25 0.75
vt 0.25 0.75
vt 0.25 0.75
vt 0.25 0.75
vt 0.25 0.75
vt 0.25 0.75
vt 0.25 0.75
vt 0.25 0.75
vt 0.25 0.75
vt 0.25 0.75
vt 0.25 0.75
vt 0.25 0.75
vt 0.25 0.75
vt 0.25 0.75
vt 0.25 0.75
vt 0.25 0.75
vt 0.25 0.75
vt 0.25 0.75
vt 0.25 0.75
vt 0.25 0.75
vt 0.25 0.75
vt 0.25 0.75
vt 0.25 0.75
vt 0.25 0.75
vt 0.25 0.75
vt 0.25 0.75
vt 0.25 0.75
vt 0.25 0.75
vt 0.25 0.75
vt 0.25 0.75
vt 0.25 0.75
vt 0.25 0.75
vt 0.25 0.75
vt 0.25 0.75
vt 0.25 0.75
vt 0.25 0.75
vt 0.25 0.75
vt 0.25 0.75
vt 0.25 0.75
vt 0.25 0.75
vt 0.25 0.75
vt 0.25 0.75
vt 0.25 0.75
vt 0.25 0.75
vt 0.25 0.75
vt 0.25 0.75
vt 0.25 0.75
vt 0.25 0.75
vt 0.25 0.75
vt 0.25 0.75
vt 0.25 0.75
vt 0.25 0.75
vt 0.25 0.75
vt 0.25 0.75
vt 0.25 0.75
vt 0.25 0.75
vt 0.25 0.75
vt 0.25 0.75
vt 0.25 0.75
vt 0.25 0.75
vt 0.25 0.75
vt 0.25 0.75
vt 0.25 0.75
vt 0.25 0.75
vt 0.25 0.75
vt 0.25 0.75
vt 0.25 0.75
vt 0.25 0.75
vt 0.25 0.75
vt 0.25 0.75
vt 0.25 0.75
vt 0.25 0.75
vt 0.25 0.75
vt 0.25 0.75
vt 0.25 0.75
vt 0.25 0.75
vt 0.25 0.75
vt 0.25 0.75
vt 0.25 0.75
vt 0.25 0.75
vt 0.25 0.75
vt 0.25 0.75
vt 0.25 0.75
vt 0.25 0.75
vt 0.25 0.75
vt 0.25 0.75
vt 0.25 0.75
vt 0.25 0.75
vt 0.25 0.75
vt 0.25 0.75
vt 0.25 0.75
vt 0.25 0.75
vt 0.25 0.75
vt 0.25 0.75
vt 0.25 0.75
vt 0.25 0.75
vt 0.25 0.75
vt 0.25 0.75
vt 0.25 0.75
vt 0.25 0.75
vt 0.25 0.75
vt 0.25 0.75
vt 0.25 0.75
vt 0.25 0.75
vt 0.25 0.75
vt 0.25 0.75
vt 0.25 0.75
vt 0.25 0.75
vt 0.25 0.75
vt 0.25 0.75
vt 0.25 0.75
vt 0.25 0.75
vt 0.25 0.75
vt 0.25 0.75
vt 0.25 0.75
vt 0.25 0.75
vt 0.25 0.75
vt 0.25 0.75
vt 0.25 0.75
vt 0.25 0.75
vt 0.25 0.75
vt 0.25 0.75
vt 0.25 0.75
vt 0.25 0.75
vt 0.25 0.75
vt 0.25 0.75
vt 0.25 0.75
vt 0.25 0.75
vt 0.25 0.75
vt 0.25 0.75
vt 0.25 0.75
vt 0.25 0.75
vt 0.25 0.75
vt 0.25 0.75
vt 0.25 0.75
vt 0.25 0.75
vt 0.25 0.75
vt 0.25 0.75
vt 0.25 0.75
vt 0.25 0.75
vt 0.25 0.75
vt 0.25 0.75
vt 0.25 0.75
vt 0.25 0.75
vt 0.25 0.75
vt 0.25 0.75
vt 0.25 0.75
vt 0.25 0.75
vt 0.25 0.75
vt 0.25 0.75
vt 0.25 0.75
vt 0.25 0.75
vt 0.25 0.75
vt 0.25 0.75
vt 0.25 0.75
vt 0.25 0.75
vt 0.25 0.75
vt 0.25 0.75
vt 0.25 0.75
vt 0.25 0.75
vt 0.25 0.75
vt 0.25 0.75
vt 0.25 0.75
vt 0.25 0.75
vt 0.25 0.75
vt 0.25 0.75
vt 0.25 0.75
vt 0.25 0.75
vt 0.25 0.75
vt 0.25 0.75
vt 0.25 0.75
vt 0.25 0.75
vt 0.25 0.75
vt 0.25 0.75
vt 0.25 0.75
vt 0.25 0.75
vt 0.25 0.75
vt 0.25 0.75
vt 0.25 0.75
vt 0.25 0.75
vt 0.25 0.75
vt 0.25 0.75
vt 0.25 0.75
vt 0.25 0.75
vt 0.25 0.75
vt 0.25 0.75
vt 0.25 0.75
vt 0.25 0.75
vt 0.25 0.75
vt 0.25 0.75
vt 0.25 0.75
vt 0.25 0.75
vt 0.25 0.75
vt 0.25 0.75
vt 0.25 0.75
vt 0.25 0.75
vt 0.25 0.75
vt 0.25 0.75
vt 0.25 0.75
vt 0.25 0.75
vt 0.25 0.75
vt 0.25 0.75
vt 0.25 0.75
vt 0.25 0.75
vt 0.25 0.75
vt 0.25 0.75
vt 0.25 0.75
vt 0.25 0.75
vt 0.25 0.75
vt 0.25 0.75
vt 0.25 0.75
vt 0.25 0.75
vt 0.25 0.75
vt 0.25 0.75
vt 0.25 0.75
vt 0.25 0.75
vt 0.25 0.75
vt 0.25 0.75
vt 0.25 0.75
vt 0.25 0.75
vt 0.25 0.75
vt 0.25 0.75
vt 0.25 0.75
vt 0.25 0.75
vt 0.25 0.75
vt 0.25 0.75
vt 0.25 0.75
vt 0.25 0.75
vt 0.25 0.75
vt 0.25 0.75
vt 0.25 0.75
vt 0.25 0.75
vt 0.25 0.75
vt 0.25 0.75
vt 0.25 0.75
vt 0.25 0.75
vt 0.25 0.75
vt 0.25 0.75
vt 0.25 0.75
vt 0.25 0.75
vt 0.25 0.75
vt 0.25 0.75
vt 0.25 0.75
vt 0.25 0.75
vt 0.25 0.75
vt 0.25 0.75
vt 0.25 0.75
vt 0.25 0.75
vt 0.25 0.75
vt 0.25 0.75
vt 0.25 0.75
vt 0.25 0.75
vt 0.25 0.75
vt 0.25 0.75
vt 0.25 0.75
vt 0.25 0.75
vt 0.25 0.75
vt 0.25 0.75
vt 0.25 0.75
vt 0.25 0.75
vt 0.25 0.75
vt 0.25 0.75
vt 0.25 0.75
vt 0.25 0.75
vt 0.25 0.75
vt 0.25 0.75
vt 0.25 0.75
vt 0.25 0.75
vt 0.25 0.75
vt 0.25 0.75
vt 0.25 0.75
vt 0.25 0.75
vt 0.25 0.75
vt 0.25 0.75
vt 0.25 0.75
vt 0.25 0.75
vt 0.25 0.75
vt 0.25 0.75
vt 0.25 0.75
vt 0.25 0.75
vt 0.25 0.75
vt 0.25 0.75
vt 0.25 0.75
vt 0.25 0.75
vt 0.25 0.75
vt 0.25 0.75
vt 0.25 0.75
vt 0.25 0.75
vt 0.25 0.75
vt 0.25 0.75
vt 0.25 0.75
vt 0.25 0.75
vt 0.25 0.75
vt 0.25 0.75
vt 0.25 0.75
vt 0.25 0.75
vt 0.25 0.75
vt 0.25 0.75
vt 0.25 0.75
vt 0.25 0.75
vt 0.25 0.75
vt 0.25 0.75
vt 0.25 0.75
vt 0.25 0.75
vt 0.25 0.75
vt 0.25 0.75
vt 0.25 0.75
vt 0.25 0.75
vt 0.25 0.75
vt 0.25 0.75
vt 0.25 0.75
vt 0.25 0.75
vt 0.25 0.75
vt 0.25 0.75
vt 0.25 0.75
vt 0.25 0.75
vt 0.25 0.75
vt 0.25 0.75
vt 0.25 0.75
vt 0.25 0.75
vt 0.25 0.75
vt 0.25 0.75
vt 0.25 0.75
vt 0.25 0.75
vt 0.25 0.75
vt 0.25 0.75
vt 0.25 0.75
vt 0.25 0.75
vt 0.25 0.75
vt 0.25 0.75
vt 0.25 0.75
vt 0.25 0.75
vt 0.25 0.75
vt 0.25 0.75
vt 0.25 0.75
vt 0.25 0.75
vt 0.25 0.75
vt 0.25 0.75
vt 0.25 0.75
vt 0.25 0.75
vt 0.25 0.75
vt 0.25 0.75
vt 0.25 0.75
vt 0.25 0.75
vt 0.25 0.75
vt 0.25 0.75
vt 0.25 0.75
vt 0.25 0.75
vt 0.25 0.75
vt 0.25 0.75
vt 0.25 0.75
vt 0.25 0.75
vt 0.25 0.75
vt 0.25 0.75
vt 0.25 0.75
vt 0.25 0.75
vt 0.25 0.75
vt 0.25 0.75
vt 0.25 0.75
vt 0.25 0.75
vt 0.25 0.75
vt 0.25 0.75
vt 0.25 0.75
vt 0.25 0.75
vt 0.25 0.75
vt 0.25 0.75
vt 0.25 0.75
vt 0.25 0.75
vt 0.25 0.75
vt 0.25 0.75
vt 0.25 0.75
vt 0.25 0.75
vt 0.25 0.75
vt 0.25 0.75
vt 0.25 0.75
vt 0.25 0.75
vt 0.25 0.75
vt 0.25 0.75
vt 0.25 0.75
vt 0.25 0.75
vt 0.25 0.75
vt 0.25 0.75
vt 0.25 0.75
vt 0.25 0.75
vt 0.25 0.75
vt 0.25 0.75
vt 0.25 0.75
vt 0.25 0.75
vt 0.25 0.75
vt 0.25 0.75
vt 0.25 0.75
vt 0.25 0.75
vt 0.25 0.75
vt 0.25 0.75
vt 0.25 0.75
vt 0.25 0.75
vt 0.25 0.75
vt 0.25 0.75
vt 0.25 0.75
vt 0.25 0.75
vt 0.25 0.75
vt 0.25 0.75
vt 0.25 0.75
vt 0.25 0.75
vt 0.25 0.75
vt 0.25 0.75
vt 0.25 0.75
vt 0.25 0.75
vt 0.25 0.75
vt 0.25 0.75
vt 0.25 0.75
vt 0.25 0.75
vt 0.25 0.75
vt 0.25 0.75
vt 0.25 0.75
vt 0.25 0.75
vt 0.25 0.75
vt 0.25 0.75
vt 0.25 0.75
vt 0.25 0.75
vt 0.25 0.75
vt 0.25 0.75
vt 0.25 0.75
vt 0.25 0.75
vt 0.25 0.75
vt 0.25 0.75
vt 0.25 0.75
vt 0.25 0.75
vt 0.25 0.75
vt 0.25 0.75
vt 0.25 0.75
vt 0.25 0.75
vt 0.25 0.75
vt 0.25 0.75
vt 0.25 0.75
vt 0.25 0.75
vt 0.25 0.75
vt 0.25 0.75
vt 0.25 0.75
vt 0.25 0.75
vt 0.25 0.75
vt 0.25 0.75
vt 0.25 0.75
vt 0.25 0.75
vt 0.25 0.75
vt 0.25 0.75
vt 0.25 0.75
vt 0.25 0.75
vt 0.25 0.75
vt 0.25 0.75
vt 0.25 0.75
vt 0.25 0.75
vt 0.25 0.75
vt 0.25 0.75
vt 0.25 0.75
vt 0.25 0.75
vt 0.25 0.75
vt 0.25 0.75
vt 0.25 0.75
vt 0.25 0.75
vt 0.25 0.75
vt 0.25 0.75
vt 0.25 0.75
vt 0.25 0.75
vt 0.25 0.75
vt 0.25 0.75
vt 0.25 0.75
vt 0.25 0.75
vt 0.25 0.75
vt 0.25 0.75
vt 0.25 0.75
vt 0.25 0.75
vt 0.25 0.75
vt 0.25 0.75
vt 0.25 0.75
vt 0.25 0.75
vt 0.25 0.75
vt 0.25 0.75
vt 0.25 0.75
vt 0.25 0.75
vt 0.25 0.75
vt 0.25 0.75
vt 0.25 0.75
vt 0.25 0.75
vt 0.25 0.75
vt 0.25 0.75
vt 0.25 0.75
vt 0.25 0.75
vt 0.25 0.75
vt 0.25 0.75
vt 0.25 0.75
vt 0.25 0.75
vt 0.25 0.75
vt 0.25 0.75
vt 0.25 0.75
vt 0.25 0.75
vt 0.25 0.75
vt 0.25 0.75
vt 0.25 0.75
vt 0.25 0.75
vt 0.25 0.75
vt 0.25 0.75
vt 0.25 0.75
vt 0.25 0.75
vt 0.25 0.75
vt 0.25 0.75
vt 0.25 0.75
vt 0.25 0.75
vt 0.25 0.75
vt 0.25 0.75
vt 0.25 0.75
vt 0.25 0.75
vt 0.25 0.75
vt 0.25 0.75
vt 0.25 0.75
vt 0.25 0.75
vt 0.25 0.75
vt 0.25 0.75
vt 0.25 0.75
vt 0.25 0.75
vt 0.25 0.75
vt 0.25 0.75
vt 0.25 0.75
vt 0.25 0.75
vt 0.25 0.75
vt 0.25 0.75
vt 0.25 0.75
vt 0.25 0.75
vt 0.25 0.75
vt 0.25 0.75
vt 0.25 0.75
vt 0.25 0.75
vt 0.25 0.75
vt 0.25 0.75
vt 0.25 0.75
vt 0.25 0.75
vt 0.25 0.75
vt 0.25 0.75
vt 0.25 0.75
vt 0.25 0.75
vt 0.25 0.75
vt 0.25 0.75
vt 0.25 0.75
vt 0.25 0.75
vt 0.75 0.25
vt 0.75 0.25
vt 0.75 0.25
vt 0.75 0.25
vt 0.75 0.25
vt 0.75 0.25
vt 0.75 0.25
vt 0.75 0.25
vt 0.75 0.25
vt 0.75 0.25
vt 0.75 0.25
vt 0.75 0.25
vt 0.75 0.25
vt 0.75 0.25
vt 0.75 0.25
vt 0.75 0.25
vt 0.75 0.25
vt 0.75 0.25
vt 0.75 0.25
vt 0.75 0.25
vt 0.75 0.25
vt 0.75 0.25
vt 0.75 0.25
vt 0.75 0.25
vt 0.75 0.25
vt 0.75 0.25
vt 0.75 0.25
vt 0.75 0.25
vt 0.75 0.25
vt 0.75 0.25
vt 0.75 0.25
vt 0.75 0.25
vt 0.75 0.25
vt 0.75 0.25
vt 0.75 0.25
vt 0.75 0.25
vt 0.75 0.25
vt 0.75 0.25
vt 0.75 0.25
vt 0.75 0.25
vt 0.75 0.25
vt 0.75 0.25
vt 0.75 0.25
vt 0.75 0.25
vt 0.75 0.25
vt 0.75 0.25
vt 0.75 0.25
vt 0.75 0.25
vt 0.75 0.25
vt 0.75 0.25
vt 0.75 0.25
vt 0.75 0.25
vt 0.75 0.25
vt 0.75 0.25
vt 0.75 0.25
vt 0.75 0.25
vt 0.75 0.25
vt 0.75 0.25
vt 0.75 0.25
vt 0.75 0.25
vt 0.75 0.25
vt 0.75 0.25
vt 0.75 0.25
vt 0.75 0.25
vt 0.75 0.25
vt 0.75 0.25
vt 0.75 0.25
vt 0.75 0.25
vt 0.25 0.75
vt 0.25 0.75
vt 0.25 0.75
vt 0.25 0.75
vt 0.25 0.75
vt 0.25 0.75
vt 0.25 0.75
vt 0.25 0.75
vt 0.25 0.75
vt 0.25 0.75
vt 0.25 0.75
vt 0.25 0.75
vt 0.25 0.75
vt 0.25 0.75
vt 0.25 0.75
vt 0.25 0.75
vt 0.25 0.75
vt 0.25 0.75
vt 0.25 0.75
vt 0.25 0.75
vt 0.25 0.75
vt 0.25 0.75
vt 0.25 0.75
vt 0.25 0.75
vt 0.25 0.75
vt 0.25 0.75
vt 0.25 0.75
vt 0.25 0.75
vt 0.25 0.75
vt 0.25 0.75
vt 0.25 0.75
vt 0.25 0.75
vt 0.25 0.75
vt 0.25 0.75
vt 0.25 0.75
vt 0.25 0.75
vn -0.000000 1.000000 -0.000000
vn -0.000000 1.000000 -0.000000
vn -0.000000 1.000000 -0.000000
vn -0.866025 0.500000 -0.000000
vn -0.866026 0.500000 -0.000000
vn -0.866026 0.500000 -0.000000
vn -0.866026 0.500000 -0.000000
vn -0.866025 0.500000 -0.000000
vn -0.866025 0.500000 -0.000000
vn -0.866025 0.500000 -0.000000
vn -0.866025 0.500000 -0.000000
vn -0.866025 0.500000 -0.000000
vn -0.866025 0.500000 -0.000000
vn -0.866025 0.500000 -0.000000
vn -0.866025 0.500000 -0.000000
vn -0.866026 0.500000 -0.000000
vn -0.866026 0.500000 -0.000000
vn -0.866025 0.500000 -0.000000
vn -0.866026 0.500000 -0.000000
vn -0.866025 0.500000 -0.000000
vn -0.866025 0.500000 -0.000000
vn -0.866025 0.500000 -0.000000
vn -0.866025 0.500000 -0.000000
vn -0.866025 0.500000 -0.000000
vn -0.857792 0.495247 -0.137565
vn -0.866026 0.500000 -0.000000
vn -0.862384 0.497898 -0.091612
vn -0.832157 0.480446 -0.276923
vn -0.862384 0.497897 -0.091612
vn -0.857792 0.495246 -0.137565
vn -0.831789 0.480234 -0.278392
vn -0.831048 0.479806 -0.281327
vn -0.831048 0.479806 -0.281327
vn -0.831790 0.480234 -0.278392
vn -0.832157 0.480446 -0.276923
vn -0.831049 0.479806 -0.281327
vn -0.831049 0.479806 -0.281327
vn -0.866025 -0.500000 0.000000
vn -0.866026 -0.500000 0.000000
vn -0.866026 -0.500000 0.000000
vn -0.866025 -0.500000 0.000000
vn -0.866025 -0.500000 0.000000
vn -0.866025 -0.500000 0.000000
vn -0.866025 -0.500000 0.000000
vn -0.866025 -0.500000 0.000000
vn -0.866026 -0.500000 0.000000
vn -0.866026 -0.500000 0.000000
vn -0.866025 -0.500000 0.000000
vn -0.866025 -0.500000 0.000000
vn -0.866025 -0.500000 0.000000
vn -0.866025 -0.500000 0.000000
vn -0.866025 -0.500000 0.000000
vn -0.866026 -0.500000 0.000000
vn -0.866025 -0.500000 0.000000
vn -0.866025 -0.500000 0.000000
vn -0.866025 -0.500000 0.000000
vn -0.866025 -0.500000 0.000000
vn -0.866025 -0.500000 0.000000
vn -0.857792 -0.495247 -0.137565
vn -0.866026 -0.500000 0.000000
vn -0.862383 -0.497898 -0.091612
vn -0.832157 -0.480447 -0.276923
vn -0.862384 -0.497897 -0.091612
vn -0.857792 -0.495246 -0.137565
vn -0.831789 -0.480234 -0.278392
vn -0.831048 -0.479807 -0.281327
vn -0.831048 -0.479806 -0.281327
vn -0.831790 -0.480234 -0.278392
vn -0.832157 -0.480445 -0.276923
vn -0.831049 -0.479806 -0.281326
vn -0.831049 -0.479805 -0.281326
vn -0.000000 -1.000000 0.000000
vn -0.000000 -1.000000 0.000000
vn -0.000000 -1.000000 0.000000
vn -0.000000 -1.000000 0.000000
vn -0.000000 -1.000000 0.000000
vn -0.000000 -1.000000 0.000000
vn -0.000000 -1.000000 0.000000
vn -0.000000 -1.000000 0.000000
vn -0.000000 -1.000000 0.000000
vn -0.000000 -1.000000 0.000000
vn -0.000000 -1.000000 0.000000
vn -0.000000 -1.000000 0.000000
vn -0.000000 -1.000000 0.000000
vn -0.000000 -1.000000 0.000000
vn -0.000000 -1.000000 0.000000
vn -0.000000 -1.000000 0.000000
vn -0.000000 -1.000000 0.000000
vn -0.000000 -1.000000 0.000000
vn -0.000000 -1.000000 0.000000
vn -0.000000 -1.000000 0.000000
vn -0.000000 -1.000000 0.000000
vn -0.000000 -0.990493 -0.137565
vn -0.000000 -1.000000 0.000000
vn -0.000000 -0.995795 -0.091612
vn -0.000000 -0.960892 -0.276923
vn -0.000000 -0.995795 -0.091612
vn -0.000000 -0.990493 -0.137565
vn -0.000000 -0.960468 -0.278392
vn -0.000000 -0.959612 -0.281327
vn -0.000000 -0.959612 -0.281327
vn -0.000000 -0.960468 -0.278392
vn -0.000000 -0.960892 -0.276923
vn -0.000000 -0.959612 -0.281327
vn -0.000000 -0.959612 -0.281327
vn 0.866026 -0.500000 0.000000
vn 0.866026 -0.500000 0.000000
vn 0.866026 -0.500000 0.000000
vn 0.866026 -0.500000 0.000000
vn 0.866026 -0.500000 0.000000
vn 0.866026 -0.500000 0.000000
vn 0.866026 -0.499999 0.000000
vn 0.866026 -0.499999 0.000000
vn 0.866026 -0.500000 0.000000
vn 0.866026 -0.500000 0.000000
vn 0.866026 -0.500000 0.000000
vn 0.866026 -0.500000 0.000000
vn 0.866025 -0.500000 0.000000
vn 0.866025 -0.500000 0.000000
vn 0.866026 -0.500000 0.000000
vn 0.866026 -0.500000 0.000000
vn 0.866026 -0.500000 0.000000
vn 0.866026 -0.499999 0.000000
vn 0.866026 -0.499999 0.000000
vn 0.866026 -0.499999 0.000000
vn 0.866026 -0.499999 0.000000
vn 0.857792 -0.495246 -0.137565
vn 0.866026 -0.500000 0.000000
vn 0.862384 -0.497897 -0.091612
vn 0.832158 -0.480445 -0.276923
vn 0.862384 -0.497897 -0.091612
vn 0.857792 -0.495246 -0.137565
vn 0.831790 -0.480233 -0.278392
vn 0.831049 -0.479805 -0.281326
vn 0.831049 -0.479805 -0.281326
vn 0.831790 -0.480233 -0.278392
vn 0.832157 -0.480446 -0.276923
vn 0.831049 -0.479806 -0.281327
vn 0.831049 -0.479806 -0.281327
vn 0.918820 0.394677 -0.000000
vn 0.918820 0.394677 -0.000000
vn 0.918820 0.394677 -0.000000
vn 0.918820 0.394677 -0.000000
vn 0.912835 0.392106 0.113951
vn 0.912835 0.392106 0.113951
vn 0.894959 0.384427 0.226417
vn 0.894959 0.384427 0.226417
vn 0.866025 0.500000 -0.000000
vn 0.866025 0.500000 -0.000000
vn 0.866025 0.500000 -0.000000
vn 0.866025 0.500000 -0.000000
vn 0.866025 0.500000 -0.000000
vn 0.866025 0.500000 -0.000000
vn 0.866025 0.500000 -0.000000
vn 0.866025 0.500000 -0.000000
vn 0.866025 0.500000 -0.000000
vn 0.866025 0.500000 -0.000000
vn 0.866025 0.500000 -0.000000
vn 0.866025 0.500000 -0.000000
vn 0.866025 0.500000 -0.000000
vn 0.866025 0.500000 -0.000000
vn 0.866025 0.500000 -0.000000
vn 0.866025 0.500000 -0.000000
vn 0.866025 0.500000 -0.000000
vn 0.866025 0.500000 -0.000000
vn 0.866025 0.500000 -0.000000
vn 0.866025 0.500000 -0.000000
vn 0.866025 0.500000 -0.000000
vn 0.857792 0.495247 -0.137565
vn 0.866025 0.500000 -0.000000
vn 0.862383 0.497898 -0.091612
vn 0.832157 0.480447 -0.276923
vn 0.862384 0.497898 -0.091612
vn 0.857792 0.495247 -0.137565
vn 0.831789 0.480234 -0.278392
vn 0.831048 0.479807 -0.281327
vn 0.831048 0.479806 -0.281327
vn 0.831789 0.480234 -0.278392
vn 0.832157 0.480446 -0.276923
vn 0.831048 0.479806 -0.281327
vn 0.831048 0.479806 -0.281327
vn -0.000000 1.000000 -0.000000
vn -0.000000 1.000000 -0.000000
vn -0.000000 1.000000 -0.000000
vn -0.000000 1.000000 -0.000000
vn -0.000000 1.000000 -0.000000
vn -0.000000 1.000000 -0.000000
vn -0.000000 1.000000 -0.000000
vn -0.000000 1.000000 -0.000000
vn -0.000000 1.000000 -0.000000
vn -0.000000 1.000000 -0.000000
vn -0.000000 1.000000 -0.000000
vn -0.000000 1.000000 -0.000000
vn -0.000000 1.000000 -0.000000
vn -0.000000 1.000000 -0.000000
vn -0.000000 1.000000 -0.000000
vn -0.000000 1.000000 -0.000000
vn -0.000000 1.000000 -0.000000
vn -0.000000 1.000000 -0.000000
vn -0.000000 1.000000 -0.000000
vn -0.000000 1.000000 -0.000000
vn -0.000000 1.000000 -0.000000
vn -0.000000 0.990493 -0.137565
vn -0.000000 1.000000 -0.000000
vn -0.000000 0.995795 -0.091612
vn -0.000000 0.960892 -0.276923
vn -0.000000 0.995795 -0.091612
vn -0.000000 0.990493 -0.137565
vn -0.000000 0.960468 -0.278392
vn -0.000000 0.959612 -0.281327
vn -0.000000 0.959612 -0.281327
vn -0.000000 0.960468 -0.278392
vn -0.000000 0.960892 -0.276923
vn -0.000000 0.959612 -0.281327
vn -0.000000 0.959612 -0.281327
vn -0.000000 0.000000 1.000000
vn -0.000000 0.000000 1.000000
vn -0.000000 0.000000 1.000000
vn -0.000000 0.000000 1.000000
vn -0.000000 0.000000 1.000000
vn -0.000000 0.000000 1.000000
vn -0.000000 0.000000 1.000000
vn -0.000000 0.000000 1.000000
vn -0.000000 0.000000 1.000000
vn -0.000000 0.000000 1.000000
vn -0.000000 0.000000 1.000000
vn -0.000000 0.000000 1.000000
vn -0.000000 0.000000 1.000000
vn -0.000000 0.000000 1.000000
vn -0.000000 0.000000 1.000000
vn -0.000000 0.000000 1.000000
vn -0.000000 0.000000 1.000000
vn -0.000000 0.000000 1.000000
vn -0.000000 0.000000 1.000000
vn -0.000000 0.000000 1.000000
vn -0.000000 0.000000 1.000000
vn -0.000000 0.000000 1.000000
vn -0.000000 0.000000 1.000000
vn -0.000000 0.000000 1.000000
vn -0.000000 0.000000 1.000000
vn -0.000000 0.000000 1.000000
vn -0.000000 0.000000 1.000000
vn -0.000000 0.000000 1.000000
vn -0.000000 0.000000 1.000000
vn -0.000000 0.000000 1.000000
vn -0.000000 0.000000 1.000000
vn -0.000000 0.000000 1.000000
vn -0.000000 0.000000 1.000000
vn -0.000000 0.000000 1.000000
vn -0.000000 0.000000 1.000000
vn -0.000000 0.000000 1.000000
vn -0.000000 0.000000 1.000000
vn -0.000000 0.000000 1.000000
vn -0.000000 0.000000 1.000000
vn -0.000000 0.000000 1.000000
vn -0.000000 0.000000 1.000000
vn -0.000000 0.000000 1.000000
vn -0.000000 0.000000 1.000000
vn -0.000000 0.000000 1.000000
vn -0.000000 0.000000 1.000000
vn -0.000000 0.000000 1.000000
vn -0.000000 0.000000 1.000000
vn -0.000000 0.000000 1.000000
vn -0.802955 -0.596040 0.000000
vn -0.802955 -0.596040 0.000000
vn -0.802955 -0.596040 0.000000
vn -0.802955 -0.596040 0.000000
vn -0.114708 -0.993399 0.000000
vn -0.114708 -0.993399 0.000000
vn -0.114708 -0.993399 0.000000
vn -0.114708 -0.993399 0.000000
vn -0.801211 0.598382 -0.000000
vn -0.801211 0.598382 -0.000000
vn -0.801211 0.598382 -0.000000
vn -0.801211 0.598382 -0.000000
vn -0.795992 0.594484 0.113951
vn -0.795992 0.594484 0.113951
vn -0.780404 0.582842 0.226417
vn -0.780404 0.582842 0.226417
vn 0.917663 -0.397360 0.000000
vn 0.917663 -0.397360 0.000000
vn 0.917663 -0.397360 0.000000
vn 0.917663 -0.397360 0.000000
vn -0.000000 -0.000000 -1.000000
vn -0.000000 -0.000000 -1.000000
vn -0.000000 -0.000000 -1.000000
vn -0.000000 -0.000000 -1.000000
vn -0.000000 -0.000000 -1.000000
vn -0.000000 -0.000000 -1.000000
vn -0.000000 -0.000000 -1.000000
vn -0.000000 -0.000000 -1.000000
vn -0.000000 -0.000000 -1.000000
vn -0.000000 -0.000000 -1.000000
vn -0.000000 -0.000000 -1.000000
vn -0.000000 -0.000000 -1.000000
vn -0.000000 -0.000000 -1.000000
vn -0.000000 -0.000000 -1.000000
vn -0.000000 -0.000000 -1.000000
vn -0.000000 -0.000000 -1.000000
vn -0.000000 -0.000000 -1.000000
vn -0.000000 -0.000000 -1.000000
vn -0.000000 -0.000000 -1.000000
vn -0.000000 -0.000000 -1.000000
vn -0.000000 -0.000000 -1.000000
vn -0.000000 -0.000000 -1.000000
vn -0.000000 -0.000000 -1.000000
vn -0.000000 -0.000000 -1.000000
vn -0.000000 -0.000000 -1.000000
vn -0.000000 -0.000000 -1.000000
vn -0.000000 -0.000000 -1.000000
vn -0.000000 -0.000000 -1.000000
vn -0.000000 -0.000000 -1.000000
vn -0.000000 -0.000000 -1.000000
vn -0.000000 -0.000000 -1.000000
vn -0.000000 -0.000000 -1.000000
vn -0.000000 -0.000000 -1.000000
vn -0.000000 -0.000000 -1.000000
vn -0.000000 -0.000000 -1.000000
vn -0.000000 -0.000000 -1.000000
vn -0.000000 -0.000000 -1.000000
vn -0.000000 -0.000000 -1.000000
vn -0.000000 -0.000000 -1.000000
vn -0.000000 -0.000000 -1.000000
vn -0.000000 -0.000000 -1.000000
vn -0.000000 -0.000000 -1.000000
vn -0.000000 -0.000000 -1.000000
vn -0.000000 -0.000000 -1.000000
vn -0.000000 -0.000000 -1.000000
vn -0.000000 -0.000000 -1.000000
vn -0.000000 -0.000000 -1.000000
vn -0.000000 -0.000000 -1.000000
vn -0.000000 -0.000000 -1.000000
vn -0.000000 -0.000000 -1.000000
vn -0.000000 -0.000000 -1.000000
vn -0.000000 -0.000000 -1.000000
vn -0.000000 -0.000000 -1.000000
vn -0.000000 -0.000000 -1.000000
vn -0.000000 -0.000000 -1.000000
vn -0.000000 -0.000000 -1.000000
vn -0.000000 -0.000000 -1.000000
vn -0.000000 -0.000000 -1.000000
vn -0.000000 -0.000000 -1.000000
vn -0.000000 -0.000000 -1.000000
vn -0.000000 -0.000000 -1.000000
vn -0.000000 -0.000000 -1.000000
vn -0.000000 -0.000000 -1.000000
vn -0.000000 -0.000000 -1.000000
vn -0.000000 -0.000000 -1.000000
vn -0.000000 -0.000000 -1.000000
vn -0.000000 -0.000000 -1.000000
vn -0.000000 -0.000000 -1.000000
vn -0.000000 -0.000000 -1.000000
vn -0.000000 -0.000000 -1.000000
vn -0.000000 -0.000000 -1.000000
vn -0.000000 -0.000000 -1.000000
vn -0.000000 -0.000000 -1.000000
vn -0.000000 -0.000000 -1.000000
vn -0.000000 -0.000000 -1.000000
vn -0.000000 -0.000000 -1.000000
vn -0.000000 -0.000000 -1.000000
vn -0.000000 -0.000000 -1.000000
vn -0.000000 -0.000000 -1.000000
vn -0.000000 -0.000000 -1.000000
vn -0.000000 -0.000000 -1.000000
vn -0.000000 -0.000000 -1.000000
vn -0.000000 -0.000000 -1.000000
vn -0.000000 -0.000000 -1.000000
vn -0.000000 -0.000000 -1.000000
vn -0.000000 -0.000000 -1.000000
vn -0.000000 -0.000000 -1.000000
vn -0.000000 -0.000000 -1.000000
vn -0.000000 -0.000000 -1.000000
vn -0.000000 -0.000000 -1.000000
vn -0.802954 0.596040 -0.000000
vn -0.802954 0.596040 -0.000000
vn -0.802954 0.596040 -0.000000
vn -0.802954 0.596040 -0.000000
vn 0.801210 -0.598383 0.000000
vn 0.801210 -0.598383 0.000000
vn 0.801210 -0.598383 0.000000
vn 0.801210 -0.598383 0.000000
vn 0.795991 -0.594485 0.113951
vn 0.795991 -0.594485 0.113951
vn 0.780403 -0.582843 0.226417
vn 0.780403 -0.582843 0.226417
vn -0.000000 0.000000 1.000000
vn -0.000000 0.000000 1.000000
vn -0.000000 0.000000 1.000000
vn -0.000000 0.000000 1.000000
vn -0.866025 -0.500000 0.000000
vn -0.866025 -0.500000 0.000000
vn -0.866025 -0.500000 0.000000
vn -0.866025 -0.500000 0.000000
vn -0.000000 -0.000000 -1.000000
vn -0.000000 -0.000000 -1.000000
vn -0.000000 -0.000000 -1.000000
vn -0.000000 -0.000000 -1.000000
vn -0.117610 -0.993060 0.000000
vn -0.117610 -0.993060 0.000000
vn -0.117610 -0.993060 0.000000
vn -0.117610 -0.993060 0.000000
vn -0.116843 -0.986592 0.113951
vn -0.116843 -0.986592 0.113951
vn -0.114555 -0.967271 0.226417
vn -0.114555 -0.967271 0.226417
vn 0.117610 -0.993060 0.000000
vn 0.117610 -0.993060 0.000000
vn 0.117610 -0.993060 0.000000
vn 0.117610 -0.993060 0.000000
vn 0.116844 -0.986591 0.113951
vn 0.116844 -0.986591 0.113951
vn 0.114556 -0.967270 0.226417
vn 0.114556 -0.967270 0.226417
vn 0.802955 -0.596040 0.000000
vn 0.802955 -0.596040 0.000000
vn 0.802955 -0.596040 0.000000
vn 0.802955 -0.596040 0.000000
vn 0.917663 0.397360 -0.000000
vn 0.917663 0.397360 -0.000000
vn 0.917663 0.397360 -0.000000
vn 0.917663 0.397360 -0.000000
vn 0.918820 -0.394678 0.000000
vn 0.918820 -0.394678 0.000000
vn 0.918820 -0.394678 0.000000
vn 0.918820 -0.394678 0.000000
vn 0.912835 -0.392107 0.113951
vn 0.912835 -0.392107 0.113951
vn 0.894958 -0.384428 0.226417
vn 0.894958 -0.384428 0.226417
vn 0.114708 -0.993399 0.000000
vn 0.114708 -0.993399 0.000000
vn 0.114708 -0.993399 0.000000
vn 0.114708 -0.993399 0.000000
vn 0.801211 0.598382 -0.000000
vn 0.801211 0.598382 -0.000000
vn 0.801211 0.598382 -0.000000
vn 0.801211 0.598382 -0.000000
vn 0.795992 0.594484 0.113951
vn 0.795992 0.594484 0.113951
vn 0.780404 0.582842 0.226417
vn 0.780404 0.582842 0.226417
vn 0.117607 0.993060 -0.000000
vn 0.117607 0.993060 -0.000000
vn 0.117607 0.993060 -0.000000
vn 0.117607 0.993060 -0.000000
vn 0.116841 0.986592 0.113951
vn 0.116841 0.986592 0.113951
vn 0.114552 0.967271 0.226417
vn 0.114552 0.967271 0.226417
vn -0.117607 0.993060 -0.000000
vn -0.117607 0.993060 -0.000000
vn -0.117607 0.993060 -0.000000
vn -0.117607 0.993060 -0.000000
vn -0.116841 0.986592 0.113951
vn -0.116841 0.986592 0.113951
vn -0.114552 0.967271 0.226417
vn -0.114552 0.967271 0.226417
vn -0.917663 -0.397360 0.000000
vn -0.917663 -0.397360 0.000000
vn -0.917663 -0.397360 0.000000
vn -0.917663 -0.397360 0.000000
vn -0.918820 0.394677 -0.000000
vn -0.918820 0.394677 -0.000000
vn -0.918820 0.394677 -0.000000
vn -0.918820 0.394677 -0.000000
vn -0.912835 0.392107 0.113951
vn -0.912835 0.392107 0.113951
vn -0.894958 0.384428 0.226417
vn -0.894958 0.384428 0.226417
vn 0.802954 0.596040 -0.000000
vn 0.802954 0.596040 -0.000000
vn 0.802954 0.596040 -0.000000
vn 0.802954 0.596040 -0.000000
vn -0.801210 -0.598383 0.000000
vn -0.801210 -0.598383 0.000000
vn -0.801210 -0.598383 0.000000
vn -0.801210 -0.598383 0.000000
vn -0.795991 -0.594485 0.113951
vn -0.795991 -0.594485 0.113951
vn -0.780403 -0.582843 0.226417
vn -0.780403 -0.582843 0.226417
vn -0.918820 -0.394677 0.000000
vn -0.918820 -0.394677 0.000000
vn -0.918820 -0.394677 0.000000
vn -0.918820 -0.394677 0.000000
vn -0.912835 -0.392106 0.113951
vn -0.912835 -0.392106 0.113951
vn -0.894958 -0.384428 0.226417
vn -0.894958 -0.384428 0.226417
vn 0.114708 0.993399 -0.000000
vn 0.114708 0.993399 -0.000000
vn 0.114708 0.993399 -0.000000
vn 0.114708 0.993399 -0.000000
vn -0.114708 0.993399 -0.000000
vn -0.114708 0.993399 -0.000000
vn -0.114708 0.993399 -0.000000
vn -0.114708 0.993399 -0.000000
vn -0.917663 0.397360 -0.000000
vn -0.917663 0.397360 -0.000000
vn -0.917663 0.397360 -0.000000
vn -0.917663 0.397360 -0.000000
vn -0.917663 0.397360 -0.000000
vn -0.917663 0.397360 -0.000000
vn -0.917663 0.397360 -0.000000
vn -0.917663 0.397360 -0.000000
vn 0.917663 0.397360 -0.000000
vn 0.917663 0.397360 -0.000000
vn 0.917663 0.397360 -0.000000
vn 0.917663 0.397360 -0.000000
vn 0.802954 0.596040 -0.000000
vn 0.802954 0.596040 -0.000000
vn 0.802954 0.596040 -0.000000
vn 0.802954 0.596040 -0.000000
vn -0.114708 -0.993399 0.000000
vn -0.114708 -0.993399 0.000000
vn -0.114708 -0.993399 0.000000
vn -0.114708 -0.993399 0.000000
vn -0.000000 -0.000000 -1.000000
vn -0.000000 -0.000000 -1.000000
vn -0.000000 -0.000000 -1.000000
vn -0.000000 -0.000000 -1.000000
vn 0.866025 -0.500000 0.000000
vn 0.866025 -0.500000 0.000000
vn 0.866025 -0.500000 0.000000
vn 0.866025 -0.500000 0.000000
vn -0.000000 0.000000 1.000000
vn -0.000000 0.000000 1.000000
vn -0.000000 0.000000 1.000000
vn -0.000000 0.000000 1.000000
vn -0.000000 -0.000000 -1.000000
vn -0.000000 -0.000000 -1.000000
vn -0.000000 -0.000000 -1.000000
vn -0.000000 -0.000000 -1.000000
vn -0.000000 -0.000000 -1.000000
vn -0.000000 -0.000000 -1.000000
vn -0.000000 -0.000000 -1.000000
vn -0.000000 -0.000000 -1.000000
vn -0.866026 0.500000 -0.000000
vn -0.866026 0.500000 -0.000000
vn -0.866026 0.500000 -0.000000
vn -0.866026 0.500000 -0.000000
vn -0.000000 0.000000 1.000000
vn -0.000000 0.000000 1.000000
vn -0.000000 0.000000 1.000000
vn -0.000000 0.000000 1.000000
vn -0.000000 1.000000 -0.000000
vn -0.000000 1.000000 -0.000000
vn -0.000000 1.000000 -0.000000
vn -0.000000 1.000000 -0.000000
vn -0.000000 0.000000 1.000000
vn -0.000000 0.000000 1.000000
vn -0.000000 0.000000 1.000000
vn -0.000000 0.000000 1.000000
vn -0.000000 -0.000000 -1.000000
vn -0.000000 -0.000000 -1.000000
vn -0.000000 -0.000000 -1.000000
vn -0.000000 -0.000000 -1.000000
vn 0.866025 0.500000 -0.000000
vn 0.866025 0.500000 -0.000000
vn 0.866025 0.500000 -0.000000
vn 0.866025 0.500000 -0.000000
vn -0.000000 0.000000 1.000000
vn -0.000000 0.000000 1.000000
vn -0.000000 0.000000 1.000000
vn -0.000000 0.000000 1.000000
vn -0.000000 -1.000000 0.000000
vn -0.000000 -1.000000 0.000000
vn -0.000000 -1.000000 0.000000
vn -0.000000 -1.000000 0.000000
vn -0.000000 0.000000 1.000000
vn -0.000000 0.000000 1.000000
vn -0.000000 0.000000 1.000000
vn -0.000000 0.000000 1.000000
vn -0.000000 -0.000000 -1.000000
vn -0.000000 -0.000000 -1.000000
vn -0.000000 -0.000000 -1.000000
vn -0.000000 -0.000000 -1.000000
vn 0.802955 -0.596040 0.000000
vn 0.802955 -0.596040 0.000000
vn 0.802955 -0.596040 0.000000
vn 0.802955 -0.596040 0.000000
vn -0.114708 0.993399 -0.000000
vn -0.114708 0.993399 -0.000000
vn -0.114708 0.993399 -0.000000
vn -0.114708 0.993399 -0.000000
vn -0.802954 0.596041 -0.000000
vn -0.802954 0.596041 -0.000000
vn -0.802954 0.596041 -0.000000
vn -0.802954 0.596041 -0.000000
vn 0.114708 -0.993399 0.000000
vn 0.114708 -0.993399 0.000000
vn 0.114708 -0.993399 0.000000
vn 0.114708 -0.993399 0.000000
vn -0.917663 -0.397360 0.000000
vn -0.917663 -0.397360 0.000000
vn -0.917663 -0.397360 0.000000
vn -0.917663 -0.397360 0.000000
vn 0.917663 -0.397360 0.000000
vn 0.917663 -0.397360 0.000000
vn 0.917663 -0.397360 0.000000
vn 0.917663 -0.397360 0.000000
vn 0.114708 0.993399 -0.000000
vn 0.114708 0.993399 -0.000000
vn 0.114708 0.993399 -0.000000
vn 0.114708 0.993399 -0.000000
vn -0.802955 -0.596040 0.000000
vn -0.802955 -0.596040 0.000000
vn -0.802955 -0.596040 0.000000
vn -0.802955 -0.596040 0.000000
vn -0.000000 0.000000 1.000000
vn -0.000000 0.000000 1.000000
vn -0.000000 0.000000 1.000000
vn -0.000000 0.000000 1.000000
vn -0.000000 0.000000 1.000000
vn -0.000000 0.000000 1.000000
vn -0.000000 0.000000 1.000000
vn -0.000000 0.000000 1.000000
vn -0.000000 0.000000 1.000000
vn -0.000000 0.000000 1.000000
vn -0.000000 0.000000 1.000000
vn -0.000000 0.000000 1.000000
vn -0.000000 0.000000 1.000000
vn -0.000000 0.000000 1.000000
vn -0.000000 0.000000 1.000000
vn -0.000000 0.000000 1.000000
vn -0.000000 0.000000 1.000000
vn -0.000000 0.000000 1.000000
vn -0.000000 0.000000 1.000000
vn -0.000000 0.000000 1.000000
vn -0.000000 0.000000 1.000000
vn -0.000000 0.000000 1.000000
vn -0.000000 0.000000 1.000000
vn -0.000000 0.000000 1.000000
vn -0.000000 0.000000 1.000000
vn -0.000000 0.000000 1.000000
vn -0.000000 0.000000 1.000000
vn -0.000000 0.000000 1.000000
vn -0.000000 0.000000 1.000000
vn -0.000000 0.000000 1.000000
vn -0.866025 -0.000000 -0.500001
vn -0.866025 -0.000000 -0.500001
vn -0.866025 -0.000000 -0.500001
vn -0.866025 -0.000000 -0.500001
vn -0.866025 0.000000 0.500000
vn -0.866025 0.000000 0.500000
vn -0.866025 0.000000 0.500000
vn -0.866025 0.000000 0.500000
vn 0.866026 0.000000 0.499999
vn 0.866026 0.000000 0.499999
vn 0.866026 0.000000 0.499999
vn 0.866026 0.000000 0.499999
vn 0.866026 -0.000000 -0.500000
vn 0.866026 -0.000000 -0.500000
vn 0.866026 -0.000000 -0.500000
vn 0.866026 -0.000000 -0.500000
vn -0.000000 -0.000000 -1.000000
vn -0.000000 -0.000000 -1.000000
vn -0.000000 -0.000000 -1.000000
vn -0.000000 -0.000000 -1.000000
vn -0.866026 0.000000 0.500000
vn -0.866026 0.000000 0.500000
vn -0.866026 0.000000 0.500000
vn -0.866026 0.000000 0.500000
vn -0.000000 0.000000 1.000000
vn -0.000000 0.000000 1.000000
vn -0.000000 0.000000 1.000000
vn -0.000000 0.000000 1.000000
vn -0.866026 -0.000000 -0.499999
vn -0.866026 -0.000000 -0.499999
vn -0.866026 -0.000000 -0.499999
vn -0.866026 -0.000000 -0.499999
vn -0.000000 -0.000000 -1.000000
vn -0.000000 -0.000000 -1.000000
vn -0.000000 -0.000000 -1.000000
vn -0.000000 -0.000000 -1.000000
vn 0.866025 -0.000000 -0.500000
vn 0.866025 -0.000000 -0.500000
vn 0.866025 -0.000000 -0.500000
vn 0.866025 -0.000000 -0.500000
vn 0.866025 0.000000 0.500000
vn 0.866025 0.000000 0.500000
vn 0.866025 0.000000 0.500000
vn 0.866025 0.000000 0.500000
vn -0.000000 -1.000000 0.000000
vn -0.000000 -1.000000 0.000000
vn -0.000000 -1.000000 0.000000
vn -0.000000 -1.000000 0.000000
vn -0.000000 -1.000000 0.000000
vn -0.000000 -1.000000 0.000000
vn -0.000000 -1.000000 0.000000
vn -0.000000 -1.000000 0.000000
vn -0.000000 -1.000000 0.000000
vn -0.000000 -1.000000 0.000000
vn -0.000000 -1.000000 0.000000
vn -0.000000 -1.000000 0.000000
vn -0.000000 1.000000 -0.000000
vn -0.000000 1.000000 -0.000000
vn -0.000000 1.000000 -0.000000
vn -0.000000 1.000000 -0.000000
vn -0.000000 1.000000 -0.000000
vn -0.000000 1.000000 -0.000000
vn -0.000000 1.000000 -0.000000
vn -0.000000 1.000000 -0.000000
vn -0.000000 1.000000 -0.000000
vn -0.000000 1.000000 -0.000000
vn -0.000000 1.000000 -0.000000
vn -0.000000 1.000000 -0.000000
vn -0.000000 -0.000000 -1.000000
vn -0.000000 -0.000000 -1.000000
vn -0.000000 -0.000000 -1.000000
vn -0.000000 -0.000000 -1.000000
vn -0.000000 -0.000000 -1.000000
vn -0.000000 -0.000000 -1.000000
vn -0.000000 -0.000000 -1.000000
vn -0.000000 -0.000000 -1.000000
vn -0.000000 -0.000000 -1.000000
vn -0.000000 -0.000000 -1.000000
vn -0.000000 -0.000000 -1.000000
vn -0.000000 -0.000000 -1.000000
vn -0.000000 -0.000000 -1.000000
vn -0.000000 -0.000000 -1.000000
vn -0.000000 -0.000000 -1.000000
vn -0.000000 -0.000000 -1.000000
vn -0.000000 -0.000000 -1.000000
vn -0.000000 -0.000000 -1.000000
vn -0.000000 -0.000000 -1.000000
vn -0.000000 -0.000000 -1.000000
vn -0.000000 -0.000000 -1.000000
vn -0.000000 -0.000000 -1.000000
vn -0.000000 -0.000000 -1.000000
vn -0.000000 -0.000000 -1.000000
vn -0.000000 -0.000000 -1.000000
vn -0.000000 -0.000000 -1.000000
vn -0.000000 -0.000000 -1.000000
vn -0.000000 -0.000000 -1.000000
vn -0.000000 -0.000000 -1.000000
vn -0.000000 -0.000000 -1.000000
vn -0.000000 -0.000000 -1.000000
vn -0.000000 -0.000000 -1.000000
vn -0.000000 -0.000000 -1.000000
vn -0.000000 -0.000000 -1.000000
vn -0.000000 -0.000000 -1.000000
vn -0.000000 -0.000000 -1.000000
f 1/1/1 2/2/2 3/3/3
f 4/4/4 5/5/5 6/6/6
f 4/4/4 6/6/6 7/7/7
f 8/8/8 4/4/4 7/7/7
f 8/8/8 7/7/7 9/9/9
f 10/10/10 8/8/8 9/9/9
f 10/10/10 9/9/9 11/11/11
f 12/12/12 10/10/10 11/11/11
f 12/12/12 11/11/11 13/13/13
f 14/14/14 12/12/12 13/13/13
f 14/14/14 13/13/13 15/15/15
f 16/16/16 14/14/14 15/15/15
f 16/16/16 15/15/15 17/17/17
f 18/18/18 16/16/16 17/17/17
f 6/6/6 19/19/19 7/7/7
f 18/18/18 17/17/17 20/20/20
f 21/21/21 18/18/18 20/20/20
f 21/21/21 20/20/20 22/22/22
f 20/20/20 23/23/23 22/22/22
f 20/20/20 24/24/24 23/23/23
f 24/24/24 25/25/25 23/23/23
f 6/6/6 26/26/26 19/19/19
f 24/24/24 27/27/27 25/25/25
f 27/27/27 24/24/24 19/19/19
f 27/27/27 28/28/28 25/25/25
f 26/26/26 29/29/29 19/19/19
f 27/27/27 19/19/19 29/29/29
f 26/26/26 30/30/30 29/29/29
f 27/27/27 31/31/31 28/28/28
f 31/31/31 32/32/32 28/28/28
f 31/31/31 33/33/33 32/32/32
f 30/30/30 34/34/34 29/29/29
f 34/34/34 33/33/33 31/31/31
f 30/30/30 35/35/35 34/34/34
f 34/34/34 36/36/36 33/33/33
f 35/35/35 36/36/36 34/34/34
f 35/35/35 37/37/37 36/36/36
f 38/38/38 39/39/39 40/40/40
f 38/38/38 40/40/40 41/41/41
f 42/42/42 38/38/38 41/41/41
f 42/42/42 41/41/41 43/43/43
f 44/44/44 42/42/42 43/43/43
f 44/44/44 43/43/43 45/45/45
f 46/46/46 44/44/44 45/45/45
f 46/46/46 45/45/45 47/47/47
f 48/48/48 46/46/46 47/47/47
f 48/48/48 47/47/47 49/49/49
f 50/50/50 48/48/48 49/49/49
f 50/50/50 49/49/49 51/51/51
f 52/52/52 50/50/50 51/51/51
f 40/40/40 53/53/53 41/41/41
f 52/52/52 51/51/51 54/54/54
f 55/55/55 52/52/52 54/54/54
f 55/55/55 54/54/54 56/56/56
f 54/54/54 57/57/57 56/56/56
f 54/54/54 58/58/58 57/57/57
f 58/58/58 59/59/59 57/57/57
f 40/40/40 60/60/60 53/53/53
f 58/58/58 61/61/61 59/59/59
f 53/53/53 61/61/61 58/58/58
f 61/61/61 62/62/62 59/59/59
f 60/60/60 63/63/63 53/53/53
f 53/53/53 63/63/63 61/61/61
f 60/60/60 64/64/64 63/63/63
f 61/61/61 65/65/65 62/62/62
f 65/65/65 66/66/66 62/62/62
f 65/65/65 67/67/67 66/66/66
f 64/64/64 68/68/68 63/63/63
f 68/68/68 67/67/67 65/65/65
f 64/64/64 69/69/69 68/68/68
f 68/68/68 70/70/70 67/67/67
f 69/69/69 70/70/70 68/68/68
f 69/69/69 71/71/71 70/70/70
f 72/72/72 73/73/73 74/74/74
f 72/72/72 74/74/74 75/75/75
f 76/76/76 72/72/72 75/75/75
f 76/76/76 75/75/75 77/77/77
f 78/78/78 76/76/76 77/77/77
f 78/78/78 77/77/77 79/79/79
f 80/80/80 78/78/78 79/79/79
f 80/80/80 79/79/79 81/81/81
f 82/82/82 80/80/80 81/81/81
f 82/82/82 81/81/81 83/83/83
f 84/84/84 82/82/82 83/83/83
f 84/84/84 83/83/83 85/85/85
f 86/86/86 84/84/84 85/85/85
f 74/74/74 87/87/87 75/75/75
f 86/86/86 85/85/85 88/88/88
f 89/89/89 86/86/86 88/88/88
f 89/89/89 88/88/88 90/90/90
f 88/88/88 91/91/91 90/90/90
f 88/88/88 92/92/92 91/91/91
f 92/92/92 93/93/93 91/91/91
f 74/74/74 94/94/94 87/87/87
f 92/92/92 95/95/95 93/93/93
f 87/87/87 95/95/95 92/92/92
f 95/95/95 96/96/96 93/93/93
f 94/94/94 97/97/97 87/87/87
f 87/87/87 97/97/97 95/95/95
f 94/94/94 98/98/98 97/97/97
f 95/95/95 99/99/99 96/96/96
f 99/99/99 100/100/100 96/96/96
f 99/99/99 101/101/101 100/100/100
f 98/98/98 102/102/102 97/97/97
f 101/101/101 99/99/99 102/102/102
f 98/98/98 103/103/103 102/102/102
f 101/101/101 102/102/102 104/104/104
f 103/103/103 104/104/104 102/102/102
f 103/103/103 105/105/105 104/104/104
f 106/106/106 107/107/107 108/108/108
f 106/106/106 108/108/108 109/109/109
f 110/110/110 106/106/106 109/109/109
f 110/110/110 109/109/109 111/111/111
f 112/112/112 110/110/110 111/111/111
f 112/112/112 111/111/111 113/113/113
f 114/114/114 112/112/112 113/113/113
f 114/114/114 113/113/113 115/115/115
f 116/116/116 114/114/114 115/115/115
f 116/116/116 115/115/115 117/117/117
f 118/118/118 116/116/116 117/117/117
f 118/118/118 117/117/117 119/119/119
f 120/120/120 118/118/118 119/119/119
f 108/108/108 121/121/121 109/109/109
f 120/120/120 119/119/119 122/122/122
f 123/123/123 120/120/120 122/122/122
f 123/123/123 122/122/122 124/124/124
f 122/122/122 125/125/125 124/124/124
f 122/122/122 126/126/126 125/125/125
f 126/126/126 127/127/127 125/125/125
f 108/108/108 128/128/128 121/121/121
f 126/126/126 129/129/129 127/127/127
f 121/121/121 129/129/129 126/126/126
f 129/129/129 130/130/130 127/127/127
f 128/128/128 131/131/131 121/121/121
f 121/121/121 131/131/131 129/129/129
f 128/128/128 132/132/132 131/131/131
f 129/129/129 133/133/133 130/130/130
f 133/133/133 134/134/134 130/130/130
f 133/133/133 135/135/135 134/134/134
f 132/132/132 136/136/136 131/131/131
f 136/136/136 135/135/135 133/133/133
f 132/132/132 137/137/137 136/136/136
f 136/136/136 138/138/138 135/135/135
f 137/137/137 138/138/138 136/136/136
f 137/137/137 139/139/139 138/138/138
f 140/140/140 141/141/141 142/142/142
f 140/140/140 143/143/143 141/141/141
f 143/143/143 144/144/144 141/141/141
f 143/143/143 145/145/145 144/144/144
f 145/145/145 146/146/146 144/144/144
f 145/145/145 147/147/147 146/146/146
f 148/148/148 149/149/149 150/150/150
f 148/148/148 150/150/150 151/151/151
f 152/152/152 148/148/148 151/151/151
f 152/152/152 151/151/151 153/153/153
f 154/154/154 152/152/152 153/153/153
f 154/154/154 153/153/153 155/155/155
f 156/156/156 154/154/154 155/155/155
f 156/156/156 155/155/155 157/157/157
f 158/158/158 156/156/156 157/157/157
f 158/158/158 157/157/157 159/159/159
f 160/160/160 158/158/158 159/159/159
f 160/160/160 159/159/159 161/161/161
f 162/162/162 160/160/160 161/161/161
f 150/150/150 163/163/163 151/151/151
f 162/162/162 161/161/161 164/164/164
f 165/165/165 162/162/162 164/164/164
f 165/165/165 164/164/164 166/166/166
f 164/164/164 167/167/167 166/166/166
f 164/164/164 168/168/168 167/167/167
f 168/168/168 169/169/169 167/167/167
f 150/150/150 170/170/170 163/163/163
f 168/168/168 171/171/171 169/169/169
f 163/163/163 171/171/171 168/168/168
f 171/171/171 172/172/172 169/169/169
f 170/170/170 173/173/173 163/163/163
f 163/163/163 173/173/173 171/171/171
f 170/170/170 174/174/174 173/173/173
f 171/171/171 175/175/175 172/172/172
f 175/175/175 176/176/176 172/172/172
f 175/175/175 177/177/177 176/176/176
f 174/174/174 178/178/178 173/173/173
f 178/178/178 177/177/177 175/175/175
f 174/174/174 179/179/179 178/178/178
f 178/178/178 180/180/180 177/177/177
f 179/179/179 180/180/180 178/178/178
f 179/179/179 181/181/181 180/180/180
f 182/182/182 183/183/183 184/184/184
f 182/182/182 184/184/184 185/185/185
f 186/186/186 182/182/182 185/185/185
f 186/186/186 185/185/185 187/187/187
f 188/188/188 186/186/186 187/187/187
f 188/188/188 187/187/187 189/189/189
f 190/190/190 188/188/188 189/189/189
f 190/190/190 189/189/189 191/191/191
f 192/192/192 190/190/190 191/191/191
f 192/192/192 191/191/191 193/193/193
f 194/194/194 192/192/192 193/193/193
f 194/194/194 193/193/193 195/195/195
f 196/196/196 194/194/194 195/195/195
f 184/184/184 197/197/197 185/185/185
f 196/196/196 195/195/195 198/198/198
f 199/199/199 196/196/196 198/198/198
f 199/199/199 198/198/198 200/200/200
f 198/198/198 201/201/201 200/200/200
f 198/198/198 202/202/202 201/201/201
f 202/202/202 203/203/203 201/201/201
f 184/184/184 204/204/204 197/197/197
f 202/202/202 205/205/205 203/203/203
f 197/197/197 205/205/205 202/202/202
f 205/205/205 206/206/206 203/203/203
f 204/204/204 207/207/207 197/197/197
f 197/197/197 207/207/207 205/205/205
f 204/204/204 208/208/208 207/207/207
f 205/205/205 209/209/209 206/206/206
f 209/209/209 210/210/210 206/206/206
f 209/209/209 211/211/211 210/210/210
f 208/208/208 212/212/212 207/207/207
f 212/212/212 211/211/211 209/209/209
f 208/208/208 213/213/213 212/212/212
f 212/212/212 214/214/214 211/211/211
f 213/213/213 214/214/214 212/212/212
f 213/213/213 215/215/215 214/214/214
f 216/216/216 217/217/217 218/218/218
f 218/218/218 219/219/219 216/216/216
f 218/218/218 220/220/220 219/219/219
f 220/220/220 221/221/221 219/219/219
f 220/220/220 222/222/222 221/221/221
f 222/222/222 223/223/223 221/221/221
f 222/222/222 224/224/224 223/223/223
f 224/224/224 225/225/225 223/223/223
f 224/224/224 226/226/226 225/225/225
f 226/226/226 227/227/227 225/225/225
f 227/227/227 228/228/228 225/225/225
f 227/227/227 229/229/229 228/228/228
f 229/229/229 230/230/230 228/228/228
f 229/229/229 231/231/231 230/230/230
f 231/231/231 232/232/232 230/230/230
f 231/231/231 233/233/233 232/232/232
f 233/233/233 234/234/234 232/232/232
f 233/233/233 235/235/235 234/234/234
f 235/235/235 236/236/236 234/234/234
f 235/235/235 237/237/237 236/236/236
f 237/237/237 238/238/238 236/236/236
f 237/237/237 239/239/239 238/238/238
f 239/239/239 240/240/240 238/238/238
f 239/239/239 241/241/241 240/240/240
f 241/241/241 242/242/242 240/240/240
f 241/241/241 243/243/243 242/242/242
f 243/243/243 244/244/244 242/242/242
f 243/243/243 245/245/245 244/244/244
f 245/245/245 246/246/246 244/244/244
f 245/245/245 247/247/247 246/246/246
f 247/247/247 248/248/248 246/246/246
f 247/247/247 249/249/249 248/248/248
f 249/249/249 250/250/250 248/248/248
f 249/249/249 251/251/251 250/250/250
f 251/251/251 252/252/252 250/250/250
f 251/251/251 253/253/253 252/252/252
f 253/253/253 254/254/254 252/252/252
f 253/253/253 255/255/255 254/254/254
f 255/255/255 256/256/256 254/254/254
f 255/255/255 257/257/257 256/256/256
f 257/257/257 258/258/258 256/256/256
f 257/257/257 259/259/259 258/258/258
f 259/259/259 260/260/260 258/258/258
f 259/259/259 261/261/261 260/260/260
f 261/261/261 262/262/262 260/260/260
f 261/261/261 263/263/263 262/262/262
f 264/264/264 265/265/265 266/266/266
f 264/264/264 266/266/266 267/267/267
f 268/268/268 269/269/269 270/270/270
f 268/268/268 270/270/270 271/271/271
f 272/272/272 273/273/273 274/274/274
f 272/272/272 275/275/275 273/273/273
f 275/275/275 276/276/276 273/273/273
f 275/275/275 277/277/277 276/276/276
f 277/277/277 278/278/278 276/276/276
f 277/277/277 279/279/279 278/278/278
f 280/280/280 281/281/281 282/282/282
f 280/280/280 282/282/282 283/283/283
f 284/284/284 285/285/285 286/286/286
f 284/284/284 287/287/287 285/285/285
f 288/288/288 287/287/287 284/284/284
f 288/288/288 289/289/289 287/287/287
f 290/290/290 289/289/289 288/288/288
f 290/290/290 291/291/291 289/289/289
f 292/292/292 291/291/291 290/290/290
f 292/292/292 293/293/293 291/291/291
f 294/294/294 293/293/293 292/292/292
f 294/294/294 295/295/295 293/293/293
f 296/296/296 295/295/295 294/294/294
f 296/296/296 297/297/297 295/295/295
f 295/295/295 297/297/297 298/298/298
f 299/299/299 295/295/295 298/298/298
f 299/299/299 293/293/293 295/295/295
f 298/298/298 300/300/300 299/299/299
f 301/301/301 291/291/291 293/293/293
f 299/299/299 301/301/301 293/293/293
f 302/302/302 299/299/299 300/300/300
f 302/302/302 300/300/300 303/303/303
f 304/304/304 299/299/299 302/302/302
f 304/304/304 301/301/301 299/299/299
f 305/305/305 301/301/301 304/304/304
f 301/301/301 306/306/306 291/291/291
f 305/305/305 306/306/306 301/301/301
f 306/306/306 289/289/289 291/291/291
f 307/307/307 306/306/306 305/305/305
f 306/306/306 308/308/308 289/289/289
f 307/307/307 308/308/308 306/306/306
f 308/308/308 287/287/287 289/289/289
f 309/309/309 308/308/308 307/307/307
f 308/308/308 310/310/310 287/287/287
f 309/309/309 310/310/310 308/308/308
f 311/311/311 310/310/310 309/309/309
f 310/310/310 285/285/285 287/287/287
f 311/311/311 312/312/312 310/310/310
f 310/310/310 312/312/312 285/285/285
f 312/312/312 313/313/313 285/285/285
f 312/312/312 314/314/314 313/313/313
f 314/314/314 315/315/315 313/313/313
f 314/314/314 316/316/316 315/315/315
f 316/316/316 317/317/317 315/315/315
f 318/318/318 315/315/315 317/317/317
f 318/318/318 317/317/317 319/319/319
f 319/319/319 317/317/317 320/320/320
f 319/319/319 320/320/320 321/321/321
f 316/316/316 322/322/322 317/317/317
f 322/322/322 320/320/320 317/317/317
f 321/321/321 320/320/320 323/323/323
f 321/321/321 323/323/323 324/324/324
f 325/325/325 322/322/322 316/316/316
f 325/325/325 316/316/316 326/326/326
f 327/327/327 322/322/322 325/325/325
f 322/322/322 328/328/328 320/320/320
f 327/327/327 328/328/328 322/322/322
f 328/328/328 323/323/323 320/320/320
f 329/329/329 328/328/328 327/327/327
f 329/329/329 330/330/330 328/328/328
f 328/328/328 330/330/330 323/323/323
f 331/331/331 330/330/330 329/329/329
f 324/324/324 323/323/323 332/332/332
f 330/330/330 332/332/332 323/323/323
f 324/324/324 332/332/332 333/333/333
f 331/331/331 334/334/334 330/330/330
f 330/330/330 334/334/334 332/332/332
f 335/335/335 334/334/334 331/331/331
f 333/333/333 332/332/332 336/336/336
f 334/334/334 336/336/336 332/332/332
f 333/333/333 336/336/336 337/337/337
f 335/335/335 338/338/338 334/334/334
f 334/334/334 338/338/338 336/336/336
f 339/339/339 338/338/338 335/335/335
f 339/339/339 340/340/340 338/338/338
f 337/337/337 336/336/336 341/341/341
f 338/338/338 341/341/341 336/336/336
f 338/338/338 340/340/340 341/341/341
f 337/337/337 341/341/341 342/342/342
f 340/340/340 343/343/343 341/341/341
f 340/340/340 344/344/344 343/343/343
f 344/344/344 345/345/345 343/343/343
f 344/344/344 346/346/346 345/345/345
f 346/346/346 347/347/347 345/345/345
f 348/348/348 345/345/345 347/347/347
f 348/348/348 347/347/347 349/349/349
f 349/349/349 347/347/347 350/350/350
f 349/349/349 350/350/350 351/351/351
f 346/346/346 352/352/352 347/347/347
f 352/352/352 350/350/350 347/347/347
f 351/351/351 350/350/350 353/353/353
f 351/351/351 353/353/353 354/354/354
f 355/355/355 352/352/352 346/346/346
f 355/355/355 346/346/346 356/356/356
f 357/357/357 352/352/352 355/355/355
f 352/352/352 358/358/358 350/350/350
f 357/357/357 358/358/358 352/352/352
f 358/358/358 353/353/353 350/350/350
f 359/359/359 358/358/358 357/357/357
f 359/359/359 360/360/360 358/358/358
f 358/358/358 360/360/360 353/353/353
f 361/361/361 360/360/360 359/359/359
f 354/354/354 353/353/353 362/362/362
f 360/360/360 362/362/362 353/353/353
f 354/354/354 362/362/362 363/363/363
f 361/361/361 364/364/364 360/360/360
f 360/360/360 364/364/364 362/362/362
f 365/365/365 364/364/364 361/361/361
f 363/363/363 362/362/362 366/366/366
f 364/364/364 366/366/366 362/362/362
f 363/363/363 366/366/366 367/367/367
f 365/365/365 368/368/368 364/364/364
f 364/364/364 368/368/368 366/366/366
f 369/369/369 368/368/368 365/365/365
f 369/369/369 370/370/370 368/368/368
f 370/370/370 371/371/371 368/368/368
f 368/368/368 371/371/371 366/366/366
f 371/371/371 372/372/372 366/366/366
f 367/367/367 366/366/366 372/372/372
f 367/367/367 372/372/372 373/373/373
f 374/374/374 375/375/375 376/376/376
f 374/374/374 376/376/376 377/377/377
f 378/378/378 379/379/379 380/380/380
f 378/378/378 381/381/381 379/379/379
f 381/381/381 382/382/382 379/379/379
f 381/381/381 383/383/383 382/382/382
f 383/383/383 384/384/384 382/382/382
f 383/383/383 385/385/385 384/384/384
f 386/386/386 387/387/387 388/388/388
f 386/386/386 388/388/388 389/389/389
f 390/390/390 391/391/391 392/392/392
f 390/390/390 392/392/392 393/393/393
f 394/394/394 395/395/395 396/396/396
f 394/394/394 396/396/396 397/397/397
f 398/398/398 399/399/399 400/400/400
f 398/398/398 401/401/401 399/399/399
f 401/401/401 402/402/402 399/399/399
f 401/401/401 403/403/403 402/402/402
f 403/403/403 404/404/404 402/402/402
f 403/403/403 405/405/405 404/404/404
f 406/406/406 407/407/407 408/408/408
f 406/406/406 409/409/409 407/407/407
f 409/409/409 410/410/410 407/407/407
f 409/409/409 411/411/411 410/410/410
f 411/411/411 412/412/412 410/410/410
f 411/411/411 413/413/413 412/412/412
f 414/414/414 415/415/415 416/416/416
f 414/414/414 416/416/416 417/417/417
f 418/418/418 419/419/419 420/420/420
f 418/418/418 420/420/420 421/421/421
f 422/422/422 423/423/423 424/424/424
f 422/422/422 425/425/425 423/423/423
f 425/425/425 426/426/426 423/423/423
f 425/425/425 427/427/427 426/426/426
f 427/427/427 428/428/428 426/426/426
f 427/427/427 429/429/429 428/428/428
f 430/430/430 431/431/431 432/432/432
f 430/430/430 432/432/432 433/433/433
f 434/434/434 435/435/435 436/436/436
f 434/434/434 437/437/437 435/435/435
f 437/437/437 438/438/438 435/435/435
f 437/437/437 439/439/439 438/438/438
f 439/439/439 440/440/440 438/438/438
f 439/439/439 441/441/441 440/440/440
f 442/442/442 443/443/443 444/444/444
f 442/442/442 445/445/445 443/443/443
f 445/445/445 446/446/446 443/443/443
f 445/445/445 447/447/447 446/446/446
f 447/447/447 448/448/448 446/446/446
f 447/447/447 449/449/449 448/448/448
f 450/450/450 451/451/451 452/452/452
f 450/450/450 453/453/453 451/451/451
f 453/453/453 454/454/454 451/451/451
f 453/453/453 455/455/455 454/454/454
f 455/455/455 456/456/456 454/454/454
f 455/455/455 457/457/457 456/456/456
f 458/458/458 459/459/459 460/460/460
f 458/458/458 460/460/460 461/461/461
f 462/462/462 463/463/463 464/464/464
f 462/462/462 465/465/465 463/463/463
f 465/465/465 466/466/466 463/463/463
f 465/465/465 467/467/467 466/466/466
f 467/467/467 468/468/468 466/466/466
f 467/467/467 469/469/469 468/468/468
f 470/470/470 471/471/471 472/472/472
f 470/470/470 472/472/472 473/473/473
f 474/474/474 475/475/475 476/476/476
f 474/474/474 477/477/477 475/475/475
f 477/477/477 478/478/478 475/475/475
f 477/477/477 479/479/479 478/478/478
f 479/479/479 480/480/480 478/478/478
f 479/479/479 481/481/481 480/480/480
f 482/482/482 483/483/483 484/484/484
f 482/482/482 485/485/485 483/483/483
f 485/485/485 486/486/486 483/483/483
f 485/485/485 487/487/487 486/486/486
f 487/487/487 488/488/488 486/486/486
f 487/487/487 489/489/489 488/488/488
f 490/490/490 491/491/491 492/492/492
f 490/490/490 492/492/492 493/493/493
f 494/494/494 495/495/495 496/496/496
f 494/494/494 496/496/496 497/497/497
f 498/498/498 499/499/499 500/500/500
f 498/498/498 500/500/500 501/501/501
f 502/502/502 503/503/503 504/504/504
f 502/502/502 504/504/504 505/505/505
f 506/506/506 507/507/507 508/508/508
f 506/506/506 508/508/508 509/509/509
f 510/510/510 511/511/511 512/512/512
f 510/510/510 512/512/512 513/513/513
f 514/514/514 515/515/515 516/516/516
f 514/514/514 516/516/516 517/517/517
f 518/518/518 519/519/519 520/520/520
f 518/518/518 520/520/520 521/521/521
f 522/522/522 523/523/523 524/524/524
f 522/522/522 524/524/524 525/525/525
f 526/526/526 527/527/527 528/528/528
f 526/526/526 528/528/528 529/529/529
f 530/530/530 531/531/531 532/532/532
f 530/530/530 532/532/532 533/533/533
f 534/534/534 535/535/535 536/536/536
f 534/534/534 536/536/536 537/537/537
f 538/538/538 539/539/539 540/540/540
f 538/538/538 540/540/540 541/541/541
f 542/542/542 543/543/543 544/544/544
f 542/542/542 544/544/544 545/545/545
f 546/546/546 547/547/547 548/548/548
f 546/546/546 548/548/548 549/549/549
f 550/550/550 551/551/551 552/552/552
f 550/550/550 552/552/552 553/553/553
f 554/554/554 555/555/555 556/556/556
f 554/554/554 556/556/556 557/557/557
f 558/558/558 559/559/559 560/560/560
f 558/558/558 560/560/560 561/561/561
f 562/562/562 563/563/563 564/564/564
f 562/562/562 564/564/564 565/565/565
f 566/566/566 567/567/567 568/568/568
f 566/566/566 568/568/568 569/569/569
f 570/570/570 571/571/571 572/572/572
f 570/570/570 572/572/572 573/573/573
f 574/574/574 575/575/575 576/576/576
f 574/574/574 576/576/576 577/577/577
f 578/578/578 579/579/579 580/580/580
f 578/578/578 580/580/580 581/581/581
f 582/582/582 583/583/583 584/584/584
f 582/582/582 584/584/584 585/585/585
f 586/586/586 587/587/587 588/588/588
f 586/586/586 588/588/588 589/589/589
f 590/590/590 591/591/591 592/592/592
f 590/590/590 592/592/592 593/593/593
f 594/594/594 595/595/595 596/596/596
f 594/594/594 596/596/596 597/597/597
f 598/598/598 599/599/599 600/600/600
f 598/598/598 600/600/600 601/601/601
f 602/602/602 603/603/603 604/604/604
f 602/602/602 604/604/604 605/605/605
f 606/606/606 607/607/607 608/608/608
f 606/606/606 608/608/608 609/609/609
f 610/610/610 611/611/611 612/612/612
f 610/610/610 613/613/613 611/611/611
f 614/614/614 611/611/611 613/613/613
f 614/614/614 615/615/615 611/611/611
f 615/615/615 616/616/616 611/611/611
f 615/615/615 617/617/617 616/616/616
f 617/617/617 618/618/618 616/616/616
f 619/619/619 614/614/614 613/613/613
f 619/619/619 620/620/620 614/614/614
f 619/619/619 621/621/621 620/620/620
f 619/619/619 613/613/613 622/622/622
f 623/623/623 619/619/619 622/622/622
f 623/623/623 622/622/622 624/624/624
f 625/625/625 623/623/623 624/624/624
f 617/617/617 626/626/626 618/618/618
f 617/617/617 627/627/627 626/626/626
f 617/617/617 628/628/628 627/627/627
f 626/626/626 629/629/629 618/618/618
f 630/630/630 618/618/618 629/629/629
f 630/630/630 631/631/631 618/618/618
f 630/630/630 632/632/632 631/631/631
f 633/633/633 625/625/625 624/624/624
f 624/624/624 634/634/634 633/633/633
f 624/624/624 635/635/635 634/634/634
f 624/624/624 636/636/636 635/635/635
f 625/625/625 633/633/633 637/637/637
f 637/637/637 638/638/638 625/625/625
f 637/637/637 639/639/639 638/638/638
f 640/640/640 641/641/641 642/642/642
f 640/640/640 642/642/642 643/643/643
f 644/644/644 645/645/645 646/646/646
f 644/644/644 646/646/646 647/647/647
f 648/648/648 649/649/649 650/650/650
f 648/648/648 650/650/650 651/651/651
f 652/652/652 653/653/653 654/654/654
f 652/652/652 654/654/654 655/655/655
f 656/656/656 657/657/657 658/658/658
f 656/656/656 658/658/658 659/659/659
f 660/660/660 661/661/661 662/662/662
f 660/660/660 662/662/662 663/663/663
f 664/664/664 665/665/665 666/666/666
f 664/664/664 666/666/666 667/667/667
f 668/668/668 669/669/669 670/670/670
f 668/668/668 670/670/670 671/671/671
f 672/672/672 673/673/673 674/674/674
f 672/672/672 674/674/674 675/675/675
f 676/676/676 677/677/677 678/678/678
f 676/676/676 678/678/678 679/679/679
f 680/680/680 681/681/681 682/682/682
f 680/680/680 682/682/682 683/683/683
f 684/684/684 685/685/685 686/686/686
f 684/684/684 687/687/687 685/685/685
f 686/686/686 685/685/685 688/688/688
f 689/689/689 687/687/687 684/684/684
f 686/686/686 688/688/688 690/690/690
f 689/689/689 691/691/691 687/687/687
f 690/690/690 688/688/688 692/692/692
f 693/693/693 691/691/691 689/689/689
f 690/690/690 692/692/692 694/694/694
f 693/693/693 695/695/695 691/691/691
f 694/694/694 692/692/692 695/695/695
f 694/694/694 695/695/695 693/693/693
f 696/696/696 697/697/697 698/698/698
f 696/696/696 698/698/698 699/699/699
f 700/700/700 697/697/697 696/696/696
f 699/699/699 698/698/698 701/701/701
f 700/700/700 702/702/702 697/697/697
f 699/699/699 701/701/701 703/703/703
f 704/704/704 702/702/702 700/700/700
f 703/703/703 701/701/701 705/705/705
f 704/704/704 706/706/706 702/702/702
f 703/703/703 705/705/705 707/707/707
f 707/707/707 706/706/706 704/704/704
f 707/707/707 705/705/705 706/706/706
f 708/708/708 709/709/709 710/710/710
f 708/708/708 711/711/711 709/709/709
f 712/712/712 711/711/711 708/708/708
f 713/713/713 710/710/710 709/709/709
f 713/713/713 714/714/714 710/710/710
f 712/712/712 715/715/715 711/711/711
f 716/716/716 715/715/715 712/712/712
f 714/714/714 713/713/713 717/717/717
f 714/714/714 717/717/717 718/718/718
f 716/716/716 719/719/719 715/715/715
f 720/720/720 719/719/719 716/716/716
f 720/720/720 721/721/721 719/719/719
f 719/719/719 721/721/721 715/715/715
f 722/722/722 721/721/721 720/720/720
f 722/722/722 723/723/723 721/721/721
f 724/724/724 723/723/723 722/722/722
f 715/715/715 723/723/723 725/725/725
f 724/724/724 725/725/725 723/723/723
f 711/711/711 715/715/715 725/725/725
f 726/726/726 725/725/725 724/724/724
f 711/711/711 725/725/725 727/727/727
f 726/726/726 727/727/727 725/725/725
f 709/709/709 711/711/711 727/727/727
f 728/728/728 727/727/727 726/726/726
f 709/709/709 727/727/727 729/729/729
f 728/728/728 729/729/729 727/727/727
f 713/713/713 709/709/709 729/729/729
f 730/730/730 729/729/729 728/728/728
f 713/713/713 729/729/729 731/731/731
f 730/730/730 731/731/731 729/729/729
f 732/732/732 731/731/731 730/730/730
f 717/717/717 713/713/713 731/731/731
f 732/732/732 733/733/733 731/731/731
f 717/717/717 731/731/731 733/733/733
f 734/734/734 733/733/733 732/732/732
f 735/735/735 717/717/717 733/733/733
f 718/718/718 717/717/717 735/735/735
f 718/718/718 735/735/735 736/736/736
f 734/734/734 737/737/737 733/733/733
f 735/735/735 733/733/733 737/737/737
f 738/738/738 737/737/737 734/734/734
f 736/736/736 735/735/735 739/739/739
f 736/736/736 739/739/739 740/740/740
f 741/741/741 739/739/739 735/735/735
f 740/740/740 739/739/739 741/741/741
f 735/735/735 737/737/737 741/741/741
f 740/740/740 741/741/741 742/742/742
f 738/738/738 743/743/743 737/737/737
f 737/737/737 743/743/743 741/741/741
f 742/742/742 741/741/741 743/743/743
f 742/742/742 743/743/743 738/738/738
