# Unturned item rip -> Godot (X+Z negated, winding reversed, RH Y-up)
v 0.730690 0.173173 0.241486
v 0.739388 0.173173 0.329655
v 0.689711 0.194300 0.334556
v 0.681014 0.194300 0.246390
v 0.651317 0.106248 0.249317
v 0.639238 0.159076 0.250511
v 0.647936 0.159076 0.338677
v 0.660015 0.106248 0.337486
v 0.739388 0.173173 0.329655
v 0.660015 0.106248 0.337486
v 0.647936 0.159076 0.338677
v 0.689711 0.194300 0.334556
v 0.689711 0.194300 0.334556
v 0.647936 0.159076 0.338677
v 0.639238 0.159076 0.250511
v 0.681014 0.194300 0.246390
v 0.890246 0.350332 0.314773
v 0.838522 0.319773 0.319876
v 0.829824 0.319773 0.231710
v 0.881549 0.350332 0.226607
v 0.881549 0.350332 0.226607
v 0.829824 0.319773 0.231710
v 0.841903 0.266945 0.230515
v 0.921276 0.333870 0.222685
v 0.617489 0.077089 0.260372
v 0.607942 0.135193 0.261317
v 0.615131 0.135194 0.334194
v 0.624678 0.077089 0.333252
v 0.680673 0.124302 0.327729
v 0.624678 0.077089 0.333252
v 0.615131 0.135194 0.334194
v 0.654652 0.155462 0.330296
v 0.654652 0.155462 0.330296
v 0.615131 0.135194 0.334194
v 0.607942 0.135193 0.261317
v 0.647463 0.155462 0.257418
v 0.929974 0.333870 0.310854
v 0.850601 0.266945 0.318684
v 0.838522 0.319773 0.319876
v 0.890246 0.350332 0.314773
v 0.841903 0.266945 0.230515
v 0.829824 0.319773 0.231710
v 0.838522 0.319773 0.319876
v 0.850601 0.266945 0.318684
v 0.921276 0.333870 0.222685
v 0.929974 0.333870 0.310854
v 0.890246 0.350332 0.314773
v 0.881549 0.350332 0.226607
v 0.730690 0.173173 0.241486
v 0.742769 0.120345 0.240298
v 0.751467 0.120345 0.328464
v 0.739388 0.173173 0.329655
v 0.651317 0.106248 0.249317
v 0.660015 0.106248 0.337486
v 0.709692 0.085121 0.332585
v 0.700994 0.085121 0.244419
v 0.739388 0.173173 0.329655
v 0.751467 0.120345 0.328464
v 0.709692 0.085121 0.332585
v 0.660015 0.106248 0.337486
v 0.751467 0.120345 0.328464
v 0.742769 0.120345 0.240298
v 0.700994 0.085121 0.244419
v 0.709692 0.085121 0.332585
v 0.939209 0.291698 0.309943
v 0.930511 0.291698 0.221777
v 0.891580 0.245818 0.225618
v 0.900278 0.245818 0.313783
v 0.930511 0.291698 0.221777
v 0.921276 0.333870 0.222685
v 0.841903 0.266945 0.230515
v 0.891580 0.245818 0.225618
v 0.617489 0.077089 0.260372
v 0.624678 0.077089 0.333252
v 0.679966 0.057552 0.327798
v 0.672776 0.057552 0.254921
v 0.680673 0.124302 0.327729
v 0.706693 0.093141 0.325162
v 0.679966 0.057552 0.327798
v 0.624678 0.077089 0.333252
v 0.706693 0.093141 0.325162
v 0.699503 0.093142 0.252284
v 0.672776 0.057552 0.254921
v 0.679966 0.057552 0.327798
v 0.929974 0.333870 0.310854
v 0.939209 0.291698 0.309943
v 0.900278 0.245818 0.313783
v 0.850601 0.266945 0.318684
v 0.841903 0.266945 0.230515
v 0.850601 0.266945 0.318684
v 0.900278 0.245818 0.313783
v 0.891580 0.245818 0.225618
v 0.921276 0.333870 0.222685
v 0.930511 0.291698 0.221777
v 0.939209 0.291698 0.309943
v 0.929974 0.333870 0.310854
v 0.663681 0.113450 0.287215
v 0.618700 0.167314 0.291654
v 0.346957 -0.061812 0.318458
v 0.391937 -0.115676 0.314023
v 0.511307 -0.015110 0.303252
v 0.466327 0.038754 0.307691
v 0.194583 -0.190371 0.334495
v 0.239564 -0.244236 0.330059
v 0.374183 -0.130812 0.317784
v 0.329203 -0.076948 0.322223
v 0.057459 -0.306074 0.349027
v 0.102440 -0.359938 0.344592
v 0.642235 0.060879 0.290334
v 0.716431 0.180121 0.283018
v 0.415653 0.369103 0.312686
v 0.341457 0.249862 0.320009
v 0.568763 0.001088 0.299591
v 0.593063 0.139583 0.297198
v 0.243717 0.201482 0.331658
v 0.219417 0.062987 0.334058
v 0.511511 -0.049750 0.307249
v 0.475286 0.086089 0.310826
v 0.132638 -0.006169 0.344625
v 0.168862 -0.142008 0.341055
v 0.539691 0.044941 0.301455
v 0.598835 0.172398 0.295623
v 0.277336 0.323044 0.327336
v 0.218191 0.195587 0.333174
v 0.450450 -0.027636 0.312268
v 0.450448 0.112996 0.312272
v 0.095712 0.112996 0.347263
v 0.095714 -0.027635 0.347267
v 0.444277 -0.114586 0.314887
v 0.385128 0.012869 0.320725
v 0.063628 -0.137776 0.352438
v 0.122777 -0.265231 0.346606
v 0.725490 0.211720 0.321463
v 0.689765 0.181597 0.324987
v 0.682936 0.181597 0.255761
v 0.718661 0.211719 0.252237
v 0.807149 0.280572 0.313407
v 0.762256 0.243242 0.251431
v 0.800320 0.280571 0.244181
v 0.768403 0.243242 0.313735
v 0.718661 0.211719 0.252237
v 0.725490 0.211720 0.321463
v 0.767151 0.153652 0.247454
v 0.731425 0.123529 0.250977
v 0.738255 0.123529 0.320204
v 0.773980 0.153651 0.316680
v 0.762256 0.243242 0.251431
v 0.718661 0.211719 0.252237
v 0.767151 0.153652 0.247454
v 0.805897 0.190981 0.247127
v 0.800320 0.280571 0.244181
v 0.848809 0.222504 0.239399
v 0.891364 0.252626 0.305101
v 0.855639 0.222503 0.308625
v 0.807149 0.280572 0.313407
v 0.842874 0.310695 0.309883
v 0.812043 0.190981 0.309431
v 0.773980 0.153651 0.316680
v 0.725490 0.211720 0.321463
v 0.768403 0.243242 0.313735
v 0.855639 0.222503 0.308625
v 0.807149 0.280572 0.313407
v 0.718661 0.211719 0.252237
v 0.682936 0.181597 0.255761
v 0.731425 0.123529 0.250977
v 0.767151 0.153652 0.247454
v 0.836045 0.310694 0.240657
v 0.800320 0.280571 0.244181
v 0.848809 0.222504 0.239399
v 0.884535 0.252627 0.235875
v 0.773980 0.153651 0.316680
v 0.738255 0.123529 0.320204
v 0.689765 0.181597 0.324987
v 0.725490 0.211720 0.321463
v 0.884535 0.252627 0.235875
v 0.848809 0.222504 0.239399
v 0.855639 0.222503 0.308625
v 0.891364 0.252626 0.305101
v 0.663681 0.113450 0.287215
v 0.391937 -0.115676 0.314023
v 0.436917 -0.169542 0.309584
v 0.708660 0.059585 0.282780
v 0.511307 -0.015110 0.303252
v 0.239564 -0.244236 0.330059
v 0.284543 -0.298102 0.325620
v 0.556286 -0.068975 0.298816
v 0.374183 -0.130812 0.317784
v 0.102440 -0.359938 0.344592
v 0.147419 -0.413804 0.340153
v 0.419162 -0.184677 0.313348
v 0.608515 0.101260 0.293660
v 0.741499 -0.229203 0.280545
v 0.871245 -0.176485 0.267742
v 0.738263 0.153977 0.280864
v 0.537321 0.038741 0.302693
v 0.537322 -0.317717 0.302697
v 0.677273 -0.317719 0.288887
v 0.677274 0.038738 0.288890
v 0.477718 -0.009281 0.310583
v 0.327800 -0.332342 0.325376
v 0.454639 -0.391777 0.312860
v 0.604557 -0.068717 0.298074
v 0.575170 0.002454 0.297955
v 0.666983 -0.341859 0.288901
v 0.802167 -0.305462 0.275561
v 0.710354 0.038849 0.284622
v 0.488707 -0.073449 0.308494
v 0.427108 -0.424492 0.314574
v 0.564933 -0.448914 0.300974
v 0.626533 -0.097872 0.294901
v 0.402582 -0.064654 0.319000
v 0.199114 -0.356648 0.339076
v 0.313755 -0.437312 0.327763
v 0.517222 -0.145319 0.307694
v 0.848809 0.222504 0.239399
v 0.812043 0.190981 0.309431
v 0.855639 0.222503 0.308625
v 0.805897 0.190981 0.247127
v 0.773980 0.153651 0.316680
v 0.767151 0.153652 0.247454
v 0.842874 0.310695 0.309883
v 0.807149 0.280572 0.313407
v 0.800320 0.280571 0.244181
v 0.836045 0.310694 0.240657
v 0.665216 0.113450 0.302775
v 0.710194 0.059585 0.298336
v 0.438452 -0.169542 0.325147
v 0.393472 -0.115676 0.329583
v 0.512646 -0.015110 0.316821
v 0.557625 -0.068975 0.312382
v 0.285882 -0.298102 0.339193
v 0.240903 -0.244236 0.343629
v 0.375326 -0.130812 0.329363
v 0.420304 -0.184677 0.324924
v 0.148562 -0.413804 0.351735
v 0.103582 -0.359938 0.356171
v 0.609854 0.101260 0.307233
v 0.739601 0.153977 0.294430
v 0.872584 -0.176485 0.281315
v 0.742837 -0.229203 0.294111
v 0.538267 0.038741 0.312286
v 0.678219 0.038738 0.298476
v 0.678220 -0.317719 0.298479
v 0.538267 -0.317717 0.312282
v 0.478271 -0.009281 0.316195
v 0.605110 -0.068717 0.303679
v 0.455193 -0.391777 0.318471
v 0.328353 -0.332342 0.330981
v 0.576312 0.002454 0.309537
v 0.711496 0.038849 0.296198
v 0.803309 -0.305462 0.287144
v 0.668125 -0.341859 0.300477
v 0.489457 -0.073449 0.316096
v 0.627282 -0.097872 0.302496
v 0.565683 -0.448914 0.308576
v 0.427857 -0.424492 0.322169
v 0.402939 -0.064654 0.322621
v 0.517579 -0.145319 0.311309
v 0.314112 -0.437312 0.331384
v 0.199470 -0.356648 0.342690
v 0.665216 0.113450 0.302775
v 0.393472 -0.115676 0.329583
v 0.348492 -0.061812 0.334022
v 0.620235 0.167314 0.307211
v 0.512646 -0.015110 0.316821
v 0.240903 -0.244236 0.343629
v 0.195922 -0.190371 0.348068
v 0.467665 0.038754 0.321257
v 0.375326 -0.130812 0.329363
v 0.103582 -0.359938 0.356171
v 0.058602 -0.306074 0.360610
v 0.330345 -0.076948 0.333799
v 0.643574 0.060879 0.303907
v 0.342795 0.249862 0.333575
v 0.416992 0.369103 0.326259
v 0.717769 0.180121 0.296584
v 0.569710 0.001088 0.309184
v 0.220362 0.062987 0.343644
v 0.244663 0.201482 0.341250
v 0.594009 0.139583 0.306783
v 0.512065 -0.049750 0.312861
v 0.169415 -0.142008 0.346660
v 0.133192 -0.006169 0.350237
v 0.475839 0.086089 0.316431
v 0.540834 0.044941 0.313037
v 0.219333 0.195587 0.344750
v 0.278478 0.323044 0.338919
v 0.599977 0.172398 0.307199
v 0.451200 -0.027636 0.319870
v 0.096464 -0.027635 0.354862
v 0.096462 0.112996 0.354865
v 0.451197 0.112996 0.319867
v 0.444634 -0.114586 0.318508
v 0.123133 -0.265231 0.350221
v 0.063986 -0.137776 0.356059
v 0.385485 0.012869 0.324340
v -0.127790 -0.342357 0.322304
v 0.746263 -0.266357 0.245834
v 0.742429 -0.266357 0.202002
v -0.131625 -0.342357 0.278472
v -0.286260 -0.000000 0.358252
v -0.127790 -0.342357 0.322304
v -0.131625 -0.342357 0.278472
v -0.290095 -0.000000 0.314420
v 0.742429 -0.266357 0.202002
v 0.776224 -0.000000 0.221129
v -0.290095 -0.000000 0.314420
v -0.131625 -0.342357 0.278472
v -0.286260 -0.000000 0.358252
v -0.078086 -0.276357 0.317956
v -0.127790 -0.342357 0.322304
v -0.200175 -0.000000 0.350721
v -0.078086 0.276357 0.317956
v -0.127790 0.342357 0.322304
v 0.746263 -0.266357 0.245834
v 0.780059 -0.000000 0.264962
v 0.776224 -0.000000 0.221129
v 0.742429 -0.266357 0.202002
v 0.690642 -0.211357 0.250701
v -0.078086 -0.276357 0.317956
v -0.200175 -0.000000 0.350721
v 0.721808 -0.000000 0.270058
v -0.127790 -0.342357 0.322304
v -0.078086 -0.276357 0.317956
v 0.690642 -0.211357 0.250701
v 0.746263 -0.266357 0.245834
v 0.746263 -0.266357 0.245834
v 0.690642 -0.211357 0.250701
v 0.721808 -0.000000 0.270058
v 0.780059 -0.000000 0.264962
v 0.746263 0.266357 0.245834
v 0.690642 0.211357 0.250701
v -0.127790 0.342357 0.322304
v -0.131625 0.342357 0.278472
v 0.742429 0.266357 0.202002
v 0.746263 0.266357 0.245834
v -0.286260 -0.000000 0.358252
v -0.290095 -0.000000 0.314420
v -0.131625 0.342357 0.278472
v -0.127790 0.342357 0.322304
v 0.742429 0.266357 0.202002
v -0.131625 0.342357 0.278472
v -0.290095 -0.000000 0.314420
v 0.776224 -0.000000 0.221129
v 0.746263 0.266357 0.245834
v 0.742429 0.266357 0.202002
v 0.776224 -0.000000 0.221129
v 0.780059 -0.000000 0.264962
v 0.690642 0.211357 0.250701
v 0.721808 -0.000000 0.270058
v -0.200175 -0.000000 0.350721
v -0.078086 0.276357 0.317956
v 0.780059 -0.000000 0.264962
v -0.286260 -0.000000 0.358252
v -0.200175 -0.000000 0.350721
v 0.721808 -0.000000 0.270058
v -0.127790 0.342357 0.322304
v 0.746263 0.266357 0.245834
v 0.690642 0.211357 0.250701
v -0.078086 0.276357 0.317956
v 0.733879 -0.201127 -0.124222
v 0.733879 -0.201127 0.227954
v 0.784329 -0.201127 0.227954
v 0.784329 -0.201127 -0.124222
v 0.733879 0.201127 0.227954
v 0.733879 0.201127 -0.124222
v 0.784329 0.201127 -0.124222
v 0.784329 0.201127 0.227954
v 0.753879 0.000000 -0.174222
v 0.733879 -0.201127 -0.124222
v 0.784329 -0.201127 -0.124222
v 0.804329 0.000000 -0.174222
v 0.733879 0.201127 -0.124222
v 0.784329 0.201127 -0.124222
v 0.769692 0.112631 0.143378
v 0.769692 0.112631 -0.071647
v 0.785692 0.000000 -0.103647
v 0.785692 -0.000000 0.151378
v 0.769692 -0.112631 -0.071647
v 0.769692 -0.112631 0.143378
v 0.733879 -0.201127 0.227954
v 0.733879 -0.201127 -0.124222
v 0.753879 0.000000 -0.174222
v 0.753879 -0.000000 0.237954
v 0.733879 0.201127 -0.124222
v 0.733879 0.201127 0.227954
v 0.787329 0.140789 0.171256
v 0.769692 0.112631 0.143378
v 0.785692 -0.000000 0.151378
v 0.807329 -0.000000 0.181256
v 0.769692 -0.112631 0.143378
v 0.787329 -0.140789 0.171256
v 0.787329 0.140789 -0.097525
v 0.769692 0.112631 -0.071647
v 0.769692 0.112631 0.143378
v 0.787329 0.140789 0.171256
v 0.807329 0.000000 -0.137525
v 0.769692 0.112631 -0.071647
v 0.787329 0.140789 -0.097525
v 0.785692 0.000000 -0.103647
v 0.787329 -0.140789 -0.097525
v 0.769692 -0.112631 -0.071647
v 0.733879 -0.201127 0.227954
v 0.804329 -0.000000 0.237954
v 0.784329 -0.201127 0.227954
v 0.753879 -0.000000 0.237954
v 0.784329 0.201127 0.227954
v 0.733879 0.201127 0.227954
v 0.787329 -0.140789 0.171256
v 0.769692 -0.112631 0.143378
v 0.769692 -0.112631 -0.071647
v 0.787329 -0.140789 -0.097525
v 0.707306 0.091726 0.330229
v 0.737347 0.125459 0.336875
v 0.745111 0.123602 0.326499
v 0.707937 0.100661 0.339777
v 0.707937 0.100661 0.339777
v 0.672448 0.116153 0.343281
v 0.701508 0.139711 0.351881
v 0.701508 0.139711 0.351881
v 0.728327 0.163269 0.337769
v 0.737347 0.125459 0.336875
v 0.737347 0.125459 0.336875
v 0.707937 0.100661 0.339777
v 0.701508 0.139711 0.351881
v 0.672448 0.116153 0.343281
v 0.707306 0.091726 0.330229
v 0.663534 0.109428 0.334552
v 0.707937 0.100661 0.339777
v 0.728327 0.163269 0.337769
v 0.735364 0.169993 0.327466
v 0.745111 0.123602 0.326499
v 0.737347 0.125459 0.336875
v 0.653786 0.155819 0.335508
v 0.692838 0.178760 0.341266
v 0.663428 0.153962 0.344167
v 0.691591 0.187695 0.331779
v 0.663428 0.153962 0.344167
v 0.701508 0.139711 0.351881
v 0.672448 0.116153 0.343281
v 0.701508 0.139711 0.351881
v 0.692838 0.178760 0.341266
v 0.728327 0.163269 0.337769
v 0.692838 0.178760 0.341266
v 0.701508 0.139711 0.351881
v 0.663428 0.153962 0.344167
v 0.728327 0.163269 0.337769
v 0.691591 0.187695 0.331779
v 0.735364 0.169993 0.327466
v 0.692838 0.178760 0.341266
v 0.672448 0.116153 0.343281
v 0.663534 0.109428 0.334552
v 0.653786 0.155819 0.335508
v 0.663428 0.153962 0.344167
v 0.784329 -0.201127 0.227954
v 0.787329 -0.140789 -0.097525
v 0.784329 -0.201127 -0.124222
v 0.787329 -0.140789 0.171256
v 0.807329 0.000000 -0.137525
v 0.804329 -0.000000 0.237954
v 0.804329 0.000000 -0.174222
v 0.807329 -0.000000 0.181256
v 0.787329 0.140789 -0.097525
v 0.784329 0.201127 0.227954
v 0.784329 0.201127 -0.124222
v 0.787329 0.140789 0.171256
vt 0.264841288 0.793155015
vt 0.264841288 0.802936733
vt 0.274623036 0.802936733
vt 0.274623036 0.793155015
vt 0.264841288 0.793155015
vt 0.264841288 0.802936733
vt 0.274623036 0.802936733
vt 0.274623036 0.793155015
vt 0.264841288 0.793155015
vt 0.264841288 0.802936733
vt 0.274623036 0.802936733
vt 0.274623036 0.793155015
vt 0.264841288 0.793155015
vt 0.264841288 0.802936733
vt 0.274623036 0.802936733
vt 0.274623036 0.793155015
vt 0.264841288 0.793155015
vt 0.264841288 0.802936733
vt 0.274623036 0.802936733
vt 0.274623036 0.793155015
vt 0.264841288 0.793155015
vt 0.264841288 0.802936733
vt 0.274623036 0.802936733
vt 0.274623036 0.793155015
vt 0.454309642 0.78221035
vt 0.454309642 0.791992068
vt 0.464091361 0.791992068
vt 0.464091361 0.78221035
vt 0.454309642 0.78221035
vt 0.454309642 0.791992068
vt 0.464091361 0.791992068
vt 0.464091361 0.78221035
vt 0.454309642 0.78221035
vt 0.454309642 0.791992068
vt 0.464091361 0.791992068
vt 0.464091361 0.78221035
vt 0.264841288 0.793155015
vt 0.264841288 0.802936733
vt 0.274623036 0.802936733
vt 0.274623036 0.793155015
vt 0.264841288 0.793155015
vt 0.264841288 0.802936733
vt 0.274623036 0.802936733
vt 0.274623036 0.793155015
vt 0.264841288 0.793155015
vt 0.264841288 0.802936733
vt 0.274623036 0.802936733
vt 0.274623036 0.793155015
vt 0.264841288 0.793155015
vt 0.274623036 0.793155015
vt 0.274623036 0.802936733
vt 0.264841288 0.802936733
vt 0.264841288 0.793155015
vt 0.274623036 0.793155015
vt 0.274623036 0.802936733
vt 0.264841288 0.802936733
vt 0.264841288 0.793155015
vt 0.274623036 0.793155015
vt 0.274623036 0.802936733
vt 0.264841288 0.802936733
vt 0.264841288 0.793155015
vt 0.274623036 0.793155015
vt 0.274623036 0.802936733
vt 0.264841288 0.802936733
vt 0.264841288 0.793155015
vt 0.274623036 0.793155015
vt 0.274623036 0.802936733
vt 0.264841288 0.802936733
vt 0.264841288 0.793155015
vt 0.274623036 0.793155015
vt 0.274623036 0.802936733
vt 0.264841288 0.802936733
vt 0.454309642 0.78221035
vt 0.464091361 0.78221035
vt 0.464091361 0.791992068
vt 0.454309642 0.791992068
vt 0.454309642 0.78221035
vt 0.464091361 0.78221035
vt 0.464091361 0.791992068
vt 0.454309642 0.791992068
vt 0.454309642 0.78221035
vt 0.464091361 0.78221035
vt 0.464091361 0.791992068
vt 0.454309642 0.791992068
vt 0.264841288 0.793155015
vt 0.274623036 0.793155015
vt 0.274623036 0.802936733
vt 0.264841288 0.802936733
vt 0.264841288 0.793155015
vt 0.274623036 0.793155015
vt 0.274623036 0.802936733
vt 0.264841288 0.802936733
vt 0.264841288 0.793155015
vt 0.274623036 0.793155015
vt 0.274623036 0.802936733
vt 0.264841288 0.802936733
vt 0.573502541 0.234587908
vt 0.5205248 0.234590232
vt 0.5205248 0.727081954
vt 0.573502541 0.727080762
vt 0.573502541 0.234587908
vt 0.5205248 0.234590232
vt 0.5205248 0.727081954
vt 0.573502541 0.727080762
vt 0.573502541 0.234587908
vt 0.5205248 0.234590232
vt 0.5205248 0.727081954
vt 0.573502541 0.727080762
vt 0.626480341 0.234585583
vt 0.5205248 0.234590232
vt 0.5205248 0.727081954
vt 0.626480341 0.72707957
vt 0.626480341 0.234585583
vt 0.5205248 0.234590232
vt 0.5205248 0.727081954
vt 0.626480341 0.72707957
vt 0.626480341 0.234585583
vt 0.5205248 0.234590232
vt 0.5205248 0.727081954
vt 0.626480341 0.72707957
vt 0.626480341 0.234585583
vt 0.5205248 0.234590232
vt 0.5205248 0.727081954
vt 0.626480341 0.72707957
vt 0.626480341 0.234585583
vt 0.5205248 0.234590232
vt 0.5205248 0.727081954
vt 0.626480341 0.72707957
vt 0.626480341 0.234585583
vt 0.5205248 0.234590232
vt 0.5205248 0.727081954
vt 0.626480341 0.72707957
vt 0.208397329 0.0603399873
vt 0.208397329 0.0603399873
vt 0.198615566 0.0603399873
vt 0.198615551 0.0603399873
vt 0.255701452 0.0397123024
vt 0.245919675 0.0397123024
vt 0.245919675 0.0397123024
vt 0.255701452 0.0397123024
vt 0.245919675 0.0397123024
vt 0.255701452 0.0397123024
vt 0.198615551 0.0603399873
vt 0.198615566 0.0603399873
vt 0.208397329 0.0603399873
vt 0.208397329 0.0603399873
vt 0.245919675 0.0397123024
vt 0.245919675 0.0397123024
vt 0.245919675 0.0397123024
vt 0.245919675 0.0397123024
vt 0.245919675 0.0397123024
vt 0.245919675 0.0397123024
vt 0.208397329 0.0603399873
vt 0.208397329 0.0603399873
vt 0.208397329 0.0603399873
vt 0.208397329 0.0603399873
vt 0.255701452 0.0397123024
vt 0.255701452 0.0397123024
vt 0.255701452 0.0397123024
vt 0.255701452 0.0397123024
vt 0.255701452 0.0397123024
vt 0.255701452 0.0397123024
vt 0.198615551 0.0603399873
vt 0.198615566 0.0603399873
vt 0.198615566 0.0603399873
vt 0.198615551 0.0603399873
vt 0.198615566 0.0603399873
vt 0.198615551 0.0603399873
vt 0.198615551 0.0603399873
vt 0.198615566 0.0603399873
vt 0.208397329 0.0603399873
vt 0.208397329 0.0603399873
vt 0.208397329 0.0603399873
vt 0.208397329 0.0603399873
vt 0.198615566 0.0603399873
vt 0.198615551 0.0603399873
vt 0.208397329 0.0603399873
vt 0.208397329 0.0603399873
vt 0.573502541 0.234587908
vt 0.573502541 0.727080762
vt 0.5205248 0.727081954
vt 0.5205248 0.234590232
vt 0.573502541 0.234587908
vt 0.573502541 0.727080762
vt 0.5205248 0.727081954
vt 0.5205248 0.234590232
vt 0.573502541 0.234587908
vt 0.573502541 0.727080762
vt 0.5205248 0.727081954
vt 0.5205248 0.234590232
vt 0.626480341 0.234585583
vt 0.626480341 0.72707957
vt 0.5205248 0.727081954
vt 0.5205248 0.234590232
vt 0.626480341 0.234585583
vt 0.626480341 0.72707957
vt 0.5205248 0.727081954
vt 0.5205248 0.234590232
vt 0.626480341 0.234585583
vt 0.626480341 0.72707957
vt 0.5205248 0.727081954
vt 0.5205248 0.234590232
vt 0.626480341 0.234585583
vt 0.626480341 0.72707957
vt 0.5205248 0.727081954
vt 0.5205248 0.234590232
vt 0.626480341 0.234585583
vt 0.626480341 0.72707957
vt 0.5205248 0.727081954
vt 0.5205248 0.234590232
vt 0.626480341 0.234585583
vt 0.626480341 0.72707957
vt 0.5205248 0.727081954
vt 0.5205248 0.234590232
vt 0.245919675 0.0397123024
vt 0.255701452 0.0397123024
vt 0.255701452 0.0397123024
vt 0.245919675 0.0397123024
vt 0.255701452 0.0397123024
vt 0.245919675 0.0397123024
vt 0.208397329 0.0603399873
vt 0.208397329 0.0603399873
vt 0.198615551 0.0603399873
vt 0.198615566 0.0603399873
vt 0.573502541 0.234587908
vt 0.5205248 0.234590232
vt 0.5205248 0.727081954
vt 0.573502541 0.727080762
vt 0.573502541 0.234587908
vt 0.5205248 0.234590232
vt 0.5205248 0.727081954
vt 0.573502541 0.727080762
vt 0.573502541 0.234587908
vt 0.5205248 0.234590232
vt 0.5205248 0.727081954
vt 0.573502541 0.727080762
vt 0.626480341 0.234585583
vt 0.5205248 0.234590232
vt 0.5205248 0.727081954
vt 0.626480341 0.72707957
vt 0.626480341 0.234585583
vt 0.5205248 0.234590232
vt 0.5205248 0.727081954
vt 0.626480341 0.72707957
vt 0.626480341 0.234585583
vt 0.5205248 0.234590232
vt 0.5205248 0.727081954
vt 0.626480341 0.72707957
vt 0.626480341 0.234585583
vt 0.5205248 0.234590232
vt 0.5205248 0.727081954
vt 0.626480341 0.72707957
vt 0.626480341 0.234585583
vt 0.5205248 0.234590232
vt 0.5205248 0.727081954
vt 0.626480341 0.72707957
vt 0.626480341 0.234585583
vt 0.5205248 0.234590232
vt 0.5205248 0.727081954
vt 0.626480341 0.72707957
vt 0.573502541 0.234587908
vt 0.573502541 0.727080762
vt 0.5205248 0.727081954
vt 0.5205248 0.234590232
vt 0.573502541 0.234587908
vt 0.573502541 0.727080762
vt 0.5205248 0.727081954
vt 0.5205248 0.234590232
vt 0.573502541 0.234587908
vt 0.573502541 0.727080762
vt 0.5205248 0.727081954
vt 0.5205248 0.234590232
vt 0.626480341 0.234585583
vt 0.626480341 0.72707957
vt 0.5205248 0.727081954
vt 0.5205248 0.234590232
vt 0.626480341 0.234585583
vt 0.626480341 0.72707957
vt 0.5205248 0.727081954
vt 0.5205248 0.234590232
vt 0.626480341 0.234585583
vt 0.626480341 0.72707957
vt 0.5205248 0.727081954
vt 0.5205248 0.234590232
vt 0.626480341 0.234585583
vt 0.626480341 0.72707957
vt 0.5205248 0.727081954
vt 0.5205248 0.234590232
vt 0.626480341 0.234585583
vt 0.626480341 0.72707957
vt 0.5205248 0.727081954
vt 0.5205248 0.234590232
vt 0.626480341 0.234585583
vt 0.626480341 0.72707957
vt 0.5205248 0.727081954
vt 0.5205248 0.234590232
vt 0.408625811 0.418083549
vt 0.408625811 0.427279055
vt 0.417821378 0.427279055
vt 0.417821378 0.418083549
vt 0.408625811 0.418083549
vt 0.408625811 0.427279055
vt 0.417821378 0.427279055
vt 0.417821378 0.418083549
vt 0.408625811 0.418083549
vt 0.408625811 0.427279055
vt 0.417821378 0.427279055
vt 0.417821378 0.418083549
vt 0.403734207 0.408339858
vt 0.403734207 0.416394949
vt 0.403734207 0.416394949
vt 0.403734207 0.408339858
vt 0.403734207 0.416394949
vt 0.403734207 0.416394949
vt 0.408625811 0.418083549
vt 0.408625811 0.427279055
vt 0.417821378 0.427279055
vt 0.417821378 0.418083549
vt 0.232989892 0.45338881
vt 0.232989892 0.462584317
vt 0.242185429 0.462584317
vt 0.242185429 0.45338881
vt 0.403734207 0.408339858
vt 0.403734207 0.408339858
vt 0.403734207 0.416394949
vt 0.403734207 0.416394949
vt 0.403734207 0.408339858
vt 0.403734207 0.408339858
vt 0.403734207 0.416394949
vt 0.403734207 0.416394949
vt 0.403734207 0.408339858
vt 0.403734207 0.408339858
vt 0.408625811 0.418083549
vt 0.417821378 0.418083549
vt 0.417821378 0.427279055
vt 0.408625811 0.427279055
vt 0.408625811 0.418083549
vt 0.417821378 0.418083549
vt 0.417821378 0.427279055
vt 0.408625811 0.427279055
vt 0.408625811 0.418083549
vt 0.417821378 0.418083549
vt 0.417821378 0.427279055
vt 0.408625811 0.427279055
vt 0.408625811 0.418083549
vt 0.417821378 0.418083549
vt 0.417821378 0.427279055
vt 0.408625811 0.427279055
vt 0.232989892 0.45338881
vt 0.242185429 0.45338881
vt 0.242185429 0.462584317
vt 0.232989892 0.462584317
vt 0.408625811 0.418083549
vt 0.408625811 0.427279055
vt 0.408625811 0.427279055
vt 0.408625811 0.418083549
vt 0.403734207 0.408339858
vt 0.403734207 0.416394949
vt 0.403734207 0.416394949
vt 0.403734207 0.408339858
vt 0.26490292 0.78385222
vt 0.26490292 0.78385222
vt 0.26490292 0.78385222
vt 0.26490292 0.78385222
vt 0.26490292 0.78385222
vt 0.26490292 0.78385222
vt 0.26490292 0.78385222
vt 0.26490292 0.78385222
vt 0.26490292 0.78385222
vt 0.26490292 0.78385222
vt 0.26490292 0.78385222
vt 0.26490292 0.78385222
vt 0.26490292 0.78385222
vt 0.26490292 0.78385222
vt 0.425096184 0.431849808
vt 0.425096184 0.431849808
vt 0.425096184 0.431849808
vt 0.425096184 0.431849808
vt 0.425096184 0.431849808
vt 0.425096184 0.431849808
vt 0.26490292 0.78385222
vt 0.26490292 0.78385222
vt 0.26490292 0.78385222
vt 0.26490292 0.78385222
vt 0.26490292 0.78385222
vt 0.26490292 0.78385222
vt 0.189812347 0.693805099
vt 0.189812347 0.693805099
vt 0.189812347 0.693805099
vt 0.189812347 0.693805099
vt 0.189812347 0.693805099
vt 0.189812347 0.693805099
vt 0.189812347 0.693805099
vt 0.189812347 0.693805099
vt 0.189812347 0.693805099
vt 0.189812347 0.693805099
vt 0.189812347 0.693805099
vt 0.189812347 0.693805099
vt 0.189812347 0.693805099
vt 0.189812347 0.693805099
vt 0.189812347 0.693805099
vt 0.189812347 0.693805099
vt 0.26490292 0.78385222
vt 0.26490292 0.78385222
vt 0.26490292 0.78385222
vt 0.26490292 0.78385222
vt 0.26490292 0.78385222
vt 0.26490292 0.78385222
vt 0.189812347 0.693805099
vt 0.189812347 0.693805099
vt 0.189812347 0.693805099
vt 0.189812347 0.693805099
vt 0.0380803943 0.454796731
vt 0.047862146 0.464578509
vt 0.0380803943 0.464578509
vt 0.047862146 0.454796731
vt 0.288424551 0.944643319
vt 0.29820627 0.944643319
vt 0.29820627 0.954425037
vt 0.0212204307 0.888333201
vt 0.0310021602 0.888333201
vt 0.0310021602 0.89811492
vt 0.0212204307 0.888333201
vt 0.0310021602 0.888333201
vt 0.0310021602 0.89811492
vt 0.0380803943 0.454796731
vt 0.047862146 0.464578509
vt 0.0380803943 0.464578509
vt 0.047862146 0.454796731
vt 0.0380803943 0.454796731
vt 0.047862146 0.454796731
vt 0.047862146 0.464578509
vt 0.0380803943 0.464578509
vt 0.0380803943 0.454796731
vt 0.047862146 0.464578509
vt 0.047862146 0.454796731
vt 0.0380803943 0.464578509
vt 0.288424551 0.944643319
vt 0.29820627 0.954425037
vt 0.29820627 0.944643319
vt 0.0212204307 0.888333201
vt 0.0310021602 0.89811492
vt 0.0310021602 0.888333201
vt 0.0212204307 0.888333201
vt 0.0310021602 0.89811492
vt 0.0310021602 0.888333201
vt 0.0380803943 0.454796731
vt 0.047862146 0.464578509
vt 0.047862146 0.454796731
vt 0.0380803943 0.464578509
vt 0.0380803943 0.454796731
vt 0.0380803943 0.464578509
vt 0.047862146 0.464578509
vt 0.047862146 0.454796731
vt 0.26490292 0.78385222
vt 0.26490292 0.78385222
vt 0.26490292 0.78385222
vt 0.26490292 0.78385222
vt 0.26490292 0.78385222
vt 0.26490292 0.78385222
vt 0.26490292 0.78385222
vt 0.26490292 0.78385222
vt 0.26490292 0.78385222
vt 0.26490292 0.78385222
vt 0.26490292 0.78385222
vt 0.26490292 0.78385222
vn 0.387874 0.920918 -0.038266
vn 0.387874 0.920918 -0.038266
vn 0.387874 0.920918 -0.038266
vn 0.387874 0.920918 -0.038266
vn -0.969899 -0.223921 0.095680
vn -0.969899 -0.223921 0.095680
vn -0.969899 -0.223921 0.095680
vn -0.969899 -0.223921 0.095680
vn 0.098174 -0.000000 0.995169
vn 0.098174 -0.000000 0.995169
vn 0.098174 -0.000000 0.995169
vn 0.098174 -0.000000 0.995169
vn -0.639683 0.766044 0.063100
vn -0.639683 0.766044 0.063100
vn -0.639683 0.766044 0.063100
vn -0.639683 0.766044 0.063100
vn -0.504385 0.862044 0.049753
vn -0.504385 0.862044 0.049753
vn -0.504385 0.862044 0.049753
vn -0.504385 0.862044 0.049753
vn -0.098217 0.000000 -0.995165
vn -0.098217 0.000000 -0.995165
vn -0.098171 0.000000 -0.995170
vn -0.098171 0.000000 -0.995170
vn -0.981877 -0.162898 0.096862
vn -0.981877 -0.162898 0.096862
vn -0.981877 -0.162898 0.096862
vn -0.981877 -0.162898 0.096862
vn 0.098174 -0.000000 0.995169
vn 0.098174 -0.000000 0.995169
vn 0.098174 -0.000000 0.995169
vn 0.098174 -0.000000 0.995169
vn -0.452403 0.890696 0.044626
vn -0.452403 0.890696 0.044626
vn -0.452403 0.890696 0.044626
vn -0.452403 0.890696 0.044626
vn 0.098174 -0.000000 0.995169
vn 0.098174 -0.000000 0.995169
vn 0.098175 -0.000000 0.995169
vn 0.098175 -0.000000 0.995169
vn -0.969899 -0.223921 0.095680
vn -0.969899 -0.223921 0.095680
vn -0.969899 -0.223921 0.095680
vn -0.969899 -0.223921 0.095680
vn 0.379376 0.924485 -0.037427
vn 0.379376 0.924485 -0.037427
vn 0.379376 0.924485 -0.037427
vn 0.379376 0.924485 -0.037427
vn 0.969899 0.223920 -0.095683
vn 0.969899 0.223920 -0.095683
vn 0.969899 0.223920 -0.095683
vn 0.969899 0.223920 -0.095683
vn -0.387875 -0.920918 0.038263
vn -0.387875 -0.920918 0.038263
vn -0.387875 -0.920918 0.038263
vn -0.387875 -0.920918 0.038263
vn 0.098174 -0.000000 0.995169
vn 0.098174 -0.000000 0.995169
vn 0.098174 -0.000000 0.995169
vn 0.098174 -0.000000 0.995169
vn 0.639681 -0.766045 -0.063111
vn 0.639681 -0.766045 -0.063111
vn 0.639681 -0.766045 -0.063111
vn 0.639681 -0.766045 -0.063111
vn 0.757261 -0.648825 -0.074710
vn 0.757261 -0.648825 -0.074710
vn 0.757261 -0.648825 -0.074710
vn 0.757261 -0.648825 -0.074710
vn -0.098126 0.000000 -0.995174
vn -0.098171 0.000000 -0.995170
vn -0.098171 0.000000 -0.995170
vn -0.098126 0.000000 -0.995174
vn -0.330150 -0.943367 0.032569
vn -0.330150 -0.943367 0.032569
vn -0.330150 -0.943367 0.032569
vn -0.330150 -0.943367 0.032569
vn 0.098174 -0.000000 0.995169
vn 0.098175 -0.000000 0.995169
vn 0.098175 -0.000000 0.995169
vn 0.098174 -0.000000 0.995169
vn 0.794368 -0.602360 -0.078370
vn 0.794368 -0.602360 -0.078370
vn 0.794368 -0.602360 -0.078370
vn 0.794368 -0.602360 -0.078370
vn 0.098174 -0.000000 0.995169
vn 0.098174 -0.000000 0.995169
vn 0.098174 -0.000000 0.995169
vn 0.098174 -0.000000 0.995169
vn -0.387874 -0.920918 0.038263
vn -0.387874 -0.920918 0.038263
vn -0.387874 -0.920918 0.038263
vn -0.387874 -0.920918 0.038263
vn 0.971920 0.214890 -0.095882
vn 0.971920 0.214890 -0.095882
vn 0.971920 0.214890 -0.095882
vn 0.971920 0.214890 -0.095882
vn -0.098171 0.000000 -0.995170
vn -0.098171 0.000000 -0.995170
vn -0.098171 0.000000 -0.995170
vn -0.098171 0.000000 -0.995170
vn -0.098171 0.000000 -0.995170
vn -0.098171 0.000000 -0.995170
vn -0.098171 0.000000 -0.995170
vn -0.098171 0.000000 -0.995170
vn -0.098171 0.000000 -0.995170
vn -0.098171 0.000000 -0.995170
vn -0.098171 0.000000 -0.995170
vn -0.098171 0.000000 -0.995170
vn -0.098174 0.000000 -0.995169
vn -0.098174 0.000000 -0.995169
vn -0.098174 0.000000 -0.995169
vn -0.098174 0.000000 -0.995169
vn -0.098175 0.000000 -0.995169
vn -0.098175 0.000000 -0.995169
vn -0.098175 0.000000 -0.995169
vn -0.098175 0.000000 -0.995169
vn -0.098175 0.000000 -0.995169
vn -0.098175 0.000000 -0.995169
vn -0.098175 0.000000 -0.995169
vn -0.098175 0.000000 -0.995169
vn -0.098175 0.000000 -0.995169
vn -0.098175 0.000000 -0.995169
vn -0.098175 0.000000 -0.995169
vn -0.098175 0.000000 -0.995169
vn -0.098175 0.000000 -0.995169
vn -0.098175 0.000000 -0.995169
vn -0.098175 0.000000 -0.995169
vn -0.098175 0.000000 -0.995169
vn -0.098174 0.000000 -0.995169
vn -0.098174 0.000000 -0.995169
vn -0.098174 0.000000 -0.995169
vn -0.098174 0.000000 -0.995169
vn -0.611769 0.788732 0.060346
vn -0.639683 0.766044 0.063100
vn -0.639683 0.766044 0.063100
vn -0.611769 0.788732 0.060346
vn -0.666765 0.742360 0.065772
vn -0.639683 0.766044 0.063100
vn -0.666765 0.742360 0.065772
vn -0.639683 0.766044 0.063100
vn -0.611769 0.788732 0.060346
vn -0.611769 0.788732 0.060346
vn 0.666764 -0.742360 -0.065783
vn 0.639682 -0.766044 -0.063111
vn 0.639682 -0.766044 -0.063111
vn 0.666764 -0.742360 -0.065783
vn -0.098163 0.000000 -0.995170
vn -0.072923 0.021236 -0.997111
vn -0.072923 0.021236 -0.997111
vn -0.098163 0.000000 -0.995170
vn -0.123292 -0.021249 -0.992143
vn -0.123292 -0.021249 -0.992143
vn 0.098156 -0.000000 0.995171
vn 0.072917 -0.021228 0.997112
vn 0.072917 -0.021228 0.997112
vn 0.098156 -0.000000 0.995171
vn 0.098164 -0.000000 0.995170
vn 0.123300 0.021239 0.992142
vn 0.123300 0.021239 0.992142
vn 0.098164 -0.000000 0.995170
vn 0.072917 -0.021228 0.997112
vn 0.072917 -0.021228 0.997112
vn -0.072923 0.021236 -0.997111
vn -0.098166 0.000000 -0.995170
vn -0.098166 0.000000 -0.995170
vn -0.072923 0.021236 -0.997111
vn -0.098153 0.000000 -0.995171
vn -0.123292 -0.021249 -0.992143
vn -0.123292 -0.021249 -0.992143
vn -0.098153 0.000000 -0.995171
vn 0.123300 0.021239 0.992142
vn 0.098165 -0.000000 0.995170
vn 0.098165 -0.000000 0.995170
vn 0.123300 0.021239 0.992142
vn 0.639681 -0.766045 -0.063111
vn 0.611767 -0.788732 -0.060357
vn 0.611767 -0.788732 -0.060357
vn 0.639681 -0.766045 -0.063111
vn -0.098171 0.000000 -0.995170
vn -0.098171 0.000000 -0.995170
vn -0.098171 0.000000 -0.995170
vn -0.098171 0.000000 -0.995170
vn -0.098171 0.000000 -0.995170
vn -0.098171 0.000000 -0.995170
vn -0.098171 0.000000 -0.995170
vn -0.098171 0.000000 -0.995170
vn -0.098171 0.000000 -0.995170
vn -0.098171 0.000000 -0.995170
vn -0.098171 0.000000 -0.995170
vn -0.098171 0.000000 -0.995170
vn -0.098174 0.000000 -0.995169
vn -0.098174 0.000000 -0.995169
vn -0.098174 0.000000 -0.995169
vn -0.098174 0.000000 -0.995169
vn -0.098175 0.000000 -0.995169
vn -0.098174 0.000000 -0.995169
vn -0.098174 0.000000 -0.995169
vn -0.098174 0.000000 -0.995169
vn -0.098174 0.000000 -0.995169
vn -0.098174 0.000000 -0.995169
vn -0.098174 0.000000 -0.995169
vn -0.098174 0.000000 -0.995169
vn -0.098174 0.000000 -0.995169
vn -0.098174 0.000000 -0.995169
vn -0.098174 0.000000 -0.995169
vn -0.098174 0.000000 -0.995169
vn -0.098174 0.000000 -0.995169
vn -0.098174 0.000000 -0.995169
vn -0.098174 0.000000 -0.995169
vn -0.098174 0.000000 -0.995169
vn -0.098174 0.000000 -0.995169
vn -0.098174 0.000000 -0.995169
vn -0.098174 0.000000 -0.995169
vn -0.098174 0.000000 -0.995169
vn 0.611767 -0.788732 -0.060357
vn 0.639682 -0.766045 -0.063111
vn 0.611767 -0.788732 -0.060357
vn 0.639682 -0.766044 -0.063111
vn 0.666764 -0.742360 -0.065783
vn 0.666764 -0.742360 -0.065783
vn -0.639682 0.766045 0.063100
vn -0.666765 0.742360 0.065772
vn -0.666765 0.742360 0.065772
vn -0.639682 0.766045 0.063100
vn 0.098178 -0.000000 0.995169
vn 0.098178 -0.000000 0.995169
vn 0.098178 -0.000000 0.995169
vn 0.098178 -0.000000 0.995169
vn 0.098178 -0.000000 0.995169
vn 0.098178 -0.000000 0.995169
vn 0.098178 -0.000000 0.995169
vn 0.098178 -0.000000 0.995169
vn 0.098178 -0.000000 0.995169
vn 0.098178 -0.000000 0.995169
vn 0.098178 -0.000000 0.995169
vn 0.098178 -0.000000 0.995169
vn 0.098175 -0.000000 0.995169
vn 0.098175 -0.000000 0.995169
vn 0.098175 -0.000000 0.995169
vn 0.098175 -0.000000 0.995169
vn 0.098174 -0.000000 0.995169
vn 0.098174 -0.000000 0.995169
vn 0.098175 -0.000000 0.995169
vn 0.098175 -0.000000 0.995169
vn 0.098175 -0.000000 0.995169
vn 0.098175 -0.000000 0.995169
vn 0.098175 -0.000000 0.995169
vn 0.098175 -0.000000 0.995169
vn 0.098174 -0.000000 0.995169
vn 0.098174 -0.000000 0.995169
vn 0.098174 -0.000000 0.995169
vn 0.098174 -0.000000 0.995169
vn 0.098174 -0.000000 0.995169
vn 0.098174 -0.000000 0.995169
vn 0.098174 -0.000000 0.995169
vn 0.098174 -0.000000 0.995169
vn 0.098175 -0.000000 0.995169
vn 0.098175 -0.000000 0.995169
vn 0.098175 -0.000000 0.995169
vn 0.098175 -0.000000 0.995169
vn 0.098178 -0.000000 0.995169
vn 0.098178 -0.000000 0.995169
vn 0.098178 -0.000000 0.995169
vn 0.098178 -0.000000 0.995169
vn 0.098178 -0.000000 0.995169
vn 0.098178 -0.000000 0.995169
vn 0.098178 -0.000000 0.995169
vn 0.098178 -0.000000 0.995169
vn 0.098178 -0.000000 0.995169
vn 0.098178 -0.000000 0.995169
vn 0.098178 -0.000000 0.995169
vn 0.098178 -0.000000 0.995169
vn 0.098174 -0.000000 0.995169
vn 0.098174 -0.000000 0.995169
vn 0.098174 -0.000000 0.995169
vn 0.098174 -0.000000 0.995169
vn 0.098174 -0.000000 0.995169
vn 0.098174 -0.000000 0.995169
vn 0.098174 -0.000000 0.995169
vn 0.098174 -0.000000 0.995169
vn 0.098174 -0.000000 0.995169
vn 0.098174 -0.000000 0.995169
vn 0.098174 -0.000000 0.995169
vn 0.098174 -0.000000 0.995169
vn 0.098174 -0.000000 0.995169
vn 0.098174 -0.000000 0.995169
vn 0.098174 -0.000000 0.995169
vn 0.098174 -0.000000 0.995169
vn 0.098174 -0.000000 0.995169
vn 0.098174 -0.000000 0.995169
vn 0.098174 -0.000000 0.995169
vn 0.098174 -0.000000 0.995169
vn 0.098175 -0.000000 0.995169
vn 0.098175 -0.000000 0.995169
vn 0.098175 -0.000000 0.995169
vn 0.098175 -0.000000 0.995169
vn 0.085969 -0.996269 -0.007521
vn 0.085969 -0.996269 -0.007521
vn 0.085969 -0.996269 -0.007521
vn 0.085969 -0.996269 -0.007521
vn -0.901486 -0.425561 0.078870
vn -0.901486 -0.425561 0.078870
vn -0.901486 -0.425561 0.078870
vn -0.901486 -0.425561 0.078870
vn -0.089712 0.071507 -0.993397
vn -0.089942 0.000000 -0.995947
vn -0.089942 0.000000 -0.995947
vn -0.089712 0.071507 -0.993397
vn 0.115149 -0.000000 0.993348
vn 0.091981 -0.068205 0.993422
vn 0.098363 -0.023295 0.994878
vn 0.094920 -0.000000 0.995485
vn 0.091981 0.068205 0.993422
vn 0.098363 0.023295 0.994878
vn 0.989082 -0.119282 -0.086533
vn 0.996195 0.000000 -0.087156
vn 0.996195 0.000000 -0.087156
vn 0.989082 -0.119282 -0.086533
vn 0.086841 -0.069530 0.993793
vn 0.091981 -0.068205 0.993422
vn 0.094920 -0.000000 0.995485
vn 0.087130 -0.000000 0.996197
vn 0.098363 -0.023295 0.994878
vn 0.091981 -0.068205 0.993422
vn 0.086841 -0.069530 0.993793
vn 0.077385 -0.020338 0.996794
vn 0.077385 -0.020338 0.996794
vn 0.086841 -0.069530 0.993793
vn 0.087130 -0.000000 0.996197
vn 0.045537 -0.000000 0.998963
vn 0.077385 0.020338 0.996794
vn 0.086841 0.069530 0.993793
vn 0.085969 0.996269 -0.007521
vn 0.085969 0.996269 -0.007521
vn 0.085969 0.996269 -0.007521
vn 0.085969 0.996269 -0.007521
vn -0.901486 0.425561 0.078870
vn -0.901486 0.425561 0.078870
vn -0.901486 0.425561 0.078870
vn -0.901486 0.425561 0.078870
vn -0.089712 -0.071507 -0.993397
vn -0.089712 -0.071507 -0.993397
vn -0.089942 0.000000 -0.995947
vn -0.089942 0.000000 -0.995947
vn 0.989082 0.119282 -0.086533
vn 0.989082 0.119282 -0.086533
vn 0.996195 0.000000 -0.087156
vn 0.996195 0.000000 -0.087156
vn 0.086841 0.069530 0.993793
vn 0.087130 -0.000000 0.996197
vn 0.094920 -0.000000 0.995485
vn 0.091981 0.068205 0.993422
vn -0.000000 -0.000000 1.000000
vn -0.000000 -0.000000 1.000000
vn -0.000000 -0.000000 1.000000
vn -0.000000 -0.000000 1.000000
vn 0.098363 0.023295 0.994878
vn 0.077385 0.020338 0.996794
vn 0.086841 0.069530 0.993793
vn 0.091981 0.068205 0.993422
vn -0.000000 -1.000000 -0.000000
vn -0.000000 -1.000000 -0.000000
vn -0.000000 -1.000000 -0.000000
vn -0.000000 -1.000000 -0.000000
vn -0.000000 1.000000 0.000000
vn -0.000000 1.000000 0.000000
vn -0.000000 1.000000 0.000000
vn -0.000000 1.000000 0.000000
vn -0.000000 0.000000 -1.000000
vn -0.000000 -0.241256 -0.970462
vn -0.000000 -0.241256 -0.970462
vn -0.000000 0.000000 -1.000000
vn -0.000000 0.241256 -0.970462
vn -0.000000 0.241256 -0.970462
vn 0.990060 0.140645 0.000000
vn 0.990060 0.140645 0.000000
vn 1.000000 0.000000 -0.000000
vn 1.000000 0.000000 -0.000000
vn 0.990060 -0.140645 -0.000000
vn 0.990060 -0.140645 -0.000000
vn -0.995092 0.098952 0.000000
vn -0.995092 0.098952 0.000000
vn -1.000000 0.000000 -0.000000
vn -1.000000 0.000000 -0.000000
vn -0.995092 -0.098952 -0.000000
vn -0.995092 -0.098952 -0.000000
vn 0.807751 0.073198 -0.584961
vn 0.807751 0.073198 -0.584961
vn 0.809924 0.000000 -0.586535
vn 0.809924 0.000000 -0.586535
vn 0.807751 -0.073198 -0.584961
vn 0.807751 -0.073198 -0.584961
vn 0.847475 -0.530835 -0.000000
vn 0.847475 -0.530835 -0.000000
vn 0.847475 -0.530835 -0.000000
vn 0.847475 -0.530835 -0.000000
vn 0.842776 -0.000000 0.538264
vn 0.842312 -0.033188 0.537968
vn 0.842312 -0.033188 0.537968
vn 0.842776 -0.000000 0.538264
vn 0.842312 0.033188 0.537968
vn 0.842312 0.033188 0.537968
vn -0.000000 -0.049658 0.998766
vn -0.000000 -0.000000 1.000000
vn -0.000000 -0.049658 0.998766
vn -0.000000 -0.000000 1.000000
vn -0.000000 0.049658 0.998766
vn -0.000000 0.049658 0.998766
vn 0.847475 0.530835 0.000000
vn 0.847475 0.530835 0.000000
vn 0.847475 0.530835 0.000000
vn 0.847475 0.530835 0.000000
vn 0.573286 -0.616813 0.539337
vn 0.573286 -0.616813 0.539337
vn 0.573286 -0.616813 0.539337
vn 0.573286 -0.616813 0.539337
vn -0.011447 -0.466938 0.884216
vn -0.329335 -0.347337 0.878006
vn 0.098175 -0.000000 0.995169
vn 0.098175 -0.000000 0.995169
vn 0.494548 0.347338 0.796730
vn 0.560869 0.015624 0.827757
vn 0.560869 0.015624 0.827757
vn -0.011447 -0.466938 0.884216
vn 0.098175 -0.000000 0.995169
vn -0.329335 -0.347337 0.878006
vn -0.216872 -0.682465 0.698002
vn -0.216872 -0.682465 0.698002
vn -0.011447 -0.466938 0.884216
vn 0.494548 0.347338 0.796730
vn 0.784092 0.161522 0.599258
vn 0.784092 0.161522 0.599258
vn 0.560869 0.015624 0.827757
vn -0.456849 0.616814 0.640959
vn -0.456849 0.616814 0.640959
vn -0.456849 0.616814 0.640959
vn -0.456849 0.616814 0.640959
vn -0.388313 -0.015623 0.921395
vn 0.098175 -0.000000 0.995169
vn -0.329335 -0.347337 0.878006
vn 0.098175 -0.000000 0.995169
vn 0.184002 0.466937 0.864935
vn 0.494548 0.347338 0.796730
vn 0.184002 0.466937 0.864935
vn 0.098175 -0.000000 0.995169
vn -0.388313 -0.015623 0.921395
vn 0.494548 0.347338 0.796730
vn 0.349081 0.682465 0.642171
vn 0.349081 0.682465 0.642171
vn 0.184002 0.466937 0.864935
vn -0.329335 -0.347337 0.878006
vn -0.651883 -0.161521 0.740918
vn -0.651883 -0.161521 0.740918
vn -0.388313 -0.015623 0.921395
vn 0.997363 -0.072509 -0.003110
vn 0.997595 -0.069193 0.004105
vn 0.998163 -0.060537 0.002285
vn 0.997351 -0.072674 -0.003132
vn 0.999911 -0.000000 0.013355
vn 0.999959 0.000000 -0.009055
vn 0.999911 -0.000000 0.013355
vn 0.999959 0.000000 -0.009055
vn 0.997595 0.069193 0.004105
vn 0.997363 0.072509 -0.003110
vn 0.998163 0.060537 0.002285
vn 0.997351 0.072674 -0.003132
f 1/1/1 2/2/2 3/3/3
f 1/1/1 3/3/3 4/4/4
f 5/5/5 6/6/6 7/7/7
f 5/5/5 7/7/7 8/8/8
f 9/9/9 10/10/10 11/11/11
f 9/9/9 11/11/11 12/12/12
f 13/13/13 14/14/14 15/15/15
f 13/13/13 15/15/15 16/16/16
f 17/17/17 18/18/18 19/19/19
f 17/17/17 19/19/19 20/20/20
f 21/21/21 22/22/22 23/23/23
f 21/21/21 23/23/23 24/24/24
f 25/25/25 26/26/26 27/27/27
f 25/25/25 27/27/27 28/28/28
f 29/29/29 30/30/30 31/31/31
f 29/29/29 31/31/31 32/32/32
f 33/33/33 34/34/34 35/35/35
f 33/33/33 35/35/35 36/36/36
f 37/37/37 38/38/38 39/39/39
f 37/37/37 39/39/39 40/40/40
f 41/41/41 42/42/42 43/43/43
f 41/41/41 43/43/43 44/44/44
f 45/45/45 46/46/46 47/47/47
f 45/45/45 47/47/47 48/48/48
f 49/49/49 50/50/50 51/51/51
f 49/49/49 51/51/51 52/52/52
f 53/53/53 54/54/54 55/55/55
f 53/53/53 55/55/55 56/56/56
f 57/57/57 58/58/58 59/59/59
f 57/57/57 59/59/59 60/60/60
f 61/61/61 62/62/62 63/63/63
f 61/61/61 63/63/63 64/64/64
f 65/65/65 66/66/66 67/67/67
f 65/65/65 67/67/67 68/68/68
f 69/69/69 70/70/70 71/71/71
f 69/69/69 71/71/71 72/72/72
f 73/73/73 74/74/74 75/75/75
f 73/73/73 75/75/75 76/76/76
f 77/77/77 78/78/78 79/79/79
f 77/77/77 79/79/79 80/80/80
f 81/81/81 82/82/82 83/83/83
f 81/81/81 83/83/83 84/84/84
f 85/85/85 86/86/86 87/87/87
f 85/85/85 87/87/87 88/88/88
f 89/89/89 90/90/90 91/91/91
f 89/89/89 91/91/91 92/92/92
f 93/93/93 94/94/94 95/95/95
f 93/93/93 95/95/95 96/96/96
f 97/97/97 98/98/98 99/99/99
f 97/97/97 99/99/99 100/100/100
f 101/101/101 102/102/102 103/103/103
f 101/101/101 103/103/103 104/104/104
f 105/105/105 106/106/106 107/107/107
f 105/105/105 107/107/107 108/108/108
f 109/109/109 110/110/110 111/111/111
f 109/109/109 111/111/111 112/112/112
f 113/113/113 114/114/114 115/115/115
f 113/113/113 115/115/115 116/116/116
f 117/117/117 118/118/118 119/119/119
f 117/117/117 119/119/119 120/120/120
f 121/121/121 122/122/122 123/123/123
f 121/121/121 123/123/123 124/124/124
f 125/125/125 126/126/126 127/127/127
f 125/125/125 127/127/127 128/128/128
f 129/129/129 130/130/130 131/131/131
f 129/129/129 131/131/131 132/132/132
f 133/133/133 134/134/134 135/135/135
f 133/133/133 135/135/135 136/136/136
f 137/137/137 138/138/138 139/139/139
f 137/137/137 140/140/140 138/138/138
f 140/140/140 141/141/141 138/138/138
f 140/140/140 142/142/142 141/141/141
f 143/143/143 144/144/144 145/145/145
f 143/143/143 145/145/145 146/146/146
f 147/147/147 148/148/148 149/149/149
f 147/147/147 149/149/149 150/150/150
f 151/151/151 147/147/147 150/150/150
f 151/151/151 150/150/150 152/152/152
f 153/153/153 154/154/154 155/155/155
f 153/153/153 155/155/155 156/156/156
f 157/157/157 158/158/158 159/159/159
f 157/157/157 159/159/159 160/160/160
f 161/161/161 157/157/157 160/160/160
f 161/161/161 160/160/160 162/162/162
f 163/163/163 164/164/164 165/165/165
f 163/163/163 165/165/165 166/166/166
f 167/167/167 168/168/168 169/169/169
f 167/167/167 169/169/169 170/170/170
f 171/171/171 172/172/172 173/173/173
f 171/171/171 173/173/173 174/174/174
f 175/175/175 176/176/176 177/177/177
f 175/175/175 177/177/177 178/178/178
f 179/179/179 180/180/180 181/181/181
f 179/179/179 181/181/181 182/182/182
f 183/183/183 184/184/184 185/185/185
f 183/183/183 185/185/185 186/186/186
f 187/187/187 188/188/188 189/189/189
f 187/187/187 189/189/189 190/190/190
f 191/191/191 192/192/192 193/193/193
f 191/191/191 193/193/193 194/194/194
f 195/195/195 196/196/196 197/197/197
f 195/195/195 197/197/197 198/198/198
f 199/199/199 200/200/200 201/201/201
f 199/199/199 201/201/201 202/202/202
f 203/203/203 204/204/204 205/205/205
f 203/203/203 205/205/205 206/206/206
f 207/207/207 208/208/208 209/209/209
f 207/207/207 209/209/209 210/210/210
f 211/211/211 212/212/212 213/213/213
f 211/211/211 213/213/213 214/214/214
f 215/215/215 216/216/216 217/217/217
f 215/215/215 218/218/218 216/216/216
f 218/218/218 219/219/219 216/216/216
f 218/218/218 220/220/220 219/219/219
f 221/221/221 222/222/222 223/223/223
f 221/221/221 223/223/223 224/224/224
f 225/225/225 226/226/226 227/227/227
f 225/225/225 227/227/227 228/228/228
f 229/229/229 230/230/230 231/231/231
f 229/229/229 231/231/231 232/232/232
f 233/233/233 234/234/234 235/235/235
f 233/233/233 235/235/235 236/236/236
f 237/237/237 238/238/238 239/239/239
f 237/237/237 239/239/239 240/240/240
f 241/241/241 242/242/242 243/243/243
f 241/241/241 243/243/243 244/244/244
f 245/245/245 246/246/246 247/247/247
f 245/245/245 247/247/247 248/248/248
f 249/249/249 250/250/250 251/251/251
f 249/249/249 251/251/251 252/252/252
f 253/253/253 254/254/254 255/255/255
f 253/253/253 255/255/255 256/256/256
f 257/257/257 258/258/258 259/259/259
f 257/257/257 259/259/259 260/260/260
f 261/261/261 262/262/262 263/263/263
f 261/261/261 263/263/263 264/264/264
f 265/265/265 266/266/266 267/267/267
f 265/265/265 267/267/267 268/268/268
f 269/269/269 270/270/270 271/271/271
f 269/269/269 271/271/271 272/272/272
f 273/273/273 274/274/274 275/275/275
f 273/273/273 275/275/275 276/276/276
f 277/277/277 278/278/278 279/279/279
f 277/277/277 279/279/279 280/280/280
f 281/281/281 282/282/282 283/283/283
f 281/281/281 283/283/283 284/284/284
f 285/285/285 286/286/286 287/287/287
f 285/285/285 287/287/287 288/288/288
f 289/289/289 290/290/290 291/291/291
f 289/289/289 291/291/291 292/292/292
f 293/293/293 294/294/294 295/295/295
f 293/293/293 295/295/295 296/296/296
f 297/297/297 298/298/298 299/299/299
f 297/297/297 299/299/299 300/300/300
f 301/301/301 302/302/302 303/303/303
f 301/301/301 303/303/303 304/304/304
f 305/305/305 306/306/306 307/307/307
f 305/305/305 307/307/307 308/308/308
f 309/309/309 310/310/310 311/311/311
f 309/309/309 312/312/312 310/310/310
f 309/309/309 313/313/313 312/312/312
f 309/309/309 314/314/314 313/313/313
f 315/315/315 316/316/316 317/317/317
f 315/315/315 317/317/317 318/318/318
f 319/319/319 320/320/320 321/321/321
f 319/319/319 321/321/321 322/322/322
f 323/323/323 324/324/324 325/325/325
f 323/323/323 325/325/325 326/326/326
f 327/327/327 328/328/328 329/329/329
f 327/327/327 329/329/329 330/330/330
f 331/331/331 330/330/330 329/329/329
f 331/331/331 329/329/329 332/332/332
f 333/333/333 334/334/334 335/335/335
f 333/333/333 335/335/335 336/336/336
f 337/337/337 338/338/338 339/339/339
f 337/337/337 339/339/339 340/340/340
f 341/341/341 342/342/342 343/343/343
f 341/341/341 343/343/343 344/344/344
f 345/345/345 346/346/346 347/347/347
f 345/345/345 347/347/347 348/348/348
f 349/349/349 350/350/350 351/351/351
f 349/349/349 351/351/351 352/352/352
f 353/353/353 354/354/354 355/355/355
f 353/353/353 355/355/355 356/356/356
f 357/357/357 358/358/358 359/359/359
f 357/357/357 359/359/359 360/360/360
f 361/361/361 362/362/362 363/363/363
f 361/361/361 363/363/363 364/364/364
f 365/365/365 366/366/366 367/367/367
f 365/365/365 367/367/367 368/368/368
f 369/369/369 370/370/370 371/371/371
f 369/369/369 371/371/371 372/372/372
f 373/373/373 369/369/369 372/372/372
f 373/373/373 372/372/372 374/374/374
f 375/375/375 376/376/376 377/377/377
f 375/375/375 377/377/377 378/378/378
f 378/378/378 377/377/377 379/379/379
f 378/378/378 379/379/379 380/380/380
f 381/381/381 382/382/382 383/383/383
f 381/381/381 383/383/383 384/384/384
f 384/384/384 383/383/383 385/385/385
f 384/384/384 385/385/385 386/386/386
f 387/387/387 388/388/388 389/389/389
f 387/387/387 389/389/389 390/390/390
f 390/390/390 389/389/389 391/391/391
f 390/390/390 391/391/391 392/392/392
f 393/393/393 394/394/394 395/395/395
f 393/393/393 395/395/395 396/396/396
f 397/397/397 398/398/398 399/399/399
f 397/397/397 400/400/400 398/398/398
f 401/401/401 400/400/400 397/397/397
f 401/401/401 402/402/402 400/400/400
f 403/403/403 404/404/404 405/405/405
f 403/403/403 406/406/406 404/404/404
f 406/406/406 407/407/407 404/404/404
f 406/406/406 408/408/408 407/407/407
f 409/409/409 410/410/410 411/411/411
f 409/409/409 411/411/411 412/412/412
f 413/413/413 414/414/414 415/415/415
f 413/413/413 414/414/414 415/415/415
f 413/413/413 416/416/416 414/414/414
f 413/413/413 416/416/416 414/414/414
f 417/417/417 418/418/418 419/419/419
f 417/417/417 418/418/418 419/419/419
f 420/420/420 421/421/421 422/422/422
f 420/420/420 421/421/421 422/422/422
f 423/423/423 424/424/424 425/425/425
f 423/423/423 424/424/424 425/425/425
f 426/426/426 427/427/427 428/428/428
f 426/426/426 427/427/427 428/428/428
f 426/426/426 429/429/429 427/427/427
f 426/426/426 429/429/429 427/427/427
f 430/430/430 431/431/431 432/432/432
f 430/430/430 431/431/431 432/432/432
f 430/430/430 432/432/432 433/433/433
f 430/430/430 432/432/432 433/433/433
f 434/434/434 435/435/435 436/436/436
f 434/434/434 435/435/435 436/436/436
f 434/434/434 437/437/437 435/435/435
f 434/434/434 437/437/437 435/435/435
f 438/438/438 439/439/439 440/440/440
f 438/438/438 439/439/439 440/440/440
f 441/441/441 442/442/442 443/443/443
f 441/441/441 442/442/442 443/443/443
f 444/444/444 445/445/445 446/446/446
f 444/444/444 445/445/445 446/446/446
f 447/447/447 448/448/448 449/449/449
f 447/447/447 448/448/448 449/449/449
f 447/447/447 450/450/450 448/448/448
f 447/447/447 450/450/450 448/448/448
f 451/451/451 452/452/452 453/453/453
f 451/451/451 452/452/452 453/453/453
f 451/451/451 453/453/453 454/454/454
f 451/451/451 453/453/453 454/454/454
f 455/455/455 456/456/456 457/457/457
f 455/455/455 458/458/458 456/456/456
f 457/457/457 456/456/456 459/459/459
f 460/460/460 458/458/458 455/455/455
f 457/457/457 459/459/459 461/461/461
f 460/460/460 462/462/462 458/458/458
f 461/461/461 459/459/459 463/463/463
f 464/464/464 462/462/462 460/460/460
f 461/461/461 463/463/463 465/465/465
f 464/464/464 466/466/466 462/462/462
f 465/465/465 463/463/463 466/466/466
f 465/465/465 466/466/466 464/464/464
