# Unturned item rip -> Godot (X+Z negated, winding reversed, RH Y-up)
v 0.147766 0.075739 0.328004
v 0.147766 0.030739 0.328004
v 0.147766 -0.140787 0.328004
v 0.301091 -0.093987 0.319986
v 0.365644 -0.093987 0.314338
v 0.301091 -0.140787 0.319986
v 0.301091 0.092464 0.319986
v 0.301091 0.139264 0.319986
v 0.365644 0.092464 0.314338
v 0.481900 0.070951 0.304167
v 0.481900 0.106951 0.304167
v 0.517119 0.070951 0.301086
v 0.481900 -0.072473 0.304167
v 0.517119 -0.072473 0.301086
v 0.481900 -0.108473 0.304167
v 0.909389 0.000000 0.248294
v 0.944389 0.204997 0.208294
v 0.884389 0.204997 0.208294
v 0.969389 0.000000 0.248294
v 0.884389 -0.204997 0.208294
v 0.944389 -0.204997 0.208294
v 0.909389 0.000000 0.303969
v 0.715678 -0.226312 0.193969
v 0.715678 0.000000 0.243969
v 0.879389 -0.256575 0.253969
v -0.144059 -0.342357 0.322304
v 0.729994 -0.266357 0.245834
v 0.726159 -0.266357 0.202002
v -0.147894 -0.342357 0.278472
v -0.302529 0.000000 0.358252
v -0.144059 -0.342357 0.322304
v -0.147894 -0.342357 0.278472
v -0.306364 0.000000 0.314420
v 0.726159 -0.266357 0.202002
v 0.759955 0.000000 0.221129
v -0.306364 0.000000 0.314420
v -0.147894 -0.342357 0.278472
v -0.302529 0.000000 0.358252
v -0.094356 -0.276357 0.317956
v -0.144059 -0.342357 0.322304
v -0.216445 0.000000 0.350721
v -0.094356 0.276357 0.317956
v -0.144059 0.342357 0.322304
v 0.800369 -0.174734 -0.167198
v 0.800369 0.000000 0.010548
v 0.800369 0.000000 -0.167198
v 0.800369 -0.192072 -0.009452
v 0.800369 -0.174734 0.148294
v 0.800369 0.000000 0.188294
v 0.800369 0.000000 0.188294
v 0.800369 -0.174734 0.148294
v 0.884389 -0.204997 0.208294
v 0.909389 0.000000 0.248294
v 0.884389 0.204997 0.208294
v 0.800369 0.174734 0.148294
v 0.819389 0.256575 -0.167198
v 0.879389 0.256575 -0.167198
v 0.919389 0.276575 -0.009452
v 0.859389 0.276575 -0.009452
v 0.939389 0.256575 0.253969
v 0.879389 0.256575 0.253969
v 0.800369 -0.174734 -0.167198
v 0.819389 -0.256575 -0.167198
v 0.824389 -0.194997 -0.167198
v 0.715678 -0.236312 -0.167198
v 0.800369 0.000000 -0.167198
v 0.715678 0.000000 -0.167198
v 0.715678 -0.236312 -0.167198
v 0.859389 -0.276575 -0.009452
v 0.819389 -0.256575 -0.167198
v 0.715678 -0.256312 -0.009452
v 0.715678 -0.226312 0.193969
v 0.879389 -0.256575 0.253969
v 0.715678 -0.226312 0.193969
v 0.715678 0.000000 -0.009452
v 0.715678 0.000000 0.243969
v 0.715678 -0.256312 -0.009452
v 0.715678 0.000000 -0.167198
v 0.715678 -0.236312 -0.167198
v 0.800369 -0.174734 -0.167198
v 0.824389 -0.194997 -0.167198
v 0.864389 -0.212334 -0.009452
v 0.800369 -0.192072 -0.009452
v 0.800369 -0.174734 0.148294
v 0.884389 -0.204997 0.208294
v 0.729994 -0.266357 0.245834
v 0.763790 0.000000 0.264962
v 0.759955 0.000000 0.221129
v 0.726159 -0.266357 0.202002
v 0.674373 -0.211357 0.250701
v -0.094356 -0.276357 0.317956
v -0.216445 0.000000 0.350721
v 0.705539 0.000000 0.270058
v -0.144059 -0.342357 0.322304
v -0.094356 -0.276357 0.317956
v 0.674373 -0.211357 0.250701
v 0.729994 -0.266357 0.245834
v 0.729994 -0.266357 0.245834
v 0.674373 -0.211357 0.250701
v 0.705539 0.000000 0.270058
v 0.763790 0.000000 0.264962
v 0.729994 0.266357 0.245834
v 0.674373 0.211357 0.250701
v 0.909389 0.000000 0.303969
v 0.715678 0.000000 0.243969
v 0.715678 0.226312 0.193969
v 0.879389 0.256575 0.253969
v -0.144059 0.342357 0.322304
v -0.147894 0.342357 0.278472
v 0.726159 0.266357 0.202002
v 0.729994 0.266357 0.245834
v -0.302529 0.000000 0.358252
v -0.306364 0.000000 0.314420
v -0.147894 0.342357 0.278472
v -0.144059 0.342357 0.322304
v 0.726159 0.266357 0.202002
v -0.147894 0.342357 0.278472
v -0.306364 0.000000 0.314420
v 0.759955 0.000000 0.221129
v 0.800369 0.174734 -0.167198
v 0.800369 0.000000 -0.167198
v 0.800369 0.000000 0.010548
v 0.800369 0.192072 -0.009452
v 0.800369 0.174734 0.148294
v 0.800369 0.000000 0.188294
v 0.884389 0.204997 0.208294
v 0.944389 0.204997 0.208294
v 0.924389 0.212334 -0.009452
v 0.864389 0.212334 -0.009452
v 0.884389 0.194997 -0.167198
v 0.824389 0.194997 -0.167198
v 0.800369 0.174734 -0.167198
v 0.824389 0.194997 -0.167198
v 0.819389 0.256575 -0.167198
v 0.715678 0.236312 -0.167198
v 0.800369 0.000000 -0.167198
v 0.715678 0.000000 -0.167198
v 0.715678 0.236312 -0.167198
v 0.819389 0.256575 -0.167198
v 0.859389 0.276575 -0.009452
v 0.715678 0.256312 -0.009452
v 0.715678 0.226312 0.193969
v 0.879389 0.256575 0.253969
v 0.715678 0.226312 0.193969
v 0.715678 0.000000 0.243969
v 0.715678 0.000000 -0.009452
v 0.715678 0.256312 -0.009452
v 0.715678 0.000000 -0.167198
v 0.715678 0.236312 -0.167198
v 0.800369 0.174734 -0.167198
v 0.864389 0.212334 -0.009452
v 0.824389 0.194997 -0.167198
v 0.800369 0.192072 -0.009452
v 0.800369 0.174734 0.148294
v 0.884389 0.204997 0.208294
v 0.729994 0.266357 0.245834
v 0.726159 0.266357 0.202002
v 0.759955 0.000000 0.221129
v 0.763790 0.000000 0.264962
v 0.674373 0.211357 0.250701
v 0.705539 0.000000 0.270058
v -0.216445 0.000000 0.350721
v -0.094356 0.276357 0.317956
v 0.763790 0.000000 0.264962
v -0.302529 0.000000 0.358252
v -0.216445 0.000000 0.350721
v 0.705539 0.000000 0.270058
v -0.144059 0.342357 0.322304
v 0.729994 0.266357 0.245834
v 0.674373 0.211357 0.250701
v -0.094356 0.276357 0.317956
v 0.102808 0.143252 0.336632
v 0.172306 0.068517 0.330552
v 0.149891 0.024753 0.332513
v 0.031082 0.143252 0.342907
v 0.268701 -0.031092 0.322119
v 0.149891 0.024753 0.332513
v 0.172306 0.068517 0.330552
v 0.268701 0.018700 0.322119
v -0.050528 0.030739 0.345352
v -0.050528 0.075739 0.345352
v 0.147766 0.075739 0.328004
v 0.101890 0.030739 0.332018
v 0.147766 -0.140787 0.328004
v 0.101890 -0.095261 0.332018
v 0.101890 0.030739 0.332018
v 0.147766 0.075739 0.328004
v 0.101890 -0.140787 0.332018
v 0.012232 -0.140787 0.339862
v 0.030164 -0.095261 0.338293
v 0.101890 -0.095261 0.332018
v 0.147766 -0.140787 0.328004
v 0.012232 -0.140787 0.339862
v -0.029241 -0.095261 0.343490
v 0.017843 -0.082587 0.339371
v 0.030164 -0.095261 0.338293
v 0.017843 -0.064587 0.339371
v 0.017843 -0.082587 0.339371
v -0.029241 -0.095261 0.343490
v -0.029241 -0.064587 0.343490
v -0.085005 -0.050261 0.352797
v -0.085005 -0.005261 0.352797
v 0.183012 -0.005261 0.329348
v 0.183012 -0.050261 0.329348
v 0.246730 -0.140787 0.329302
v 0.201901 -0.140787 0.333224
v 0.201901 0.139264 0.333224
v 0.246730 0.139264 0.329302
v 0.462474 -0.140787 0.305867
v 0.421232 -0.093987 0.309475
v 0.421232 0.092464 0.309475
v 0.462474 0.139264 0.305867
v 0.462474 -0.140787 0.305867
v 0.301091 -0.140787 0.319986
v 0.365644 -0.093987 0.314338
v 0.421232 -0.093987 0.309475
v 0.462474 0.139264 0.305867
v 0.421232 0.092464 0.309475
v 0.365644 0.092464 0.314338
v 0.301091 0.139264 0.319986
v 0.616386 -0.108473 0.292401
v 0.481900 -0.108473 0.304167
v 0.517119 -0.072473 0.301086
v 0.580523 -0.072473 0.295539
v 0.616386 0.106951 0.292401
v 0.580523 0.070951 0.295539
v 0.517119 0.070951 0.301086
v 0.481900 0.106951 0.304167
v 0.616386 -0.108473 0.292401
v 0.580523 -0.072473 0.295539
v 0.580523 0.070951 0.295539
v 0.616386 0.106951 0.292401
v 0.101890 0.030739 0.332018
v 0.099554 0.030739 0.305312
v -0.052864 0.030739 0.318647
v -0.050528 0.030739 0.345352
v -0.050528 0.030739 0.345352
v -0.052864 0.030739 0.318647
v -0.052864 0.075739 0.318647
v -0.050528 0.075739 0.345352
v 0.481900 -0.108473 0.304167
v 0.479095 -0.108473 0.272107
v 0.479095 -0.072473 0.272107
v 0.481900 -0.072473 0.304167
v -0.050528 0.075739 0.345352
v -0.052864 0.075739 0.318647
v 0.145430 0.075739 0.301299
v 0.147766 0.075739 0.328004
v 0.616386 -0.108473 0.292401
v 0.613581 -0.108473 0.260341
v 0.479095 -0.108473 0.272107
v 0.481900 -0.108473 0.304167
v 0.147766 0.075739 0.328004
v 0.145430 0.075739 0.301299
v 0.145430 0.030739 0.301299
v 0.147766 0.030739 0.328004
v 0.517119 -0.072473 0.301086
v 0.514314 -0.072473 0.269026
v 0.577718 -0.072473 0.263478
v 0.580523 -0.072473 0.295539
v 0.147766 0.030739 0.328004
v 0.145430 0.030739 0.301299
v 0.145430 -0.140787 0.301299
v 0.147766 -0.140787 0.328004
v 0.462474 0.139264 0.305867
v 0.459669 0.139264 0.273806
v 0.459669 -0.140787 0.273806
v 0.462474 -0.140787 0.305867
v 0.101890 -0.095261 0.332018
v 0.099554 -0.095261 0.305312
v 0.099554 0.030739 0.305312
v 0.101890 0.030739 0.332018
v 0.301091 0.139264 0.319986
v 0.298286 0.139264 0.287926
v 0.459669 0.139264 0.273806
v 0.462474 0.139264 0.305867
v 0.147766 -0.140787 0.328004
v 0.145430 -0.140787 0.301299
v 0.099554 -0.140787 0.305312
v 0.101890 -0.140787 0.332018
v 0.301091 0.092464 0.319986
v 0.298286 0.092464 0.287926
v 0.298286 0.139264 0.287926
v 0.301091 0.139264 0.319986
v 0.101890 -0.140787 0.332018
v 0.099554 -0.140787 0.305312
v 0.009896 -0.140787 0.313156
v 0.012232 -0.140787 0.339862
v 0.365644 -0.093987 0.314338
v 0.301091 -0.093987 0.319986
v 0.298286 -0.093987 0.287926
v 0.362839 -0.093987 0.282278
v 0.030164 -0.095261 0.338293
v 0.027828 -0.095261 0.311588
v 0.099554 -0.095261 0.305312
v 0.101890 -0.095261 0.332018
v 0.012232 -0.140787 0.339862
v 0.009896 -0.140787 0.313156
v -0.031577 -0.095261 0.316785
v -0.029241 -0.095261 0.343490
v 0.517119 -0.072473 0.301086
v 0.481900 -0.072473 0.304167
v 0.479095 -0.072473 0.272107
v 0.514314 -0.072473 0.269026
v 0.017843 -0.082587 0.339371
v 0.015506 -0.082587 0.312666
v 0.027828 -0.095261 0.311588
v 0.030164 -0.095261 0.338293
v 0.421232 0.092464 0.309475
v 0.418427 0.092464 0.277415
v 0.362839 0.092464 0.282278
v 0.365644 0.092464 0.314338
v 0.017843 -0.064587 0.339371
v 0.015506 -0.064587 0.312666
v 0.015506 -0.082587 0.312666
v 0.017843 -0.082587 0.339371
v 0.421232 -0.093987 0.309475
v 0.418427 -0.093987 0.277415
v 0.418427 0.092464 0.277415
v 0.421232 0.092464 0.309475
v -0.029241 -0.095261 0.343490
v -0.031577 -0.095261 0.316785
v -0.031577 -0.064587 0.316785
v -0.029241 -0.064587 0.343490
v -0.029241 -0.064587 0.343490
v -0.031577 -0.064587 0.316785
v 0.015506 -0.064587 0.312666
v 0.017843 -0.064587 0.339371
v 0.301091 -0.140787 0.319986
v 0.298286 -0.140787 0.287926
v 0.298286 -0.093987 0.287926
v 0.301091 -0.093987 0.319986
v 0.183012 -0.050261 0.329348
v 0.180291 -0.050261 0.298249
v -0.087726 -0.050261 0.321697
v -0.085005 -0.050261 0.352797
v 0.462474 -0.140787 0.305867
v 0.459669 -0.140787 0.273806
v 0.298286 -0.140787 0.287926
v 0.301091 -0.140787 0.319986
v -0.085005 -0.050261 0.352797
v -0.087726 -0.050261 0.321697
v -0.087726 -0.005261 0.321697
v -0.085005 -0.005261 0.352797
v 0.365644 -0.093987 0.314338
v 0.362839 -0.093987 0.282278
v 0.418427 -0.093987 0.277415
v 0.421232 -0.093987 0.309475
v -0.085005 -0.005261 0.352797
v -0.087726 -0.005261 0.321697
v 0.180291 -0.005261 0.298249
v 0.183012 -0.005261 0.329348
v 0.246730 0.139264 0.329302
v 0.243529 0.139264 0.292716
v 0.243529 -0.140787 0.292716
v 0.246730 -0.140787 0.329302
v 0.183012 -0.005261 0.329348
v 0.180291 -0.005261 0.298249
v 0.180291 -0.050261 0.298249
v 0.183012 -0.050261 0.329348
v 0.246730 -0.140787 0.329302
v 0.243529 -0.140787 0.292716
v 0.198700 -0.140787 0.296638
v 0.201901 -0.140787 0.333224
v 0.201901 -0.140787 0.333224
v 0.198700 -0.140787 0.296638
v 0.198700 0.139264 0.296638
v 0.201901 0.139264 0.333224
v 0.616386 0.106951 0.292401
v 0.613581 0.106951 0.260341
v 0.613581 -0.108473 0.260341
v 0.616386 -0.108473 0.292401
v 0.201901 0.139264 0.333224
v 0.198700 0.139264 0.296638
v 0.243529 0.139264 0.292716
v 0.246730 0.139264 0.329302
v 0.481900 0.106951 0.304167
v 0.479095 0.106951 0.272107
v 0.613581 0.106951 0.260341
v 0.616386 0.106951 0.292401
v 0.031082 0.143252 0.342907
v 0.028338 0.143252 0.311543
v 0.100064 0.143252 0.305268
v 0.102808 0.143252 0.336632
v 0.481900 0.070951 0.304167
v 0.479095 0.070951 0.272107
v 0.479095 0.106951 0.272107
v 0.481900 0.106951 0.304167
v 0.149891 0.024753 0.332513
v 0.147147 0.024753 0.301149
v 0.028338 0.143252 0.311543
v 0.031082 0.143252 0.342907
v 0.102808 0.143252 0.336632
v 0.100064 0.143252 0.305268
v 0.169562 0.068517 0.299188
v 0.172306 0.068517 0.330552
v 0.268701 0.018700 0.322119
v 0.265957 0.018700 0.290754
v 0.265957 -0.031092 0.290754
v 0.268701 -0.031092 0.322119
v 0.172306 0.068517 0.330552
v 0.169562 0.068517 0.299188
v 0.265957 0.018700 0.290754
v 0.268701 0.018700 0.322119
v 0.580523 0.070951 0.295539
v 0.577718 0.070951 0.263478
v 0.514314 0.070951 0.269026
v 0.517119 0.070951 0.301086
v 0.268701 -0.031092 0.322119
v 0.265957 -0.031092 0.290754
v 0.147147 0.024753 0.301149
v 0.149891 0.024753 0.332513
v 0.580523 -0.072473 0.295539
v 0.577718 -0.072473 0.263478
v 0.577718 0.070951 0.263478
v 0.580523 0.070951 0.295539
v 0.365176 -0.103310 0.308983
v 0.322140 -0.103310 0.312748
v 0.322140 0.101787 0.312748
v 0.365176 0.101787 0.308983
v 0.365644 0.092464 0.314338
v 0.362839 0.092464 0.282278
v 0.298286 0.092464 0.287926
v 0.301091 0.092464 0.319986
v 0.319804 0.101787 0.286044
v 0.322140 0.101787 0.312748
v 0.322140 -0.103310 0.312748
v 0.319804 -0.103310 0.286044
v 0.481900 0.070951 0.304167
v 0.517119 0.070951 0.301086
v 0.517119 -0.072473 0.301086
v 0.481900 -0.072473 0.304167
v 0.362839 -0.103310 0.282278
v 0.365176 -0.103310 0.308983
v 0.365176 0.101787 0.308983
v 0.362839 0.101787 0.282278
v 0.969389 0.000000 0.303969
v 0.969389 0.000000 0.248294
v 0.944389 -0.204997 0.208294
v 0.939389 -0.256575 0.253969
v 0.919389 -0.276575 -0.009452
v 0.924389 -0.212334 -0.009452
v 0.879389 -0.256575 -0.167198
v 0.884389 -0.194997 -0.167198
v 0.969389 0.000000 0.303969
v 0.944389 0.204997 0.208294
v 0.969389 0.000000 0.248294
v 0.939389 0.256575 0.253969
v 0.919389 0.276575 -0.009452
v 0.924389 0.212334 -0.009452
v 0.879389 0.256575 -0.167198
v 0.884389 0.194997 -0.167198
v 0.864389 -0.212334 -0.009452
v 0.944389 -0.204997 0.208294
v 0.884389 -0.204997 0.208294
v 0.924389 -0.212334 -0.009452
v 0.824389 -0.194997 -0.167198
v 0.884389 -0.194997 -0.167198
v 0.819389 -0.256575 -0.167198
v 0.879389 -0.256575 -0.167198
v 0.884389 -0.194997 -0.167198
v 0.824389 -0.194997 -0.167198
v 0.859389 -0.276575 -0.009452
v 0.879389 -0.256575 -0.167198
v 0.819389 -0.256575 -0.167198
v 0.919389 -0.276575 -0.009452
v 0.879389 -0.256575 0.253969
v 0.939389 -0.256575 0.253969
v 0.909389 0.000000 0.303969
v 0.939389 -0.256575 0.253969
v 0.879389 -0.256575 0.253969
v 0.969389 0.000000 0.303969
v 0.879389 0.256575 0.253969
v 0.939389 0.256575 0.253969
v 0.824389 0.194997 -0.167198
v 0.884389 0.194997 -0.167198
v 0.879389 0.256575 -0.167198
v 0.819389 0.256575 -0.167198
v 0.514314 -0.072473 0.269026
v 0.517119 -0.072473 0.301086
v 0.517119 0.070951 0.301086
v 0.514314 0.070951 0.269026
v 0.479095 0.070951 0.272107
v 0.481900 0.070951 0.304167
v 0.481900 -0.072473 0.304167
v 0.479095 -0.072473 0.272107
v 0.481900 0.070951 0.304167
v 0.517119 0.070951 0.301086
v 0.514314 0.070951 0.269026
v 0.479095 0.070951 0.272107
vt 0.0742631406 0.289995223
vt 0.0712692365 0.287820071
vt 0.0724128187 0.284300476
vt 0.0774111003 0.283699304
vt 0.0711151659 0.289995223
vt 0.0774111003 0.289995223
vt 0.0711151659 0.283699304
vt 0.0711151659 0.289995223
vt 0.0774111003 0.289995223
vt 0.0711151659 0.283699304
vt 0.0711151659 0.289995223
vt 0.0774111003 0.289995223
vt 0.0774111003 0.283699304
vt 0.0711151659 0.289995223
vt 0.0774111003 0.289995223
vt 0.0449769758 0.362482071
vt 0.0474575236 0.362482071
vt 0.0474575236 0.362482071
vt 0.0449769758 0.362482071
vt 0.0474575236 0.362482071
vt 0.0474575236 0.362482071
vt 0.0546684749 0.289327741
vt 0.0497073792 0.284366667
vt 0.0497073792 0.289327741
vt 0.0546684749 0.284366667
vt 0.0444365442 0.292563289
vt 0.0444365442 0.301758796
vt 0.053632088 0.301758796
vt 0.053632088 0.292563289
vt 0.0444365442 0.292563289
vt 0.0444365442 0.301758796
vt 0.053632088 0.301758796
vt 0.053632088 0.292563289
vt 0.0444365442 0.292563289
vt 0.0444365442 0.301758796
vt 0.053632088 0.301758796
vt 0.053632088 0.292563289
vt 0.0395449325 0.282819629
vt 0.0395449325 0.29087472
vt 0.0395449325 0.29087472
vt 0.0395449325 0.282819629
vt 0.0395449325 0.29087472
vt 0.0395449325 0.29087472
vt 0.0490343235 0.179313391
vt 0.0465537757 0.178073108
vt 0.0465537757 0.179313391
vt 0.0490343235 0.178073108
vt 0.0490343235 0.176832855
vt 0.0465537757 0.176832855
vt 0.0528609864 0.197460547
vt 0.0553415343 0.197460547
vt 0.0553415343 0.197460547
vt 0.0528609864 0.197460547
vt 0.0553415343 0.197460547
vt 0.0553415343 0.197460547
vt 0.0436308533 0.363439471
vt 0.0436308533 0.363439471
vt 0.0436308533 0.364679724
vt 0.0436308533 0.364679724
vt 0.0436308533 0.368400544
vt 0.0436308533 0.368400544
vt 0.0546684749 0.286847204
vt 0.0546684749 0.289327741
vt 0.0546684749 0.286847204
vt 0.0497073792 0.289327741
vt 0.0546684749 0.284366667
vt 0.0497073792 0.284366667
vt 0.0497073792 0.284366667
vt 0.0546684749 0.285606921
vt 0.0546684749 0.284366667
vt 0.0497073792 0.285606921
vt 0.0497073792 0.289327741
vt 0.0546684749 0.289327741
vt 0.0497073792 0.284366667
vt 0.0546684749 0.288087457
vt 0.0546684749 0.284366667
vt 0.0497073792 0.288087457
vt 0.0546684749 0.289327741
vt 0.0497073792 0.289327741
vt 0.0553415343 0.199941084
vt 0.0553415343 0.199941084
vt 0.0553415343 0.198700801
vt 0.0553415343 0.198700801
vt 0.0553415343 0.197460547
vt 0.0553415343 0.197460547
vt 0.0444365442 0.292563289
vt 0.0444365442 0.301758796
vt 0.053632088 0.301758796
vt 0.053632088 0.292563289
vt 0.030245319 0.357884288
vt 0.030245319 0.367079794
vt 0.0394408591 0.367079794
vt 0.0394408591 0.357884288
vt 0.0395449325 0.282819629
vt 0.0395449325 0.282819629
vt 0.0395449325 0.29087472
vt 0.0395449325 0.29087472
vt 0.0395449325 0.282819629
vt 0.0395449325 0.282819629
vt 0.0395449325 0.29087472
vt 0.0395449325 0.29087472
vt 0.0395449325 0.282819629
vt 0.0395449325 0.282819629
vt 0.0546684749 0.289327741
vt 0.0497073792 0.289327741
vt 0.0497073792 0.284366667
vt 0.0546684749 0.284366667
vt 0.0444365442 0.292563289
vt 0.053632088 0.292563289
vt 0.053632088 0.301758796
vt 0.0444365442 0.301758796
vt 0.0444365442 0.292563289
vt 0.053632088 0.292563289
vt 0.053632088 0.301758796
vt 0.0444365442 0.301758796
vt 0.0444365442 0.292563289
vt 0.053632088 0.292563289
vt 0.053632088 0.301758796
vt 0.0444365442 0.301758796
vt 0.0490343235 0.179313391
vt 0.0465537757 0.179313391
vt 0.0465537757 0.178073108
vt 0.0490343235 0.178073108
vt 0.0490343235 0.176832855
vt 0.0465537757 0.176832855
vt 0.0474575236 0.362482071
vt 0.0474575236 0.362482071
vt 0.0474575236 0.363722324
vt 0.0474575236 0.363722324
vt 0.0474575236 0.364962608
vt 0.0474575236 0.364962608
vt 0.0546684749 0.286847204
vt 0.0546684749 0.286847204
vt 0.0546684749 0.289327741
vt 0.0497073792 0.289327741
vt 0.0546684749 0.284366667
vt 0.0497073792 0.284366667
vt 0.0497073792 0.284366667
vt 0.0546684749 0.284366667
vt 0.0546684749 0.285606921
vt 0.0497073792 0.285606921
vt 0.0497073792 0.289327741
vt 0.0546684749 0.289327741
vt 0.0497073792 0.284366667
vt 0.0546684749 0.284366667
vt 0.0546684749 0.288087457
vt 0.0497073792 0.288087457
vt 0.0546684749 0.289327741
vt 0.0497073792 0.289327741
vt 0.0553415343 0.199941084
vt 0.0553415343 0.198700801
vt 0.0553415343 0.199941084
vt 0.0553415343 0.198700801
vt 0.0553415343 0.197460547
vt 0.0553415343 0.197460547
vt 0.0444365442 0.292563289
vt 0.053632088 0.292563289
vt 0.053632088 0.301758796
vt 0.0444365442 0.301758796
vt 0.030245319 0.357884288
vt 0.0394408591 0.357884288
vt 0.0394408591 0.367079794
vt 0.030245319 0.367079794
vt 0.0444365442 0.292563289
vt 0.0444365442 0.301758796
vt 0.0444365442 0.301758796
vt 0.0444365442 0.292563289
vt 0.0395449325 0.282819629
vt 0.0395449325 0.29087472
vt 0.0395449325 0.29087472
vt 0.0395449325 0.282819629
vt 0.0711151659 0.283699304
vt 0.0711151659 0.289995223
vt 0.0774111003 0.289995223
vt 0.0774111003 0.283699304
vt 0.0711151659 0.283699304
vt 0.0711151659 0.289995223
vt 0.0774111003 0.289995223
vt 0.0774111003 0.283699304
vt 0.0711151659 0.283699304
vt 0.0711151659 0.289995223
vt 0.0774111003 0.289995223
vt 0.0774111003 0.283699304
vt 0.0724128187 0.284300476
vt 0.0761134997 0.284300476
vt 0.0772570297 0.287820071
vt 0.0742631406 0.289995223
vt 0.0712692365 0.287820071
vt 0.0724128187 0.284300476
vt 0.0761134997 0.284300476
vt 0.0772570297 0.287820071
vt 0.0742631406 0.289995223
vt 0.0711151659 0.283699304
vt 0.0711151659 0.289995223
vt 0.0774111003 0.289995223
vt 0.0774111003 0.283699304
vt 0.0711151659 0.283699304
vt 0.0711151659 0.289995223
vt 0.0774111003 0.289995223
vt 0.0774111003 0.283699304
vt 0.0711151659 0.283699304
vt 0.0711151659 0.289995223
vt 0.0774111003 0.289995223
vt 0.0774111003 0.283699304
vt 0.0711151659 0.283699304
vt 0.0711151659 0.289995223
vt 0.0774111003 0.289995223
vt 0.0774111003 0.283699304
vt 0.0711151659 0.283699304
vt 0.0711151659 0.289995223
vt 0.0774111003 0.289995223
vt 0.0774111003 0.283699304
vt 0.0711151659 0.283699304
vt 0.0711151659 0.289995223
vt 0.0774111003 0.289995223
vt 0.0774111003 0.283699304
vt 0.0711151659 0.283699304
vt 0.0711151659 0.289995223
vt 0.0774111003 0.289995223
vt 0.0774111003 0.283699304
vt 0.0711151659 0.283699304
vt 0.0711151659 0.289995223
vt 0.0774111003 0.289995223
vt 0.0774111003 0.283699304
vt 0.0711151659 0.283699304
vt 0.0711151659 0.289995223
vt 0.0774111003 0.289995223
vt 0.0774111003 0.283699304
vt 0.0711151659 0.283699304
vt 0.0711151659 0.289995223
vt 0.0774111003 0.289995223
vt 0.0774111003 0.283699304
vt 0.0711151659 0.283699304
vt 0.0711151659 0.289995223
vt 0.0774111003 0.289995223
vt 0.0774111003 0.283699304
vt 0.0711151659 0.283699304
vt 0.0711151659 0.289995223
vt 0.0774111003 0.289995223
vt 0.0774111003 0.283699304
vt 0.0711151659 0.283699304
vt 0.0711151659 0.289995223
vt 0.0774111003 0.289995223
vt 0.0774111003 0.283699304
vt 0.0711151659 0.283699304
vt 0.0711151659 0.289995223
vt 0.0774111003 0.289995223
vt 0.0774111003 0.283699304
vt 0.0711151659 0.283699304
vt 0.0711151659 0.289995223
vt 0.0774111003 0.289995223
vt 0.0774111003 0.283699304
vt 0.0711151659 0.283699304
vt 0.0711151659 0.289995223
vt 0.0774111003 0.289995223
vt 0.0774111003 0.283699304
vt 0.0711151659 0.283699304
vt 0.0711151659 0.289995223
vt 0.0774111003 0.289995223
vt 0.0774111003 0.283699304
vt 0.0711151659 0.283699304
vt 0.0711151659 0.289995223
vt 0.0774111003 0.289995223
vt 0.0774111003 0.283699304
vt 0.0711151659 0.283699304
vt 0.0711151659 0.289995223
vt 0.0774111003 0.289995223
vt 0.0774111003 0.283699304
vt 0.0711151659 0.283699304
vt 0.0711151659 0.289995223
vt 0.0774111003 0.289995223
vt 0.0774111003 0.283699304
vt 0.0711151659 0.283699304
vt 0.0711151659 0.289995223
vt 0.0774111003 0.289995223
vt 0.0774111003 0.283699304
vt 0.0711151659 0.283699304
vt 0.0711151659 0.289995223
vt 0.0774111003 0.289995223
vt 0.0774111003 0.283699304
vt 0.0711151659 0.283699304
vt 0.0711151659 0.289995223
vt 0.0774111003 0.289995223
vt 0.0774111003 0.283699304
vt 0.0711151659 0.283699304
vt 0.0711151659 0.289995223
vt 0.0774111003 0.289995223
vt 0.0774111003 0.283699304
vt 0.0711151659 0.283699304
vt 0.0711151659 0.283699304
vt 0.0711151659 0.289995223
vt 0.0774111003 0.283699304
vt 0.0711151659 0.283699304
vt 0.0711151659 0.289995223
vt 0.0774111003 0.289995223
vt 0.0774111003 0.283699304
vt 0.0711151659 0.283699304
vt 0.0711151659 0.289995223
vt 0.0774111003 0.289995223
vt 0.0774111003 0.283699304
vt 0.0711151659 0.283699304
vt 0.0711151659 0.283699304
vt 0.0711151659 0.289995223
vt 0.0774111003 0.283699304
vt 0.0711151659 0.283699304
vt 0.0711151659 0.289995223
vt 0.0774111003 0.289995223
vt 0.0774111003 0.283699304
vt 0.0711151659 0.283699304
vt 0.0711151659 0.289995223
vt 0.0774111003 0.289995223
vt 0.0774111003 0.283699304
vt 0.0711151659 0.283699304
vt 0.0711151659 0.289995223
vt 0.0774111003 0.289995223
vt 0.0774111003 0.283699304
vt 0.0711151659 0.283699304
vt 0.0711151659 0.289995223
vt 0.0774111003 0.289995223
vt 0.0774111003 0.283699304
vt 0.0711151659 0.283699304
vt 0.0711151659 0.289995223
vt 0.0774111003 0.289995223
vt 0.0774111003 0.283699304
vt 0.0711151659 0.283699304
vt 0.0711151659 0.289995223
vt 0.0774111003 0.289995223
vt 0.0774111003 0.283699304
vt 0.0711151659 0.283699304
vt 0.0711151659 0.289995223
vt 0.0774111003 0.289995223
vt 0.0774111003 0.283699304
vt 0.0711151659 0.283699304
vt 0.0711151659 0.289995223
vt 0.0774111003 0.289995223
vt 0.0774111003 0.283699304
vt 0.0711151659 0.283699304
vt 0.0711151659 0.289995223
vt 0.0774111003 0.289995223
vt 0.0774111003 0.283699304
vt 0.0711151659 0.283699304
vt 0.0711151659 0.289995223
vt 0.0774111003 0.289995223
vt 0.0774111003 0.283699304
vt 0.0711151659 0.283699304
vt 0.0711151659 0.289995223
vt 0.0774111003 0.289995223
vt 0.0774111003 0.283699304
vt 0.0711151659 0.283699304
vt 0.0711151659 0.289995223
vt 0.0774111003 0.289995223
vt 0.0774111003 0.283699304
vt 0.0711151659 0.283699304
vt 0.0711151659 0.289995223
vt 0.0774111003 0.289995223
vt 0.0774111003 0.283699304
vt 0.0711151659 0.283699304
vt 0.0711151659 0.289995223
vt 0.0774111003 0.289995223
vt 0.0774111003 0.283699304
vt 0.0711151659 0.283699304
vt 0.0711151659 0.289995223
vt 0.0774111003 0.289995223
vt 0.0774111003 0.283699304
vt 0.0711151659 0.283699304
vt 0.0711151659 0.289995223
vt 0.0774111003 0.289995223
vt 0.0774111003 0.283699304
vt 0.0711151659 0.283699304
vt 0.0711151659 0.289995223
vt 0.0774111003 0.289995223
vt 0.0774111003 0.283699304
vt 0.0711151659 0.283699304
vt 0.0711151659 0.289995223
vt 0.0774111003 0.289995223
vt 0.0774111003 0.283699304
vt 0.0711151659 0.283699304
vt 0.0711151659 0.289995223
vt 0.0774111003 0.289995223
vt 0.0774111003 0.283699304
vt 0.0711151659 0.283699304
vt 0.0711151659 0.289995223
vt 0.0774111003 0.289995223
vt 0.0774111003 0.283699304
vt 0.0711151659 0.283699304
vt 0.0711151659 0.289995223
vt 0.0774111003 0.289995223
vt 0.0774111003 0.283699304
vt 0.0711151659 0.283699304
vt 0.0711151659 0.289995223
vt 0.0774111003 0.289995223
vt 0.0774111003 0.283699304
vt 0.0711151659 0.283699304
vt 0.0711151659 0.289995223
vt 0.0774111003 0.289995223
vt 0.0774111003 0.283699304
vt 0.0711151659 0.283699304
vt 0.0711151659 0.289995223
vt 0.0774111003 0.289995223
vt 0.0774111003 0.283699304
vt 0.0711151659 0.283699304
vt 0.0711151659 0.289995223
vt 0.0774111003 0.289995223
vt 0.0774111003 0.283699304
vt 0.0711151659 0.283699304
vt 0.0711151659 0.289995223
vt 0.0774111003 0.289995223
vt 0.0774111003 0.283699304
vt 0.0711151659 0.283699304
vt 0.0711151659 0.289995223
vt 0.0774111003 0.289995223
vt 0.0774111003 0.283699304
vt 0.0711151659 0.283699304
vt 0.0711151659 0.289995223
vt 0.0774111003 0.289995223
vt 0.0774111003 0.283699304
vt 0.0711151659 0.283699304
vt 0.0711151659 0.289995223
vt 0.0774111003 0.289995223
vt 0.0774111003 0.283699304
vt 0.0711151659 0.283699304
vt 0.0711151659 0.289995223
vt 0.0774111003 0.289995223
vt 0.0774111003 0.283699304
vt 0.0711151659 0.283699304
vt 0.0711151659 0.289995223
vt 0.0774111003 0.289995223
vt 0.0774111003 0.283699304
vt 0.0473040938 0.299101442
vt 0.0473040938 0.299101442
vt 0.0473040938 0.299101442
vt 0.0473040938 0.299101442
vt 0.0711151659 0.283699304
vt 0.0711151659 0.289995223
vt 0.0774111003 0.289995223
vt 0.0774111003 0.283699304
vt 0.0386697613 0.363439471
vt 0.0386697613 0.365920037
vt 0.0411503091 0.365920037
vt 0.0436308533 0.363439471
vt 0.0436308533 0.36716029
vt 0.0411503091 0.36716029
vt 0.0436308533 0.368400544
vt 0.0411503091 0.368400544
vt 0.0386697613 0.363439471
vt 0.0411503091 0.365920037
vt 0.0386697613 0.365920037
vt 0.0436308533 0.363439471
vt 0.0436308533 0.36716029
vt 0.0411503091 0.36716029
vt 0.0436308533 0.368400544
vt 0.0411503091 0.368400544
vt 0.0474575236 0.363722324
vt 0.0474575236 0.362482071
vt 0.0474575236 0.362482071
vt 0.0474575236 0.363722324
vt 0.0474575236 0.364962608
vt 0.0474575236 0.364962608
vt 0.0436308533 0.368400544
vt 0.0436308533 0.368400544
vt 0.0436308533 0.365920037
vt 0.0436308533 0.365920037
vt 0.0436308533 0.364679724
vt 0.0436308533 0.363439471
vt 0.0436308533 0.363439471
vt 0.0436308533 0.364679724
vt 0.0436308533 0.368400544
vt 0.0436308533 0.368400544
vt 0.0436308533 0.368400544
vt 0.0436308533 0.363439471
vt 0.0436308533 0.363439471
vt 0.0436308533 0.368400544
vt 0.0436308533 0.363439471
vt 0.0436308533 0.363439471
vt 0.0436308533 0.365920037
vt 0.0436308533 0.365920037
vt 0.0436308533 0.368400544
vt 0.0436308533 0.368400544
vt 0.0473040938 0.299101442
vt 0.0473040938 0.299101442
vt 0.0473040938 0.299101442
vt 0.0473040938 0.299101442
vt 0.0473040938 0.299101442
vt 0.0473040938 0.299101442
vt 0.0473040938 0.299101442
vt 0.0473040938 0.299101442
vt 0.0774111003 0.283699304
vt 0.0711151659 0.283699304
vt 0.0711151659 0.289995223
vt 0.0774111003 0.289995223
vn -0.000000 0.000000 1.000000
vn -0.000000 0.000000 1.000000
vn -0.000000 0.000000 1.000000
vn 0.087156 0.000000 0.996195
vn 0.087156 0.000000 0.996195
vn 0.087156 0.000000 0.996195
vn 0.087156 0.000000 0.996195
vn 0.087156 0.000000 0.996195
vn 0.087156 0.000000 0.996195
vn 0.087156 0.000000 0.996195
vn 0.087156 0.000000 0.996195
vn 0.087156 0.000000 0.996195
vn 0.087156 0.000000 0.996195
vn 0.087156 0.000000 0.996195
vn 0.087156 0.000000 0.996195
vn 0.227650 0.000000 -0.973743
vn -0.000000 -0.191513 -0.981490
vn 0.272365 -0.178214 -0.945546
vn -0.000000 0.000000 -1.000000
vn 0.272365 0.178214 -0.945546
vn -0.000000 0.191513 -0.981490
vn -0.183304 0.000000 0.983056
vn -0.332898 -0.166211 0.928198
vn -0.295872 0.000000 0.955228
vn -0.227426 -0.160579 0.960464
vn 0.085969 -0.996269 -0.007521
vn 0.085969 -0.996269 -0.007521
vn 0.085969 -0.996269 -0.007521
vn 0.085969 -0.996269 -0.007521
vn -0.901486 -0.425561 0.078870
vn -0.901486 -0.425561 0.078870
vn -0.901486 -0.425561 0.078870
vn -0.901486 -0.425561 0.078870
vn -0.089712 0.071507 -0.993397
vn -0.089942 0.000000 -0.995947
vn -0.089942 0.000000 -0.995947
vn -0.089712 0.071507 -0.993397
vn 0.115149 0.000000 0.993348
vn 0.091981 -0.068205 0.993422
vn 0.098363 -0.023295 0.994878
vn 0.094920 0.000000 0.995485
vn 0.091981 0.068205 0.993422
vn 0.098363 0.023295 0.994878
vn 1.000000 0.000000 -0.000000
vn 1.000000 0.000000 -0.000000
vn 1.000000 0.000000 -0.000000
vn 1.000000 0.000000 -0.000000
vn 1.000000 0.000000 -0.000000
vn 1.000000 0.000000 -0.000000
vn 0.516758 0.000000 -0.856132
vn 0.613303 0.176253 -0.769931
vn 0.272365 0.178214 -0.945546
vn 0.227650 0.000000 -0.973743
vn 0.272365 -0.178214 -0.945546
vn 0.613303 -0.176253 -0.769931
vn -0.105396 0.989517 -0.098732
vn -0.000000 0.992058 -0.125780
vn -0.000000 0.999950 0.010022
vn -0.087214 0.996024 0.018159
vn -0.000000 0.997130 0.075706
vn -0.104996 0.990985 0.083211
vn -0.000000 0.000000 -1.000000
vn -0.000000 0.000000 -1.000000
vn -0.000000 0.000000 -1.000000
vn -0.000000 0.000000 -1.000000
vn -0.000000 0.000000 -1.000000
vn -0.000000 0.000000 -1.000000
vn -0.162170 -0.981399 -0.102747
vn -0.087214 -0.996024 0.018159
vn -0.105396 -0.989517 -0.098732
vn -0.139561 -0.989831 0.027525
vn -0.194530 -0.975412 0.103581
vn -0.104996 -0.990985 0.083211
vn -1.000000 0.000000 -0.000000
vn -1.000000 0.000000 -0.000000
vn -1.000000 0.000000 -0.000000
vn -1.000000 0.000000 -0.000000
vn -1.000000 0.000000 -0.000000
vn -1.000000 0.000000 -0.000000
vn 0.508274 0.861195 -0.000000
vn 0.642763 0.761955 -0.079242
vn 0.107718 0.994038 0.016877
vn 0.301750 0.953387 -0.000000
vn 0.370429 0.926187 -0.070428
vn 0.107351 0.993276 -0.043331
vn 0.989082 -0.119282 -0.086533
vn 0.996195 0.000000 -0.087156
vn 0.996195 0.000000 -0.087156
vn 0.989082 -0.119282 -0.086533
vn 0.086841 -0.069530 0.993793
vn 0.091981 -0.068205 0.993422
vn 0.094920 0.000000 0.995485
vn 0.087130 0.000000 0.996197
vn 0.098363 -0.023295 0.994878
vn 0.091981 -0.068205 0.993422
vn 0.086841 -0.069530 0.993793
vn 0.077385 -0.020338 0.996794
vn 0.077385 -0.020338 0.996794
vn 0.086841 -0.069530 0.993793
vn 0.087130 0.000000 0.996197
vn 0.045537 0.000000 0.998963
vn 0.077385 0.020338 0.996794
vn 0.086841 0.069530 0.993793
vn -0.183304 0.000000 0.983056
vn -0.295872 0.000000 0.955228
vn -0.332898 0.166211 0.928198
vn -0.227426 0.160579 0.960464
vn 0.085969 0.996269 -0.007521
vn 0.085969 0.996269 -0.007521
vn 0.085969 0.996269 -0.007521
vn 0.085969 0.996269 -0.007521
vn -0.901486 0.425561 0.078870
vn -0.901486 0.425561 0.078870
vn -0.901486 0.425561 0.078870
vn -0.901486 0.425561 0.078870
vn -0.089712 -0.071507 -0.993397
vn -0.089712 -0.071507 -0.993397
vn -0.089942 0.000000 -0.995947
vn -0.089942 0.000000 -0.995947
vn 1.000000 0.000000 -0.000000
vn 1.000000 0.000000 -0.000000
vn 1.000000 0.000000 -0.000000
vn 1.000000 0.000000 -0.000000
vn 1.000000 0.000000 -0.000000
vn 1.000000 0.000000 -0.000000
vn 0.107351 -0.993276 -0.043331
vn -0.000000 -0.999433 -0.033678
vn -0.000000 -0.999823 0.018839
vn 0.107716 -0.994038 0.016877
vn -0.000000 -0.994014 0.109250
vn -0.000000 -0.994014 0.109250
vn -0.000000 0.000000 -1.000000
vn -0.000000 0.000000 -1.000000
vn -0.000000 0.000000 -1.000000
vn -0.000000 0.000000 -1.000000
vn -0.000000 0.000000 -1.000000
vn -0.000000 0.000000 -1.000000
vn -0.162170 0.981399 -0.102747
vn -0.105396 0.989517 -0.098732
vn -0.087214 0.996024 0.018159
vn -0.139561 0.989831 0.027525
vn -0.194530 0.975412 0.103581
vn -0.104996 0.990985 0.083211
vn -1.000000 0.000000 -0.000000
vn -1.000000 0.000000 -0.000000
vn -1.000000 0.000000 -0.000000
vn -1.000000 0.000000 -0.000000
vn -1.000000 0.000000 -0.000000
vn -1.000000 0.000000 -0.000000
vn 0.508272 -0.861197 -0.000000
vn 0.107716 -0.994038 0.016877
vn 0.642763 -0.761955 -0.079243
vn 0.301743 -0.953389 -0.000000
vn 0.370428 -0.926187 -0.070429
vn 0.107351 -0.993276 -0.043331
vn 0.989082 0.119282 -0.086533
vn 0.989082 0.119282 -0.086533
vn 0.996195 0.000000 -0.087156
vn 0.996195 0.000000 -0.087156
vn 0.086841 0.069530 0.993793
vn 0.087130 0.000000 0.996197
vn 0.094920 0.000000 0.995485
vn 0.091981 0.068205 0.993422
vn -0.000000 0.000000 1.000000
vn -0.000000 0.000000 1.000000
vn -0.000000 0.000000 1.000000
vn -0.000000 0.000000 1.000000
vn 0.098363 0.023295 0.994878
vn 0.077385 0.020338 0.996794
vn 0.086841 0.069530 0.993793
vn 0.091981 0.068205 0.993422
vn 0.087156 0.000000 0.996195
vn 0.087156 0.000000 0.996195
vn 0.087156 0.000000 0.996195
vn 0.087156 0.000000 0.996195
vn 0.087156 0.000000 0.996195
vn 0.087156 0.000000 0.996195
vn 0.087156 0.000000 0.996195
vn 0.087156 0.000000 0.996195
vn 0.087156 0.000000 0.996195
vn 0.087156 0.000000 0.996195
vn 0.087156 0.000000 0.996195
vn 0.087156 0.000000 0.996195
vn 0.087156 0.000000 0.996195
vn 0.087156 0.000000 0.996195
vn 0.087156 0.000000 0.996195
vn 0.087156 0.000000 0.996195
vn 0.087156 0.000000 0.996195
vn 0.087156 0.000000 0.996195
vn 0.087156 0.000000 0.996195
vn 0.087156 0.000000 0.996195
vn 0.087156 0.000000 0.996195
vn 0.087156 0.000000 0.996195
vn 0.087156 0.000000 0.996195
vn 0.087156 0.000000 0.996195
vn 0.087156 0.000000 0.996195
vn 0.087156 0.000000 0.996195
vn 0.087156 0.000000 0.996195
vn 0.087156 0.000000 0.996195
vn 0.087156 0.000000 0.996195
vn 0.087156 0.000000 0.996195
vn 0.087156 0.000000 0.996195
vn 0.087156 0.000000 0.996195
vn 0.087156 0.000000 0.996195
vn 0.087156 0.000000 0.996195
vn 0.087156 0.000000 0.996195
vn 0.087156 0.000000 0.996195
vn 0.087156 0.000000 0.996195
vn 0.087156 0.000000 0.996195
vn 0.087156 0.000000 0.996195
vn 0.087156 0.000000 0.996195
vn 0.087156 0.000000 0.996195
vn 0.087156 0.000000 0.996195
vn 0.087156 0.000000 0.996195
vn 0.087156 0.000000 0.996195
vn 0.087156 0.000000 0.996195
vn 0.087156 0.000000 0.996195
vn 0.087156 0.000000 0.996195
vn 0.087156 0.000000 0.996195
vn 0.087156 0.000000 0.996195
vn 0.087156 0.000000 0.996195
vn 0.087156 0.000000 0.996195
vn 0.087156 0.000000 0.996195
vn 0.087156 0.000000 0.996195
vn 0.087156 0.000000 0.996195
vn 0.087156 0.000000 0.996195
vn 0.087156 0.000000 0.996195
vn 0.087156 0.000000 0.996195
vn 0.087156 0.000000 0.996195
vn 0.087156 0.000000 0.996195
vn 0.087156 0.000000 0.996195
vn 0.087156 0.000000 0.996195
vn -0.000000 -1.000000 -0.000000
vn -0.000000 -1.000000 -0.000000
vn -0.000000 -1.000000 -0.000000
vn -0.000000 -1.000000 -0.000000
vn -0.996195 0.000000 0.087155
vn -0.996195 0.000000 0.087155
vn -0.996195 0.000000 0.087155
vn -0.996195 0.000000 0.087155
vn -0.996195 0.000000 0.087156
vn -0.996195 0.000000 0.087156
vn -0.996195 0.000000 0.087156
vn -0.996195 0.000000 0.087156
vn -0.000000 1.000000 -0.000000
vn -0.000000 1.000000 -0.000000
vn -0.000000 1.000000 -0.000000
vn -0.000000 1.000000 -0.000000
vn -0.000000 -1.000000 -0.000000
vn -0.000000 -1.000000 -0.000000
vn -0.000000 -1.000000 -0.000000
vn -0.000000 -1.000000 -0.000000
vn 0.996195 0.000000 -0.087155
vn 0.996195 0.000000 -0.087155
vn 0.996195 0.000000 -0.087155
vn 0.996195 0.000000 -0.087155
vn -0.000000 1.000000 -0.000000
vn -0.000000 1.000000 -0.000000
vn -0.000000 1.000000 -0.000000
vn -0.000000 1.000000 -0.000000
vn 0.996195 0.000000 -0.087155
vn 0.996195 0.000000 -0.087155
vn 0.996195 0.000000 -0.087155
vn 0.996195 0.000000 -0.087155
vn 0.996195 0.000000 -0.087156
vn 0.996195 0.000000 -0.087156
vn 0.996195 0.000000 -0.087156
vn 0.996195 0.000000 -0.087156
vn -0.996195 0.000000 0.087155
vn -0.996195 0.000000 0.087155
vn -0.996195 0.000000 0.087155
vn -0.996195 0.000000 0.087155
vn -0.000000 1.000000 -0.000000
vn -0.000000 1.000000 -0.000000
vn -0.000000 1.000000 -0.000000
vn -0.000000 1.000000 -0.000000
vn -0.000000 -1.000000 -0.000000
vn -0.000000 -1.000000 -0.000000
vn -0.000000 -1.000000 -0.000000
vn -0.000000 -1.000000 -0.000000
vn -0.996195 0.000000 0.087155
vn -0.996195 0.000000 0.087155
vn -0.996195 0.000000 0.087155
vn -0.996195 0.000000 0.087155
vn -0.000000 -1.000000 -0.000000
vn -0.000000 -1.000000 -0.000000
vn -0.000000 -1.000000 -0.000000
vn -0.000000 -1.000000 -0.000000
vn -0.000000 1.000000 -0.000000
vn -0.000000 1.000000 -0.000000
vn -0.000000 1.000000 -0.000000
vn -0.000000 1.000000 -0.000000
vn -0.000000 1.000000 -0.000000
vn -0.000000 1.000000 -0.000000
vn -0.000000 1.000000 -0.000000
vn -0.000000 1.000000 -0.000000
vn -0.735154 -0.674842 0.064317
vn -0.735154 -0.674842 0.064317
vn -0.735154 -0.674842 0.064317
vn -0.735154 -0.674842 0.064317
vn -0.000000 1.000000 -0.000000
vn -0.000000 1.000000 -0.000000
vn -0.000000 1.000000 -0.000000
vn -0.000000 1.000000 -0.000000
vn 0.712975 0.698410 -0.062377
vn 0.712975 0.698410 -0.062377
vn 0.712975 0.698410 -0.062377
vn 0.712975 0.698410 -0.062377
vn -0.000000 -1.000000 -0.000000
vn -0.000000 -1.000000 -0.000000
vn -0.000000 -1.000000 -0.000000
vn -0.000000 -1.000000 -0.000000
vn 0.996195 0.000000 -0.087155
vn 0.996195 0.000000 -0.087155
vn 0.996195 0.000000 -0.087155
vn 0.996195 0.000000 -0.087155
vn -0.996195 0.000000 0.087156
vn -0.996195 0.000000 0.087156
vn -0.996195 0.000000 0.087156
vn -0.996195 0.000000 0.087156
vn -0.996195 0.000000 0.087155
vn -0.996195 0.000000 0.087155
vn -0.996195 0.000000 0.087155
vn -0.996195 0.000000 0.087155
vn -0.000000 1.000000 -0.000000
vn -0.000000 1.000000 -0.000000
vn -0.000000 1.000000 -0.000000
vn -0.000000 1.000000 -0.000000
vn -0.996195 0.000000 0.087155
vn -0.996195 0.000000 0.087155
vn -0.996195 0.000000 0.087155
vn -0.996195 0.000000 0.087155
vn -0.000000 -1.000000 -0.000000
vn -0.000000 -1.000000 -0.000000
vn -0.000000 -1.000000 -0.000000
vn -0.000000 -1.000000 -0.000000
vn -0.000000 -1.000000 -0.000000
vn -0.000000 -1.000000 -0.000000
vn -0.000000 -1.000000 -0.000000
vn -0.000000 -1.000000 -0.000000
vn -0.996195 0.000000 0.087156
vn -0.996195 0.000000 0.087156
vn -0.996195 0.000000 0.087156
vn -0.996195 0.000000 0.087156
vn -0.000000 1.000000 -0.000000
vn -0.000000 1.000000 -0.000000
vn -0.000000 1.000000 -0.000000
vn -0.000000 1.000000 -0.000000
vn -0.000000 1.000000 -0.000000
vn -0.000000 1.000000 -0.000000
vn -0.000000 1.000000 -0.000000
vn -0.000000 1.000000 -0.000000
vn 0.996195 0.000000 -0.087156
vn 0.996195 0.000000 -0.087156
vn 0.996195 0.000000 -0.087156
vn 0.996195 0.000000 -0.087156
vn 0.996195 0.000000 -0.087156
vn 0.996195 0.000000 -0.087156
vn 0.996195 0.000000 -0.087156
vn 0.996195 0.000000 -0.087156
vn -0.000000 -1.000000 -0.000000
vn -0.000000 -1.000000 -0.000000
vn -0.000000 -1.000000 -0.000000
vn -0.000000 -1.000000 -0.000000
vn -0.996195 0.000000 0.087155
vn -0.996195 0.000000 0.087155
vn -0.996195 0.000000 0.087155
vn -0.996195 0.000000 0.087155
vn 0.996195 0.000000 -0.087156
vn 0.996195 0.000000 -0.087156
vn 0.996195 0.000000 -0.087156
vn 0.996195 0.000000 -0.087156
vn -0.000000 1.000000 -0.000000
vn -0.000000 1.000000 -0.000000
vn -0.000000 1.000000 -0.000000
vn -0.000000 1.000000 -0.000000
vn -0.000000 1.000000 -0.000000
vn -0.000000 1.000000 -0.000000
vn -0.000000 1.000000 -0.000000
vn -0.000000 1.000000 -0.000000
vn -0.000000 1.000000 -0.000000
vn -0.000000 1.000000 -0.000000
vn -0.000000 1.000000 -0.000000
vn -0.000000 1.000000 -0.000000
vn -0.996195 0.000000 0.087156
vn -0.996195 0.000000 0.087156
vn -0.996195 0.000000 0.087156
vn -0.996195 0.000000 0.087156
vn -0.587851 -0.807333 0.051431
vn -0.587851 -0.807332 0.051431
vn -0.702148 -0.709377 0.061431
vn -0.702147 -0.709377 0.061431
vn 0.728222 0.682373 -0.063711
vn 0.728222 0.682373 -0.063711
vn 0.596664 0.800792 -0.052201
vn 0.596664 0.800792 -0.052201
vn 0.996195 0.000000 -0.087156
vn 0.996195 0.000000 -0.087156
vn 0.996195 0.000000 -0.087156
vn 0.996195 0.000000 -0.087156
vn 0.596664 0.800792 -0.052201
vn 0.596664 0.800792 -0.052201
vn 0.455988 0.889091 -0.039894
vn 0.455988 0.889091 -0.039894
vn -0.000000 -1.000000 -0.000000
vn -0.000000 -1.000000 -0.000000
vn -0.000000 -1.000000 -0.000000
vn -0.000000 -1.000000 -0.000000
vn -0.422451 -0.905632 0.036960
vn -0.422451 -0.905632 0.036960
vn -0.587851 -0.807332 0.051431
vn -0.587851 -0.807333 0.051431
vn -0.996195 0.000000 0.087156
vn -0.996195 0.000000 0.087156
vn -0.996195 0.000000 0.087156
vn -0.996195 0.000000 0.087156
vn 0.087155 0.000000 0.996195
vn 0.087155 0.000000 0.996195
vn 0.087155 0.000000 0.996195
vn 0.087155 0.000000 0.996195
vn -0.000000 -1.000000 -0.000000
vn -0.000000 -1.000000 -0.000000
vn -0.000000 -1.000000 -0.000000
vn -0.000000 -1.000000 -0.000000
vn -0.996195 0.000000 0.087156
vn -0.996195 0.000000 0.087156
vn -0.996195 0.000000 0.087156
vn -0.996195 0.000000 0.087156
vn 0.087156 0.000000 0.996195
vn 0.087156 0.000000 0.996195
vn 0.087156 0.000000 0.996195
vn 0.087156 0.000000 0.996195
vn 0.996195 0.000000 -0.087156
vn 0.996195 0.000000 -0.087156
vn 0.996195 0.000000 -0.087156
vn 0.996195 0.000000 -0.087156
vn 0.999947 0.000000 -0.010286
vn 0.999947 0.000000 -0.010286
vn 0.992245 -0.115910 -0.044894
vn 0.992236 -0.115907 -0.045081
vn 0.983649 -0.099780 -0.149926
vn 0.983404 -0.099377 -0.151795
vn 0.964273 -0.076640 -0.253583
vn 0.964273 -0.076640 -0.253583
vn 0.999947 0.000000 -0.010286
vn 0.992245 0.115910 -0.044894
vn 0.999947 0.000000 -0.010286
vn 0.992236 0.115907 -0.045081
vn 0.983649 0.099780 -0.149926
vn 0.983404 0.099377 -0.151795
vn 0.964273 0.076640 -0.253583
vn 0.964273 0.076640 -0.253583
vn 0.107718 0.994038 0.016877
vn -0.000000 0.999433 -0.033678
vn 0.107351 0.993276 -0.043331
vn -0.000000 0.999823 0.018839
vn -0.000000 0.994014 0.109250
vn -0.000000 0.994014 0.109250
vn -0.000000 0.000000 -1.000000
vn -0.000000 0.000000 -1.000000
vn -0.000000 0.000000 -1.000000
vn -0.000000 0.000000 -1.000000
vn -0.087214 -0.996024 0.018159
vn -0.000000 -0.992058 -0.125780
vn -0.105396 -0.989517 -0.098732
vn -0.000000 -0.999950 0.010022
vn -0.104996 -0.990985 0.083211
vn -0.000000 -0.997130 0.075706
vn -0.183304 0.000000 0.983056
vn -0.000000 -0.191277 0.981536
vn -0.227426 -0.160579 0.960464
vn -0.000000 0.000000 1.000000
vn -0.227426 0.160579 0.960464
vn -0.000000 0.191277 0.981536
vn -0.000000 0.000000 -1.000000
vn -0.000000 0.000000 -1.000000
vn -0.000000 0.000000 -1.000000
vn -0.000000 0.000000 -1.000000
vn 0.996195 0.000000 -0.087156
vn 0.996195 0.000000 -0.087156
vn 0.996195 0.000000 -0.087156
vn 0.996195 0.000000 -0.087156
vn -0.996195 0.000000 0.087156
vn -0.996195 0.000000 0.087156
vn -0.996195 0.000000 0.087156
vn -0.996195 0.000000 0.087156
vn -0.000000 -1.000000 -0.000000
vn -0.000000 -1.000000 -0.000000
vn -0.000000 -1.000000 -0.000000
vn -0.000000 -1.000000 -0.000000
f 1/1/1 2/2/2 3/3/3
f 4/4/4 5/5/5 6/6/6
f 7/7/7 8/8/8 9/9/9
f 10/10/10 11/11/11 12/12/12
f 13/13/13 14/14/14 15/15/15
f 16/16/16 17/17/17 18/18/18
f 16/16/16 19/19/19 17/17/17
f 20/20/20 19/19/19 16/16/16
f 20/20/20 21/21/21 19/19/19
f 22/22/22 23/23/23 24/24/24
f 23/23/23 22/22/22 25/25/25
f 26/26/26 27/27/27 28/28/28
f 26/26/26 28/28/28 29/29/29
f 30/30/30 31/31/31 32/32/32
f 30/30/30 32/32/32 33/33/33
f 34/34/34 35/35/35 36/36/36
f 34/34/34 36/36/36 37/37/37
f 38/38/38 39/39/39 40/40/40
f 38/38/38 41/41/41 39/39/39
f 38/38/38 42/42/42 41/41/41
f 38/38/38 43/43/43 42/42/42
f 44/44/44 45/45/45 46/46/46
f 45/45/45 44/44/44 47/47/47
f 45/45/45 47/47/47 48/48/48
f 49/49/49 45/45/45 48/48/48
f 50/50/50 51/51/51 52/52/52
f 53/53/53 50/50/50 52/52/52
f 53/53/53 54/54/54 50/50/50
f 50/50/50 54/54/54 55/55/55
f 56/56/56 57/57/57 58/58/58
f 56/56/56 58/58/58 59/59/59
f 59/59/59 58/58/58 60/60/60
f 59/59/59 60/60/60 61/61/61
f 62/62/62 63/63/63 64/64/64
f 62/62/62 65/65/65 63/63/63
f 65/65/65 62/62/62 66/66/66
f 65/65/65 66/66/66 67/67/67
f 68/68/68 69/69/69 70/70/70
f 69/69/69 68/68/68 71/71/71
f 71/71/71 72/72/72 69/69/69
f 72/72/72 73/73/73 69/69/69
f 74/74/74 75/75/75 76/76/76
f 74/74/74 77/77/77 75/75/75
f 77/77/77 78/78/78 75/75/75
f 77/77/77 79/79/79 78/78/78
f 80/80/80 81/81/81 82/82/82
f 82/82/82 83/83/83 80/80/80
f 83/83/83 82/82/82 84/84/84
f 82/82/82 85/85/85 84/84/84
f 86/86/86 87/87/87 88/88/88
f 86/86/86 88/88/88 89/89/89
f 90/90/90 91/91/91 92/92/92
f 90/90/90 92/92/92 93/93/93
f 94/94/94 95/95/95 96/96/96
f 94/94/94 96/96/96 97/97/97
f 98/98/98 99/99/99 100/100/100
f 98/98/98 100/100/100 101/101/101
f 102/102/102 101/101/101 100/100/100
f 102/102/102 100/100/100 103/103/103
f 104/104/104 105/105/105 106/106/106
f 106/106/106 107/107/107 104/104/104
f 108/108/108 109/109/109 110/110/110
f 108/108/108 110/110/110 111/111/111
f 112/112/112 113/113/113 114/114/114
f 112/112/112 114/114/114 115/115/115
f 116/116/116 117/117/117 118/118/118
f 116/116/116 118/118/118 119/119/119
f 120/120/120 121/121/121 122/122/122
f 122/122/122 123/123/123 120/120/120
f 122/122/122 124/124/124 123/123/123
f 125/125/125 124/124/124 122/122/122
f 126/126/126 127/127/127 128/128/128
f 126/126/126 128/128/128 129/129/129
f 129/129/129 128/128/128 130/130/130
f 129/129/129 130/130/130 131/131/131
f 132/132/132 133/133/133 134/134/134
f 132/132/132 134/134/134 135/135/135
f 135/135/135 136/136/136 132/132/132
f 135/135/135 137/137/137 136/136/136
f 138/138/138 139/139/139 140/140/140
f 140/140/140 141/141/141 138/138/138
f 141/141/141 140/140/140 142/142/142
f 142/142/142 140/140/140 143/143/143
f 144/144/144 145/145/145 146/146/146
f 144/144/144 146/146/146 147/147/147
f 147/147/147 146/146/146 148/148/148
f 147/147/147 148/148/148 149/149/149
f 150/150/150 151/151/151 152/152/152
f 151/151/151 150/150/150 153/153/153
f 153/153/153 154/154/154 151/151/151
f 151/151/151 154/154/154 155/155/155
f 156/156/156 157/157/157 158/158/158
f 156/156/156 158/158/158 159/159/159
f 160/160/160 161/161/161 162/162/162
f 160/160/160 162/162/162 163/163/163
f 164/164/164 165/165/165 166/166/166
f 164/164/164 166/166/166 167/167/167
f 168/168/168 169/169/169 170/170/170
f 168/168/168 170/170/170 171/171/171
f 172/172/172 173/173/173 174/174/174
f 172/172/172 174/174/174 175/175/175
f 176/176/176 177/177/177 178/178/178
f 176/176/176 178/178/178 179/179/179
f 180/180/180 181/181/181 182/182/182
f 180/180/180 182/182/182 183/183/183
f 184/184/184 185/185/185 186/186/186
f 186/186/186 187/187/187 184/184/184
f 188/188/188 189/189/189 190/190/190
f 190/190/190 191/191/191 188/188/188
f 191/191/191 192/192/192 188/188/188
f 193/193/193 194/194/194 195/195/195
f 193/193/193 195/195/195 196/196/196
f 197/197/197 198/198/198 199/199/199
f 197/197/197 199/199/199 200/200/200
f 201/201/201 202/202/202 203/203/203
f 201/201/201 203/203/203 204/204/204
f 205/205/205 206/206/206 207/207/207
f 205/205/205 207/207/207 208/208/208
f 209/209/209 210/210/210 211/211/211
f 209/209/209 211/211/211 212/212/212
f 213/213/213 214/214/214 215/215/215
f 213/213/213 215/215/215 216/216/216
f 217/217/217 218/218/218 219/219/219
f 217/217/217 219/219/219 220/220/220
f 221/221/221 222/222/222 223/223/223
f 221/221/221 223/223/223 224/224/224
f 225/225/225 226/226/226 227/227/227
f 225/225/225 227/227/227 228/228/228
f 229/229/229 230/230/230 231/231/231
f 229/229/229 231/231/231 232/232/232
f 233/233/233 234/234/234 235/235/235
f 233/233/233 235/235/235 236/236/236
f 237/237/237 238/238/238 239/239/239
f 237/237/237 239/239/239 240/240/240
f 241/241/241 242/242/242 243/243/243
f 241/241/241 243/243/243 244/244/244
f 245/245/245 246/246/246 247/247/247
f 245/245/245 247/247/247 248/248/248
f 249/249/249 250/250/250 251/251/251
f 249/249/249 251/251/251 252/252/252
f 253/253/253 254/254/254 255/255/255
f 253/253/253 255/255/255 256/256/256
f 257/257/257 258/258/258 259/259/259
f 257/257/257 259/259/259 260/260/260
f 261/261/261 262/262/262 263/263/263
f 261/261/261 263/263/263 264/264/264
f 265/265/265 266/266/266 267/267/267
f 265/265/265 267/267/267 268/268/268
f 269/269/269 270/270/270 271/271/271
f 269/269/269 271/271/271 272/272/272
f 273/273/273 274/274/274 275/275/275
f 273/273/273 275/275/275 276/276/276
f 277/277/277 278/278/278 279/279/279
f 277/277/277 279/279/279 280/280/280
f 281/281/281 282/282/282 283/283/283
f 281/281/281 283/283/283 284/284/284
f 285/285/285 286/286/286 287/287/287
f 285/285/285 287/287/287 288/288/288
f 289/289/289 290/290/290 291/291/291
f 289/289/289 291/291/291 292/292/292
f 293/293/293 294/294/294 295/295/295
f 293/293/293 295/295/295 296/296/296
f 297/297/297 298/298/298 299/299/299
f 297/297/297 299/299/299 300/300/300
f 301/301/301 302/302/302 303/303/303
f 301/301/301 303/303/303 304/304/304
f 305/305/305 306/306/306 307/307/307
f 305/305/305 307/307/307 308/308/308
f 309/309/309 310/310/310 311/311/311
f 309/309/309 311/311/311 312/312/312
f 313/313/313 314/314/314 315/315/315
f 313/313/313 315/315/315 316/316/316
f 317/317/317 318/318/318 319/319/319
f 317/317/317 319/319/319 320/320/320
f 321/321/321 322/322/322 323/323/323
f 321/321/321 323/323/323 324/324/324
f 325/325/325 326/326/326 327/327/327
f 325/325/325 327/327/327 328/328/328
f 329/329/329 330/330/330 331/331/331
f 329/329/329 331/331/331 332/332/332
f 333/333/333 334/334/334 335/335/335
f 333/333/333 335/335/335 336/336/336
f 337/337/337 338/338/338 339/339/339
f 337/337/337 339/339/339 340/340/340
f 341/341/341 342/342/342 343/343/343
f 341/341/341 343/343/343 344/344/344
f 345/345/345 346/346/346 347/347/347
f 345/345/345 347/347/347 348/348/348
f 349/349/349 350/350/350 351/351/351
f 349/349/349 351/351/351 352/352/352
f 353/353/353 354/354/354 355/355/355
f 353/353/353 355/355/355 356/356/356
f 357/357/357 358/358/358 359/359/359
f 357/357/357 359/359/359 360/360/360
f 361/361/361 362/362/362 363/363/363
f 361/361/361 363/363/363 364/364/364
f 365/365/365 366/366/366 367/367/367
f 365/365/365 367/367/367 368/368/368
f 369/369/369 370/370/370 371/371/371
f 369/369/369 371/371/371 372/372/372
f 373/373/373 374/374/374 375/375/375
f 373/373/373 375/375/375 376/376/376
f 377/377/377 378/378/378 379/379/379
f 377/377/377 379/379/379 380/380/380
f 381/381/381 382/382/382 383/383/383
f 381/381/381 383/383/383 384/384/384
f 385/385/385 386/386/386 387/387/387
f 385/385/385 387/387/387 388/388/388
f 389/389/389 390/390/390 391/391/391
f 389/389/389 391/391/391 392/392/392
f 393/393/393 394/394/394 395/395/395
f 393/393/393 395/395/395 396/396/396
f 397/397/397 398/398/398 399/399/399
f 397/397/397 399/399/399 400/400/400
f 401/401/401 402/402/402 403/403/403
f 401/401/401 403/403/403 404/404/404
f 405/405/405 406/406/406 407/407/407
f 405/405/405 407/407/407 408/408/408
f 409/409/409 410/410/410 411/411/411
f 409/409/409 411/411/411 412/412/412
f 413/413/413 414/414/414 415/415/415
f 413/413/413 415/415/415 416/416/416
f 417/417/417 418/418/418 419/419/419
f 417/417/417 419/419/419 420/420/420
f 421/421/421 422/422/422 423/423/423
f 421/421/421 423/423/423 424/424/424
f 425/425/425 426/426/426 427/427/427
f 425/425/425 427/427/427 428/428/428
f 429/429/429 430/430/430 431/431/431
f 429/429/429 431/431/431 432/432/432
f 433/433/433 434/434/434 435/435/435
f 433/433/433 435/435/435 436/436/436
f 437/437/437 438/438/438 439/439/439
f 437/437/437 439/439/439 440/440/440
f 439/439/439 441/441/441 440/440/440
f 439/439/439 442/442/442 441/441/441
f 442/442/442 443/443/443 441/441/441
f 442/442/442 444/444/444 443/443/443
f 445/445/445 446/446/446 447/447/447
f 445/445/445 448/448/448 446/446/446
f 446/446/446 448/448/448 449/449/449
f 446/446/446 449/449/449 450/450/450
f 450/450/450 449/449/449 451/451/451
f 450/450/450 451/451/451 452/452/452
f 453/453/453 454/454/454 455/455/455
f 453/453/453 456/456/456 454/454/454
f 457/457/457 456/456/456 453/453/453
f 457/457/457 458/458/458 456/456/456
f 459/459/459 460/460/460 461/461/461
f 459/459/459 461/461/461 462/462/462
f 463/463/463 464/464/464 465/465/465
f 463/463/463 466/466/466 464/464/464
f 467/467/467 466/466/466 463/463/463
f 467/467/467 468/468/468 466/466/466
f 469/469/469 470/470/470 471/471/471
f 469/469/469 472/472/472 470/470/470
f 473/473/473 472/472/472 469/469/469
f 473/473/473 474/474/474 472/472/472
f 475/475/475 476/476/476 477/477/477
f 475/475/475 477/477/477 478/478/478
f 479/479/479 480/480/480 481/481/481
f 479/479/479 481/481/481 482/482/482
f 483/483/483 484/484/484 485/485/485
f 483/483/483 485/485/485 486/486/486
f 487/487/487 488/488/488 489/489/489
f 487/487/487 489/489/489 490/490/490
