# Unturned item rip -> Godot (X+Z negated, winding reversed, RH Y-up)
v 0.694379 0.055457 -0.000908
v 0.551736 0.046214 -0.057281
v 0.701371 0.000000 -0.015903
v 0.813692 -0.068349 0.048376
v 0.832427 -0.085008 0.124317
v 0.854572 -0.058830 0.076827
v 0.787951 -0.097943 0.103578
v 0.757984 -0.075943 0.167843
v 0.806055 -0.066467 0.180871
v 0.806055 0.066470 0.180871
v 0.757984 0.075943 0.167843
v 0.787951 0.097943 0.103578
v 0.832427 0.085008 0.124317
v 0.813692 0.068349 0.048376
v 0.854572 0.058830 0.076827
v 0.806055 -0.066467 0.180871
v 0.757984 -0.075943 0.167843
v 0.748994 0.000000 0.187123
v 0.798116 0.000000 0.197898
v 0.744483 0.000000 -0.012413
v 0.736022 -0.067103 0.005731
v 0.763649 -0.049911 0.042427
v 0.774868 0.000000 0.018369
v 0.707819 -0.089103 0.066212
v 0.679617 -0.067103 0.126693
v 0.721260 -0.055457 0.133332
v 0.744568 -0.075457 0.083348
v 0.736022 -0.067103 0.005731
v 0.763649 -0.049911 0.042427
v 0.671071 -0.075457 0.049076
v 0.647763 -0.055457 0.099060
v 0.679617 -0.067103 0.126693
v 0.707819 -0.089103 0.066212
v 0.694379 -0.055457 -0.000908
v 0.736022 -0.067103 0.005731
v 0.701371 0.000000 -0.015903
v 0.694379 -0.055457 -0.000908
v 0.736022 -0.067103 0.005731
v 0.744483 0.000000 -0.012413
v 0.866250 0.000000 0.051784
v 0.826909 0.000000 0.020033
v 0.813692 -0.068349 0.048376
v 0.854572 -0.058830 0.076827
v 0.647763 -0.055457 0.099060
v 0.640771 0.000000 0.114055
v 0.671156 0.000000 0.144837
v 0.679617 -0.067103 0.126693
v 0.671071 -0.075457 0.049076
v 0.694379 -0.055457 -0.000908
v 0.551736 -0.046214 -0.057281
v 0.512890 -0.046214 0.026025
v 0.647763 -0.055457 0.099060
v 0.640771 0.000000 0.114055
v 0.647763 -0.055457 0.099060
v 0.512890 0.046214 0.026025
v 0.647763 0.055457 0.099060
v 0.671071 0.075457 0.049076
v 0.647763 0.055457 0.099060
v 0.551736 0.046214 -0.057281
v 0.694379 0.055457 -0.000908
v 0.679617 -0.067103 0.126693
v 0.671156 0.000000 0.144837
v 0.714267 0.000000 0.148327
v 0.721260 -0.055457 0.133332
v 0.787108 0.000000 0.007082
v 0.751123 -0.024838 -0.026455
v 0.744786 -0.040449 -0.012653
v 0.776516 0.000000 -0.014614
v 0.787108 0.000000 0.007082
v 0.751123 0.024838 -0.026455
v 0.744786 0.040449 -0.012653
v 0.744786 -0.040449 -0.012653
v 0.725241 0.000000 -0.038524
v 0.701649 0.000000 -0.032768
v 0.744786 0.040449 -0.012653
v 0.701649 0.000000 -0.032768
v 0.751123 -0.024838 -0.026455
v 0.753837 0.000000 -0.032270
v 0.725241 0.000000 -0.038524
v 0.751123 0.024838 -0.026455
v 0.753837 0.000000 -0.032270
v 0.751123 -0.024838 -0.026455
v 0.776516 0.000000 -0.014614
v 0.751123 0.024838 -0.026455
v 0.744786 -0.040449 -0.012653
v 0.732500 -0.052584 0.013802
v 0.787518 0.000000 0.039457
v 0.787108 0.000000 0.007082
v 0.701649 0.000000 -0.032768
v 0.676422 0.000000 -0.012348
v 0.732500 -0.052584 0.013802
v 0.744786 -0.040449 -0.012653
v 0.895705 -0.042064 0.124434
v 0.748893 -0.054845 0.115429
v 0.837340 -0.078165 0.161267
v 0.822068 0.000000 0.055326
v 0.845937 -0.022759 0.197077
v 0.816952 0.000000 0.168292
v 0.887797 0.000000 0.119996
v 0.899707 -0.016275 0.141102
v 0.899707 -0.016275 0.141102
v 0.887797 0.000000 0.119996
v 0.895705 -0.042064 0.124434
v 0.822068 0.000000 0.055326
v 0.895705 0.042064 0.124434
v 0.899707 0.016275 0.141102
v 0.276882 -0.213198 0.566543
v 0.286686 -0.158296 0.512015
v 0.300734 -0.179016 0.528576
v 0.336146 -0.120282 0.470001
v 0.347993 -0.157851 0.503654
v 0.422600 -0.100970 0.443750
v 0.422833 -0.151918 0.493573
v 0.515454 -0.165388 0.506399
v 0.528193 -0.105078 0.445141
v 0.599214 -0.192146 0.535593
v 0.607351 -0.119726 0.460603
v 0.701201 -0.214315 0.551729
v 0.690131 -0.131650 0.468622
v 0.788966 -0.136878 0.455343
v 0.825806 -0.219104 0.530805
v 0.850035 -0.123747 0.420366
v 0.926372 -0.194481 0.460664
v 0.897405 -0.095925 0.352965
v 0.986142 -0.136076 0.340150
v 0.890073 -0.050976 0.262755
v 0.975829 -0.066887 0.222310
v 0.926350 -0.033990 0.169525
v 0.861385 -0.032635 0.220064
v 0.845937 -0.022759 0.197077
v 0.899707 -0.016275 0.141102
v 0.276882 -0.213198 0.566543
v 0.297862 -0.197527 0.516613
v 0.282127 -0.187677 0.493025
v 0.327598 -0.175373 0.434395
v 0.342454 -0.193549 0.480581
v 0.410660 -0.177922 0.394015
v 0.414920 -0.202916 0.460612
v 0.513417 -0.200306 0.383593
v 0.505563 -0.229135 0.465198
v 0.590934 -0.225534 0.392217
v 0.588224 -0.262977 0.489813
v 0.672400 -0.245924 0.394765
v 0.689331 -0.290812 0.502287
v 0.770907 -0.253268 0.380118
v 0.813717 -0.297017 0.480448
v 0.831975 -0.240137 0.345141
v 0.915382 -0.265312 0.414885
v 0.881151 -0.200676 0.285262
v 0.977350 -0.192741 0.303526
v 0.876939 -0.135623 0.208046
v 0.968882 -0.111660 0.193373
v 0.921317 -0.066423 0.148563
v 0.895705 -0.042064 0.124434
v 0.837340 -0.078165 0.161267
v 0.851200 -0.098275 0.177640
v 0.926350 -0.033990 0.169525
v 0.921317 -0.066423 0.148563
v 0.968882 -0.111660 0.193373
v 0.975829 -0.066887 0.222310
v 0.897405 -0.095925 0.352965
v 0.876939 -0.135623 0.208046
v 0.890073 -0.050976 0.262755
v 0.881151 -0.200676 0.285262
v 0.850035 -0.123747 0.420366
v 0.831975 -0.240137 0.345141
v 0.788966 -0.136878 0.455343
v 0.770907 -0.253268 0.380118
v 0.690131 -0.131650 0.468622
v 0.672400 -0.245924 0.394765
v 0.607351 -0.119726 0.460603
v 0.590934 -0.225534 0.392217
v 0.528193 -0.105078 0.445141
v 0.513417 -0.200306 0.383593
v 0.422600 -0.100970 0.443750
v 0.410660 -0.177922 0.394015
v 0.336146 -0.120282 0.470001
v 0.327598 -0.175373 0.434395
v 0.286686 -0.158296 0.512015
v 0.282127 -0.187677 0.493025
v 0.276882 -0.213198 0.566543
v 0.975829 -0.066887 0.222310
v 0.968882 -0.111660 0.193373
v 0.977350 -0.192741 0.303526
v 0.986142 -0.136076 0.340150
v 0.915382 -0.265312 0.414885
v 0.926372 -0.194481 0.460664
v 0.813717 -0.297017 0.480448
v 0.825806 -0.219104 0.530805
v 0.689331 -0.290812 0.502287
v 0.701201 -0.214315 0.551729
v 0.588224 -0.262977 0.489813
v 0.599214 -0.192146 0.535593
v 0.505563 -0.229135 0.465198
v 0.515454 -0.165388 0.506399
v 0.414920 -0.202916 0.460612
v 0.422833 -0.151918 0.493573
v 0.342454 -0.193549 0.480581
v 0.347993 -0.157851 0.503654
v 0.297862 -0.197527 0.516613
v 0.300734 -0.179016 0.528576
v 0.276882 -0.213198 0.566543
v 0.861385 -0.032635 0.220064
v 0.851200 -0.098275 0.177640
v 0.837340 -0.078165 0.161267
v 0.845937 -0.022759 0.197077
v 0.837340 -0.078165 0.161267
v 0.748893 -0.054845 0.115429
v 0.845937 -0.022759 0.197077
v 0.816952 0.000000 0.168292
v 0.748893 0.054845 0.115429
v 0.845937 0.022759 0.197077
v 0.837340 0.078165 0.161267
v 0.816952 0.000000 0.168292
v 0.748893 -0.054845 0.115429
v 0.748893 0.000000 0.115429
v 0.748893 0.054845 0.115429
v 0.890073 -0.050976 0.262755
v 0.876939 -0.135623 0.208046
v 0.851200 -0.098275 0.177640
v 0.861385 -0.032635 0.220064
v 0.899707 -0.016275 0.141102
v 0.895705 -0.042064 0.124434
v 0.921317 -0.066423 0.148563
v 0.926350 -0.033990 0.169525
v 0.968882 -0.111660 0.193373
v 0.921317 -0.066423 0.148563
v 0.851200 -0.098275 0.177640
v 0.876939 -0.135623 0.208046
v 0.975829 -0.066887 0.222310
v 0.890073 -0.050976 0.262755
v 0.861385 -0.032635 0.220064
v 0.926350 -0.033990 0.169525
v 0.744568 -0.075457 0.083348
v 0.721260 -0.055457 0.133332
v 0.757984 -0.075943 0.167843
v 0.787951 -0.097943 0.103578
v 0.813692 -0.068349 0.048376
v 0.763649 -0.049911 0.042427
v 0.774868 0.000000 0.018369
v 0.763649 -0.049911 0.042427
v 0.813692 -0.068349 0.048376
v 0.826909 0.000000 0.020033
v 0.714267 0.000000 0.148327
v 0.748994 0.000000 0.187123
v 0.757984 -0.075943 0.167843
v 0.721260 -0.055457 0.133332
v 0.512890 0.046214 0.026025
v 0.512890 -0.046214 0.026025
v 0.551736 -0.046214 -0.057281
v 0.551736 0.046214 -0.057281
v 0.798116 0.000000 0.197898
v 0.748994 0.000000 0.187123
v 0.757984 0.075943 0.167843
v 0.806055 0.066470 0.180871
v 0.744483 0.000000 -0.012413
v 0.774868 0.000000 0.018369
v 0.763649 0.049911 0.042427
v 0.736022 0.067103 0.005731
v 0.707819 0.089103 0.066212
v 0.721260 0.055457 0.133332
v 0.679617 0.067103 0.126693
v 0.744568 0.075457 0.083348
v 0.736022 0.067103 0.005731
v 0.763649 0.049911 0.042427
v 0.671071 0.075457 0.049076
v 0.679617 0.067103 0.126693
v 0.647763 0.055457 0.099060
v 0.707819 0.089103 0.066212
v 0.694379 0.055457 -0.000908
v 0.736022 0.067103 0.005731
v 0.701371 0.000000 -0.015903
v 0.744483 0.000000 -0.012413
v 0.736022 0.067103 0.005731
v 0.694379 0.055457 -0.000908
v 0.813692 0.068349 0.048376
v 0.826909 0.000000 0.020033
v 0.866250 0.000000 0.051784
v 0.854572 0.058830 0.076827
v 0.647763 0.055457 0.099060
v 0.679617 0.067103 0.126693
v 0.671156 0.000000 0.144837
v 0.640771 0.000000 0.114055
v 0.679617 0.067103 0.126693
v 0.721260 0.055457 0.133332
v 0.714267 0.000000 0.148327
v 0.671156 0.000000 0.144837
v 0.744786 0.040449 -0.012653
v 0.787108 0.000000 0.007082
v 0.787518 0.000000 0.039457
v 0.732500 0.052584 0.013802
v 0.701649 0.000000 -0.032768
v 0.744786 0.040449 -0.012653
v 0.732500 0.052584 0.013802
v 0.676422 0.000000 -0.012348
v 0.895705 0.042064 0.124434
v 0.837340 0.078165 0.161267
v 0.748893 0.054845 0.115429
v 0.822068 0.000000 0.055326
v 0.845937 0.022759 0.197077
v 0.899707 0.016275 0.141102
v 0.887797 0.000000 0.119996
v 0.816952 0.000000 0.168292
v 0.276882 0.213198 0.566543
v 0.300734 0.179016 0.528576
v 0.286686 0.158296 0.512015
v 0.336146 0.120282 0.470001
v 0.347993 0.157851 0.503654
v 0.422600 0.100970 0.443750
v 0.422833 0.151918 0.493573
v 0.515454 0.165388 0.506399
v 0.528193 0.105078 0.445141
v 0.599214 0.192146 0.535593
v 0.607351 0.119726 0.460603
v 0.701201 0.214315 0.551729
v 0.690131 0.131650 0.468622
v 0.788966 0.136878 0.455343
v 0.825806 0.219104 0.530805
v 0.850035 0.123747 0.420366
v 0.926372 0.194481 0.460664
v 0.897405 0.095925 0.352965
v 0.986142 0.136076 0.340150
v 0.890073 0.050976 0.262755
v 0.975829 0.066887 0.222310
v 0.926350 0.033990 0.169525
v 0.899707 0.016275 0.141102
v 0.845937 0.022759 0.197077
v 0.861385 0.032635 0.220064
v 0.276882 0.213198 0.566543
v 0.282127 0.187677 0.493025
v 0.297862 0.197527 0.516613
v 0.327598 0.175373 0.434395
v 0.342454 0.193549 0.480581
v 0.410660 0.177922 0.394015
v 0.414920 0.202916 0.460612
v 0.513417 0.200306 0.383593
v 0.505563 0.229135 0.465198
v 0.590934 0.225534 0.392217
v 0.588224 0.262977 0.489813
v 0.672400 0.245924 0.394765
v 0.689331 0.290812 0.502287
v 0.770907 0.253268 0.380118
v 0.813717 0.297017 0.480448
v 0.831975 0.240137 0.345141
v 0.915382 0.265312 0.414885
v 0.881151 0.200676 0.285262
v 0.977350 0.192741 0.303526
v 0.876939 0.135623 0.208046
v 0.968882 0.111660 0.193373
v 0.921317 0.066423 0.148563
v 0.851200 0.098275 0.177640
v 0.837340 0.078165 0.161267
v 0.895705 0.042064 0.124434
v 0.926350 0.033990 0.169525
v 0.975829 0.066887 0.222310
v 0.968882 0.111660 0.193373
v 0.921317 0.066423 0.148563
v 0.897405 0.095925 0.352965
v 0.890073 0.050976 0.262755
v 0.876939 0.135623 0.208046
v 0.881151 0.200676 0.285262
v 0.850035 0.123747 0.420366
v 0.831975 0.240137 0.345141
v 0.788966 0.136878 0.455343
v 0.770907 0.253268 0.380118
v 0.690131 0.131650 0.468622
v 0.672400 0.245924 0.394765
v 0.607351 0.119726 0.460603
v 0.590934 0.225534 0.392217
v 0.528193 0.105078 0.445141
v 0.513417 0.200306 0.383593
v 0.422600 0.100970 0.443750
v 0.410660 0.177922 0.394015
v 0.336146 0.120282 0.470001
v 0.327598 0.175373 0.434395
v 0.286686 0.158296 0.512015
v 0.282127 0.187677 0.493025
v 0.276882 0.213198 0.566543
v 0.975829 0.066887 0.222310
v 0.977350 0.192741 0.303526
v 0.968882 0.111660 0.193373
v 0.986142 0.136076 0.340150
v 0.915382 0.265312 0.414885
v 0.926372 0.194481 0.460664
v 0.813717 0.297017 0.480448
v 0.825806 0.219104 0.530805
v 0.689331 0.290812 0.502287
v 0.701201 0.214315 0.551729
v 0.588224 0.262977 0.489813
v 0.599214 0.192146 0.535593
v 0.505563 0.229135 0.465198
v 0.515454 0.165388 0.506399
v 0.414920 0.202916 0.460612
v 0.422833 0.151918 0.493573
v 0.342454 0.193549 0.480581
v 0.347993 0.157851 0.503654
v 0.297862 0.197527 0.516613
v 0.300734 0.179016 0.528576
v 0.276882 0.213198 0.566543
v 0.861385 0.032635 0.220064
v 0.845937 0.022759 0.197077
v 0.837340 0.078165 0.161267
v 0.851200 0.098275 0.177640
v 0.890073 0.050976 0.262755
v 0.861385 0.032635 0.220064
v 0.851200 0.098275 0.177640
v 0.876939 0.135623 0.208046
v 0.899707 0.016275 0.141102
v 0.926350 0.033990 0.169525
v 0.921317 0.066423 0.148563
v 0.895705 0.042064 0.124434
v 0.968882 0.111660 0.193373
v 0.876939 0.135623 0.208046
v 0.851200 0.098275 0.177640
v 0.921317 0.066423 0.148563
v 0.975829 0.066887 0.222310
v 0.926350 0.033990 0.169525
v 0.861385 0.032635 0.220064
v 0.890073 0.050976 0.262755
v 0.744568 0.075457 0.083348
v 0.757984 0.075943 0.167843
v 0.721260 0.055457 0.133332
v 0.787951 0.097943 0.103578
v 0.813692 0.068349 0.048376
v 0.763649 0.049911 0.042427
v 0.774868 0.000000 0.018369
v 0.826909 0.000000 0.020033
v 0.813692 0.068349 0.048376
v 0.763649 0.049911 0.042427
v 0.714267 0.000000 0.148327
v 0.721260 0.055457 0.133332
v 0.757984 0.075943 0.167843
v 0.748994 0.000000 0.187123
v 0.551736 -0.046214 -0.057281
v 0.694379 -0.055457 -0.000908
v 0.701371 0.000000 -0.015903
v 0.551736 0.046214 -0.057281
v 0.785827 0.000001 0.102012
v 0.806055 -0.066467 0.180871
v 0.798116 0.000000 0.197898
v 0.806055 0.066470 0.180871
v 0.832427 -0.085008 0.124317
v 0.832427 0.085008 0.124317
v 0.854572 -0.058830 0.076827
v 0.854572 0.058830 0.076827
v 0.866250 0.000000 0.051784
vt 0.0476005226 0.289005846
vt 0.0544349663 0.282171398
vt 0.0510177463 0.289005846
vt 0.0499634296 0.338897556
vt 0.0470444486 0.371305168
vt 0.050461676 0.371305168
vt 0.050739713 0.339673817
vt 0.0515159965 0.340450108
vt 0.0436272249 0.371305168
vt 0.0436272249 0.371305168
vt 0.0515159965 0.340450108
vt 0.050739713 0.339673817
vt 0.0470444486 0.371305168
vt 0.0499634296 0.338897556
vt 0.050461676 0.371305168
vt 0.050461676 0.371305168
vt 0.0499634296 0.338897556
vt 0.050739713 0.339673817
vt 0.0470444486 0.371305168
vt 0.293944806 0.933154285
vt 0.293944806 0.936571479
vt 0.300779253 0.936571479
vt 0.300779253 0.933154285
vt 0.293944806 0.933154285
vt 0.293944806 0.936571479
vt 0.300779253 0.936571479
vt 0.300779253 0.933154285
vt 0.293944806 0.929737091
vt 0.300779253 0.929737091
vt 0.162826076 0.439358383
vt 0.162826076 0.442775607
vt 0.169660524 0.442775607
vt 0.169660524 0.439358383
vt 0.162826076 0.43594116
vt 0.169660524 0.43594116
vt 0.162826076 0.439358383
vt 0.162826076 0.442775607
vt 0.169660524 0.442775607
vt 0.169660524 0.439358383
vt 0.0470444486 0.371305168
vt 0.050739713 0.339673817
vt 0.0515159965 0.340450108
vt 0.0436272249 0.371305168
vt 0.162826076 0.43594116
vt 0.162826076 0.439358383
vt 0.169660524 0.439358383
vt 0.169660524 0.43594116
vt 0.0510177463 0.289005846
vt 0.0544349663 0.289005846
vt 0.0476005226 0.289005846
vt 0.0544349663 0.289005846
vt 0.0476005226 0.289005846
vt 0.0510177463 0.289005846
vt 0.0544349663 0.289005846
vt 0.0544349663 0.289005846
vt 0.0544349663 0.289005846
vt 0.0510177463 0.289005846
vt 0.0476005226 0.289005846
vt 0.0476005226 0.289005846
vt 0.0544349663 0.289005846
vt 0.293944806 0.929737091
vt 0.293944806 0.933154285
vt 0.300779253 0.933154285
vt 0.300779253 0.929737091
vt 0.299983799 0.926950216
vt 0.299983799 0.926950216
vt 0.299983799 0.926950216
vt 0.299983799 0.926950216
vt 0.299983799 0.926950216
vt 0.299983799 0.926950216
vt 0.299983799 0.926950216
vt 0.299983799 0.926950216
vt 0.299983799 0.926950216
vt 0.299983799 0.926950216
vt 0.299983799 0.926950216
vt 0.299983799 0.926950216
vt 0.409249395 0.939944863
vt 0.409249395 0.939944863
vt 0.409249395 0.939944863
vt 0.409249395 0.939944863
vt 0.482755363 0.922618687
vt 0.482755363 0.922618687
vt 0.482755363 0.922618687
vt 0.482755363 0.922618687
vt 0.0556261726 0.361683875
vt 0.0556261726 0.361683875
vt 0.0556261726 0.361683875
vt 0.0556261726 0.361683875
vt 0.0556261726 0.361683875
vt 0.0556261726 0.361683875
vt 0.0556261726 0.361683875
vt 0.0556261726 0.361683875
vt 0.0637959838 0.288408041
vt 0.0637959838 0.288408041
vt 0.0637959838 0.288408041
vt 0.0637959838 0.288408041
vt 0.0637959838 0.288408041
vt 0.0637959838 0.288408041
vt 0.0637959838 0.288408041
vt 0.0637959838 0.288408041
vt 0.0637959838 0.288408041
vt 0.0637959838 0.288408041
vt 0.0637959838 0.288408041
vt 0.0637959838 0.288408041
vt 0.0637959838 0.288408041
vt 0.0637959838 0.288408041
vt 0.163947731 0.927758396
vt 0.163947731 0.927758396
vt 0.163947731 0.927758396
vt 0.163947731 0.927758396
vt 0.163947731 0.927758396
vt 0.163947731 0.927758396
vt 0.163947731 0.927758396
vt 0.163947731 0.927758396
vt 0.163947731 0.927758396
vt 0.163947731 0.927758396
vt 0.163947731 0.927758396
vt 0.163947731 0.927758396
vt 0.163947731 0.927758396
vt 0.163947731 0.927758396
vt 0.163947731 0.927758396
vt 0.163947731 0.927758396
vt 0.163947731 0.927758396
vt 0.163947731 0.927758396
vt 0.163947731 0.927758396
vt 0.163947731 0.927758396
vt 0.163947731 0.927758396
vt 0.0414713249 0.368121326
vt 0.0414713249 0.368121326
vt 0.0414713249 0.368121326
vt 0.0414713249 0.368121326
vt 0.163947731 0.927758396
vt 0.163947731 0.927758396
vt 0.163947731 0.927758396
vt 0.163947731 0.927758396
vt 0.163947731 0.927758396
vt 0.163947731 0.927758396
vt 0.163947731 0.927758396
vt 0.163947731 0.927758396
vt 0.163947731 0.927758396
vt 0.163947731 0.927758396
vt 0.163947731 0.927758396
vt 0.163947731 0.927758396
vt 0.163947731 0.927758396
vt 0.163947731 0.927758396
vt 0.163947731 0.927758396
vt 0.163947731 0.927758396
vt 0.163947731 0.927758396
vt 0.163947731 0.927758396
vt 0.163947731 0.927758396
vt 0.163947731 0.927758396
vt 0.163947731 0.927758396
vt 0.0414713249 0.368121326
vt 0.0414713249 0.368121326
vt 0.0414713249 0.368121326
vt 0.0414713249 0.368121326
vt 0.157690197 0.955045402
vt 0.157690197 0.955045402
vt 0.157690197 0.955045402
vt 0.157690197 0.955045402
vt 0.163947731 0.927758396
vt 0.163947731 0.927758396
vt 0.163947731 0.927758396
vt 0.163947731 0.927758396
vt 0.163947731 0.927758396
vt 0.163947731 0.927758396
vt 0.163947731 0.927758396
vt 0.163947731 0.927758396
vt 0.163947731 0.927758396
vt 0.163947731 0.927758396
vt 0.163947731 0.927758396
vt 0.163947731 0.927758396
vt 0.163947731 0.927758396
vt 0.163947731 0.927758396
vt 0.163947731 0.927758396
vt 0.163947731 0.927758396
vt 0.163947731 0.927758396
vt 0.163947731 0.927758396
vt 0.163947731 0.927758396
vt 0.163947731 0.927758396
vt 0.163947731 0.927758396
vt 0.163947731 0.927758396
vt 0.163947731 0.927758396
vt 0.163947731 0.927758396
vt 0.163947731 0.927758396
vt 0.163947731 0.927758396
vt 0.163947731 0.927758396
vt 0.163947731 0.927758396
vt 0.163947731 0.927758396
vt 0.163947731 0.927758396
vt 0.163947731 0.927758396
vt 0.163947731 0.927758396
vt 0.163947731 0.927758396
vt 0.163947731 0.927758396
vt 0.163947731 0.927758396
vt 0.163947731 0.927758396
vt 0.163947731 0.927758396
vt 0.163947731 0.927758396
vt 0.163947731 0.927758396
vt 0.163947731 0.927758396
vt 0.163947731 0.927758396
vt 0.163947731 0.927758396
vt 0.0414713249 0.368121326
vt 0.0414713249 0.368121326
vt 0.0414713249 0.368121326
vt 0.0414713249 0.368121326
vt 0.0637959838 0.288408041
vt 0.0637959838 0.288408041
vt 0.0637959838 0.288408041
vt 0.0637959838 0.288408041
vt 0.0637959838 0.288408041
vt 0.0637959838 0.288408041
vt 0.0637959838 0.288408041
vt 0.055041451 0.295144022
vt 0.055041451 0.295144022
vt 0.0524607822 0.283477366
vt 0.055041451 0.295144022
vt 0.157690197 0.955045402
vt 0.157690197 0.955045402
vt 0.157690197 0.955045402
vt 0.157690197 0.955045402
vt 0.0414713249 0.368121326
vt 0.0414713249 0.368121326
vt 0.0414713249 0.368121326
vt 0.0414713249 0.368121326
vt 0.157690197 0.955045402
vt 0.157690197 0.955045402
vt 0.157690197 0.955045402
vt 0.157690197 0.955045402
vt 0.157690197 0.955045402
vt 0.157690197 0.955045402
vt 0.157690197 0.955045402
vt 0.157690197 0.955045402
vt 0.0390978642 0.285716563
vt 0.0398240238 0.285716563
vt 0.0394018553 0.294460863
vt 0.0390387811 0.294097781
vt 0.0386757068 0.293734699
vt 0.0383717045 0.285716563
vt 0.0390978642 0.285716563
vt 0.0398240238 0.285716563
vt 0.0394018553 0.294460863
vt 0.0390387811 0.294097781
vt 0.0390978642 0.285716563
vt 0.0390387811 0.294097781
vt 0.0386757068 0.293734699
vt 0.0383717045 0.285716563
vt 0.0476005226 0.282171398
vt 0.0476005226 0.282171398
vt 0.0476005226 0.289005846
vt 0.0476005226 0.289005846
vt 0.0470444486 0.371305168
vt 0.050739713 0.339673817
vt 0.0499634296 0.338897556
vt 0.050461676 0.371305168
vt 0.293944806 0.933154285
vt 0.300779253 0.933154285
vt 0.300779253 0.936571479
vt 0.293944806 0.936571479
vt 0.293944806 0.933154285
vt 0.300779253 0.936571479
vt 0.293944806 0.936571479
vt 0.300779253 0.933154285
vt 0.293944806 0.929737091
vt 0.300779253 0.929737091
vt 0.162826076 0.439358383
vt 0.169660524 0.442775607
vt 0.162826076 0.442775607
vt 0.169660524 0.439358383
vt 0.162826076 0.43594116
vt 0.169660524 0.43594116
vt 0.162826076 0.439358383
vt 0.169660524 0.439358383
vt 0.169660524 0.442775607
vt 0.162826076 0.442775607
vt 0.0515159965 0.340450108
vt 0.050739713 0.339673817
vt 0.0470444486 0.371305168
vt 0.0436272249 0.371305168
vt 0.162826076 0.43594116
vt 0.169660524 0.43594116
vt 0.169660524 0.439358383
vt 0.162826076 0.439358383
vt 0.293944806 0.929737091
vt 0.300779253 0.929737091
vt 0.300779253 0.933154285
vt 0.293944806 0.933154285
vt 0.0556261726 0.361683875
vt 0.0556261726 0.361683875
vt 0.0556261726 0.361683875
vt 0.0556261726 0.361683875
vt 0.0556261726 0.361683875
vt 0.0556261726 0.361683875
vt 0.0556261726 0.361683875
vt 0.0556261726 0.361683875
vt 0.0637959838 0.288408041
vt 0.0637959838 0.288408041
vt 0.0637959838 0.288408041
vt 0.0637959838 0.288408041
vt 0.0637959838 0.288408041
vt 0.0637959838 0.288408041
vt 0.0637959838 0.288408041
vt 0.0637959838 0.288408041
vt 0.163947731 0.927758396
vt 0.163947731 0.927758396
vt 0.163947731 0.927758396
vt 0.163947731 0.927758396
vt 0.163947731 0.927758396
vt 0.163947731 0.927758396
vt 0.163947731 0.927758396
vt 0.163947731 0.927758396
vt 0.163947731 0.927758396
vt 0.163947731 0.927758396
vt 0.163947731 0.927758396
vt 0.163947731 0.927758396
vt 0.163947731 0.927758396
vt 0.163947731 0.927758396
vt 0.163947731 0.927758396
vt 0.163947731 0.927758396
vt 0.163947731 0.927758396
vt 0.163947731 0.927758396
vt 0.163947731 0.927758396
vt 0.163947731 0.927758396
vt 0.163947731 0.927758396
vt 0.0414713249 0.368121326
vt 0.0414713249 0.368121326
vt 0.0414713249 0.368121326
vt 0.0414713249 0.368121326
vt 0.163947731 0.927758396
vt 0.163947731 0.927758396
vt 0.163947731 0.927758396
vt 0.163947731 0.927758396
vt 0.163947731 0.927758396
vt 0.163947731 0.927758396
vt 0.163947731 0.927758396
vt 0.163947731 0.927758396
vt 0.163947731 0.927758396
vt 0.163947731 0.927758396
vt 0.163947731 0.927758396
vt 0.163947731 0.927758396
vt 0.163947731 0.927758396
vt 0.163947731 0.927758396
vt 0.163947731 0.927758396
vt 0.163947731 0.927758396
vt 0.163947731 0.927758396
vt 0.163947731 0.927758396
vt 0.163947731 0.927758396
vt 0.163947731 0.927758396
vt 0.163947731 0.927758396
vt 0.0414713249 0.368121326
vt 0.0414713249 0.368121326
vt 0.0414713249 0.368121326
vt 0.0414713249 0.368121326
vt 0.157690197 0.955045402
vt 0.157690197 0.955045402
vt 0.157690197 0.955045402
vt 0.157690197 0.955045402
vt 0.163947731 0.927758396
vt 0.163947731 0.927758396
vt 0.163947731 0.927758396
vt 0.163947731 0.927758396
vt 0.163947731 0.927758396
vt 0.163947731 0.927758396
vt 0.163947731 0.927758396
vt 0.163947731 0.927758396
vt 0.163947731 0.927758396
vt 0.163947731 0.927758396
vt 0.163947731 0.927758396
vt 0.163947731 0.927758396
vt 0.163947731 0.927758396
vt 0.163947731 0.927758396
vt 0.163947731 0.927758396
vt 0.163947731 0.927758396
vt 0.163947731 0.927758396
vt 0.163947731 0.927758396
vt 0.163947731 0.927758396
vt 0.163947731 0.927758396
vt 0.163947731 0.927758396
vt 0.163947731 0.927758396
vt 0.163947731 0.927758396
vt 0.163947731 0.927758396
vt 0.163947731 0.927758396
vt 0.163947731 0.927758396
vt 0.163947731 0.927758396
vt 0.163947731 0.927758396
vt 0.163947731 0.927758396
vt 0.163947731 0.927758396
vt 0.163947731 0.927758396
vt 0.163947731 0.927758396
vt 0.163947731 0.927758396
vt 0.163947731 0.927758396
vt 0.163947731 0.927758396
vt 0.163947731 0.927758396
vt 0.163947731 0.927758396
vt 0.163947731 0.927758396
vt 0.163947731 0.927758396
vt 0.163947731 0.927758396
vt 0.163947731 0.927758396
vt 0.163947731 0.927758396
vt 0.0414713249 0.368121326
vt 0.0414713249 0.368121326
vt 0.0414713249 0.368121326
vt 0.0414713249 0.368121326
vt 0.157690197 0.955045402
vt 0.157690197 0.955045402
vt 0.157690197 0.955045402
vt 0.157690197 0.955045402
vt 0.0414713249 0.368121326
vt 0.0414713249 0.368121326
vt 0.0414713249 0.368121326
vt 0.0414713249 0.368121326
vt 0.157690197 0.955045402
vt 0.157690197 0.955045402
vt 0.157690197 0.955045402
vt 0.157690197 0.955045402
vt 0.157690197 0.955045402
vt 0.157690197 0.955045402
vt 0.157690197 0.955045402
vt 0.157690197 0.955045402
vt 0.0390978642 0.285716563
vt 0.0394018553 0.294460863
vt 0.0398240238 0.285716563
vt 0.0390387811 0.294097781
vt 0.0386757068 0.293734699
vt 0.0383717045 0.285716563
vt 0.0390978642 0.285716563
vt 0.0390387811 0.294097781
vt 0.0394018553 0.294460863
vt 0.0398240238 0.285716563
vt 0.0390978642 0.285716563
vt 0.0383717045 0.285716563
vt 0.0386757068 0.293734699
vt 0.0390387811 0.294097781
vt 0.0544349663 0.282171398
vt 0.0476005226 0.289005846
vt 0.0510177463 0.289005846
vt 0.0544349663 0.282171398
vt 0.047073029 0.36264208
vt 0.0436272249 0.36264208
vt 0.0470444523 0.36264208
vt 0.0504616797 0.36264208
vt 0.0470444523 0.36264208
vt 0.0470444523 0.36264208
vt 0.0436272249 0.36264208
vt 0.0504616797 0.36264208
vt 0.0470444523 0.36264208
vn 0.115685 0.675812 -0.727939
vn 0.096499 0.686310 -0.720879
vn 0.236621 0.000000 -0.971602
vn 0.229270 -0.688226 -0.688317
vn 0.256844 -0.965223 0.048732
vn 0.520553 -0.662247 -0.538937
vn -0.066325 -0.993860 -0.088557
vn -0.385891 -0.694554 0.607193
vn -0.068082 -0.662310 0.746130
vn -0.068092 0.662322 0.746119
vn -0.385898 0.694549 0.607194
vn -0.066329 0.993859 -0.088566
vn 0.256839 0.965226 0.048716
vn 0.229271 0.688226 -0.688316
vn 0.520554 0.662248 -0.538936
vn -0.068082 -0.662310 0.746130
vn -0.385891 -0.694554 0.607193
vn -0.497290 0.000000 0.867584
vn -0.212553 0.000000 0.977150
vn 0.486536 0.000000 -0.873661
vn 0.349556 -0.687946 -0.636035
vn 0.287015 -0.691020 -0.663410
vn 0.408248 0.000000 -0.912871
vn 0.026131 -0.999658 -0.000624
vn -0.303813 -0.695131 0.651529
vn -0.407068 -0.676499 0.613714
vn -0.055504 -0.995316 -0.079148
vn 0.349556 -0.687946 -0.636035
vn 0.287015 -0.691020 -0.663410
vn -0.180347 -0.980001 -0.084097
vn -0.483272 -0.675812 0.556530
vn -0.303813 -0.695131 0.651529
vn 0.026131 -0.999658 -0.000624
vn 0.115685 -0.675812 -0.727939
vn 0.349556 -0.687946 -0.636035
vn 0.236621 0.000000 -0.971602
vn 0.115685 -0.675812 -0.727939
vn 0.349556 -0.687946 -0.636035
vn 0.486536 0.000000 -0.873661
vn 0.633755 0.000000 -0.773534
vn 0.346388 0.000000 -0.938091
vn 0.229270 -0.688226 -0.688317
vn 0.520553 -0.662247 -0.538937
vn -0.483272 -0.675812 0.556530
vn -0.592193 0.000000 0.805796
vn -0.422619 0.000000 0.906308
vn -0.303813 -0.695131 0.651529
vn -0.180347 -0.980001 -0.084097
vn 0.115685 -0.675812 -0.727939
vn 0.096499 -0.686310 -0.720879
vn -0.490197 -0.686310 0.537295
vn -0.483272 -0.675812 0.556530
vn -0.592193 0.000000 0.805796
vn -0.483272 -0.675812 0.556530
vn -0.490197 0.686310 0.537295
vn -0.483272 0.675812 0.556530
vn -0.180347 0.980001 -0.084097
vn -0.483272 0.675812 0.556530
vn 0.096499 0.686310 -0.720879
vn 0.115685 0.675812 -0.727939
vn -0.303813 -0.695131 0.651529
vn -0.422619 0.000000 0.906308
vn -0.496609 0.000000 0.867975
vn -0.407068 -0.676499 0.613714
vn 0.706608 -0.704113 -0.070222
vn 0.327551 -0.631014 -0.703229
vn 0.708528 -0.701113 -0.080176
vn 0.874957 0.000000 -0.484200
vn 0.706608 0.704113 -0.070222
vn 0.327551 0.631014 -0.703229
vn 0.708528 0.701113 -0.080176
vn -0.387908 -0.706778 -0.591601
vn -0.187276 0.000000 -0.982307
vn -0.394625 -0.709967 -0.583282
vn -0.387908 0.706778 -0.591601
vn -0.394625 0.709967 -0.583283
vn 0.327551 -0.631014 -0.703229
vn 0.422562 0.000000 -0.906334
vn -0.187276 0.000000 -0.982307
vn 0.327551 0.631014 -0.703229
vn 0.422562 0.000000 -0.906334
vn 0.327551 -0.631014 -0.703229
vn 0.874957 0.000000 -0.484200
vn 0.327551 0.631014 -0.703229
vn 0.708528 -0.701113 -0.080176
vn 0.693045 -0.720840 -0.008778
vn 0.693045 -0.720840 -0.008778
vn 0.706608 -0.704113 -0.070222
vn -0.394625 -0.709967 -0.583282
vn -0.432283 -0.726582 -0.534050
vn -0.432283 -0.726582 -0.534050
vn -0.387908 -0.706778 -0.591601
vn 0.062616 -0.756708 -0.650747
vn 0.105842 -0.793483 -0.599318
vn 0.055311 -0.747504 -0.661950
vn 0.105852 -0.795320 -0.596877
vn 0.268382 0.893683 0.359585
vn 0.305705 0.855206 0.418531
vn 0.305705 0.855206 0.418531
vn 0.275480 0.886930 0.370764
vn 0.811060 0.223534 -0.540569
vn 0.725172 0.000000 -0.688568
vn 0.763810 0.165336 -0.623906
vn 0.701339 0.000000 -0.712828
vn 0.763810 -0.165336 -0.623906
vn 0.811060 -0.223534 -0.540569
vn 0.161746 0.680714 0.714469
vn 0.100591 0.674335 0.731542
vn 0.114863 0.676065 0.727834
vn 0.063557 0.685824 0.724987
vn 0.069506 0.683587 0.726552
vn 0.026389 0.700329 0.713333
vn 0.028342 0.699578 0.713994
vn 0.000286 0.712084 0.702094
vn 0.001356 0.711509 0.702676
vn 0.022953 0.715022 0.698725
vn 0.016510 0.715470 0.698449
vn 0.101277 0.710344 0.696530
vn 0.090935 0.711096 0.697189
vn 0.195710 0.705260 0.681400
vn 0.196896 0.705197 0.681124
vn 0.331571 0.715962 0.614378
vn 0.333730 0.716442 0.612645
vn 0.395052 0.772111 0.497774
vn 0.394692 0.779161 0.486956
vn 0.352623 0.859081 0.370995
vn 0.354790 0.857060 0.373593
vn 0.259483 0.923329 0.283076
vn 0.259171 0.923337 0.283336
vn 0.268382 0.893683 0.359585
vn 0.275480 0.886930 0.370764
vn -0.089559 -0.938905 -0.332320
vn -0.135737 -0.938995 -0.316012
vn -0.149678 -0.938577 -0.310917
vn -0.187033 -0.929177 -0.318823
vn -0.181019 -0.930995 -0.316987
vn -0.224458 -0.916346 -0.331555
vn -0.222501 -0.917069 -0.330875
vn -0.249578 -0.905733 -0.342576
vn -0.250655 -0.905204 -0.343187
vn -0.235193 -0.906738 -0.350014
vn -0.228907 -0.908200 -0.350392
vn -0.162138 -0.919934 -0.356976
vn -0.151888 -0.921278 -0.358017
vn -0.057410 -0.926071 -0.372958
vn -0.056212 -0.926054 -0.373182
vn 0.080934 -0.899367 -0.429638
vn 0.083159 -0.898465 -0.431098
vn 0.146431 -0.830228 -0.537847
vn 0.146070 -0.823182 -0.548667
vn 0.104335 -0.741104 -0.663234
vn 0.106504 -0.743118 -0.660631
vn 0.012709 -0.667108 -0.744853
vn 0.062616 -0.756708 -0.650747
vn 0.055311 -0.747504 -0.661950
vn 0.012369 -0.667277 -0.744707
vn 0.779301 0.250368 -0.574461
vn 0.779301 0.250368 -0.574461
vn 0.963908 0.021928 -0.265329
vn 0.963908 0.021928 -0.265329
vn -0.949489 0.260450 -0.175030
vn -0.975867 0.010446 0.218115
vn -0.975867 0.010446 0.218115
vn -0.949489 0.260450 -0.175030
vn -0.686348 0.466894 -0.557617
vn -0.686348 0.466893 -0.557617
vn -0.267632 0.551960 -0.789756
vn -0.267632 0.551960 -0.789755
vn 0.020999 0.540393 -0.841151
vn 0.020999 0.540393 -0.841151
vn 0.200358 0.509689 -0.836704
vn 0.200358 0.509689 -0.836704
vn 0.145085 0.521093 -0.841078
vn 0.145085 0.521093 -0.841078
vn -0.109460 0.551476 -0.826978
vn -0.109459 0.551475 -0.826979
vn -0.481457 0.527231 -0.700162
vn -0.481457 0.527231 -0.700162
vn -0.828394 0.389018 -0.403025
vn -0.828393 0.389018 -0.403025
vn -0.986659 0.162191 -0.014080
vn 0.963908 0.021928 -0.265329
vn 0.963908 0.021928 -0.265329
vn 0.965937 -0.228445 0.121567
vn 0.965937 -0.228445 0.121567
vn 0.757940 -0.432958 0.487928
vn 0.757940 -0.432958 0.487928
vn 0.348569 -0.546319 0.761600
vn 0.348569 -0.546319 0.761600
vn -0.039640 -0.538040 0.841987
vn -0.039640 -0.538040 0.841987
vn -0.318734 -0.479125 0.817832
vn -0.318734 -0.479125 0.817832
vn -0.319398 -0.478930 0.817687
vn -0.319398 -0.478930 0.817687
vn -0.072177 -0.533476 0.842730
vn -0.072176 -0.533476 0.842730
vn 0.275298 -0.551605 0.787364
vn 0.275299 -0.551605 0.787364
vn 0.653797 -0.479671 0.585205
vn 0.653796 -0.479671 0.585206
vn 0.904899 -0.321026 0.279464
vn -0.850643 -0.185867 0.491793
vn -0.850643 -0.185867 0.491793
vn -0.657669 -0.334271 0.675081
vn -0.716828 -0.219866 0.661677
vn -0.657669 -0.334271 0.675081
vn -0.594065 -0.140658 0.792024
vn -0.716828 -0.219866 0.661677
vn -0.651734 0.000000 0.758448
vn -0.594065 0.140658 0.792024
vn -0.716828 0.219866 0.661677
vn -0.657669 0.334271 0.675081
vn -0.651734 0.000000 0.758448
vn -0.594065 -0.140658 0.792024
vn -0.613421 0.000000 0.789756
vn -0.594065 0.140658 0.792024
vn -0.975867 0.010446 0.218115
vn -0.975867 0.010446 0.218115
vn -0.850643 -0.185867 0.491793
vn -0.850643 -0.185867 0.491793
vn 0.811060 0.223534 -0.540569
vn 0.763810 0.165336 -0.623906
vn 0.779301 0.250368 -0.574461
vn 0.779301 0.250368 -0.574461
vn 0.106504 -0.743118 -0.660631
vn 0.012709 -0.667108 -0.744853
vn 0.012369 -0.667277 -0.744707
vn 0.104335 -0.741104 -0.663234
vn 0.354790 0.857060 0.373593
vn 0.352623 0.859081 0.370995
vn 0.259171 0.923337 0.283336
vn 0.259483 0.923329 0.283076
vn -0.055504 -0.995316 -0.079148
vn -0.407068 -0.676499 0.613714
vn -0.385891 -0.694554 0.607193
vn -0.066325 -0.993860 -0.088557
vn 0.229270 -0.688226 -0.688317
vn 0.287015 -0.691020 -0.663410
vn 0.408248 0.000000 -0.912871
vn 0.287015 -0.691020 -0.663410
vn 0.229270 -0.688226 -0.688317
vn 0.346388 0.000000 -0.938091
vn -0.496609 0.000000 0.867975
vn -0.497290 0.000000 0.867584
vn -0.385891 -0.694554 0.607193
vn -0.407068 -0.676499 0.613714
vn -0.906308 0.000000 -0.422618
vn -0.906308 0.000000 -0.422618
vn -0.906308 0.000000 -0.422618
vn -0.906308 0.000000 -0.422618
vn -0.212553 0.000000 0.977150
vn -0.497290 0.000000 0.867584
vn -0.385898 0.694549 0.607194
vn -0.068092 0.662322 0.746119
vn 0.486536 0.000000 -0.873661
vn 0.408248 0.000000 -0.912871
vn 0.287015 0.691020 -0.663410
vn 0.349556 0.687946 -0.636035
vn 0.026131 0.999658 -0.000624
vn -0.407068 0.676499 0.613714
vn -0.303813 0.695131 0.651529
vn -0.055504 0.995316 -0.079148
vn 0.349556 0.687946 -0.636035
vn 0.287015 0.691020 -0.663410
vn -0.180347 0.980001 -0.084097
vn -0.303813 0.695131 0.651529
vn -0.483272 0.675812 0.556530
vn 0.026131 0.999658 -0.000624
vn 0.115685 0.675812 -0.727939
vn 0.349556 0.687946 -0.636035
vn 0.236621 0.000000 -0.971602
vn 0.486536 0.000000 -0.873661
vn 0.349556 0.687946 -0.636035
vn 0.115685 0.675812 -0.727939
vn 0.229271 0.688226 -0.688316
vn 0.346388 0.000000 -0.938091
vn 0.633755 0.000000 -0.773534
vn 0.520554 0.662248 -0.538936
vn -0.483272 0.675812 0.556530
vn -0.303813 0.695131 0.651529
vn -0.422619 0.000000 0.906308
vn -0.592193 0.000000 0.805796
vn -0.303813 0.695131 0.651529
vn -0.407068 0.676499 0.613714
vn -0.496609 0.000000 0.867975
vn -0.422619 0.000000 0.906308
vn 0.708528 0.701113 -0.080176
vn 0.706608 0.704113 -0.070222
vn 0.693045 0.720840 -0.008778
vn 0.693045 0.720840 -0.008778
vn -0.394625 0.709967 -0.583283
vn -0.387908 0.706778 -0.591601
vn -0.432283 0.726582 -0.534050
vn -0.432283 0.726582 -0.534050
vn 0.062616 0.756708 -0.650747
vn 0.055311 0.747504 -0.661950
vn 0.105842 0.793483 -0.599318
vn 0.105852 0.795320 -0.596877
vn 0.268382 -0.893683 0.359585
vn 0.275480 -0.886930 0.370764
vn 0.305705 -0.855206 0.418531
vn 0.305705 -0.855206 0.418531
vn 0.161746 -0.680714 0.714469
vn 0.114863 -0.676065 0.727834
vn 0.100591 -0.674335 0.731542
vn 0.063557 -0.685824 0.724987
vn 0.069506 -0.683587 0.726552
vn 0.026389 -0.700329 0.713333
vn 0.028342 -0.699578 0.713994
vn 0.000286 -0.712084 0.702094
vn 0.001356 -0.711509 0.702676
vn 0.022953 -0.715022 0.698725
vn 0.016510 -0.715470 0.698449
vn 0.101277 -0.710344 0.696530
vn 0.090935 -0.711096 0.697189
vn 0.195710 -0.705260 0.681400
vn 0.196896 -0.705197 0.681124
vn 0.331571 -0.715962 0.614378
vn 0.333730 -0.716442 0.612646
vn 0.395052 -0.772111 0.497774
vn 0.394692 -0.779161 0.486956
vn 0.352622 -0.859081 0.370995
vn 0.354790 -0.857060 0.373593
vn 0.259483 -0.923329 0.283076
vn 0.275480 -0.886930 0.370764
vn 0.268382 -0.893683 0.359585
vn 0.259171 -0.923337 0.283336
vn -0.089559 0.938905 -0.332320
vn -0.149678 0.938577 -0.310917
vn -0.135737 0.938995 -0.316012
vn -0.187033 0.929177 -0.318823
vn -0.181019 0.930995 -0.316987
vn -0.224458 0.916346 -0.331555
vn -0.222501 0.917069 -0.330875
vn -0.249578 0.905733 -0.342576
vn -0.250655 0.905204 -0.343187
vn -0.235193 0.906738 -0.350014
vn -0.228907 0.908200 -0.350392
vn -0.162138 0.919934 -0.356976
vn -0.151888 0.921278 -0.358017
vn -0.057410 0.926071 -0.372957
vn -0.056212 0.926054 -0.373182
vn 0.080934 0.899367 -0.429638
vn 0.083159 0.898465 -0.431098
vn 0.146431 0.830228 -0.537847
vn 0.146070 0.823182 -0.548667
vn 0.104335 0.741104 -0.663234
vn 0.106504 0.743118 -0.660631
vn 0.012709 0.667108 -0.744853
vn 0.012369 0.667277 -0.744707
vn 0.055311 0.747504 -0.661950
vn 0.062616 0.756708 -0.650747
vn 0.779301 -0.250368 -0.574461
vn 0.963908 -0.021928 -0.265329
vn 0.963908 -0.021928 -0.265329
vn 0.779301 -0.250368 -0.574461
vn -0.949489 -0.260450 -0.175030
vn -0.975867 -0.010446 0.218115
vn -0.975867 -0.010446 0.218115
vn -0.949489 -0.260450 -0.175030
vn -0.686348 -0.466894 -0.557617
vn -0.686348 -0.466894 -0.557617
vn -0.267632 -0.551960 -0.789756
vn -0.267632 -0.551960 -0.789755
vn 0.020999 -0.540393 -0.841151
vn 0.020999 -0.540393 -0.841151
vn 0.200358 -0.509689 -0.836704
vn 0.200358 -0.509689 -0.836704
vn 0.145085 -0.521093 -0.841078
vn 0.145085 -0.521093 -0.841078
vn -0.109460 -0.551476 -0.826978
vn -0.109459 -0.551476 -0.826979
vn -0.481457 -0.527231 -0.700161
vn -0.481457 -0.527231 -0.700162
vn -0.828394 -0.389017 -0.403025
vn -0.828393 -0.389018 -0.403026
vn -0.986659 -0.162191 -0.014080
vn 0.963908 -0.021928 -0.265329
vn 0.965937 0.228444 0.121567
vn 0.963908 -0.021928 -0.265329
vn 0.965937 0.228445 0.121567
vn 0.757940 0.432958 0.487928
vn 0.757940 0.432958 0.487928
vn 0.348569 0.546319 0.761600
vn 0.348569 0.546319 0.761600
vn -0.039640 0.538040 0.841987
vn -0.039640 0.538040 0.841987
vn -0.318734 0.479125 0.817832
vn -0.318734 0.479125 0.817832
vn -0.319398 0.478930 0.817687
vn -0.319398 0.478930 0.817687
vn -0.072177 0.533476 0.842730
vn -0.072176 0.533476 0.842730
vn 0.275298 0.551605 0.787364
vn 0.275299 0.551605 0.787364
vn 0.653797 0.479671 0.585205
vn 0.653796 0.479671 0.585206
vn 0.904899 0.321026 0.279464
vn -0.850643 0.185867 0.491793
vn -0.716828 0.219866 0.661677
vn -0.657669 0.334271 0.675081
vn -0.850643 0.185867 0.491793
vn -0.975867 -0.010446 0.218115
vn -0.850643 0.185867 0.491793
vn -0.850643 0.185867 0.491793
vn -0.975867 -0.010446 0.218115
vn 0.811060 -0.223534 -0.540569
vn 0.779301 -0.250368 -0.574461
vn 0.779301 -0.250368 -0.574461
vn 0.763810 -0.165336 -0.623906
vn 0.106504 0.743118 -0.660631
vn 0.104335 0.741104 -0.663234
vn 0.012369 0.667277 -0.744707
vn 0.012709 0.667108 -0.744853
vn 0.354790 -0.857060 0.373593
vn 0.259483 -0.923329 0.283076
vn 0.259171 -0.923337 0.283336
vn 0.352622 -0.859081 0.370995
vn -0.055504 0.995316 -0.079148
vn -0.385898 0.694549 0.607194
vn -0.407068 0.676499 0.613714
vn -0.066329 0.993859 -0.088566
vn 0.229271 0.688226 -0.688316
vn 0.287015 0.691020 -0.663410
vn 0.408248 0.000000 -0.912871
vn 0.346388 0.000000 -0.938091
vn 0.229271 0.688226 -0.688316
vn 0.287015 0.691020 -0.663410
vn -0.496609 0.000000 0.867975
vn -0.407068 0.676499 0.613714
vn -0.385898 0.694549 0.607194
vn -0.497290 0.000000 0.867584
vn 0.096499 -0.686310 -0.720879
vn 0.115685 -0.675812 -0.727939
vn 0.236621 0.000000 -0.971602
vn 0.096499 0.686310 -0.720879
vn 0.907445 0.000000 0.420172
vn 0.937436 0.344555 0.049954
vn 0.991888 0.000000 -0.127116
vn 0.937437 -0.344552 0.049958
vn 0.765056 0.519300 0.380811
vn 0.765046 -0.519308 0.380819
vn 0.589277 0.384360 0.710648
vn 0.589273 -0.384363 0.710650
vn 0.529725 0.000000 0.848169
f 1/1/1 2/2/2 3/3/3
f 4/4/4 5/5/5 6/6/6
f 4/4/4 7/7/7 5/5/5
f 5/5/5 7/7/7 8/8/8
f 5/5/5 8/8/8 9/9/9
f 10/10/10 11/11/11 12/12/12
f 10/10/10 12/12/12 13/13/13
f 13/13/13 12/12/12 14/14/14
f 13/13/13 14/14/14 15/15/15
f 16/16/16 17/17/17 18/18/18
f 16/16/16 18/18/18 19/19/19
f 20/20/20 21/21/21 22/22/22
f 20/20/20 22/22/22 23/23/23
f 24/24/24 25/25/25 26/26/26
f 24/24/24 26/26/26 27/27/27
f 28/28/28 24/24/24 27/27/27
f 28/28/28 27/27/27 29/29/29
f 30/30/30 31/31/31 32/32/32
f 30/30/30 32/32/32 33/33/33
f 34/34/34 30/30/30 33/33/33
f 34/34/34 33/33/33 35/35/35
f 36/36/36 37/37/37 38/38/38
f 36/36/36 38/38/38 39/39/39
f 40/40/40 41/41/41 42/42/42
f 40/40/40 42/42/42 43/43/43
f 44/44/44 45/45/45 46/46/46
f 44/44/44 46/46/46 47/47/47
f 48/48/48 49/49/49 50/50/50
f 50/50/50 51/51/51 48/48/48
f 51/51/51 52/52/52 48/48/48
f 53/53/53 54/54/54 51/51/51
f 51/51/51 55/55/55 53/53/53
f 56/56/56 53/53/53 55/55/55
f 55/55/55 57/57/57 58/58/58
f 59/59/59 57/57/57 55/55/55
f 57/57/57 59/59/59 60/60/60
f 61/61/61 62/62/62 63/63/63
f 61/61/61 63/63/63 64/64/64
f 65/65/65 66/66/66 67/67/67
f 65/65/65 68/68/68 66/66/66
f 69/69/69 70/70/70 68/68/68
f 69/69/69 71/71/71 70/70/70
f 72/72/72 66/66/66 73/73/73
f 72/72/72 73/73/73 74/74/74
f 75/75/75 73/73/73 70/70/70
f 75/75/75 76/76/76 73/73/73
f 77/77/77 78/78/78 79/79/79
f 80/80/80 79/79/79 78/78/78
f 81/81/81 82/82/82 83/83/83
f 81/81/81 83/83/83 84/84/84
f 85/85/85 86/86/86 87/87/87
f 85/85/85 87/87/87 88/88/88
f 89/89/89 90/90/90 91/91/91
f 89/89/89 91/91/91 92/92/92
f 93/93/93 94/94/94 95/95/95
f 94/94/94 93/93/93 96/96/96
f 97/97/97 98/98/98 99/99/99
f 97/97/97 99/99/99 100/100/100
f 101/101/101 102/102/102 103/103/103
f 102/102/102 104/104/104 103/103/103
f 102/102/102 105/105/105 104/104/104
f 106/106/106 105/105/105 102/102/102
f 107/107/107 108/108/108 109/109/109
f 109/109/109 108/108/108 110/110/110
f 109/109/109 110/110/110 111/111/111
f 111/111/111 110/110/110 112/112/112
f 111/111/111 112/112/112 113/113/113
f 114/114/114 113/113/113 112/112/112
f 114/114/114 112/112/112 115/115/115
f 115/115/115 116/116/116 114/114/114
f 115/115/115 117/117/117 116/116/116
f 117/117/117 118/118/118 116/116/116
f 117/117/117 119/119/119 118/118/118
f 118/118/118 119/119/119 120/120/120
f 118/118/118 120/120/120 121/121/121
f 121/121/121 120/120/120 122/122/122
f 121/121/121 122/122/122 123/123/123
f 123/123/123 122/122/122 124/124/124
f 123/123/123 124/124/124 125/125/125
f 125/125/125 124/124/124 126/126/126
f 125/125/125 126/126/126 127/127/127
f 128/128/128 129/129/129 130/130/130
f 128/128/128 130/130/130 131/131/131
f 132/132/132 133/133/133 134/134/134
f 133/133/133 135/135/135 134/134/134
f 133/133/133 136/136/136 135/135/135
f 136/136/136 137/137/137 135/135/135
f 136/136/136 138/138/138 137/137/137
f 139/139/139 137/137/137 138/138/138
f 139/139/139 138/138/138 140/140/140
f 140/140/140 141/141/141 139/139/139
f 140/140/140 142/142/142 141/141/141
f 142/142/142 143/143/143 141/141/141
f 142/142/142 144/144/144 143/143/143
f 144/144/144 145/145/145 143/143/143
f 144/144/144 146/146/146 145/145/145
f 146/146/146 147/147/147 145/145/145
f 146/146/146 148/148/148 147/147/147
f 148/148/148 149/149/149 147/147/147
f 148/148/148 150/150/150 149/149/149
f 150/150/150 151/151/151 149/149/149
f 150/150/150 152/152/152 151/151/151
f 153/153/153 154/154/154 155/155/155
f 153/153/153 155/155/155 156/156/156
f 157/157/157 158/158/158 159/159/159
f 157/157/157 159/159/159 160/160/160
f 161/161/161 162/162/162 163/163/163
f 161/161/161 164/164/164 162/162/162
f 165/165/165 164/164/164 161/161/161
f 165/165/165 166/166/166 164/164/164
f 167/167/167 166/166/166 165/165/165
f 167/167/167 168/168/168 166/166/166
f 169/169/169 168/168/168 167/167/167
f 169/169/169 170/170/170 168/168/168
f 171/171/171 170/170/170 169/169/169
f 171/171/171 172/172/172 170/170/170
f 173/173/173 172/172/172 171/171/171
f 173/173/173 174/174/174 172/172/172
f 175/175/175 174/174/174 173/173/173
f 175/175/175 176/176/176 174/174/174
f 177/177/177 176/176/176 175/175/175
f 177/177/177 178/178/178 176/176/176
f 179/179/179 178/178/178 177/177/177
f 179/179/179 180/180/180 178/178/178
f 181/181/181 180/180/180 179/179/179
f 182/182/182 183/183/183 184/184/184
f 182/182/182 184/184/184 185/185/185
f 185/185/185 184/184/184 186/186/186
f 185/185/185 186/186/186 187/187/187
f 187/187/187 186/186/186 188/188/188
f 187/187/187 188/188/188 189/189/189
f 189/189/189 188/188/188 190/190/190
f 189/189/189 190/190/190 191/191/191
f 191/191/191 190/190/190 192/192/192
f 191/191/191 192/192/192 193/193/193
f 193/193/193 192/192/192 194/194/194
f 193/193/193 194/194/194 195/195/195
f 195/195/195 194/194/194 196/196/196
f 195/195/195 196/196/196 197/197/197
f 197/197/197 196/196/196 198/198/198
f 197/197/197 198/198/198 199/199/199
f 199/199/199 198/198/198 200/200/200
f 199/199/199 200/200/200 201/201/201
f 201/201/201 200/200/200 202/202/202
f 203/203/203 204/204/204 205/205/205
f 203/203/203 205/205/205 206/206/206
f 207/207/207 208/208/208 209/209/209
f 208/208/208 210/210/210 209/209/209
f 211/211/211 212/212/212 210/210/210
f 213/213/213 212/212/212 211/211/211
f 214/214/214 215/215/215 216/216/216
f 214/214/214 216/216/216 217/217/217
f 218/218/218 219/219/219 220/220/220
f 218/218/218 220/220/220 221/221/221
f 222/222/222 223/223/223 224/224/224
f 222/222/222 224/224/224 225/225/225
f 226/226/226 227/227/227 228/228/228
f 226/226/226 228/228/228 229/229/229
f 230/230/230 231/231/231 232/232/232
f 230/230/230 232/232/232 233/233/233
f 234/234/234 235/235/235 236/236/236
f 234/234/234 236/236/236 237/237/237
f 234/234/234 237/237/237 238/238/238
f 234/234/234 238/238/238 239/239/239
f 240/240/240 241/241/241 242/242/242
f 240/240/240 242/242/242 243/243/243
f 244/244/244 245/245/245 246/246/246
f 244/244/244 246/246/246 247/247/247
f 248/248/248 249/249/249 250/250/250
f 248/248/248 250/250/250 251/251/251
f 252/252/252 253/253/253 254/254/254
f 252/252/252 254/254/254 255/255/255
f 256/256/256 257/257/257 258/258/258
f 256/256/256 258/258/258 259/259/259
f 260/260/260 261/261/261 262/262/262
f 260/260/260 263/263/263 261/261/261
f 264/264/264 263/263/263 260/260/260
f 264/264/264 265/265/265 263/263/263
f 266/266/266 267/267/267 268/268/268
f 266/266/266 269/269/269 267/267/267
f 270/270/270 269/269/269 266/266/266
f 270/270/270 271/271/271 269/269/269
f 272/272/272 273/273/273 274/274/274
f 272/272/272 274/274/274 275/275/275
f 276/276/276 277/277/277 278/278/278
f 276/276/276 278/278/278 279/279/279
f 280/280/280 281/281/281 282/282/282
f 280/280/280 282/282/282 283/283/283
f 284/284/284 285/285/285 286/286/286
f 284/284/284 286/286/286 287/287/287
f 288/288/288 289/289/289 290/290/290
f 288/288/288 290/290/290 291/291/291
f 292/292/292 293/293/293 294/294/294
f 292/292/292 294/294/294 295/295/295
f 296/296/296 297/297/297 298/298/298
f 298/298/298 299/299/299 296/296/296
f 300/300/300 301/301/301 302/302/302
f 300/300/300 302/302/302 303/303/303
f 304/304/304 305/305/305 306/306/306
f 305/305/305 307/307/307 306/306/306
f 305/305/305 308/308/308 307/307/307
f 308/308/308 309/309/309 307/307/307
f 308/308/308 310/310/310 309/309/309
f 311/311/311 309/309/309 310/310/310
f 311/311/311 312/312/312 309/309/309
f 312/312/312 311/311/311 313/313/313
f 312/312/312 313/313/313 314/314/314
f 314/314/314 313/313/313 315/315/315
f 314/314/314 315/315/315 316/316/316
f 315/315/315 317/317/317 316/316/316
f 315/315/315 318/318/318 317/317/317
f 318/318/318 319/319/319 317/317/317
f 318/318/318 320/320/320 319/319/319
f 320/320/320 321/321/321 319/319/319
f 320/320/320 322/322/322 321/321/321
f 322/322/322 323/323/323 321/321/321
f 322/322/322 324/324/324 323/323/323
f 325/325/325 326/326/326 327/327/327
f 325/325/325 327/327/327 328/328/328
f 329/329/329 330/330/330 331/331/331
f 331/331/331 330/330/330 332/332/332
f 331/331/331 332/332/332 333/333/333
f 333/333/333 332/332/332 334/334/334
f 333/333/333 334/334/334 335/335/335
f 336/336/336 335/335/335 334/334/334
f 336/336/336 337/337/337 335/335/335
f 337/337/337 336/336/336 338/338/338
f 337/337/337 338/338/338 339/339/339
f 339/339/339 338/338/338 340/340/340
f 339/339/339 340/340/340 341/341/341
f 341/341/341 340/340/340 342/342/342
f 341/341/341 342/342/342 343/343/343
f 343/343/343 342/342/342 344/344/344
f 343/343/343 344/344/344 345/345/345
f 345/345/345 344/344/344 346/346/346
f 345/345/345 346/346/346 347/347/347
f 347/347/347 346/346/346 348/348/348
f 347/347/347 348/348/348 349/349/349
f 350/350/350 351/351/351 352/352/352
f 350/350/350 352/352/352 353/353/353
f 354/354/354 355/355/355 356/356/356
f 354/354/354 356/356/356 357/357/357
f 358/358/358 359/359/359 360/360/360
f 358/358/358 360/360/360 361/361/361
f 362/362/362 358/358/358 361/361/361
f 362/362/362 361/361/361 363/363/363
f 364/364/364 362/362/362 363/363/363
f 364/364/364 363/363/363 365/365/365
f 366/366/366 364/364/364 365/365/365
f 366/366/366 365/365/365 367/367/367
f 368/368/368 366/366/366 367/367/367
f 368/368/368 367/367/367 369/369/369
f 370/370/370 368/368/368 369/369/369
f 370/370/370 369/369/369 371/371/371
f 372/372/372 370/370/370 371/371/371
f 372/372/372 371/371/371 373/373/373
f 374/374/374 372/372/372 373/373/373
f 374/374/374 373/373/373 375/375/375
f 376/376/376 374/374/374 375/375/375
f 376/376/376 375/375/375 377/377/377
f 378/378/378 376/376/376 377/377/377
f 379/379/379 380/380/380 381/381/381
f 379/379/379 382/382/382 380/380/380
f 382/382/382 383/383/383 380/380/380
f 382/382/382 384/384/384 383/383/383
f 384/384/384 385/385/385 383/383/383
f 384/384/384 386/386/386 385/385/385
f 386/386/386 387/387/387 385/385/385
f 386/386/386 388/388/388 387/387/387
f 388/388/388 389/389/389 387/387/387
f 388/388/388 390/390/390 389/389/389
f 390/390/390 391/391/391 389/389/389
f 390/390/390 392/392/392 391/391/391
f 392/392/392 393/393/393 391/391/391
f 392/392/392 394/394/394 393/393/393
f 394/394/394 395/395/395 393/393/393
f 394/394/394 396/396/396 395/395/395
f 396/396/396 397/397/397 395/395/395
f 396/396/396 398/398/398 397/397/397
f 398/398/398 399/399/399 397/397/397
f 400/400/400 401/401/401 402/402/402
f 400/400/400 402/402/402 403/403/403
f 404/404/404 405/405/405 406/406/406
f 404/404/404 406/406/406 407/407/407
f 408/408/408 409/409/409 410/410/410
f 408/408/408 410/410/410 411/411/411
f 412/412/412 413/413/413 414/414/414
f 412/412/412 414/414/414 415/415/415
f 416/416/416 417/417/417 418/418/418
f 416/416/416 418/418/418 419/419/419
f 420/420/420 421/421/421 422/422/422
f 420/420/420 423/423/423 421/421/421
f 420/420/420 424/424/424 423/423/423
f 420/420/420 425/425/425 424/424/424
f 426/426/426 427/427/427 428/428/428
f 426/426/426 428/428/428 429/429/429
f 430/430/430 431/431/431 432/432/432
f 430/430/430 432/432/432 433/433/433
f 434/434/434 435/435/435 436/436/436
f 437/437/437 434/434/434 436/436/436
f 438/438/438 439/439/439 440/440/440
f 440/440/440 441/441/441 438/438/438
f 442/442/442 439/439/439 438/438/438
f 441/441/441 443/443/443 438/438/438
f 444/444/444 442/442/442 438/438/438
f 443/443/443 445/445/445 438/438/438
f 446/446/446 444/444/444 438/438/438
f 445/445/445 446/446/446 438/438/438
