# Unturned item rip -> Godot (X+Z negated, winding reversed, RH Y-up)
v 1.469364 0.379726 0.233867
v 1.271062 0.353626 0.256562
v 1.367553 0.427335 0.245725
v 1.810012 0.594599 0.233867
v 1.564571 0.747353 0.233867
v 1.549577 0.659843 0.225250
v 1.469364 0.379726 0.233867
v 1.367553 0.427335 0.222009
v 1.271062 0.353626 0.211172
v 1.810012 0.594599 0.233867
v 1.549577 0.659843 0.242484
v 1.564571 0.747353 0.233867
v 1.271062 0.353626 0.211172
v 1.271062 0.353626 0.256562
v 1.469364 0.379726 0.233867
v 1.469364 0.379726 0.233867
v 1.367553 0.427335 0.245725
v 1.367553 0.427335 0.222009
v 1.534583 0.572333 0.216633
v 1.534583 0.572334 0.251101
v 1.810012 0.594599 0.233867
v 1.388925 0.517761 0.211172
v 1.388925 0.517761 0.256562
v 1.534583 0.572333 0.216633
v 1.367553 0.427335 0.222009
v 1.267822 0.435715 0.211172
v 1.271062 0.353626 0.211172
v 1.271062 0.353626 0.256562
v 1.267822 0.435715 0.256562
v 1.367553 0.427335 0.245725
v 1.549577 0.659843 0.225250
v 1.534583 0.572333 0.216633
v 1.810012 0.594599 0.233867
v 1.549577 0.659843 0.242484
v 1.810012 0.594599 0.233867
v 1.534583 0.572334 0.251101
v 0.256686 -0.192282 0.210125
v 0.221092 -0.141449 0.210125
v -0.432321 -0.589504 0.204191
v -0.387829 -0.653045 0.204191
v 0.256686 -0.192282 0.257598
v -0.387829 -0.653045 0.263531
v -0.432321 -0.589504 0.263531
v 0.221092 -0.141449 0.257598
v -0.432321 -0.589504 0.204191
v -0.432321 -0.589504 0.263531
v -0.387829 -0.653045 0.263531
v -0.387829 -0.653045 0.204191
v 0.910099 0.255773 0.204191
v 0.910099 0.255773 0.263532
v 0.865607 0.319314 0.263532
v 0.865607 0.319314 0.204191
v -0.430103 -0.635299 0.274979
v -0.441043 -0.577343 0.274979
v -0.242149 -0.438076 0.274979
v -0.191430 -0.468178 0.274979
v -0.441043 -0.577343 0.274979
v -0.441043 -0.577343 0.192743
v -0.242149 -0.438076 0.192743
v -0.242149 -0.438076 0.274979
v -0.379384 -0.665401 0.192743
v -0.379384 -0.665401 0.274979
v -0.180490 -0.526134 0.274979
v -0.180490 -0.526134 0.192743
v -0.430103 -0.635299 0.192743
v -0.379384 -0.665401 0.192743
v -0.180490 -0.526134 0.192743
v -0.191430 -0.468178 0.192743
v -0.191430 -0.468178 0.192743
v -0.180490 -0.526134 0.192743
v -0.180490 -0.526134 0.274979
v -0.191430 -0.468178 0.274979
v -0.430103 -0.635299 0.192743
v -0.430103 -0.635299 0.274979
v -0.379384 -0.665401 0.274979
v -0.379384 -0.665401 0.192743
v 1.176730 0.697424 0.233867
v 1.374395 0.773425 0.233867
v 1.381660 0.645593 0.245214
v 1.222276 0.566569 0.245214
v 1.111337 0.339615 0.211172
v 0.932271 0.190581 0.211172
v 1.131396 0.298858 0.211172
v 1.161166 0.357752 0.211172
v 1.271062 0.353626 0.211172
v 1.167160 0.402960 0.211172
v 1.267822 0.435715 0.211172
v 1.167160 0.402960 0.211172
v 1.267822 0.435715 0.211172
v 1.222277 0.566569 0.222519
v 1.133869 0.432742 0.211172
v 1.084042 0.414606 0.211172
v 0.870013 0.279495 0.222519
v 0.932271 0.190581 0.211172
v 1.079632 0.371102 0.211172
v 1.111337 0.339615 0.211172
v 1.388925 0.517761 0.211172
v 1.534583 0.572333 0.216633
v 1.549577 0.659843 0.225250
v 1.381660 0.645593 0.222519
v 1.131396 0.298858 0.256562
v 0.932271 0.190581 0.256562
v 1.111337 0.339616 0.256562
v 1.161166 0.357752 0.256562
v 1.271062 0.353626 0.256562
v 1.167160 0.402960 0.256562
v 1.267822 0.435715 0.256562
v 1.111337 0.339616 0.256562
v 0.932271 0.190581 0.256562
v 1.079632 0.371102 0.256562
v 1.084042 0.414606 0.256562
v 0.870013 0.279495 0.245214
v 1.222276 0.566569 0.245214
v 1.133868 0.432742 0.256562
v 1.167160 0.402960 0.256562
v 1.267822 0.435715 0.256562
v 1.374395 0.773425 0.233867
v 1.564571 0.747353 0.233867
v 1.549577 0.659843 0.242484
v 1.381660 0.645593 0.245214
v 1.267822 0.435715 0.211172
v 1.388925 0.517761 0.211172
v 1.381660 0.645593 0.222519
v 1.222277 0.566569 0.222519
v 1.162471 0.401213 0.201941
v 1.162471 0.401213 0.265792
v 1.157111 0.360792 0.265792
v 1.157111 0.360792 0.201941
v 1.367553 0.427335 0.222009
v 1.367553 0.427335 0.245725
v 1.267822 0.435715 0.256562
v 1.267822 0.435715 0.211172
v 1.267822 0.435715 0.211172
v 1.267822 0.435715 0.256562
v 1.388925 0.517761 0.256562
v 1.388925 0.517761 0.211172
v 0.932271 0.190581 0.211172
v 0.932271 0.190581 0.256562
v 1.131396 0.298858 0.256562
v 1.131396 0.298858 0.211172
v 1.084210 0.372728 0.201941
v 1.084210 0.372728 0.265792
v 1.088153 0.411627 0.265791
v 1.088153 0.411627 0.201940
v 1.131396 0.298858 0.211172
v 1.131396 0.298858 0.256562
v 1.271062 0.353626 0.256562
v 1.271062 0.353626 0.211172
v 1.132704 0.427842 0.201941
v 1.132704 0.427842 0.265792
v 1.162471 0.401213 0.265792
v 1.162471 0.401213 0.201941
v 1.088153 0.411627 0.201940
v 1.088153 0.411627 0.265791
v 1.132704 0.427842 0.265792
v 1.132704 0.427842 0.201941
v 1.112557 0.344575 0.201941
v 1.112557 0.344575 0.265792
v 1.084210 0.372728 0.265792
v 1.084210 0.372728 0.201941
v 1.157111 0.360792 0.201941
v 1.157111 0.360792 0.265792
v 1.112557 0.344575 0.265792
v 1.112557 0.344575 0.201941
v 1.175905 0.406217 0.201936
v 1.168727 0.352084 0.201936
v 1.168727 0.352084 0.265796
v 1.175905 0.406217 0.265796
v 1.071096 0.368069 0.201936
v 1.076377 0.420163 0.201936
v 1.076377 0.420163 0.265796
v 1.071096 0.368069 0.265796
v 1.136040 0.441879 0.201936
v 1.175905 0.406217 0.201936
v 1.175905 0.406217 0.265796
v 1.136040 0.441879 0.265796
v 1.076377 0.420163 0.201936
v 1.136040 0.441879 0.201936
v 1.136040 0.441879 0.265796
v 1.076377 0.420163 0.265796
v 1.109060 0.330366 0.201936
v 1.071096 0.368069 0.201936
v 1.071096 0.368069 0.265796
v 1.109060 0.330366 0.265796
v 1.168727 0.352084 0.201936
v 1.109060 0.330366 0.201936
v 1.109060 0.330366 0.265796
v 1.168727 0.352084 0.265796
v 1.088153 0.411627 0.265791
v 1.076377 0.420163 0.265796
v 1.136040 0.441879 0.265796
v 1.132704 0.427842 0.265792
v 1.084210 0.372728 0.265792
v 1.071096 0.368069 0.265796
v 1.076377 0.420163 0.265796
v 1.088153 0.411627 0.265791
v 1.084210 0.372728 0.265792
v 1.112557 0.344575 0.265792
v 1.109060 0.330366 0.265796
v 1.071096 0.368069 0.265796
v 1.112557 0.344575 0.265792
v 1.157111 0.360792 0.265792
v 1.168727 0.352084 0.265796
v 1.109060 0.330366 0.265796
v 1.162471 0.401213 0.265792
v 1.175905 0.406217 0.265796
v 1.168727 0.352084 0.265796
v 1.157111 0.360792 0.265792
v 1.132704 0.427842 0.265792
v 1.136040 0.441879 0.265796
v 1.175905 0.406217 0.265796
v 1.162471 0.401213 0.265792
v 1.112557 0.344575 0.201941
v 1.109060 0.330366 0.201936
v 1.168727 0.352084 0.201936
v 1.157111 0.360792 0.201941
v 1.162471 0.401213 0.201941
v 1.157111 0.360792 0.201941
v 1.168727 0.352084 0.201936
v 1.175905 0.406217 0.201936
v 1.132704 0.427842 0.201941
v 1.162471 0.401213 0.201941
v 1.175905 0.406217 0.201936
v 1.136040 0.441879 0.201936
v 1.088153 0.411627 0.201940
v 1.132704 0.427842 0.201941
v 1.136040 0.441879 0.201936
v 1.076377 0.420163 0.201936
v 1.084210 0.372728 0.201941
v 1.088153 0.411627 0.201940
v 1.076377 0.420163 0.201936
v 1.071096 0.368069 0.201936
v 1.084210 0.372728 0.201941
v 1.071096 0.368069 0.201936
v 1.109060 0.330366 0.201936
v 1.112557 0.344575 0.201941
v 1.151000 0.382575 0.247433
v 1.103785 0.369924 0.247432
v 1.112891 0.335940 0.285756
v 1.160106 0.348591 0.285756
v 1.177565 0.283433 0.219930
v 1.130351 0.270782 0.219930
v 1.121916 0.302259 0.182161
v 1.169131 0.314910 0.182161
v 1.154008 0.371348 0.197817
v 1.106794 0.358697 0.197817
v 1.103785 0.369924 0.247432
v 1.151000 0.382575 0.247433
v 1.169131 0.314910 0.182161
v 1.121916 0.302259 0.182161
v 1.106794 0.358697 0.197817
v 1.154008 0.371348 0.197817
v 1.175229 0.292150 0.270099
v 1.128015 0.279499 0.270099
v 1.130351 0.270782 0.219930
v 1.177565 0.283433 0.219930
v 1.160106 0.348591 0.285756
v 1.112891 0.335940 0.285756
v 1.128015 0.279499 0.270099
v 1.175229 0.292150 0.270099
v 1.146421 0.399675 0.252034
v 1.158616 0.354163 0.303358
v 1.111395 0.341510 0.303358
v 1.099200 0.387022 0.252034
v 1.181998 0.266902 0.215203
v 1.170703 0.309056 0.164622
v 1.123482 0.296404 0.164622
v 1.134777 0.254249 0.215203
v 1.150450 0.384639 0.185589
v 1.146421 0.399675 0.252034
v 1.099200 0.387022 0.252034
v 1.103229 0.371987 0.185588
v 1.170703 0.309056 0.164622
v 1.150450 0.384639 0.185589
v 1.103229 0.371987 0.185588
v 1.123482 0.296404 0.164622
v 1.178870 0.278576 0.282390
v 1.181998 0.266902 0.215203
v 1.134777 0.254249 0.215203
v 1.131649 0.265923 0.282390
v 1.158616 0.354163 0.303358
v 1.178870 0.278576 0.282390
v 1.131649 0.265923 0.282390
v 1.111395 0.341510 0.303358
v 1.121916 0.302259 0.182161
v 1.123482 0.296404 0.164622
v 1.103229 0.371987 0.185588
v 1.106794 0.358697 0.197817
v 1.130351 0.270782 0.219930
v 1.134777 0.254249 0.215203
v 1.123482 0.296404 0.164622
v 1.121916 0.302259 0.182161
v 1.130351 0.270782 0.219930
v 1.128015 0.279499 0.270099
v 1.131649 0.265923 0.282390
v 1.134777 0.254249 0.215203
v 1.128015 0.279499 0.270099
v 1.112891 0.335940 0.285756
v 1.111395 0.341510 0.303358
v 1.131649 0.265923 0.282390
v 1.103785 0.369924 0.247432
v 1.099200 0.387022 0.252034
v 1.111395 0.341510 0.303358
v 1.112891 0.335940 0.285756
v 1.106794 0.358697 0.197817
v 1.103229 0.371987 0.185588
v 1.099200 0.387022 0.252034
v 1.103785 0.369924 0.247432
v 1.175229 0.292150 0.270099
v 1.178870 0.278576 0.282390
v 1.158616 0.354163 0.303358
v 1.160106 0.348591 0.285756
v 1.151000 0.382575 0.247433
v 1.160106 0.348591 0.285756
v 1.158616 0.354163 0.303358
v 1.146421 0.399675 0.252034
v 1.154008 0.371348 0.197817
v 1.151000 0.382575 0.247433
v 1.146421 0.399675 0.252034
v 1.150450 0.384639 0.185589
v 1.169131 0.314910 0.182161
v 1.154008 0.371348 0.197817
v 1.150450 0.384639 0.185589
v 1.170703 0.309056 0.164622
v 1.177565 0.283433 0.219930
v 1.169131 0.314910 0.182161
v 1.170703 0.309056 0.164622
v 1.181998 0.266902 0.215203
v 1.177565 0.283433 0.219930
v 1.181998 0.266902 0.215203
v 1.178870 0.278576 0.282390
v 1.175229 0.292150 0.270099
v 1.008352 0.222036 0.202305
v 1.078310 0.239546 0.195678
v 0.838508 0.434350 0.195678
v 0.810168 0.383031 0.202305
v 0.810168 0.383031 0.265418
v 1.008352 0.222036 0.265418
v 0.830403 0.141800 0.261631
v 0.731250 0.283406 0.261631
v 1.008352 0.222036 0.202305
v 0.810168 0.383031 0.202305
v 0.731250 0.283406 0.206092
v 0.830403 0.141800 0.206092
v 1.008352 0.222036 0.265418
v 1.008352 0.222036 0.202305
v 0.830403 0.141800 0.206092
v 0.830403 0.141800 0.261631
v 0.810168 0.383031 0.202305
v 0.810168 0.383031 0.265418
v 0.731250 0.283406 0.261631
v 0.731250 0.283406 0.206092
v 0.750542 0.075401 0.201121
v 0.750542 0.075401 0.266602
v 0.794401 0.106112 0.266602
v 0.794401 0.106112 0.201121
v 0.641541 0.231071 0.266602
v 0.641541 0.231071 0.201121
v 0.685400 0.261782 0.201121
v 0.685400 0.261782 0.266602
v 0.750542 0.075401 0.266602
v 0.641541 0.231071 0.266602
v 0.685400 0.261782 0.266602
v 0.794401 0.106112 0.266602
v 0.641541 0.231071 0.201121
v 0.750542 0.075401 0.201121
v 0.794401 0.106112 0.201121
v 0.685400 0.261782 0.201121
v 0.685400 0.261782 0.266602
v 0.685400 0.261782 0.201121
v 0.794401 0.106112 0.201121
v 0.794401 0.106112 0.266602
v 0.641541 0.231071 0.266602
v 0.750542 0.075401 0.266602
v 0.750542 0.075401 0.201121
v 0.641541 0.231071 0.201121
v 0.731250 0.283406 0.206092
v 0.731250 0.283406 0.261631
v 0.685400 0.261782 0.266602
v 0.685400 0.261782 0.201121
v 0.666032 0.132223 0.192743
v 0.666032 0.132223 0.274979
v 0.716750 0.102121 0.274979
v 0.716750 0.102121 0.192743
v 0.904704 0.299344 0.192743
v 0.915645 0.241388 0.192743
v 0.915645 0.241388 0.274979
v 0.904704 0.299344 0.274979
v 0.666032 0.132223 0.192743
v 0.716750 0.102121 0.192743
v 0.915645 0.241388 0.192743
v 0.904704 0.299344 0.192743
v 0.716750 0.102121 0.192743
v 0.716750 0.102121 0.274979
v 0.915645 0.241388 0.274979
v 0.915645 0.241388 0.192743
v 0.655092 0.190179 0.274979
v 0.655092 0.190179 0.192743
v 0.853986 0.329446 0.192743
v 0.853986 0.329446 0.274979
v 0.666032 0.132223 0.274979
v 0.655092 0.190179 0.274979
v 0.853986 0.329446 0.274979
v 0.904704 0.299344 0.274979
v 0.754755 0.194554 0.184520
v 0.754755 0.194554 0.283203
v 0.806874 0.185364 0.283203
v 0.806874 0.185364 0.184520
v 0.763862 0.246203 0.184520
v 0.815981 0.237013 0.184520
v 0.815981 0.237013 0.283203
v 0.763862 0.246203 0.283203
v 0.754755 0.194554 0.184520
v 0.770062 0.205169 0.184520
v 0.774615 0.230993 0.184520
v 0.763862 0.246203 0.184520
v 0.806874 0.185364 0.184520
v 0.806874 0.185364 0.283203
v 0.815981 0.237013 0.283203
v 0.815981 0.237013 0.184520
v 0.754755 0.194554 0.283203
v 0.754755 0.194554 0.184520
v 0.763862 0.246203 0.184520
v 0.763862 0.246203 0.283203
v 0.763862 0.246203 0.283203
v 0.774615 0.230993 0.283203
v 0.770062 0.205169 0.283203
v 0.754755 0.194554 0.283203
v 0.800675 0.226398 0.283203
v 0.795164 0.222577 0.278269
v 0.778486 0.225518 0.278269
v 0.774615 0.230993 0.283203
v 0.770062 0.205169 0.184520
v 0.775572 0.208990 0.189454
v 0.778486 0.225518 0.189454
v 0.774615 0.230993 0.184520
v 0.815981 0.237013 0.283203
v 0.800675 0.226398 0.283203
v 0.774615 0.230993 0.283203
v 0.763862 0.246203 0.283203
v 0.763862 0.246203 0.184520
v 0.774615 0.230993 0.184520
v 0.800675 0.226398 0.184520
v 0.815981 0.237013 0.184520
v 0.754755 0.194554 0.283203
v 0.770062 0.205169 0.283203
v 0.796121 0.200574 0.283203
v 0.806874 0.185364 0.283203
v 0.806874 0.185364 0.184520
v 0.796121 0.200574 0.184520
v 0.770062 0.205169 0.184520
v 0.754755 0.194554 0.184520
v 0.806874 0.185364 0.283203
v 0.796121 0.200574 0.283203
v 0.800675 0.226398 0.283203
v 0.815981 0.237013 0.283203
v 0.815981 0.237013 0.184520
v 0.800675 0.226398 0.184520
v 0.796121 0.200574 0.184520
v 0.806874 0.185364 0.184520
v 0.775572 0.208990 0.189454
v 0.792250 0.206049 0.189454
v 0.795164 0.222577 0.189454
v 0.778486 0.225518 0.189454
v 0.792250 0.206049 0.278269
v 0.775572 0.208990 0.278269
v 0.778486 0.225518 0.278269
v 0.795164 0.222577 0.278269
v 0.770062 0.205169 0.283203
v 0.775572 0.208990 0.278269
v 0.792250 0.206049 0.278269
v 0.796121 0.200574 0.283203
v 0.796121 0.200574 0.283203
v 0.792250 0.206049 0.278269
v 0.795164 0.222577 0.278269
v 0.800675 0.226398 0.283203
v 0.800675 0.226398 0.184520
v 0.795164 0.222577 0.189454
v 0.792250 0.206049 0.189454
v 0.796121 0.200574 0.184520
v 0.774615 0.230993 0.184520
v 0.778486 0.225518 0.189454
v 0.795164 0.222577 0.189454
v 0.800675 0.226398 0.184520
v 0.796121 0.200574 0.184520
v 0.792250 0.206049 0.189454
v 0.775572 0.208990 0.189454
v 0.770062 0.205169 0.184520
v 0.774615 0.230993 0.283203
v 0.778486 0.225518 0.278269
v 0.775572 0.208990 0.278269
v 0.770062 0.205169 0.283203
v 0.716750 0.102121 0.274979
v 0.666032 0.132223 0.274979
v 0.904704 0.299344 0.274979
v 0.915645 0.241388 0.274979
v 0.655092 0.190179 0.192743
v 0.666032 0.132223 0.192743
v 0.904704 0.299344 0.192743
v 0.853986 0.329446 0.192743
v 0.853986 0.329446 0.192743
v 0.904704 0.299344 0.192743
v 0.904704 0.299344 0.274979
v 0.853986 0.329446 0.274979
v 0.655092 0.190179 0.192743
v 0.655092 0.190179 0.274979
v 0.666032 0.132223 0.274979
v 0.666032 0.132223 0.192743
v -0.341379 -0.572968 0.184520
v -0.341379 -0.572968 0.283203
v -0.289261 -0.582158 0.283203
v -0.289261 -0.582158 0.184520
v -0.332272 -0.521319 0.184520
v -0.280154 -0.530509 0.184520
v -0.280154 -0.530509 0.283203
v -0.332272 -0.521319 0.283203
v -0.341379 -0.572968 0.184520
v -0.326073 -0.562353 0.184520
v -0.321519 -0.536529 0.184520
v -0.332272 -0.521319 0.184520
v -0.289261 -0.582158 0.184520
v -0.289261 -0.582158 0.283203
v -0.280154 -0.530509 0.283203
v -0.280154 -0.530509 0.184520
v -0.341379 -0.572968 0.283203
v -0.341379 -0.572968 0.184520
v -0.332272 -0.521319 0.184520
v -0.332272 -0.521319 0.283203
v -0.332272 -0.521319 0.283203
v -0.321519 -0.536529 0.283203
v -0.326073 -0.562353 0.283203
v -0.341379 -0.572968 0.283203
v -0.295460 -0.541124 0.283203
v -0.300970 -0.544945 0.278269
v -0.317648 -0.542004 0.278269
v -0.321519 -0.536529 0.283203
v -0.326073 -0.562353 0.184520
v -0.320563 -0.558532 0.189454
v -0.317648 -0.542004 0.189454
v -0.321519 -0.536529 0.184520
v -0.280154 -0.530509 0.283203
v -0.295460 -0.541124 0.283203
v -0.321519 -0.536529 0.283203
v -0.332272 -0.521319 0.283203
v -0.332272 -0.521319 0.184520
v -0.321519 -0.536529 0.184520
v -0.295460 -0.541124 0.184520
v -0.280154 -0.530509 0.184520
v -0.341379 -0.572968 0.283203
v -0.326073 -0.562353 0.283203
v -0.300014 -0.566948 0.283203
v -0.289261 -0.582158 0.283203
v -0.289261 -0.582158 0.184520
v -0.300014 -0.566948 0.184520
v -0.326073 -0.562353 0.184520
v -0.341379 -0.572968 0.184520
v -0.289261 -0.582158 0.283203
v -0.300014 -0.566948 0.283203
v -0.295460 -0.541124 0.283203
v -0.280154 -0.530509 0.283203
v -0.280154 -0.530509 0.184520
v -0.295460 -0.541124 0.184520
v -0.300014 -0.566948 0.184520
v -0.289261 -0.582158 0.184520
v -0.320563 -0.558532 0.189454
v -0.303885 -0.561472 0.189454
v -0.300971 -0.544945 0.189454
v -0.317648 -0.542004 0.189454
v -0.303885 -0.561473 0.278269
v -0.320563 -0.558532 0.278269
v -0.317648 -0.542004 0.278269
v -0.300970 -0.544945 0.278269
v -0.326073 -0.562353 0.283203
v -0.320563 -0.558532 0.278269
v -0.303885 -0.561473 0.278269
v -0.300014 -0.566948 0.283203
v -0.300014 -0.566948 0.283203
v -0.303885 -0.561473 0.278269
v -0.300970 -0.544945 0.278269
v -0.295460 -0.541124 0.283203
v -0.295460 -0.541124 0.184520
v -0.300971 -0.544945 0.189454
v -0.303885 -0.561472 0.189454
v -0.300014 -0.566948 0.184520
v -0.321519 -0.536529 0.184520
v -0.317648 -0.542004 0.189454
v -0.300971 -0.544945 0.189454
v -0.295460 -0.541124 0.184520
v -0.300014 -0.566948 0.184520
v -0.303885 -0.561472 0.189454
v -0.320563 -0.558532 0.189454
v -0.326073 -0.562353 0.184520
v -0.321519 -0.536529 0.283203
v -0.317648 -0.542004 0.278269
v -0.320563 -0.558532 0.278269
v -0.326073 -0.562353 0.283203
v -0.379384 -0.665401 0.274979
v -0.430103 -0.635299 0.274979
v -0.191430 -0.468178 0.274979
v -0.180490 -0.526134 0.274979
v -0.441043 -0.577343 0.192743
v -0.430103 -0.635299 0.192743
v -0.191430 -0.468178 0.192743
v -0.242149 -0.438076 0.192743
v -0.242149 -0.438076 0.192743
v -0.191430 -0.468178 0.192743
v -0.191430 -0.468178 0.274979
v -0.242149 -0.438076 0.274979
v -0.441043 -0.577343 0.192743
v -0.441043 -0.577343 0.274979
v -0.430103 -0.635299 0.274979
v -0.430103 -0.635299 0.192743
v 0.256686 -0.192282 0.210125
v -0.387829 -0.653045 0.204191
v -0.387829 -0.653045 0.263531
v 0.256686 -0.192282 0.257598
v 1.222277 0.566569 0.222519
v 1.176730 0.697424 0.233867
v 0.807755 0.368409 0.233867
v 0.870013 0.279495 0.222519
v 1.381660 0.645593 0.222519
v 1.374395 0.773425 0.233867
v 1.176730 0.697424 0.233867
v 1.222277 0.566569 0.222519
v 1.549577 0.659843 0.225250
v 1.564571 0.747353 0.233867
v 1.374395 0.773425 0.233867
v 1.381660 0.645593 0.222519
v 1.549577 0.659843 0.242484
v 1.534583 0.572334 0.251101
v 1.388925 0.517761 0.256562
v 1.381660 0.645593 0.245214
v 1.381660 0.645593 0.245214
v 1.388925 0.517761 0.256562
v 1.267822 0.435715 0.256562
v 1.222276 0.566569 0.245214
v 0.870013 0.279495 0.245214
v 0.807755 0.368409 0.233867
v 1.176730 0.697424 0.233867
v 1.222276 0.566569 0.245214
v 0.221092 -0.141449 0.210125
v 0.221092 -0.141449 0.257598
v -0.432321 -0.589504 0.263531
v -0.432321 -0.589504 0.204191
v 0.865607 0.319314 0.204191
v 0.865607 0.319314 0.263532
v 0.221092 -0.141449 0.257598
v 0.221092 -0.141449 0.210125
v 0.910099 0.255773 0.204191
v 0.256686 -0.192282 0.210125
v 0.256686 -0.192282 0.257598
v 0.910099 0.255773 0.263532
v 0.910099 0.255773 0.263532
v 0.256686 -0.192282 0.257598
v 0.221092 -0.141449 0.257598
v 0.865607 0.319314 0.263532
v 0.910099 0.255773 0.204191
v 0.865607 0.319314 0.204191
v 0.221092 -0.141449 0.210125
v 0.256686 -0.192282 0.210125
v 0.731250 0.283406 0.261631
v 0.830403 0.141800 0.261631
v 0.794401 0.106112 0.266602
v 0.685400 0.261782 0.266602
v 0.794401 0.106112 0.201121
v 0.794401 0.106112 0.266602
v 0.830403 0.141800 0.261631
v 0.830403 0.141800 0.206092
v 0.685400 0.261782 0.201121
v 0.794401 0.106112 0.201121
v 0.830403 0.141800 0.206092
v 0.731250 0.283406 0.206092
v 1.008352 0.222036 0.265418
v 1.008352 0.222036 0.202305
v 0.810168 0.383031 0.202305
v 0.810168 0.383031 0.265418
v 1.008352 0.222036 0.265418
v 1.078310 0.239546 0.272045
v 1.078310 0.239546 0.195678
v 1.008352 0.222036 0.202305
v 0.810168 0.383031 0.202305
v 0.838508 0.434350 0.195678
v 0.838508 0.434350 0.272045
v 0.810168 0.383031 0.265418
v 0.810168 0.383031 0.265418
v 0.838508 0.434350 0.272045
v 1.078310 0.239546 0.272045
v 1.008352 0.222036 0.265418
vt 0.938073874 0.798617601
vt 0.955917716 0.816461563
vt 0.955917716 0.798617601
vt 0.934100628 0.105570808
vt 0.95194447 0.12341471
vt 0.95194447 0.114492729
vt 0.938073874 0.798617601
vt 0.955917716 0.816461563
vt 0.955917716 0.798617601
vt 0.934100628 0.105570808
vt 0.95194447 0.114492729
vt 0.95194447 0.105570808
vt 0.938073874 0.798617601
vt 0.955917716 0.816461563
vt 0.955917716 0.798617601
vt 0.938073874 0.798617601
vt 0.955917716 0.816461563
vt 0.955917716 0.798617601
vt 0.938073874 0.798617601
vt 0.955917716 0.816461563
vt 0.955917716 0.798617601
vt 0.938073874 0.798617601
vt 0.938073874 0.816461563
vt 0.955917716 0.798617601
vt 0.938073874 0.798617601
vt 0.955917716 0.816461563
vt 0.955917716 0.798617601
vt 0.938073874 0.798617601
vt 0.955917716 0.816461563
vt 0.955917716 0.798617601
vt 0.955917716 0.807539582
vt 0.955917716 0.798617601
vt 0.938073874 0.798617601
vt 0.955917716 0.807539582
vt 0.938073874 0.798617601
vt 0.955917716 0.816461563
vt 0.85175854 0.759752393
vt 0.85175854 0.75844115
vt 0.851176023 0.759873509
vt 0.851176023 0.761184812
vt 0.85175854 0.75844115
vt 0.851176023 0.759873509
vt 0.851176023 0.761184812
vt 0.85175854 0.759752393
vt 0.852197945 0.758600354
vt 0.852197945 0.759911597
vt 0.853509128 0.759911597
vt 0.853509128 0.758600354
vt 0.852197945 0.758600354
vt 0.852197945 0.759911597
vt 0.853509128 0.759911597
vt 0.853509128 0.758600354
vt 0.845863998 0.324938893
vt 0.845863998 0.328537762
vt 0.849462926 0.328537762
vt 0.849462926 0.324938893
vt 0.845863998 0.324938893
vt 0.845863998 0.328537762
vt 0.849462926 0.328537762
vt 0.849462926 0.324938893
vt 0.845863998 0.324938893
vt 0.845863998 0.328537762
vt 0.849462926 0.328537762
vt 0.849462926 0.324938893
vt 0.845863998 0.324938893
vt 0.845863998 0.328537762
vt 0.849462926 0.328537762
vt 0.849462926 0.324938893
vt 0.845863998 0.324938893
vt 0.845863998 0.328537762
vt 0.849462926 0.328537762
vt 0.849462926 0.324938893
vt 0.845863998 0.324938893
vt 0.845863998 0.328537762
vt 0.849462926 0.328537762
vt 0.849462926 0.324938893
vt 0.934100628 0.105570808
vt 0.934100628 0.12341471
vt 0.943022609 0.12341471
vt 0.943022609 0.105570808
vt 0.946995735 0.816461563
vt 0.940020323 0.813102365
vt 0.93829751 0.805554271
vt 0.953971267 0.813102245
vt 0.943124771 0.799501181
vt 0.95569396 0.805554271
vt 0.950866818 0.799501181
vt 0.938209355 0.809088826
vt 0.939269185 0.803078651
vt 0.94160676 0.801117182
vt 0.941260874 0.814374208
vt 0.946995735 0.816461563
vt 0.95238483 0.801117182
vt 0.954722404 0.803078651
vt 0.952730715 0.814374208
vt 0.955782235 0.809088826
vt 0.938073874 0.798617601
vt 0.938073874 0.816461563
vt 0.946995854 0.816461563
vt 0.946995854 0.798617601
vt 0.953971267 0.813102245
vt 0.946995735 0.816461563
vt 0.940020323 0.813102365
vt 0.93829751 0.805554271
vt 0.95569396 0.805554271
vt 0.943124771 0.799501181
vt 0.950866818 0.799501181
vt 0.941260874 0.814374208
vt 0.938209355 0.809088826
vt 0.946995735 0.816461563
vt 0.952730715 0.814374208
vt 0.9387393 0.806083798
vt 0.946995854 0.799155712
vt 0.955782235 0.809088826
vt 0.954722404 0.803078651
vt 0.950047255 0.799155712
vt 0.934100628 0.105570808
vt 0.934100628 0.12341471
vt 0.943022609 0.12341471
vt 0.943022609 0.105570808
vt 0.938073874 0.798617601
vt 0.938073874 0.816461563
vt 0.946995854 0.816461563
vt 0.946995854 0.798617601
vt 0.218907356 0.534393489
vt 0.218907356 0.552237391
vt 0.236751288 0.552237391
vt 0.236751288 0.534393489
vt 0.938073874 0.798617601
vt 0.938073874 0.816461563
vt 0.955917716 0.816461563
vt 0.955917716 0.798617601
vt 0.938073874 0.798617601
vt 0.938073874 0.816461563
vt 0.955917716 0.816461563
vt 0.955917716 0.798617601
vt 0.938073874 0.798617601
vt 0.938073874 0.816461563
vt 0.955917716 0.816461563
vt 0.955917716 0.798617601
vt 0.218907356 0.534393489
vt 0.218907356 0.552237391
vt 0.236751288 0.552237391
vt 0.236751288 0.534393489
vt 0.938073874 0.798617601
vt 0.938073874 0.816461563
vt 0.955917716 0.816461563
vt 0.955917716 0.798617601
vt 0.218907356 0.534393489
vt 0.218907356 0.552237391
vt 0.236751288 0.552237391
vt 0.236751288 0.534393489
vt 0.218907356 0.534393489
vt 0.218907356 0.552237391
vt 0.236751288 0.552237391
vt 0.236751288 0.534393489
vt 0.218907356 0.534393489
vt 0.218907356 0.552237391
vt 0.236751288 0.552237391
vt 0.236751288 0.534393489
vt 0.218907356 0.534393489
vt 0.218907356 0.552237391
vt 0.236751288 0.552237391
vt 0.236751288 0.534393489
vt 0.218907356 0.534393489
vt 0.218907356 0.552237391
vt 0.236751288 0.552237391
vt 0.236751288 0.534393489
vt 0.218907356 0.534393489
vt 0.218907356 0.552237391
vt 0.236751288 0.552237391
vt 0.236751288 0.534393489
vt 0.218907356 0.534393489
vt 0.218907356 0.552237391
vt 0.236751288 0.552237391
vt 0.236751288 0.534393489
vt 0.218907356 0.534393489
vt 0.218907356 0.552237391
vt 0.236751288 0.552237391
vt 0.236751288 0.534393489
vt 0.218907356 0.534393489
vt 0.218907356 0.552237391
vt 0.236751288 0.552237391
vt 0.236751288 0.534393489
vt 0.218907356 0.534393489
vt 0.218907356 0.552237391
vt 0.236751288 0.552237391
vt 0.236751288 0.534393489
vt 0.218907356 0.534393489
vt 0.218907356 0.552237391
vt 0.236751288 0.552237391
vt 0.236751288 0.534393489
vt 0.218907356 0.534393489
vt 0.218907356 0.552237391
vt 0.236751288 0.552237391
vt 0.236751288 0.534393489
vt 0.218907356 0.534393489
vt 0.218907356 0.552237391
vt 0.236751288 0.552237391
vt 0.236751288 0.534393489
vt 0.218907356 0.534393489
vt 0.218907356 0.552237391
vt 0.236751288 0.552237391
vt 0.236751288 0.534393489
vt 0.218907356 0.534393489
vt 0.218907356 0.552237391
vt 0.236751288 0.552237391
vt 0.236751288 0.534393489
vt 0.218907356 0.534393489
vt 0.218907356 0.552237391
vt 0.236751288 0.552237391
vt 0.236751288 0.534393489
vt 0.218907356 0.534393489
vt 0.218907356 0.552237391
vt 0.236751288 0.552237391
vt 0.236751288 0.534393489
vt 0.218907356 0.534393489
vt 0.218907356 0.552237391
vt 0.236751288 0.552237391
vt 0.236751288 0.534393489
vt 0.218907356 0.534393489
vt 0.218907356 0.552237391
vt 0.236751288 0.552237391
vt 0.236751288 0.534393489
vt 0.218907356 0.534393489
vt 0.218907356 0.552237391
vt 0.236751288 0.552237391
vt 0.236751288 0.534393489
vt 0.218907356 0.534393489
vt 0.218907356 0.552237391
vt 0.236751288 0.552237391
vt 0.236751288 0.534393489
vt 0.218907356 0.534393489
vt 0.218907356 0.552237391
vt 0.236751288 0.552237391
vt 0.236751288 0.534393489
vt 0.187121019 0.876585364
vt 0.187121019 0.894429266
vt 0.204964921 0.894429266
vt 0.204964921 0.876585364
vt 0.187121019 0.876585364
vt 0.187121019 0.894429266
vt 0.204964921 0.894429266
vt 0.204964921 0.876585364
vt 0.187121019 0.876585364
vt 0.187121019 0.894429266
vt 0.204964921 0.894429266
vt 0.204964921 0.876585364
vt 0.187121019 0.876585364
vt 0.187121019 0.894429266
vt 0.204964921 0.894429266
vt 0.204964921 0.876585364
vt 0.187121019 0.876585364
vt 0.187121019 0.894429266
vt 0.204964921 0.894429266
vt 0.204964921 0.876585364
vt 0.187121019 0.876585364
vt 0.187121019 0.894429266
vt 0.204964921 0.894429266
vt 0.204964921 0.876585364
vt 0.187121019 0.876585364
vt 0.187121019 0.894429266
vt 0.204964921 0.894429266
vt 0.204964921 0.876585364
vt 0.187121019 0.876585364
vt 0.187121019 0.894429266
vt 0.204964921 0.894429266
vt 0.204964921 0.876585364
vt 0.187121019 0.876585364
vt 0.187121019 0.894429266
vt 0.204964921 0.894429266
vt 0.204964921 0.876585364
vt 0.187121019 0.876585364
vt 0.187121019 0.894429266
vt 0.204964921 0.894429266
vt 0.204964921 0.876585364
vt 0.187121019 0.876585364
vt 0.187121019 0.894429266
vt 0.204964921 0.894429266
vt 0.204964921 0.876585364
vt 0.187121019 0.876585364
vt 0.187121019 0.894429266
vt 0.204964921 0.894429266
vt 0.204964921 0.876585364
vt 0.187121019 0.876585364
vt 0.187121019 0.894429266
vt 0.204964921 0.894429266
vt 0.204964921 0.876585364
vt 0.187121019 0.876585364
vt 0.187121019 0.894429266
vt 0.204964921 0.894429266
vt 0.204964921 0.876585364
vt 0.187121019 0.876585364
vt 0.187121019 0.894429266
vt 0.204964921 0.894429266
vt 0.204964921 0.876585364
vt 0.187121019 0.876585364
vt 0.187121019 0.894429266
vt 0.204964921 0.894429266
vt 0.204964921 0.876585364
vt 0.187121019 0.876585364
vt 0.187121019 0.894429266
vt 0.204964921 0.894429266
vt 0.204964921 0.876585364
vt 0.187121019 0.876585364
vt 0.187121019 0.894429266
vt 0.204964921 0.894429266
vt 0.204964921 0.876585364
vt 0.187121019 0.876585364
vt 0.187121019 0.894429266
vt 0.204964921 0.894429266
vt 0.204964921 0.876585364
vt 0.187121019 0.876585364
vt 0.187121019 0.894429266
vt 0.204964921 0.894429266
vt 0.204964921 0.876585364
vt 0.187121019 0.876585364
vt 0.187121019 0.894429266
vt 0.204964921 0.894429266
vt 0.204964921 0.876585364
vt 0.187121019 0.876585364
vt 0.187121019 0.894429266
vt 0.204964921 0.894429266
vt 0.204964921 0.876585364
vt 0.187121019 0.876585364
vt 0.187121019 0.894429266
vt 0.204964921 0.894429266
vt 0.204964921 0.876585364
vt 0.187121019 0.876585364
vt 0.187121019 0.894429266
vt 0.204964921 0.894429266
vt 0.204964921 0.876585364
vt 0.519605935 0.742403626
vt 0.618199408 0.833562851
vt 0.618199468 0.114936247
vt 0.519605398 0.114032693
vt 0.199040964 0.889580011
vt 0.199040964 0.907423913
vt 0.216884851 0.907423913
vt 0.216884851 0.889580011
vt 0.199040964 0.889580011
vt 0.199040964 0.907423913
vt 0.216884851 0.907423913
vt 0.216884851 0.889580011
vt 0.199040964 0.889580011
vt 0.199040964 0.907423913
vt 0.216884851 0.907423913
vt 0.216884851 0.889580011
vt 0.199040964 0.889580011
vt 0.199040964 0.907423913
vt 0.216884851 0.907423913
vt 0.216884851 0.889580011
vt 0.835130692 0.307109654
vt 0.835130692 0.307109654
vt 0.835130692 0.307109654
vt 0.835130692 0.307109654
vt 0.835130692 0.289265811
vt 0.835130692 0.307109654
vt 0.835130692 0.307109654
vt 0.835130692 0.289265811
vt 0.835130692 0.307109654
vt 0.835130692 0.289265811
vt 0.835130692 0.289265811
vt 0.835130692 0.307109654
vt 0.835130692 0.307109654
vt 0.835130692 0.307109654
vt 0.835130692 0.307109654
vt 0.835130692 0.307109654
vt 0.835130692 0.289265811
vt 0.835130692 0.307109654
vt 0.835130692 0.307109654
vt 0.835130692 0.307109654
vt 0.835130692 0.289265811
vt 0.835130692 0.307109654
vt 0.835130692 0.307109654
vt 0.835130692 0.307109654
vt 0.212730378 0.528651714
vt 0.212730378 0.529397249
vt 0.238560691 0.503570557
vt 0.238560691 0.504316092
vt 0.845863998 0.324938893
vt 0.845863998 0.328537762
vt 0.849462926 0.328537762
vt 0.849462926 0.324938893
vt 0.845863998 0.324938893
vt 0.845863998 0.328537762
vt 0.849462926 0.328537762
vt 0.849462926 0.324938893
vt 0.845863998 0.324938893
vt 0.845863998 0.328537762
vt 0.849462926 0.328537762
vt 0.849462926 0.324938893
vt 0.845863998 0.324938893
vt 0.845863998 0.328537762
vt 0.849462926 0.328537762
vt 0.849462926 0.324938893
vt 0.845863998 0.324938893
vt 0.845863998 0.328537762
vt 0.849462926 0.328537762
vt 0.849462926 0.324938893
vt 0.845863998 0.324938893
vt 0.845863998 0.328537762
vt 0.849462926 0.328537762
vt 0.849462926 0.324938893
vt 0.200591385 0.864407539
vt 0.200591385 0.86981988
vt 0.20600374 0.86981988
vt 0.20600374 0.864407539
vt 0.200591385 0.864407539
vt 0.200591385 0.86981988
vt 0.20600374 0.86981988
vt 0.20600374 0.864407539
vt 0.200591385 0.864407539
vt 0.200591385 0.86981988
vt 0.20600374 0.86981988
vt 0.20600374 0.864407539
vt 0.200591385 0.864407539
vt 0.200591385 0.86981988
vt 0.20600374 0.86981988
vt 0.20600374 0.864407539
vt 0.200591385 0.864407539
vt 0.200591385 0.86981988
vt 0.20600374 0.86981988
vt 0.20600374 0.864407539
vt 0.200591385 0.864407539
vt 0.200591385 0.86981988
vt 0.20600374 0.86981988
vt 0.20600374 0.864407539
vt 0.199988842 0.901194692
vt 0.199988842 0.906607032
vt 0.205401152 0.906607032
vt 0.205401152 0.901194692
vt 0.199988842 0.901194692
vt 0.199988842 0.906607032
vt 0.205401152 0.906607032
vt 0.205401152 0.901194692
vt 0.200591385 0.864407539
vt 0.200591385 0.86981988
vt 0.20600374 0.86981988
vt 0.20600374 0.864407539
vt 0.200591385 0.864407539
vt 0.200591385 0.86981988
vt 0.20600374 0.86981988
vt 0.20600374 0.864407539
vt 0.200591385 0.864407539
vt 0.200591385 0.86981988
vt 0.20600374 0.86981988
vt 0.20600374 0.864407539
vt 0.200591385 0.864407539
vt 0.200591385 0.86981988
vt 0.20600374 0.86981988
vt 0.20600374 0.864407539
vt 0.200591385 0.864407539
vt 0.200591385 0.86981988
vt 0.20600374 0.86981988
vt 0.20600374 0.864407539
vt 0.200591385 0.864407539
vt 0.200591385 0.86981988
vt 0.20600374 0.86981988
vt 0.20600374 0.864407539
vt 0.205948785 0.546008229
vt 0.205948785 0.551420569
vt 0.211361095 0.551420569
vt 0.211361095 0.546008229
vt 0.221852794 0.537897408
vt 0.221852794 0.541178763
vt 0.225134119 0.541178763
vt 0.225134119 0.537897408
vt 0.199988842 0.901194692
vt 0.199988842 0.906607032
vt 0.205401152 0.906607032
vt 0.205401152 0.901194692
vt 0.199988842 0.901194692
vt 0.199988842 0.906607032
vt 0.205401152 0.906607032
vt 0.205401152 0.901194692
vt 0.199988842 0.901194692
vt 0.199988842 0.906607032
vt 0.205401152 0.906607032
vt 0.205401152 0.901194692
vt 0.199988842 0.901194692
vt 0.199988842 0.906607032
vt 0.205401152 0.906607032
vt 0.205401152 0.901194692
vt 0.199988842 0.901194692
vt 0.199988842 0.906607032
vt 0.205401152 0.906607032
vt 0.205401152 0.901194692
vt 0.199988842 0.901194692
vt 0.199988842 0.906607032
vt 0.205401152 0.906607032
vt 0.205401152 0.901194692
vt 0.845863998 0.324938893
vt 0.845863998 0.328537762
vt 0.849462926 0.328537762
vt 0.849462926 0.324938893
vt 0.845863998 0.324938893
vt 0.845863998 0.328537762
vt 0.849462926 0.328537762
vt 0.849462926 0.324938893
vt 0.845863998 0.324938893
vt 0.845863998 0.328537762
vt 0.849462926 0.328537762
vt 0.849462926 0.324938893
vt 0.845863998 0.324938893
vt 0.845863998 0.328537762
vt 0.849462926 0.328537762
vt 0.849462926 0.324938893
vt 0.191094369 0.876585364
vt 0.191094369 0.894429266
vt 0.208938241 0.894429266
vt 0.208938241 0.876585364
vt 0.191094369 0.876585364
vt 0.191094369 0.894429266
vt 0.208938241 0.894429266
vt 0.208938241 0.876585364
vt 0.191094369 0.876585364
vt 0.191094369 0.894429266
vt 0.208938241 0.894429266
vt 0.208938241 0.876585364
vt 0.191094369 0.876585364
vt 0.191094369 0.894429266
vt 0.208938241 0.894429266
vt 0.208938241 0.876585364
vt 0.191094369 0.876585364
vt 0.191094369 0.894429266
vt 0.208938241 0.894429266
vt 0.208938241 0.876585364
vt 0.191094369 0.876585364
vt 0.191094369 0.894429266
vt 0.208938241 0.894429266
vt 0.208938241 0.876585364
vt 0.191094369 0.876585364
vt 0.191094369 0.894429266
vt 0.208938241 0.894429266
vt 0.208938241 0.876585364
vt 0.191094369 0.876585364
vt 0.191094369 0.894429266
vt 0.208938241 0.894429266
vt 0.208938241 0.876585364
vt 0.191094369 0.876585364
vt 0.191094369 0.894429266
vt 0.208938241 0.894429266
vt 0.208938241 0.876585364
vt 0.191094369 0.876585364
vt 0.191094369 0.894429266
vt 0.208938241 0.894429266
vt 0.208938241 0.876585364
vt 0.191094369 0.876585364
vt 0.191094369 0.894429266
vt 0.208938241 0.894429266
vt 0.208938241 0.876585364
vt 0.191094369 0.876585364
vt 0.191094369 0.894429266
vt 0.208938241 0.894429266
vt 0.208938241 0.876585364
vt 0.191094369 0.876585364
vt 0.191094369 0.894429266
vt 0.208938241 0.894429266
vt 0.208938241 0.876585364
vt 0.191094369 0.876585364
vt 0.191094369 0.894429266
vt 0.208938241 0.894429266
vt 0.208938241 0.876585364
vt 0.216460377 0.522977531
vt 0.216460377 0.533795774
vt 0.227278545 0.533795774
vt 0.227278545 0.522977531
vt 0.216460377 0.522977531
vt 0.216460377 0.533795774
vt 0.227278545 0.533795774
vt 0.227278545 0.522977531
vt 0.191094369 0.876585364
vt 0.191094369 0.894429266
vt 0.208938241 0.894429266
vt 0.208938241 0.876585364
vt 0.191094369 0.876585364
vt 0.191094369 0.894429266
vt 0.208938241 0.894429266
vt 0.208938241 0.876585364
vt 0.191094369 0.876585364
vt 0.191094369 0.894429266
vt 0.208938241 0.894429266
vt 0.208938241 0.876585364
vt 0.191094369 0.876585364
vt 0.191094369 0.894429266
vt 0.208938241 0.894429266
vt 0.208938241 0.876585364
vt 0.191094369 0.876585364
vt 0.191094369 0.894429266
vt 0.208938241 0.894429266
vt 0.208938241 0.876585364
vt 0.191094369 0.876585364
vt 0.191094369 0.894429266
vt 0.208938241 0.894429266
vt 0.208938241 0.876585364
vt 0.845863998 0.324938893
vt 0.845863998 0.328537762
vt 0.849462926 0.328537762
vt 0.849462926 0.324938893
vt 0.845863998 0.324938893
vt 0.845863998 0.328537762
vt 0.849462926 0.328537762
vt 0.849462926 0.324938893
vt 0.845863998 0.324938893
vt 0.845863998 0.328537762
vt 0.849462926 0.328537762
vt 0.849462926 0.324938893
vt 0.845863998 0.324938893
vt 0.845863998 0.328537762
vt 0.849462926 0.328537762
vt 0.849462926 0.324938893
vt 0.85175854 0.75844115
vt 0.851176023 0.759873509
vt 0.851176023 0.761184812
vt 0.85175854 0.759752393
vt 0.937633514 0.108070329
vt 0.939971089 0.106108859
vt 0.946074009 0.106108859
vt 0.948411584 0.108070329
vt 0.943022609 0.12341471
vt 0.95194447 0.12341471
vt 0.95194447 0.105570808
vt 0.943022609 0.105570808
vt 0.943022609 0.12341471
vt 0.95194447 0.12341471
vt 0.95194447 0.105570808
vt 0.943022609 0.105570808
vt 0.946995854 0.816461563
vt 0.955917716 0.816461563
vt 0.955917716 0.798617601
vt 0.946995854 0.798617601
vt 0.946995854 0.816461563
vt 0.955917716 0.816461563
vt 0.955917716 0.798617601
vt 0.946995854 0.798617601
vt 0.934766054 0.113036945
vt 0.935295939 0.110031798
vt 0.939971089 0.106108859
vt 0.943022609 0.106108859
vt 0.85175854 0.759752393
vt 0.85175854 0.75844115
vt 0.851176023 0.759873509
vt 0.851176023 0.761184812
vt 0.846355677 0.759911597
vt 0.846355677 0.758600354
vt 0.845773101 0.760032654
vt 0.845773101 0.761343956
vt 0.846355677 0.758600354
vt 0.845773101 0.760032654
vt 0.845773101 0.761343956
vt 0.846355677 0.759911597
vt 0.846355677 0.758600354
vt 0.845773101 0.760032654
vt 0.845773101 0.761343956
vt 0.846355677 0.759911597
vt 0.846355677 0.759911597
vt 0.846355677 0.758600354
vt 0.845773101 0.760032654
vt 0.845773101 0.761343956
vt 0.212730378 0.529397249
vt 0.212730378 0.529397249
vt 0.238560691 0.504316092
vt 0.238560691 0.503570557
vt 0.238560691 0.504316092
vt 0.238560691 0.504316092
vt 0.212730378 0.528651714
vt 0.212730378 0.529397249
vt 0.238560691 0.504316092
vt 0.238560691 0.504316092
vt 0.212730378 0.528651714
vt 0.212730378 0.528651714
vt 0.214008108 0.90320009
vt 0.214008108 0.90320009
vt 0.214008108 0.90320009
vt 0.214008108 0.90320009
vt 0.519789398 0.504339457
vt 0.618334413 0.504941046
vt 0.618334413 0.349901676
vt 0.519789636 0.350503027
vt 0.519789398 0.581693053
vt 0.618334413 0.582294881
vt 0.618334413 0.427255481
vt 0.519789398 0.427857429
vt 0.519508302 0.742860556
vt 0.618571699 0.743426085
vt 0.618571997 0.0253378674
vt 0.519508779 0.1158152
vn 0.114140 -0.003351 0.993459
vn 0.056281 0.000448 0.998415
vn 0.113026 -0.001874 0.993590
vn 0.055076 0.088495 -0.994553
vn 0.024955 0.090844 -0.995552
vn 0.027062 0.090639 -0.995516
vn 0.114140 -0.003351 -0.993459
vn 0.113026 -0.001874 -0.993590
vn 0.056281 0.000448 -0.998415
vn 0.055076 0.088495 0.994553
vn 0.027062 0.090638 0.995516
vn 0.024955 0.090844 0.995552
vn 0.277343 -0.960771 -0.000000
vn 0.277342 -0.960771 -0.000000
vn 0.130496 -0.991449 -0.000000
vn 0.423592 0.905853 -0.000000
vn 0.423592 0.905853 -0.000000
vn 0.423592 0.905853 -0.000000
vn 0.239936 -0.970789 -0.000000
vn 0.239936 -0.970789 -0.000000
vn 0.080578 -0.996748 -0.000000
vn 0.463802 -0.885939 -0.000000
vn 0.463802 -0.885939 -0.000000
vn 0.239936 -0.970789 -0.000000
vn 0.113026 -0.001874 -0.993590
vn -0.017059 0.060718 -0.998009
vn 0.056281 0.000448 -0.998415
vn 0.056281 0.000448 0.998415
vn -0.017059 0.060718 0.998009
vn 0.113026 -0.001874 0.993590
vn 0.027062 0.090639 -0.995516
vn 0.020983 0.091018 -0.995628
vn 0.055076 0.088495 -0.994553
vn 0.027062 0.090638 0.995516
vn 0.055076 0.088495 0.994553
vn 0.020983 0.091018 0.995628
vn -0.000000 0.000000 -1.000000
vn -0.000000 0.000000 -1.000000
vn 0.006135 0.004296 -0.999972
vn 0.006135 0.004296 -0.999972
vn -0.000000 0.000000 1.000000
vn 0.006135 0.004296 0.999972
vn 0.006135 0.004296 0.999972
vn -0.000000 0.000000 1.000000
vn -0.819152 -0.573577 -0.000000
vn -0.819152 -0.573577 -0.000000
vn -0.819152 -0.573577 -0.000000
vn -0.819152 -0.573577 -0.000000
vn 0.819152 0.573576 -0.000000
vn 0.819152 0.573576 -0.000000
vn 0.819152 0.573576 -0.000000
vn 0.819152 0.573576 -0.000000
vn -0.000000 0.000000 1.000000
vn -0.000000 0.000000 1.000000
vn -0.000000 0.000000 1.000000
vn -0.000000 0.000000 1.000000
vn -0.573576 0.819152 -0.000000
vn -0.573576 0.819152 -0.000000
vn -0.573576 0.819152 -0.000000
vn -0.573576 0.819152 -0.000000
vn 0.573576 -0.819152 -0.000000
vn 0.573576 -0.819152 -0.000000
vn 0.573576 -0.819152 -0.000000
vn 0.573576 -0.819152 -0.000000
vn -0.000000 0.000000 -1.000000
vn -0.000000 0.000000 -1.000000
vn -0.000000 0.000000 -1.000000
vn -0.000000 0.000000 -1.000000
vn 0.982646 0.185488 -0.000000
vn 0.982646 0.185488 -0.000000
vn 0.982646 0.185488 -0.000000
vn 0.982646 0.185488 -0.000000
vn -0.510387 -0.859945 -0.000000
vn -0.510387 -0.859945 -0.000000
vn -0.510387 -0.859945 -0.000000
vn -0.510387 -0.859945 -0.000000
vn -0.051675 0.075411 0.995813
vn -0.014106 0.085620 0.996228
vn -0.017877 0.085039 0.996217
vn -0.052943 0.076430 0.995668
vn -0.000000 0.000000 -1.000000
vn -0.081158 0.054981 -0.995184
vn -0.000000 0.000000 -1.000000
vn -0.000000 0.000000 -1.000000
vn 0.056281 0.000448 -0.998415
vn 0.001375 0.043520 -0.999052
vn -0.017059 0.060718 -0.998009
vn 0.001375 0.043520 -0.999052
vn -0.017059 0.060718 -0.998009
vn -0.052943 0.076430 -0.995668
vn 0.002633 0.082761 -0.996566
vn -0.178865 0.212175 -0.960723
vn -0.069262 0.072256 -0.994978
vn -0.081158 0.054981 -0.995184
vn -0.000000 0.000000 -1.000000
vn -0.000000 0.000000 -1.000000
vn -0.028081 0.082847 -0.996167
vn 0.020983 0.091018 -0.995628
vn 0.027062 0.090639 -0.995516
vn -0.017877 0.085039 -0.996217
vn -0.000000 0.000000 1.000000
vn -0.081156 0.054982 0.995184
vn -0.000000 0.000000 1.000000
vn -0.000000 0.000000 1.000000
vn 0.056281 0.000448 0.998415
vn 0.001375 0.043520 0.999052
vn -0.017059 0.060718 0.998009
vn -0.000000 0.000000 1.000000
vn -0.081156 0.054982 0.995184
vn -0.000000 0.000000 1.000000
vn -0.178860 0.212168 0.960726
vn -0.069262 0.072256 0.994978
vn -0.052943 0.076430 0.995668
vn 0.002627 0.082766 0.996566
vn 0.001375 0.043520 0.999052
vn -0.017059 0.060718 0.998009
vn -0.014106 0.085620 0.996228
vn 0.024955 0.090844 0.995552
vn 0.027062 0.090638 0.995516
vn -0.017877 0.085039 0.996217
vn -0.017059 0.060718 -0.998009
vn -0.028081 0.082847 -0.996167
vn -0.017877 0.085039 -0.996217
vn -0.052943 0.076430 -0.995668
vn -0.991322 0.131455 -0.000000
vn -0.991322 0.131455 -0.000000
vn -0.991322 0.131455 -0.000000
vn -0.991322 0.131455 -0.000000
vn 0.083733 0.996488 -0.000000
vn 0.083733 0.996488 -0.000000
vn 0.083733 0.996488 -0.000000
vn 0.083733 0.996488 -0.000000
vn 0.560889 -0.827891 -0.000000
vn 0.560889 -0.827891 -0.000000
vn 0.463802 -0.885939 -0.000000
vn 0.463802 -0.885939 -0.000000
vn 0.477704 -0.878521 -0.000000
vn 0.477704 -0.878521 -0.000000
vn 0.433649 -0.901082 -0.000000
vn 0.433648 -0.901082 -0.000000
vn 0.994902 -0.100844 -0.000000
vn 0.994902 -0.100844 -0.000000
vn 0.994902 -0.100844 -0.000000
vn 0.994902 -0.100844 -0.000000
vn 0.433648 -0.901082 -0.000000
vn 0.433649 -0.901082 -0.000000
vn 0.277342 -0.960771 -0.000000
vn 0.277343 -0.960771 -0.000000
vn -0.666730 -0.745299 -0.000000
vn -0.666730 -0.745299 -0.000000
vn -0.666730 -0.745299 -0.000000
vn -0.666730 -0.745299 -0.000000
vn 0.342025 -0.939691 -0.000000
vn 0.342025 -0.939691 -0.000000
vn 0.342025 -0.939691 -0.000000
vn 0.342025 -0.939691 -0.000000
vn 0.704665 0.709541 -0.000000
vn 0.704665 0.709541 -0.000000
vn 0.704665 0.709540 -0.000000
vn 0.704665 0.709541 -0.000000
vn -0.342024 0.939691 -0.000000
vn -0.342024 0.939691 -0.000000
vn -0.342024 0.939691 -0.000000
vn -0.342024 0.939691 -0.000000
vn 0.991322 -0.131456 -0.000000
vn 0.991322 -0.131456 -0.000000
vn 0.991322 -0.131456 -0.000000
vn 0.991322 -0.131456 -0.000000
vn -0.994902 0.100842 -0.000000
vn -0.994902 0.100842 -0.000000
vn -0.994902 0.100842 -0.000000
vn -0.994902 0.100842 -0.000000
vn 0.666729 0.745300 -0.000000
vn 0.666729 0.745300 -0.000000
vn 0.666729 0.745300 -0.000000
vn 0.666729 0.745300 -0.000000
vn -0.342025 0.939691 -0.000000
vn -0.342025 0.939691 -0.000000
vn -0.342025 0.939691 -0.000000
vn -0.342025 0.939691 -0.000000
vn -0.704665 -0.709541 -0.000000
vn -0.704665 -0.709541 -0.000000
vn -0.704665 -0.709541 -0.000000
vn -0.704665 -0.709541 -0.000000
vn 0.342024 -0.939691 -0.000000
vn 0.342024 -0.939691 -0.000000
vn 0.342024 -0.939691 -0.000000
vn 0.342024 -0.939691 -0.000000
vn -0.000000 0.000000 1.000000
vn -0.000000 0.000000 1.000000
vn -0.000000 0.000000 1.000000
vn -0.000000 0.000000 1.000000
vn -0.000000 0.000000 1.000000
vn -0.000000 0.000000 1.000000
vn -0.000000 0.000000 1.000000
vn -0.000000 0.000000 1.000000
vn -0.000000 0.000000 1.000000
vn -0.000000 0.000000 1.000000
vn -0.000000 0.000000 1.000000
vn -0.000000 0.000000 1.000000
vn -0.000000 0.000000 1.000000
vn -0.000000 0.000000 1.000000
vn -0.000000 0.000000 1.000000
vn -0.000000 0.000000 1.000000
vn -0.000000 0.000000 1.000000
vn -0.000000 0.000000 1.000000
vn -0.000000 0.000000 1.000000
vn -0.000000 0.000000 1.000000
vn -0.000000 0.000000 1.000000
vn -0.000000 0.000000 1.000000
vn -0.000000 0.000000 1.000000
vn -0.000000 0.000000 1.000000
vn -0.000000 0.000000 -1.000000
vn -0.000000 0.000000 -1.000000
vn -0.000000 0.000000 -1.000000
vn -0.000000 0.000000 -1.000000
vn -0.000000 0.000000 -1.000000
vn -0.000000 0.000000 -1.000000
vn -0.000000 0.000000 -1.000000
vn -0.000000 0.000000 -1.000000
vn -0.000000 0.000000 -1.000000
vn -0.000000 0.000000 -1.000000
vn -0.000000 0.000000 -1.000000
vn -0.000000 0.000000 -1.000000
vn -0.000000 0.000000 -1.000000
vn -0.000000 0.000000 -1.000000
vn -0.000000 0.000000 -1.000000
vn -0.000000 0.000000 -1.000000
vn -0.000000 0.000000 -1.000000
vn -0.000000 0.000000 -1.000000
vn -0.000000 0.000000 -1.000000
vn -0.000000 0.000000 -1.000000
vn -0.000000 0.000000 -1.000000
vn -0.000000 0.000000 -1.000000
vn -0.000000 0.000000 -1.000000
vn -0.000000 0.000000 -1.000000
vn 0.190661 -0.711544 -0.676280
vn 0.190661 -0.711544 -0.676280
vn 0.190661 -0.711544 -0.676280
vn 0.190661 -0.711544 -0.676280
vn -0.195962 0.731336 0.653259
vn -0.195962 0.731336 0.653259
vn -0.195962 0.731336 0.653259
vn -0.195962 0.731336 0.653259
vn 0.251995 -0.940464 0.228091
vn 0.251995 -0.940464 0.228091
vn 0.251995 -0.940464 0.228091
vn 0.251995 -0.940464 0.228091
vn 0.066984 -0.249997 0.965927
vn 0.066984 -0.249997 0.965927
vn 0.066984 -0.249997 0.965927
vn 0.066984 -0.249997 0.965927
vn -0.254730 0.950667 -0.177042
vn -0.254730 0.950667 -0.177042
vn -0.254730 0.950667 -0.177042
vn -0.254730 0.950667 -0.177042
vn -0.066982 0.249999 -0.965926
vn -0.066982 0.249999 -0.965926
vn -0.066982 0.249999 -0.965926
vn -0.066982 0.249999 -0.965926
vn -0.190659 0.711542 0.676282
vn -0.190659 0.711542 0.676282
vn -0.190659 0.711542 0.676282
vn -0.190659 0.711542 0.676282
vn 0.195962 -0.731336 -0.653259
vn 0.195962 -0.731336 -0.653259
vn 0.195962 -0.731336 -0.653259
vn 0.195962 -0.731336 -0.653259
vn -0.251995 0.940464 -0.228094
vn -0.251995 0.940464 -0.228094
vn -0.251995 0.940464 -0.228094
vn -0.251995 0.940464 -0.228094
vn -0.066983 0.249997 -0.965927
vn -0.066983 0.249997 -0.965927
vn -0.066983 0.249997 -0.965927
vn -0.066983 0.249997 -0.965927
vn 0.254730 -0.950668 0.177042
vn 0.254730 -0.950668 0.177042
vn 0.254730 -0.950668 0.177042
vn 0.254730 -0.950668 0.177042
vn 0.066984 -0.249997 0.965927
vn 0.066984 -0.249997 0.965927
vn 0.066984 -0.249997 0.965927
vn 0.066984 -0.249997 0.965927
vn -0.965937 -0.258777 -0.000000
vn -0.965939 -0.258771 -0.000000
vn -0.965890 -0.258954 -0.000000
vn -0.965891 -0.258950 -0.000000
vn -0.965978 -0.258625 -0.000000
vn -0.965978 -0.258625 -0.000000
vn -0.965939 -0.258771 -0.000000
vn -0.965937 -0.258777 -0.000000
vn -0.965978 -0.258625 -0.000000
vn -0.965962 -0.258684 -0.000000
vn -0.965963 -0.258682 -0.000000
vn -0.965978 -0.258625 -0.000000
vn -0.965962 -0.258684 -0.000000
vn -0.965914 -0.258862 -0.000000
vn -0.965913 -0.258867 -0.000000
vn -0.965963 -0.258682 -0.000000
vn -0.965876 -0.259005 -0.000000
vn -0.965876 -0.259006 -0.000000
vn -0.965913 -0.258867 -0.000000
vn -0.965914 -0.258862 -0.000000
vn -0.965891 -0.258950 -0.000000
vn -0.965890 -0.258954 -0.000000
vn -0.965876 -0.259006 -0.000000
vn -0.965876 -0.259005 -0.000000
vn 0.965894 0.258939 -0.000000
vn 0.965893 0.258942 -0.000000
vn 0.965937 0.258776 -0.000000
vn 0.965936 0.258781 -0.000000
vn 0.965970 0.258653 -0.000000
vn 0.965936 0.258781 -0.000000
vn 0.965937 0.258776 -0.000000
vn 0.965970 0.258653 -0.000000
vn 0.965957 0.258703 -0.000000
vn 0.965970 0.258653 -0.000000
vn 0.965970 0.258653 -0.000000
vn 0.965958 0.258699 -0.000000
vn 0.965915 0.258861 -0.000000
vn 0.965957 0.258703 -0.000000
vn 0.965958 0.258699 -0.000000
vn 0.965913 0.258866 -0.000000
vn 0.965878 0.258996 -0.000000
vn 0.965915 0.258861 -0.000000
vn 0.965913 0.258866 -0.000000
vn 0.965878 0.258996 -0.000000
vn 0.965878 0.258996 -0.000000
vn 0.965878 0.258996 -0.000000
vn 0.965893 0.258942 -0.000000
vn 0.965894 0.258939 -0.000000
vn -0.044726 -0.052885 -0.997599
vn -0.071941 -0.088559 -0.993470
vn -0.071941 -0.088559 -0.993470
vn -0.037051 -0.042827 -0.998395
vn -0.037052 -0.042828 0.998395
vn -0.044726 -0.052885 0.997598
vn 0.003790 -0.001220 0.999992
vn 0.002858 -0.001918 0.999994
vn -0.044726 -0.052885 -0.997599
vn -0.037051 -0.042827 -0.998395
vn 0.002859 -0.001918 -0.999994
vn 0.003790 -0.001219 -0.999992
vn 0.358848 -0.933396 -0.000000
vn 0.358848 -0.933396 -0.000000
vn 0.411042 -0.911617 -0.000000
vn 0.411042 -0.911617 -0.000000
vn -0.820527 0.571608 -0.000000
vn -0.820527 0.571608 -0.000000
vn -0.783858 0.620940 -0.000000
vn -0.783858 0.620940 -0.000000
vn 0.573576 -0.819152 -0.000000
vn 0.573576 -0.819152 -0.000000
vn 0.573576 -0.819152 -0.000000
vn 0.573576 -0.819152 -0.000000
vn -0.573577 0.819152 -0.000000
vn -0.573577 0.819152 -0.000000
vn -0.573577 0.819152 -0.000000
vn -0.573577 0.819152 -0.000000
vn -0.000000 0.000000 1.000000
vn -0.000000 0.000000 1.000000
vn -0.000000 0.000000 1.000000
vn -0.000000 0.000000 1.000000
vn -0.000000 0.000000 -1.000000
vn -0.000000 0.000000 -1.000000
vn -0.000000 0.000000 -1.000000
vn -0.000000 0.000000 -1.000000
vn 0.819152 0.573576 -0.000000
vn 0.819152 0.573576 -0.000000
vn 0.819152 0.573576 -0.000000
vn 0.819152 0.573576 -0.000000
vn -0.819152 -0.573576 -0.000000
vn -0.819152 -0.573576 -0.000000
vn -0.819152 -0.573576 -0.000000
vn -0.819152 -0.573576 -0.000000
vn -0.426576 0.904451 -0.000000
vn -0.426576 0.904451 -0.000000
vn -0.426576 0.904451 -0.000000
vn -0.426576 0.904451 -0.000000
vn -0.510389 -0.859944 -0.000000
vn -0.510389 -0.859944 -0.000000
vn -0.510389 -0.859944 -0.000000
vn -0.510389 -0.859944 -0.000000
vn 0.982646 0.185491 -0.000000
vn 0.982646 0.185491 -0.000000
vn 0.982646 0.185491 -0.000000
vn 0.982646 0.185491 -0.000000
vn -0.000000 0.000000 -1.000000
vn -0.000000 0.000000 -1.000000
vn -0.000000 0.000000 -1.000000
vn -0.000000 0.000000 -1.000000
vn 0.573577 -0.819152 -0.000000
vn 0.573576 -0.819152 -0.000000
vn 0.573576 -0.819152 -0.000000
vn 0.573576 -0.819152 -0.000000
vn -0.573576 0.819152 -0.000000
vn -0.573576 0.819152 -0.000000
vn -0.573576 0.819152 -0.000000
vn -0.573576 0.819152 -0.000000
vn -0.000000 0.000000 1.000000
vn -0.000000 0.000000 1.000000
vn -0.000000 0.000000 1.000000
vn -0.000000 0.000000 1.000000
vn -0.173648 -0.984808 -0.000000
vn -0.173648 -0.984808 -0.000000
vn -0.173648 -0.984808 -0.000000
vn -0.173648 -0.984808 -0.000000
vn 0.173648 0.984808 -0.000000
vn 0.173648 0.984808 -0.000000
vn 0.173648 0.984808 -0.000000
vn 0.173648 0.984808 -0.000000
vn -0.000000 0.000000 -1.000000
vn -0.000000 0.000000 -1.000000
vn -0.000000 0.000000 -1.000000
vn -0.000000 0.000000 -1.000000
vn 0.984808 -0.173648 -0.000000
vn 0.984808 -0.173648 -0.000000
vn 0.984808 -0.173648 -0.000000
vn 0.984808 -0.173648 -0.000000
vn -0.984808 0.173648 -0.000000
vn -0.984808 0.173648 -0.000000
vn -0.984808 0.173648 -0.000000
vn -0.984808 0.173648 -0.000000
vn -0.000000 0.000000 1.000000
vn -0.000000 0.000000 1.000000
vn -0.000000 0.000000 1.000000
vn -0.000000 0.000000 1.000000
vn -0.125478 -0.711622 0.691267
vn -0.125478 -0.711622 0.691267
vn -0.125478 -0.711622 0.691267
vn -0.125478 -0.711622 0.691267
vn 0.708545 -0.124935 -0.694518
vn 0.708545 -0.124935 -0.694518
vn 0.708545 -0.124935 -0.694518
vn 0.708545 -0.124935 -0.694518
vn -0.000000 0.000000 1.000000
vn -0.000000 0.000000 1.000000
vn -0.000000 0.000000 1.000000
vn -0.000000 0.000000 1.000000
vn -0.000000 0.000000 -1.000000
vn -0.000000 0.000000 -1.000000
vn -0.000000 0.000000 -1.000000
vn -0.000000 0.000000 -1.000000
vn -0.000000 0.000000 1.000000
vn -0.000000 0.000000 1.000000
vn -0.000000 0.000000 1.000000
vn -0.000000 0.000000 1.000000
vn -0.000000 0.000000 -1.000000
vn -0.000000 0.000000 -1.000000
vn -0.000000 0.000000 -1.000000
vn -0.000000 0.000000 -1.000000
vn -0.000000 0.000000 1.000000
vn -0.000000 0.000000 1.000000
vn -0.000000 0.000000 1.000000
vn -0.000000 0.000000 1.000000
vn -0.000000 0.000000 -1.000000
vn -0.000000 0.000000 -1.000000
vn -0.000000 0.000000 -1.000000
vn -0.000000 0.000000 -1.000000
vn -0.000000 0.000000 -1.000000
vn -0.000000 0.000000 -1.000000
vn -0.000000 0.000000 -1.000000
vn -0.000000 0.000000 -1.000000
vn -0.000000 0.000000 1.000000
vn -0.000000 0.000000 1.000000
vn -0.000000 0.000000 1.000000
vn -0.000000 0.000000 1.000000
vn 0.125478 0.711621 0.691267
vn 0.125478 0.711621 0.691267
vn 0.125478 0.711621 0.691267
vn 0.125478 0.711621 0.691267
vn -0.708536 0.124936 0.694527
vn -0.708536 0.124936 0.694527
vn -0.708536 0.124936 0.694527
vn -0.708536 0.124936 0.694527
vn -0.708542 0.124936 -0.694521
vn -0.708542 0.124936 -0.694521
vn -0.708542 0.124936 -0.694521
vn -0.708542 0.124936 -0.694521
vn -0.125479 -0.711628 -0.691260
vn -0.125479 -0.711628 -0.691260
vn -0.125479 -0.711628 -0.691260
vn -0.125479 -0.711628 -0.691260
vn 0.125479 0.711629 -0.691260
vn 0.125479 0.711629 -0.691260
vn 0.125479 0.711629 -0.691260
vn 0.125479 0.711629 -0.691259
vn 0.708536 -0.124936 0.694527
vn 0.708536 -0.124936 0.694527
vn 0.708536 -0.124936 0.694527
vn 0.708536 -0.124936 0.694527
vn -0.000000 0.000000 1.000000
vn -0.000000 0.000000 1.000000
vn -0.000000 0.000000 1.000000
vn -0.000000 0.000000 1.000000
vn -0.000000 0.000000 -1.000000
vn -0.000000 0.000000 -1.000000
vn -0.000000 0.000000 -1.000000
vn -0.000000 0.000000 -1.000000
vn 0.510389 0.859944 -0.000000
vn 0.510389 0.859944 -0.000000
vn 0.510389 0.859944 -0.000000
vn 0.510389 0.859944 -0.000000
vn -0.982646 -0.185491 -0.000000
vn -0.982646 -0.185491 -0.000000
vn -0.982646 -0.185491 -0.000000
vn -0.982646 -0.185491 -0.000000
vn -0.173649 -0.984808 -0.000000
vn -0.173649 -0.984808 -0.000000
vn -0.173649 -0.984808 -0.000000
vn -0.173649 -0.984808 -0.000000
vn 0.173649 0.984808 -0.000000
vn 0.173649 0.984808 -0.000000
vn 0.173649 0.984808 -0.000000
vn 0.173649 0.984808 -0.000000
vn -0.000000 0.000000 -1.000000
vn -0.000000 0.000000 -1.000000
vn -0.000000 0.000000 -1.000000
vn -0.000000 0.000000 -1.000000
vn 0.984808 -0.173647 -0.000000
vn 0.984808 -0.173647 -0.000000
vn 0.984808 -0.173647 -0.000000
vn 0.984808 -0.173647 -0.000000
vn -0.984808 0.173646 -0.000000
vn -0.984808 0.173646 -0.000000
vn -0.984808 0.173646 -0.000000
vn -0.984808 0.173646 -0.000000
vn -0.000000 0.000000 1.000000
vn -0.000000 0.000000 1.000000
vn -0.000000 0.000000 1.000000
vn -0.000000 0.000000 1.000000
vn -0.125478 -0.711623 0.691265
vn -0.125478 -0.711623 0.691265
vn -0.125478 -0.711623 0.691265
vn -0.125478 -0.711623 0.691265
vn 0.708546 -0.124938 -0.694516
vn 0.708546 -0.124938 -0.694516
vn 0.708546 -0.124938 -0.694516
vn 0.708546 -0.124938 -0.694516
vn -0.000000 0.000000 1.000000
vn -0.000000 0.000000 1.000000
vn -0.000000 0.000000 1.000000
vn -0.000000 0.000000 1.000000
vn -0.000000 0.000000 -1.000000
vn -0.000000 0.000000 -1.000000
vn -0.000000 0.000000 -1.000000
vn -0.000000 0.000000 -1.000000
vn -0.000000 0.000000 1.000000
vn -0.000000 0.000000 1.000000
vn -0.000000 0.000000 1.000000
vn -0.000000 0.000000 1.000000
vn -0.000000 0.000000 -1.000000
vn -0.000000 0.000000 -1.000000
vn -0.000000 0.000000 -1.000000
vn -0.000000 0.000000 -1.000000
vn -0.000000 0.000000 1.000000
vn -0.000000 0.000000 1.000000
vn -0.000000 0.000000 1.000000
vn -0.000000 0.000000 1.000000
vn -0.000000 0.000000 -1.000000
vn -0.000000 0.000000 -1.000000
vn -0.000000 0.000000 -1.000000
vn -0.000000 0.000000 -1.000000
vn -0.000000 0.000000 -1.000000
vn -0.000000 0.000000 -1.000000
vn -0.000000 0.000000 -1.000000
vn -0.000000 0.000000 -1.000000
vn -0.000000 0.000000 1.000000
vn -0.000000 0.000000 1.000000
vn -0.000000 0.000000 1.000000
vn -0.000000 0.000000 1.000000
vn 0.125477 0.711619 0.691270
vn 0.125477 0.711619 0.691270
vn 0.125477 0.711619 0.691270
vn 0.125477 0.711619 0.691270
vn -0.708538 0.124937 0.694525
vn -0.708538 0.124937 0.694525
vn -0.708538 0.124937 0.694525
vn -0.708538 0.124937 0.694525
vn -0.708546 0.124934 -0.694517
vn -0.708546 0.124934 -0.694517
vn -0.708546 0.124934 -0.694517
vn -0.708546 0.124934 -0.694517
vn -0.125479 -0.711629 -0.691259
vn -0.125479 -0.711629 -0.691259
vn -0.125479 -0.711629 -0.691259
vn -0.125479 -0.711629 -0.691259
vn 0.125477 0.711625 -0.691263
vn 0.125477 0.711625 -0.691263
vn 0.125477 0.711625 -0.691263
vn 0.125477 0.711625 -0.691263
vn 0.708538 -0.124937 0.694524
vn 0.708538 -0.124937 0.694524
vn 0.708538 -0.124937 0.694524
vn 0.708538 -0.124937 0.694524
vn -0.000000 0.000000 1.000000
vn -0.000000 0.000000 1.000000
vn -0.000000 0.000000 1.000000
vn -0.000000 0.000000 1.000000
vn -0.000000 0.000000 -1.000000
vn -0.000000 0.000000 -1.000000
vn -0.000000 0.000000 -1.000000
vn -0.000000 0.000000 -1.000000
vn 0.510386 0.859945 -0.000000
vn 0.510386 0.859945 -0.000000
vn 0.510386 0.859945 -0.000000
vn 0.510386 0.859945 -0.000000
vn -0.982646 -0.185488 -0.000000
vn -0.982646 -0.185488 -0.000000
vn -0.982646 -0.185488 -0.000000
vn -0.982646 -0.185488 -0.000000
vn 0.573576 -0.819152 -0.000000
vn 0.581569 -0.813497 -0.000000
vn 0.581569 -0.813497 -0.000000
vn 0.573576 -0.819152 -0.000000
vn -0.052943 0.076430 -0.995668
vn -0.051675 0.075411 -0.995813
vn -0.061882 0.072443 -0.995451
vn -0.069262 0.072256 -0.994978
vn -0.017877 0.085039 -0.996217
vn -0.014106 0.085620 -0.996228
vn -0.051675 0.075411 -0.995813
vn -0.052943 0.076430 -0.995668
vn 0.027062 0.090639 -0.995516
vn 0.024955 0.090844 -0.995552
vn -0.014106 0.085620 -0.996228
vn -0.017877 0.085039 -0.996217
vn 0.027062 0.090638 0.995516
vn 0.020983 0.091018 0.995628
vn -0.028081 0.082847 0.996167
vn -0.017877 0.085039 0.996217
vn -0.017877 0.085039 0.996217
vn -0.028081 0.082847 0.996167
vn -0.017059 0.060718 0.998009
vn -0.052943 0.076430 0.995668
vn -0.069262 0.072256 0.994978
vn -0.061882 0.072443 0.995451
vn -0.051675 0.075411 0.995813
vn -0.052943 0.076430 0.995668
vn -0.573576 0.819152 -0.000000
vn -0.573576 0.819152 -0.000000
vn -0.565529 0.824728 -0.000000
vn -0.565529 0.824728 -0.000000
vn -0.581569 0.813497 -0.000000
vn -0.581569 0.813497 -0.000000
vn -0.573576 0.819152 -0.000000
vn -0.573576 0.819152 -0.000000
vn 0.565529 -0.824728 -0.000000
vn 0.573576 -0.819152 -0.000000
vn 0.573576 -0.819152 -0.000000
vn 0.565529 -0.824728 -0.000000
vn -0.006135 -0.004296 0.999972
vn -0.000000 0.000000 1.000000
vn -0.000000 0.000000 1.000000
vn -0.006135 -0.004296 0.999972
vn -0.006135 -0.004296 -0.999972
vn -0.006135 -0.004296 -0.999972
vn -0.000000 0.000000 -1.000000
vn -0.000000 0.000000 -1.000000
vn 0.002858 -0.001918 0.999994
vn 0.003790 -0.001220 0.999992
vn 0.081094 0.056782 0.995088
vn 0.081094 0.056782 0.995088
vn 0.704008 -0.710192 -0.000000
vn 0.704008 -0.710192 -0.000000
vn 0.704008 -0.710192 -0.000000
vn 0.704008 -0.710192 -0.000000
vn 0.081094 0.056782 -0.995088
vn 0.081094 0.056782 -0.995088
vn 0.003790 -0.001219 -0.999992
vn 0.002859 -0.001918 -0.999994
vn -0.630522 -0.776171 -0.000000
vn -0.630522 -0.776171 -0.000000
vn -0.630522 -0.776171 -0.000000
vn -0.630522 -0.776171 -0.000000
vn 0.358848 -0.933396 -0.000000
vn 0.242804 -0.970075 -0.000000
vn 0.242804 -0.970075 -0.000000
vn 0.358848 -0.933396 -0.000000
vn -0.820527 0.571608 -0.000000
vn -0.875391 0.483415 -0.000000
vn -0.875391 0.483415 -0.000000
vn -0.820527 0.571608 -0.000000
vn -0.037052 -0.042828 0.998395
vn -0.071941 -0.088559 0.993470
vn -0.071941 -0.088559 0.993470
vn -0.044726 -0.052885 0.997598
f 1/1/1 2/2/2 3/3/3
f 4/4/4 5/5/5 6/6/6
f 7/7/7 8/8/8 9/9/9
f 10/10/10 11/11/11 12/12/12
f 13/13/13 14/14/14 15/15/15
f 16/16/16 17/17/17 18/18/18
f 19/19/19 20/20/20 21/21/21
f 22/22/22 23/23/23 20/20/20
f 22/22/22 20/20/20 24/24/24
f 25/25/25 26/26/26 27/27/27
f 28/28/28 29/29/29 30/30/30
f 31/31/31 32/32/32 33/33/33
f 34/34/34 35/35/35 36/36/36
f 37/37/37 38/38/38 39/39/39
f 37/37/37 39/39/39 40/40/40
f 41/41/41 42/42/42 43/43/43
f 41/41/41 43/43/43 44/44/44
f 45/45/45 46/46/46 47/47/47
f 45/45/45 47/47/47 48/48/48
f 49/49/49 50/50/50 51/51/51
f 49/49/49 51/51/51 52/52/52
f 53/53/53 54/54/54 55/55/55
f 53/53/53 55/55/55 56/56/56
f 57/57/57 58/58/58 59/59/59
f 57/57/57 59/59/59 60/60/60
f 61/61/61 62/62/62 63/63/63
f 61/61/61 63/63/63 64/64/64
f 65/65/65 66/66/66 67/67/67
f 65/65/65 67/67/67 68/68/68
f 69/69/69 70/70/70 71/71/71
f 69/69/69 71/71/71 72/72/72
f 73/73/73 74/74/74 75/75/75
f 73/73/73 75/75/75 76/76/76
f 77/77/77 78/78/78 79/79/79
f 77/77/77 79/79/79 80/80/80
f 81/81/81 82/82/82 83/83/83
f 83/83/83 84/84/84 81/81/81
f 83/83/83 85/85/85 84/84/84
f 85/85/85 86/86/86 84/84/84
f 85/85/85 87/87/87 86/86/86
f 88/88/88 89/89/89 90/90/90
f 91/91/91 88/88/88 90/90/90
f 92/92/92 91/91/91 90/90/90
f 92/92/92 90/90/90 93/93/93
f 93/93/93 94/94/94 92/92/92
f 94/94/94 95/95/95 92/92/92
f 96/96/96 95/95/95 94/94/94
f 97/97/97 98/98/98 99/99/99
f 97/97/97 99/99/99 100/100/100
f 101/101/101 102/102/102 103/103/103
f 103/103/103 104/104/104 101/101/101
f 104/104/104 105/105/105 101/101/101
f 104/104/104 106/106/106 105/105/105
f 106/106/106 107/107/107 105/105/105
f 108/108/108 109/109/109 110/110/110
f 111/111/111 110/110/110 109/109/109
f 111/111/111 109/109/109 112/112/112
f 112/112/112 113/113/113 111/111/111
f 113/113/113 114/114/114 111/111/111
f 113/113/113 115/115/115 114/114/114
f 113/113/113 116/116/116 115/115/115
f 117/117/117 118/118/118 119/119/119
f 117/117/117 119/119/119 120/120/120
f 121/121/121 122/122/122 123/123/123
f 121/121/121 123/123/123 124/124/124
f 125/125/125 126/126/126 127/127/127
f 125/125/125 127/127/127 128/128/128
f 129/129/129 130/130/130 131/131/131
f 129/129/129 131/131/131 132/132/132
f 133/133/133 134/134/134 135/135/135
f 133/133/133 135/135/135 136/136/136
f 137/137/137 138/138/138 139/139/139
f 137/137/137 139/139/139 140/140/140
f 141/141/141 142/142/142 143/143/143
f 141/141/141 143/143/143 144/144/144
f 145/145/145 146/146/146 147/147/147
f 145/145/145 147/147/147 148/148/148
f 149/149/149 150/150/150 151/151/151
f 149/149/149 151/151/151 152/152/152
f 153/153/153 154/154/154 155/155/155
f 153/153/153 155/155/155 156/156/156
f 157/157/157 158/158/158 159/159/159
f 157/157/157 159/159/159 160/160/160
f 161/161/161 162/162/162 163/163/163
f 161/161/161 163/163/163 164/164/164
f 165/165/165 166/166/166 167/167/167
f 165/165/165 167/167/167 168/168/168
f 169/169/169 170/170/170 171/171/171
f 169/169/169 171/171/171 172/172/172
f 173/173/173 174/174/174 175/175/175
f 173/173/173 175/175/175 176/176/176
f 177/177/177 178/178/178 179/179/179
f 177/177/177 179/179/179 180/180/180
f 181/181/181 182/182/182 183/183/183
f 181/181/181 183/183/183 184/184/184
f 185/185/185 186/186/186 187/187/187
f 185/185/185 187/187/187 188/188/188
f 189/189/189 190/190/190 191/191/191
f 189/189/189 191/191/191 192/192/192
f 193/193/193 194/194/194 195/195/195
f 193/193/193 195/195/195 196/196/196
f 197/197/197 198/198/198 199/199/199
f 197/197/197 199/199/199 200/200/200
f 201/201/201 202/202/202 203/203/203
f 201/201/201 203/203/203 204/204/204
f 205/205/205 206/206/206 207/207/207
f 205/205/205 207/207/207 208/208/208
f 209/209/209 210/210/210 211/211/211
f 209/209/209 211/211/211 212/212/212
f 213/213/213 214/214/214 215/215/215
f 213/213/213 215/215/215 216/216/216
f 217/217/217 218/218/218 219/219/219
f 217/217/217 219/219/219 220/220/220
f 221/221/221 222/222/222 223/223/223
f 221/221/221 223/223/223 224/224/224
f 225/225/225 226/226/226 227/227/227
f 225/225/225 227/227/227 228/228/228
f 229/229/229 230/230/230 231/231/231
f 229/229/229 231/231/231 232/232/232
f 233/233/233 234/234/234 235/235/235
f 233/233/233 235/235/235 236/236/236
f 237/237/237 238/238/238 239/239/239
f 237/237/237 239/239/239 240/240/240
f 241/241/241 242/242/242 243/243/243
f 241/241/241 243/243/243 244/244/244
f 245/245/245 246/246/246 247/247/247
f 245/245/245 247/247/247 248/248/248
f 249/249/249 250/250/250 251/251/251
f 249/249/249 251/251/251 252/252/252
f 253/253/253 254/254/254 255/255/255
f 253/253/253 255/255/255 256/256/256
f 257/257/257 258/258/258 259/259/259
f 257/257/257 259/259/259 260/260/260
f 261/261/261 262/262/262 263/263/263
f 261/261/261 263/263/263 264/264/264
f 265/265/265 266/266/266 267/267/267
f 265/265/265 267/267/267 268/268/268
f 269/269/269 270/270/270 271/271/271
f 269/269/269 271/271/271 272/272/272
f 273/273/273 274/274/274 275/275/275
f 273/273/273 275/275/275 276/276/276
f 277/277/277 278/278/278 279/279/279
f 277/277/277 279/279/279 280/280/280
f 281/281/281 282/282/282 283/283/283
f 281/281/281 283/283/283 284/284/284
f 285/285/285 286/286/286 287/287/287
f 285/285/285 287/287/287 288/288/288
f 289/289/289 290/290/290 291/291/291
f 289/289/289 291/291/291 292/292/292
f 293/293/293 294/294/294 295/295/295
f 293/293/293 295/295/295 296/296/296
f 297/297/297 298/298/298 299/299/299
f 297/297/297 299/299/299 300/300/300
f 301/301/301 302/302/302 303/303/303
f 301/301/301 303/303/303 304/304/304
f 305/305/305 306/306/306 307/307/307
f 305/305/305 307/307/307 308/308/308
f 309/309/309 310/310/310 311/311/311
f 309/309/309 311/311/311 312/312/312
f 313/313/313 314/314/314 315/315/315
f 313/313/313 315/315/315 316/316/316
f 317/317/317 318/318/318 319/319/319
f 317/317/317 319/319/319 320/320/320
f 321/321/321 322/322/322 323/323/323
f 321/321/321 323/323/323 324/324/324
f 325/325/325 326/326/326 327/327/327
f 325/325/325 327/327/327 328/328/328
f 329/329/329 330/330/330 331/331/331
f 329/329/329 331/331/331 332/332/332
f 333/333/333 334/334/334 335/335/335
f 333/333/333 335/335/335 336/336/336
f 337/337/337 338/338/338 339/339/339
f 337/337/337 339/339/339 340/340/340
f 341/341/341 342/342/342 343/343/343
f 341/341/341 343/343/343 344/344/344
f 345/345/345 346/346/346 347/347/347
f 345/345/345 347/347/347 348/348/348
f 349/349/349 350/350/350 351/351/351
f 349/349/349 351/351/351 352/352/352
f 353/353/353 354/354/354 355/355/355
f 353/353/353 355/355/355 356/356/356
f 357/357/357 358/358/358 359/359/359
f 357/357/357 359/359/359 360/360/360
f 361/361/361 362/362/362 363/363/363
f 361/361/361 363/363/363 364/364/364
f 365/365/365 366/366/366 367/367/367
f 365/365/365 367/367/367 368/368/368
f 369/369/369 370/370/370 371/371/371
f 369/369/369 371/371/371 372/372/372
f 373/373/373 374/374/374 375/375/375
f 373/373/373 375/375/375 376/376/376
f 377/377/377 378/378/378 379/379/379
f 377/377/377 379/379/379 380/380/380
f 381/381/381 382/382/382 383/383/383
f 381/381/381 383/383/383 384/384/384
f 385/385/385 386/386/386 387/387/387
f 385/385/385 387/387/387 388/388/388
f 389/389/389 390/390/390 391/391/391
f 389/389/389 391/391/391 392/392/392
f 393/393/393 394/394/394 395/395/395
f 393/393/393 395/395/395 396/396/396
f 397/397/397 398/398/398 399/399/399
f 397/397/397 399/399/399 400/400/400
f 401/401/401 402/402/402 403/403/403
f 401/401/401 403/403/403 404/404/404
f 405/405/405 406/406/406 407/407/407
f 405/405/405 407/407/407 408/408/408
f 409/409/409 410/410/410 411/411/411
f 409/409/409 411/411/411 412/412/412
f 413/413/413 414/414/414 415/415/415
f 413/413/413 415/415/415 416/416/416
f 417/417/417 418/418/418 419/419/419
f 417/417/417 419/419/419 420/420/420
f 421/421/421 422/422/422 423/423/423
f 421/421/421 423/423/423 424/424/424
f 425/425/425 426/426/426 427/427/427
f 425/425/425 427/427/427 428/428/428
f 429/429/429 430/430/430 431/431/431
f 429/429/429 431/431/431 432/432/432
f 433/433/433 434/434/434 435/435/435
f 433/433/433 435/435/435 436/436/436
f 437/437/437 438/438/438 439/439/439
f 437/437/437 439/439/439 440/440/440
f 441/441/441 442/442/442 443/443/443
f 441/441/441 443/443/443 444/444/444
f 445/445/445 446/446/446 447/447/447
f 445/445/445 447/447/447 448/448/448
f 449/449/449 450/450/450 451/451/451
f 449/449/449 451/451/451 452/452/452
f 453/453/453 454/454/454 455/455/455
f 453/453/453 455/455/455 456/456/456
f 457/457/457 458/458/458 459/459/459
f 457/457/457 459/459/459 460/460/460
f 461/461/461 462/462/462 463/463/463
f 461/461/461 463/463/463 464/464/464
f 465/465/465 466/466/466 467/467/467
f 465/465/465 467/467/467 468/468/468
f 469/469/469 470/470/470 471/471/471
f 469/469/469 471/471/471 472/472/472
f 473/473/473 474/474/474 475/475/475
f 473/473/473 475/475/475 476/476/476
f 477/477/477 478/478/478 479/479/479
f 477/477/477 479/479/479 480/480/480
f 481/481/481 482/482/482 483/483/483
f 481/481/481 483/483/483 484/484/484
f 485/485/485 486/486/486 487/487/487
f 485/485/485 487/487/487 488/488/488
f 489/489/489 490/490/490 491/491/491
f 489/489/489 491/491/491 492/492/492
f 493/493/493 494/494/494 495/495/495
f 493/493/493 495/495/495 496/496/496
f 497/497/497 498/498/498 499/499/499
f 497/497/497 499/499/499 500/500/500
f 501/501/501 502/502/502 503/503/503
f 501/501/501 503/503/503 504/504/504
f 505/505/505 506/506/506 507/507/507
f 505/505/505 507/507/507 508/508/508
f 509/509/509 510/510/510 511/511/511
f 509/509/509 511/511/511 512/512/512
f 513/513/513 514/514/514 515/515/515
f 513/513/513 515/515/515 516/516/516
f 517/517/517 518/518/518 519/519/519
f 517/517/517 519/519/519 520/520/520
f 521/521/521 522/522/522 523/523/523
f 521/521/521 523/523/523 524/524/524
f 525/525/525 526/526/526 527/527/527
f 525/525/525 527/527/527 528/528/528
f 529/529/529 530/530/530 531/531/531
f 529/529/529 531/531/531 532/532/532
f 533/533/533 534/534/534 535/535/535
f 533/533/533 535/535/535 536/536/536
f 537/537/537 538/538/538 539/539/539
f 537/537/537 539/539/539 540/540/540
f 541/541/541 542/542/542 543/543/543
f 541/541/541 543/543/543 544/544/544
f 545/545/545 546/546/546 547/547/547
f 545/545/545 547/547/547 548/548/548
f 549/549/549 550/550/550 551/551/551
f 549/549/549 551/551/551 552/552/552
f 553/553/553 554/554/554 555/555/555
f 553/553/553 555/555/555 556/556/556
f 557/557/557 558/558/558 559/559/559
f 557/557/557 559/559/559 560/560/560
f 561/561/561 562/562/562 563/563/563
f 561/561/561 563/563/563 564/564/564
f 565/565/565 566/566/566 567/567/567
f 565/565/565 567/567/567 568/568/568
f 569/569/569 570/570/570 571/571/571
f 569/569/569 571/571/571 572/572/572
f 573/573/573 574/574/574 575/575/575
f 573/573/573 575/575/575 576/576/576
f 577/577/577 578/578/578 579/579/579
f 577/577/577 579/579/579 580/580/580
f 581/581/581 582/582/582 583/583/583
f 581/581/581 583/583/583 584/584/584
f 585/585/585 586/586/586 587/587/587
f 585/585/585 587/587/587 588/588/588
f 589/589/589 590/590/590 591/591/591
f 589/589/589 591/591/591 592/592/592
f 593/593/593 594/594/594 595/595/595
f 593/593/593 595/595/595 596/596/596
f 597/597/597 598/598/598 599/599/599
f 597/597/597 599/599/599 600/600/600
f 601/601/601 602/602/602 603/603/603
f 601/601/601 603/603/603 604/604/604
f 605/605/605 606/606/606 607/607/607
f 605/605/605 607/607/607 608/608/608
f 609/609/609 610/610/610 611/611/611
f 609/609/609 611/611/611 612/612/612
f 613/613/613 614/614/614 615/615/615
f 613/613/613 615/615/615 616/616/616
f 617/617/617 618/618/618 619/619/619
f 617/617/617 619/619/619 620/620/620
f 621/621/621 622/622/622 623/623/623
f 621/621/621 623/623/623 624/624/624
f 625/625/625 626/626/626 627/627/627
f 625/625/625 627/627/627 628/628/628
f 629/629/629 630/630/630 631/631/631
f 629/629/629 631/631/631 632/632/632
f 633/633/633 634/634/634 635/635/635
f 633/633/633 635/635/635 636/636/636
f 637/637/637 638/638/638 639/639/639
f 637/637/637 639/639/639 640/640/640
f 641/641/641 642/642/642 643/643/643
f 641/641/641 643/643/643 644/644/644
f 645/645/645 646/646/646 647/647/647
f 645/645/645 647/647/647 648/648/648
f 649/649/649 650/650/650 651/651/651
f 649/649/649 651/651/651 652/652/652
f 653/653/653 654/654/654 655/655/655
f 653/653/653 655/655/655 656/656/656
f 657/657/657 658/658/658 659/659/659
f 657/657/657 659/659/659 660/660/660
f 661/661/661 662/662/662 663/663/663
f 661/661/661 663/663/663 664/664/664
f 665/665/665 666/666/666 667/667/667
f 665/665/665 667/667/667 668/668/668
f 669/669/669 670/670/670 671/671/671
f 669/669/669 671/671/671 672/672/672
f 673/673/673 674/674/674 675/675/675
f 673/673/673 675/675/675 676/676/676
f 677/677/677 678/678/678 679/679/679
f 677/677/677 679/679/679 680/680/680
f 681/681/681 682/682/682 683/683/683
f 681/681/681 683/683/683 684/684/684
f 685/685/685 686/686/686 687/687/687
f 685/685/685 687/687/687 688/688/688
