# Unturned item rip -> Godot (X+Z negated, winding reversed, RH Y-up)
v -0.444291 -0.205432 -0.343975
v -0.449708 -0.157211 -0.568344
v -0.449708 -0.193123 -0.219165
v 0.441025 -0.013752 -0.555910
v 0.446053 -0.062044 -0.331548
v 0.441025 -0.049664 -0.206731
v 0.349453 0.439097 0.128513
v 0.236585 0.439097 0.128513
v 0.236586 0.411497 0.135020
v 0.349452 0.370330 0.135020
v 0.215630 0.123443 0.139896
v 0.117192 0.180530 0.139896
v -0.074404 0.003830 0.135020
v -0.033806 -0.103086 0.135020
v -0.292290 -0.095183 0.128513
v -0.262066 -0.208051 0.128513
v -0.315739 -0.208051 0.128513
v 0.349453 -0.084162 -0.135012
v 0.349453 0.439097 -0.128504
v 0.349453 -0.084162 -0.204046
v 0.349453 0.507295 -0.197538
v 0.349453 0.507295 0.196479
v 0.349453 0.439097 0.128513
v 0.349452 0.370330 0.199168
v 0.349452 0.370330 0.135020
v 0.215630 0.123443 0.139896
v 0.215630 0.123443 0.205676
v -0.033806 -0.103086 0.200801
v -0.033806 -0.103086 0.135020
v -0.262066 -0.208051 0.197547
v -0.262066 -0.208051 0.128513
v -0.315739 -0.208051 0.128513
v -0.384773 -0.208051 0.197547
v -0.384773 -0.208051 -0.197538
v -0.315739 -0.208051 -0.128504
v -0.262066 -0.208051 -0.197538
v -0.262066 -0.208051 -0.128504
v 0.349453 -0.084162 -0.135012
v 0.349453 -0.084162 -0.204046
v 0.236585 0.411497 0.199169
v 0.236585 0.507295 0.196479
v 0.349453 0.507295 0.196479
v 0.349452 0.370330 0.199168
v 0.215630 0.123443 0.205676
v 0.117192 0.180530 0.205676
v -0.074404 0.003830 0.200801
v -0.033806 -0.103086 0.200801
v -0.292290 -0.095183 0.197547
v -0.262066 -0.208051 0.197547
v -0.384773 -0.208051 0.197547
v -0.384773 -0.095183 0.197547
v -0.384773 -0.208051 -0.197538
v -0.384773 -0.095183 0.197547
v -0.384773 -0.208051 0.197547
v -0.384773 -0.095183 -0.197538
v 0.236585 0.439097 -0.128504
v 0.349453 0.439097 0.128513
v 0.349453 0.439097 -0.128504
v 0.236585 0.439097 0.128513
v 0.349453 0.507295 -0.197538
v 0.349453 0.507295 0.196479
v 0.236585 0.507295 0.196479
v 0.236585 0.507295 -0.197538
v -0.315739 -0.208051 -0.128504
v -0.292290 -0.095183 -0.128504
v -0.262066 -0.208051 -0.128504
v 0.236585 0.007902 -0.135012
v 0.349453 -0.084162 -0.135012
v 0.349453 0.439097 -0.128504
v 0.236585 0.439097 -0.128504
v 0.236585 0.007902 -0.204046
v 0.349453 0.507295 -0.197538
v 0.236585 0.507295 -0.197538
v 0.349453 -0.084162 -0.204046
v -0.262066 -0.208051 -0.197538
v -0.292290 -0.095183 -0.197538
v -0.384773 -0.208051 -0.197538
v -0.384773 -0.095183 -0.197538
v -0.315739 -0.208051 -0.128504
v -0.315739 -0.208051 0.128513
v -0.292290 -0.095183 0.128513
v -0.292290 -0.095183 -0.128504
v 0.236585 0.007902 -0.204046
v 0.236585 0.439097 -0.128504
v 0.236585 0.007902 -0.135012
v 0.236585 0.507295 -0.197538
v 0.236585 0.439097 0.128513
v 0.236585 0.507295 0.196479
v 0.236585 0.411497 0.199169
v 0.236586 0.411497 0.135020
v 0.117192 0.180530 0.139896
v 0.117192 0.180530 0.205676
v -0.074404 0.003830 0.200801
v -0.074404 0.003830 0.135020
v -0.292290 -0.095183 0.197547
v -0.292290 -0.095183 0.128513
v -0.384773 -0.095183 0.197547
v -0.384773 -0.095183 -0.197538
v -0.292290 -0.095183 -0.128504
v -0.292290 -0.095183 -0.197538
v 0.236585 0.007902 -0.135012
v 0.236585 0.007902 -0.204046
v 0.214201 0.100157 0.207203
v 0.087597 0.175615 0.207203
v 0.151482 0.282802 0.214083
v 0.278086 0.207344 0.214083
v 0.341971 0.314531 0.207203
v 0.215366 0.389989 0.207203
v 0.089845 0.179386 0.101122
v 0.151482 0.282802 0.214083
v 0.087597 0.175615 0.207203
v 0.213119 0.386218 0.101122
v 0.215366 0.389989 0.207203
v 0.337372 0.306815 0.101122
v 0.278086 0.207344 0.214083
v 0.341971 0.314531 0.207203
v 0.218800 0.107873 0.101122
v 0.214201 0.100157 0.207203
v 0.089845 0.179386 0.101122
v 0.214201 0.100157 0.207203
v 0.218800 0.107873 0.101122
v 0.087597 0.175615 0.207203
v 0.215366 0.389989 0.207203
v 0.337372 0.306815 0.101122
v 0.341971 0.314531 0.207203
v 0.213119 0.386218 0.101122
v 0.089845 0.179386 0.101122
v 0.218800 0.107873 0.101122
v 0.337372 0.306815 0.101122
v 0.213119 0.386218 0.101122
v -0.210744 0.188753 -0.304641
v -0.210037 0.152357 -0.191111
v -0.295744 0.149459 -0.191363
v -0.296451 0.185855 -0.304892
v -0.210037 0.183644 -0.486931
v -0.295744 0.180746 -0.487182
v 0.233081 -0.222445 -0.176730
v 0.314321 -0.195082 -0.174358
v 0.333799 -0.232805 -0.341178
v 0.252560 -0.260168 -0.343550
v 0.233081 -0.183094 -0.565583
v 0.314321 -0.155731 -0.563212
v 0.233081 -0.183094 -0.565583
v 0.314321 -0.155731 -0.563212
v 0.282965 -0.060834 -0.584014
v 0.201725 -0.088198 -0.586385
v 0.175867 0.248234 -0.481333
v 0.094627 0.220870 -0.483704
v 0.314321 -0.155731 -0.563212
v 0.333799 -0.232805 -0.341178
v 0.314321 -0.195082 -0.174358
v 0.175867 0.216947 -0.185513
v 0.282965 -0.060834 -0.584014
v 0.175867 0.248234 -0.481333
v 0.169191 0.252261 -0.299136
v 0.094627 0.220870 -0.483704
v 0.175867 0.248234 -0.481333
v 0.169191 0.252261 -0.299136
v 0.087952 0.224897 -0.301508
v 0.094627 0.189583 -0.187885
v 0.175867 0.216947 -0.185513
v -0.195372 -0.242759 -0.570755
v -0.284401 -0.145679 -0.591367
v -0.281080 -0.245657 -0.571006
v -0.198693 -0.142781 -0.591116
v -0.295744 0.180746 -0.487182
v -0.210037 0.183644 -0.486931
v -0.210037 0.152357 -0.191111
v -0.195372 -0.282109 -0.181901
v -0.281080 -0.285008 -0.182152
v -0.295744 0.149459 -0.191363
v -0.195372 -0.242759 -0.570755
v -0.193309 -0.322989 -0.348994
v -0.195372 -0.282109 -0.181901
v -0.210037 0.152357 -0.191111
v -0.198693 -0.142781 -0.591116
v -0.210037 0.183644 -0.486931
v -0.210744 0.188753 -0.304641
v -0.363936 0.111194 -0.316533
v -0.363468 0.111889 -0.484212
v -0.349162 0.164225 -0.469479
v -0.349630 0.164407 -0.311921
v -0.349162 0.137119 -0.221907
v -0.363468 0.083029 -0.216399
v 0.258906 0.206094 -0.308308
v 0.263323 0.178645 -0.208111
v 0.231121 0.224305 -0.214350
v 0.226703 0.250876 -0.304426
v 0.231121 0.251410 -0.461923
v 0.263323 0.207505 -0.475924
v -0.418490 -0.278715 -0.219871
v -0.449708 -0.193123 -0.219165
v -0.060978 -0.179978 -0.218026
v -0.058049 -0.266527 -0.218815
v 0.188615 -0.226235 -0.215322
v 0.170965 -0.141453 -0.214687
v 0.441864 -0.140763 -0.207914
v 0.441025 -0.049664 -0.206731
v -0.444291 -0.205432 -0.343975
v -0.449708 -0.193123 -0.219165
v -0.418490 -0.278715 -0.219871
v -0.417146 -0.301324 -0.352287
v -0.418490 -0.245059 -0.543030
v -0.449708 -0.157211 -0.568344
v 0.446053 -0.062044 -0.331548
v 0.441025 -0.013752 -0.555910
v 0.441864 -0.107106 -0.531073
v 0.454550 -0.161316 -0.340152
v 0.441864 -0.140763 -0.207914
v 0.441025 -0.049664 -0.206731
v 0.263323 0.207505 -0.475924
v 0.334664 0.231534 -0.473842
v 0.330246 0.230123 -0.306225
v 0.258906 0.206094 -0.308308
v 0.334664 0.202674 -0.206029
v 0.263323 0.178645 -0.208111
v -0.058049 -0.232871 -0.541973
v -0.418490 -0.245059 -0.543030
v -0.417146 -0.301324 -0.352287
v -0.056706 -0.289136 -0.351230
v 0.196712 -0.248034 -0.347668
v 0.188615 -0.192579 -0.538481
v -0.058049 -0.266527 -0.218815
v -0.418490 -0.278715 -0.219871
v 0.188615 -0.226235 -0.215322
v 0.454550 -0.161316 -0.340152
v 0.441864 -0.107106 -0.531073
v 0.441864 -0.140763 -0.207914
v -0.449708 -0.193123 -0.219165
v -0.439201 0.108649 -0.316753
v -0.438733 0.080484 -0.216619
v -0.449708 -0.157211 -0.568344
v -0.438733 0.109344 -0.484432
v -0.060978 -0.144066 -0.567204
v -0.449708 -0.157211 -0.568344
v -0.418490 -0.245059 -0.543030
v -0.058049 -0.232871 -0.541973
v 0.188615 -0.192579 -0.538481
v 0.170965 -0.105541 -0.563865
v 0.441864 -0.107106 -0.531073
v 0.441025 -0.013752 -0.555910
v -0.363468 0.083029 -0.216399
v -0.449708 -0.193123 -0.219165
v -0.438733 0.080484 -0.216619
v -0.060978 -0.179978 -0.218026
v -0.070214 0.092945 -0.215539
v -0.349162 0.137119 -0.221907
v -0.072009 0.146491 -0.221095
v 0.170965 -0.141453 -0.214687
v 0.115306 0.125898 -0.212683
v 0.104493 0.178361 -0.218332
v 0.231121 0.224305 -0.214350
v 0.263323 0.178645 -0.208111
v 0.441025 -0.049664 -0.206731
v 0.334664 0.202674 -0.206029
v -0.072009 0.146491 -0.221095
v -0.349162 0.137119 -0.221907
v -0.349630 0.164407 -0.311921
v -0.072477 0.173778 -0.311109
v 0.104493 0.178361 -0.218332
v -0.072009 0.173596 -0.468667
v -0.349162 0.164225 -0.469479
v 0.104493 0.205467 -0.465905
v 0.101673 0.205366 -0.308371
v 0.231121 0.224305 -0.214350
v 0.231121 0.251410 -0.461923
v 0.226703 0.250876 -0.304426
v -0.449708 -0.157211 -0.568344
v -0.363468 0.111889 -0.484212
v -0.438733 0.109344 -0.484432
v -0.060978 -0.144066 -0.567204
v -0.070214 0.121805 -0.483352
v -0.349162 0.164225 -0.469479
v -0.072009 0.173596 -0.468667
v 0.170965 -0.105541 -0.563865
v 0.115306 0.154758 -0.480496
v 0.104493 0.205467 -0.465905
v 0.231121 0.251410 -0.461923
v 0.263323 0.207505 -0.475924
v 0.441025 -0.013752 -0.555910
v 0.334664 0.231534 -0.473842
v 0.094627 0.189583 -0.187885
v 0.175867 0.216947 -0.185513
v 0.314321 -0.195082 -0.174358
v 0.233081 -0.222445 -0.176730
v -0.281080 -0.285008 -0.182152
v -0.279017 -0.325887 -0.349246
v -0.281080 -0.245657 -0.571006
v -0.295744 0.149459 -0.191363
v -0.284401 -0.145679 -0.591367
v -0.295744 0.180746 -0.487182
v -0.296451 0.185855 -0.304892
v -0.195372 -0.282109 -0.181901
v -0.279017 -0.325887 -0.349246
v -0.281080 -0.285008 -0.182152
v -0.193309 -0.322989 -0.348994
v -0.281080 -0.245657 -0.571006
v -0.195372 -0.242759 -0.570755
v 0.233081 -0.222445 -0.176730
v 0.252560 -0.260168 -0.343550
v 0.233081 -0.183094 -0.565583
v 0.094627 0.189583 -0.187885
v 0.201725 -0.088198 -0.586385
v 0.094627 0.220870 -0.483704
v 0.087952 0.224897 -0.301508
v -0.363468 0.111889 -0.484212
v -0.439201 0.108649 -0.316753
v -0.438733 0.109344 -0.484432
v -0.363936 0.111194 -0.316533
v -0.363468 0.083029 -0.216399
v -0.438733 0.080484 -0.216619
v 0.334664 0.231534 -0.473842
v 0.441025 -0.013752 -0.555910
v 0.330246 0.230123 -0.306225
v 0.441025 -0.049664 -0.206731
v 0.334664 0.202674 -0.206029
v -0.155988 0.153061 -0.359680
v -0.046141 0.218371 -0.342749
v -0.138315 0.216272 -0.342931
v -0.040039 0.160809 -0.359008
v 0.044293 0.239430 -0.340924
v 0.076761 0.182237 -0.357151
v -0.138315 0.210163 -0.272448
v -0.155988 0.145013 -0.266824
v -0.155988 0.153061 -0.359680
v -0.138315 0.216272 -0.342931
v 0.044293 0.233321 -0.270441
v -0.046141 0.218371 -0.342749
v 0.044293 0.239430 -0.340924
v -0.046141 0.212262 -0.272266
v -0.138315 0.216272 -0.342931
v -0.138315 0.210163 -0.272448
v -0.138315 0.210163 -0.272448
v -0.046141 0.212262 -0.272266
v -0.155988 0.145013 -0.266824
v -0.040039 0.152761 -0.266152
v 0.044293 0.233321 -0.270441
v 0.076761 0.174189 -0.264295
v 0.076761 0.182237 -0.357151
v 0.076761 0.174189 -0.264295
v 0.044293 0.233321 -0.270441
v 0.044293 0.239430 -0.340924
v -0.191759 -0.042220 -0.577328
v -0.297744 -0.045357 -0.577790
v -0.297389 -0.067183 -0.508000
v -0.191405 -0.064046 -0.507538
v 0.152576 0.014049 -0.480711
v 0.150267 0.031425 -0.551845
v 0.250719 0.065024 -0.546898
v 0.253028 0.047648 -0.475765
v -0.297389 -0.067183 -0.508000
v -0.297744 -0.045357 -0.577790
v -0.301034 0.048666 -0.551428
v -0.300893 0.033745 -0.479702
v 0.250719 0.065024 -0.546898
v 0.281576 -0.022909 -0.576234
v 0.286150 -0.046742 -0.507254
v 0.253028 0.047648 -0.475765
v 0.150267 0.031425 -0.551845
v 0.181123 -0.056508 -0.581180
v 0.281576 -0.022909 -0.576234
v 0.250719 0.065024 -0.546898
v -0.300893 0.033745 -0.479702
v -0.301034 0.048666 -0.551428
v -0.195050 0.051802 -0.550966
v -0.194908 0.036882 -0.479240
v 0.185698 -0.080341 -0.512201
v 0.181123 -0.056508 -0.581180
v 0.150267 0.031425 -0.551845
v 0.152576 0.014049 -0.480711
v 0.281576 -0.022909 -0.576234
v 0.181123 -0.056508 -0.581180
v 0.185698 -0.080341 -0.512201
v 0.286150 -0.046742 -0.507254
v -0.195050 0.051802 -0.550966
v -0.191759 -0.042220 -0.577328
v -0.191405 -0.064046 -0.507538
v -0.194908 0.036882 -0.479240
v -0.297744 -0.045357 -0.577790
v -0.191759 -0.042220 -0.577328
v -0.195050 0.051802 -0.550966
v -0.301034 0.048666 -0.551428
v -0.080857 0.058265 -0.528677
v -0.268437 0.050229 -0.519799
v -0.267698 0.024470 -0.493360
v -0.078163 0.035852 -0.505252
v 0.107358 0.067655 -0.496161
v 0.104663 0.090068 -0.519585
v 0.200810 0.095058 -0.474333
v 0.199343 0.120715 -0.499649
v -0.259932 0.101395 -0.505172
v -0.083797 0.107392 -0.484801
v -0.262926 0.109657 -0.472978
v -0.082651 0.109095 -0.514146
v 0.093850 0.139853 -0.505353
v 0.092666 0.138353 -0.475950
v 0.174848 0.166300 -0.486617
v 0.172577 0.170663 -0.455538
v 0.093850 0.139853 -0.505353
v 0.199343 0.120715 -0.499649
v 0.174848 0.166300 -0.486617
v 0.104663 0.090068 -0.519585
v -0.082651 0.109095 -0.514146
v -0.080857 0.058265 -0.528677
v -0.259932 0.101395 -0.505172
v -0.268437 0.050229 -0.519799
v 0.424647 -0.011749 -0.392865
v 0.459942 0.012788 -0.384833
v 0.406947 0.114770 -0.384384
v 0.361388 0.109987 -0.392329
v 0.459942 0.012788 -0.384833
v 0.460078 0.012494 -0.302204
v 0.407083 0.114477 -0.301754
v 0.406947 0.114770 -0.384384
v 0.460078 0.012494 -0.302204
v 0.424810 -0.012099 -0.294230
v 0.361551 0.109637 -0.293694
v 0.407083 0.114477 -0.301754
v 0.424647 -0.011749 -0.392865
v 0.424810 -0.012099 -0.294230
v 0.460078 0.012494 -0.302204
v 0.459942 0.012788 -0.384833
v 0.406947 0.114770 -0.384384
v 0.407083 0.114477 -0.301754
v 0.361551 0.109637 -0.293694
v 0.361388 0.109987 -0.392329
v -0.434476 -0.155973 -0.327484
v -0.476753 -0.147204 -0.334410
v -0.470743 -0.033487 -0.318876
v -0.427302 -0.020229 -0.308941
v -0.476753 -0.147204 -0.334410
v -0.476663 -0.136025 -0.416281
v -0.470653 -0.022308 -0.400747
v -0.470743 -0.033487 -0.318876
v -0.476663 -0.136025 -0.416281
v -0.434368 -0.142628 -0.425213
v -0.427194 -0.006885 -0.406670
v -0.470653 -0.022308 -0.400747
v -0.434476 -0.155973 -0.327484
v -0.434368 -0.142628 -0.425213
v -0.476663 -0.136025 -0.416281
v -0.476753 -0.147204 -0.334410
v -0.470743 -0.033487 -0.318876
v -0.470653 -0.022308 -0.400747
v -0.427194 -0.006885 -0.406670
v -0.427302 -0.020229 -0.308941
vt 0.0847877264 0.388195544
vt 0.0847877264 0.388195544
vt 0.0847877264 0.388195544
vt 0.0847877264 0.388195544
vt 0.0847877264 0.388195544
vt 0.0847877264 0.388195544
vt 0.124566913 0.59635359
vt 0.124566913 0.59635359
vt 0.124566913 0.59635359
vt 0.124566913 0.59635359
vt 0.124566913 0.59635359
vt 0.124566913 0.59635359
vt 0.124566913 0.59635359
vt 0.124566913 0.59635359
vt 0.124566913 0.59635359
vt 0.124566913 0.59635359
vt 0.124566913 0.59635359
vt 0.124566913 0.59635359
vt 0.124566913 0.59635359
vt 0.124566913 0.59635359
vt 0.124566913 0.59635359
vt 0.124566913 0.59635359
vt 0.124566913 0.59635359
vt 0.124566913 0.59635359
vt 0.124566913 0.59635359
vt 0.124566913 0.59635359
vt 0.124566913 0.59635359
vt 0.124566913 0.59635359
vt 0.124566913 0.59635359
vt 0.124566913 0.59635359
vt 0.124566913 0.59635359
vt 0.124566913 0.59635359
vt 0.124566913 0.59635359
vt 0.124566913 0.59635359
vt 0.124566913 0.59635359
vt 0.124566913 0.59635359
vt 0.124566913 0.59635359
vt 0.124566913 0.59635359
vt 0.124566913 0.59635359
vt 0.124566913 0.59635359
vt 0.124566913 0.59635359
vt 0.124566913 0.59635359
vt 0.124566913 0.59635359
vt 0.124566913 0.59635359
vt 0.124566913 0.59635359
vt 0.124566913 0.59635359
vt 0.124566913 0.59635359
vt 0.124566913 0.59635359
vt 0.124566913 0.59635359
vt 0.124566913 0.59635359
vt 0.124566913 0.59635359
vt 0.124566913 0.59635359
vt 0.124566913 0.59635359
vt 0.124566913 0.59635359
vt 0.124566913 0.59635359
vt 0.124566913 0.59635359
vt 0.124566913 0.59635359
vt 0.124566913 0.59635359
vt 0.124566913 0.59635359
vt 0.124566913 0.59635359
vt 0.124566913 0.59635359
vt 0.124566913 0.59635359
vt 0.124566913 0.59635359
vt 0.124566913 0.59635359
vt 0.124566913 0.59635359
vt 0.124566913 0.59635359
vt 0.124566913 0.59635359
vt 0.124566913 0.59635359
vt 0.124566913 0.59635359
vt 0.124566913 0.59635359
vt 0.124566913 0.59635359
vt 0.124566913 0.59635359
vt 0.124566913 0.59635359
vt 0.124566913 0.59635359
vt 0.124566913 0.59635359
vt 0.124566913 0.59635359
vt 0.124566913 0.59635359
vt 0.124566913 0.59635359
vt 0.124566913 0.59635359
vt 0.124566913 0.59635359
vt 0.124566913 0.59635359
vt 0.124566913 0.59635359
vt 0.124566913 0.59635359
vt 0.124566913 0.59635359
vt 0.124566913 0.59635359
vt 0.124566913 0.59635359
vt 0.124566913 0.59635359
vt 0.124566913 0.59635359
vt 0.124566913 0.59635359
vt 0.124566913 0.59635359
vt 0.124566913 0.59635359
vt 0.124566913 0.59635359
vt 0.124566913 0.59635359
vt 0.124566913 0.59635359
vt 0.124566913 0.59635359
vt 0.124566913 0.59635359
vt 0.124566913 0.59635359
vt 0.124566913 0.59635359
vt 0.124566913 0.59635359
vt 0.124566913 0.59635359
vt 0.124566913 0.59635359
vt 0.124566913 0.59635359
vt 0.843526661 0.37769407
vt 0.843526661 0.37769407
vt 0.843526661 0.37769407
vt 0.843526661 0.37769407
vt 0.843526661 0.37769407
vt 0.843526661 0.37769407
vt 0.843526661 0.37769407
vt 0.843526661 0.37769407
vt 0.843526661 0.37769407
vt 0.843526661 0.37769407
vt 0.843526661 0.37769407
vt 0.843526661 0.37769407
vt 0.843526661 0.37769407
vt 0.843526661 0.37769407
vt 0.843526661 0.37769407
vt 0.843526661 0.37769407
vt 0.843526661 0.37769407
vt 0.843526661 0.37769407
vt 0.843526661 0.37769407
vt 0.843526661 0.37769407
vt 0.843526661 0.37769407
vt 0.843526661 0.37769407
vt 0.843526661 0.37769407
vt 0.843526661 0.37769407
vt 0.843526661 0.37769407
vt 0.843526661 0.37769407
vt 0.843526661 0.37769407
vt 0.843526661 0.37769407
vt 0.117225438 0.616347611
vt 0.117225438 0.616347611
vt 0.117225438 0.616347611
vt 0.117225438 0.616347611
vt 0.117225438 0.616347611
vt 0.117225438 0.616347611
vt 0.117225438 0.616347611
vt 0.117225438 0.616347611
vt 0.117225438 0.616347611
vt 0.117225438 0.616347611
vt 0.117225438 0.616347611
vt 0.117225438 0.616347611
vt 0.117225438 0.616347611
vt 0.117225438 0.616347611
vt 0.117225438 0.616347611
vt 0.117225438 0.616347611
vt 0.117225438 0.616347611
vt 0.117225438 0.616347611
vt 0.117235452 0.61635524
vt 0.117235452 0.61635524
vt 0.117235452 0.61635524
vt 0.117235452 0.61635524
vt 0.117235452 0.61635524
vt 0.117235452 0.61635524
vt 0.117235452 0.61635524
vt 0.117225438 0.616347611
vt 0.117225438 0.616347611
vt 0.117225438 0.616347611
vt 0.117225438 0.616347611
vt 0.117225438 0.616347611
vt 0.117225438 0.616347611
vt 0.117225438 0.616347611
vt 0.117225438 0.616347611
vt 0.117225438 0.616347611
vt 0.117225438 0.616347611
vt 0.117225438 0.616347611
vt 0.117225438 0.616347611
vt 0.117225438 0.616347611
vt 0.117225438 0.616347611
vt 0.117225438 0.616347611
vt 0.117225438 0.616347611
vt 0.117235452 0.61635524
vt 0.117235452 0.61635524
vt 0.117235452 0.61635524
vt 0.117235452 0.61635524
vt 0.117235452 0.61635524
vt 0.117235452 0.61635524
vt 0.117235452 0.61635524
vt 0.0861149356 0.375608444
vt 0.0861149356 0.375608444
vt 0.0861149356 0.375608444
vt 0.0861149356 0.375608444
vt 0.0861149356 0.375608444
vt 0.0861149356 0.375608444
vt 0.0861149356 0.375608444
vt 0.0861149356 0.375608444
vt 0.0861149356 0.375608444
vt 0.0861149356 0.375608444
vt 0.0861149356 0.375608444
vt 0.0861149356 0.375608444
vt 0.88090694 0.379988849
vt 0.88090694 0.379988849
vt 0.880877018 0.37998879
vt 0.88090694 0.379988849
vt 0.88090688 0.379988849
vt 0.880865991 0.37998879
vt 0.88090694 0.379988849
vt 0.880847037 0.37998876
vt 0.88090694 0.379988849
vt 0.88090694 0.379988849
vt 0.88090694 0.379988849
vt 0.88090694 0.379988849
vt 0.88090694 0.379988849
vt 0.88090694 0.379988849
vt 0.88090694 0.379988849
vt 0.88090694 0.379988849
vt 0.88090694 0.379988849
vt 0.88090694 0.379988849
vt 0.88090694 0.379988849
vt 0.88090694 0.379988849
vt 0.0861149505 0.375608414
vt 0.0861149505 0.375608414
vt 0.0861149505 0.375608414
vt 0.0861149505 0.375608414
vt 0.0861149505 0.375608414
vt 0.0861149505 0.375608414
vt 0.88090694 0.379988849
vt 0.88090694 0.379988849
vt 0.88090694 0.379988849
vt 0.88090694 0.379988849
vt 0.88090694 0.379988849
vt 0.88090694 0.379988849
vt 0.88090694 0.379988849
vt 0.88090694 0.379988849
vt 0.88090688 0.379988849
vt 0.88090694 0.379988849
vt 0.88090694 0.379988849
vt 0.88090694 0.379988849
vt 0.0861149505 0.375608414
vt 0.0861149505 0.375608414
vt 0.0861149505 0.375608414
vt 0.0861149505 0.375608414
vt 0.0861149505 0.375608414
vt 0.880877018 0.37998879
vt 0.880847037 0.37998876
vt 0.88090694 0.379988849
vt 0.88090694 0.379988849
vt 0.88090694 0.379988849
vt 0.880887985 0.379988819
vt 0.88090694 0.379988849
vt 0.88090694 0.379988849
vt 0.0861149505 0.375608414
vt 0.0861164555 0.375608414
vt 0.0861149505 0.375608414
vt 0.086115703 0.375608414
vt 0.0861149356 0.375608444
vt 0.0861149356 0.375608444
vt 0.0861149356 0.375608444
vt 0.0861154273 0.375608414
vt 0.0861149505 0.375608444
vt 0.0861149356 0.375608444
vt 0.0861149356 0.375608444
vt 0.0861149505 0.375608414
vt 0.0861149505 0.375608414
vt 0.0861149505 0.375608414
vt 0.0861149356 0.375608444
vt 0.0861149356 0.375608444
vt 0.0861149356 0.375608444
vt 0.0861149356 0.375608444
vt 0.0861149356 0.375608444
vt 0.0861149356 0.375608444
vt 0.0861149356 0.375608444
vt 0.0861149356 0.375608444
vt 0.0861149356 0.375608444
vt 0.0861149356 0.375608444
vt 0.0861149356 0.375608444
vt 0.0861149356 0.375608444
vt 0.0861149505 0.375608414
vt 0.0861149356 0.375608444
vt 0.0861149505 0.375608414
vt 0.086115703 0.375608414
vt 0.0861149356 0.375608444
vt 0.0861149356 0.375608444
vt 0.0861149356 0.375608444
vt 0.0861159787 0.375608414
vt 0.0861149281 0.375608444
vt 0.0861149356 0.375608444
vt 0.0861149356 0.375608444
vt 0.0861149505 0.375608414
vt 0.0861164555 0.375608414
vt 0.0861149505 0.375608414
vt 0.117225438 0.616347611
vt 0.117225438 0.616347611
vt 0.117225438 0.616347611
vt 0.117225438 0.616347611
vt 0.117235452 0.61635524
vt 0.117235452 0.61635524
vt 0.117235452 0.61635524
vt 0.117235452 0.61635524
vt 0.117235452 0.61635524
vt 0.117235452 0.61635524
vt 0.117235452 0.61635524
vt 0.117225438 0.616347611
vt 0.117225438 0.616347611
vt 0.117225438 0.616347611
vt 0.117225438 0.616347611
vt 0.117225438 0.616347611
vt 0.117225438 0.616347611
vt 0.117235452 0.61635524
vt 0.117235452 0.61635524
vt 0.117235452 0.61635524
vt 0.117235452 0.61635524
vt 0.117235452 0.61635524
vt 0.117235452 0.61635524
vt 0.117235452 0.61635524
vt 0.0861149505 0.375608414
vt 0.0861149505 0.375608414
vt 0.0861149505 0.375608414
vt 0.0861149505 0.375608414
vt 0.0861149505 0.375608414
vt 0.0861149505 0.375608414
vt 0.0861149505 0.375608414
vt 0.0861149505 0.375608414
vt 0.0861149505 0.375608414
vt 0.0861149505 0.375608414
vt 0.0861149505 0.375608414
vt 0.595258057 0.383894384
vt 0.595258057 0.383894384
vt 0.595258057 0.383894384
vt 0.595258057 0.383894384
vt 0.595258057 0.383894384
vt 0.595258057 0.383894384
vt 0.595258057 0.383894384
vt 0.595258057 0.383894384
vt 0.595258057 0.383894384
vt 0.595258057 0.383894384
vt 0.595258057 0.383894384
vt 0.595258057 0.383894384
vt 0.595258057 0.383894384
vt 0.595258057 0.383894384
vt 0.595258057 0.383894384
vt 0.595258057 0.383894384
vt 0.595258057 0.383894384
vt 0.595258057 0.383894384
vt 0.595258057 0.383894384
vt 0.595258057 0.383894384
vt 0.595258057 0.383894384
vt 0.595258057 0.383894384
vt 0.595258057 0.383894384
vt 0.595258057 0.383894384
vt 0.595258057 0.383894384
vt 0.595258057 0.383894384
vt 0.585012913 0.616347611
vt 0.585012913 0.616347611
vt 0.585012913 0.616347611
vt 0.585012913 0.616347611
vt 0.585012913 0.616347611
vt 0.585012913 0.616347611
vt 0.585012913 0.616347611
vt 0.585012913 0.616347611
vt 0.585012913 0.616347611
vt 0.585012913 0.616347611
vt 0.585012913 0.616347611
vt 0.585012913 0.616347611
vt 0.585012913 0.616347611
vt 0.585012913 0.616347611
vt 0.585012913 0.616347611
vt 0.585012913 0.616347611
vt 0.585012913 0.616347611
vt 0.585012913 0.616347611
vt 0.585012913 0.616347611
vt 0.585012913 0.616347611
vt 0.585012913 0.616347611
vt 0.585012913 0.616347611
vt 0.585012913 0.616347611
vt 0.585012913 0.616347611
vt 0.585012913 0.616347611
vt 0.585012913 0.616347611
vt 0.585012913 0.616347611
vt 0.585012913 0.616347611
vt 0.585012913 0.616347611
vt 0.585012913 0.616347611
vt 0.585012913 0.616347611
vt 0.585012913 0.616347611
vt 0.585012913 0.616347611
vt 0.585012913 0.616347611
vt 0.585012913 0.616347611
vt 0.585012913 0.616347611
vt 0.585012913 0.616347611
vt 0.585012913 0.616347611
vt 0.585012913 0.616347611
vt 0.585012913 0.616347611
vt 0.857553899 0.260713249
vt 0.857553899 0.260713249
vt 0.857553899 0.260713249
vt 0.857553899 0.260713249
vt 0.857553899 0.260713249
vt 0.857553899 0.260713249
vt 0.857553899 0.260713249
vt 0.857553899 0.260713249
vt 0.857553899 0.260713249
vt 0.857553899 0.260713249
vt 0.857553899 0.260713249
vt 0.857553899 0.260713249
vt 0.857553899 0.260713249
vt 0.857553899 0.260713249
vt 0.857553899 0.260713249
vt 0.857553899 0.260713249
vt 0.857553899 0.260713249
vt 0.857553899 0.260713249
vt 0.857553899 0.260713249
vt 0.857553899 0.260713249
vt 0.857553899 0.260713249
vt 0.857553899 0.260713249
vt 0.857553899 0.260713249
vt 0.857553899 0.260713249
vt 0.42203337 0.372792631
vt 0.42203337 0.372796685
vt 0.422037423 0.372796685
vt 0.422037423 0.372792631
vt 0.42203337 0.372792631
vt 0.42203337 0.372796685
vt 0.422037423 0.372796685
vt 0.422037423 0.372792631
vt 0.42203337 0.372792631
vt 0.42203337 0.372796685
vt 0.422037423 0.372796685
vt 0.422037423 0.372792631
vt 0.42203337 0.372792631
vt 0.42203337 0.372796685
vt 0.422037423 0.372796685
vt 0.422037423 0.372792631
vt 0.42203337 0.372792631
vt 0.42203337 0.372796685
vt 0.422037423 0.372796685
vt 0.422037423 0.372792631
vt 0.42203337 0.372792631
vt 0.42203337 0.372796685
vt 0.422037423 0.372796685
vt 0.422037423 0.372792631
vt 0.42203337 0.372792631
vt 0.42203337 0.372796685
vt 0.422037423 0.372796685
vt 0.422037423 0.372792631
vt 0.42203337 0.372792631
vt 0.42203337 0.372796685
vt 0.422037423 0.372796685
vt 0.422037423 0.372792631
vt 0.42203337 0.372792631
vt 0.42203337 0.372796685
vt 0.422037423 0.372796685
vt 0.422037423 0.372792631
vt 0.42203337 0.372792631
vt 0.42203337 0.372796685
vt 0.422037423 0.372796685
vt 0.422037423 0.372792631
vn -0.966183 -0.256913 -0.022046
vn -0.989931 -0.139717 -0.022714
vn -0.987422 -0.158100 -0.001694
vn 0.976101 0.217063 0.010507
vn 0.992507 0.120851 0.018029
vn 0.978973 0.199744 0.041405
vn -0.029008 -0.115484 -0.992886
vn -0.000000 -0.229492 -0.973311
vn -0.008872 -0.107758 -0.994138
vn -0.019117 -0.052413 -0.998443
vn 0.000341 -0.002748 -0.999996
vn 0.000897 0.001546 -0.999998
vn 0.018812 0.008494 -0.999787
vn 0.020836 0.007450 -0.999755
vn 0.020019 0.005952 -0.999782
vn 0.013121 0.003513 -0.999908
vn -0.000001 -0.000000 -1.000000
vn 1.000000 0.000000 -0.000000
vn 1.000000 -0.000000 -0.000000
vn 1.000000 0.000000 -0.000000
vn 1.000000 -0.000000 -0.000000
vn 1.000000 -0.000001 0.000001
vn 1.000000 -0.000001 0.000001
vn 0.968464 -0.249155 0.000000
vn 0.971443 -0.237271 -0.000000
vn 0.786951 -0.617015 -0.000000
vn 0.786561 -0.617512 -0.000000
vn 0.552620 -0.833433 -0.000000
vn 0.549848 -0.835265 -0.000000
vn 0.214719 -0.976676 -0.000000
vn 0.212063 -0.977256 -0.000000
vn -0.000000 -1.000000 -0.000000
vn -0.000000 -1.000000 -0.000000
vn 0.000000 -1.000000 0.000000
vn 0.000000 -1.000000 0.000000
vn 0.100106 -0.994977 0.000000
vn 0.099444 -0.995043 -0.000000
vn 0.198557 -0.980089 -0.000000
vn 0.198557 -0.980089 -0.000000
vn 0.006359 0.022725 0.999722
vn -0.000000 0.028060 0.999606
vn 0.003951 0.023407 0.999718
vn 0.007626 0.020906 0.999752
vn 0.001219 0.005749 0.999983
vn 0.000565 0.000975 0.999999
vn -0.013267 -0.006388 0.999892
vn -0.013485 -0.004890 0.999897
vn -0.006178 -0.001837 0.999979
vn -0.006561 -0.001757 0.999977
vn 0.000001 0.000000 1.000000
vn 0.000001 0.000000 1.000000
vn -1.000000 0.000000 -0.000000
vn -1.000000 0.000000 -0.000000
vn -1.000000 0.000000 -0.000000
vn -1.000000 0.000000 -0.000000
vn -0.000000 -1.000000 -0.000000
vn -0.000000 -1.000000 -0.000000
vn -0.000000 -1.000000 -0.000000
vn -0.000000 -1.000000 -0.000000
vn -0.000000 1.000000 -0.000000
vn -0.000000 1.000000 -0.000000
vn -0.000000 1.000000 -0.000000
vn -0.000000 1.000000 -0.000000
vn -0.000001 -0.000000 1.000000
vn 0.008922 0.002389 0.999957
vn 0.006265 0.002257 0.999978
vn -0.000063 -0.001468 0.999999
vn -0.000823 -0.001009 0.999999
vn -0.001653 -0.014658 0.999891
vn -0.000000 -0.015091 0.999886
vn -0.000387 0.000702 -1.000000
vn 0.001270 0.012744 -0.999918
vn -0.000000 0.013031 -0.999915
vn 0.000237 0.000291 -1.000000
vn -0.006265 -0.002257 -0.999978
vn -0.005267 -0.001410 -0.999985
vn 0.000000 0.000000 -1.000000
vn 0.000000 0.000000 -1.000000
vn 0.979094 -0.203407 -0.000000
vn 0.979094 -0.203407 -0.000000
vn 0.979094 -0.203407 -0.000000
vn 0.979094 -0.203407 -0.000000
vn -1.000000 -0.000000 -0.000000
vn -1.000000 -0.000000 -0.000000
vn -1.000000 -0.000000 -0.000000
vn -1.000000 0.000000 -0.000000
vn -1.000000 -0.000004 -0.000002
vn -1.000000 0.000000 -0.000000
vn -0.970702 0.240285 -0.000004
vn -0.975812 0.218614 -0.000008
vn -0.795201 0.606346 -0.000001
vn -0.794982 0.606633 -0.000000
vn -0.554197 0.832385 0.000000
vn -0.550874 0.834588 0.000000
vn -0.212563 0.977147 -0.000000
vn -0.139084 0.990281 -0.000000
vn 0.000001 1.000000 -0.000000
vn 0.000001 1.000000 -0.000000
vn -0.063705 0.997969 -0.000000
vn -0.096470 0.995336 -0.000000
vn -0.191315 0.981529 -0.000000
vn -0.191315 0.981529 -0.000000
vn -0.028186 -0.047290 0.998483
vn -0.028185 -0.047290 0.998483
vn -0.000000 0.000000 1.000000
vn -0.000000 0.000000 1.000000
vn 0.028186 0.047290 0.998483
vn 0.028185 0.047290 0.998483
vn -0.859001 0.511975 -0.000000
vn -0.859000 0.511975 -0.000000
vn -0.859001 0.511974 -0.000000
vn -0.859000 0.511975 -0.000001
vn -0.859000 0.511975 -0.000000
vn 0.859001 -0.511974 -0.000000
vn 0.859001 -0.511974 -0.000000
vn 0.859001 -0.511975 -0.000000
vn 0.859001 -0.511974 -0.000000
vn 0.859001 -0.511974 -0.000000
vn -0.500441 -0.863793 -0.058481
vn -0.494652 -0.866483 -0.067277
vn -0.483246 -0.871414 -0.084329
vn -0.511537 -0.858266 -0.041346
vn 0.527104 0.847786 -0.058479
vn 0.521404 0.850653 -0.067282
vn 0.510150 0.855938 -0.084370
vn 0.538020 0.841918 -0.041324
vn -0.000000 0.000000 -1.000000
vn -0.000000 0.000000 -1.000000
vn -0.000000 0.000000 -1.000000
vn -0.000000 0.000000 -1.000000
vn -0.033871 0.989500 0.140507
vn -0.033075 0.951681 0.305302
vn -0.033075 0.951681 0.305302
vn -0.033871 0.989476 0.140680
vn -0.033700 0.999036 -0.028130
vn -0.033700 0.999036 -0.028130
vn 0.303178 -0.921240 0.243720
vn 0.303178 -0.921240 0.243720
vn 0.320104 -0.946104 -0.049202
vn 0.320082 -0.946214 -0.047183
vn 0.309443 -0.889598 -0.335948
vn 0.309443 -0.889598 -0.335948
vn 0.090727 -0.184542 -0.978628
vn 0.090727 -0.184542 -0.978628
vn 0.010382 0.055711 -0.998393
vn 0.010382 0.055711 -0.998393
vn -0.070634 0.292367 -0.953694
vn -0.070634 0.292367 -0.953694
vn 0.947235 0.318878 0.032609
vn 0.947235 0.318878 0.032609
vn 0.947235 0.318878 0.032609
vn 0.947235 0.318878 0.032609
vn 0.947235 0.318878 0.032609
vn 0.947235 0.318878 0.032609
vn 0.947235 0.318878 0.032609
vn -0.318177 0.947471 -0.032599
vn -0.318177 0.947471 -0.032599
vn -0.319832 0.937936 0.134101
vn -0.319805 0.937713 0.135718
vn -0.312455 0.901772 0.298628
vn -0.312455 0.901772 0.298628
vn 0.009609 -0.199246 -0.979902
vn 0.001099 0.054028 -0.998539
vn 0.009609 -0.199246 -0.979902
vn 0.001099 0.054028 -0.998539
vn -0.007481 0.303814 -0.952702
vn -0.007481 0.303814 -0.952702
vn -0.003642 0.021072 0.999771
vn -0.003642 0.021072 0.999771
vn -0.003642 0.021072 0.999771
vn -0.003642 0.021072 0.999771
vn 0.999423 0.033775 0.003454
vn 0.999423 0.033775 0.003454
vn 0.999423 0.033775 0.003454
vn 0.999423 0.033775 0.003454
vn 0.999423 0.033775 0.003454
vn 0.999423 0.033775 0.003454
vn 0.999423 0.033775 0.003454
vn -0.965251 0.258233 0.040078
vn -0.964495 0.264096 -0.001597
vn -0.964711 0.263302 -0.001893
vn -0.965841 0.256414 0.037469
vn -0.962531 0.259341 0.079227
vn -0.961791 0.262352 0.078287
vn 0.811053 0.579782 0.077757
vn 0.802776 0.583167 0.124362
vn 0.805049 0.579737 0.125699
vn 0.812669 0.577881 0.074987
vn 0.810550 0.585092 0.025997
vn 0.810060 0.585757 0.026282
vn -0.002619 -0.009200 0.999954
vn -0.002619 -0.009200 0.999954
vn -0.007663 -0.009404 0.999926
vn -0.007397 -0.009361 0.999929
vn -0.018663 -0.011312 0.999762
vn -0.019023 -0.011491 0.999753
vn -0.024957 -0.013121 0.999602
vn -0.024914 -0.013271 0.999601
vn -0.966183 -0.256913 -0.022046
vn -0.987422 -0.158100 -0.001694
vn -0.949068 -0.314866 0.011381
vn -0.962446 -0.270854 -0.018332
vn -0.942783 -0.328532 -0.056799
vn -0.989931 -0.139717 -0.022714
vn 0.992507 0.120851 0.018029
vn 0.976101 0.217063 0.010507
vn 0.999378 0.023510 -0.026287
vn 0.996304 0.083548 0.019976
vn 0.997636 0.037435 0.057631
vn 0.978973 0.199744 0.041405
vn -0.319190 0.947691 -0.000435
vn -0.319190 0.947691 -0.000435
vn -0.319866 0.938214 0.132061
vn -0.319841 0.938014 0.133531
vn -0.314810 0.911797 0.263667
vn -0.314810 0.911797 0.263667
vn 0.096291 -0.954414 -0.282528
vn 0.033242 -0.958547 -0.282988
vn 0.033909 -0.997703 -0.058641
vn 0.096921 -0.993563 -0.058644
vn 0.241114 -0.968878 -0.056031
vn 0.237365 -0.929996 -0.280651
vn 0.095083 -0.981054 0.168800
vn 0.032818 -0.985148 0.168541
vn 0.233892 -0.956887 0.172225
vn 0.320380 -0.945737 -0.054203
vn 0.314429 -0.907490 -0.278563
vn 0.310247 -0.934411 0.174994
vn -0.987422 -0.158100 -0.001694
vn -0.999219 0.039041 0.006084
vn -0.999076 0.039927 0.015898
vn -0.989931 -0.139717 -0.022714
vn -0.999116 0.041959 -0.002613
vn 0.008920 0.002872 -0.999956
vn 0.001620 0.038703 -0.999249
vn 0.012048 -0.272915 -0.961963
vn 0.034063 -0.272105 -0.961665
vn 0.085853 -0.263160 -0.960925
vn 0.021220 0.002157 -0.999773
vn 0.114753 -0.254844 -0.960149
vn 0.015365 0.041562 -0.999018
vn -0.003718 0.023310 0.999721
vn -0.002619 -0.009200 0.999954
vn -0.002619 -0.009200 0.999954
vn -0.007663 -0.009404 0.999926
vn -0.013490 0.044021 0.998940
vn -0.006397 0.102985 0.994662
vn -0.020522 0.102330 0.994539
vn -0.019023 -0.011491 0.999753
vn -0.033658 0.039800 0.998641
vn -0.049966 0.096742 0.994055
vn -0.063588 0.091675 0.993757
vn -0.036431 0.017480 0.999183
vn -0.024914 -0.013271 0.999601
vn -0.024733 -0.013208 0.999607
vn -0.103379 0.951716 0.289048
vn -0.033191 0.956418 0.290109
vn -0.033860 0.988688 0.146114
vn -0.106911 0.983526 0.145765
vn -0.254758 0.924084 0.284898
vn -0.105715 0.994395 -0.001463
vn -0.033791 0.999428 -0.001256
vn -0.260156 0.965559 -0.003835
vn -0.262136 0.954456 0.142475
vn -0.335693 0.899054 0.281092
vn -0.341330 0.939925 -0.005906
vn -0.342605 0.929281 0.138055
vn 0.001620 0.038703 -0.999249
vn -0.007087 0.292472 -0.956248
vn -0.007368 0.300541 -0.953741
vn 0.008920 0.002872 -0.999956
vn -0.021185 0.286399 -0.957876
vn -0.006397 0.272581 -0.962111
vn -0.020522 0.271916 -0.962102
vn 0.021220 0.002157 -0.999773
vn -0.052787 0.280739 -0.958331
vn -0.049966 0.266328 -0.962586
vn -0.063588 0.261284 -0.963165
vn -0.068728 0.281002 -0.957243
vn 0.015365 0.041562 -0.999018
vn -0.069562 0.289267 -0.954718
vn -0.034392 0.015498 0.999288
vn -0.034392 0.015498 0.999288
vn -0.034392 0.015498 0.999288
vn -0.034392 0.015498 0.999288
vn -0.999423 -0.033776 -0.003454
vn -0.999423 -0.033776 -0.003454
vn -0.999423 -0.033776 -0.003454
vn -0.999423 -0.033776 -0.003454
vn -0.999423 -0.033776 -0.003454
vn -0.999423 -0.033776 -0.003454
vn -0.999423 -0.033776 -0.003454
vn 0.032129 -0.970759 0.237895
vn 0.033904 -0.997998 -0.053384
vn 0.032129 -0.970759 0.237895
vn 0.033904 -0.997987 -0.053597
vn 0.032775 -0.939747 -0.340295
vn 0.032775 -0.939747 -0.340295
vn -0.947235 -0.318878 -0.032609
vn -0.947235 -0.318878 -0.032609
vn -0.947235 -0.318878 -0.032609
vn -0.947235 -0.318878 -0.032609
vn -0.947235 -0.318878 -0.032609
vn -0.947235 -0.318878 -0.032609
vn -0.947235 -0.318878 -0.032609
vn -0.033807 0.999420 0.004048
vn -0.033874 0.989749 0.138744
vn -0.033807 0.999420 0.004048
vn -0.033875 0.989771 0.138586
vn -0.033325 0.962071 0.270756
vn -0.033325 0.962071 0.270757
vn 0.920443 0.389905 0.027543
vn 0.976101 0.217063 0.010507
vn 0.921676 0.385352 0.044905
vn 0.978973 0.199744 0.041405
vn 0.919569 0.387416 0.065585
vn -0.007286 0.262405 -0.964930
vn -0.026503 0.266871 -0.963368
vn -0.003950 0.257163 -0.966360
vn -0.025308 0.266871 -0.963400
vn -0.034892 0.259432 -0.965131
vn -0.031634 0.256163 -0.966116
vn -0.964368 0.263576 0.022845
vn -0.964368 0.263576 0.022845
vn -0.964368 0.263576 0.022845
vn -0.964368 0.263576 0.022844
vn -0.227600 0.970118 0.084082
vn -0.125899 0.988338 0.085662
vn -0.227600 0.970118 0.084082
vn -0.125899 0.988338 0.085661
vn -0.022853 0.996005 0.086325
vn -0.022853 0.996005 0.086325
vn -0.003949 0.087065 0.996195
vn -0.026524 0.097152 0.994916
vn -0.007293 0.092486 0.995687
vn -0.025308 0.097137 0.994949
vn -0.034893 0.089511 0.995374
vn -0.031634 0.086122 0.995782
vn 0.873936 0.484226 0.041969
vn 0.873936 0.484226 0.041969
vn 0.873936 0.484226 0.041969
vn 0.873936 0.484226 0.041969
vn 0.029534 -0.953958 -0.298482
vn 0.029534 -0.953958 -0.298482
vn 0.029534 -0.953958 -0.298482
vn 0.029534 -0.953958 -0.298482
vn -0.318721 0.918339 0.234669
vn -0.318721 0.918339 0.234669
vn -0.318721 0.918339 0.234669
vn -0.318721 0.918339 0.234669
vn -0.999429 -0.033385 -0.005165
vn -0.999429 -0.033385 -0.005165
vn -0.999429 -0.033385 -0.005165
vn -0.999429 -0.033385 -0.005165
vn 0.947324 0.316860 0.046650
vn 0.947324 0.316860 0.046650
vn 0.947324 0.316860 0.046650
vn 0.947324 0.316860 0.046650
vn -0.053154 0.299180 -0.952715
vn -0.053154 0.299180 -0.952715
vn -0.053154 0.299180 -0.952715
vn -0.053154 0.299180 -0.952715
vn -0.029850 0.978594 0.203622
vn -0.029850 0.978594 0.203622
vn -0.029850 0.978594 0.203622
vn -0.029850 0.978594 0.203622
vn -0.947324 -0.316860 -0.046649
vn -0.947324 -0.316860 -0.046649
vn -0.947324 -0.316860 -0.046649
vn -0.947324 -0.316860 -0.046649
vn 0.314105 -0.890713 -0.328585
vn 0.314105 -0.890713 -0.328585
vn 0.314105 -0.890713 -0.328585
vn 0.314105 -0.890713 -0.328585
vn 0.999429 0.033385 0.005163
vn 0.999429 0.033385 0.005163
vn 0.999429 0.033385 0.005163
vn 0.999429 0.033385 0.005163
vn -0.003789 0.269842 -0.962897
vn -0.003789 0.269842 -0.962897
vn -0.003789 0.269842 -0.962897
vn -0.003789 0.269842 -0.962897
vn 0.077006 -0.715561 -0.694293
vn -0.002343 -0.716275 -0.697814
vn -0.002078 -0.716983 -0.697088
vn 0.077529 -0.715892 -0.693893
vn 0.254442 -0.683972 -0.683696
vn 0.253071 -0.683371 -0.684806
vn 0.351275 -0.649070 -0.674770
vn 0.351888 -0.647158 -0.676285
vn -0.007745 0.975425 -0.220196
vn -0.103355 0.994004 0.035686
vn -0.004185 0.968510 -0.248941
vn -0.109427 0.992564 0.053316
vn -0.242891 0.969227 0.040043
vn -0.253311 0.967205 0.018643
vn -0.333448 0.935259 -0.118758
vn -0.336039 0.929009 -0.154982
vn 0.055307 0.290577 -0.955252
vn 0.108271 0.315846 -0.942613
vn 0.110151 0.327460 -0.938423
vn 0.050379 0.284615 -0.957317
vn -0.028956 0.273802 -0.961350
vn -0.031323 0.274739 -0.961008
vn -0.057947 0.281416 -0.957835
vn -0.057444 0.283225 -0.957332
vn 0.162085 0.088556 -0.982795
vn 0.162085 0.088556 -0.982795
vn 0.162085 0.088556 -0.982795
vn 0.162085 0.088556 -0.982795
vn 0.887346 0.461104 0.000172
vn 0.887346 0.461104 0.000172
vn 0.887346 0.461104 0.000172
vn 0.887346 0.461104 0.000172
vn 0.165326 0.081580 0.982859
vn 0.165326 0.081580 0.982859
vn 0.165326 0.081580 0.982859
vn 0.165326 0.081580 0.982859
vn 0.571404 -0.820660 -0.003856
vn 0.571404 -0.820660 -0.003856
vn 0.571404 -0.820660 -0.003856
vn 0.571404 -0.820660 -0.003856
vn -0.105043 0.994461 0.003702
vn -0.105043 0.994461 0.003702
vn -0.105043 0.994461 0.003702
vn -0.105043 0.994461 0.003702
vn -0.185309 -0.123384 0.974904
vn -0.185309 -0.123384 0.974904
vn -0.185309 -0.123384 0.974904
vn -0.185309 -0.123384 0.974904
vn -0.998631 0.051959 0.005994
vn -0.998631 0.051959 0.005994
vn -0.998631 0.051959 0.005994
vn -0.998631 0.051959 0.005994
vn -0.183162 0.142556 -0.972692
vn -0.183162 0.142556 -0.972692
vn -0.183162 0.142556 -0.972692
vn -0.183162 0.142556 -0.972692
vn -0.180304 -0.974541 -0.133270
vn -0.180304 -0.974541 -0.133270
vn -0.180304 -0.974541 -0.133270
vn -0.180304 -0.974541 -0.133270
vn -0.316163 0.940029 0.128012
vn -0.316163 0.940029 0.128012
vn -0.316163 0.940029 0.128012
vn -0.316163 0.940029 0.128012
f 1/1/1 2/2/2 3/3/3
f 4/4/4 5/5/5 6/6/6
f 7/7/7 8/8/8 9/9/9
f 10/10/10 7/7/7 9/9/9
f 9/9/9 11/11/11 10/10/10
f 9/9/9 12/12/12 11/11/11
f 11/11/11 12/12/12 13/13/13
f 11/11/11 13/13/13 14/14/14
f 13/13/13 15/15/15 14/14/14
f 14/14/14 15/15/15 16/16/16
f 15/15/15 17/17/17 16/16/16
f 18/18/18 19/19/19 20/20/20
f 20/20/20 19/19/19 21/21/21
f 19/19/19 22/22/22 21/21/21
f 22/22/22 19/19/19 23/23/23
f 22/22/22 23/23/23 24/24/24
f 24/24/24 23/23/23 25/25/25
f 26/26/26 24/24/24 25/25/25
f 26/26/26 27/27/27 24/24/24
f 26/26/26 28/28/28 27/27/27
f 26/26/26 29/29/29 28/28/28
f 30/30/30 28/28/28 29/29/29
f 30/30/30 29/29/29 31/31/31
f 31/31/31 32/32/32 30/30/30
f 30/30/30 32/32/32 33/33/33
f 33/33/33 32/32/32 34/34/34
f 34/34/34 32/32/32 35/35/35
f 34/34/34 35/35/35 36/36/36
f 36/36/36 35/35/35 37/37/37
f 36/36/36 37/37/37 38/38/38
f 36/36/36 38/38/38 39/39/39
f 40/40/40 41/41/41 42/42/42
f 42/42/42 43/43/43 40/40/40
f 40/40/40 43/43/43 44/44/44
f 40/40/40 44/44/44 45/45/45
f 46/46/46 45/45/45 44/44/44
f 47/47/47 46/46/46 44/44/44
f 46/46/46 47/47/47 48/48/48
f 48/48/48 47/47/47 49/49/49
f 50/50/50 48/48/48 49/49/49
f 50/50/50 51/51/51 48/48/48
f 52/52/52 53/53/53 54/54/54
f 52/52/52 55/55/55 53/53/53
f 56/56/56 57/57/57 58/58/58
f 56/56/56 59/59/59 57/57/57
f 60/60/60 61/61/61 62/62/62
f 60/60/60 62/62/62 63/63/63
f 64/64/64 65/65/65 66/66/66
f 65/65/65 67/67/67 66/66/66
f 66/66/66 67/67/67 68/68/68
f 69/69/69 68/68/68 67/67/67
f 69/69/69 67/67/67 70/70/70
f 71/71/71 72/72/72 73/73/73
f 71/71/71 74/74/74 72/72/72
f 71/71/71 75/75/75 74/74/74
f 76/76/76 75/75/75 71/71/71
f 75/75/75 76/76/76 77/77/77
f 77/77/77 76/76/76 78/78/78
f 79/79/79 80/80/80 81/81/81
f 79/79/79 81/81/81 82/82/82
f 83/83/83 84/84/84 85/85/85
f 86/86/86 84/84/84 83/83/83
f 86/86/86 87/87/87 84/84/84
f 88/88/88 87/87/87 86/86/86
f 89/89/89 87/87/87 88/88/88
f 90/90/90 87/87/87 89/89/89
f 91/91/91 90/90/90 89/89/89
f 91/91/91 89/89/89 92/92/92
f 93/93/93 91/91/91 92/92/92
f 93/93/93 94/94/94 91/91/91
f 95/95/95 94/94/94 93/93/93
f 95/95/95 96/96/96 94/94/94
f 95/95/95 97/97/97 96/96/96
f 98/98/98 96/96/96 97/97/97
f 96/96/96 98/98/98 99/99/99
f 99/99/99 98/98/98 100/100/100
f 100/100/100 101/101/101 99/99/99
f 100/100/100 102/102/102 101/101/101
f 103/103/103 104/104/104 105/105/105
f 103/103/103 105/105/105 106/106/106
f 105/105/105 107/107/107 106/106/106
f 105/105/105 108/108/108 107/107/107
f 109/109/109 110/110/110 111/111/111
f 112/112/112 110/110/110 109/109/109
f 113/113/113 110/110/110 112/112/112
f 114/114/114 115/115/115 116/116/116
f 117/117/117 115/115/115 114/114/114
f 115/115/115 117/117/117 118/118/118
f 119/119/119 120/120/120 121/121/121
f 119/119/119 122/122/122 120/120/120
f 123/123/123 124/124/124 125/125/125
f 123/123/123 126/126/126 124/124/124
f 127/127/127 128/128/128 129/129/129
f 127/127/127 129/129/129 130/130/130
f 131/131/131 132/132/132 133/133/133
f 131/131/131 133/133/133 134/134/134
f 135/135/135 131/131/131 134/134/134
f 135/135/135 134/134/134 136/136/136
f 137/137/137 138/138/138 139/139/139
f 137/137/137 139/139/139 140/140/140
f 139/139/139 141/141/141 140/140/140
f 139/139/139 142/142/142 141/141/141
f 143/143/143 144/144/144 145/145/145
f 143/143/143 145/145/145 146/146/146
f 146/146/146 145/145/145 147/147/147
f 146/146/146 147/147/147 148/148/148
f 149/149/149 150/150/150 151/151/151
f 151/151/151 152/152/152 149/149/149
f 152/152/152 153/153/153 149/149/149
f 152/152/152 154/154/154 153/153/153
f 152/152/152 155/155/155 154/154/154
f 156/156/156 157/157/157 158/158/158
f 156/156/156 158/158/158 159/159/159
f 158/158/158 160/160/160 159/159/159
f 158/158/158 161/161/161 160/160/160
f 162/162/162 163/163/163 164/164/164
f 162/162/162 165/165/165 163/163/163
f 165/165/165 166/166/166 163/163/163
f 165/165/165 167/167/167 166/166/166
f 168/168/168 169/169/169 170/170/170
f 168/168/168 170/170/170 171/171/171
f 172/172/172 173/173/173 174/174/174
f 174/174/174 175/175/175 172/172/172
f 175/175/175 176/176/176 172/172/172
f 175/175/175 177/177/177 176/176/176
f 175/175/175 178/178/178 177/177/177
f 179/179/179 180/180/180 181/181/181
f 179/179/179 181/181/181 182/182/182
f 179/179/179 182/182/182 183/183/183
f 179/179/179 183/183/183 184/184/184
f 185/185/185 186/186/186 187/187/187
f 185/185/185 187/187/187 188/188/188
f 185/185/185 188/188/188 189/189/189
f 185/185/185 189/189/189 190/190/190
f 191/191/191 192/192/192 193/193/193
f 191/191/191 193/193/193 194/194/194
f 193/193/193 195/195/195 194/194/194
f 193/193/193 196/196/196 195/195/195
f 196/196/196 197/197/197 195/195/195
f 196/196/196 198/198/198 197/197/197
f 199/199/199 200/200/200 201/201/201
f 199/199/199 201/201/201 202/202/202
f 199/199/199 202/202/202 203/203/203
f 199/199/199 203/203/203 204/204/204
f 205/205/205 206/206/206 207/207/207
f 205/205/205 207/207/207 208/208/208
f 205/205/205 208/208/208 209/209/209
f 205/205/205 209/209/209 210/210/210
f 211/211/211 212/212/212 213/213/213
f 211/211/211 213/213/213 214/214/214
f 214/214/214 213/213/213 215/215/215
f 214/214/214 215/215/215 216/216/216
f 217/217/217 218/218/218 219/219/219
f 217/217/217 219/219/219 220/220/220
f 217/217/217 220/220/220 221/221/221
f 217/217/217 221/221/221 222/222/222
f 223/223/223 220/220/220 219/219/219
f 221/221/221 220/220/220 223/223/223
f 223/223/223 219/219/219 224/224/224
f 221/221/221 223/223/223 225/225/225
f 222/222/222 221/221/221 226/226/226
f 226/226/226 221/221/221 225/225/225
f 222/222/222 226/226/226 227/227/227
f 226/226/226 225/225/225 228/228/228
f 229/229/229 230/230/230 231/231/231
f 232/232/232 230/230/230 229/229/229
f 233/233/233 230/230/230 232/232/232
f 234/234/234 235/235/235 236/236/236
f 234/234/234 236/236/236 237/237/237
f 234/234/234 237/237/237 238/238/238
f 234/234/234 238/238/238 239/239/239
f 239/239/239 238/238/238 240/240/240
f 239/239/239 240/240/240 241/241/241
f 242/242/242 243/243/243 244/244/244
f 243/243/243 242/242/242 245/245/245
f 245/245/245 242/242/242 246/246/246
f 247/247/247 246/246/246 242/242/242
f 247/247/247 248/248/248 246/246/246
f 249/249/249 245/245/245 246/246/246
f 248/248/248 250/250/250 246/246/246
f 249/249/249 246/246/246 250/250/250
f 248/248/248 251/251/251 250/250/250
f 250/250/250 251/251/251 252/252/252
f 250/250/250 252/252/252 253/253/253
f 253/253/253 249/249/249 250/250/250
f 249/249/249 253/253/253 254/254/254
f 254/254/254 253/253/253 255/255/255
f 256/256/256 257/257/257 258/258/258
f 256/256/256 258/258/258 259/259/259
f 260/260/260 256/256/256 259/259/259
f 261/261/261 259/259/259 258/258/258
f 261/261/261 258/258/258 262/262/262
f 263/263/263 259/259/259 261/261/261
f 260/260/260 259/259/259 264/264/264
f 263/263/263 264/264/264 259/259/259
f 264/264/264 265/265/265 260/260/260
f 266/266/266 264/264/264 263/263/263
f 264/264/264 267/267/267 265/265/265
f 266/266/266 267/267/267 264/264/264
f 268/268/268 269/269/269 270/270/270
f 271/271/271 269/269/269 268/268/268
f 269/269/269 271/271/271 272/272/272
f 273/273/273 269/269/269 272/272/272
f 273/273/273 272/272/272 274/274/274
f 275/275/275 272/272/272 271/271/271
f 274/274/274 272/272/272 276/276/276
f 275/275/275 276/276/276 272/272/272
f 274/274/274 276/276/276 277/277/277
f 276/276/276 278/278/278 277/277/277
f 276/276/276 279/279/279 278/278/278
f 276/276/276 275/275/275 279/279/279
f 275/275/275 280/280/280 279/279/279
f 279/279/279 280/280/280 281/281/281
f 282/282/282 283/283/283 284/284/284
f 282/282/282 284/284/284 285/285/285
f 286/286/286 287/287/287 288/288/288
f 288/288/288 289/289/289 286/286/286
f 288/288/288 290/290/290 289/289/289
f 290/290/290 291/291/291 289/289/289
f 291/291/291 292/292/292 289/289/289
f 293/293/293 294/294/294 295/295/295
f 293/293/293 296/296/296 294/294/294
f 296/296/296 297/297/297 294/294/294
f 296/296/296 298/298/298 297/297/297
f 299/299/299 300/300/300 301/301/301
f 301/301/301 302/302/302 299/299/299
f 301/301/301 303/303/303 302/302/302
f 303/303/303 304/304/304 302/302/302
f 304/304/304 305/305/305 302/302/302
f 306/306/306 307/307/307 308/308/308
f 306/306/306 309/309/309 307/307/307
f 307/307/307 309/309/309 310/310/310
f 307/307/307 310/310/310 311/311/311
f 312/312/312 313/313/313 314/314/314
f 313/313/313 315/315/315 314/314/314
f 314/314/314 315/315/315 316/316/316
f 317/317/317 318/318/318 319/319/319
f 318/318/318 317/317/317 320/320/320
f 321/321/321 318/318/318 320/320/320
f 321/321/321 320/320/320 322/322/322
f 323/323/323 324/324/324 325/325/325
f 323/323/323 325/325/325 326/326/326
f 327/327/327 328/328/328 329/329/329
f 327/327/327 330/330/330 328/328/328
f 330/330/330 331/331/331 328/328/328
f 330/330/330 332/332/332 331/331/331
f 333/333/333 334/334/334 335/335/335
f 335/335/335 334/334/334 336/336/336
f 336/336/336 334/334/334 337/337/337
f 336/336/336 337/337/337 338/338/338
f 339/339/339 340/340/340 341/341/341
f 339/339/339 341/341/341 342/342/342
f 343/343/343 344/344/344 345/345/345
f 343/343/343 345/345/345 346/346/346
f 347/347/347 348/348/348 349/349/349
f 347/347/347 349/349/349 350/350/350
f 351/351/351 352/352/352 353/353/353
f 351/351/351 353/353/353 354/354/354
f 355/355/355 356/356/356 357/357/357
f 355/355/355 357/357/357 358/358/358
f 359/359/359 360/360/360 361/361/361
f 359/359/359 361/361/361 362/362/362
f 363/363/363 364/364/364 365/365/365
f 363/363/363 365/365/365 366/366/366
f 367/367/367 368/368/368 369/369/369
f 367/367/367 369/369/369 370/370/370
f 371/371/371 372/372/372 373/373/373
f 371/371/371 373/373/373 374/374/374
f 375/375/375 376/376/376 377/377/377
f 375/375/375 377/377/377 378/378/378
f 379/379/379 380/380/380 381/381/381
f 379/379/379 381/381/381 382/382/382
f 383/383/383 384/384/384 385/385/385
f 383/383/383 385/385/385 386/386/386
f 383/383/383 386/386/386 387/387/387
f 383/383/383 387/387/387 388/388/388
f 389/389/389 388/388/388 387/387/387
f 389/389/389 390/390/390 388/388/388
f 391/391/391 392/392/392 393/393/393
f 391/391/391 394/394/394 392/392/392
f 395/395/395 392/392/392 394/394/394
f 395/395/395 396/396/396 392/392/392
f 396/396/396 395/395/395 397/397/397
f 396/396/396 397/397/397 398/398/398
f 399/399/399 400/400/400 401/401/401
f 399/399/399 402/402/402 400/400/400
f 403/403/403 402/402/402 399/399/399
f 402/402/402 403/403/403 404/404/404
f 405/405/405 404/404/404 403/403/403
f 406/406/406 404/404/404 405/405/405
f 407/407/407 408/408/408 409/409/409
f 407/407/407 409/409/409 410/410/410
f 411/411/411 412/412/412 413/413/413
f 411/411/411 413/413/413 414/414/414
f 415/415/415 416/416/416 417/417/417
f 415/415/415 417/417/417 418/418/418
f 419/419/419 420/420/420 421/421/421
f 419/419/419 421/421/421 422/422/422
f 423/423/423 424/424/424 425/425/425
f 423/423/423 425/425/425 426/426/426
f 427/427/427 428/428/428 429/429/429
f 427/427/427 429/429/429 430/430/430
f 431/431/431 432/432/432 433/433/433
f 431/431/431 433/433/433 434/434/434
f 435/435/435 436/436/436 437/437/437
f 435/435/435 437/437/437 438/438/438
f 439/439/439 440/440/440 441/441/441
f 439/439/439 441/441/441 442/442/442
f 443/443/443 444/444/444 445/445/445
f 443/443/443 445/445/445 446/446/446
