# Unturned item rip -> Godot (X+Z negated, winding reversed, RH Y-up)
v 0.322275 -0.275017 -0.240272
v 0.155920 -0.238186 -0.359493
v 0.176010 -0.303989 -0.292013
v 0.354826 -0.336270 -0.200675
v 0.130987 -0.314960 -0.199191
v 0.347389 -0.350261 -0.119134
v 0.313007 -0.297571 -0.069382
v 0.083731 -0.248174 -0.147033
v 0.275651 -0.239264 -0.097862
v 0.040708 -0.182742 -0.183227
v 0.287002 -0.218857 -0.210178
v 0.120439 -0.165768 -0.368143
v 0.155920 -0.238186 -0.359493
v 0.120439 -0.165768 -0.368143
v 0.426474 -0.191380 -0.104431
v 0.456979 -0.231328 -0.147122
v 0.440410 -0.203736 -0.035401
v 0.488482 -0.247584 -0.019034
v 0.503801 -0.276829 -0.128727
v 0.536630 -0.083934 -0.093935
v 0.519181 -0.285376 -0.065839
v 0.475739 -0.081590 -0.096575
v 0.443806 -0.071243 -0.043087
v 0.561527 -0.070576 -0.036203
v 0.470713 -0.061012 0.010677
v 0.528635 -0.059164 0.013547
v 0.448390 0.030080 0.032104
v 0.409776 0.019840 -0.010170
v 0.409776 0.019840 -0.010170
v 0.421334 0.035202 -0.066362
v 0.358700 0.182778 -0.003219
v 0.498561 0.055682 0.018184
v 0.421817 0.168244 0.030041
v 0.358700 0.182778 -0.003219
v 0.510118 0.071044 -0.038008
v 0.400095 0.218269 -0.048399
v 0.375466 0.229821 0.085981
v 0.471505 0.060804 -0.080281
v 0.463212 0.203735 -0.015139
v 0.395613 0.286175 0.072377
v 0.444509 0.253078 0.209111
v 0.460073 0.265257 0.074896
v 0.395613 0.286175 0.072377
v 0.444509 0.253078 0.209111
v 0.460073 0.265257 0.074896
v 0.439926 0.208903 0.088500
v 0.444509 0.253078 0.209111
v 0.439926 0.208903 0.088500
v 0.375466 0.229821 0.085981
v 0.444509 0.253078 0.209111
v -0.321364 -0.295529 -0.240272
v -0.176010 -0.303989 -0.292013
v -0.155920 -0.238186 -0.359493
v -0.336638 -0.363192 -0.200675
v -0.130987 -0.314960 -0.199191
v -0.325778 -0.374731 -0.119134
v -0.306484 -0.314847 -0.069381
v -0.083731 -0.248174 -0.147033
v -0.285799 -0.248762 -0.097862
v -0.040708 -0.182742 -0.183227
v -0.302123 -0.232063 -0.210178
v -0.154113 -0.185484 -0.335477
v -0.155920 -0.238186 -0.359493
v -0.404986 -0.182248 -0.091003
v -0.438415 -0.224283 -0.129271
v -0.478742 -0.273028 -0.104802
v -0.539975 -0.083934 -0.060715
v -0.484242 -0.282656 -0.040447
v -0.407903 -0.195573 -0.020818
v -0.480101 -0.081590 -0.072112
v -0.449874 -0.242758 0.001842
v -0.440786 -0.071243 -0.023790
v -0.556282 -0.070576 0.000006
v -0.459655 -0.061012 0.033293
v -0.516557 -0.059164 0.044489
v -0.440800 0.037684 0.022653
v -0.406701 0.022541 -0.021967
v -0.406701 0.022541 -0.021967
v -0.448928 0.184310 -0.035955
v -0.381444 0.168615 -0.058336
v -0.492590 0.061200 0.011200
v -0.424392 0.030916 -0.078039
v -0.381444 0.168615 -0.058336
v -0.510280 0.069575 -0.044872
v -0.466364 0.255072 -0.026612
v -0.399576 0.265652 -0.031768
v -0.475957 0.371963 0.025961
v -0.412574 0.162971 -0.121688
v -0.399576 0.265652 -0.031768
v -0.476181 0.054433 -0.089491
v -0.409746 0.296332 -0.083941
v -0.475957 0.371963 0.025961
v -0.480057 0.178666 -0.099307
v -0.476533 0.285753 -0.078786
v -0.466364 0.255072 -0.026612
v -0.475957 0.371963 0.025961
v -0.476533 0.285753 -0.078786
v -0.409746 0.296332 -0.083941
v -0.475957 0.371963 0.025961
v 0.322275 -0.275017 -0.264160
v 0.176010 -0.303989 -0.212419
v 0.155920 -0.238186 -0.144939
v 0.354826 -0.336270 -0.303757
v 0.416111 -0.228440 -0.350467
v 0.130987 -0.314960 -0.305241
v 0.347388 -0.350261 -0.385298
v 0.446756 -0.288532 -0.343325
v 0.569414 -0.150543 -0.385197
v 0.313007 -0.297571 -0.435050
v 0.083731 -0.248174 -0.357399
v 0.475417 -0.317674 -0.394254
v 0.475057 -0.286788 -0.454314
v 0.275651 -0.239265 -0.406569
v 0.077242 -0.182742 -0.321205
v 0.222267 -0.210975 -0.238246
v 0.613493 -0.168229 -0.428505
v 0.443292 -0.228410 -0.463509
v 0.287002 -0.218857 -0.294253
v 0.155920 -0.238186 -0.144939
v 0.322275 -0.275017 -0.264160
v 0.415514 -0.194516 -0.407015
v 0.521206 -0.121267 -0.408416
v 0.517047 -0.115457 -0.471159
v 0.559915 -0.135408 -0.509676
v 0.608009 -0.159928 -0.488406
v 0.596057 -0.055552 -0.549326
v 0.547257 -0.034130 -0.526032
v 0.547257 -0.034130 -0.526032
v 0.547763 -0.008535 -0.472443
v 0.619028 0.124647 -0.535159
v 0.645363 -0.051380 -0.519030
v 0.668679 0.071687 -0.540756
v 0.619028 0.124647 -0.535159
v 0.645869 -0.025785 -0.465440
v 0.657233 0.143257 -0.478516
v 0.669644 0.186547 -0.583793
v 0.597070 -0.004363 -0.442147
v 0.706884 0.090297 -0.484113
v 0.709174 0.219030 -0.549895
v 0.773624 0.193874 -0.681789
v 0.753640 0.167827 -0.550158
v 0.709174 0.219030 -0.549895
v 0.773624 0.193874 -0.681789
v 0.753640 0.167827 -0.550158
v 0.714111 0.135344 -0.584055
v 0.773624 0.193874 -0.681789
v 0.714111 0.135344 -0.584055
v 0.669644 0.186547 -0.583793
v 0.773624 0.193874 -0.681789
v 0.298590 0.332795 -0.184261
v 0.381776 0.448816 -0.174873
v 0.346924 0.309392 -0.213976
v 0.299376 0.269638 -0.289893
v 0.230163 0.283604 -0.295262
v 0.283774 0.198871 -0.421768
v 0.241274 0.219926 -0.457512
v 0.337887 0.219583 -0.424799
v 0.352210 0.128925 -0.531461
v 0.292345 0.113324 -0.523695
v 0.321852 0.320333 -0.337075
v 0.340243 0.355044 -0.263679
v 0.346924 0.309392 -0.213976
v 0.381776 0.448816 -0.174873
v 0.349499 0.261351 -0.463574
v 0.307000 0.282406 -0.499318
v 0.367731 0.160998 -0.583763
v 0.252638 0.334299 -0.342443
v 0.340243 0.355044 -0.263679
v 0.291909 0.378447 -0.233964
v 0.381776 0.448816 -0.174873
v 0.323386 0.177468 -0.628300
v 0.252887 0.261694 -0.496287
v 0.317961 -0.057217 -0.642853
v 0.367803 -0.072711 -0.599993
v 0.263520 0.161867 -0.620534
v 0.230163 0.283604 -0.295262
v 0.291909 0.378447 -0.233964
v 0.298590 0.332795 -0.184261
v 0.381776 0.448816 -0.174873
v 0.248000 0.129794 -0.568232
v 0.256761 -0.040641 -0.620913
v 0.245986 -0.032020 -0.550759
v 0.296262 -0.049762 -0.511945
v 0.356954 -0.068514 -0.535735
v 0.285018 -0.247131 -0.508521
v 0.221528 -0.254270 -0.557016
v 0.207964 -0.321349 -0.362706
v 0.284933 -0.197368 -0.442010
v 0.155909 -0.224935 -0.536043
v 0.104305 -0.366499 -0.435671
v 0.087930 -0.491555 -0.371297
v 0.104305 -0.366499 -0.435671
v -0.000000 -0.366498 -0.394897
v -0.000000 -0.464424 -0.371297
v 0.087930 -0.491555 -0.371297
v 0.221358 -0.158289 -0.413539
v 0.155824 -0.154969 -0.445131
v -0.000000 -0.366498 -0.394897
v -0.000000 -0.176781 -0.188591
v 0.207964 -0.218840 -0.261734
v 0.114890 -0.176782 -0.188591
v 0.174305 -0.246452 -0.221202
v -0.000000 -0.492601 -0.203883
v 0.100018 -0.492601 -0.203883
v 0.166983 -0.405663 -0.322947
v 0.182903 -0.427616 -0.190530
v 0.182903 -0.427616 -0.190530
v 0.219756 -0.469682 -0.088137
v 0.196122 -0.265183 -0.120410
v 0.219756 -0.469682 -0.088137
v 0.131185 -0.608164 -0.081780
v 0.248581 -0.516307 0.095776
v 0.127308 -0.204799 0.024317
v -0.127308 -0.204799 0.024317
v 0.239718 -0.301960 -0.017954
v 0.248581 -0.516307 0.095776
v 0.248581 -0.348051 0.169671
v 0.206296 -0.525794 0.254240
v 0.114956 -0.276683 0.252269
v 0.206296 -0.398395 0.307329
v 0.073548 -0.572808 0.312302
v 0.073548 -0.395753 0.380464
v -0.073548 -0.572808 0.312302
v -0.114956 -0.276683 0.252269
v -0.073548 -0.395753 0.380464
v -0.206296 -0.398395 0.307329
v -0.206296 -0.525794 0.254240
v -0.248581 -0.348051 0.169671
v -0.248581 -0.516307 0.095776
v -0.239718 -0.301960 -0.017954
v -0.219756 -0.469682 -0.088137
v -0.196122 -0.265183 -0.120410
v -0.182903 -0.427616 -0.190530
v -0.117294 -0.176782 -0.188591
v -0.174305 -0.246452 -0.221202
v -0.166983 -0.405663 -0.322947
v -0.147870 -0.164956 -0.468745
v -0.000000 -0.366498 -0.394897
v -0.156397 -0.227232 -0.555259
v -0.201866 -0.173469 -0.429847
v -0.207964 -0.321349 -0.362706
v -0.263613 -0.214404 -0.443561
v -0.261814 -0.001114 -0.563571
v -0.268897 -0.015916 -0.626169
v -0.310385 -0.010361 -0.523571
v -0.087930 -0.491555 -0.371297
v -0.100018 -0.492601 -0.203883
v -0.182903 -0.427616 -0.190530
v -0.104305 -0.366499 -0.435671
v -0.219756 -0.469682 -0.088137
v -0.000000 -0.366498 -0.394897
v -0.274410 -0.260923 -0.509689
v -0.087930 -0.491555 -0.371297
v -0.131185 -0.608164 -0.081780
v -0.248581 -0.516307 0.095776
v -0.220259 -0.260555 -0.566568
v -0.114956 -0.612610 0.115617
v -0.206296 -0.525794 0.254240
v -0.073548 -0.572808 0.312302
v 0.073548 -0.572808 0.312302
v 0.114956 -0.612610 0.115617
v 0.206296 -0.525794 0.254240
v -0.324952 -0.035698 -0.645452
v -0.375064 -0.046082 -0.598765
v -0.365681 -0.032770 -0.540702
v -0.350602 0.107147 -0.541058
v -0.367731 0.130964 -0.593785
v -0.290541 0.097316 -0.532869
v -0.249193 0.110380 -0.574498
v -0.271539 0.130714 -0.632324
v -0.322549 0.144285 -0.639401
v -0.252831 0.232793 -0.585514
v -0.241028 0.206817 -0.527079
v -0.284339 0.218298 -0.493813
v -0.309239 0.261921 -0.582452
v -0.318469 0.239911 -0.496778
v -0.327857 0.256108 -0.533177
v -0.166588 0.326362 -0.446862
v -0.125740 0.289327 -0.468929
v -0.073618 0.366377 -0.321112
v -0.125740 0.289327 -0.468929
v -0.212767 0.305839 -0.418354
v -0.142412 0.374196 -0.306257
v -0.106910 0.407360 -0.195775
v -0.158325 0.391728 -0.225422
v -0.239630 0.406871 -0.095872
v -0.218097 0.248280 -0.411913
v -0.177248 0.211245 -0.433980
v -0.156861 0.303577 -0.295991
v -0.146130 0.325878 -0.214735
v -0.158325 0.391728 -0.225422
v -0.239630 0.406871 -0.095872
v -0.131070 0.231768 -0.462488
v -0.088067 0.295757 -0.310846
v -0.146130 0.325878 -0.214735
v -0.073618 0.366377 -0.321112
v -0.094715 0.341511 -0.185089
v -0.239630 0.406871 -0.095872
v -0.094715 0.341511 -0.185089
v -0.106910 0.407360 -0.195775
v -0.239630 0.406871 -0.095872
v -0.321804 -0.290652 -0.263039
v -0.154176 -0.253539 -0.142907
v -0.174420 -0.319847 -0.210903
v -0.354604 -0.352374 -0.302940
v -0.418150 -0.199803 -0.408211
v -0.129053 -0.330901 -0.304435
v -0.347110 -0.366473 -0.385105
v -0.476096 -0.255536 -0.407032
v -0.492268 -0.116632 -0.560391
v -0.312465 -0.313379 -0.435238
v -0.081435 -0.263604 -0.356992
v -0.470466 -0.291061 -0.458591
v -0.432037 -0.280948 -0.513839
v -0.274823 -0.254626 -0.406539
v -0.074617 -0.207152 -0.320521
v -0.238725 -0.221596 -0.248281
v -0.286261 -0.234062 -0.293363
v -0.380425 -0.185721 -0.461072
v -0.384991 -0.232432 -0.515732
v -0.494143 -0.136594 -0.621977
v -0.321804 -0.290652 -0.263039
v -0.286261 -0.234062 -0.293363
v -0.154176 -0.253539 -0.142907
v -0.238725 -0.221596 -0.248281
v -0.435757 -0.111555 -0.536766
v -0.386391 -0.130277 -0.572283
v -0.392006 -0.150858 -0.629913
v -0.444927 -0.152391 -0.654720
v -0.355325 -0.044487 -0.683014
v -0.340596 -0.034263 -0.627217
v -0.403799 -0.019522 -0.704110
v -0.437545 0.015668 -0.669408
v -0.374341 0.000928 -0.592514
v -0.352707 0.100754 -0.705505
v -0.422816 0.025893 -0.613610
v -0.409126 0.128165 -0.672989
v -0.310492 0.101710 -0.647567
v -0.310492 0.101710 -0.647567
v -0.365813 0.128291 -0.615569
v -0.290683 0.196090 -0.716235
v -0.327147 0.240085 -0.692582
v -0.342429 0.244406 -0.841817
v -0.382948 0.208551 -0.716279
v -0.327147 0.240085 -0.692582
v -0.342429 0.244406 -0.841817
v -0.382948 0.208551 -0.716279
v -0.346484 0.164556 -0.739932
v -0.342429 0.244406 -0.841817
v -0.346484 0.164556 -0.739932
v -0.290683 0.196090 -0.716235
v -0.342429 0.244406 -0.841817
v -0.190481 -0.270008 0.038255
v -0.037517 -0.259141 -0.010917
v -0.070466 -0.338772 -0.055496
v -0.223111 -0.328293 0.028281
v -0.264662 -0.333313 -0.021846
v -0.358944 -0.349350 0.087444
v -0.126966 -0.345129 -0.142275
v -0.274496 -0.281183 -0.064117
v -0.133237 -0.280007 -0.213036
v -0.245932 -0.222259 -0.056307
v -0.126708 -0.198584 -0.148002
v -0.306804 -0.349650 0.125029
v -0.373955 -0.294598 0.065148
v -0.197447 -0.218287 -0.003910
v -0.075877 -0.207197 -0.057562
v -0.037517 -0.259141 -0.010917
v -0.335490 -0.245906 0.076861
v -0.285389 -0.250196 0.111367
v -0.272314 -0.300952 0.136256
v -0.297896 -0.248652 0.254048
v -0.348898 -0.232316 0.240400
v -0.291626 -0.297626 0.278575
v -0.241385 -0.270161 0.353611
v -0.241385 -0.270161 0.353611
v -0.285556 -0.212548 0.359169
v -0.209884 -0.242458 0.444042
v -0.253125 -0.191333 0.433038
v -0.273148 -0.270481 0.554177
v -0.300030 -0.230110 0.447595
v -0.330247 -0.259825 0.387133
v -0.285556 -0.212548 0.359169
v -0.393629 -0.264954 0.251279
v -0.387359 -0.313929 0.275806
v -0.336358 -0.330264 0.289453
v -0.286075 -0.317438 0.381575
v -0.256789 -0.281235 0.458598
v -0.300030 -0.230110 0.447595
v -0.273148 -0.270481 0.554177
v -0.256789 -0.281235 0.458598
v -0.209884 -0.242458 0.444042
v -0.273148 -0.270481 0.554177
v 0.170462 -0.248850 0.028323
v 0.070466 -0.338772 -0.055496
v 0.037517 -0.259141 -0.010917
v 0.210203 -0.302942 0.020846
v 0.255140 -0.303093 -0.026537
v 0.359215 -0.282275 0.109443
v 0.126966 -0.345129 -0.142275
v 0.261505 -0.250172 -0.068489
v 0.133237 -0.280007 -0.213036
v 0.225856 -0.194972 -0.062920
v 0.126708 -0.198584 -0.148002
v 0.309408 -0.319960 0.124622
v 0.347824 -0.222445 0.112751
v 0.174024 -0.196669 -0.013701
v 0.075877 -0.207197 -0.057562
v 0.037517 -0.259141 -0.010917
v 0.288897 -0.203839 0.125753
v 0.243279 -0.242535 0.137617
v 0.253938 -0.299563 0.138559
v 0.252651 -0.271693 0.247058
v 0.290314 -0.231262 0.248089
v 0.267243 -0.321721 0.265044
v 0.319500 -0.331319 0.284063
v 0.342571 -0.240859 0.267108
v 0.208502 -0.270161 0.366471
v 0.357163 -0.290888 0.285094
v 0.257433 -0.317438 0.386095
v 0.252961 -0.212548 0.364133
v 0.301891 -0.259825 0.383756
v 0.247711 -0.281235 0.489736
v 0.247711 -0.281235 0.489736
v 0.201157 -0.242458 0.479945
v 0.263225 -0.270481 0.568299
v 0.201157 -0.242458 0.479945
v 0.290823 -0.230110 0.478482
v 0.263225 -0.270481 0.568299
v 0.244270 -0.191333 0.468691
v 0.263225 -0.270481 0.568299
v 0.290823 -0.230110 0.478482
v 0.152727 -0.438504 -0.392072
v 0.190665 -0.388683 -0.292322
v 0.177624 -0.384598 -0.358934
v 0.178809 -0.446673 -0.258849
v 0.158421 -0.502816 -0.286911
v 0.143058 -0.498005 -0.365380
v -0.152727 -0.438504 -0.392072
v -0.158421 -0.502816 -0.286911
v -0.143058 -0.498005 -0.365380
v -0.178809 -0.446673 -0.258849
v -0.190665 -0.388682 -0.292322
v -0.177624 -0.384598 -0.358934
v -0.111357 -0.510223 -0.271902
v -0.105177 -0.422406 -0.210833
v -0.068549 -0.478269 -0.257221
v -0.062111 -0.473528 -0.334087
v -0.101488 -0.505813 -0.357834
v -0.107085 -0.427900 -0.386557
v -0.178809 -0.446673 -0.258849
v -0.190665 -0.388682 -0.292322
v -0.158421 -0.502816 -0.286911
v -0.118964 -0.304987 -0.245951
v -0.143058 -0.498005 -0.365380
v -0.152727 -0.438504 -0.392072
v -0.177624 -0.384598 -0.358934
v -0.103800 -0.300237 -0.372640
v 0.111357 -0.510223 -0.271902
v 0.068549 -0.478269 -0.257221
v 0.105177 -0.422406 -0.210833
v 0.062111 -0.473529 -0.334087
v 0.101488 -0.505813 -0.357834
v 0.107085 -0.427901 -0.386557
v 0.178809 -0.446673 -0.258849
v 0.158421 -0.502816 -0.286911
v 0.190665 -0.388683 -0.292322
v 0.143058 -0.498005 -0.365380
v 0.118964 -0.304987 -0.245951
v 0.152727 -0.438504 -0.392072
v 0.177624 -0.384598 -0.358934
v 0.103800 -0.300237 -0.372640
v -0.142150 -0.489481 -0.354264
v -0.177293 -0.488912 -0.306708
v -0.153629 -0.493076 -0.295628
v -0.175546 -0.445625 -0.266457
v -0.168332 -0.486105 -0.352480
v -0.152587 -0.438434 -0.383729
v -0.194402 -0.451870 -0.283936
v -0.185982 -0.394579 -0.295922
v -0.176479 -0.446257 -0.375481
v -0.174503 -0.390983 -0.354558
v -0.202236 -0.454591 -0.333336
v -0.193587 -0.409216 -0.352710
v -0.202549 -0.412022 -0.306938
v 0.142150 -0.489481 -0.354264
v 0.153629 -0.493076 -0.295628
v 0.177293 -0.488912 -0.306708
v 0.175546 -0.445625 -0.266457
v 0.168332 -0.486106 -0.352480
v 0.152587 -0.438435 -0.383729
v 0.194402 -0.451871 -0.283936
v 0.185982 -0.394579 -0.295922
v 0.176479 -0.446257 -0.375481
v 0.174503 -0.390983 -0.354558
v 0.202236 -0.454592 -0.333336
v 0.193587 -0.409216 -0.352710
v 0.202549 -0.412022 -0.306938
v -0.185982 -0.394579 -0.295922
v -0.185581 -0.449111 -0.329739
v -0.175546 -0.445625 -0.266457
v -0.174503 -0.390983 -0.354558
v -0.153629 -0.493076 -0.295628
v -0.152587 -0.438434 -0.383729
v -0.142150 -0.489481 -0.354264
v 0.185982 -0.394579 -0.295922
v 0.175546 -0.445625 -0.266457
v 0.185581 -0.449111 -0.329739
v 0.174503 -0.390983 -0.354558
v 0.153629 -0.493076 -0.295628
v 0.152587 -0.438435 -0.383729
v 0.142150 -0.489481 -0.354264
vt 0.189315006 0.891027987
vt 0.189315006 0.891027987
vt 0.189315006 0.891027987
vt 0.189315006 0.891032994
vt 0.189315006 0.891030014
vt 0.189316005 0.891030014
vt 0.189316005 0.891030014
vt 0.189315006 0.891030014
vt 0.189315006 0.891032994
vt 0.189316005 0.891031981
vt 0.189316005 0.891031981
vt 0.189316005 0.891030014
vt 0.189315006 0.891031981
vt 0.189316005 0.891031027
vt 0.189316005 0.891031981
vt 0.189315006 0.891032994
vt 0.189313993 0.891031027
vt 0.189316005 0.891031027
vt 0.189317003 0.891030014
vt 0.189316005 0.891030014
vt 0.189317003 0.891030014
vt 0.189315006 0.891031027
vt 0.189315006 0.891031027
vt 0.189317003 0.891030014
vt 0.189315006 0.891031027
vt 0.189313993 0.891032994
vt 0.189315006 0.891031027
vt 0.189316005 0.891031027
vt 0.189315006 0.891031027
vt 0.189316005 0.891031027
vt 0.189313993 0.891032994
vt 0.189313993 0.891032994
vt 0.189315006 0.891031981
vt 0.189315006 0.891031981
vt 0.189316005 0.891030014
vt 0.189316005 0.891031027
vt 0.189312994 0.891031027
vt 0.189316005 0.891031027
vt 0.189316005 0.891031027
vt 0.189312994 0.891031027
vt 0.189312994 0.891031027
vt 0.189316005 0.891031027
vt 0.189316005 0.891031027
vt 0.189316005 0.891031027
vt 0.189315006 0.891031981
vt 0.189315006 0.891031981
vt 0.189315006 0.891031981
vt 0.189315006 0.891031027
vt 0.189313993 0.891032994
vt 0.189313993 0.891032994
vt 0.189315006 0.891031027
vt 0.189316005 0.891031027
vt 0.189316005 0.891031027
vt 0.189315006 0.891031027
vt 0.189316005 0.891030014
vt 0.189316005 0.891029
vt 0.189316005 0.891029
vt 0.189316005 0.891030014
vt 0.189316005 0.891030014
vt 0.189317003 0.891030014
vt 0.189315006 0.891031981
vt 0.189316005 0.891031027
vt 0.189316005 0.891029
vt 0.189315006 0.891031981
vt 0.189315006 0.891031027
vt 0.189315006 0.891031027
vt 0.189313993 0.891031981
vt 0.189316005 0.891029
vt 0.189316005 0.891031027
vt 0.189315006 0.891031027
vt 0.189316005 0.891029
vt 0.189315006 0.891031027
vt 0.189313993 0.891031981
vt 0.189316005 0.891031027
vt 0.189313993 0.891029
vt 0.189315006 0.891031027
vt 0.189315006 0.891031027
vt 0.189313993 0.891029
vt 0.189313993 0.891031981
vt 0.189313993 0.891027987
vt 0.189313993 0.891029
vt 0.189315006 0.891031027
vt 0.189315006 0.891031027
vt 0.189313993 0.891031981
vt 0.189313993 0.891029
vt 0.189313993 0.891029
vt 0.189313993 0.891029
vt 0.189315006 0.891031027
vt 0.189315006 0.891030014
vt 0.189315006 0.891031027
vt 0.189315006 0.891030014
vt 0.189315006 0.891030014
vt 0.189315006 0.891031027
vt 0.189313993 0.891031981
vt 0.189313993 0.891031981
vt 0.189312994 0.891031981
vt 0.189315006 0.891031027
vt 0.189315006 0.891030014
vt 0.189317003 0.891030014
vt 0.189313993 0.891027987
vt 0.189315006 0.891029
vt 0.189315006 0.891027987
vt 0.189313993 0.891027987
vt 0.189313993 0.891027987
vt 0.189313993 0.891026974
vt 0.189315006 0.891029
vt 0.189313993 0.891027987
vt 0.189313993 0.891027987
vt 0.189315006 0.891029
vt 0.189315006 0.891029
vt 0.189313993 0.891027987
vt 0.189315006 0.891029
vt 0.189313993 0.891032994
vt 0.189313993 0.891032994
vt 0.189313993 0.891032994
vt 0.189313993 0.891027987
vt 0.189315006 0.891029
vt 0.189313993 0.891032994
vt 0.189315006 0.891027987
vt 0.189313993 0.891027987
vt 0.189313993 0.891032994
vt 0.189313993 0.891027987
vt 0.189315006 0.891029
vt 0.189315006 0.891030014
vt 0.189315006 0.891030014
vt 0.189315006 0.891030014
vt 0.189316005 0.891031027
vt 0.189315006 0.891029
vt 0.189313993 0.891027987
vt 0.189316005 0.891031027
vt 0.189317003 0.891030014
vt 0.189313993 0.891032994
vt 0.189316005 0.891029
vt 0.189313993 0.891027987
vt 0.189313993 0.891027987
vt 0.189315006 0.891031981
vt 0.189313993 0.891027987
vt 0.189313993 0.891027987
vt 0.189315006 0.891031981
vt 0.189315006 0.891031981
vt 0.189313993 0.891027987
vt 0.189313993 0.891026974
vt 0.189316005 0.891029
vt 0.189313993 0.891032994
vt 0.189313993 0.891032994
vt 0.189313993 0.891032994
vt 0.189316005 0.891030014
vt 0.189316005 0.891030014
vt 0.189316005 0.891030014
vt 0.189315006 0.891029
vt 0.189315006 0.891029
vt 0.189315006 0.891027987
vt 0.189313993 0.891029
vt 0.189313993 0.891029
vt 0.189313993 0.891029
vt 0.189313993 0.891029
vt 0.189311996 0.891029
vt 0.189316005 0.891031027
vt 0.189312994 0.891031981
vt 0.189316005 0.891031027
vt 0.189311996 0.891029
vt 0.189311996 0.891029
vt 0.189311996 0.891029
vt 0.189316005 0.891031027
vt 0.189316005 0.891031027
vt 0.189311996 0.891029
vt 0.189317003 0.891031027
vt 0.189317003 0.891031027
vt 0.189313993 0.891030014
vt 0.189313993 0.891029
vt 0.189316005 0.891030014
vt 0.189316005 0.891031027
vt 0.189315006 0.891031027
vt 0.189311996 0.891030014
vt 0.189313993 0.891031981
vt 0.189312994 0.891031981
vt 0.189313993 0.891031981
vt 0.189313993 0.891031981
vt 0.189313993 0.891031981
vt 0.189312994 0.891031981
vt 0.189312994 0.891031981
vt 0.189312994 0.891031981
vt 0.189316005 0.891031027
vt 0.189311996 0.891030014
vt 0.189311996 0.891030014
vt 0.189316005 0.891031981
vt 0.189311996 0.891030014
vt 0.189311996 0.891030014
vt 0.189312994 0.891031981
vt 0.189311996 0.891030014
vt 0.189312994 0.891030014
vt 0.189312994 0.891031027
vt 0.189312994 0.891031027
vt 0.189312994 0.891031027
vt 0.189312994 0.891031027
vt 0.189313993 0.891029
vt 0.189312994 0.891031981
vt 0.189312994 0.891031981
vt 0.189312994 0.891031981
vt 0.189313993 0.891026974
vt 0.189312994 0.891029
vt 0.189312994 0.891030014
vt 0.189313993 0.891030014
vt 0.189313993 0.891032994
vt 0.189313993 0.891032994
vt 0.189313993 0.891032994
vt 0.189312994 0.891030014
vt 0.189312994 0.891030014
vt 0.189312994 0.891030014
vt 0.189312994 0.891030014
vt 0.189315006 0.891030014
vt 0.189315006 0.891030014
vt 0.189312994 0.891029
vt 0.189312994 0.891029
vt 0.189312994 0.891029
vt 0.189312994 0.891030014
vt 0.189312994 0.891029
vt 0.189313993 0.891030014
vt 0.189312994 0.891029
vt 0.189313993 0.891029
vt 0.189313993 0.891029
vt 0.189313993 0.891029
vt 0.189313993 0.891029
vt 0.189311996 0.891030014
vt 0.189312994 0.891029
vt 0.189311996 0.891030014
vt 0.189311996 0.891030014
vt 0.189312994 0.891029
vt 0.189311996 0.891030014
vt 0.189311996 0.891030014
vt 0.189311996 0.891030014
vt 0.189311996 0.891031027
vt 0.189311996 0.891031027
vt 0.189311996 0.891031027
vt 0.189311996 0.891031027
vt 0.189311996 0.891031027
vt 0.189313993 0.891031981
vt 0.189315006 0.891031981
vt 0.189313993 0.891031981
vt 0.189313993 0.891027987
vt 0.189311996 0.891031027
vt 0.189312994 0.891031027
vt 0.189315006 0.891027987
vt 0.189313993 0.891031981
vt 0.189315006 0.891027987
vt 0.189312994 0.891030014
vt 0.189315006 0.891029
vt 0.189313993 0.891030014
vt 0.189312994 0.891031027
vt 0.189315006 0.891029
vt 0.189312994 0.891031027
vt 0.189313993 0.891030014
vt 0.189312994 0.891030014
vt 0.189315006 0.891027987
vt 0.189311996 0.891030014
vt 0.189313993 0.891030014
vt 0.189313993 0.891030014
vt 0.189313993 0.891031027
vt 0.189315006 0.891031027
vt 0.189315006 0.891031027
vt 0.189315006 0.891030014
vt 0.189315006 0.891030014
vt 0.189313993 0.891031027
vt 0.189313993 0.891030014
vt 0.189311996 0.891031027
vt 0.189315006 0.891027987
vt 0.189313993 0.891031027
vt 0.189315006 0.891027987
vt 0.189315006 0.891027987
vt 0.189313993 0.891031027
vt 0.189313993 0.891031027
vt 0.189313993 0.891031027
vt 0.189315006 0.891027987
vt 0.189316005 0.891029
vt 0.189313993 0.891031027
vt 0.189312994 0.891031027
vt 0.189313993 0.891031027
vt 0.189313993 0.891031027
vt 0.189313993 0.891031027
vt 0.189313993 0.891031981
vt 0.189317003 0.891030014
vt 0.189312994 0.891031027
vt 0.189315006 0.891031981
vt 0.189315006 0.891031981
vt 0.189315006 0.891031981
vt 0.189315006 0.891031981
vt 0.189315006 0.891029
vt 0.189315006 0.891029
vt 0.189312994 0.891031027
vt 0.189312994 0.891031027
vt 0.189313993 0.891026974
vt 0.189313993 0.891026974
vt 0.189317003 0.891030014
vt 0.189317003 0.891030014
vt 0.189315006 0.891029
vt 0.189317003 0.891030014
vt 0.189315006 0.891029
vt 0.189315006 0.891029
vt 0.189317003 0.891030014
vt 0.189316005 0.891030014
vt 0.189315006 0.891027987
vt 0.189315006 0.891029
vt 0.189315006 0.891029
vt 0.189312994 0.891031981
vt 0.189312994 0.891031981
vt 0.189315006 0.891030014
vt 0.189312994 0.891031981
vt 0.189312994 0.891031981
vt 0.189315006 0.891030014
vt 0.189315006 0.891030014
vt 0.189312994 0.891031981
vt 0.189313993 0.891031981
vt 0.189312994 0.891031027
vt 0.189312994 0.891031027
vt 0.189315006 0.891031981
vt 0.189316005 0.891031027
vt 0.189315006 0.891031981
vt 0.189315006 0.891031981
vt 0.189315006 0.891031981
vt 0.189313993 0.891032994
vt 0.189312994 0.891031027
vt 0.189315006 0.891029
vt 0.189315006 0.891029
vt 0.189315006 0.891029
vt 0.189315006 0.891029
vt 0.189315006 0.891031981
vt 0.189313993 0.891031981
vt 0.189313993 0.891031981
vt 0.189312994 0.891031027
vt 0.189313993 0.891031981
vt 0.189315006 0.891031981
vt 0.189317003 0.891030014
vt 0.189315006 0.891030014
vt 0.189315006 0.891031981
vt 0.189317003 0.891031027
vt 0.189315006 0.891030014
vt 0.189315006 0.891030014
vt 0.189315006 0.891031981
vt 0.189313993 0.891031981
vt 0.189315006 0.891030014
vt 0.189313993 0.891031981
vt 0.189313993 0.891031981
vt 0.189312994 0.891031981
vt 0.189315006 0.891030014
vt 0.189316005 0.891030014
vt 0.189315006 0.891027987
vt 0.189317003 0.891031027
vt 0.189317003 0.891031027
vt 0.189313993 0.891032994
vt 0.189313993 0.891031981
vt 0.189313993 0.891031981
vt 0.189312994 0.891031981
vt 0.189316005 0.891031027
vt 0.189316005 0.891030014
vt 0.189316005 0.891030014
vt 0.189317003 0.891030014
vt 0.189317003 0.891030014
vt 0.189316005 0.891030014
vt 0.189315006 0.891032994
vt 0.189315006 0.891032994
vt 0.189316005 0.891031981
vt 0.189316005 0.891031981
vt 0.189316005 0.891031981
vt 0.189317003 0.891030014
vt 0.189315006 0.891031027
vt 0.189313993 0.891031027
vt 0.189315006 0.891032994
vt 0.189315006 0.891027987
vt 0.189315006 0.891031027
vt 0.189315006 0.891031027
vt 0.189313993 0.891032994
vt 0.189315006 0.891031027
vt 0.189316005 0.891031027
vt 0.189313993 0.891032994
vt 0.189315006 0.891031027
vt 0.189315006 0.891031981
vt 0.189315006 0.891031981
vt 0.189315006 0.891031027
vt 0.189312994 0.891031027
vt 0.189312994 0.891031027
vt 0.189312994 0.891031027
vt 0.189316005 0.891031027
vt 0.189313993 0.891032994
vt 0.189316005 0.891031027
vt 0.189316005 0.891031027
vt 0.189316005 0.891030014
vt 0.189316005 0.891031027
vt 0.189316005 0.891031027
vt 0.189316005 0.891031027
vt 0.189316005 0.891031027
vt 0.189315006 0.891031981
vt 0.189315006 0.891031981
vt 0.189315006 0.891031981
vt 0.189316005 0.891031027
vt 0.189316005 0.891030014
vt 0.189316005 0.891030014
vt 0.189317003 0.891030014
vt 0.189317003 0.891030014
vt 0.189316005 0.891030014
vt 0.189315006 0.891032994
vt 0.189315006 0.891032994
vt 0.189316005 0.891031981
vt 0.189316005 0.891031981
vt 0.189316005 0.891031981
vt 0.189317003 0.891030014
vt 0.189315006 0.891031027
vt 0.189313993 0.891031027
vt 0.189315006 0.891032994
vt 0.189315006 0.891027987
vt 0.189315006 0.891031027
vt 0.189315006 0.891031027
vt 0.189313993 0.891032994
vt 0.189315006 0.891031027
vt 0.189316005 0.891031027
vt 0.189313993 0.891032994
vt 0.189316005 0.891030014
vt 0.189316005 0.891031027
vt 0.189315006 0.891031981
vt 0.189316005 0.891031027
vt 0.189316005 0.891031027
vt 0.189315006 0.891031981
vt 0.189316005 0.891031027
vt 0.189315006 0.891031981
vt 0.189316005 0.891031027
vt 0.189315006 0.891031981
vt 0.189315006 0.891031981
vt 0.189315006 0.891031027
vt 0.189316005 0.891031027
vt 0.189316005 0.891031027
vt 0.189312994 0.891031027
vt 0.189312994 0.891031027
vt 0.189312994 0.891031027
vt 0.189315006 0.891031981
vt 0.189313993 0.891031981
vt 0.189315006 0.891032994
vt 0.189313993 0.891031981
vt 0.189315006 0.891031981
vt 0.189315006 0.891031981
vt 0.189313993 0.891029
vt 0.189315006 0.891029
vt 0.189315006 0.891029
vt 0.189315006 0.891029
vt 0.189315006 0.891029
vt 0.189313993 0.891029
vt 0.189313993 0.891030014
vt 0.189315006 0.891029
vt 0.189313993 0.891030014
vt 0.189313993 0.891030014
vt 0.189313993 0.891030014
vt 0.189313993 0.891032994
vt 0.189315006 0.891029
vt 0.189315006 0.891029
vt 0.189313993 0.891030014
vt 0.189313993 0.891030014
vt 0.189313993 0.891032994
vt 0.189313993 0.891032994
vt 0.189313993 0.891030014
vt 0.189313993 0.891030014
vt 0.189315006 0.891031981
vt 0.189315006 0.891031981
vt 0.189315006 0.891031981
vt 0.189315006 0.891031027
vt 0.189315006 0.891031981
vt 0.189315006 0.891031981
vt 0.189315006 0.891031981
vt 0.189313993 0.891030014
vt 0.189315006 0.891031981
vt 0.189315006 0.891031981
vt 0.189315006 0.891031981
vt 0.189315006 0.891031981
vt 0.189315006 0.891031981
vt 0.189316005 0.891031981
vt 0.128928006 0.746897995
vt 0.128928006 0.746897995
vt 0.129023001 0.746897995
vt 0.128928006 0.746897995
vt 0.129023001 0.746993005
vt 0.129023001 0.746897995
vt 0.129023001 0.746993005
vt 0.128928006 0.746897995
vt 0.129023001 0.746993005
vt 0.128928006 0.746897995
vt 0.129023001 0.746897995
vt 0.128928006 0.746897995
vt 0.128928006 0.746897995
vt 0.128928006 0.746897995
vt 0.129023001 0.746993005
vt 0.128928006 0.746897995
vt 0.128928006 0.746897995
vt 0.129023001 0.746897995
vt 0.129023001 0.746993005
vt 0.129023001 0.746897995
vt 0.128928006 0.746897995
vt 0.129023001 0.746897995
vt 0.128928006 0.746897995
vt 0.129023001 0.746993005
vt 0.128928006 0.746897995
vt 0.128928006 0.746897995
vt 0.128928006 0.746897995
vt 0.129023001 0.746993005
vt 0.129023001 0.746897995
vt 0.128928006 0.746897995
vt 0.128928006 0.746897995
vt 0.129023001 0.746897995
vt 0.129023001 0.746897995
vt 0.128928006 0.746897995
vt 0.129023001 0.746993005
vt 0.129023001 0.746897995
vt 0.128928006 0.746897995
vt 0.128928006 0.746897995
vt 0.129023001 0.746993005
vt 0.129023001 0.746993005
vn 0.514974 0.112913 -0.849736
vn 0.369083 -0.608087 -0.702857
vn 0.199793 -0.811277 -0.549466
vn 0.352983 -0.752096 -0.556556
vn -0.264917 -0.919641 0.289964
vn 0.034037 -0.961814 0.271578
vn -0.296129 -0.366191 0.882163
vn -0.330304 -0.003759 0.943867
vn -0.241669 0.694041 0.678162
vn 0.037380 0.887414 0.459455
vn 0.301103 0.913280 -0.274331
vn 0.160206 0.974274 0.158508
vn 0.687456 0.331079 -0.646368
vn 0.706559 0.267944 -0.654966
vn -0.566329 0.749301 -0.343249
vn 0.268748 0.312958 -0.910951
vn -0.613643 0.148534 0.775487
vn 0.199173 -0.381703 0.902570
vn 0.693023 -0.417747 -0.587543
vn 0.627492 0.155535 -0.762930
vn 0.715932 -0.652671 0.247915
vn -0.371877 0.275437 -0.886477
vn -0.998684 -0.049125 -0.014702
vn 0.995397 0.036464 0.088634
vn -0.480863 -0.219838 0.848788
vn 0.521693 -0.075046 0.849826
vn -0.287593 -0.151809 0.945645
vn -0.909424 -0.288845 -0.299192
vn -0.635526 -0.315534 0.704659
vn -0.688140 -0.152674 -0.709333
vn -0.840573 0.303568 -0.448646
vn 0.656826 0.205839 0.725404
vn 0.083108 -0.366740 0.926604
vn -0.459447 -0.492675 0.739040
vn 0.896919 0.370621 -0.241198
vn -0.259761 0.569114 -0.780149
vn -0.910503 0.408672 0.063022
vn 0.200176 0.214979 -0.955884
vn 0.870876 0.433685 -0.231283
vn -0.929688 0.355579 0.096143
vn -0.831979 0.392174 0.392443
vn 0.334610 0.919665 -0.205553
vn 0.309174 0.927352 -0.210782
vn 0.302128 0.945577 0.120840
vn 0.919820 -0.373184 0.121099
vn 0.942045 -0.335441 0.005582
vn 0.944578 -0.318223 0.080660
vn -0.330177 -0.836872 0.436610
vn -0.294000 -0.854376 0.428493
vn -0.302429 -0.891259 0.337925
vn -0.579700 -0.015501 -0.814683
vn -0.105843 -0.802981 -0.586532
vn -0.290363 -0.640458 -0.710988
vn -0.362072 -0.788469 -0.497212
vn 0.366725 -0.895348 0.252716
vn -0.016404 -0.952089 0.305380
vn 0.346167 -0.363663 0.864823
vn 0.327991 0.029130 0.944232
vn 0.351188 0.690007 0.632896
vn -0.060547 0.877460 0.475813
vn -0.384186 0.846356 -0.368892
vn -0.531334 0.776364 -0.339033
vn -0.658728 0.361522 -0.659833
vn 0.522562 0.755575 -0.395013
vn -0.356107 0.314033 -0.880097
vn -0.766592 -0.404060 -0.499071
vn -0.769508 0.004975 -0.638618
vn -0.642668 -0.674859 0.362690
vn 0.735392 0.223882 0.639590
vn 0.208777 0.216703 -0.953652
vn -0.017698 -0.374989 0.926860
vn 0.990671 0.076488 -0.112788
vn -0.962820 -0.036850 0.267617
vn 0.588512 -0.031201 0.807886
vn -0.381123 -0.006439 0.924502
vn 0.474126 0.168301 0.864222
vn 0.870833 -0.325735 -0.368167
vn 0.739229 -0.016926 0.673241
vn -0.328815 0.162880 0.930242
vn 0.292714 0.037153 0.955478
vn -0.523206 0.416193 0.743666
vn 0.605469 -0.337324 -0.720846
vn 0.900061 0.042884 -0.433648
vn -0.948513 0.294025 -0.117784
vn 0.158902 -0.290105 0.943710
vn 0.121485 -0.306864 0.943968
vn 0.133050 -0.397434 0.907934
vn 0.412804 -0.003599 -0.910813
vn 0.950633 0.299055 -0.082838
vn -0.369836 -0.127067 -0.920367
vn 0.958458 0.284565 -0.019493
vn 0.839142 0.524300 0.144740
vn -0.845466 0.160956 -0.509197
vn -0.972302 -0.142974 0.184900
vn -0.977447 -0.197693 0.074256
vn -0.984629 -0.132163 0.114190
vn -0.173263 0.512591 -0.840970
vn -0.146581 0.513362 -0.845561
vn -0.168920 0.761479 -0.625792
vn 0.496134 -0.306490 0.812352
vn 0.199793 -0.811277 0.549466
vn 0.369084 -0.608087 0.702857
vn 0.397102 -0.728264 0.558517
vn 0.091567 0.568549 0.817537
vn -0.264917 -0.919641 -0.289964
vn 0.025106 -0.967258 -0.252549
vn 0.427460 -0.324486 0.843793
vn 0.356409 0.116055 0.927094
vn -0.285064 -0.340169 -0.896116
vn -0.346216 0.016146 -0.938016
vn 0.525589 -0.840647 0.130645
vn 0.244498 -0.626975 -0.739678
vn -0.231353 0.698550 -0.677129
vn -0.024502 0.806381 -0.590888
vn 0.447272 0.833412 0.324612
vn 0.847182 -0.419870 0.325564
vn -0.359568 0.135112 -0.923285
vn 0.230974 0.936275 0.264650
vn 0.548429 0.619491 0.561656
vn 0.458717 0.658964 0.596108
vn -0.444438 0.892285 -0.079388
vn -0.418486 0.669924 0.613246
vn -0.824500 0.405464 -0.394714
vn -0.243390 -0.241137 -0.939476
vn 0.632433 -0.554487 -0.540900
vn -0.020348 -0.187301 -0.982092
vn -0.943760 0.314048 -0.103397
vn -0.423409 -0.097408 -0.900686
vn -0.848842 0.416653 0.325372
vn -0.747443 0.621359 0.235038
vn 0.825839 -0.345931 -0.445334
vn 0.352934 -0.345823 -0.869393
vn -0.291977 -0.188831 -0.937599
vn 0.795528 -0.152897 0.586308
vn -0.199039 0.596695 0.777392
vn -0.602956 0.796974 -0.035721
vn -0.072370 0.302315 0.950457
vn 0.832730 -0.163850 0.528880
vn -0.587906 0.804423 -0.085260
vn -0.393502 0.848393 -0.354098
vn 0.629445 0.534788 0.563738
vn 0.625603 0.540399 0.562662
vn 0.734060 0.636257 0.237346
vn 0.692156 -0.707209 -0.144138
vn 0.698951 -0.700578 -0.143728
vn 0.658677 -0.750856 -0.048580
vn -0.490195 -0.408597 -0.769908
vn -0.482478 -0.415059 -0.771324
vn -0.576284 -0.497150 -0.648644
vn 0.127216 -0.646671 0.752085
vn 0.370139 -0.335483 0.866284
vn 0.107839 -0.688222 0.717441
vn 0.404492 -0.824578 0.395547
vn -0.262958 -0.845044 0.465569
vn -0.177742 -0.842477 0.508567
vn -0.960771 -0.250999 0.117977
vn 0.785588 -0.450808 0.423821
vn 0.791570 -0.218143 0.570816
vn -0.334301 -0.346743 0.876363
vn 0.844280 0.513800 -0.152321
vn 0.926259 -0.271592 -0.261310
vn 0.912906 -0.232014 -0.335815
vn 0.948188 -0.160045 -0.274455
vn 0.913892 0.399082 -0.074399
vn 0.170450 0.856534 -0.487131
vn 0.933697 0.211802 -0.288703
vn -0.549154 0.799168 -0.244459
vn 0.080469 0.832225 -0.548567
vn 0.031157 0.809234 -0.586659
vn -0.090411 0.705622 -0.702797
vn 0.269303 0.461103 -0.845494
vn -0.736786 0.554528 -0.386841
vn 0.193631 -0.197946 -0.960898
vn 0.880482 -0.276785 -0.384892
vn -0.628465 0.316881 -0.710365
vn -0.925512 0.375593 0.048559
vn -0.812577 0.411694 0.412585
vn -0.796407 0.388262 0.463668
vn -0.711242 0.467475 0.524978
vn -0.994211 -0.052199 0.093913
vn -0.703448 0.023731 -0.710350
vn -0.886305 0.354676 0.297773
vn 0.063884 0.349993 0.934571
vn 0.847770 -0.051956 0.527812
vn 0.734204 -0.654332 -0.181091
vn 0.067262 -0.628846 -0.774615
vn 0.845177 -0.532814 0.042258
vn 0.872814 -0.014561 0.487835
vn -0.697783 0.018074 -0.716082
vn 0.616116 -0.610765 -0.497361
vn 0.751878 -0.585818 -0.302486
vn -0.311785 -0.413971 -0.855230
vn -0.348054 -0.293464 -0.890358
vn -0.000000 -0.733509 -0.679679
vn -0.190930 -0.824283 -0.533013
vn 0.275722 0.819643 0.502159
vn -0.619829 0.782476 -0.059521
vn -0.776678 0.473489 -0.415426
vn -0.003201 0.999279 -0.037831
vn 0.850416 0.193664 0.489170
vn 0.342206 0.925488 0.162378
vn 0.954831 0.147950 0.257697
vn -0.000000 -0.918276 -0.395941
vn 0.386053 -0.829381 -0.403844
vn 0.874677 -0.469205 -0.121599
vn 0.611580 -0.707112 -0.354912
vn 0.973699 0.039450 -0.224399
vn 0.724803 -0.538434 -0.429825
vn 0.893877 0.425281 -0.141847
vn 0.965651 0.007243 -0.259742
vn 0.393481 -0.838951 -0.375944
vn 0.662235 -0.749173 -0.013596
vn 0.357872 0.916396 0.179294
vn -0.357700 0.916274 0.180257
vn 0.914752 0.391872 -0.098309
vn 0.997543 -0.054188 0.044414
vn 0.899545 0.370306 0.231715
vn 0.792670 -0.235995 0.562121
vn 0.290191 0.821285 0.491202
vn 0.727629 0.158648 0.667373
vn 0.226345 -0.355147 0.906994
vn 0.215006 0.195322 0.956881
vn -0.226345 -0.355147 0.906994
vn -0.290191 0.821285 0.491202
vn -0.215006 0.195322 0.956881
vn -0.727629 0.158648 0.667373
vn -0.792670 -0.235995 0.562121
vn -0.899545 0.370306 0.231715
vn -0.997543 -0.054188 0.044414
vn -0.914752 0.391872 -0.098309
vn -0.965651 0.007243 -0.259742
vn -0.896139 0.420954 -0.140473
vn -0.973699 0.039450 -0.224399
vn -0.382916 0.917674 0.106064
vn -0.946792 0.305680 0.100720
vn -0.874677 -0.469205 -0.121599
vn 0.679679 0.729858 -0.073093
vn 0.802049 0.440786 -0.403020
vn 0.652629 -0.041664 -0.756531
vn -0.239515 0.806132 0.541095
vn -0.870528 -0.485776 0.078754
vn -0.838873 0.041198 0.542767
vn 0.900721 0.283718 0.328947
vn 0.692949 0.032084 -0.720273
vn 0.029782 0.264825 0.963837
vn -0.751878 -0.585818 -0.302486
vn -0.386053 -0.829381 -0.403844
vn -0.611580 -0.707112 -0.354912
vn -0.099559 -0.626618 -0.772941
vn -0.724803 -0.538434 -0.429825
vn 0.344786 -0.321251 -0.881998
vn -0.772914 -0.618212 -0.142890
vn 0.190930 -0.824283 -0.533013
vn -0.393481 -0.838951 -0.375944
vn -0.662235 -0.749173 -0.013596
vn -0.120592 -0.599802 -0.791009
vn -0.292494 -0.950909 0.101088
vn -0.499267 -0.843254 0.199136
vn -0.162574 -0.959880 0.228472
vn 0.162574 -0.959880 0.228472
vn 0.292494 -0.950909 0.101088
vn 0.499267 -0.843254 0.199136
vn -0.232327 -0.192690 -0.953360
vn -0.912508 -0.237860 -0.332794
vn -0.827277 -0.007406 0.561746
vn -0.695854 -0.006279 0.718156
vn -0.959981 0.165712 -0.225778
vn 0.335893 -0.145401 0.930610
vn 0.986701 -0.110433 0.119275
vn 0.597613 0.115744 -0.793387
vn -0.302555 0.252557 -0.919062
vn 0.609050 0.300900 -0.733837
vn 0.731456 -0.680289 0.046668
vn -0.182086 -0.618354 0.764515
vn -0.339861 0.732084 -0.590379
vn -0.744048 0.114462 0.658248
vn -0.793793 0.601754 0.088226
vn -0.007186 0.907362 -0.420289
vn 0.333861 0.726269 -0.600891
vn 0.087693 0.933711 -0.347122
vn 0.862859 -0.208016 -0.460655
vn -0.733848 0.626017 0.263761
vn -0.563041 0.813275 -0.146861
vn -0.116602 0.962997 -0.242983
vn -0.159967 0.960222 -0.228875
vn -0.167100 0.961699 -0.217283
vn -0.625140 -0.402978 0.668437
vn 0.068442 -0.957210 0.281184
vn -0.701312 -0.507018 0.501093
vn -0.965613 -0.108484 -0.236268
vn -0.914981 -0.223924 -0.335661
vn -0.835370 -0.235327 -0.496767
vn 0.722548 -0.584276 -0.369522
vn 0.706865 -0.680247 0.193923
vn 0.006355 -0.910443 0.413585
vn 0.990443 -0.137699 -0.007789
vn 0.011730 -0.892740 0.450419
vn -0.051566 -0.843700 0.534332
vn 0.885188 0.159449 0.437056
vn 0.807909 0.237168 0.539476
vn 0.584108 0.234287 0.777128
vn -0.564530 -0.252870 0.785724
vn -0.369086 -0.608076 0.702865
vn -0.199795 -0.811275 0.549468
vn -0.511504 -0.673639 0.533455
vn -0.185965 0.740402 0.645927
vn 0.264918 -0.919641 -0.289964
vn -0.124693 -0.969660 -0.210265
vn -0.835400 -0.017108 0.549377
vn -0.860149 0.375120 0.345585
vn 0.432127 -0.487995 -0.758371
vn 0.348496 0.060355 -0.935365
vn -0.757423 -0.646056 -0.094457
vn -0.092831 -0.756609 -0.647244
vn 0.439280 0.636175 -0.634283
vn 0.072346 0.792390 -0.605710
vn -0.136223 0.975539 -0.172533
vn 0.086471 0.981706 -0.169636
vn 0.640144 0.759015 0.118791
vn 0.801958 -0.234644 -0.549368
vn -0.892092 -0.162022 -0.421807
vn -0.488834 0.685753 0.539244
vn -0.575353 0.612432 0.542121
vn -0.591841 0.548569 0.590590
vn -0.696429 0.302841 0.650595
vn 0.073286 0.697895 0.712441
vn 0.950949 0.107633 0.290020
vn 0.720265 -0.506562 -0.473934
vn -0.186359 -0.529299 -0.827716
vn 0.705001 -0.328428 -0.628576
vn 0.951182 -0.207769 0.228223
vn -0.213375 -0.108464 -0.970931
vn -0.892498 0.244319 -0.379150
vn 0.312151 0.166988 0.935242
vn 0.234796 -0.235579 -0.943066
vn -0.669865 0.395160 0.628593
vn -0.935258 0.320186 -0.150912
vn 0.595711 0.232613 0.768778
vn 0.739377 -0.350377 -0.574942
vn -0.072589 0.443233 0.893463
vn 0.782343 0.484397 0.391534
vn 0.804387 0.474455 0.357568
vn 0.753045 0.655396 -0.058137
vn -0.592016 0.718045 0.365962
vn -0.567707 0.750725 0.337817
vn -0.515246 0.853533 0.077476
vn -0.739931 -0.359201 -0.568749
vn -0.769678 -0.351332 -0.533068
vn -0.801172 -0.455119 -0.388575
vn 0.612237 -0.571544 -0.546355
vn 0.575514 -0.604510 -0.550774
vn 0.577234 -0.653708 -0.489355
vn 0.562895 0.106787 0.819601
vn 0.289908 -0.556033 0.778961
vn 0.181700 -0.841594 0.508630
vn 0.370496 -0.851466 0.371131
vn -0.311780 -0.890987 -0.330054
vn -0.562383 -0.801151 -0.204651
vn -0.369833 -0.873964 -0.315294
vn -0.745849 -0.076670 -0.661688
vn -0.708382 -0.050495 -0.704021
vn -0.499887 0.805857 -0.317345
vn -0.407044 0.847274 -0.341236
vn 0.340897 -0.931624 0.125956
vn -0.922245 0.099087 -0.373692
vn 0.079362 0.921923 0.379156
vn 0.103359 0.901377 0.420518
vn 0.210069 0.706429 0.675891
vn -0.469857 0.876220 -0.107115
vn 0.410702 0.862677 0.295148
vn 0.922356 -0.190726 0.335982
vn 0.699232 0.713890 -0.037899
vn -0.214169 0.975245 -0.055031
vn 0.849683 -0.511042 -0.129904
vn 0.672317 0.621296 -0.402469
vn 0.734676 -0.665050 -0.134012
vn 0.695999 0.560807 -0.448420
vn 0.746565 0.662861 0.057052
vn 0.184203 0.982083 0.039788
vn 0.102656 0.824877 0.555914
vn -0.593163 0.784841 0.179394
vn -0.869746 0.103621 0.482499
vn -0.653680 0.738040 0.167333
vn -0.918709 0.390373 0.059860
vn -0.818005 -0.512277 0.261612
vn 0.044493 -0.984930 0.167131
vn 0.076886 -0.948509 0.307278
vn -0.751717 -0.608870 0.253375
vn -0.750351 -0.558549 0.353549
vn -0.756333 -0.651776 -0.056117
vn 0.671803 -0.732741 0.108492
vn 0.649782 -0.755878 0.080198
vn 0.660157 -0.725477 0.194617
vn -0.625040 0.026158 0.780154
vn -0.045705 -0.829019 0.557349
vn -0.199488 -0.540217 0.817539
vn -0.213256 -0.882121 0.419981
vn 0.497283 -0.832441 -0.244440
vn 0.897467 -0.352748 -0.264805
vn 0.503873 -0.833481 -0.226763
vn 0.800717 0.024106 -0.598557
vn 0.743437 -0.081056 -0.663876
vn 0.399371 0.855061 -0.330718
vn 0.316907 0.847643 -0.425525
vn 0.159105 -0.960397 -0.228744
vn 0.762190 0.638682 -0.105602
vn -0.235164 0.921330 0.309595
vn -0.250552 0.905156 0.343390
vn -0.310418 0.706627 0.635861
vn -0.066200 0.976665 0.204309
vn -0.828102 0.391800 0.400923
vn -0.715228 -0.698047 0.034347
vn -0.974389 0.204855 -0.092737
vn -0.283024 0.959101 -0.004700
vn -0.583664 -0.806760 -0.092055
vn 0.360192 -0.921101 0.147767
vn 0.696104 0.704931 0.136056
vn -0.984960 -0.094756 -0.144484
vn 0.942403 -0.211308 0.259280
vn -0.047308 -0.950586 0.306836
vn -0.162003 0.975170 -0.150991
vn 0.928323 0.100920 0.357816
vn -0.663169 -0.723977 0.189908
vn 0.772260 -0.625100 0.113421
vn -0.651556 -0.739323 0.169932
vn -0.651025 -0.724106 0.227678
vn -0.726164 0.654434 0.210718
vn 0.771816 -0.617192 0.152886
vn 0.756510 -0.651201 -0.060250
vn -0.102811 0.982612 0.154608
vn -0.072657 0.774079 0.628905
vn 0.607829 0.774242 0.176333
vn 0.940469 -0.274123 -0.200933
vn 0.930506 -0.306233 -0.200949
vn 0.930506 -0.306231 -0.200950
vn 0.940461 -0.274151 -0.200931
vn 0.948725 -0.244204 -0.200714
vn 0.948722 -0.244210 -0.200717
vn -0.940470 -0.274123 -0.200931
vn -0.948725 -0.244204 -0.200714
vn -0.948722 -0.244210 -0.200717
vn -0.940462 -0.274149 -0.200931
vn -0.930507 -0.306230 -0.200948
vn -0.930506 -0.306234 -0.200945
vn 0.093136 -0.900035 0.425749
vn -0.458603 -0.176845 0.870867
vn 0.395046 -0.763771 0.510483
vn 0.700521 -0.640859 -0.313958
vn 0.339516 -0.784263 -0.519289
vn 0.096346 -0.031386 -0.994853
vn -0.512875 -0.119657 0.850083
vn -0.773047 0.506975 0.381279
vn -0.280691 -0.854474 0.437135
vn -0.804539 0.489294 0.336612
vn 0.000249 -0.750523 -0.660845
vn 0.097173 0.096909 -0.990538
vn -0.575971 0.536207 -0.617041
vn -0.708159 0.547220 -0.446163
vn -0.093134 -0.900035 0.425750
vn -0.395043 -0.763769 0.510488
vn 0.458604 -0.176845 0.870866
vn -0.700515 -0.640868 -0.313953
vn -0.339512 -0.784264 -0.519290
vn -0.096348 -0.031391 -0.994853
vn 0.512876 -0.119654 0.850083
vn 0.280691 -0.854474 0.437136
vn 0.773049 0.506970 0.381284
vn -0.000247 -0.750524 -0.660843
vn 0.804541 0.489293 0.336611
vn -0.097174 0.096916 -0.990538
vn 0.575974 0.536206 -0.617039
vn 0.708158 0.547220 -0.446164
vn -0.143956 -0.840203 -0.522815
vn -0.535296 -0.819262 0.205592
vn -0.310424 -0.892355 0.327628
vn -0.628289 -0.204134 0.750721
vn -0.399810 -0.776813 -0.486532
vn -0.295326 -0.099840 -0.950166
vn -0.793994 -0.259148 0.549924
vn -0.779652 0.536260 0.323371
vn -0.522997 -0.174276 -0.834327
vn -0.613187 0.588382 -0.527075
vn -0.930503 -0.306236 -0.200956
vn -0.781681 0.385830 -0.490010
vn -0.917178 0.343420 0.202106
vn 0.143931 -0.840209 -0.522812
vn 0.310424 -0.892355 0.327628
vn 0.535290 -0.819265 0.205597
vn 0.628289 -0.204129 0.750723
vn 0.399796 -0.776826 -0.486523
vn 0.295321 -0.099846 -0.950166
vn 0.793987 -0.259161 0.549927
vn 0.779653 0.536258 0.323371
vn 0.523002 -0.174264 -0.834327
vn 0.613186 0.588383 -0.527075
vn 0.930502 -0.306240 -0.200956
vn 0.781681 0.385830 -0.490010
vn 0.917178 0.343420 0.202108
vn 0.999930 0.000000 0.011842
vn 0.930504 0.306242 0.200944
vn 0.937102 0.307310 -0.165530
vn 0.930827 -0.021630 0.364818
vn 0.805161 0.592970 0.010067
vn 0.798894 0.264019 0.540428
vn 0.736063 0.571320 0.363049
vn -0.999930 0.000000 0.011842
vn -0.937102 0.307310 -0.165530
vn -0.930504 0.306241 0.200943
vn -0.930828 -0.021630 0.364817
vn -0.805161 0.592970 0.010067
vn -0.798895 0.264023 0.540424
vn -0.736063 0.571322 0.363046
f 1/1/1 2/2/2 3/3/3
f 1/1/1 3/3/3 4/4/4
f 4/4/4 3/3/3 5/5/5
f 4/4/4 5/5/5 6/6/6
f 5/5/5 7/7/7 6/6/6
f 5/5/5 8/8/8 7/7/7
f 8/8/8 9/9/9 7/7/7
f 8/8/8 10/10/10 9/9/9
f 11/11/11 9/9/9 10/10/10
f 11/11/11 10/10/10 12/12/12
f 13/13/13 1/1/1 11/11/11
f 13/13/13 11/11/11 14/14/14
f 9/9/9 11/11/11 15/15/15
f 15/15/15 11/11/11 1/1/1
f 4/4/4 16/16/16 1/1/1
f 15/15/15 1/1/1 16/16/16
f 7/7/7 9/9/9 17/17/17
f 9/9/9 15/15/15 17/17/17
f 18/18/18 6/6/6 7/7/7
f 7/7/7 17/17/17 18/18/18
f 19/19/19 4/4/4 6/6/6
f 16/16/16 4/4/4 19/19/19
f 16/16/16 19/19/19 20/20/20
f 19/19/19 6/6/6 21/21/21
f 18/18/18 21/21/21 6/6/6
f 21/21/21 20/20/20 19/19/19
f 15/15/15 16/16/16 22/22/22
f 20/20/20 22/22/22 16/16/16
f 17/17/17 15/15/15 23/23/23
f 15/15/15 22/22/22 23/23/23
f 24/24/24 21/21/21 18/18/18
f 21/21/21 24/24/24 20/20/20
f 18/18/18 17/17/17 25/25/25
f 17/17/17 23/23/23 25/25/25
f 25/25/25 26/26/26 18/18/18
f 24/24/24 18/18/18 26/26/26
f 27/27/27 25/25/25 23/23/23
f 25/25/25 27/27/27 26/26/26
f 28/28/28 23/23/23 22/22/22
f 27/27/27 23/23/23 29/29/29
f 30/30/30 28/28/28 22/22/22
f 20/20/20 30/30/30 22/22/22
f 30/30/30 31/31/31 28/28/28
f 32/32/32 24/24/24 26/26/26
f 27/27/27 32/32/32 26/26/26
f 29/29/29 33/33/33 27/27/27
f 27/27/27 33/33/33 32/32/32
f 29/29/29 34/34/34 33/33/33
f 20/20/20 24/24/24 35/35/35
f 35/35/35 24/24/24 32/32/32
f 31/31/31 30/30/30 36/36/36
f 31/31/31 36/36/36 37/37/37
f 30/30/30 20/20/20 38/38/38
f 38/38/38 20/20/20 35/35/35
f 30/30/30 38/38/38 36/36/36
f 35/35/35 32/32/32 39/39/39
f 38/38/38 35/35/35 39/39/39
f 32/32/32 33/33/33 39/39/39
f 38/38/38 39/39/39 36/36/36
f 36/36/36 40/40/40 37/37/37
f 37/37/37 40/40/40 41/41/41
f 36/36/36 39/39/39 42/42/42
f 36/36/36 42/42/42 43/43/43
f 43/43/43 42/42/42 44/44/44
f 45/45/45 39/39/39 33/33/33
f 45/45/45 33/33/33 46/46/46
f 45/45/45 46/46/46 47/47/47
f 34/34/34 48/48/48 33/33/33
f 34/34/34 49/49/49 48/48/48
f 48/48/48 49/49/49 50/50/50
f 51/51/51 52/52/52 53/53/53
f 51/51/51 54/54/54 52/52/52
f 55/55/55 52/52/52 54/54/54
f 55/55/55 54/54/54 56/56/56
f 57/57/57 55/55/55 56/56/56
f 57/57/57 58/58/58 55/55/55
f 59/59/59 58/58/58 57/57/57
f 59/59/59 60/60/60 58/58/58
f 60/60/60 59/59/59 61/61/61
f 60/60/60 61/61/61 62/62/62
f 63/63/63 62/62/62 61/61/61
f 63/63/63 61/61/61 51/51/51
f 64/64/64 61/61/61 59/59/59
f 64/64/64 51/51/51 61/61/61
f 54/54/54 51/51/51 65/65/65
f 64/64/64 65/65/65 51/51/51
f 56/56/56 54/54/54 66/66/66
f 66/66/66 54/54/54 65/65/65
f 66/66/66 65/65/65 67/67/67
f 56/56/56 66/66/66 68/68/68
f 68/68/68 57/57/57 56/56/56
f 68/68/68 66/66/66 67/67/67
f 57/57/57 69/69/69 59/59/59
f 64/64/64 59/59/59 69/69/69
f 64/64/64 70/70/70 65/65/65
f 65/65/65 70/70/70 67/67/67
f 68/68/68 71/71/71 57/57/57
f 57/57/57 71/71/71 69/69/69
f 69/69/69 72/72/72 64/64/64
f 64/64/64 72/72/72 70/70/70
f 68/68/68 67/67/67 73/73/73
f 73/73/73 71/71/71 68/68/68
f 71/71/71 74/74/74 69/69/69
f 69/69/69 74/74/74 72/72/72
f 71/71/71 75/75/75 74/74/74
f 73/73/73 75/75/75 71/71/71
f 76/76/76 72/72/72 74/74/74
f 76/76/76 74/74/74 75/75/75
f 77/77/77 70/70/70 72/72/72
f 76/76/76 78/78/78 72/72/72
f 78/78/78 76/76/76 79/79/79
f 78/78/78 79/79/79 80/80/80
f 76/76/76 75/75/75 81/81/81
f 81/81/81 75/75/75 73/73/73
f 81/81/81 79/79/79 76/76/76
f 77/77/77 82/82/82 70/70/70
f 82/82/82 67/67/67 70/70/70
f 82/82/82 77/77/77 83/83/83
f 84/84/84 81/81/81 73/73/73
f 67/67/67 84/84/84 73/73/73
f 84/84/84 79/79/79 81/81/81
f 80/80/80 79/79/79 85/85/85
f 80/80/80 85/85/85 86/86/86
f 85/85/85 87/87/87 86/86/86
f 83/83/83 88/88/88 82/82/82
f 83/83/83 89/89/89 88/88/88
f 82/82/82 90/90/90 67/67/67
f 90/90/90 84/84/84 67/67/67
f 82/82/82 88/88/88 90/90/90
f 88/88/88 89/89/89 91/91/91
f 89/89/89 92/92/92 91/91/91
f 84/84/84 90/90/90 93/93/93
f 79/79/79 84/84/84 93/93/93
f 90/90/90 88/88/88 93/93/93
f 94/94/94 79/79/79 93/93/93
f 94/94/94 95/95/95 79/79/79
f 94/94/94 96/96/96 95/95/95
f 88/88/88 97/97/97 93/93/93
f 88/88/88 98/98/98 97/97/97
f 98/98/98 99/99/99 97/97/97
f 100/100/100 101/101/101 102/102/102
f 100/100/100 103/103/103 101/101/101
f 103/103/103 100/100/100 104/104/104
f 105/105/105 101/101/101 103/103/103
f 105/105/105 103/103/103 106/106/106
f 103/103/103 104/104/104 107/107/107
f 107/107/107 106/106/106 103/103/103
f 104/104/104 108/108/108 107/107/107
f 109/109/109 105/105/105 106/106/106
f 109/109/109 110/110/110 105/105/105
f 107/107/107 111/111/111 106/106/106
f 111/111/111 107/107/107 108/108/108
f 112/112/112 106/106/106 111/111/111
f 112/112/112 109/109/109 106/106/106
f 113/113/113 110/110/110 109/109/109
f 113/113/113 114/114/114 110/110/110
f 115/115/115 114/114/114 113/113/113
f 111/111/111 108/108/108 116/116/116
f 116/116/116 112/112/112 111/111/111
f 109/109/109 112/112/112 117/117/117
f 109/109/109 117/117/117 113/113/113
f 115/115/115 113/113/113 118/118/118
f 119/119/119 115/115/115 118/118/118
f 119/119/119 118/118/118 120/120/120
f 121/121/121 118/118/118 113/113/113
f 121/121/121 120/120/120 118/118/118
f 121/121/121 113/113/113 117/117/117
f 121/121/121 104/104/104 120/120/120
f 121/121/121 122/122/122 104/104/104
f 122/122/122 108/108/108 104/104/104
f 117/117/117 123/123/123 121/121/121
f 121/121/121 123/123/123 122/122/122
f 112/112/112 124/124/124 117/117/117
f 117/117/117 124/124/124 123/123/123
f 125/125/125 124/124/124 112/112/112
f 116/116/116 125/125/125 112/112/112
f 126/126/126 123/123/123 124/124/124
f 125/125/125 126/126/126 124/124/124
f 127/127/127 122/122/122 123/123/123
f 126/126/126 128/128/128 123/123/123
f 127/127/127 129/129/129 122/122/122
f 122/122/122 129/129/129 108/108/108
f 129/129/129 127/127/127 130/130/130
f 131/131/131 125/125/125 116/116/116
f 126/126/126 125/125/125 131/131/131
f 128/128/128 126/126/126 132/132/132
f 131/131/131 132/132/132 126/126/126
f 128/128/128 132/132/132 133/133/133
f 108/108/108 134/134/134 116/116/116
f 131/131/131 116/116/116 134/134/134
f 130/130/130 135/135/135 129/129/129
f 130/130/130 136/136/136 135/135/135
f 129/129/129 137/137/137 108/108/108
f 137/137/137 134/134/134 108/108/108
f 129/129/129 135/135/135 137/137/137
f 131/131/131 134/134/134 138/138/138
f 134/134/134 137/137/137 138/138/138
f 131/131/131 138/138/138 132/132/132
f 137/137/137 135/135/135 138/138/138
f 135/135/135 136/136/136 139/139/139
f 136/136/136 140/140/140 139/139/139
f 135/135/135 141/141/141 138/138/138
f 135/135/135 142/142/142 141/141/141
f 142/142/142 143/143/143 141/141/141
f 144/144/144 132/132/132 138/138/138
f 144/144/144 145/145/145 132/132/132
f 144/144/144 146/146/146 145/145/145
f 133/133/133 132/132/132 147/147/147
f 133/133/133 147/147/147 148/148/148
f 147/147/147 149/149/149 148/148/148
f 150/150/150 151/151/151 152/152/152
f 153/153/153 150/150/150 152/152/152
f 153/153/153 154/154/154 150/150/150
f 153/153/153 155/155/155 154/154/154
f 155/155/155 156/156/156 154/154/154
f 155/155/155 153/153/153 157/157/157
f 158/158/158 155/155/155 157/157/157
f 159/159/159 156/156/156 155/155/155
f 158/158/158 159/159/159 155/155/155
f 157/157/157 153/153/153 160/160/160
f 153/153/153 161/161/161 160/160/160
f 153/153/153 162/162/162 161/161/161
f 162/162/162 163/163/163 161/161/161
f 157/157/157 164/164/164 158/158/158
f 164/164/164 157/157/157 160/160/160
f 165/165/165 164/164/164 160/160/160
f 158/158/158 164/164/164 166/166/166
f 166/166/166 164/164/164 165/165/165
f 165/165/165 160/160/160 167/167/167
f 167/167/167 160/160/160 168/168/168
f 167/167/167 168/168/168 169/169/169
f 168/168/168 170/170/170 169/169/169
f 166/166/166 165/165/165 171/171/171
f 165/165/165 167/167/167 172/172/172
f 171/171/171 165/165/165 172/172/172
f 173/173/173 166/166/166 171/171/171
f 174/174/174 158/158/158 166/166/166
f 173/173/173 174/174/174 166/166/166
f 171/171/171 172/172/172 175/175/175
f 173/173/173 171/171/171 175/175/175
f 156/156/156 172/172/172 167/167/167
f 156/156/156 167/167/167 176/176/176
f 176/176/176 167/167/167 177/177/177
f 176/176/176 177/177/177 178/178/178
f 177/177/177 179/179/179 178/178/178
f 180/180/180 172/172/172 156/156/156
f 180/180/180 175/175/175 172/172/172
f 159/159/159 180/180/180 156/156/156
f 181/181/181 175/175/175 180/180/180
f 173/173/173 175/175/175 181/181/181
f 182/182/182 180/180/180 159/159/159
f 181/181/181 180/180/180 182/182/182
f 182/182/182 159/159/159 183/183/183
f 183/183/183 159/159/159 158/158/158
f 183/183/183 158/158/158 184/184/184
f 174/174/174 184/184/184 158/158/158
f 173/173/173 185/185/185 174/174/174
f 185/185/185 184/184/184 174/174/174
f 181/181/181 186/186/186 173/173/173
f 173/173/173 186/186/186 185/185/185
f 186/186/186 187/187/187 185/185/185
f 185/185/185 188/188/188 184/184/184
f 188/188/188 183/183/183 184/184/184
f 187/187/187 188/188/188 185/185/185
f 181/181/181 189/189/189 186/186/186
f 182/182/182 189/189/189 181/181/181
f 186/186/186 190/190/190 187/187/187
f 191/191/191 187/187/187 190/190/190
f 189/189/189 192/192/192 186/186/186
f 192/192/192 189/189/189 193/193/193
f 192/192/192 193/193/193 194/194/194
f 195/195/195 192/192/192 194/194/194
f 188/188/188 196/196/196 183/183/183
f 196/196/196 182/182/182 183/183/183
f 182/182/182 197/197/197 189/189/189
f 196/196/196 197/197/197 182/182/182
f 197/197/197 198/198/198 189/189/189
f 197/197/197 199/199/199 198/198/198
f 200/200/200 196/196/196 188/188/188
f 200/200/200 188/188/188 187/187/187
f 196/196/196 201/201/201 197/197/197
f 200/200/200 201/201/201 196/196/196
f 197/197/197 201/201/201 199/199/199
f 202/202/202 200/200/200 187/187/187
f 201/201/201 200/200/200 202/202/202
f 194/194/194 203/203/203 195/195/195
f 195/195/195 203/203/203 204/204/204
f 202/202/202 187/187/187 205/205/205
f 205/205/205 187/187/187 191/191/191
f 204/204/204 205/205/205 191/191/191
f 204/204/204 206/206/206 205/205/205
f 207/207/207 202/202/202 205/205/205
f 204/204/204 208/208/208 206/206/206
f 207/207/207 209/209/209 202/202/202
f 202/202/202 209/209/209 201/201/201
f 209/209/209 207/207/207 210/210/210
f 204/204/204 211/211/211 208/208/208
f 203/203/203 211/211/211 204/204/204
f 211/211/211 212/212/212 208/208/208
f 209/209/209 213/213/213 201/201/201
f 213/213/213 199/199/199 201/201/201
f 214/214/214 199/199/199 213/213/213
f 209/209/209 210/210/210 215/215/215
f 209/209/209 215/215/215 213/213/213
f 215/215/215 210/210/210 216/216/216
f 215/215/215 216/216/216 217/217/217
f 213/213/213 215/215/215 217/217/217
f 217/217/217 216/216/216 218/218/218
f 213/213/213 217/217/217 219/219/219
f 219/219/219 214/214/214 213/213/213
f 217/217/217 218/218/218 220/220/220
f 219/219/219 217/217/217 220/220/220
f 221/221/221 220/220/220 218/218/218
f 221/221/221 222/222/222 220/220/220
f 219/219/219 220/220/220 222/222/222
f 222/222/222 221/221/221 223/223/223
f 222/222/222 224/224/224 219/219/219
f 219/219/219 224/224/224 214/214/214
f 222/222/222 223/223/223 225/225/225
f 222/222/222 225/225/225 224/224/224
f 223/223/223 226/226/226 225/225/225
f 224/224/224 225/225/225 226/226/226
f 223/223/223 227/227/227 226/226/226
f 224/224/224 226/226/226 228/228/228
f 227/227/227 228/228/228 226/226/226
f 214/214/214 224/224/224 228/228/228
f 227/227/227 229/229/229 228/228/228
f 230/230/230 228/228/228 229/229/229
f 214/214/214 228/228/228 230/230/230
f 230/230/230 229/229/229 231/231/231
f 232/232/232 230/230/230 231/231/231
f 232/232/232 214/214/214 230/230/230
f 232/232/232 231/231/231 233/233/233
f 232/232/232 234/234/234 214/214/214
f 234/234/234 199/199/199 214/214/214
f 233/233/233 235/235/235 232/232/232
f 235/235/235 234/234/234 232/232/232
f 233/233/233 236/236/236 235/235/235
f 199/199/199 234/234/234 237/237/237
f 238/238/238 199/199/199 237/237/237
f 238/238/238 237/237/237 239/239/239
f 235/235/235 240/240/240 234/234/234
f 237/237/237 234/234/234 240/240/240
f 241/241/241 235/235/235 236/236/236
f 235/235/235 242/242/242 240/240/240
f 235/235/235 241/241/241 242/242/242
f 240/240/240 243/243/243 237/237/237
f 244/244/244 239/239/239 237/237/237
f 244/244/244 237/237/237 243/243/243
f 242/242/242 245/245/245 240/240/240
f 240/240/240 245/245/245 243/243/243
f 236/236/236 246/246/246 241/241/241
f 247/247/247 246/246/246 236/236/236
f 247/247/247 236/236/236 248/248/248
f 246/246/246 249/249/249 241/241/241
f 250/250/250 247/247/247 248/248/248
f 249/249/249 251/251/251 239/239/239
f 249/249/249 194/194/194 251/251/251
f 242/242/242 241/241/241 252/252/252
f 249/249/249 252/252/252 241/241/241
f 253/253/253 194/194/194 249/249/249
f 253/253/253 203/203/203 194/194/194
f 203/203/203 253/253/253 247/247/247
f 250/250/250 254/254/254 247/247/247
f 254/254/254 203/203/203 247/247/247
f 255/255/255 254/254/254 250/250/250
f 203/203/203 254/254/254 211/211/211
f 249/249/249 239/239/239 256/256/256
f 249/249/249 256/256/256 252/252/252
f 256/256/256 239/239/239 244/244/244
f 255/255/255 257/257/257 254/254/254
f 257/257/257 211/211/211 254/254/254
f 257/257/257 255/255/255 258/258/258
f 257/257/257 258/258/258 259/259/259
f 260/260/260 257/257/257 259/259/259
f 257/257/257 261/261/261 211/211/211
f 260/260/260 261/261/261 257/257/257
f 212/212/212 211/211/211 261/261/261
f 261/261/261 260/260/260 262/262/262
f 261/261/261 262/262/262 212/212/212
f 252/252/252 256/256/256 263/263/263
f 263/263/263 256/256/256 244/244/244
f 252/252/252 263/263/263 264/264/264
f 265/265/265 252/252/252 264/264/264
f 265/265/265 242/242/242 252/252/252
f 242/242/242 265/265/265 245/245/245
f 264/264/264 266/266/266 265/265/265
f 245/245/245 265/265/265 266/266/266
f 267/267/267 264/264/264 263/263/263
f 264/264/264 267/267/267 266/266/266
f 245/245/245 266/266/266 268/268/268
f 243/243/243 245/245/245 268/268/268
f 244/244/244 243/243/243 269/269/269
f 243/243/243 268/268/268 269/269/269
f 263/263/263 244/244/244 270/270/270
f 270/270/270 244/244/244 269/269/269
f 263/263/263 270/270/270 271/271/271
f 267/267/267 263/263/263 271/271/271
f 270/270/270 269/269/269 272/272/272
f 272/272/272 271/271/271 270/270/270
f 268/268/268 273/273/273 269/269/269
f 269/269/269 273/273/273 272/272/272
f 274/274/274 268/268/268 266/266/266
f 268/268/268 274/274/274 273/273/273
f 267/267/267 271/271/271 275/275/275
f 272/272/272 275/275/275 271/271/271
f 267/267/267 276/276/276 266/266/266
f 274/274/274 266/266/266 276/276/276
f 267/267/267 275/275/275 277/277/277
f 267/267/267 277/277/277 276/276/276
f 278/278/278 275/275/275 272/272/272
f 277/277/277 275/275/275 278/278/278
f 278/278/278 272/272/272 279/279/279
f 278/278/278 279/279/279 280/280/280
f 281/281/281 272/272/272 273/273/273
f 276/276/276 277/277/277 282/282/282
f 277/277/277 278/278/278 282/282/282
f 283/283/283 278/278/278 280/280/280
f 278/278/278 283/283/283 282/282/282
f 283/283/283 280/280/280 284/284/284
f 285/285/285 283/283/283 284/284/284
f 285/285/285 284/284/284 286/286/286
f 276/276/276 282/282/282 287/287/287
f 274/274/274 276/276/276 287/287/287
f 273/273/273 274/274/274 288/288/288
f 288/288/288 274/274/274 287/287/287
f 282/282/282 289/289/289 287/287/287
f 282/282/282 283/283/283 289/289/289
f 288/288/288 287/287/287 289/289/289
f 283/283/283 290/290/290 289/289/289
f 283/283/283 291/291/291 290/290/290
f 291/291/291 292/292/292 290/290/290
f 273/273/273 288/288/288 293/293/293
f 281/281/281 273/273/273 293/293/293
f 288/288/288 289/289/289 294/294/294
f 288/288/288 294/294/294 293/293/293
f 281/281/281 293/293/293 294/294/294
f 294/294/294 289/289/289 295/295/295
f 281/281/281 294/294/294 296/296/296
f 294/294/294 295/295/295 297/297/297
f 295/295/295 298/298/298 297/297/297
f 296/296/296 294/294/294 299/299/299
f 296/296/296 299/299/299 300/300/300
f 299/299/299 301/301/301 300/300/300
f 302/302/302 303/303/303 304/304/304
f 302/302/302 304/304/304 305/305/305
f 305/305/305 306/306/306 302/302/302
f 305/305/305 304/304/304 307/307/307
f 305/305/305 307/307/307 308/308/308
f 305/305/305 309/309/309 306/306/306
f 309/309/309 305/305/305 308/308/308
f 306/306/306 309/309/309 310/310/310
f 307/307/307 311/311/311 308/308/308
f 307/307/307 312/312/312 311/311/311
f 309/309/309 308/308/308 313/313/313
f 313/313/313 310/310/310 309/309/309
f 314/314/314 313/313/313 308/308/308
f 314/314/314 308/308/308 311/311/311
f 315/315/315 311/311/311 312/312/312
f 312/312/312 316/316/316 315/315/315
f 317/317/317 315/315/315 316/316/316
f 317/317/317 318/318/318 315/315/315
f 319/319/319 315/315/315 318/318/318
f 311/311/311 315/315/315 320/320/320
f 311/311/311 320/320/320 314/314/314
f 319/319/319 320/320/320 315/315/315
f 313/313/313 321/321/321 310/310/310
f 321/321/321 313/313/313 314/314/314
f 319/319/319 322/322/322 306/306/306
f 323/323/323 322/322/322 319/319/319
f 323/323/323 324/324/324 322/322/322
f 324/324/324 323/323/323 325/325/325
f 319/319/319 306/306/306 326/326/326
f 306/306/306 310/310/310 326/326/326
f 327/327/327 320/320/320 319/319/319
f 319/319/319 326/326/326 327/327/327
f 314/314/314 320/320/320 328/328/328
f 327/327/327 328/328/328 320/320/320
f 314/314/314 328/328/328 329/329/329
f 321/321/321 314/314/314 329/329/329
f 330/330/330 328/328/328 327/327/327
f 330/330/330 329/329/329 328/328/328
f 331/331/331 327/327/327 326/326/326
f 330/330/330 327/327/327 331/331/331
f 332/332/332 321/321/321 329/329/329
f 330/330/330 332/332/332 329/329/329
f 310/310/310 321/321/321 333/333/333
f 333/333/333 321/321/321 332/332/332
f 334/334/334 326/326/326 310/310/310
f 334/334/334 331/331/331 326/326/326
f 332/332/332 330/330/330 335/335/335
f 331/331/331 335/335/335 330/330/330
f 336/336/336 310/310/310 333/333/333
f 334/334/334 310/310/310 336/336/336
f 333/333/333 332/332/332 337/337/337
f 333/333/333 337/337/337 336/336/336
f 332/332/332 335/335/335 337/337/337
f 334/334/334 338/338/338 331/331/331
f 331/331/331 339/339/339 335/335/335
f 334/334/334 336/336/336 340/340/340
f 338/338/338 334/334/334 340/340/340
f 336/336/336 337/337/337 340/340/340
f 338/338/338 340/340/340 341/341/341
f 340/340/340 342/342/342 341/341/341
f 341/341/341 342/342/342 343/343/343
f 340/340/340 337/337/337 344/344/344
f 340/340/340 344/344/344 345/345/345
f 345/345/345 344/344/344 346/346/346
f 347/347/347 337/337/337 335/335/335
f 347/347/347 335/335/335 348/348/348
f 347/347/347 348/348/348 349/349/349
f 339/339/339 350/350/350 335/335/335
f 350/350/350 339/339/339 351/351/351
f 350/350/350 351/351/351 352/352/352
f 353/353/353 354/354/354 355/355/355
f 353/353/353 355/355/355 356/356/356
f 357/357/357 356/356/356 355/355/355
f 356/356/356 357/357/357 358/358/358
f 357/357/357 355/355/355 359/359/359
f 360/360/360 357/357/357 359/359/359
f 360/360/360 358/358/358 357/357/357
f 359/359/359 361/361/361 360/360/360
f 362/362/362 360/360/360 361/361/361
f 362/362/362 361/361/361 363/363/363
f 364/364/364 353/353/353 356/356/356
f 356/356/356 358/358/358 364/364/364
f 362/362/362 365/365/365 360/360/360
f 358/358/358 360/360/360 365/365/365
f 366/366/366 362/362/362 363/363/363
f 366/366/366 363/363/363 367/367/367
f 368/368/368 366/366/366 367/367/367
f 368/368/368 353/353/353 366/366/366
f 366/366/366 369/369/369 362/362/362
f 362/362/362 369/369/369 365/365/365
f 353/353/353 370/370/370 366/366/366
f 366/366/366 370/370/370 369/369/369
f 370/370/370 353/353/353 371/371/371
f 364/364/364 371/371/371 353/353/353
f 372/372/372 369/369/369 370/370/370
f 370/370/370 371/371/371 372/372/372
f 373/373/373 365/365/365 369/369/369
f 372/372/372 373/373/373 369/369/369
f 374/374/374 371/371/371 364/364/364
f 372/372/372 371/371/371 374/374/374
f 373/373/373 372/372/372 375/375/375
f 372/372/372 374/374/374 376/376/376
f 373/373/373 375/375/375 377/377/377
f 377/377/377 375/375/375 378/378/378
f 377/377/377 378/378/378 379/379/379
f 378/378/378 380/380/380 379/379/379
f 379/379/379 380/380/380 381/381/381
f 382/382/382 379/379/379 381/381/381
f 383/383/383 379/379/379 382/382/382
f 384/384/384 365/365/365 373/373/373
f 384/384/384 373/373/373 383/383/383
f 383/383/383 382/382/382 384/384/384
f 358/358/358 365/365/365 384/384/384
f 384/384/384 385/385/385 358/358/358
f 384/384/384 382/382/382 385/385/385
f 385/385/385 386/386/386 358/358/358
f 358/358/358 386/386/386 364/364/364
f 386/386/386 374/374/374 364/364/364
f 385/385/385 387/387/387 386/386/386
f 386/386/386 387/387/387 374/374/374
f 385/385/385 382/382/382 387/387/387
f 374/374/374 387/387/387 376/376/376
f 382/382/382 388/388/388 387/387/387
f 382/382/382 389/389/389 388/388/388
f 389/389/389 390/390/390 388/388/388
f 391/391/391 376/376/376 387/387/387
f 391/391/391 392/392/392 376/376/376
f 391/391/391 393/393/393 392/392/392
f 394/394/394 395/395/395 396/396/396
f 394/394/394 397/397/397 395/395/395
f 398/398/398 395/395/395 397/397/397
f 397/397/397 399/399/399 398/398/398
f 398/398/398 400/400/400 395/395/395
f 401/401/401 400/400/400 398/398/398
f 401/401/401 398/398/398 399/399/399
f 400/400/400 401/401/401 402/402/402
f 403/403/403 402/402/402 401/401/401
f 403/403/403 404/404/404 402/402/402
f 405/405/405 397/397/397 394/394/394
f 397/397/397 405/405/405 399/399/399
f 403/403/403 401/401/401 406/406/406
f 399/399/399 406/406/406 401/401/401
f 407/407/407 404/404/404 403/403/403
f 407/407/407 408/408/408 404/404/404
f 409/409/409 408/408/408 407/407/407
f 409/409/409 407/407/407 394/394/394
f 407/407/407 403/403/403 410/410/410
f 403/403/403 406/406/406 410/410/410
f 394/394/394 407/407/407 411/411/411
f 407/407/407 410/410/410 411/411/411
f 411/411/411 412/412/412 394/394/394
f 405/405/405 394/394/394 412/412/412
f 413/413/413 411/411/411 410/410/410
f 411/411/411 413/413/413 412/412/412
f 414/414/414 410/410/410 406/406/406
f 413/413/413 410/410/410 414/414/414
f 415/415/415 405/405/405 412/412/412
f 413/413/413 415/415/415 412/412/412
f 399/399/399 405/405/405 416/416/416
f 416/416/416 405/405/405 415/415/415
f 399/399/399 417/417/417 406/406/406
f 417/417/417 414/414/414 406/406/406
f 414/414/414 418/418/418 413/413/413
f 413/413/413 418/418/418 415/415/415
f 419/419/419 399/399/399 416/416/416
f 417/417/417 399/399/399 419/419/419
f 416/416/416 415/415/415 420/420/420
f 419/419/419 416/416/416 420/420/420
f 415/415/415 418/418/418 420/420/420
f 417/417/417 421/421/421 414/414/414
f 414/414/414 421/421/421 418/418/418
f 417/417/417 419/419/419 422/422/422
f 419/419/419 420/420/420 422/422/422
f 421/421/421 417/417/417 422/422/422
f 423/423/423 420/420/420 418/418/418
f 422/422/422 420/420/420 424/424/424
f 423/423/423 418/418/418 425/425/425
f 423/423/423 425/425/425 426/426/426
f 421/421/421 427/427/427 418/418/418
f 422/422/422 424/424/424 428/428/428
f 428/428/428 424/424/424 429/429/429
f 421/421/421 430/430/430 427/427/427
f 421/421/421 422/422/422 430/430/430
f 427/427/427 430/430/430 431/431/431
f 422/422/422 432/432/432 430/430/430
f 430/430/430 432/432/432 431/431/431
f 433/433/433 434/434/434 435/435/435
f 434/434/434 433/433/433 436/436/436
f 436/436/436 433/433/433 437/437/437
f 437/437/437 433/433/433 438/438/438
f 439/439/439 440/440/440 441/441/441
f 440/440/440 439/439/439 442/442/442
f 442/442/442 439/439/439 443/443/443
f 443/443/443 439/439/439 444/444/444
f 445/445/445 446/446/446 447/447/447
f 448/448/448 445/445/445 447/447/447
f 448/448/448 449/449/449 445/445/445
f 450/450/450 449/449/449 448/448/448
f 451/451/451 446/446/446 445/445/445
f 446/446/446 451/451/451 452/452/452
f 451/451/451 445/445/445 453/453/453
f 449/449/449 453/453/453 445/445/445
f 446/446/446 452/452/452 454/454/454
f 449/449/449 455/455/455 453/453/453
f 455/455/455 449/449/449 450/450/450
f 455/455/455 450/450/450 456/456/456
f 457/457/457 454/454/454 452/452/452
f 457/457/457 456/456/456 450/450/450
f 457/457/457 458/458/458 454/454/454
f 457/457/457 450/450/450 458/458/458
f 459/459/459 460/460/460 461/461/461
f 459/459/459 462/462/462 460/460/460
f 459/459/459 463/463/463 462/462/462
f 464/464/464 462/462/462 463/463/463
f 459/459/459 461/461/461 465/465/465
f 459/459/459 465/465/465 466/466/466
f 466/466/466 463/463/463 459/459/459
f 461/461/461 467/467/467 465/465/465
f 466/466/466 468/468/468 463/463/463
f 468/468/468 464/464/464 463/463/463
f 461/461/461 469/469/469 467/467/467
f 468/468/468 470/470/470 464/464/464
f 469/469/469 471/471/471 467/467/467
f 471/471/471 464/464/464 470/470/470
f 469/469/469 472/472/472 471/471/471
f 471/471/471 472/472/472 464/464/464
f 473/473/473 474/474/474 475/475/475
f 476/476/476 475/475/475 474/474/474
f 473/473/473 477/477/477 474/474/474
f 478/478/478 477/477/477 473/473/473
f 476/476/476 474/474/474 479/479/479
f 480/480/480 476/476/476 479/479/479
f 478/478/478 481/481/481 477/477/477
f 482/482/482 481/481/481 478/478/478
f 474/474/474 477/477/477 483/483/483
f 479/479/479 474/474/474 483/483/483
f 477/477/477 481/481/481 483/483/483
f 482/482/482 484/484/484 481/481/481
f 480/480/480 484/484/484 482/482/482
f 481/481/481 484/484/484 483/483/483
f 485/485/485 479/479/479 483/483/483
f 480/480/480 479/479/479 485/485/485
f 484/484/484 485/485/485 483/483/483
f 480/480/480 485/485/485 484/484/484
f 486/486/486 487/487/487 488/488/488
f 489/489/489 488/488/488 487/487/487
f 486/486/486 488/488/488 490/490/490
f 491/491/491 486/486/486 490/490/490
f 489/489/489 492/492/492 488/488/488
f 493/493/493 492/492/492 489/489/489
f 491/491/491 490/490/490 494/494/494
f 495/495/495 491/491/491 494/494/494
f 488/488/488 496/496/496 490/490/490
f 492/492/492 496/496/496 488/488/488
f 490/490/490 496/496/496 494/494/494
f 495/495/495 494/494/494 497/497/497
f 493/493/493 495/495/495 497/497/497
f 494/494/494 496/496/496 497/497/497
f 498/498/498 496/496/496 492/492/492
f 493/493/493 498/498/498 492/492/492
f 497/497/497 496/496/496 498/498/498
f 493/493/493 497/497/497 498/498/498
f 499/499/499 500/500/500 501/501/501
f 502/502/502 500/500/500 499/499/499
f 501/501/501 500/500/500 503/503/503
f 504/504/504 500/500/500 502/502/502
f 503/503/503 500/500/500 505/505/505
f 505/505/505 500/500/500 504/504/504
f 506/506/506 507/507/507 508/508/508
f 509/509/509 506/506/506 508/508/508
f 507/507/507 510/510/510 508/508/508
f 511/511/511 509/509/509 508/508/508
f 510/510/510 512/512/512 508/508/508
f 512/512/512 511/511/511 508/508/508
