# Unturned item rip -> Godot (X+Z negated, winding reversed, RH Y-up)
v 0.249369 0.186730 -0.488203
v 0.196975 -0.177232 -0.482448
v 0.196975 -0.177232 -0.532448
v 0.249369 0.236730 -0.538203
v 0.290333 0.186730 -0.233798
v 0.297851 0.236730 -0.184367
v 0.225464 -0.177232 -0.111122
v 0.222561 -0.177232 -0.161038
v 0.272477 -0.177232 -0.163940
v 0.339764 0.186730 -0.241316
v 0.290333 0.186730 -0.233798
v 0.222561 -0.177232 -0.161038
v -0.299368 0.236730 -0.538203
v -0.249368 0.236730 -0.538203
v -0.297849 0.236730 -0.184367
v -0.347281 0.236730 -0.191885
v -0.196974 -0.177231 -0.532448
v -0.196974 -0.177231 -0.482448
v -0.249368 0.186730 -0.488203
v -0.249368 0.236730 -0.538203
v -0.290331 0.186730 -0.233798
v -0.297849 0.236730 -0.184367
v -0.225462 -0.177231 -0.111122
v -0.222559 -0.177231 -0.161038
v -0.272475 -0.177231 -0.163940
v -0.222559 -0.177231 -0.161038
v -0.290331 0.186730 -0.233798
v -0.339763 0.186730 -0.241316
v 0.225464 -0.177232 -0.111122
v 0.297851 0.236730 -0.184367
v 0.347282 0.236730 -0.191885
v 0.268718 -0.227232 -0.114025
v -0.225462 -0.177231 -0.111122
v -0.268717 -0.227231 -0.114025
v -0.347281 0.236730 -0.191885
v -0.297849 0.236730 -0.184367
v 0.222561 -0.227232 -0.161038
v 0.222561 -0.177232 -0.161038
v -0.222559 -0.177231 -0.161038
v -0.222559 -0.227231 -0.161038
v 0.222561 -0.177232 -0.161038
v 0.222561 -0.227232 -0.161038
v 0.196975 -0.227232 -0.482448
v 0.196975 -0.177232 -0.482448
v -0.246974 -0.177231 -0.482448
v -0.222559 -0.177231 -0.161038
v -0.272475 -0.177231 -0.163940
v -0.196974 -0.177231 -0.482448
v -0.196974 -0.177231 -0.532448
v 0.196975 -0.177232 -0.532448
v 0.196975 -0.177232 -0.482448
v 0.222561 -0.177232 -0.161038
v -0.225462 -0.177231 -0.111122
v 0.225464 -0.177232 -0.111122
v 0.246975 -0.177232 -0.482448
v 0.272477 -0.177232 -0.163940
v 0.290333 0.186730 -0.233798
v 0.339764 0.186730 -0.241316
v 0.299369 0.186730 -0.488203
v 0.249369 0.186730 -0.488203
v -0.299368 0.186730 -0.488203
v -0.290331 0.186730 -0.233798
v -0.249368 0.186730 -0.488203
v -0.339763 0.186730 -0.241316
v -0.196974 -0.177231 -0.482448
v -0.196974 -0.227231 -0.482448
v -0.222559 -0.227231 -0.161038
v -0.222559 -0.177231 -0.161038
v 0.299369 0.236730 -0.538203
v 0.297851 0.236730 -0.184367
v 0.249369 0.236730 -0.538203
v 0.347282 0.236730 -0.191885
v 0.196975 -0.177232 -0.482448
v 0.196975 -0.227232 -0.482448
v -0.196974 -0.227231 -0.482448
v -0.196974 -0.177231 -0.482448
v 0.246975 -0.177232 -0.482448
v 0.249369 0.186730 -0.488203
v 0.299369 0.186730 -0.488203
v -0.249368 0.186730 -0.488203
v -0.246974 -0.177231 -0.482448
v -0.299368 0.186730 -0.488203
v -0.299368 0.236730 -0.538203
v -0.196974 -0.177231 -0.532448
v -0.249368 0.236730 -0.538203
v -0.240313 -0.227231 -0.532448
v 0.240314 -0.227232 -0.532448
v 0.196975 -0.177232 -0.532448
v 0.299369 0.236730 -0.538203
v 0.249369 0.236730 -0.538203
v 0.285827 0.045435 -0.541690
v 0.226005 0.051750 -0.480068
v 0.292375 0.045443 -0.481657
v 0.219381 0.052186 -0.541690
v -0.226004 0.051750 -0.480068
v -0.285826 0.045436 -0.541690
v -0.292374 0.045443 -0.481657
v -0.219381 0.052186 -0.541690
v -0.275416 0.242872 -0.308075
v -0.270976 0.178909 -0.307407
v -0.337027 0.174464 -0.315669
v -0.341468 0.238427 -0.316338
v -0.243148 0.180740 -0.481810
v -0.226004 0.051750 -0.480068
v -0.292374 0.045443 -0.481657
v -0.309518 0.174433 -0.483399
v -0.309518 0.174433 -0.483399
v -0.337027 0.174464 -0.315669
v -0.270976 0.178909 -0.307407
v -0.243148 0.180740 -0.481810
v 0.219381 0.052186 -0.541690
v 0.243148 0.180740 -0.481810
v 0.226005 0.051750 -0.480068
v 0.243345 0.244904 -0.543431
v 0.275417 0.242872 -0.308075
v 0.270976 0.178909 -0.307407
v -0.275416 0.242872 -0.308075
v -0.243148 0.180740 -0.481810
v -0.270976 0.178909 -0.307407
v -0.243345 0.244904 -0.543431
v -0.219381 0.052186 -0.541690
v -0.226004 0.051750 -0.480068
v -0.275416 0.242872 -0.308075
v -0.309790 0.238154 -0.543431
v -0.243345 0.244904 -0.543431
v -0.341468 0.238427 -0.316338
v -0.285826 0.045436 -0.541690
v -0.309518 0.174433 -0.483399
v -0.292374 0.045443 -0.481657
v -0.309790 0.238154 -0.543431
v -0.341468 0.238427 -0.316338
v -0.337027 0.174464 -0.315669
v 0.309518 0.174433 -0.483399
v 0.285827 0.045435 -0.541690
v 0.292375 0.045443 -0.481657
v 0.309791 0.238154 -0.543431
v 0.341469 0.238427 -0.316338
v 0.337028 0.174464 -0.315669
v 0.270976 0.178909 -0.307407
v 0.309518 0.174433 -0.483399
v 0.243148 0.180740 -0.481810
v 0.337028 0.174464 -0.315669
v 0.337028 0.174464 -0.315669
v 0.270976 0.178909 -0.307407
v 0.275417 0.242872 -0.308075
v 0.341469 0.238427 -0.316338
v -0.285826 0.045436 -0.541690
v -0.219381 0.052186 -0.541690
v -0.243345 0.244904 -0.543431
v -0.309790 0.238154 -0.543431
v 0.243345 0.244904 -0.543431
v 0.219381 0.052186 -0.541690
v 0.285827 0.045435 -0.541690
v 0.309791 0.238154 -0.543431
v 0.309791 0.238154 -0.543431
v 0.275417 0.242872 -0.308075
v 0.243345 0.244904 -0.543431
v 0.341469 0.238427 -0.316338
v 0.292375 0.045443 -0.481657
v 0.243148 0.180740 -0.481810
v 0.309518 0.174433 -0.483399
v 0.226005 0.051750 -0.480068
v 0.304256 -0.623410 -0.092062
v 0.304256 -0.694948 -0.078940
v -0.304257 -0.694948 -0.109419
v -0.304257 -0.623410 -0.122541
v -0.304257 -0.623410 -0.122541
v -0.304257 -0.614795 -0.230859
v 0.304256 -0.614795 -0.230859
v 0.304256 -0.623410 -0.092062
v -0.304257 -0.623410 -0.122541
v -0.304257 -0.694948 -0.109419
v -0.304257 -0.697778 -0.211676
v -0.304257 -0.614795 -0.230859
v -0.304257 -0.665824 -0.291984
v -0.304257 -0.616831 -0.310333
v -0.304257 -0.552155 -0.291726
v -0.304257 -0.594954 -0.219583
v -0.304257 -0.514863 -0.221613
v -0.304257 -0.694948 -0.109419
v 0.304256 -0.694948 -0.078940
v 0.304256 -0.697778 -0.232018
v -0.304257 -0.697778 -0.211676
v -0.304257 -0.665824 -0.291984
v 0.304256 -0.665824 -0.312326
v -0.304257 -0.616831 -0.310333
v 0.304256 -0.616832 -0.330675
v 0.304256 -0.552156 -0.312068
v -0.304257 -0.552155 -0.291726
v 0.304256 -0.514863 -0.221613
v -0.304257 -0.514863 -0.221613
v 0.304256 -0.614795 -0.230859
v -0.304257 -0.614795 -0.230859
v -0.304257 -0.594954 -0.219583
v 0.304256 -0.594955 -0.219583
v 0.304256 -0.514863 -0.221613
v -0.304257 -0.514863 -0.221613
v 0.264282 -0.304019 -0.624254
v 0.264282 -0.304019 0.190572
v 0.282950 -0.241207 0.190572
v 0.282950 -0.241207 -0.624254
v 0.282950 -0.241207 -0.624254
v 0.282950 -0.241207 0.190572
v 0.220138 -0.222539 0.190572
v 0.220138 -0.222539 -0.624254
v 0.220138 -0.222539 -0.624254
v 0.220138 -0.222539 0.190572
v 0.201470 -0.285351 0.190572
v 0.201470 -0.285351 -0.624254
v 0.201470 -0.285351 -0.624254
v 0.201470 -0.285351 0.190572
v 0.264282 -0.304019 0.190572
v 0.264282 -0.304019 -0.624254
v 0.282950 -0.241207 0.190572
v 0.264282 -0.304019 0.190572
v 0.201470 -0.285351 0.190572
v 0.220138 -0.222539 0.190572
v 0.282950 -0.241207 -0.624254
v 0.220138 -0.222539 -0.624254
v 0.201470 -0.285351 -0.624254
v 0.264282 -0.304019 -0.624254
v -0.282952 -0.241207 0.190572
v -0.264284 -0.304019 0.190572
v -0.264284 -0.304019 -0.624254
v -0.282952 -0.241207 -0.624254
v -0.220140 -0.222539 0.190572
v -0.282952 -0.241207 0.190572
v -0.282952 -0.241207 -0.624254
v -0.220140 -0.222539 -0.624254
v -0.201472 -0.285351 0.190572
v -0.220140 -0.222539 0.190572
v -0.220140 -0.222539 -0.624254
v -0.201472 -0.285351 -0.624254
v -0.264284 -0.304019 0.190572
v -0.201472 -0.285351 0.190572
v -0.201472 -0.285351 -0.624254
v -0.264284 -0.304019 -0.624254
v -0.264284 -0.304019 0.190572
v -0.282952 -0.241207 0.190572
v -0.220140 -0.222539 0.190572
v -0.201472 -0.285351 0.190572
v -0.220140 -0.222539 -0.624254
v -0.282952 -0.241207 -0.624254
v -0.264284 -0.304019 -0.624254
v -0.201472 -0.285351 -0.624254
v 0.249786 -0.233226 0.071187
v 0.249786 -0.233226 0.131291
v -0.249787 -0.233226 0.131291
v -0.249787 -0.233226 0.071187
v -0.249787 -0.233226 0.131291
v 0.249786 -0.233226 0.131291
v 0.249786 -0.293330 0.131291
v -0.249787 -0.293330 0.131291
v 0.249786 -0.233226 -0.564973
v 0.249786 -0.233226 -0.504869
v -0.249787 -0.233226 -0.504869
v -0.249787 -0.233226 -0.564973
v -0.249787 -0.293330 -0.564973
v -0.249787 -0.293330 -0.504869
v 0.249786 -0.293330 -0.504869
v 0.249786 -0.293330 -0.564973
v -0.249787 -0.233226 -0.504869
v 0.249786 -0.233226 -0.504869
v 0.249786 -0.293330 -0.504869
v -0.249787 -0.293330 -0.504869
v 0.249786 -0.233226 -0.564973
v -0.249787 -0.233226 -0.564973
v -0.249787 -0.293330 -0.564973
v 0.249786 -0.293330 -0.564973
v 0.198647 -0.527251 -0.500104
v -0.198647 -0.527251 -0.500104
v -0.198647 -0.527251 -0.530139
v 0.198647 -0.527251 -0.530139
v 0.088785 -0.417390 -0.532292
v 0.088785 -0.474107 -0.532292
v 0.092077 -0.470815 -0.678652
v 0.092077 -0.420682 -0.678652
v 0.198647 -0.364246 -0.500104
v 0.198647 -0.527251 -0.530139
v 0.198647 -0.364246 -0.530139
v 0.198647 -0.527251 -0.500104
v -0.283873 -0.572842 -0.530139
v -0.259991 -0.483962 -0.530139
v -0.283873 -0.483962 -0.530139
v -0.198647 -0.527251 -0.530139
v -0.259991 -0.407535 -0.530139
v 0.198647 -0.527251 -0.530139
v -0.198647 -0.364246 -0.530139
v 0.283873 -0.572843 -0.530139
v -0.283873 -0.318655 -0.530139
v -0.283873 -0.407535 -0.530139
v 0.283873 -0.318655 -0.530139
v 0.198647 -0.364246 -0.530139
v 0.259991 -0.407535 -0.530139
v 0.283873 -0.407535 -0.530139
v 0.259991 -0.483962 -0.530139
v 0.283873 -0.483962 -0.530139
v -0.147965 -0.462438 -0.496889
v -0.147965 -0.462438 -0.521826
v -0.067281 -0.462438 -0.521826
v -0.067281 -0.462438 -0.496889
v 0.198647 -0.364246 -0.500104
v 0.198647 -0.364246 -0.530139
v -0.198647 -0.364246 -0.530139
v -0.198647 -0.364246 -0.500104
v 0.259991 -0.483962 -0.188031
v 0.259991 -0.407535 -0.530139
v 0.259991 -0.483962 -0.530139
v 0.259991 -0.407535 -0.188031
v -0.147965 -0.429059 -0.496889
v -0.147965 -0.429059 -0.521826
v -0.147965 -0.391458 -0.521826
v -0.147965 -0.391458 -0.496889
v -0.259991 -0.407535 -0.530139
v -0.259991 -0.483962 -0.188031
v -0.259991 -0.483962 -0.530139
v -0.259991 -0.407535 -0.188031
v -0.283873 -0.483962 -0.188031
v -0.259991 -0.483962 -0.530139
v -0.259991 -0.483962 -0.188031
v -0.283873 -0.483962 -0.530139
v -0.283873 -0.407535 -0.530139
v -0.283873 -0.407535 -0.188031
v -0.259991 -0.407535 -0.188031
v -0.259991 -0.407535 -0.530139
v 0.062853 -0.391459 -0.490332
v 0.062854 -0.500039 -0.490332
v 0.062854 -0.500039 -0.539118
v 0.062853 -0.391459 -0.539118
v -0.067281 -0.462438 -0.521826
v -0.147965 -0.462438 -0.521826
v -0.147965 -0.500039 -0.521826
v -0.067281 -0.500039 -0.521826
v 0.259991 -0.483962 -0.530139
v 0.283873 -0.483962 -0.530139
v 0.283873 -0.483962 -0.188031
v 0.259991 -0.483962 -0.188031
v -0.067281 -0.462438 -0.521826
v -0.067281 -0.500039 -0.521826
v -0.067281 -0.500039 -0.496889
v -0.067281 -0.462438 -0.496889
v 0.259991 -0.407535 -0.188031
v 0.283873 -0.407535 -0.188031
v 0.283873 -0.407535 -0.530139
v 0.259991 -0.407535 -0.530139
v 0.283873 -0.572843 -0.188031
v 0.283873 -0.483962 -0.188031
v 0.283873 -0.483962 -0.530139
v 0.283873 -0.572843 -0.530139
v 0.283873 -0.407535 -0.188031
v 0.283873 -0.318655 -0.188031
v 0.283873 -0.318655 -0.530139
v 0.283873 -0.407535 -0.530139
v 0.062854 -0.500039 -0.539118
v 0.171434 -0.500039 -0.539118
v 0.171434 -0.391459 -0.539118
v 0.062853 -0.391459 -0.539118
v -0.198647 -0.527251 -0.500104
v 0.198647 -0.527251 -0.500104
v 0.198647 -0.364246 -0.500104
v -0.198647 -0.364246 -0.500104
v -0.067281 -0.429059 -0.521826
v -0.067281 -0.429059 -0.496889
v -0.067281 -0.391458 -0.496889
v -0.067281 -0.391458 -0.521826
v -0.147965 -0.500039 -0.496889
v -0.147965 -0.500039 -0.521826
v -0.147965 -0.462438 -0.521826
v -0.147965 -0.462438 -0.496889
v -0.198647 -0.527251 -0.530139
v -0.198647 -0.364246 -0.500104
v -0.198647 -0.364246 -0.530139
v -0.198647 -0.527251 -0.500104
v -0.147965 -0.429059 -0.521826
v -0.067281 -0.429059 -0.521826
v -0.067281 -0.391458 -0.521826
v -0.147965 -0.391458 -0.521826
v -0.147965 -0.429059 -0.521826
v -0.147965 -0.429059 -0.496889
v -0.067281 -0.429059 -0.496889
v -0.067281 -0.429059 -0.521826
v -0.283873 -0.483962 -0.530139
v -0.283873 -0.483962 -0.188031
v -0.283873 -0.572842 -0.188031
v -0.283873 -0.572842 -0.530139
v -0.147965 -0.391458 -0.496889
v -0.147965 -0.391458 -0.521826
v -0.067281 -0.391458 -0.521826
v -0.067281 -0.391458 -0.496889
v 0.062853 -0.391459 -0.490332
v 0.062853 -0.391459 -0.539118
v 0.171434 -0.391459 -0.539118
v 0.171434 -0.391459 -0.490332
v 0.142210 -0.420682 -0.678652
v 0.142210 -0.470815 -0.678652
v 0.145502 -0.474107 -0.532292
v 0.145502 -0.417390 -0.532292
v 0.092077 -0.470815 -0.678652
v 0.142210 -0.470815 -0.678652
v 0.142210 -0.420682 -0.678652
v 0.092077 -0.420682 -0.678652
v 0.092077 -0.420682 -0.678652
v 0.142210 -0.420682 -0.678652
v 0.145502 -0.417390 -0.532292
v 0.088785 -0.417390 -0.532292
v 0.171434 -0.391459 -0.539118
v 0.171434 -0.500039 -0.539118
v 0.171434 -0.500039 -0.490332
v 0.171434 -0.391459 -0.490332
v -0.283873 -0.318655 -0.530139
v -0.283873 -0.318655 -0.188031
v -0.283873 -0.407535 -0.188031
v -0.283873 -0.407535 -0.530139
v 0.145502 -0.474107 -0.532292
v 0.142210 -0.470815 -0.678652
v 0.092077 -0.470815 -0.678652
v 0.088785 -0.474107 -0.532292
v 0.283873 -0.318655 -0.188031
v -0.283873 -0.318655 -0.188031
v -0.283873 -0.318655 -0.530139
v 0.283873 -0.318655 -0.530139
v -0.006477 -0.436502 -0.492862
v -0.002403 -0.432429 -0.529721
v -0.002403 -0.399185 -0.529721
v -0.006477 -0.395111 -0.492862
v -0.002403 -0.399185 -0.529721
v 0.030840 -0.399185 -0.529721
v 0.034914 -0.395111 -0.492862
v -0.006477 -0.395111 -0.492862
v 0.030840 -0.432429 -0.529721
v 0.034914 -0.436502 -0.492862
v 0.034914 -0.395111 -0.492862
v 0.030840 -0.399185 -0.529721
v -0.002403 -0.399185 -0.529721
v 0.030840 -0.432429 -0.529721
v 0.030840 -0.399185 -0.529721
v -0.002403 -0.432429 -0.529721
v -0.006477 -0.436502 -0.492862
v 0.030840 -0.432429 -0.529721
v -0.002403 -0.432429 -0.529721
v 0.034914 -0.436502 -0.492862
v -0.304257 -0.285547 -0.227424
v -0.304257 -0.285547 0.216957
v -0.304257 -0.594955 0.185474
v -0.304257 -0.594955 -0.219583
v 0.304256 -0.285548 -0.227424
v 0.304256 -0.594955 -0.219583
v 0.304256 -0.594955 0.185474
v 0.304256 -0.285547 0.216957
v -0.304257 -0.594955 -0.219583
v 0.304256 -0.594955 -0.219583
v 0.304256 -0.285548 -0.227424
v -0.304257 -0.285547 -0.227424
v -0.000000 -0.621443 -0.251385
v -0.304257 -0.594955 -0.219583
v -0.304257 -0.594955 0.185474
v -0.000000 -0.621443 0.250530
v 0.304256 -0.594955 0.185474
v 0.304256 -0.594955 -0.219583
v -0.000000 -0.621443 0.250530
v -0.304257 -0.594955 0.185474
v -0.304257 -0.285547 0.216957
v -0.000000 -0.285547 0.261856
v 0.304256 -0.285547 0.216957
v 0.304256 -0.594955 0.185474
v 0.352216 -0.540914 -0.133192
v 0.352216 -0.540914 0.112070
v 0.352216 -0.339589 0.112070
v 0.352216 -0.339589 -0.133192
v -0.352217 -0.339589 -0.133192
v -0.352217 -0.339589 0.112070
v -0.352217 -0.540914 0.112070
v -0.352217 -0.540914 -0.133192
v -0.000000 -0.298459 -0.190654
v -0.352217 -0.339589 -0.133192
v -0.352217 -0.540914 -0.133192
v -0.000000 -0.582044 -0.190654
v 0.352216 -0.339589 -0.133192
v 0.352216 -0.540914 -0.133192
v -0.000000 -0.298459 0.169532
v 0.352216 -0.339589 0.112070
v 0.352216 -0.540914 0.112070
v -0.000000 -0.582044 0.169532
v -0.352217 -0.339589 0.112070
v -0.352217 -0.540914 0.112070
v -0.352217 -0.540914 -0.133192
v -0.352217 -0.540914 0.112070
v -0.000000 -0.582044 0.169532
v -0.000000 -0.582044 -0.190654
v 0.352216 -0.540914 0.112070
v 0.352216 -0.540914 -0.133192
v 0.352216 -0.339589 -0.133192
v 0.352216 -0.339589 0.112070
v -0.000000 -0.298459 0.169532
v -0.000000 -0.298459 -0.190654
v -0.352217 -0.339589 0.112070
v -0.352217 -0.339589 -0.133192
v -0.125453 -0.644931 0.079259
v -0.132457 -0.685182 0.071329
v -0.210410 -0.670617 0.066255
v -0.203407 -0.630367 0.074185
v 0.148231 -0.655819 -0.025005
v 0.145901 -0.637622 -0.239108
v 0.144125 -0.596194 -0.235568
v 0.146455 -0.614391 -0.021465
v 0.225842 -0.610938 -0.022036
v 0.146455 -0.614391 -0.021465
v 0.144125 -0.596194 -0.235568
v 0.223512 -0.592741 -0.236138
v 0.227619 -0.652367 -0.025576
v 0.225842 -0.610938 -0.022036
v 0.223512 -0.592741 -0.236138
v 0.225289 -0.634170 -0.239679
v 0.148231 -0.655819 -0.025005
v 0.227619 -0.652367 -0.025576
v 0.225289 -0.634170 -0.239679
v 0.145901 -0.637622 -0.239108
v 0.148231 -0.655819 -0.025005
v 0.146455 -0.614391 -0.021465
v 0.225842 -0.610938 -0.022036
v 0.227619 -0.652367 -0.025576
v -0.195485 -0.647867 -0.031551
v -0.210410 -0.670617 0.066255
v -0.132457 -0.685182 0.071329
v -0.116774 -0.658771 -0.030980
v -0.191566 -0.630469 -0.239679
v -0.112855 -0.641373 -0.239108
v -0.203407 -0.630367 0.074185
v -0.210410 -0.670617 0.066255
v -0.195485 -0.647867 -0.031551
v -0.189820 -0.606789 -0.028011
v -0.185901 -0.589392 -0.236138
v -0.191566 -0.630469 -0.239679
v -0.125453 -0.644931 0.079259
v -0.203407 -0.630367 0.074185
v -0.189820 -0.606789 -0.028011
v -0.111109 -0.617693 -0.027440
v -0.107191 -0.600295 -0.235568
v -0.185901 -0.589392 -0.236138
v -0.116774 -0.658771 -0.030980
v -0.132457 -0.685182 0.071329
v -0.125453 -0.644931 0.079259
v -0.111109 -0.617693 -0.027440
v -0.112855 -0.641373 -0.239108
v -0.107191 -0.600295 -0.235568
v -0.221471 -0.548192 -0.595565
v -0.261050 -0.548192 -0.521384
v -0.221471 -0.548192 -0.521384
v -0.261050 -0.548192 -0.595565
v -0.261050 -0.548192 -0.521384
v -0.261050 -0.508613 -0.555986
v -0.261050 -0.508613 -0.521384
v -0.261050 -0.548192 -0.595565
v -0.261050 -0.382885 -0.555986
v -0.261050 -0.343305 -0.595565
v -0.261050 -0.343305 -0.521384
v -0.261050 -0.382885 -0.521384
v -0.261050 -0.343305 -0.595565
v -0.221471 -0.343305 -0.521384
v -0.261050 -0.343305 -0.521384
v -0.221471 -0.343305 -0.595565
v -0.221471 -0.382885 -0.555986
v -0.261050 -0.382885 -0.555986
v -0.261050 -0.382885 -0.521384
v -0.221471 -0.382885 -0.521384
v -0.261050 -0.382885 -0.555986
v -0.221471 -0.508613 -0.555986
v -0.261050 -0.508613 -0.555986
v -0.221471 -0.382885 -0.555986
v -0.221471 -0.508613 -0.555986
v -0.261050 -0.508613 -0.521384
v -0.261050 -0.508613 -0.555986
v -0.221471 -0.508613 -0.521384
v -0.221471 -0.343305 -0.595565
v -0.261050 -0.343305 -0.595565
v -0.261050 -0.548192 -0.595565
v -0.221471 -0.548192 -0.595565
v -0.221471 -0.343305 -0.521384
v -0.221471 -0.382885 -0.555986
v -0.221471 -0.382885 -0.521384
v -0.221471 -0.343305 -0.595565
v -0.221471 -0.508613 -0.555986
v -0.221471 -0.548192 -0.595565
v -0.221471 -0.548192 -0.521384
v -0.221471 -0.508613 -0.521384
v 0.261049 -0.548191 -0.595565
v 0.221470 -0.548191 -0.521384
v 0.261049 -0.548191 -0.521384
v 0.221470 -0.548191 -0.595565
v 0.221470 -0.548191 -0.521384
v 0.221470 -0.508612 -0.555986
v 0.221470 -0.508612 -0.521384
v 0.221470 -0.548191 -0.595565
v 0.221469 -0.382884 -0.555986
v 0.221469 -0.343305 -0.595565
v 0.221469 -0.343305 -0.521384
v 0.221469 -0.382884 -0.521384
v 0.221469 -0.343305 -0.595565
v 0.261049 -0.343305 -0.521384
v 0.221469 -0.343305 -0.521384
v 0.261049 -0.343305 -0.595565
v 0.261049 -0.382884 -0.555986
v 0.221469 -0.382884 -0.555986
v 0.221469 -0.382884 -0.521384
v 0.261049 -0.382884 -0.521384
v 0.221469 -0.382884 -0.555986
v 0.261049 -0.508612 -0.555986
v 0.221470 -0.508612 -0.555986
v 0.261049 -0.382884 -0.555986
v 0.261049 -0.508612 -0.555986
v 0.221470 -0.508612 -0.521384
v 0.221470 -0.508612 -0.555986
v 0.261049 -0.508612 -0.521384
v 0.261049 -0.343305 -0.595565
v 0.221469 -0.343305 -0.595565
v 0.221470 -0.548191 -0.595565
v 0.261049 -0.548191 -0.595565
v 0.261049 -0.343305 -0.521384
v 0.261049 -0.382884 -0.555986
v 0.261049 -0.382884 -0.521384
v 0.261049 -0.343305 -0.595565
v 0.261049 -0.508612 -0.555986
v 0.261049 -0.548191 -0.595565
v 0.261049 -0.548191 -0.521384
v 0.261049 -0.508612 -0.521384
v 0.171434 -0.500039 -0.490332
v 0.171434 -0.500039 -0.539118
v 0.062854 -0.500039 -0.539118
v 0.062854 -0.500039 -0.490332
v 0.108821 -0.454071 -1.354740
v 0.125466 -0.454071 -1.354740
v 0.125466 -0.437426 -1.354740
v 0.108821 -0.437426 -1.354740
v 0.131471 -0.460076 -0.665875
v 0.131471 -0.431422 -0.665875
v 0.125466 -0.437426 -1.354740
v 0.125466 -0.454071 -1.354740
v 0.102817 -0.460075 -0.665875
v 0.131471 -0.460076 -0.665875
v 0.125466 -0.454071 -1.354740
v 0.108821 -0.454071 -1.354740
v 0.102817 -0.431422 -0.665875
v 0.102817 -0.460075 -0.665875
v 0.108821 -0.454071 -1.354740
v 0.108821 -0.437426 -1.354740
v 0.131471 -0.431422 -0.665875
v 0.102817 -0.431422 -0.665875
v 0.108821 -0.437426 -1.354740
v 0.125466 -0.437426 -1.354740
v -0.147965 -0.500039 -0.521826
v -0.147965 -0.500039 -0.496889
v -0.067281 -0.500039 -0.496889
v -0.067281 -0.500039 -0.521826
v 0.304256 -0.623410 -0.092062
v 0.304256 -0.697778 -0.232018
v 0.304256 -0.694948 -0.078940
v 0.304256 -0.614795 -0.230859
v 0.304256 -0.665824 -0.312326
v 0.304256 -0.616832 -0.330675
v 0.304256 -0.552156 -0.312068
v 0.304256 -0.594955 -0.219583
v 0.304256 -0.514863 -0.221613
v -0.304257 -0.285547 -0.227424
v -0.000000 -0.285547 0.261856
v -0.304257 -0.285547 0.216957
v 0.304256 -0.285548 -0.227424
v 0.304256 -0.285547 0.216957
v -0.198647 -0.572842 -0.460911
v -0.198647 -0.572842 -0.302033
v -0.198647 -0.508612 -0.302033
v -0.198647 -0.508612 -0.460911
v 0.198647 -0.508613 -0.460911
v -0.198647 -0.508612 -0.460911
v -0.198647 -0.508612 -0.302033
v 0.198647 -0.508613 -0.302033
v -0.198647 -0.572842 -0.302033
v 0.198647 -0.572843 -0.302033
v 0.198647 -0.508613 -0.302033
v -0.198647 -0.508612 -0.302033
v 0.198647 -0.572843 -0.302033
v 0.198647 -0.572843 -0.460911
v 0.198647 -0.508613 -0.460911
v 0.198647 -0.508613 -0.302033
v 0.198647 -0.572843 -0.460911
v -0.198647 -0.572842 -0.460911
v -0.198647 -0.508612 -0.460911
v 0.198647 -0.508613 -0.460911
v 0.221961 -0.295255 0.107819
v 0.221961 -0.178851 0.107819
v 0.221961 -0.178851 -0.127141
v 0.221961 -0.295255 -0.127141
v 0.221961 -0.178851 0.107819
v -0.221961 -0.178851 0.107819
v -0.221961 -0.178851 -0.127141
v 0.221961 -0.178851 -0.127141
v -0.221961 -0.178851 0.107819
v -0.221961 -0.295255 0.107819
v -0.221961 -0.295255 -0.127141
v -0.221961 -0.178851 -0.127141
v 0.221961 -0.178851 0.107819
v 0.221961 -0.295255 0.107819
v -0.221961 -0.295255 0.107819
v -0.221961 -0.178851 0.107819
v 0.198647 -0.572843 -0.302033
v 0.283873 -0.572843 -0.188031
v 0.283873 -0.572843 -0.530139
v -0.283873 -0.572842 -0.188031
v 0.198647 -0.572843 -0.460911
v -0.198647 -0.572842 -0.302033
v -0.198647 -0.572842 -0.460911
v -0.283873 -0.572842 -0.530139
v 0.272477 -0.177232 -0.163940
v 0.240314 -0.227232 -0.532448
v 0.268718 -0.227232 -0.114025
v 0.347282 0.236730 -0.191885
v 0.246975 -0.177232 -0.482448
v 0.339764 0.186730 -0.241316
v 0.299369 0.186730 -0.488203
v 0.299369 0.236730 -0.538203
v 0.222561 -0.227232 -0.161038
v 0.240314 -0.227232 -0.532448
v 0.196975 -0.227232 -0.482448
v -0.196974 -0.227231 -0.482448
v 0.268718 -0.227232 -0.114025
v -0.240313 -0.227231 -0.532448
v -0.222559 -0.227231 -0.161038
v -0.268717 -0.227231 -0.114025
v -0.240313 -0.227231 -0.532448
v -0.299368 0.186730 -0.488203
v -0.246974 -0.177231 -0.482448
v -0.272475 -0.177231 -0.163940
v -0.299368 0.236730 -0.538203
v -0.268717 -0.227231 -0.114025
v -0.339763 0.186730 -0.241316
v -0.347281 0.236730 -0.191885
v 0.198647 -0.572844 -0.460911
v -0.198648 -0.572844 -0.460911
v -0.198648 -0.572844 -0.302033
v 0.198647 -0.572844 -0.302033
vt 0.911918759 0.869711697
vt 0.911934257 0.869727194
vt 0.911934257 0.869711697
vt 0.911934257 0.869727194
vt 0.911918759 0.869711697
vt 0.911934257 0.869711697
vt 0.911934257 0.869711697
vt 0.911934257 0.869711697
vt 0.911918759 0.869711697
vt 0.911934257 0.869727194
vt 0.911934257 0.869711697
vt 0.911934257 0.869711697
vt 0.911918759 0.869711697
vt 0.911934257 0.869727194
vt 0.911934257 0.869711697
vt 0.911934257 0.869711697
vt 0.911934257 0.869727194
vt 0.911934257 0.869727194
vt 0.911934257 0.869711697
vt 0.911918759 0.869711697
vt 0.911918759 0.869711697
vt 0.911934257 0.869711697
vt 0.911934257 0.869711697
vt 0.911934257 0.869727194
vt 0.911918759 0.869711697
vt 0.911934257 0.869727194
vt 0.911934257 0.869711697
vt 0.911934257 0.869711697
vt 0.911918759 0.869711697
vt 0.911934257 0.869727194
vt 0.911934257 0.869727194
vt 0.911934257 0.869711697
vt 0.911934257 0.869711697
vt 0.911934257 0.869727194
vt 0.911918759 0.869711697
vt 0.911934257 0.869727194
vt 0.911918759 0.869711697
vt 0.911934257 0.869727194
vt 0.911934257 0.869711697
vt 0.911934257 0.869711697
vt 0.911918759 0.869711697
vt 0.911934257 0.869727194
vt 0.911934257 0.869711697
vt 0.911934257 0.869711697
vt 0.911918759 0.869711697
vt 0.911934257 0.869711697
vt 0.911934257 0.869711697
vt 0.911934257 0.869727194
vt 0.911934257 0.869727194
vt 0.911934257 0.869727194
vt 0.911934257 0.869711697
vt 0.911918759 0.869711697
vt 0.911934257 0.869711697
vt 0.911934257 0.869727194
vt 0.911918759 0.869711697
vt 0.911934257 0.869727194
vt 0.911918759 0.869711697
vt 0.911934257 0.869727194
vt 0.911934257 0.869711697
vt 0.911934257 0.869711697
vt 0.911918759 0.869711697
vt 0.911934257 0.869727194
vt 0.911934257 0.869711697
vt 0.911934257 0.869727194
vt 0.911918759 0.869711697
vt 0.911934257 0.869727194
vt 0.911934257 0.869711697
vt 0.911934257 0.869711697
vt 0.911918759 0.869711697
vt 0.911934257 0.869727194
vt 0.911934257 0.869711697
vt 0.911934257 0.869727194
vt 0.911934257 0.869727194
vt 0.911934257 0.869727194
vt 0.911934257 0.869727194
vt 0.911934257 0.869711697
vt 0.911918759 0.869711697
vt 0.911934257 0.869711697
vt 0.911934257 0.869711697
vt 0.911918759 0.869711697
vt 0.911934257 0.869711697
vt 0.911934257 0.869711697
vt 0.911918759 0.869711697
vt 0.911918759 0.869711697
vt 0.911934257 0.869711697
vt 0.911918759 0.869711697
vt 0.911934257 0.869727194
vt 0.911934257 0.869711697
vt 0.911918759 0.869711697
vt 0.911918759 0.869711697
vt 0.39081955 0.882739186
vt 0.390835047 0.882754683
vt 0.390835047 0.882739186
vt 0.390835047 0.882754683
vt 0.39081955 0.882739186
vt 0.390835047 0.882754683
vt 0.390835047 0.882739186
vt 0.390835047 0.882754683
vt 0.39081955 0.882739186
vt 0.390835047 0.882754683
vt 0.390835047 0.882739186
vt 0.390835047 0.882739186
vt 0.39081955 0.882739186
vt 0.390835047 0.882754683
vt 0.390835047 0.882739186
vt 0.390835047 0.882739186
vt 0.39081955 0.882739186
vt 0.390835047 0.882754683
vt 0.390835047 0.882739186
vt 0.390835047 0.882739186
vt 0.39081955 0.882739186
vt 0.390835047 0.882739186
vt 0.390835047 0.882739186
vt 0.39081955 0.882739186
vt 0.390835047 0.882754683
vt 0.390835047 0.882739186
vt 0.39081955 0.882739186
vt 0.390835047 0.882754683
vt 0.390835047 0.882739186
vt 0.39081955 0.882739186
vt 0.390835047 0.882739186
vt 0.39081955 0.882739186
vt 0.39081955 0.882739186
vt 0.390835047 0.882754683
vt 0.390835047 0.882739186
vt 0.390835047 0.882754683
vt 0.39081955 0.882739186
vt 0.390835047 0.882754683
vt 0.390835047 0.882739186
vt 0.39081955 0.882739186
vt 0.390835047 0.882754683
vt 0.390835047 0.882739186
vt 0.39081955 0.882739186
vt 0.390835047 0.882754683
vt 0.390835047 0.882739186
vt 0.39081955 0.882739186
vt 0.390835047 0.882739186
vt 0.390835047 0.882739186
vt 0.39081955 0.882739186
vt 0.390835047 0.882754683
vt 0.390835047 0.882739186
vt 0.390835047 0.882754683
vt 0.39081955 0.882739186
vt 0.390835047 0.882754683
vt 0.390835047 0.882739186
vt 0.390835047 0.882739186
vt 0.39081955 0.882739186
vt 0.390835047 0.882754683
vt 0.390835047 0.882739186
vt 0.390835047 0.882739186
vt 0.39081955 0.882739186
vt 0.390835047 0.882754683
vt 0.390835047 0.882739186
vt 0.390835047 0.882739186
vt 0.39081955 0.882739186
vt 0.390835047 0.882754683
vt 0.390835047 0.882739186
vt 0.390835047 0.882754683
vt 0.39081955 0.882739186
vt 0.390835047 0.882754683
vt 0.390835047 0.882739186
vt 0.390835047 0.882754683
vt 0.371278405 0.928335309
vt 0.371278405 0.928350806
vt 0.371293902 0.928350806
vt 0.371293902 0.928335309
vt 0.371278405 0.928335309
vt 0.371278405 0.928350806
vt 0.371293902 0.928350806
vt 0.371293902 0.928335309
vt 0.371293902 0.928335309
vt 0.371278405 0.928335309
vt 0.371278405 0.928335309
vt 0.371293902 0.928335309
vt 0.371293902 0.928350806
vt 0.371293902 0.928350806
vt 0.371293902 0.928350806
vt 0.371293902 0.928350806
vt 0.371278405 0.928350806
vt 0.371293902 0.928335309
vt 0.371278405 0.928335309
vt 0.371278405 0.928350806
vt 0.371293902 0.928350806
vt 0.371293902 0.928350806
vt 0.371278405 0.928350806
vt 0.371293902 0.928350806
vt 0.371278405 0.928350806
vt 0.371278405 0.928335309
vt 0.371293902 0.928335309
vt 0.371278405 0.928350806
vt 0.371293902 0.928350806
vt 0.371293902 0.928335309
vt 0.371278405 0.928335309
vt 0.371278405 0.928350806
vt 0.371278405 0.928335309
vt 0.371293902 0.928335309
vt 0.371293902 0.928350806
vt 0.866338074 0.609162092
vt 0.866322577 0.609162092
vt 0.866322577 0.609177589
vt 0.866338074 0.609177589
vt 0.866338074 0.609162092
vt 0.866322577 0.609162092
vt 0.866322577 0.609177589
vt 0.866338074 0.609177589
vt 0.866338074 0.609162092
vt 0.866322577 0.609162092
vt 0.866322577 0.609177589
vt 0.866338074 0.609177589
vt 0.866338074 0.609162092
vt 0.866322577 0.609162092
vt 0.866322577 0.609177589
vt 0.866338074 0.609177589
vt 0.866322577 0.609162092
vt 0.866322577 0.609177589
vt 0.866338074 0.609177589
vt 0.866338074 0.609162092
vt 0.866338074 0.609162092
vt 0.866322577 0.609162092
vt 0.866322577 0.609177589
vt 0.866338074 0.609177589
vt 0.866338074 0.609162092
vt 0.866322577 0.609162092
vt 0.866322577 0.609177589
vt 0.866338074 0.609177589
vt 0.866338074 0.609162092
vt 0.866322577 0.609162092
vt 0.866322577 0.609177589
vt 0.866338074 0.609177589
vt 0.866338074 0.609162092
vt 0.866322577 0.609162092
vt 0.866322577 0.609177589
vt 0.866338074 0.609177589
vt 0.866338074 0.609162092
vt 0.866322577 0.609162092
vt 0.866322577 0.609177589
vt 0.866338074 0.609177589
vt 0.866338074 0.609162092
vt 0.866322577 0.609162092
vt 0.866322577 0.609177589
vt 0.866338074 0.609177589
vt 0.866322577 0.609162092
vt 0.866322577 0.609177589
vt 0.866338074 0.609177589
vt 0.866338074 0.609162092
vt 0.612302184 0.596134603
vt 0.612286687 0.596134603
vt 0.612286687 0.5961501
vt 0.612302184 0.5961501
vt 0.612302184 0.596134603
vt 0.612286687 0.596134603
vt 0.612286687 0.5961501
vt 0.612302184 0.5961501
vt 0.612302184 0.596134603
vt 0.612286687 0.596134603
vt 0.612286687 0.5961501
vt 0.612302184 0.5961501
vt 0.612302184 0.596134603
vt 0.612286687 0.596134603
vt 0.612286687 0.5961501
vt 0.612302184 0.5961501
vt 0.612302184 0.596134603
vt 0.612286687 0.596134603
vt 0.612286687 0.5961501
vt 0.612302184 0.5961501
vt 0.612302184 0.596134603
vt 0.612286687 0.596134603
vt 0.612286687 0.5961501
vt 0.612302184 0.5961501
vt 0.384305835 0.641730785
vt 0.384321332 0.641746283
vt 0.384321332 0.641730785
vt 0.384321332 0.641730785
vt 0.924961746 0.38118118
vt 0.924946249 0.38118118
vt 0.924946249 0.381196678
vt 0.924961746 0.381196678
vt 0.384305835 0.641730785
vt 0.384321332 0.641746283
vt 0.384321332 0.641730785
vt 0.384321332 0.641746283
vt 0.384305835 0.641730785
vt 0.384321332 0.641746283
vt 0.384321332 0.641730785
vt 0.384305835 0.641730785
vt 0.384321332 0.641730785
vt 0.384321332 0.641746283
vt 0.384321332 0.641746283
vt 0.384305835 0.641730785
vt 0.384321332 0.641746283
vt 0.384321332 0.641730785
vt 0.384305835 0.641730785
vt 0.384321332 0.641730785
vt 0.384305835 0.641730785
vt 0.384321332 0.641730785
vt 0.384321332 0.641730785
vt 0.384321332 0.641730785
vt 0.898906767 0.114117831
vt 0.89889127 0.114117831
vt 0.898906767 0.114133328
vt 0.898906767 0.114117831
vt 0.384305835 0.641730785
vt 0.384321332 0.641746283
vt 0.384321332 0.641730785
vt 0.384321332 0.641730785
vt 0.384305835 0.641730785
vt 0.384321332 0.641746283
vt 0.384321332 0.641730785
vt 0.384321332 0.641746283
vt 0.898906767 0.114117831
vt 0.89889127 0.114117831
vt 0.898906767 0.114133328
vt 0.898906767 0.114117831
vt 0.384305835 0.641730785
vt 0.384321332 0.641746283
vt 0.384321332 0.641730785
vt 0.384321332 0.641746283
vt 0.384305835 0.641730785
vt 0.384321332 0.641746283
vt 0.384321332 0.641730785
vt 0.384321332 0.641746283
vt 0.384305835 0.641730785
vt 0.384321332 0.641746283
vt 0.384321332 0.641730785
vt 0.384321332 0.641730785
vt 0.853310585 0.101090372
vt 0.853295088 0.101090372
vt 0.853295088 0.101105869
vt 0.853310585 0.101105869
vt 0.898906767 0.114117831
vt 0.898906767 0.114117831
vt 0.89889127 0.114117831
vt 0.898906767 0.114133328
vt 0.384305835 0.641730785
vt 0.384321332 0.641746283
vt 0.384321332 0.641730785
vt 0.384321332 0.641730785
vt 0.898906767 0.114117831
vt 0.89889127 0.114117831
vt 0.898906767 0.114133328
vt 0.898906767 0.114117831
vt 0.384305835 0.641730785
vt 0.384321332 0.641746283
vt 0.384321332 0.641730785
vt 0.384321332 0.641730785
vt 0.384305835 0.641730785
vt 0.384321332 0.641746283
vt 0.384321332 0.641730785
vt 0.384321332 0.641730785
vt 0.384305835 0.641730785
vt 0.384321332 0.641746283
vt 0.384321332 0.641730785
vt 0.384321332 0.641730785
vt 0.853310585 0.101090372
vt 0.853295088 0.101090372
vt 0.853295088 0.101105869
vt 0.853310585 0.101105869
vt 0.664396644 0.407236159
vt 0.664412141 0.407251656
vt 0.664412141 0.407236159
vt 0.664412141 0.407236159
vt 0.89889127 0.114117831
vt 0.898906767 0.114133328
vt 0.898906767 0.114117831
vt 0.898906767 0.114117831
vt 0.898906767 0.114117831
vt 0.89889127 0.114117831
vt 0.898906767 0.114133328
vt 0.898906767 0.114117831
vt 0.384305835 0.641730785
vt 0.384321332 0.641746283
vt 0.384321332 0.641730785
vt 0.384321332 0.641746283
vt 0.89889127 0.114117831
vt 0.898906767 0.114133328
vt 0.898906767 0.114117831
vt 0.898906767 0.114117831
vt 0.898906767 0.114117831
vt 0.89889127 0.114117831
vt 0.898906767 0.114133328
vt 0.898906767 0.114117831
vt 0.384305835 0.641730785
vt 0.384321332 0.641746283
vt 0.384321332 0.641730785
vt 0.384321332 0.641730785
vt 0.898906767 0.114117831
vt 0.89889127 0.114117831
vt 0.898906767 0.114133328
vt 0.898906767 0.114117831
vt 0.853310585 0.101090372
vt 0.853295088 0.101090372
vt 0.853295088 0.101105869
vt 0.853310585 0.101105869
vt 0.924961746 0.38118118
vt 0.924946249 0.38118118
vt 0.924946249 0.381196678
vt 0.924961746 0.381196678
vt 0.924961746 0.38118118
vt 0.924946249 0.38118118
vt 0.924946249 0.381196678
vt 0.924961746 0.381196678
vt 0.924946249 0.38118118
vt 0.924946249 0.381196678
vt 0.924961746 0.381196678
vt 0.924961746 0.38118118
vt 0.853310585 0.101090372
vt 0.853295088 0.101090372
vt 0.853295088 0.101105869
vt 0.853310585 0.101105869
vt 0.384305835 0.641730785
vt 0.384321332 0.641746283
vt 0.384321332 0.641730785
vt 0.384321332 0.641730785
vt 0.924961746 0.38118118
vt 0.924946249 0.38118118
vt 0.924946249 0.381196678
vt 0.924961746 0.381196678
vt 0.384305835 0.641730785
vt 0.384321332 0.641746283
vt 0.384321332 0.641730785
vt 0.384321332 0.641730785
vt 0.410360754 0.114117846
vt 0.410376251 0.114133343
vt 0.410376251 0.114117846
vt 0.410376251 0.114117846
vt 0.410360754 0.114117846
vt 0.410376251 0.114133343
vt 0.410376251 0.114117846
vt 0.410376251 0.114117846
vt 0.410360754 0.114117846
vt 0.410376251 0.114133343
vt 0.410376251 0.114117846
vt 0.410376251 0.114117846
vt 0.410360754 0.114117846
vt 0.410376251 0.114133343
vt 0.410376251 0.114117846
vt 0.410376251 0.114133343
vt 0.410360754 0.114117846
vt 0.410376251 0.114133343
vt 0.410376251 0.114117846
vt 0.410376251 0.114133343
vt 0.371293902 0.928335309
vt 0.371278405 0.928335309
vt 0.371278405 0.928350806
vt 0.371293902 0.928350806
vt 0.371293902 0.928335309
vt 0.371278405 0.928335309
vt 0.371278405 0.928350806
vt 0.371293902 0.928350806
vt 0.371278405 0.928335309
vt 0.371278405 0.928350806
vt 0.371293902 0.928350806
vt 0.371293902 0.928335309
vt 0.371278405 0.928335309
vt 0.371278405 0.928350806
vt 0.371293902 0.928350806
vt 0.371278405 0.928350806
vt 0.371293902 0.928350806
vt 0.371293902 0.928335309
vt 0.371293902 0.928350806
vt 0.371293902 0.928350806
vt 0.371293902 0.928335309
vt 0.371278405 0.928335309
vt 0.371293902 0.928350806
vt 0.371293902 0.928350806
vt 0.364780158 0.361639917
vt 0.364764661 0.361639917
vt 0.364764661 0.361655414
vt 0.364780158 0.361655414
vt 0.364780158 0.361639917
vt 0.364764661 0.361639917
vt 0.364764661 0.361655414
vt 0.364780158 0.361655414
vt 0.364764661 0.361639917
vt 0.364764661 0.361639917
vt 0.364764661 0.361655414
vt 0.364764661 0.361655414
vt 0.364780158 0.361639917
vt 0.364780158 0.361655414
vt 0.364764661 0.361639917
vt 0.364764661 0.361639917
vt 0.364764661 0.361655414
vt 0.364764661 0.361655414
vt 0.364780158 0.361639917
vt 0.364780158 0.361655414
vt 0.364780158 0.361639917
vt 0.364764661 0.361639917
vt 0.364764661 0.361639917
vt 0.364780158 0.361639917
vt 0.364764661 0.361655414
vt 0.364780158 0.361655414
vt 0.364780158 0.361639917
vt 0.364764661 0.361639917
vt 0.364764661 0.361639917
vt 0.364780158 0.361639917
vt 0.364764661 0.361655414
vt 0.364780158 0.361655414
vt 0.0846738219 0.355126262
vt 0.0846738219 0.355141759
vt 0.0846893191 0.355141759
vt 0.0846893191 0.355126262
vt 0.0846738219 0.355126262
vt 0.0846738219 0.355141759
vt 0.0846893191 0.355141759
vt 0.0846893191 0.355126262
vt 0.0846893191 0.355126262
vt 0.0846738219 0.355126262
vt 0.0846738219 0.355141759
vt 0.0846893191 0.355141759
vt 0.0846893191 0.355126262
vt 0.0846738219 0.355126262
vt 0.0846738219 0.355141759
vt 0.0846893191 0.355141759
vt 0.0846893191 0.355126262
vt 0.0846738219 0.355126262
vt 0.0846738219 0.355141759
vt 0.0846893191 0.355141759
vt 0.0846893191 0.355126262
vt 0.0846738219 0.355126262
vt 0.0846738219 0.355141759
vt 0.0846893191 0.355141759
vt 0.0846738219 0.355126262
vt 0.0846738219 0.355126262
vt 0.0846738219 0.355141759
vt 0.0846738219 0.355141759
vt 0.0846893191 0.355126262
vt 0.0846893191 0.355141759
vt 0.0846738219 0.355126262
vt 0.0846738219 0.355141759
vt 0.0846738219 0.355141759
vt 0.0846738219 0.355126262
vt 0.0846893191 0.355126262
vt 0.0846893191 0.355141759
vt 0.0846738219 0.355126262
vt 0.0846738219 0.355141759
vt 0.0846738219 0.355141759
vt 0.0846738219 0.355126262
vt 0.0846893191 0.355126262
vt 0.0846893191 0.355141759
vt 0.0846738219 0.355126262
vt 0.0846738219 0.355126262
vt 0.0846738219 0.355141759
vt 0.0846738219 0.355141759
vt 0.0846893191 0.355126262
vt 0.0846893191 0.355141759
vt 0.618800461 0.661272049
vt 0.618815958 0.661287546
vt 0.618815958 0.661272049
vt 0.618815958 0.661287546
vt 0.618800461 0.661272049
vt 0.618815958 0.661287546
vt 0.618815958 0.661272049
vt 0.618800461 0.661272049
vt 0.618815958 0.661287546
vt 0.618815958 0.661272049
vt 0.618800461 0.661272049
vt 0.618800461 0.661272049
vt 0.618800461 0.661272049
vt 0.618815958 0.661287546
vt 0.618815958 0.661272049
vt 0.618815958 0.661287546
vt 0.618800461 0.661272049
vt 0.618815958 0.661287546
vt 0.618815958 0.661272049
vt 0.618815958 0.661272049
vt 0.618800461 0.661272049
vt 0.618815958 0.661287546
vt 0.618815958 0.661272049
vt 0.618815958 0.661287546
vt 0.618800461 0.661272049
vt 0.618815958 0.661287546
vt 0.618815958 0.661272049
vt 0.618815958 0.661287546
vt 0.618800461 0.661272049
vt 0.618815958 0.661287546
vt 0.618815958 0.661272049
vt 0.618815958 0.661272049
vt 0.618815958 0.661272049
vt 0.618815958 0.661272049
vt 0.618815958 0.661272049
vt 0.618800461 0.661272049
vt 0.618815958 0.661287546
vt 0.618800461 0.661272049
vt 0.618800461 0.661272049
vt 0.618800461 0.661272049
vt 0.618800461 0.661272049
vt 0.618815958 0.661287546
vt 0.618815958 0.661272049
vt 0.618815958 0.661287546
vt 0.618800461 0.661272049
vt 0.618815958 0.661287546
vt 0.618815958 0.661272049
vt 0.618800461 0.661272049
vt 0.618815958 0.661287546
vt 0.618815958 0.661272049
vt 0.618800461 0.661272049
vt 0.618800461 0.661272049
vt 0.618800461 0.661272049
vt 0.618815958 0.661287546
vt 0.618815958 0.661272049
vt 0.618815958 0.661287546
vt 0.618800461 0.661272049
vt 0.618815958 0.661287546
vt 0.618815958 0.661272049
vt 0.618815958 0.661272049
vt 0.618800461 0.661272049
vt 0.618815958 0.661287546
vt 0.618815958 0.661272049
vt 0.618815958 0.661287546
vt 0.618800461 0.661272049
vt 0.618815958 0.661287546
vt 0.618815958 0.661272049
vt 0.618815958 0.661287546
vt 0.618800461 0.661272049
vt 0.618815958 0.661287546
vt 0.618815958 0.661272049
vt 0.618815958 0.661272049
vt 0.618815958 0.661272049
vt 0.618815958 0.661272049
vt 0.618815958 0.661272049
vt 0.618800461 0.661272049
vt 0.618815958 0.661287546
vt 0.618800461 0.661272049
vt 0.618800461 0.661272049
vt 0.618800461 0.661272049
vt 0.853310585 0.101090372
vt 0.853295088 0.101090372
vt 0.853295088 0.101105869
vt 0.853310585 0.101105869
vt 0.644870937 0.863197982
vt 0.64485544 0.863197982
vt 0.64485544 0.86321348
vt 0.644870937 0.86321348
vt 0.644870937 0.863197982
vt 0.64485544 0.863197982
vt 0.64485544 0.86321348
vt 0.644870937 0.86321348
vt 0.644870937 0.863197982
vt 0.64485544 0.863197982
vt 0.64485544 0.86321348
vt 0.644870937 0.86321348
vt 0.644870937 0.863197982
vt 0.64485544 0.863197982
vt 0.64485544 0.86321348
vt 0.644870937 0.86321348
vt 0.644870937 0.863197982
vt 0.64485544 0.863197982
vt 0.64485544 0.86321348
vt 0.644870937 0.86321348
vt 0.898906767 0.114117831
vt 0.89889127 0.114117831
vt 0.898906767 0.114133328
vt 0.898906767 0.114117831
vt 0.371278405 0.928335309
vt 0.371293902 0.928350806
vt 0.371293902 0.928335309
vt 0.371278405 0.928350806
vt 0.371293902 0.928350806
vt 0.371293902 0.928350806
vt 0.371293902 0.928350806
vt 0.371278405 0.928350806
vt 0.371293902 0.928350806
vt 0.371278763 0.928345442
vt 0.371293545 0.928345442
vt 0.371286154 0.928350806
vt 0.371281564 0.928336859
vt 0.371290684 0.928336859
vt 0.384310275 0.641733348
vt 0.384318739 0.641741812
vt 0.384318739 0.641741812
vt 0.384310275 0.641733348
vt 0.156339064 0.146687031
vt 0.156329378 0.146689117
vt 0.156337842 0.146697581
vt 0.156339839 0.146687865
vt 0.384318739 0.641741812
vt 0.384320736 0.641732097
vt 0.384320736 0.641732097
vt 0.384318739 0.641741812
vt 0.384320736 0.641732097
vt 0.384319961 0.641731262
vt 0.384319961 0.641731262
vt 0.384320736 0.641732097
vt 0.384319961 0.641731262
vt 0.384310275 0.641733348
vt 0.384310275 0.641733348
vt 0.384319961 0.641731262
vt 0.101562485 0.828124881
vt 0.101562485 0.828124881
vt 0.101562485 0.828124881
vt 0.101562485 0.828124881
vt 0.101562485 0.828124881
vt 0.101562485 0.828124881
vt 0.101562485 0.828124881
vt 0.101562485 0.828124881
vt 0.101562485 0.828124881
vt 0.101562485 0.828124881
vt 0.101562485 0.828124881
vt 0.101562485 0.828124881
vt 0.101562485 0.828124881
vt 0.101562485 0.828124881
vt 0.101562485 0.828124881
vt 0.101562485 0.828124881
vt 0.384320736 0.641732097
vt 0.384321332 0.641730785
vt 0.384321332 0.641730785
vt 0.384321332 0.641746283
vt 0.384319961 0.641731262
vt 0.384318739 0.641741812
vt 0.384310275 0.641733348
vt 0.384305835 0.641730785
vt 0.911918759 0.869711697
vt 0.911934257 0.869711697
vt 0.911934257 0.869711697
vt 0.911934257 0.869727194
vt 0.911918759 0.869711697
vt 0.911934257 0.869711697
vt 0.911918759 0.869711697
vt 0.911934257 0.869711697
vt 0.911934257 0.869711697
vt 0.911934257 0.869727194
vt 0.911934257 0.869711697
vt 0.911934257 0.869711697
vt 0.911918759 0.869711697
vt 0.911918759 0.869711697
vt 0.911934257 0.869727194
vt 0.911934257 0.869727194
vt 0.911934257 0.869727194
vt 0.911918759 0.869711697
vt 0.911934257 0.869711697
vt 0.911934257 0.869711697
vt 0.911934257 0.869711697
vt 0.911918759 0.869711697
vt 0.911934257 0.869711697
vt 0.911934257 0.869727194
vt 0.0489086211 0.914021611
vt 0.576324105 0.914021492
vt 0.576324105 0.492195666
vt 0.0489085838 0.492195725
vn -0.980180 0.142120 0.138019
vn -0.989797 0.142485 -0.000000
vn -0.989923 0.141199 0.010728
vn -0.981962 0.127354 0.139757
vn -0.993419 0.094974 0.064020
vn -0.993757 0.099471 0.050523
vn -0.980340 0.191180 0.048819
vn -0.979395 0.193754 0.056955
vn -0.063884 -0.185088 -0.980643
vn -0.147920 -0.179420 -0.972589
vn -0.141185 -0.179924 -0.973496
vn -0.057046 -0.185490 -0.980989
vn -0.000000 1.000000 -0.000000
vn -0.000000 1.000000 -0.000000
vn -0.000000 1.000000 -0.000000
vn -0.000000 1.000000 -0.000000
vn 0.989923 0.141199 0.010728
vn 0.989797 0.142485 -0.000000
vn 0.980180 0.142120 0.138019
vn 0.981962 0.127353 0.139757
vn 0.993419 0.094975 0.064020
vn 0.993757 0.099472 0.050523
vn 0.980340 0.191182 0.048819
vn 0.979395 0.193756 0.056955
vn 0.063885 -0.185088 -0.980643
vn 0.057047 -0.185490 -0.980989
vn 0.141185 -0.179924 -0.973496
vn 0.147920 -0.179419 -0.972589
vn 0.104108 0.034240 0.993976
vn 0.148727 0.147017 0.977889
vn 0.154145 0.145309 0.977305
vn 0.109511 0.037072 0.993294
vn -0.104107 0.034240 0.993977
vn -0.109510 0.037072 0.993294
vn -0.154145 0.145309 0.977305
vn -0.148727 0.147017 0.977889
vn -0.000000 -0.000000 -1.000000
vn -0.000000 -0.000000 -1.000000
vn -0.000000 -0.000000 -1.000000
vn -0.000000 -0.000000 -1.000000
vn -0.996846 0.000000 0.079354
vn -0.996846 0.000000 0.079354
vn -0.996846 0.000000 0.079354
vn -0.996846 0.000000 0.079354
vn -0.000000 1.000000 -0.000000
vn -0.000000 1.000000 -0.000000
vn -0.000000 1.000000 -0.000000
vn -0.000000 1.000000 -0.000000
vn -0.000000 1.000000 -0.000000
vn -0.000000 1.000000 -0.000000
vn -0.000000 1.000000 -0.000000
vn -0.000000 1.000000 -0.000000
vn -0.000000 1.000000 -0.000000
vn -0.000000 1.000000 -0.000000
vn -0.000000 1.000000 -0.000000
vn -0.000000 1.000000 -0.000000
vn -0.000000 -1.000000 0.000000
vn -0.000000 -1.000000 0.000000
vn -0.000000 -1.000000 0.000000
vn -0.000000 -1.000000 0.000000
vn -0.000000 -1.000000 0.000000
vn -0.000000 -1.000000 0.000000
vn -0.000000 -1.000000 0.000000
vn -0.000000 -1.000000 0.000000
vn 0.996847 0.000000 0.079353
vn 0.996847 0.000000 0.079353
vn 0.996847 0.000000 0.079353
vn 0.996847 0.000000 0.079353
vn -0.000000 1.000000 -0.000000
vn -0.000000 1.000000 -0.000000
vn -0.000000 1.000000 -0.000000
vn -0.000000 1.000000 -0.000000
vn -0.000000 0.015812 0.999875
vn -0.000000 0.000000 1.000000
vn -0.000000 0.000000 1.000000
vn -0.000000 0.000000 1.000000
vn -0.000000 0.015812 0.999875
vn -0.000000 0.015812 0.999875
vn -0.000000 0.015812 0.999875
vn -0.000000 0.015812 0.999875
vn -0.000000 0.015812 0.999875
vn -0.000000 0.015812 0.999875
vn 0.001001 -0.013655 -0.999906
vn 0.005945 -0.005506 -0.999967
vn -0.000000 -0.013903 -0.999903
vn 0.006181 -0.005358 -0.999967
vn -0.006181 -0.005358 -0.999967
vn -0.005945 -0.005506 -0.999967
vn -0.001003 -0.013655 -0.999906
vn -0.000000 -0.013903 -0.999903
vn -0.097543 -0.995205 0.007284
vn -0.097928 -0.995169 0.006907
vn -0.094351 -0.995485 0.010412
vn -0.101069 -0.994872 0.003827
vn 0.097928 -0.995170 0.006907
vn 0.097542 -0.995205 0.007284
vn 0.094350 -0.995485 0.010412
vn 0.101068 -0.994872 0.003827
vn -0.124238 0.001742 0.992251
vn -0.124237 0.001741 0.992251
vn -0.124238 0.001742 0.992251
vn -0.124239 0.001743 0.992251
vn -0.024895 0.010190 0.999638
vn -0.024896 0.010190 0.999638
vn -0.024896 0.010190 0.999638
vn -0.024894 0.010191 0.999638
vn 0.088132 -0.996091 0.006032
vn 0.065779 -0.997774 0.010970
vn 0.072499 -0.997323 0.009487
vn 0.094492 -0.995515 0.004625
vn -0.985167 0.129921 0.112100
vn -0.983679 0.124259 0.130138
vn -0.985418 0.132408 0.106860
vn -0.983144 0.128204 0.130351
vn -0.984676 0.083915 0.152878
vn -0.984969 0.070032 0.157897
vn 0.984676 0.083914 0.152878
vn 0.983679 0.124259 0.130139
vn 0.984969 0.070032 0.157897
vn 0.983144 0.128204 0.130352
vn 0.985167 0.129922 0.112100
vn 0.985418 0.132410 0.106860
vn -0.072132 0.997350 -0.009460
vn -0.095219 0.995438 -0.006050
vn -0.101068 0.994866 -0.005184
vn -0.065852 0.997775 -0.010386
vn -0.985087 -0.129972 -0.112745
vn -0.983465 -0.124230 -0.131774
vn -0.985353 -0.132408 -0.107461
vn -0.982892 -0.128512 -0.131943
vn -0.984157 -0.084587 -0.155820
vn -0.984394 -0.070029 -0.161442
vn 0.983465 -0.124229 -0.131774
vn 0.985087 -0.129971 -0.112744
vn 0.985353 -0.132406 -0.107461
vn 0.982892 -0.128512 -0.131942
vn 0.984157 -0.084586 -0.155820
vn 0.984394 -0.070029 -0.161442
vn -0.072500 -0.997323 0.009487
vn -0.088132 -0.996090 0.006032
vn -0.094493 -0.995515 0.004624
vn -0.065779 -0.997774 0.010970
vn 0.124238 0.001742 0.992251
vn 0.124237 0.001741 0.992251
vn 0.124238 0.001742 0.992251
vn 0.124239 0.001742 0.992251
vn 0.000907 -0.008925 -0.999960
vn 0.000907 -0.008925 -0.999960
vn 0.000907 -0.008925 -0.999960
vn 0.000907 -0.008925 -0.999960
vn -0.000907 -0.008925 -0.999960
vn -0.000906 -0.008925 -0.999960
vn -0.000906 -0.008925 -0.999960
vn -0.000908 -0.008925 -0.999960
vn 0.095219 0.995438 -0.006050
vn 0.072132 0.997350 -0.009460
vn 0.101068 0.994866 -0.005184
vn 0.065852 0.997775 -0.010386
vn 0.024895 0.010190 0.999638
vn 0.024894 0.010190 0.999638
vn 0.024893 0.010191 0.999638
vn 0.024896 0.010190 0.999638
vn -0.049206 0.180197 0.982399
vn -0.049206 0.180197 0.982399
vn -0.049206 0.180196 0.982399
vn -0.049206 0.180196 0.982399
vn -0.000434 0.997042 0.076860
vn -0.000000 0.996852 0.079282
vn -0.002754 0.997953 0.063897
vn -0.003103 0.998075 0.061946
vn -1.000000 0.000000 -0.000000
vn -1.000000 0.000000 -0.000000
vn -1.000000 0.000000 -0.000000
vn -1.000000 0.000000 -0.000000
vn -1.000000 0.000000 -0.000000
vn -1.000000 0.000000 -0.000000
vn -1.000000 0.000000 -0.000000
vn -1.000000 0.000000 -0.000000
vn -1.000000 0.000000 -0.000000
vn 0.000641 -0.999655 0.026258
vn -0.000926 -0.999829 0.018486
vn -0.006796 -0.983144 -0.182704
vn -0.005698 -0.985352 -0.170439
vn -0.023728 -0.704013 -0.709791
vn -0.024010 -0.695401 -0.718220
vn -0.033385 -0.039344 -0.998668
vn -0.033386 -0.038824 -0.998688
vn -0.025040 0.662054 -0.749038
vn -0.017963 0.637444 -0.770287
vn -0.011693 0.921344 -0.388572
vn -0.000000 0.882882 -0.469595
vn -0.000000 -0.494096 0.869407
vn -0.000000 -0.494094 0.869408
vn -0.000000 -0.243263 0.969960
vn -0.000000 -0.243264 0.969960
vn -0.000000 0.025334 0.999679
vn -0.000000 0.025334 0.999679
vn 0.958560 -0.284891 0.000000
vn 0.958560 -0.284891 0.000000
vn 0.958560 -0.284891 0.000000
vn 0.958560 -0.284891 0.000000
vn 0.284891 0.958560 -0.000000
vn 0.284891 0.958560 -0.000000
vn 0.284891 0.958560 -0.000000
vn 0.284891 0.958560 -0.000000
vn -0.958560 0.284891 -0.000000
vn -0.958560 0.284891 -0.000000
vn -0.958560 0.284891 -0.000000
vn -0.958560 0.284891 -0.000000
vn -0.284892 -0.958560 0.000000
vn -0.284892 -0.958560 0.000000
vn -0.284892 -0.958560 0.000000
vn -0.284892 -0.958560 0.000000
vn -0.000000 0.000000 1.000000
vn -0.000000 0.000000 1.000000
vn -0.000000 0.000000 1.000000
vn -0.000000 0.000000 1.000000
vn -0.000000 -0.000000 -1.000000
vn -0.000000 -0.000000 -1.000000
vn -0.000000 -0.000000 -1.000000
vn -0.000000 -0.000000 -1.000000
vn -0.958560 -0.284891 0.000000
vn -0.958560 -0.284891 0.000000
vn -0.958560 -0.284891 0.000000
vn -0.958560 -0.284891 0.000000
vn -0.284891 0.958560 -0.000000
vn -0.284891 0.958560 -0.000000
vn -0.284891 0.958560 -0.000000
vn -0.284891 0.958560 -0.000000
vn 0.958560 0.284891 -0.000000
vn 0.958560 0.284891 -0.000000
vn 0.958560 0.284891 -0.000000
vn 0.958560 0.284891 -0.000000
vn 0.284890 -0.958560 0.000000
vn 0.284890 -0.958560 0.000000
vn 0.284890 -0.958560 0.000000
vn 0.284890 -0.958560 0.000000
vn -0.000000 0.000000 1.000000
vn -0.000000 0.000000 1.000000
vn -0.000000 0.000000 1.000000
vn -0.000000 0.000000 1.000000
vn -0.000000 -0.000000 -1.000000
vn -0.000000 -0.000000 -1.000000
vn -0.000000 -0.000000 -1.000000
vn -0.000000 -0.000000 -1.000000
vn -0.000000 1.000000 -0.000000
vn -0.000000 1.000000 -0.000000
vn -0.000000 1.000000 -0.000000
vn -0.000000 1.000000 -0.000000
vn -0.000000 0.000000 1.000000
vn -0.000000 0.000000 1.000000
vn -0.000000 0.000000 1.000000
vn -0.000000 0.000000 1.000000
vn -0.000000 1.000000 -0.000000
vn -0.000000 1.000000 -0.000000
vn -0.000000 1.000000 -0.000000
vn -0.000000 1.000000 -0.000000
vn -0.000000 -1.000000 0.000000
vn -0.000000 -1.000000 0.000000
vn -0.000000 -1.000000 0.000000
vn -0.000000 -1.000000 0.000000
vn -0.000000 0.000000 1.000000
vn -0.000000 0.000000 1.000000
vn -0.000000 0.000000 1.000000
vn -0.000000 0.000000 1.000000
vn -0.000000 -0.000000 -1.000000
vn -0.000000 -0.000000 -1.000000
vn -0.000000 -0.000000 -1.000000
vn -0.000000 -0.000000 -1.000000
vn -0.000000 1.000000 -0.000000
vn -0.000000 1.000000 -0.000000
vn -0.000000 1.000000 -0.000000
vn -0.000000 1.000000 -0.000000
vn -0.999747 -0.000000 -0.022489
vn -0.999747 -0.000000 -0.022489
vn -0.999747 -0.000000 -0.022489
vn -0.999747 -0.000000 -0.022489
vn -1.000000 0.000000 -0.000000
vn -1.000000 0.000000 -0.000000
vn -1.000000 0.000000 -0.000000
vn -1.000000 0.000000 -0.000000
vn -0.000000 -0.000000 -1.000000
vn -0.000000 -0.000000 -1.000000
vn -0.000000 -0.000000 -1.000000
vn -0.000000 -0.000000 -1.000000
vn -0.000000 -0.000000 -1.000000
vn -0.000000 -0.000000 -1.000000
vn -0.000000 -0.000000 -1.000000
vn -0.000000 -0.000000 -1.000000
vn -0.000000 -0.000000 -1.000000
vn -0.000000 -0.000000 -1.000000
vn -0.000000 -0.000000 -1.000000
vn -0.000000 -0.000000 -1.000000
vn -0.000000 -0.000000 -1.000000
vn -0.000000 -0.000000 -1.000000
vn -0.000000 -0.000000 -1.000000
vn -0.000000 -0.000000 -1.000000
vn -0.000000 1.000000 -0.000000
vn -0.000000 1.000000 -0.000000
vn -0.000000 1.000000 -0.000000
vn -0.000000 1.000000 -0.000000
vn -0.000000 -1.000000 0.000000
vn -0.000000 -1.000000 0.000000
vn -0.000000 -1.000000 0.000000
vn -0.000000 -1.000000 0.000000
vn 1.000000 0.000000 -0.000000
vn 1.000000 0.000000 -0.000000
vn 1.000000 0.000000 -0.000000
vn 1.000000 0.000000 -0.000000
vn -1.000000 0.000000 -0.000000
vn -1.000000 0.000000 -0.000000
vn -1.000000 0.000000 -0.000000
vn -1.000000 0.000000 -0.000000
vn -1.000000 0.000000 -0.000000
vn -1.000000 0.000000 -0.000000
vn -1.000000 0.000000 -0.000000
vn -1.000000 0.000000 -0.000000
vn -0.000000 1.000000 -0.000000
vn -0.000000 1.000000 -0.000000
vn -0.000000 1.000000 -0.000000
vn -0.000000 1.000000 -0.000000
vn -0.000000 -1.000000 0.000000
vn -0.000000 -1.000000 0.000000
vn -0.000000 -1.000000 0.000000
vn -0.000000 -1.000000 0.000000
vn -1.000000 0.000000 -0.000000
vn -1.000000 0.000000 -0.000000
vn -1.000000 0.000000 -0.000000
vn -1.000000 0.000000 -0.000000
vn -0.000000 -0.000000 -1.000000
vn -0.000000 -0.000000 -1.000000
vn -0.000000 -0.000000 -1.000000
vn -0.000000 -0.000000 -1.000000
vn -0.000000 1.000000 -0.000000
vn -0.000000 1.000000 -0.000000
vn -0.000000 1.000000 -0.000000
vn -0.000000 1.000000 -0.000000
vn 1.000000 0.000000 -0.000000
vn 1.000000 0.000000 -0.000000
vn 1.000000 0.000000 -0.000000
vn 1.000000 0.000000 -0.000000
vn -0.000000 -1.000000 0.000000
vn -0.000000 -1.000000 0.000000
vn -0.000000 -1.000000 0.000000
vn -0.000000 -1.000000 0.000000
vn 1.000000 0.000000 -0.000000
vn 1.000000 0.000000 -0.000000
vn 1.000000 0.000000 -0.000000
vn 1.000000 0.000000 -0.000000
vn 1.000000 0.000000 -0.000000
vn 1.000000 0.000000 -0.000000
vn 1.000000 0.000000 -0.000000
vn 1.000000 0.000000 -0.000000
vn -0.000000 -0.000000 -1.000000
vn -0.000000 -0.000000 -1.000000
vn -0.000000 -0.000000 -1.000000
vn -0.000000 -0.000000 -1.000000
vn -0.000000 -0.000000 -1.000000
vn -0.000000 -0.000000 -1.000000
vn -0.000000 -0.000000 -1.000000
vn -0.000000 -0.000000 -1.000000
vn 1.000000 0.000000 -0.000000
vn 1.000000 0.000000 -0.000000
vn 1.000000 0.000000 -0.000000
vn 1.000000 0.000000 -0.000000
vn -1.000000 0.000000 -0.000000
vn -1.000000 0.000000 -0.000000
vn -1.000000 0.000000 -0.000000
vn -1.000000 0.000000 -0.000000
vn 1.000000 0.000000 -0.000000
vn 1.000000 0.000000 -0.000000
vn 1.000000 0.000000 -0.000000
vn 1.000000 0.000000 -0.000000
vn -0.000000 -0.000000 -1.000000
vn -0.000000 -0.000000 -1.000000
vn -0.000000 -0.000000 -1.000000
vn -0.000000 -0.000000 -1.000000
vn -0.000000 -1.000000 0.000000
vn -0.000000 -1.000000 0.000000
vn -0.000000 -1.000000 0.000000
vn -0.000000 -1.000000 0.000000
vn -1.000000 0.000000 -0.000000
vn -1.000000 0.000000 -0.000000
vn -1.000000 0.000000 -0.000000
vn -1.000000 0.000000 -0.000000
vn -0.000000 1.000000 -0.000000
vn -0.000000 1.000000 -0.000000
vn -0.000000 1.000000 -0.000000
vn -0.000000 1.000000 -0.000000
vn -0.000000 1.000000 -0.000000
vn -0.000000 1.000000 -0.000000
vn -0.000000 1.000000 -0.000000
vn -0.000000 1.000000 -0.000000
vn 0.999747 -0.000000 -0.022489
vn 0.999747 -0.000000 -0.022489
vn 0.999747 -0.000000 -0.022489
vn 0.999747 -0.000000 -0.022489
vn -0.000000 -0.000000 -1.000000
vn -0.000000 -0.000000 -1.000000
vn -0.000000 -0.000000 -1.000000
vn -0.000000 -0.000000 -1.000000
vn -0.000000 0.999747 -0.022488
vn -0.000000 0.999747 -0.022488
vn -0.000000 0.999747 -0.022489
vn -0.000000 0.999747 -0.022489
vn 1.000000 0.000000 -0.000000
vn 1.000000 0.000000 -0.000000
vn 1.000000 0.000000 -0.000000
vn 1.000000 0.000000 -0.000000
vn -1.000000 0.000000 -0.000000
vn -1.000000 0.000000 -0.000000
vn -1.000000 0.000000 -0.000000
vn -1.000000 0.000000 -0.000000
vn -0.000000 -0.999747 -0.022489
vn -0.000000 -0.999747 -0.022488
vn -0.000000 -0.999747 -0.022488
vn -0.000000 -0.999747 -0.022489
vn -0.000000 1.000000 -0.000000
vn -0.000000 1.000000 -0.000000
vn -0.000000 1.000000 -0.000000
vn -0.000000 1.000000 -0.000000
vn -0.993948 -0.000000 -0.109854
vn -0.993948 -0.000000 -0.109854
vn -0.993948 -0.000000 -0.109854
vn -0.993948 -0.000000 -0.109855
vn -0.000000 0.993948 -0.109853
vn -0.000000 0.993947 -0.109856
vn -0.000000 0.993948 -0.109853
vn -0.000000 0.993948 -0.109850
vn 0.993948 -0.000000 -0.109855
vn 0.993948 -0.000000 -0.109855
vn 0.993948 -0.000000 -0.109855
vn 0.993948 -0.000000 -0.109855
vn -0.000000 -0.000000 -1.000000
vn -0.000000 -0.000000 -1.000000
vn -0.000000 -0.000000 -1.000000
vn -0.000000 -0.000000 -1.000000
vn -0.000000 -0.993948 -0.109855
vn -0.000000 -0.993948 -0.109855
vn -0.000000 -0.993948 -0.109855
vn -0.000000 -0.993948 -0.109856
vn -1.000000 0.000000 -0.000000
vn -1.000000 0.000000 -0.000000
vn -1.000000 0.000000 -0.000000
vn -1.000000 0.000000 -0.000000
vn 1.000000 0.000000 -0.000000
vn 1.000000 0.000000 -0.000000
vn 1.000000 0.000000 -0.000000
vn 1.000000 0.000000 -0.000000
vn -0.000000 -0.025335 -0.999679
vn -0.000000 -0.025335 -0.999679
vn -0.000000 -0.025335 -0.999679
vn -0.000000 -0.025335 -0.999679
vn -0.000000 -1.000000 0.000000
vn -0.086732 -0.996232 0.000000
vn -0.086732 -0.996232 0.000000
vn -0.000000 -1.000000 0.000000
vn 0.086731 -0.996232 0.000000
vn 0.086731 -0.996232 0.000000
vn -0.000000 -0.067472 0.997721
vn -0.216292 -0.098833 0.971314
vn -0.179612 -0.064579 0.981615
vn -0.000000 -0.033698 0.999432
vn 0.179612 -0.064579 0.981616
vn 0.216292 -0.098833 0.971314
vn 1.000000 0.000000 -0.000000
vn 1.000000 0.000000 -0.000000
vn 1.000000 0.000000 -0.000000
vn 1.000000 0.000000 -0.000000
vn -1.000000 0.000000 -0.000000
vn -1.000000 0.000000 -0.000000
vn -1.000000 0.000000 -0.000000
vn -1.000000 0.000000 -0.000000
vn -0.000000 -0.000000 -1.000000
vn -0.161013 -0.000000 -0.986952
vn -0.161013 -0.000000 -0.986952
vn -0.000000 -0.000000 -1.000000
vn 0.161013 -0.000000 -0.986952
vn 0.161013 -0.000000 -0.986952
vn -0.000000 0.000000 1.000000
vn 0.161013 0.000000 0.986952
vn 0.161013 0.000000 0.986952
vn -0.000000 0.000000 1.000000
vn -0.161013 0.000000 0.986952
vn -0.161013 0.000000 0.986952
vn -0.115986 -0.993251 0.000000
vn -0.115986 -0.993251 0.000000
vn -0.000000 -1.000000 0.000000
vn -0.000000 -1.000000 0.000000
vn 0.115986 -0.993251 0.000000
vn 0.115986 -0.993251 0.000000
vn 0.115986 0.993251 -0.000000
vn 0.115986 0.993251 -0.000000
vn -0.000000 1.000000 -0.000000
vn -0.000000 1.000000 -0.000000
vn -0.115986 0.993251 -0.000000
vn -0.115986 0.993251 -0.000000
vn -0.096674 -0.176160 0.979603
vn -0.096674 -0.176161 0.979603
vn -0.096675 -0.176159 0.979603
vn -0.096675 -0.176158 0.979603
vn -0.999029 -0.043458 0.007179
vn -0.999029 -0.043457 0.007179
vn -0.999029 -0.043457 0.007179
vn -0.999029 -0.043458 0.007179
vn -0.042682 0.995460 0.085070
vn -0.042682 0.995460 0.085070
vn -0.042683 0.995460 0.085070
vn -0.042683 0.995460 0.085070
vn 0.999029 0.043457 -0.007179
vn 0.999029 0.043457 -0.007179
vn 0.999029 0.043457 -0.007179
vn 0.999029 0.043457 -0.007179
vn 0.042682 -0.995460 -0.085070
vn 0.042682 -0.995460 -0.085070
vn 0.042682 -0.995460 -0.085070
vn 0.042682 -0.995460 -0.085069
vn 0.010845 -0.084682 0.996349
vn 0.010846 -0.084683 0.996349
vn 0.010844 -0.084680 0.996349
vn 0.010843 -0.084678 0.996349
vn -0.140404 -0.974427 -0.175437
vn -0.162407 -0.955310 -0.246995
vn -0.148963 -0.955334 -0.255240
vn -0.133905 -0.975707 -0.173395
vn -0.136115 -0.987034 -0.085070
vn -0.136115 -0.987034 -0.085070
vn -0.978385 0.179325 -0.102981
vn -0.976099 0.190467 -0.104654
vn -0.987634 0.146620 -0.055518
vn -0.988787 0.140675 -0.050100
vn -0.990515 0.137213 -0.007180
vn -0.990516 0.137213 -0.007180
vn 0.149732 0.956528 0.250269
vn 0.162917 0.956420 0.242319
vn 0.140332 0.974948 0.172581
vn 0.133963 0.976028 0.171534
vn 0.136114 0.987034 0.085070
vn 0.136114 0.987034 0.085069
vn 0.987747 -0.146240 0.054497
vn 0.976646 -0.189786 0.100717
vn 0.978728 -0.179376 0.099574
vn 0.988868 -0.140572 0.048783
vn 0.990516 -0.137213 0.007180
vn 0.990516 -0.137213 0.007180
vn -0.000000 -1.000000 0.000000
vn -0.000000 -1.000000 0.000000
vn -0.000000 -1.000000 0.000000
vn -0.000000 -1.000000 0.000000
vn -1.000000 0.000000 -0.000000
vn -1.000000 0.000000 -0.000000
vn -1.000000 0.000000 -0.000000
vn -1.000000 0.000000 -0.000000
vn -1.000000 0.000000 -0.000000
vn -1.000000 0.000000 -0.000000
vn -1.000000 0.000000 -0.000000
vn -1.000000 0.000000 -0.000000
vn -0.000000 1.000000 -0.000000
vn -0.000000 1.000000 -0.000000
vn -0.000000 1.000000 -0.000000
vn -0.000000 1.000000 -0.000000
vn -0.000000 -1.000000 0.000000
vn -0.000000 -1.000000 0.000000
vn -0.000000 -1.000000 0.000000
vn -0.000000 -1.000000 0.000000
vn -0.000000 0.000000 1.000000
vn -0.000000 0.000000 1.000000
vn -0.000000 0.000000 1.000000
vn -0.000000 0.000000 1.000000
vn -0.000000 1.000000 -0.000000
vn -0.000000 1.000000 -0.000000
vn -0.000000 1.000000 -0.000000
vn -0.000000 1.000000 -0.000000
vn -0.000000 -0.000000 -1.000000
vn -0.000000 -0.000000 -1.000000
vn -0.000000 -0.000000 -1.000000
vn -0.000000 -0.000000 -1.000000
vn 1.000000 0.000000 -0.000000
vn 1.000000 0.000000 -0.000000
vn 1.000000 0.000000 -0.000000
vn 1.000000 0.000000 -0.000000
vn 1.000000 0.000000 -0.000000
vn 1.000000 0.000000 -0.000000
vn 1.000000 0.000000 -0.000000
vn 1.000000 0.000000 -0.000000
vn -0.000000 -1.000000 0.000000
vn -0.000000 -1.000000 0.000000
vn -0.000000 -1.000000 0.000000
vn -0.000000 -1.000000 0.000000
vn -1.000000 0.000000 -0.000000
vn -1.000000 0.000000 -0.000000
vn -1.000000 0.000000 -0.000000
vn -1.000000 0.000000 -0.000000
vn -1.000000 0.000000 -0.000000
vn -1.000000 0.000000 -0.000000
vn -1.000000 0.000000 -0.000000
vn -1.000000 0.000000 -0.000000
vn -0.000000 1.000000 -0.000000
vn -0.000000 1.000000 -0.000000
vn -0.000000 1.000000 -0.000000
vn -0.000000 1.000000 -0.000000
vn -0.000000 -1.000000 0.000000
vn -0.000000 -1.000000 0.000000
vn -0.000000 -1.000000 0.000000
vn -0.000000 -1.000000 0.000000
vn -0.000000 0.000000 1.000000
vn -0.000000 0.000000 1.000000
vn -0.000000 0.000000 1.000000
vn -0.000000 0.000000 1.000000
vn -0.000000 1.000000 -0.000000
vn -0.000000 1.000000 -0.000000
vn -0.000000 1.000000 -0.000000
vn -0.000000 1.000000 -0.000000
vn -0.000000 -0.000000 -1.000000
vn -0.000000 -0.000000 -1.000000
vn -0.000000 -0.000000 -1.000000
vn -0.000000 -0.000000 -1.000000
vn 1.000000 0.000000 -0.000000
vn 1.000000 0.000000 -0.000000
vn 1.000000 0.000000 -0.000000
vn 1.000000 0.000000 -0.000000
vn 1.000000 0.000000 -0.000000
vn 1.000000 0.000000 -0.000000
vn 1.000000 0.000000 -0.000000
vn 1.000000 0.000000 -0.000000
vn -0.000000 -1.000000 0.000000
vn -0.000000 -1.000000 0.000000
vn -0.000000 -1.000000 0.000000
vn -0.000000 -1.000000 0.000000
vn -0.000000 -0.000000 -1.000000
vn -0.000000 -0.000000 -1.000000
vn -0.000000 -0.000000 -1.000000
vn -0.000000 -0.000000 -1.000000
vn 0.999962 -0.000000 -0.008716
vn 0.999962 -0.000000 -0.008716
vn 0.999962 -0.000000 -0.008716
vn 0.999962 -0.000000 -0.008716
vn -0.000000 -0.999962 -0.008716
vn -0.000000 -0.999962 -0.008716
vn -0.000000 -0.999962 -0.008716
vn -0.000000 -0.999962 -0.008716
vn -0.999962 -0.000000 -0.008716
vn -0.999962 -0.000000 -0.008716
vn -0.999962 -0.000000 -0.008716
vn -0.999962 -0.000000 -0.008716
vn -0.000000 0.999962 -0.008716
vn -0.000000 0.999962 -0.008716
vn -0.000000 0.999962 -0.008716
vn -0.000000 0.999962 -0.008716
vn -0.000000 -1.000000 0.000000
vn -0.000000 -1.000000 0.000000
vn -0.000000 -1.000000 0.000000
vn -0.000000 -1.000000 0.000000
vn 1.000000 0.000000 -0.000000
vn 1.000000 0.000000 -0.000000
vn 1.000000 0.000000 -0.000000
vn 1.000000 0.000000 -0.000000
vn 1.000000 0.000000 -0.000000
vn 1.000000 0.000000 -0.000000
vn 1.000000 0.000000 -0.000000
vn 1.000000 0.000000 -0.000000
vn 1.000000 0.000000 -0.000000
vn -0.000000 1.000000 -0.000000
vn -0.000000 1.000000 -0.000000
vn -0.000000 1.000000 -0.000000
vn -0.000000 1.000000 -0.000000
vn -0.000000 1.000000 -0.000000
vn 1.000000 0.000000 -0.000000
vn 1.000000 0.000000 -0.000000
vn 1.000000 0.000000 -0.000000
vn 1.000000 0.000000 -0.000000
vn -0.000000 -1.000000 0.000000
vn -0.000000 -1.000000 0.000000
vn -0.000000 -1.000000 0.000000
vn -0.000000 -1.000000 0.000000
vn -0.000000 -0.000000 -1.000000
vn -0.000000 -0.000000 -1.000000
vn -0.000000 -0.000000 -1.000000
vn -0.000000 -0.000000 -1.000000
vn -1.000000 0.000000 -0.000000
vn -1.000000 0.000000 -0.000000
vn -1.000000 0.000000 -0.000000
vn -1.000000 0.000000 -0.000000
vn -0.000000 0.000000 1.000000
vn -0.000000 0.000000 1.000000
vn -0.000000 0.000000 1.000000
vn -0.000000 0.000000 1.000000
vn 1.000000 0.000000 -0.000000
vn 1.000000 0.000000 -0.000000
vn 1.000000 0.000000 -0.000000
vn 1.000000 0.000000 -0.000000
vn -0.000000 1.000000 -0.000000
vn -0.000000 1.000000 -0.000000
vn -0.000000 1.000000 -0.000000
vn -0.000000 1.000000 -0.000000
vn -1.000000 0.000000 -0.000000
vn -1.000000 0.000000 -0.000000
vn -1.000000 0.000000 -0.000000
vn -1.000000 0.000000 -0.000000
vn -0.000000 0.000000 1.000000
vn -0.000000 0.000000 1.000000
vn -0.000000 0.000000 1.000000
vn -0.000000 0.000000 1.000000
vn -0.000000 -1.000000 0.000000
vn -0.000000 -1.000000 0.000000
vn -0.000000 -1.000000 0.000000
vn -0.000000 -1.000000 0.000000
vn -0.000000 -1.000000 0.000000
vn -0.000000 -1.000000 0.000000
vn -0.000000 -1.000000 0.000000
vn -0.000000 -1.000000 0.000000
vn 0.983176 -0.160988 -0.086296
vn 0.993560 -0.104568 -0.043645
vn 0.983324 -0.160081 -0.086306
vn 0.993137 -0.103059 -0.055305
vn 0.994608 -0.097679 -0.034832
vn 0.993501 -0.097201 -0.059218
vn 0.979756 -0.143513 -0.139581
vn 0.981681 -0.128087 -0.141055
vn -0.000000 -1.000000 0.000000
vn -0.000000 -1.000000 0.000000
vn -0.000000 -1.000000 0.000000
vn -0.000000 -1.000000 0.000000
vn -0.000000 -1.000000 0.000000
vn -0.000000 -1.000000 0.000000
vn -0.000000 -1.000000 0.000000
vn -0.000000 -1.000000 0.000000
vn -0.993560 -0.104563 -0.043641
vn -0.979756 -0.143513 -0.139580
vn -0.994609 -0.097674 -0.034827
vn -0.983177 -0.160984 -0.086301
vn -0.981681 -0.128086 -0.141055
vn -0.983324 -0.160077 -0.086310
vn -0.993501 -0.097202 -0.059218
vn -0.993136 -0.103060 -0.055305
vn -0.000000 -1.000000 0.000000
vn -0.000000 -1.000000 0.000000
vn -0.000000 -1.000000 0.000000
vn -0.000000 -1.000000 0.000000
f 1/1/1 2/2/2 3/3/3
f 4/4/4 1/1/1 3/3/3
f 4/4/4 5/5/5 1/1/1
f 5/5/5 4/4/4 6/6/6
f 5/5/5 6/6/6 7/7/7
f 5/5/5 7/7/7 8/8/8
f 9/9/9 10/10/10 11/11/11
f 9/9/9 11/11/11 12/12/12
f 13/13/13 14/14/14 15/15/15
f 13/13/13 15/15/15 16/16/16
f 17/17/17 18/18/18 19/19/19
f 20/20/20 17/17/17 19/19/19
f 20/20/20 19/19/19 21/21/21
f 20/20/20 21/21/21 22/22/22
f 21/21/21 23/23/23 22/22/22
f 21/21/21 24/24/24 23/23/23
f 25/25/25 26/26/26 27/27/27
f 25/25/25 27/27/27 28/28/28
f 29/29/29 30/30/30 31/31/31
f 29/29/29 31/31/31 32/32/32
f 32/32/32 33/33/33 29/29/29
f 32/32/32 34/34/34 33/33/33
f 35/35/35 33/33/33 34/34/34
f 35/35/35 36/36/36 33/33/33
f 37/37/37 38/38/38 39/39/39
f 37/37/37 39/39/39 40/40/40
f 41/41/41 42/42/42 43/43/43
f 41/41/41 43/43/43 44/44/44
f 45/45/45 46/46/46 47/47/47
f 45/45/45 48/48/48 46/46/46
f 48/48/48 49/49/49 50/50/50
f 48/48/48 50/50/50 51/51/51
f 52/52/52 53/53/53 46/46/46
f 52/52/52 54/54/54 53/53/53
f 55/55/55 52/52/52 51/51/51
f 55/55/55 56/56/56 52/52/52
f 57/57/57 58/58/58 59/59/59
f 57/57/57 59/59/59 60/60/60
f 61/61/61 62/62/62 63/63/63
f 61/61/61 64/64/64 62/62/62
f 65/65/65 66/66/66 67/67/67
f 65/65/65 67/67/67 68/68/68
f 69/69/69 70/70/70 71/71/71
f 69/69/69 72/72/72 70/70/70
f 73/73/73 74/74/74 75/75/75
f 73/73/73 75/75/75 76/76/76
f 77/77/77 73/73/73 78/78/78
f 77/77/77 78/78/78 79/79/79
f 80/80/80 76/76/76 81/81/81
f 80/80/80 81/81/81 82/82/82
f 83/83/83 84/84/84 85/85/85
f 86/86/86 84/84/84 83/83/83
f 86/86/86 87/87/87 84/84/84
f 84/84/84 87/87/87 88/88/88
f 89/89/89 88/88/88 87/87/87
f 90/90/90 88/88/88 89/89/89
f 91/91/91 92/92/92 93/93/93
f 91/91/91 94/94/94 92/92/92
f 95/95/95 96/96/96 97/97/97
f 95/95/95 98/98/98 96/96/96
f 99/99/99 100/100/100 101/101/101
f 99/99/99 101/101/101 102/102/102
f 103/103/103 104/104/104 105/105/105
f 103/103/103 105/105/105 106/106/106
f 107/107/107 108/108/108 109/109/109
f 107/107/107 109/109/109 110/110/110
f 111/111/111 112/112/112 113/113/113
f 114/114/114 112/112/112 111/111/111
f 114/114/114 115/115/115 112/112/112
f 112/112/112 115/115/115 116/116/116
f 117/117/117 118/118/118 119/119/119
f 120/120/120 118/118/118 117/117/117
f 121/121/121 118/118/118 120/120/120
f 122/122/122 118/118/118 121/121/121
f 123/123/123 124/124/124 125/125/125
f 123/123/123 126/126/126 124/124/124
f 127/127/127 128/128/128 129/129/129
f 130/130/130 128/128/128 127/127/127
f 130/130/130 131/131/131 128/128/128
f 128/128/128 131/131/131 132/132/132
f 133/133/133 134/134/134 135/135/135
f 136/136/136 134/134/134 133/133/133
f 136/136/136 133/133/133 137/137/137
f 137/137/137 133/133/133 138/138/138
f 139/139/139 140/140/140 141/141/141
f 139/139/139 142/142/142 140/140/140
f 143/143/143 144/144/144 145/145/145
f 143/143/143 145/145/145 146/146/146
f 147/147/147 148/148/148 149/149/149
f 147/147/147 149/149/149 150/150/150
f 151/151/151 152/152/152 153/153/153
f 151/151/151 153/153/153 154/154/154
f 155/155/155 156/156/156 157/157/157
f 155/155/155 158/158/158 156/156/156
f 159/159/159 160/160/160 161/161/161
f 159/159/159 162/162/162 160/160/160
f 163/163/163 164/164/164 165/165/165
f 163/163/163 165/165/165 166/166/166
f 167/167/167 168/168/168 169/169/169
f 167/167/167 169/169/169 170/170/170
f 171/171/171 172/172/172 173/173/173
f 171/171/171 173/173/173 174/174/174
f 173/173/173 175/175/175 174/174/174
f 175/175/175 176/176/176 174/174/174
f 176/176/176 177/177/177 174/174/174
f 177/177/177 178/178/178 174/174/174
f 177/177/177 179/179/179 178/178/178
f 180/180/180 181/181/181 182/182/182
f 180/180/180 182/182/182 183/183/183
f 182/182/182 184/184/184 183/183/183
f 182/182/182 185/185/185 184/184/184
f 185/185/185 186/186/186 184/184/184
f 185/185/185 187/187/187 186/186/186
f 186/186/186 187/187/187 188/188/188
f 186/186/186 188/188/188 189/189/189
f 189/189/189 188/188/188 190/190/190
f 189/189/189 190/190/190 191/191/191
f 192/192/192 193/193/193 194/194/194
f 192/192/192 194/194/194 195/195/195
f 196/196/196 195/195/195 194/194/194
f 196/196/196 194/194/194 197/197/197
f 198/198/198 199/199/199 200/200/200
f 198/198/198 200/200/200 201/201/201
f 202/202/202 203/203/203 204/204/204
f 202/202/202 204/204/204 205/205/205
f 206/206/206 207/207/207 208/208/208
f 206/206/206 208/208/208 209/209/209
f 210/210/210 211/211/211 212/212/212
f 210/210/210 212/212/212 213/213/213
f 214/214/214 215/215/215 216/216/216
f 214/214/214 216/216/216 217/217/217
f 218/218/218 219/219/219 220/220/220
f 218/218/218 220/220/220 221/221/221
f 222/222/222 223/223/223 224/224/224
f 222/222/222 224/224/224 225/225/225
f 226/226/226 227/227/227 228/228/228
f 226/226/226 228/228/228 229/229/229
f 230/230/230 231/231/231 232/232/232
f 230/230/230 232/232/232 233/233/233
f 234/234/234 235/235/235 236/236/236
f 234/234/234 236/236/236 237/237/237
f 238/238/238 239/239/239 240/240/240
f 238/238/238 240/240/240 241/241/241
f 242/242/242 243/243/243 244/244/244
f 242/242/242 244/244/244 245/245/245
f 246/246/246 247/247/247 248/248/248
f 246/246/246 248/248/248 249/249/249
f 250/250/250 251/251/251 252/252/252
f 250/250/250 252/252/252 253/253/253
f 254/254/254 255/255/255 256/256/256
f 254/254/254 256/256/256 257/257/257
f 258/258/258 259/259/259 260/260/260
f 258/258/258 260/260/260 261/261/261
f 262/262/262 263/263/263 264/264/264
f 262/262/262 264/264/264 265/265/265
f 266/266/266 267/267/267 268/268/268
f 266/266/266 268/268/268 269/269/269
f 270/270/270 271/271/271 272/272/272
f 270/270/270 272/272/272 273/273/273
f 274/274/274 275/275/275 276/276/276
f 274/274/274 276/276/276 277/277/277
f 278/278/278 279/279/279 280/280/280
f 278/278/278 281/281/281 279/279/279
f 282/282/282 283/283/283 284/284/284
f 285/285/285 283/283/283 282/282/282
f 285/285/285 286/286/286 283/283/283
f 282/282/282 287/287/287 285/285/285
f 288/288/288 286/286/286 285/285/285
f 289/289/289 287/287/287 282/282/282
f 288/288/288 290/290/290 286/286/286
f 286/286/286 290/290/290 291/291/291
f 290/290/290 288/288/288 292/292/292
f 292/292/292 288/288/288 293/293/293
f 292/292/292 293/293/293 294/294/294
f 294/294/294 293/293/293 287/287/287
f 292/292/292 294/294/294 295/295/295
f 294/294/294 287/287/287 296/296/296
f 287/287/287 289/289/289 296/296/296
f 296/296/296 289/289/289 297/297/297
f 298/298/298 299/299/299 300/300/300
f 298/298/298 300/300/300 301/301/301
f 302/302/302 303/303/303 304/304/304
f 302/302/302 304/304/304 305/305/305
f 306/306/306 307/307/307 308/308/308
f 306/306/306 309/309/309 307/307/307
f 310/310/310 311/311/311 312/312/312
f 310/310/310 312/312/312 313/313/313
f 314/314/314 315/315/315 316/316/316
f 314/314/314 317/317/317 315/315/315
f 318/318/318 319/319/319 320/320/320
f 318/318/318 321/321/321 319/319/319
f 322/322/322 323/323/323 324/324/324
f 322/322/322 324/324/324 325/325/325
f 326/326/326 327/327/327 328/328/328
f 326/326/326 328/328/328 329/329/329
f 330/330/330 331/331/331 332/332/332
f 330/330/330 332/332/332 333/333/333
f 334/334/334 335/335/335 336/336/336
f 334/334/334 336/336/336 337/337/337
f 338/338/338 339/339/339 340/340/340
f 338/338/338 340/340/340 341/341/341
f 342/342/342 343/343/343 344/344/344
f 342/342/342 344/344/344 345/345/345
f 346/346/346 347/347/347 348/348/348
f 346/346/346 348/348/348 349/349/349
f 350/350/350 351/351/351 352/352/352
f 350/350/350 352/352/352 353/353/353
f 354/354/354 355/355/355 356/356/356
f 354/354/354 356/356/356 357/357/357
f 358/358/358 359/359/359 360/360/360
f 358/358/358 360/360/360 361/361/361
f 362/362/362 363/363/363 364/364/364
f 362/362/362 364/364/364 365/365/365
f 366/366/366 367/367/367 368/368/368
f 366/366/366 368/368/368 369/369/369
f 370/370/370 371/371/371 372/372/372
f 370/370/370 373/373/373 371/371/371
f 374/374/374 375/375/375 376/376/376
f 374/374/374 376/376/376 377/377/377
f 378/378/378 379/379/379 380/380/380
f 378/378/378 380/380/380 381/381/381
f 382/382/382 383/383/383 384/384/384
f 382/382/382 384/384/384 385/385/385
f 386/386/386 387/387/387 388/388/388
f 386/386/386 388/388/388 389/389/389
f 390/390/390 391/391/391 392/392/392
f 390/390/390 392/392/392 393/393/393
f 394/394/394 395/395/395 396/396/396
f 394/394/394 396/396/396 397/397/397
f 398/398/398 399/399/399 400/400/400
f 398/398/398 400/400/400 401/401/401
f 402/402/402 403/403/403 404/404/404
f 402/402/402 404/404/404 405/405/405
f 406/406/406 407/407/407 408/408/408
f 406/406/406 408/408/408 409/409/409
f 410/410/410 411/411/411 412/412/412
f 410/410/410 412/412/412 413/413/413
f 414/414/414 415/415/415 416/416/416
f 414/414/414 416/416/416 417/417/417
f 418/418/418 419/419/419 420/420/420
f 418/418/418 420/420/420 421/421/421
f 422/422/422 423/423/423 424/424/424
f 422/422/422 424/424/424 425/425/425
f 426/426/426 427/427/427 428/428/428
f 426/426/426 428/428/428 429/429/429
f 430/430/430 431/431/431 432/432/432
f 430/430/430 432/432/432 433/433/433
f 434/434/434 435/435/435 436/436/436
f 434/434/434 437/437/437 435/435/435
f 438/438/438 439/439/439 440/440/440
f 438/438/438 441/441/441 439/439/439
f 442/442/442 443/443/443 444/444/444
f 442/442/442 444/444/444 445/445/445
f 446/446/446 447/447/447 448/448/448
f 446/446/446 448/448/448 449/449/449
f 450/450/450 451/451/451 452/452/452
f 450/450/450 452/452/452 453/453/453
f 454/454/454 455/455/455 456/456/456
f 454/454/454 456/456/456 457/457/457
f 454/454/454 457/457/457 458/458/458
f 454/454/454 458/458/458 459/459/459
f 460/460/460 461/461/461 462/462/462
f 463/463/463 460/460/460 462/462/462
f 463/463/463 464/464/464 460/460/460
f 464/464/464 465/465/465 460/460/460
f 466/466/466 467/467/467 468/468/468
f 466/466/466 468/468/468 469/469/469
f 470/470/470 471/471/471 472/472/472
f 470/470/470 472/472/472 473/473/473
f 474/474/474 475/475/475 476/476/476
f 474/474/474 476/476/476 477/477/477
f 478/478/478 474/474/474 477/477/477
f 478/478/478 477/477/477 479/479/479
f 480/480/480 481/481/481 482/482/482
f 480/480/480 482/482/482 483/483/483
f 484/484/484 480/480/480 483/483/483
f 484/484/484 483/483/483 485/485/485
f 486/486/486 487/487/487 488/488/488
f 486/486/486 488/488/488 489/489/489
f 489/489/489 488/488/488 490/490/490
f 489/489/489 490/490/490 491/491/491
f 492/492/492 493/493/493 494/494/494
f 492/492/492 494/494/494 495/495/495
f 495/495/495 494/494/494 496/496/496
f 495/495/495 496/496/496 497/497/497
f 498/498/498 499/499/499 500/500/500
f 498/498/498 500/500/500 501/501/501
f 502/502/502 503/503/503 504/504/504
f 502/502/502 504/504/504 505/505/505
f 506/506/506 507/507/507 508/508/508
f 506/506/506 508/508/508 509/509/509
f 510/510/510 511/511/511 512/512/512
f 510/510/510 512/512/512 513/513/513
f 514/514/514 515/515/515 516/516/516
f 514/514/514 516/516/516 517/517/517
f 518/518/518 519/519/519 520/520/520
f 518/518/518 520/520/520 521/521/521
f 522/522/522 523/523/523 524/524/524
f 522/522/522 524/524/524 525/525/525
f 526/526/526 522/522/522 525/525/525
f 526/526/526 525/525/525 527/527/527
f 528/528/528 529/529/529 530/530/530
f 528/528/528 530/530/530 531/531/531
f 532/532/532 531/531/531 530/530/530
f 532/532/532 530/530/530 533/533/533
f 534/534/534 535/535/535 536/536/536
f 534/534/534 536/536/536 537/537/537
f 538/538/538 537/537/537 536/536/536
f 538/538/538 536/536/536 539/539/539
f 540/540/540 541/541/541 542/542/542
f 540/540/540 542/542/542 543/543/543
f 544/544/544 540/540/540 543/543/543
f 544/544/544 543/543/543 545/545/545
f 546/546/546 547/547/547 548/548/548
f 546/546/546 549/549/549 547/547/547
f 550/550/550 551/551/551 552/552/552
f 553/553/553 551/551/551 550/550/550
f 553/553/553 554/554/554 551/551/551
f 555/555/555 554/554/554 553/553/553
f 556/556/556 554/554/554 555/555/555
f 557/557/557 554/554/554 556/556/556
f 558/558/558 559/559/559 560/560/560
f 558/558/558 561/561/561 559/559/559
f 562/562/562 563/563/563 564/564/564
f 562/562/562 564/564/564 565/565/565
f 566/566/566 567/567/567 568/568/568
f 566/566/566 569/569/569 567/567/567
f 570/570/570 571/571/571 572/572/572
f 570/570/570 573/573/573 571/571/571
f 574/574/574 575/575/575 576/576/576
f 574/574/574 576/576/576 577/577/577
f 578/578/578 579/579/579 580/580/580
f 581/581/581 579/579/579 578/578/578
f 581/581/581 582/582/582 579/579/579
f 583/583/583 582/582/582 581/581/581
f 584/584/584 582/582/582 583/583/583
f 585/585/585 582/582/582 584/584/584
f 586/586/586 587/587/587 588/588/588
f 586/586/586 589/589/589 587/587/587
f 590/590/590 591/591/591 592/592/592
f 593/593/593 591/591/591 590/590/590
f 593/593/593 594/594/594 591/591/591
f 595/595/595 594/594/594 593/593/593
f 596/596/596 594/594/594 595/595/595
f 597/597/597 594/594/594 596/596/596
f 598/598/598 599/599/599 600/600/600
f 598/598/598 601/601/601 599/599/599
f 602/602/602 603/603/603 604/604/604
f 602/602/602 604/604/604 605/605/605
f 606/606/606 607/607/607 608/608/608
f 606/606/606 609/609/609 607/607/607
f 610/610/610 611/611/611 612/612/612
f 610/610/610 613/613/613 611/611/611
f 614/614/614 615/615/615 616/616/616
f 614/614/614 616/616/616 617/617/617
f 618/618/618 619/619/619 620/620/620
f 621/621/621 619/619/619 618/618/618
f 621/621/621 622/622/622 619/619/619
f 623/623/623 622/622/622 621/621/621
f 624/624/624 622/622/622 623/623/623
f 625/625/625 622/622/622 624/624/624
f 626/626/626 627/627/627 628/628/628
f 626/626/626 628/628/628 629/629/629
f 630/630/630 631/631/631 632/632/632
f 630/630/630 632/632/632 633/633/633
f 634/634/634 635/635/635 636/636/636
f 634/634/634 636/636/636 637/637/637
f 638/638/638 639/639/639 640/640/640
f 638/638/638 640/640/640 641/641/641
f 642/642/642 643/643/643 644/644/644
f 642/642/642 644/644/644 645/645/645
f 646/646/646 647/647/647 648/648/648
f 646/646/646 648/648/648 649/649/649
f 650/650/650 651/651/651 652/652/652
f 650/650/650 652/652/652 653/653/653
f 654/654/654 655/655/655 656/656/656
f 654/654/654 657/657/657 655/655/655
f 657/657/657 658/658/658 655/655/655
f 657/657/657 659/659/659 658/658/658
f 657/657/657 660/660/660 659/659/659
f 660/660/660 657/657/657 661/661/661
f 660/660/660 661/661/661 662/662/662
f 663/663/663 664/664/664 665/665/665
f 664/664/664 663/663/663 666/666/666
f 664/664/664 666/666/666 667/667/667
f 668/668/668 669/669/669 670/670/670
f 668/668/668 670/670/670 671/671/671
f 672/672/672 673/673/673 674/674/674
f 672/672/672 674/674/674 675/675/675
f 676/676/676 677/677/677 678/678/678
f 676/676/676 678/678/678 679/679/679
f 680/680/680 681/681/681 682/682/682
f 680/680/680 682/682/682 683/683/683
f 684/684/684 685/685/685 686/686/686
f 684/684/684 686/686/686 687/687/687
f 688/688/688 689/689/689 690/690/690
f 688/688/688 690/690/690 691/691/691
f 692/692/692 693/693/693 694/694/694
f 692/692/692 694/694/694 695/695/695
f 696/696/696 697/697/697 698/698/698
f 696/696/696 698/698/698 699/699/699
f 700/700/700 701/701/701 702/702/702
f 700/700/700 702/702/702 703/703/703
f 704/704/704 705/705/705 706/706/706
f 704/704/704 707/707/707 705/705/705
f 704/704/704 706/706/706 708/708/708
f 704/704/704 709/709/709 707/707/707
f 710/710/710 708/708/708 706/706/706
f 709/709/709 711/711/711 707/707/707
f 709/709/709 710/710/710 711/711/711
f 710/710/710 706/706/706 711/711/711
f 712/712/712 713/713/713 714/714/714
f 712/712/712 714/714/714 715/715/715
f 716/716/716 713/713/713 712/712/712
f 712/712/712 715/715/715 717/717/717
f 716/716/716 718/718/718 713/713/713
f 719/719/719 717/717/717 715/715/715
f 718/718/718 717/717/717 719/719/719
f 718/718/718 719/719/719 713/713/713
f 720/720/720 721/721/721 722/722/722
f 722/722/722 721/721/721 723/723/723
f 724/724/724 721/721/721 720/720/720
f 723/723/723 721/721/721 725/725/725
f 724/724/724 720/720/720 726/726/726
f 725/725/725 726/726/726 723/723/723
f 726/726/726 727/727/727 724/724/724
f 727/727/727 726/726/726 725/725/725
f 728/728/728 729/729/729 730/730/730
f 731/731/731 728/728/728 730/730/730
f 729/729/729 728/728/728 732/732/732
f 733/733/733 728/728/728 731/731/731
f 729/729/729 732/732/732 734/734/734
f 733/733/733 731/731/731 735/735/735
f 732/732/732 735/735/735 734/734/734
f 735/735/735 731/731/731 734/734/734
f 736/736/736 737/737/737 738/738/738
f 736/736/736 738/738/738 739/739/739
