# Unturned item rip -> Godot (X+Z negated, winding reversed, RH Y-up)
v -0.272269 -0.043049 0.145692
v -0.167640 -0.140676 0.128595
v -0.167640 -0.043049 0.145692
v -0.272269 -0.254662 0.109733
v 0.167640 -0.140676 0.128595
v 0.272269 -0.254662 0.109733
v 0.272269 -0.043049 0.145692
v 0.167640 -0.043049 0.145692
v -0.188233 -0.114141 -0.198555
v -0.188575 -0.036909 -0.216047
v -0.238525 -0.049344 -0.207738
v -0.238301 -0.109761 -0.194417
v -0.116903 -0.264385 0.096529
v -0.168039 -0.264385 0.096529
v -0.175305 -0.219029 0.120927
v -0.104198 -0.219029 0.120927
v -0.299334 -0.093896 0.104343
v -0.301393 0.002206 0.101437
v -0.252849 0.011590 0.117087
v -0.250445 -0.100664 0.120482
v -0.286987 0.171777 -0.006651
v -0.253943 0.250723 -0.084467
v -0.253941 0.266435 -0.043571
v -0.286990 0.147990 -0.039288
v -0.281370 0.105520 0.073550
v -0.281368 0.140664 0.109932
v -0.271503 0.106353 0.223552
v -0.271501 0.136773 0.248230
v -0.272267 0.075756 0.288652
v -0.272269 0.063081 0.251591
v -0.272269 -0.009797 0.241531
v -0.272267 -0.033748 0.278406
v -0.272267 -0.068868 0.179930
v -0.272269 -0.043049 0.145692
v -0.272269 -0.254662 0.109733
v -0.272267 -0.249979 0.147554
v -0.028564 -0.257906 -0.191588
v -0.080405 -0.257906 -0.191588
v -0.079882 -0.306879 -0.023231
v -0.028042 -0.306879 -0.023231
v -0.028564 -0.264385 0.096529
v -0.079360 -0.264385 0.096529
v -0.167638 -0.033748 0.278406
v -0.272267 -0.033748 0.278406
v -0.272267 0.075756 0.288652
v -0.167638 0.075756 0.288652
v -0.271501 0.136773 0.248230
v -0.166873 0.136773 0.248230
v -0.166873 0.140664 0.109932
v -0.281368 0.140664 0.109932
v -0.183870 0.171777 -0.006651
v -0.286987 0.171777 -0.006651
v -0.253941 0.266435 -0.043571
v -0.000000 0.276816 -0.047558
v -0.000000 0.188016 -0.012250
v 0.183870 0.171777 -0.006651
v 0.253941 0.266435 -0.043571
v 0.286987 0.171777 -0.006651
v 0.281368 0.140664 0.109932
v 0.166873 0.140664 0.109932
v 0.271501 0.136773 0.248230
v 0.166873 0.136773 0.248230
v 0.167638 0.075756 0.288652
v 0.272267 0.075756 0.288652
v 0.272267 -0.033748 0.278406
v 0.167638 -0.033748 0.278406
v -0.183870 0.171777 -0.006651
v -0.183872 0.147990 -0.039288
v -0.166875 0.105520 0.073550
v -0.166873 0.140664 0.109932
v -0.166875 0.106353 0.223552
v -0.166873 0.136773 0.248230
v -0.167638 0.075756 0.288652
v -0.167640 0.063081 0.251591
v -0.167640 -0.009796 0.241531
v -0.167638 -0.033748 0.278406
v -0.167638 -0.068868 0.179930
v -0.167640 -0.043049 0.145692
v -0.167640 -0.140676 0.128595
v -0.167638 -0.158232 0.163904
v -0.256032 -0.268821 -0.033418
v -0.194629 -0.232584 -0.171979
v -0.194629 -0.024386 -0.217727
v -0.269646 0.161669 -0.112181
v -0.206120 0.199798 -0.182353
v -0.241591 0.245343 -0.055603
v -0.269646 0.152875 -0.013121
v -0.256035 -0.058443 0.172112
v -0.256035 -0.225748 0.142272
v -0.262840 0.128503 0.109932
v -0.256035 0.048409 0.272535
v -0.256035 -0.027119 0.265467
v -0.256035 0.120268 0.248230
v 0.217439 0.029690 -0.130015
v 0.240974 0.026642 -0.176018
v 0.289647 0.027036 -0.153708
v 0.266112 0.030084 -0.107705
v 0.285528 -0.126758 -0.144441
v 0.236856 -0.127152 -0.166750
v 0.213320 -0.124104 -0.120747
v 0.261993 -0.123710 -0.098437
v 0.166875 0.105520 0.073550
v 0.166875 0.106353 0.223552
v 0.271503 0.106353 0.223552
v 0.281370 0.105520 0.073550
v 0.183872 0.147990 -0.039288
v 0.286990 0.147990 -0.039288
v 0.253943 0.250723 -0.084467
v -0.000000 0.261104 -0.088455
v -0.000000 0.171966 -0.049709
v -0.183872 0.147990 -0.039288
v -0.253943 0.250723 -0.084467
v -0.286990 0.147990 -0.039288
v -0.281370 0.105520 0.073550
v -0.166875 0.105520 0.073550
v -0.271503 0.106353 0.223552
v -0.166875 0.106353 0.223552
v 0.028564 -0.264385 0.096529
v 0.079360 -0.264385 0.096529
v 0.079882 -0.306879 -0.023231
v 0.028042 -0.306879 -0.023231
v 0.028564 -0.257906 -0.191588
v 0.080405 -0.257906 -0.191588
v -0.109731 0.272310 -0.085657
v -0.132003 0.215610 -0.068897
v -0.127804 0.196980 -0.150725
v -0.109731 0.248570 -0.165975
v -0.190659 0.251894 -0.098974
v -0.196460 0.228538 -0.070326
v -0.210011 0.199798 -0.165260
v -0.204210 0.208892 -0.201139
v -0.207432 -0.010343 -0.178915
v -0.200166 -0.021125 -0.228002
v -0.202541 -0.213773 -0.138067
v -0.195275 -0.257906 -0.178953
v -0.183542 -0.306879 -0.014639
v -0.190808 -0.262101 0.013154
v -0.168039 -0.264385 0.096529
v -0.175305 -0.219029 0.120927
v -0.085890 0.251894 -0.108439
v -0.086575 0.208892 -0.214333
v -0.034735 0.208892 -0.217293
v -0.035094 0.251894 -0.102865
v -0.085890 0.251894 -0.108439
v -0.095135 0.228538 -0.080614
v -0.097057 0.199798 -0.176394
v -0.086575 0.208892 -0.214333
v -0.092836 -0.010343 -0.189677
v -0.078802 -0.021125 -0.244593
v -0.092942 -0.213773 -0.148568
v -0.080405 -0.257906 -0.191588
v -0.079882 -0.306879 -0.023231
v -0.089961 -0.262101 0.002927
v -0.079360 -0.264385 0.096529
v -0.089279 -0.219029 0.120927
v -0.272267 -0.033748 0.278406
v -0.167638 -0.068868 0.179930
v -0.272267 -0.068868 0.179930
v -0.167638 -0.033748 0.278406
v -0.078802 -0.021125 -0.244593
v -0.080405 -0.257906 -0.191588
v -0.028564 -0.257906 -0.191588
v -0.026961 -0.021125 -0.247553
v -0.034735 0.208892 -0.217293
v -0.086575 0.208892 -0.214333
v -0.190659 0.251894 -0.098974
v -0.204210 0.208892 -0.201139
v -0.153074 0.208892 -0.209730
v -0.139523 0.251894 -0.098974
v -0.167640 0.063081 0.251591
v -0.166875 0.106353 0.223552
v -0.271503 0.106353 0.223552
v -0.272269 0.063081 0.251591
v -0.167640 -0.009796 0.241531
v -0.272269 -0.009797 0.241531
v -0.248227 -0.011190 -0.085688
v -0.277599 -0.022186 -0.093289
v -0.238525 -0.049344 -0.207738
v -0.188575 -0.036909 -0.216047
v -0.180895 -0.282007 -0.060865
v -0.177128 -0.259562 -0.136472
v -0.236880 -0.257201 -0.129086
v -0.254425 -0.274109 -0.069314
v 0.183870 0.171777 -0.006651
v 0.183872 0.147990 -0.039288
v -0.000000 0.171966 -0.049709
v -0.000000 0.188016 -0.012250
v -0.183870 0.171777 -0.006651
v -0.183872 0.147990 -0.039288
v 0.248226 -0.011190 -0.085688
v 0.188574 -0.036909 -0.216047
v 0.238523 -0.049344 -0.207738
v 0.277598 -0.022186 -0.093289
v 0.167638 -0.158232 0.163904
v -0.167638 -0.158232 0.163904
v -0.167640 -0.140676 0.128595
v 0.167640 -0.140676 0.128595
v 0.272267 -0.068868 0.179930
v 0.272269 -0.254662 0.109733
v 0.272267 -0.249979 0.147554
v 0.272269 -0.043049 0.145692
v 0.272269 -0.009797 0.241531
v 0.272267 -0.033748 0.278406
v 0.272267 0.075756 0.288652
v 0.272269 0.063081 0.251591
v 0.271503 0.106353 0.223552
v 0.271501 0.136773 0.248230
v 0.281368 0.140664 0.109932
v 0.281370 0.105520 0.073550
v 0.286987 0.171777 -0.006651
v 0.286990 0.147990 -0.039288
v 0.253943 0.250723 -0.084467
v 0.253941 0.266435 -0.043571
v 0.256035 0.120268 0.248230
v 0.183869 0.120268 0.248230
v 0.183869 0.128503 0.109932
v 0.262840 0.128503 0.109932
v 0.183869 0.152875 -0.013121
v 0.269646 0.152875 -0.013121
v 0.241591 0.245343 -0.055603
v -0.000000 0.245343 -0.055603
v -0.000000 0.059224 -0.055603
v 0.183869 -0.139416 -0.048460
v -0.183869 -0.139416 -0.048460
v -0.183869 0.152875 -0.013121
v -0.241591 0.245343 -0.055603
v -0.269646 0.152875 -0.013121
v -0.262840 0.128503 0.109932
v -0.183869 0.128503 0.109932
v -0.256035 0.120268 0.248230
v -0.183869 0.120268 0.248230
v 0.240974 0.026642 -0.176018
v 0.236856 -0.127152 -0.166750
v 0.285528 -0.126758 -0.144441
v 0.289647 0.027036 -0.153708
v 0.183870 0.171777 -0.006651
v 0.166875 0.105520 0.073550
v 0.183872 0.147990 -0.039288
v 0.166873 0.140664 0.109932
v 0.166875 0.106353 0.223552
v 0.166873 0.136773 0.248230
v 0.167638 0.075756 0.288652
v 0.167640 0.063081 0.251591
v 0.167640 -0.009796 0.241531
v 0.167638 -0.033748 0.278406
v 0.167638 -0.068868 0.179930
v 0.167640 -0.043049 0.145692
v 0.167640 -0.140676 0.128595
v 0.167638 -0.158232 0.163904
v 0.256032 -0.268821 -0.033418
v 0.194629 -0.024386 -0.217727
v 0.194629 -0.232584 -0.171979
v 0.269646 0.161669 -0.112181
v 0.206120 0.199798 -0.182353
v 0.241591 0.245343 -0.055603
v 0.269646 0.152875 -0.013121
v 0.256035 -0.058443 0.172112
v 0.256035 -0.225748 0.142272
v 0.262840 0.128503 0.109932
v 0.256035 0.048409 0.272535
v 0.256035 -0.027119 0.265467
v 0.256035 0.120268 0.248230
v 0.167640 -0.043049 0.145692
v 0.272269 -0.009797 0.241531
v 0.167640 -0.009796 0.241531
v 0.272269 -0.043049 0.145692
v -0.000000 0.282305 -0.088611
v -0.109731 0.272310 -0.085657
v -0.109731 0.248570 -0.165975
v -0.000000 0.258564 -0.168929
v 0.109731 0.248570 -0.165975
v 0.109731 0.272310 -0.085657
v -0.233404 0.067284 -0.088865
v -0.281376 0.081992 -0.122485
v -0.284050 0.133658 -0.114601
v -0.237269 0.141968 -0.077469
v 0.299333 -0.093896 0.104343
v 0.250444 -0.100664 0.120482
v 0.252849 0.011590 0.117087
v 0.301392 0.002206 0.101437
v 0.109731 0.272310 -0.085657
v 0.109731 0.248570 -0.165975
v 0.127804 0.196980 -0.150725
v 0.132003 0.215610 -0.068897
v 0.035094 0.251894 -0.102865
v 0.024500 0.228538 -0.072863
v 0.025060 0.199798 -0.179782
v 0.034735 0.208892 -0.217293
v 0.019773 -0.010343 -0.201768
v 0.026961 -0.021125 -0.247553
v 0.019880 -0.213773 -0.160659
v 0.028564 -0.257906 -0.191588
v 0.028042 -0.306879 -0.023231
v 0.017963 -0.262101 -0.000460
v 0.028564 -0.264385 0.096529
v 0.018645 -0.219029 0.120927
v 0.190659 0.251894 -0.098974
v 0.210011 0.199798 -0.165260
v 0.196460 0.228538 -0.070326
v 0.204210 0.208892 -0.201139
v 0.207432 -0.010343 -0.178915
v 0.200166 -0.021125 -0.228002
v 0.202541 -0.213773 -0.138067
v 0.195275 -0.257906 -0.178953
v 0.183542 -0.306879 -0.014639
v 0.190808 -0.262101 0.013154
v 0.168039 -0.264385 0.096529
v 0.175305 -0.219029 0.120927
v 0.085890 0.251894 -0.108439
v 0.035094 0.251894 -0.102865
v 0.034735 0.208892 -0.217293
v 0.086575 0.208892 -0.214333
v 0.085890 0.251894 -0.108439
v 0.097057 0.199798 -0.176394
v 0.095135 0.228538 -0.080614
v 0.086575 0.208892 -0.214333
v 0.092836 -0.010343 -0.189677
v 0.078802 -0.021125 -0.244593
v 0.092942 -0.213773 -0.148568
v 0.080405 -0.257906 -0.191588
v 0.079882 -0.306879 -0.023231
v 0.089961 -0.262101 0.002927
v 0.079360 -0.264385 0.096529
v 0.089279 -0.219029 0.120927
v 0.200166 -0.021125 -0.228002
v 0.204210 0.208892 -0.201139
v 0.153074 0.208892 -0.209730
v 0.149030 -0.021125 -0.236594
v 0.144139 -0.257906 -0.187545
v 0.195275 -0.257906 -0.178953
v 0.132406 -0.306879 -0.023231
v 0.116903 -0.264385 0.096529
v 0.168039 -0.264385 0.096529
v 0.183542 -0.306879 -0.014639
v 0.195275 -0.257906 -0.178953
v 0.144139 -0.257906 -0.187545
v 0.139523 0.251894 -0.098974
v 0.125353 0.228538 -0.070326
v 0.138904 0.199798 -0.176473
v 0.153074 0.208892 -0.209730
v 0.136325 -0.010343 -0.198889
v 0.149030 -0.021125 -0.236594
v 0.131434 -0.213773 -0.158042
v 0.144139 -0.257906 -0.187545
v 0.132406 -0.306879 -0.023231
v 0.119701 -0.262101 0.001941
v 0.116903 -0.264385 0.096529
v 0.104198 -0.219029 0.120927
v 0.190659 0.251894 -0.098974
v 0.139523 0.251894 -0.098974
v 0.153074 0.208892 -0.209730
v 0.204210 0.208892 -0.201139
v -0.028564 -0.264385 0.096529
v -0.079360 -0.264385 0.096529
v -0.089279 -0.219029 0.120927
v -0.018645 -0.219029 0.120927
v 0.078802 -0.021125 -0.244593
v 0.086575 0.208892 -0.214333
v 0.034735 0.208892 -0.217293
v 0.026961 -0.021125 -0.247553
v 0.028564 -0.257906 -0.191588
v 0.080405 -0.257906 -0.191588
v -0.299334 -0.093896 0.104343
v -0.250445 -0.100664 0.120482
v -0.249187 -0.159378 0.011712
v -0.306786 -0.144326 0.011224
v -0.285967 -0.099860 -0.088114
v -0.236549 -0.105573 -0.100451
v -0.236880 -0.257201 -0.129086
v -0.177128 -0.259562 -0.136472
v -0.252701 -0.068643 -0.065133
v -0.282859 -0.080228 -0.063549
v -0.253996 0.065131 0.004924
v -0.252849 0.011590 0.117087
v -0.301393 0.002206 0.101437
v -0.310903 0.047879 0.005412
v -0.291017 -0.000394 -0.091124
v -0.252739 0.006416 -0.103845
v -0.285967 -0.099860 -0.088114
v -0.291017 -0.000394 -0.091124
v -0.310903 0.047879 0.005412
v -0.306786 -0.144326 0.011224
v -0.301393 0.002206 0.101437
v -0.299334 -0.093896 0.104343
v -0.238301 -0.109761 -0.194417
v -0.277376 -0.082602 -0.079968
v -0.247886 -0.088422 -0.068196
v -0.188233 -0.114141 -0.198555
v -0.254425 -0.274109 -0.069314
v -0.236880 -0.257201 -0.129086
v -0.282859 -0.080228 -0.063549
v -0.289697 -0.104635 -0.007069
v -0.254425 -0.274109 -0.069314
v -0.289697 -0.104635 -0.007069
v -0.261402 -0.099469 0.007343
v -0.180895 -0.282007 -0.060865
v -0.285967 -0.099860 -0.088114
v -0.236549 -0.105573 -0.100451
v -0.252739 0.006416 -0.103845
v -0.291017 -0.000394 -0.091124
v 0.236879 -0.257201 -0.129086
v 0.282858 -0.080228 -0.063549
v 0.252700 -0.068643 -0.065133
v 0.177127 -0.259562 -0.136472
v 0.238300 -0.109761 -0.194417
v 0.247885 -0.088422 -0.068196
v 0.277375 -0.082602 -0.079968
v 0.188232 -0.114141 -0.198555
v 0.254424 -0.274109 -0.069314
v 0.282858 -0.080228 -0.063549
v 0.236879 -0.257201 -0.129086
v 0.289696 -0.104635 -0.007069
v 0.254424 -0.274109 -0.069314
v 0.261401 -0.099469 0.007343
v 0.289696 -0.104635 -0.007069
v 0.180894 -0.282007 -0.060865
v 0.285966 -0.099860 -0.088114
v 0.291016 -0.000394 -0.091124
v 0.252738 0.006416 -0.103845
v 0.236548 -0.105573 -0.100451
v 0.272269 -0.009797 0.241531
v 0.167640 0.063081 0.251591
v 0.167640 -0.009796 0.241531
v 0.272269 0.063081 0.251591
v 0.271503 0.106353 0.223552
v 0.166875 0.106353 0.223552
v -0.167638 -0.068868 0.179930
v -0.167638 -0.158232 0.163904
v -0.272267 -0.068868 0.179930
v -0.272267 -0.249979 0.147554
v 0.272267 -0.249979 0.147554
v 0.167638 -0.158232 0.163904
v 0.272267 -0.068868 0.179930
v 0.167638 -0.068868 0.179930
v -0.197769 0.079108 -0.155516
v -0.201634 0.153792 -0.144119
v -0.259397 0.141839 -0.160710
v -0.256723 0.090172 -0.168594
v 0.277375 -0.082602 -0.079968
v 0.277598 -0.022186 -0.093289
v 0.238523 -0.049344 -0.207738
v 0.238300 -0.109761 -0.194417
v -0.256035 -0.027119 0.265467
v -0.183869 -0.027119 0.265467
v -0.183869 -0.058443 0.172112
v -0.256035 -0.058443 0.172112
v -0.196460 0.228538 -0.070326
v -0.190659 0.251894 -0.098974
v -0.139523 0.251894 -0.098974
v -0.125353 0.228538 -0.070326
v 0.217439 0.029690 -0.130015
v 0.266112 0.030084 -0.107705
v 0.261993 -0.123710 -0.098437
v 0.213320 -0.124104 -0.120747
v -0.281376 0.081992 -0.122485
v -0.256723 0.090172 -0.168594
v -0.259397 0.141839 -0.160710
v -0.284050 0.133658 -0.114601
v 0.266112 0.030084 -0.107705
v 0.289647 0.027036 -0.153708
v 0.285528 -0.126758 -0.144441
v 0.261993 -0.123710 -0.098437
v 0.183869 -0.162119 0.153549
v -0.183869 -0.162119 0.153549
v -0.183869 -0.139416 -0.048460
v 0.183869 -0.139416 -0.048460
v -0.259397 0.141839 -0.160710
v -0.201634 0.153792 -0.144119
v -0.237269 0.141968 -0.077469
v -0.284050 0.133658 -0.114601
v 0.180894 -0.282007 -0.060865
v 0.254424 -0.274109 -0.069314
v 0.236879 -0.257201 -0.129086
v 0.177127 -0.259562 -0.136472
v 0.272267 -0.033748 0.278406
v 0.272267 -0.068868 0.179930
v 0.167638 -0.068868 0.179930
v 0.167638 -0.033748 0.278406
v -0.035094 0.251894 -0.102865
v -0.025060 0.199798 -0.179782
v -0.024500 0.228538 -0.072863
v -0.034735 0.208892 -0.217293
v -0.019773 -0.010343 -0.201768
v -0.026961 -0.021125 -0.247553
v -0.019880 -0.213773 -0.160659
v -0.028564 -0.257906 -0.191588
v -0.028042 -0.306879 -0.023231
v -0.017963 -0.262101 -0.000460
v -0.028564 -0.264385 0.096529
v -0.018645 -0.219029 0.120927
v -0.183869 -0.027119 0.265467
v -0.256035 -0.027119 0.265467
v -0.256035 0.048409 0.272535
v -0.183869 0.048409 0.272535
v -0.183869 0.120268 0.248230
v -0.256035 0.120268 0.248230
v -0.233404 0.067284 -0.088865
v -0.197769 0.079108 -0.155516
v -0.256723 0.090172 -0.168594
v -0.281376 0.081992 -0.122485
v 0.272267 -0.249979 0.147554
v 0.272269 -0.254662 0.109733
v -0.272269 -0.254662 0.109733
v -0.272267 -0.249979 0.147554
v -0.132406 -0.306879 -0.023231
v -0.168039 -0.264385 0.096529
v -0.116903 -0.264385 0.096529
v -0.183542 -0.306879 -0.014639
v -0.195275 -0.257906 -0.178953
v -0.144139 -0.257906 -0.187545
v -0.139523 0.251894 -0.098974
v -0.138904 0.199798 -0.176473
v -0.125353 0.228538 -0.070326
v -0.153074 0.208892 -0.209730
v -0.136325 -0.010343 -0.198889
v -0.149030 -0.021125 -0.236594
v -0.131434 -0.213773 -0.158042
v -0.144139 -0.257906 -0.187545
v -0.132406 -0.306879 -0.023231
v -0.119701 -0.262101 0.001941
v -0.116903 -0.264385 0.096529
v -0.104198 -0.219029 0.120927
v 0.256035 -0.027119 0.265467
v 0.183869 -0.027119 0.265467
v 0.183869 0.048409 0.272535
v 0.256035 0.048409 0.272535
v 0.183869 0.120268 0.248230
v 0.256035 0.120268 0.248230
v 0.188232 -0.114141 -0.198555
v 0.238300 -0.109761 -0.194417
v 0.238523 -0.049344 -0.207738
v 0.188574 -0.036909 -0.216047
v 0.253941 0.266435 -0.043571
v -0.000000 0.261104 -0.088455
v 0.253943 0.250723 -0.084467
v -0.000000 0.276816 -0.047558
v -0.253941 0.266435 -0.043571
v -0.253943 0.250723 -0.084467
v 0.217439 0.029690 -0.130015
v 0.213320 -0.124104 -0.120747
v 0.236856 -0.127152 -0.166750
v 0.240974 0.026642 -0.176018
v 0.196460 0.228538 -0.070326
v 0.125353 0.228538 -0.070326
v 0.139523 0.251894 -0.098974
v 0.190659 0.251894 -0.098974
v 0.306785 -0.144326 0.011224
v 0.299333 -0.093896 0.104343
v 0.301392 0.002206 0.101437
v 0.310902 0.047879 0.005412
v 0.285966 -0.099860 -0.088114
v 0.291016 -0.000394 -0.091124
v 0.132003 0.215610 -0.068897
v -0.000000 0.282305 -0.088611
v 0.109731 0.272310 -0.085657
v -0.132003 0.215610 -0.068897
v -0.109731 0.272310 -0.085657
v -0.000000 0.245343 -0.055603
v 0.206120 0.199798 -0.182353
v 0.241591 0.245343 -0.055603
v -0.206120 0.199798 -0.182353
v -0.241591 0.245343 -0.055603
v -0.167640 -0.043049 0.145692
v -0.167640 -0.009796 0.241531
v -0.272269 -0.009797 0.241531
v -0.272269 -0.043049 0.145692
v 0.183869 -0.058443 0.172112
v 0.183869 -0.027119 0.265467
v 0.256035 -0.027119 0.265467
v 0.256035 -0.058443 0.172112
v -0.277376 -0.082602 -0.079968
v -0.238301 -0.109761 -0.194417
v -0.238525 -0.049344 -0.207738
v -0.277599 -0.022186 -0.093289
v 0.299333 -0.093896 0.104343
v 0.249186 -0.159378 0.011712
v 0.250444 -0.100664 0.120482
v 0.306785 -0.144326 0.011224
v 0.285966 -0.099860 -0.088114
v 0.236548 -0.105573 -0.100451
v -0.194629 -0.232584 -0.171979
v 0.194629 -0.232584 -0.171979
v 0.194629 -0.024386 -0.217727
v -0.194629 -0.024386 -0.217727
v 0.206120 0.199798 -0.182353
v -0.206120 0.199798 -0.182353
v 0.253995 0.065131 0.004924
v 0.301392 0.002206 0.101437
v 0.252849 0.011590 0.117087
v 0.310902 0.047879 0.005412
v 0.291016 -0.000394 -0.091124
v 0.252738 0.006416 -0.103845
v 0.116903 -0.264385 0.096529
v 0.104198 -0.219029 0.120927
v 0.175305 -0.219029 0.120927
v 0.168039 -0.264385 0.096529
v 0.028564 -0.264385 0.096529
v 0.018645 -0.219029 0.120927
v 0.089279 -0.219029 0.120927
v 0.079360 -0.264385 0.096529
v -0.200166 -0.021125 -0.228002
v -0.153074 0.208892 -0.209730
v -0.204210 0.208892 -0.201139
v -0.149030 -0.021125 -0.236594
v -0.144139 -0.257906 -0.187545
v -0.195275 -0.257906 -0.178953
v 0.183869 -0.027119 0.265467
v 0.183869 -0.058443 0.172112
v 0.183869 0.048409 0.272535
v 0.183869 0.128503 0.109932
v 0.183869 0.120268 0.248230
v 0.183869 -0.139416 -0.048460
v 0.183869 0.152875 -0.013121
v 0.183869 -0.162119 0.153549
v 0.256035 -0.058443 0.172112
v 0.183869 -0.162119 0.153549
v 0.183869 -0.058443 0.172112
v 0.256035 -0.225748 0.142272
v -0.183869 -0.162119 0.153549
v -0.256035 -0.225748 0.142272
v -0.256035 -0.058443 0.172112
v -0.183869 -0.058443 0.172112
v -0.183869 -0.162119 0.153549
v -0.183869 -0.058443 0.172112
v -0.183869 -0.139416 -0.048460
v -0.183869 0.128503 0.109932
v -0.183869 0.152875 -0.013121
v -0.183869 0.048409 0.272535
v -0.183869 0.120268 0.248230
v -0.183869 -0.027119 0.265467
v -0.109731 0.248570 -0.165975
v -0.127804 0.196980 -0.150725
v -0.000000 0.258564 -0.168929
v 0.127804 0.196980 -0.150725
v 0.109731 0.248570 -0.165975
v -0.000000 -0.268821 -0.002739
v 0.256032 -0.268821 -0.033418
v 0.194629 -0.232584 -0.171979
v -0.194629 -0.232584 -0.171979
v 0.256035 -0.225748 0.142272
v -0.256032 -0.268821 -0.033418
v -0.256035 -0.225748 0.142272
vt 0.614981055 0.700410366
vt 0.614981115 0.700410366
vt 0.614981115 0.700410366
vt 0.614981055 0.700410366
vt 0.614981055 0.700410366
vt 0.614981055 0.700410366
vt 0.614981115 0.700410366
vt 0.614981115 0.700410366
vt 0.847629249 0.266133904
vt 0.847629249 0.266133904
vt 0.847629189 0.266133904
vt 0.847629249 0.266133904
vt 0.614981115 0.700410366
vt 0.614981115 0.700410366
vt 0.614981055 0.700410366
vt 0.614981115 0.700410366
vt 0.604641199 0.69007045
vt 0.604641199 0.69007045
vt 0.60464114 0.69007045
vt 0.604641199 0.69007045
vt 0.614981055 0.700410366
vt 0.614981115 0.700410366
vt 0.614981115 0.700410366
vt 0.614981115 0.700410366
vt 0.614981115 0.700410366
vt 0.614981055 0.700410366
vt 0.614981115 0.700410366
vt 0.614981115 0.700410366
vt 0.614981055 0.700410366
vt 0.614981115 0.700410366
vt 0.614981055 0.700410366
vt 0.614981055 0.700410366
vt 0.614981055 0.700410366
vt 0.614981055 0.700410366
vt 0.614981055 0.700410366
vt 0.614981115 0.700410366
vt 0.614981115 0.700410366
vt 0.614981115 0.700410366
vt 0.614981055 0.700410366
vt 0.614981115 0.700410366
vt 0.614981055 0.700410366
vt 0.614981115 0.700410366
vt 0.614981115 0.700410366
vt 0.614981115 0.700410366
vt 0.614981115 0.700410366
vt 0.614981055 0.700410366
vt 0.614981115 0.700410366
vt 0.614981115 0.700410366
vt 0.614981115 0.700410366
vt 0.614981115 0.700410366
vt 0.614981115 0.700410366
vt 0.614981115 0.700410366
vt 0.614981055 0.700410366
vt 0.614981055 0.700410366
vt 0.614981055 0.700410366
vt 0.614981055 0.700410366
vt 0.614981115 0.700410366
vt 0.614981115 0.700410366
vt 0.614981115 0.700410366
vt 0.614981115 0.700410366
vt 0.614981055 0.700410366
vt 0.614981115 0.700410366
vt 0.614981055 0.700410366
vt 0.614981115 0.700410366
vt 0.614981115 0.700410366
vt 0.614981055 0.700410366
vt 0.614981055 0.700410366
vt 0.614981115 0.700410366
vt 0.614981115 0.700410366
vt 0.614981115 0.700410366
vt 0.614981055 0.700410366
vt 0.614981055 0.700410366
vt 0.614981055 0.700410366
vt 0.614981055 0.700410366
vt 0.614981115 0.700410366
vt 0.614981055 0.700410366
vt 0.614981055 0.700410366
vt 0.614981115 0.700410366
vt 0.614981115 0.700410366
vt 0.614981115 0.700410366
vt 0.868308961 0.674560606
vt 0.868309021 0.674560606
vt 0.868309021 0.674560606
vt 0.868308961 0.674560606
vt 0.868309021 0.674560606
vt 0.868309021 0.674560606
vt 0.868309021 0.674560606
vt 0.868308961 0.674560606
vt 0.868309021 0.674560606
vt 0.868309021 0.674560606
vt 0.868309021 0.674560606
vt 0.868309021 0.674560606
vt 0.868309021 0.674560606
vt 0.847629249 0.266133904
vt 0.847629249 0.266133904
vt 0.847629189 0.266133904
vt 0.847629249 0.266133904
vt 0.847629249 0.266133904
vt 0.847629249 0.266133904
vt 0.847629189 0.266133904
vt 0.847629249 0.266133904
vt 0.614981115 0.700410366
vt 0.614981115 0.700410366
vt 0.614981055 0.700410366
vt 0.614981115 0.700410366
vt 0.614981115 0.700410366
vt 0.614981115 0.700410366
vt 0.614981115 0.700410366
vt 0.614981055 0.700410366
vt 0.614981115 0.700410366
vt 0.614981055 0.700410366
vt 0.614981115 0.700410366
vt 0.614981115 0.700410366
vt 0.614981115 0.700410366
vt 0.614981115 0.700410366
vt 0.614981055 0.700410366
vt 0.614981115 0.700410366
vt 0.614981115 0.700410366
vt 0.614981115 0.700410366
vt 0.614981055 0.700410366
vt 0.614981115 0.700410366
vt 0.614981055 0.700410366
vt 0.614981115 0.700410366
vt 0.847629189 0.266133904
vt 0.847629249 0.266133904
vt 0.847629249 0.266133904
vt 0.847629249 0.266133904
vt 0.614981055 0.700410366
vt 0.614981115 0.700410366
vt 0.614981115 0.700410366
vt 0.614981115 0.700410366
vt 0.614981115 0.700410366
vt 0.614981115 0.700410366
vt 0.614981055 0.700410366
vt 0.614981115 0.700410366
vt 0.614981115 0.700410366
vt 0.614981055 0.700410366
vt 0.614981115 0.700410366
vt 0.614981115 0.700410366
vt 0.614981055 0.700410366
vt 0.614981115 0.700410366
vt 0.614981115 0.700410366
vt 0.614981115 0.700410366
vt 0.614981055 0.700410366
vt 0.614981115 0.700410366
vt 0.614981115 0.700410366
vt 0.614981115 0.700410366
vt 0.614981115 0.700410366
vt 0.614981055 0.700410366
vt 0.614981055 0.700410366
vt 0.614981115 0.700410366
vt 0.614981115 0.700410366
vt 0.614981115 0.700410366
vt 0.614981115 0.700410366
vt 0.614981115 0.700410366
vt 0.614981115 0.700410366
vt 0.614981055 0.700410366
vt 0.614981115 0.700410366
vt 0.614981115 0.700410366
vt 0.614981055 0.700410366
vt 0.614981115 0.700410366
vt 0.614981115 0.700410366
vt 0.614981115 0.700410366
vt 0.614981055 0.700410366
vt 0.614981115 0.700410366
vt 0.614981055 0.700410366
vt 0.614981115 0.700410366
vt 0.614981115 0.700410366
vt 0.614981115 0.700410366
vt 0.614981115 0.700410366
vt 0.614981115 0.700410366
vt 0.614981055 0.700410366
vt 0.614981115 0.700410366
vt 0.614981055 0.700410366
vt 0.614981115 0.700410366
vt 0.847629249 0.266133904
vt 0.847629249 0.266133904
vt 0.847629189 0.266133904
vt 0.847629249 0.266133904
vt 0.847629249 0.266133904
vt 0.847629249 0.266133904
vt 0.847629189 0.266133904
vt 0.847629249 0.266133904
vt 0.614981055 0.700410366
vt 0.614981115 0.700410366
vt 0.614981115 0.700410366
vt 0.614981115 0.700410366
vt 0.614981055 0.700410366
vt 0.614981115 0.700410366
vt 0.847629249 0.266133904
vt 0.847629249 0.266133904
vt 0.847629189 0.266133904
vt 0.847629249 0.266133904
vt 0.614981055 0.700410366
vt 0.614981055 0.700410366
vt 0.614981115 0.700410366
vt 0.614981115 0.700410366
vt 0.614981055 0.700410366
vt 0.614981115 0.700410366
vt 0.614981115 0.700410366
vt 0.614981115 0.700410366
vt 0.614981115 0.700410366
vt 0.614981055 0.700410366
vt 0.614981055 0.700410366
vt 0.614981055 0.700410366
vt 0.614981055 0.700410366
vt 0.614981115 0.700410366
vt 0.614981115 0.700410366
vt 0.614981055 0.700410366
vt 0.614981115 0.700410366
vt 0.614981115 0.700410366
vt 0.614981115 0.700410366
vt 0.614981115 0.700410366
vt 0.868309021 0.674560606
vt 0.868309021 0.674560606
vt 0.868309021 0.674560606
vt 0.868309021 0.674560606
vt 0.868308961 0.674560606
vt 0.868309021 0.674560606
vt 0.868309021 0.674560606
vt 0.868309021 0.674560606
vt 0.868309021 0.674560606
vt 0.868309021 0.674560606
vt 0.868309021 0.674560606
vt 0.868308961 0.674560606
vt 0.868308961 0.674560606
vt 0.868309021 0.674560606
vt 0.868309021 0.674560606
vt 0.868308961 0.674560606
vt 0.868309021 0.674560606
vt 0.868309021 0.674560606
vt 0.847629249 0.266133904
vt 0.847629249 0.266133904
vt 0.847629189 0.266133904
vt 0.847629249 0.266133904
vt 0.614981055 0.700410366
vt 0.614981115 0.700410366
vt 0.614981115 0.700410366
vt 0.614981055 0.700410366
vt 0.614981115 0.700410366
vt 0.614981055 0.700410366
vt 0.614981055 0.700410366
vt 0.614981055 0.700410366
vt 0.614981055 0.700410366
vt 0.614981055 0.700410366
vt 0.614981115 0.700410366
vt 0.614981055 0.700410366
vt 0.614981055 0.700410366
vt 0.614981115 0.700410366
vt 0.868308961 0.674560606
vt 0.868309021 0.674560606
vt 0.868309021 0.674560606
vt 0.868308961 0.674560606
vt 0.868309021 0.674560606
vt 0.868309021 0.674560606
vt 0.868309021 0.674560606
vt 0.868308961 0.674560606
vt 0.868309021 0.674560606
vt 0.868309021 0.674560606
vt 0.868309021 0.674560606
vt 0.868309021 0.674560606
vt 0.868309021 0.674560606
vt 0.614981115 0.700410366
vt 0.614981055 0.700410366
vt 0.614981115 0.700410366
vt 0.614981115 0.700410366
vt 0.847629249 0.266133904
vt 0.847629249 0.266133904
vt 0.847629189 0.266133904
vt 0.847629249 0.266133904
vt 0.847629189 0.266133904
vt 0.847629249 0.266133904
vt 0.847629249 0.266133904
vt 0.847629249 0.266133904
vt 0.847629189 0.266133904
vt 0.847629249 0.266133904
vt 0.635660946 0.674560606
vt 0.635660946 0.674560606
vt 0.635660887 0.674560606
vt 0.635660946 0.674560606
vt 0.847629189 0.266133904
vt 0.847629249 0.266133904
vt 0.847629249 0.266133904
vt 0.847629249 0.266133904
vt 0.614981055 0.700410366
vt 0.614981115 0.700410366
vt 0.614981115 0.700410366
vt 0.614981055 0.700410366
vt 0.614981115 0.700410366
vt 0.614981115 0.700410366
vt 0.614981055 0.700410366
vt 0.614981115 0.700410366
vt 0.614981115 0.700410366
vt 0.614981115 0.700410366
vt 0.614981115 0.700410366
vt 0.614981115 0.700410366
vt 0.614981055 0.700410366
vt 0.614981115 0.700410366
vt 0.614981115 0.700410366
vt 0.614981055 0.700410366
vt 0.614981115 0.700410366
vt 0.614981115 0.700410366
vt 0.614981055 0.700410366
vt 0.614981115 0.700410366
vt 0.614981115 0.700410366
vt 0.614981055 0.700410366
vt 0.614981115 0.700410366
vt 0.614981115 0.700410366
vt 0.614981055 0.700410366
vt 0.614981115 0.700410366
vt 0.614981115 0.700410366
vt 0.614981115 0.700410366
vt 0.614981055 0.700410366
vt 0.614981115 0.700410366
vt 0.614981115 0.700410366
vt 0.614981115 0.700410366
vt 0.614981115 0.700410366
vt 0.614981115 0.700410366
vt 0.614981055 0.700410366
vt 0.614981115 0.700410366
vt 0.614981115 0.700410366
vt 0.614981055 0.700410366
vt 0.614981115 0.700410366
vt 0.614981115 0.700410366
vt 0.614981115 0.700410366
vt 0.614981115 0.700410366
vt 0.614981055 0.700410366
vt 0.614981115 0.700410366
vt 0.614981115 0.700410366
vt 0.614981115 0.700410366
vt 0.614981055 0.700410366
vt 0.614981115 0.700410366
vt 0.614981115 0.700410366
vt 0.614981115 0.700410366
vt 0.614981115 0.700410366
vt 0.614981115 0.700410366
vt 0.614981055 0.700410366
vt 0.614981115 0.700410366
vt 0.614981115 0.700410366
vt 0.614981055 0.700410366
vt 0.614981115 0.700410366
vt 0.614981115 0.700410366
vt 0.614981055 0.700410366
vt 0.614981115 0.700410366
vt 0.614981115 0.700410366
vt 0.614981055 0.700410366
vt 0.614981115 0.700410366
vt 0.614981115 0.700410366
vt 0.614981055 0.700410366
vt 0.614981115 0.700410366
vt 0.614981115 0.700410366
vt 0.614981115 0.700410366
vt 0.614981115 0.700410366
vt 0.614981115 0.700410366
vt 0.614981055 0.700410366
vt 0.614981115 0.700410366
vt 0.614981055 0.700410366
vt 0.614981115 0.700410366
vt 0.614981055 0.700410366
vt 0.614981115 0.700410366
vt 0.614981115 0.700410366
vt 0.614981115 0.700410366
vt 0.60464114 0.69007045
vt 0.604641199 0.69007045
vt 0.604641199 0.69007045
vt 0.604641199 0.69007045
vt 0.60464114 0.69007045
vt 0.604641199 0.69007045
vt 0.847629189 0.266133904
vt 0.847629249 0.266133904
vt 0.847629249 0.266133904
vt 0.847629249 0.266133904
vt 0.60464114 0.69007045
vt 0.604641199 0.69007045
vt 0.604641199 0.69007045
vt 0.604641199 0.69007045
vt 0.60464114 0.69007045
vt 0.604641199 0.69007045
vt 0.60464114 0.69007045
vt 0.604641199 0.69007045
vt 0.604641199 0.69007045
vt 0.604641199 0.69007045
vt 0.60464114 0.69007045
vt 0.604641199 0.69007045
vt 0.847629189 0.266133904
vt 0.847629249 0.266133904
vt 0.847629249 0.266133904
vt 0.847629249 0.266133904
vt 0.847629189 0.266133904
vt 0.847629249 0.266133904
vt 0.847629249 0.266133904
vt 0.847629249 0.266133904
vt 0.847629189 0.266133904
vt 0.847629249 0.266133904
vt 0.847629249 0.266133904
vt 0.847629249 0.266133904
vt 0.60464114 0.69007045
vt 0.604641199 0.69007045
vt 0.604641199 0.69007045
vt 0.604641199 0.69007045
vt 0.847629189 0.266133904
vt 0.847629249 0.266133904
vt 0.847629249 0.266133904
vt 0.847629249 0.266133904
vt 0.847629189 0.266133904
vt 0.847629249 0.266133904
vt 0.847629249 0.266133904
vt 0.847629249 0.266133904
vt 0.847629189 0.266133904
vt 0.847629249 0.266133904
vt 0.847629249 0.266133904
vt 0.847629249 0.266133904
vt 0.847629189 0.266133904
vt 0.847629249 0.266133904
vt 0.847629249 0.266133904
vt 0.847629249 0.266133904
vt 0.635660887 0.674560606
vt 0.635660946 0.674560606
vt 0.635660946 0.674560606
vt 0.635660946 0.674560606
vt 0.614981115 0.700410366
vt 0.614981055 0.700410366
vt 0.614981115 0.700410366
vt 0.614981115 0.700410366
vt 0.614981055 0.700410366
vt 0.614981115 0.700410366
vt 0.614981115 0.700410366
vt 0.614981055 0.700410366
vt 0.614981115 0.700410366
vt 0.614981055 0.700410366
vt 0.614981055 0.700410366
vt 0.614981115 0.700410366
vt 0.614981055 0.700410366
vt 0.614981115 0.700410366
vt 0.847629249 0.266133904
vt 0.847629249 0.266133904
vt 0.847629189 0.266133904
vt 0.847629249 0.266133904
vt 0.847629249 0.266133904
vt 0.847629249 0.266133904
vt 0.847629189 0.266133904
vt 0.847629249 0.266133904
vt 0.868309021 0.674560606
vt 0.868309021 0.674560606
vt 0.868308961 0.674560606
vt 0.868309021 0.674560606
vt 0.614981115 0.700410366
vt 0.614981115 0.700410366
vt 0.614981055 0.700410366
vt 0.614981115 0.700410366
vt 0.847629249 0.266133904
vt 0.847629249 0.266133904
vt 0.847629189 0.266133904
vt 0.847629249 0.266133904
vt 0.847629249 0.266133904
vt 0.847629249 0.266133904
vt 0.847629189 0.266133904
vt 0.847629249 0.266133904
vt 0.847629249 0.266133904
vt 0.847629249 0.266133904
vt 0.847629189 0.266133904
vt 0.847629249 0.266133904
vt 0.868308961 0.674560606
vt 0.868309021 0.674560606
vt 0.868309021 0.674560606
vt 0.868309021 0.674560606
vt 0.847629249 0.266133904
vt 0.847629249 0.266133904
vt 0.847629189 0.266133904
vt 0.847629249 0.266133904
vt 0.847629249 0.266133904
vt 0.847629249 0.266133904
vt 0.847629189 0.266133904
vt 0.847629249 0.266133904
vt 0.614981115 0.700410366
vt 0.614981115 0.700410366
vt 0.614981055 0.700410366
vt 0.614981115 0.700410366
vt 0.614981055 0.700410366
vt 0.614981115 0.700410366
vt 0.614981115 0.700410366
vt 0.614981115 0.700410366
vt 0.614981115 0.700410366
vt 0.614981055 0.700410366
vt 0.614981115 0.700410366
vt 0.614981115 0.700410366
vt 0.614981115 0.700410366
vt 0.614981115 0.700410366
vt 0.614981115 0.700410366
vt 0.614981115 0.700410366
vt 0.868309021 0.674560606
vt 0.868309021 0.674560606
vt 0.868308961 0.674560606
vt 0.868309021 0.674560606
vt 0.868308961 0.674560606
vt 0.868309021 0.674560606
vt 0.847629249 0.266133904
vt 0.847629249 0.266133904
vt 0.847629189 0.266133904
vt 0.847629249 0.266133904
vt 0.614981115 0.700410366
vt 0.614981115 0.700410366
vt 0.614981115 0.700410366
vt 0.614981115 0.700410366
vt 0.614981055 0.700410366
vt 0.614981115 0.700410366
vt 0.614981115 0.700410366
vt 0.614981115 0.700410366
vt 0.614981115 0.700410366
vt 0.614981115 0.700410366
vt 0.614981055 0.700410366
vt 0.614981115 0.700410366
vt 0.614981115 0.700410366
vt 0.614981115 0.700410366
vt 0.614981115 0.700410366
vt 0.614981055 0.700410366
vt 0.614981115 0.700410366
vt 0.614981115 0.700410366
vt 0.614981115 0.700410366
vt 0.614981115 0.700410366
vt 0.614981115 0.700410366
vt 0.614981115 0.700410366
vt 0.868309021 0.674560606
vt 0.868309021 0.674560606
vt 0.868308961 0.674560606
vt 0.868308961 0.674560606
vt 0.868309021 0.674560606
vt 0.868309021 0.674560606
vt 0.847629249 0.266133904
vt 0.847629249 0.266133904
vt 0.847629189 0.266133904
vt 0.847629249 0.266133904
vt 0.614981115 0.700410366
vt 0.614981055 0.700410366
vt 0.614981115 0.700410366
vt 0.614981115 0.700410366
vt 0.614981115 0.700410366
vt 0.614981115 0.700410366
vt 0.847629249 0.266133904
vt 0.847629249 0.266133904
vt 0.847629189 0.266133904
vt 0.847629249 0.266133904
vt 0.614981115 0.700410366
vt 0.614981115 0.700410366
vt 0.614981055 0.700410366
vt 0.614981115 0.700410366
vt 0.635660946 0.674560606
vt 0.635660946 0.674560606
vt 0.635660887 0.674560606
vt 0.635660946 0.674560606
vt 0.635660887 0.674560606
vt 0.635660946 0.674560606
vt 0.847629249 0.266133904
vt 0.847629249 0.266133904
vt 0.847629249 0.266133904
vt 0.847629249 0.266133904
vt 0.847629249 0.266133904
vt 0.868309021 0.674560606
vt 0.868308961 0.674560606
vt 0.868309021 0.674560606
vt 0.868308961 0.674560606
vt 0.868309021 0.674560606
vt 0.614981115 0.700410366
vt 0.614981115 0.700410366
vt 0.614981055 0.700410366
vt 0.614981115 0.700410366
vt 0.868309021 0.674560606
vt 0.868309021 0.674560606
vt 0.868308961 0.674560606
vt 0.868309021 0.674560606
vt 0.847629249 0.266133904
vt 0.847629249 0.266133904
vt 0.847629189 0.266133904
vt 0.847629249 0.266133904
vt 0.635660887 0.674560606
vt 0.635660946 0.674560606
vt 0.635660946 0.674560606
vt 0.635660946 0.674560606
vt 0.635660887 0.674560606
vt 0.635660946 0.674560606
vt 0.868309021 0.674560606
vt 0.868309021 0.674560606
vt 0.868309021 0.674560606
vt 0.868309021 0.674560606
vt 0.868309021 0.674560606
vt 0.868309021 0.674560606
vt 0.635660887 0.674560606
vt 0.635660946 0.674560606
vt 0.635660946 0.674560606
vt 0.635660946 0.674560606
vt 0.635660887 0.674560606
vt 0.635660946 0.674560606
vt 0.614981115 0.700410366
vt 0.614981115 0.700410366
vt 0.614981055 0.700410366
vt 0.614981115 0.700410366
vt 0.614981115 0.700410366
vt 0.614981115 0.700410366
vt 0.614981055 0.700410366
vt 0.614981115 0.700410366
vt 0.614981115 0.700410366
vt 0.614981055 0.700410366
vt 0.614981115 0.700410366
vt 0.614981115 0.700410366
vt 0.614981115 0.700410366
vt 0.614981115 0.700410366
vt 0.868308961 0.674560606
vt 0.868309021 0.674560606
vt 0.868308961 0.674560606
vt 0.868308961 0.674560606
vt 0.868309021 0.674560606
vt 0.868308961 0.674560606
vt 0.868309021 0.674560606
vt 0.868309021 0.674560606
vt 0.868308961 0.674560606
vt 0.868308961 0.674560606
vt 0.868309021 0.674560606
vt 0.868308961 0.674560606
vt 0.868308961 0.674560606
vt 0.868308961 0.674560606
vt 0.868309021 0.674560606
vt 0.868309021 0.674560606
vt 0.868309021 0.674560606
vt 0.868308961 0.674560606
vt 0.868308961 0.674560606
vt 0.868309021 0.674560606
vt 0.868309021 0.674560606
vt 0.868308961 0.674560606
vt 0.868308961 0.674560606
vt 0.868309021 0.674560606
vt 0.847629189 0.266133904
vt 0.847629249 0.266133904
vt 0.847629249 0.266133904
vt 0.847629249 0.266133904
vt 0.847629189 0.266133904
vt 0.868308961 0.674560606
vt 0.868309021 0.674560606
vt 0.868309021 0.674560606
vt 0.868309021 0.674560606
vt 0.868309021 0.674560606
vt 0.868309021 0.674560606
vt 0.868309021 0.674560606
vn -0.002474 0.169925 -0.985454
vn -0.001617 0.166291 -0.986075
vn -0.000000 0.172498 -0.985010
vn -0.002241 0.165253 -0.986249
vn 0.001617 0.166291 -0.986075
vn 0.002241 0.165253 -0.986249
vn 0.002474 0.169925 -0.985454
vn -0.000000 0.172498 -0.985010
vn -0.102318 -0.216997 -0.970795
vn -0.106495 -0.220078 -0.969652
vn -0.103850 -0.218128 -0.970379
vn -0.099075 -0.214603 -0.971663
vn -0.000000 -0.473738 0.880666
vn -0.000000 -0.473740 0.880665
vn -0.000000 -0.473738 0.880666
vn -0.000000 -0.473737 0.880666
vn -0.310635 0.022080 0.950273
vn -0.310635 0.022080 0.950273
vn -0.310635 0.022080 0.950273
vn -0.310635 0.022080 0.950273
vn -0.994862 0.086612 -0.052420
vn -0.953001 0.276225 -0.124452
vn -0.950964 0.288743 -0.110887
vn -0.989292 0.117975 -0.085920
vn -0.997851 -0.047727 0.044893
vn -0.996637 -0.058312 0.057564
vn -0.999038 -0.027384 0.034258
vn -0.999510 -0.019680 0.024340
vn -0.999976 0.006064 -0.003384
vn -0.999974 0.006833 -0.002282
vn -1.000000 -0.000031 0.000035
vn -1.000000 -0.000028 0.000037
vn -1.000000 -0.000032 0.000035
vn -1.000000 -0.000030 0.000037
vn -1.000000 0.000000 0.000054
vn -1.000000 0.000000 0.000055
vn -0.000000 -0.960200 -0.279314
vn -0.000000 -0.960200 -0.279314
vn -0.000000 -0.999602 0.028215
vn -0.000000 -0.999584 0.028826
vn -0.000000 -0.942430 0.334404
vn -0.000000 -0.942430 0.334404
vn -0.000000 -0.093167 0.995650
vn -0.000000 -0.093167 0.995650
vn -0.000000 0.242280 0.970206
vn -0.000000 0.244558 0.969635
vn -0.000000 0.878953 0.476909
vn -0.000000 0.875086 0.483967
vn -0.000000 0.990353 0.138564
vn -0.000000 0.988939 0.148324
vn -0.000545 0.644258 0.764808
vn -0.000000 0.776905 0.629618
vn -0.000115 0.363300 0.931672
vn -0.000000 0.367412 0.930058
vn -0.000000 0.369482 0.929238
vn 0.000545 0.644258 0.764808
vn 0.000115 0.363300 0.931672
vn -0.000000 0.776905 0.629618
vn -0.000000 0.988939 0.148324
vn -0.000000 0.990353 0.138564
vn -0.000000 0.878953 0.476909
vn -0.000000 0.875086 0.483967
vn -0.000000 0.244558 0.969635
vn -0.000000 0.242280 0.970206
vn -0.000000 -0.093167 0.995650
vn -0.000000 -0.093167 0.995650
vn 0.986249 0.130989 -0.100772
vn 0.986081 0.134338 -0.097970
vn 0.992988 0.086859 -0.080186
vn 0.998761 0.035768 -0.034608
vn 0.999985 -0.004206 0.003373
vn 0.999980 -0.004048 0.004908
vn 0.999976 -0.006063 0.003383
vn 0.999974 -0.006832 0.002281
vn 1.000000 0.000032 -0.000035
vn 1.000000 0.000028 -0.000037
vn 1.000000 0.000032 -0.000035
vn 1.000000 0.000030 -0.000037
vn 1.000000 -0.000000 -0.000053
vn 1.000000 0.000010 -0.000053
vn -0.980974 -0.057354 -0.185476
vn -0.901037 -0.093087 -0.423636
vn -0.876391 -0.078782 -0.475113
vn -0.927815 0.191779 -0.319969
vn -0.781486 0.249772 -0.571747
vn -0.893048 0.415767 -0.172057
vn -0.998138 0.057340 0.020784
vn -0.999427 -0.021957 0.025746
vn -1.000000 -0.000000 -0.000015
vn -0.998813 -0.016694 0.045752
vn -0.999581 -0.007669 0.027894
vn -1.000000 0.000000 -0.000000
vn -0.998598 0.016963 0.050149
vn 0.018012 0.998216 -0.056927
vn 0.018012 0.998216 -0.056927
vn 0.018012 0.998216 -0.056927
vn 0.018012 0.998216 -0.056926
vn -0.018012 -0.998216 0.056927
vn -0.018012 -0.998216 0.056927
vn -0.018012 -0.998216 0.056927
vn -0.018012 -0.998216 0.056927
vn -0.000000 -0.985823 -0.167791
vn -0.000000 -0.999985 0.005556
vn -0.000000 -0.999985 0.005556
vn -0.000000 -0.983146 -0.182824
vn -0.000714 -0.641967 -0.766732
vn -0.000000 -0.750270 -0.661131
vn -0.001127 -0.401921 -0.915674
vn -0.000000 -0.399629 -0.916677
vn -0.000000 -0.398636 -0.917109
vn 0.000714 -0.641967 -0.766732
vn 0.001127 -0.401921 -0.915674
vn -0.000000 -0.750270 -0.661131
vn -0.000000 -0.983146 -0.182824
vn -0.000000 -0.985823 -0.167791
vn -0.000000 -0.999985 0.005556
vn -0.000000 -0.999985 0.005556
vn -0.000000 -0.942430 0.334404
vn -0.000000 -0.942430 0.334404
vn -0.000000 -0.999602 0.028215
vn -0.000000 -0.999584 0.028826
vn -0.000000 -0.960200 -0.279314
vn -0.000000 -0.960200 -0.279314
vn -0.940439 0.321383 -0.110847
vn -0.935527 0.331016 -0.123363
vn -0.943087 0.315931 -0.103799
vn -0.947932 0.305411 -0.090275
vn -0.950216 0.309734 0.033982
vn -0.954428 0.294714 0.047016
vn -0.968999 0.231375 -0.086641
vn -0.983418 0.132305 -0.124038
vn -0.989583 -0.023461 -0.142036
vn -0.989829 -0.028374 -0.139406
vn -0.992282 -0.109473 -0.058241
vn -0.991792 -0.118268 -0.048599
vn -0.974047 -0.210611 0.082917
vn -0.952349 -0.255472 0.166631
vn -0.926836 -0.284231 0.245332
vn -0.927789 -0.280795 0.245686
vn 0.023617 0.933542 -0.357690
vn -0.021476 0.926354 -0.376042
vn -0.005255 0.929199 -0.369543
vn 0.038561 0.935427 -0.351412
vn -0.947310 0.309708 -0.081764
vn -0.953082 0.294675 -0.069291
vn -0.952844 0.231023 -0.196766
vn -0.964201 0.124436 -0.234164
vn -0.969399 -0.022328 -0.244474
vn -0.969828 -0.026323 -0.242365
vn -0.980188 -0.128500 -0.150731
vn -0.979892 -0.136531 -0.145503
vn -0.975068 -0.221867 -0.004254
vn -0.968011 -0.245898 0.049881
vn -0.958492 -0.266231 0.102054
vn -0.958921 -0.264648 0.102141
vn -0.000000 -0.941890 0.335922
vn -0.000000 -0.941890 0.335922
vn -0.000000 -0.941890 0.335922
vn -0.000000 -0.941890 0.335922
vn -0.053232 -0.049365 -0.997361
vn -0.000000 -0.218449 -0.975848
vn -0.007426 -0.219943 -0.975484
vn -0.056939 -0.052563 -0.996993
vn -0.056546 0.128344 -0.990116
vn -0.056546 0.128344 -0.990116
vn -0.016178 0.930216 -0.366655
vn -0.063838 0.922802 -0.379950
vn -0.046336 0.925796 -0.375173
vn -0.000000 0.932203 -0.361936
vn -0.000000 -0.218849 -0.975759
vn -0.000000 -0.543798 -0.839216
vn -0.000000 -0.543798 -0.839216
vn -0.000000 -0.215419 -0.976522
vn -0.000000 0.136753 -0.990605
vn -0.000000 0.136753 -0.990605
vn -0.266188 0.913786 -0.306822
vn -0.263014 0.914694 -0.306854
vn -0.275792 0.910972 -0.306706
vn -0.277673 0.910409 -0.306680
vn -0.071108 -0.954745 -0.288802
vn -0.073239 -0.955075 -0.287173
vn -0.071285 -0.954772 -0.288667
vn -0.069157 -0.954436 -0.290292
vn -0.131782 -0.818527 0.559148
vn -0.137441 -0.800478 0.583390
vn -0.000000 -0.906759 0.421650
vn -0.000000 -0.919181 0.393836
vn 0.131782 -0.818527 0.559148
vn 0.137441 -0.800478 0.583390
vn 0.266188 0.913786 -0.306822
vn 0.277673 0.910409 -0.306680
vn 0.275792 0.910972 -0.306706
vn 0.263014 0.914694 -0.306854
vn -0.000000 0.895430 0.445202
vn -0.000000 0.895430 0.445203
vn -0.000000 0.895430 0.445203
vn -0.000000 0.895430 0.445202
vn 1.000000 -0.000032 0.000035
vn 1.000000 0.000000 0.000054
vn 1.000000 0.000000 0.000055
vn 1.000000 -0.000030 0.000037
vn 1.000000 -0.000031 0.000035
vn 1.000000 -0.000027 0.000037
vn 0.999976 0.006064 -0.003384
vn 0.999974 0.006833 -0.002282
vn 0.999038 -0.027384 0.034258
vn 0.999510 -0.019681 0.024340
vn 0.996637 -0.058313 0.057564
vn 0.997851 -0.047728 0.044893
vn 0.994862 0.086612 -0.052420
vn 0.989293 0.117975 -0.085920
vn 0.953001 0.276225 -0.124452
vn 0.950964 0.288743 -0.110887
vn -0.000000 0.998232 0.059437
vn -0.000000 0.998232 0.059437
vn -0.000000 0.991883 0.127158
vn -0.000000 0.991596 0.129376
vn -0.072851 0.473582 0.877732
vn -0.000000 0.808665 0.588269
vn -0.000000 0.417472 0.908690
vn -0.000000 0.135252 0.990811
vn -0.000000 -0.040830 0.999166
vn -0.080081 -0.038308 0.996052
vn 0.080081 -0.038308 0.996052
vn 0.072851 0.473582 0.877732
vn -0.000000 0.417472 0.908690
vn -0.000000 0.808665 0.588269
vn -0.000000 0.991596 0.129376
vn -0.000000 0.991883 0.127158
vn -0.000000 0.998232 0.059437
vn -0.000000 0.998232 0.059437
vn 0.416213 -0.065796 -0.906884
vn 0.416213 -0.065796 -0.906884
vn 0.416213 -0.065796 -0.906884
vn 0.416214 -0.065795 -0.906883
vn -0.986249 0.130989 -0.100772
vn -0.992988 0.086859 -0.080186
vn -0.986081 0.134338 -0.097970
vn -0.998761 0.035768 -0.034608
vn -0.999985 -0.004206 0.003373
vn -0.999980 -0.004048 0.004908
vn -0.999976 -0.006063 0.003383
vn -0.999974 -0.006832 0.002281
vn -1.000000 0.000032 -0.000035
vn -1.000000 0.000028 -0.000037
vn -1.000000 0.000032 -0.000035
vn -1.000000 0.000030 -0.000037
vn -1.000000 -0.000000 -0.000053
vn -1.000000 0.000010 -0.000053
vn 0.980974 -0.057354 -0.185476
vn 0.876391 -0.078782 -0.475113
vn 0.901037 -0.093087 -0.423636
vn 0.927815 0.191779 -0.319969
vn 0.781486 0.249772 -0.571747
vn 0.893048 0.415767 -0.172057
vn 0.998138 0.057340 0.020784
vn 0.999427 -0.021957 0.025746
vn 1.000000 -0.000000 -0.000015
vn 0.998813 -0.016694 0.045752
vn 0.999581 -0.007669 0.027894
vn 1.000000 0.000000 -0.000000
vn 0.998598 0.016963 0.050149
vn -0.000000 0.944750 -0.327792
vn -0.000000 0.944750 -0.327792
vn -0.000000 0.944750 -0.327792
vn -0.000000 0.944750 -0.327792
vn -0.000000 0.958984 -0.283461
vn -0.094551 0.954687 -0.282192
vn -0.094551 0.954687 -0.282192
vn -0.000000 0.958984 -0.283461
vn 0.094551 0.954687 -0.282192
vn 0.094551 0.954687 -0.282192
vn -0.597972 -0.151064 0.787153
vn -0.597972 -0.151064 0.787153
vn -0.597972 -0.151064 0.787153
vn -0.597972 -0.151065 0.787152
vn 0.310635 0.022080 0.950273
vn 0.310635 0.022080 0.950273
vn 0.310635 0.022080 0.950273
vn 0.310635 0.022080 0.950273
vn 0.940439 0.321383 -0.110847
vn 0.947932 0.305411 -0.090275
vn 0.943087 0.315931 -0.103799
vn 0.935527 0.331016 -0.123363
vn -0.941581 0.322864 -0.095837
vn -0.945216 0.313980 -0.089346
vn -0.951730 0.249729 -0.178453
vn -0.966564 0.154476 -0.204671
vn -0.986538 0.016629 -0.162685
vn -0.987060 0.005408 -0.160261
vn -0.986138 -0.102151 -0.130759
vn -0.986993 -0.116839 -0.110421
vn -0.977996 -0.208127 -0.014377
vn -0.970820 -0.236952 0.036908
vn -0.959609 -0.263462 0.098683
vn -0.959735 -0.262993 0.098708
vn 0.950216 0.309734 0.033982
vn 0.968999 0.231375 -0.086641
vn 0.954428 0.294714 0.047016
vn 0.983418 0.132305 -0.124038
vn 0.989583 -0.023461 -0.142036
vn 0.989829 -0.028374 -0.139406
vn 0.992282 -0.109473 -0.058241
vn 0.991792 -0.118268 -0.048599
vn 0.974047 -0.210611 0.082917
vn 0.952349 -0.255472 0.166631
vn 0.926836 -0.284231 0.245332
vn 0.927789 -0.280795 0.245686
vn -0.023617 0.933542 -0.357690
vn -0.038561 0.935427 -0.351412
vn 0.005255 0.929199 -0.369543
vn 0.021476 0.926354 -0.376042
vn 0.947310 0.309708 -0.081764
vn 0.952844 0.231023 -0.196766
vn 0.953082 0.294675 -0.069291
vn 0.964201 0.124436 -0.234164
vn 0.969399 -0.022328 -0.244474
vn 0.969828 -0.026323 -0.242365
vn 0.980188 -0.128500 -0.150731
vn 0.979892 -0.136531 -0.145503
vn 0.975068 -0.221867 -0.004254
vn 0.968011 -0.245898 0.049881
vn 0.958492 -0.266231 0.102054
vn 0.958921 -0.264648 0.102141
vn 0.165525 -0.045346 -0.985163
vn 0.164660 0.111560 -0.980021
vn 0.164660 0.111560 -0.980021
vn 0.165507 -0.047659 -0.985056
vn 0.162232 -0.203366 -0.965569
vn 0.162232 -0.203366 -0.965569
vn 0.003904 -0.999786 0.020303
vn -0.000000 -0.942430 0.334404
vn -0.013930 -0.941025 0.338051
vn -0.008085 -0.998809 0.048119
vn 0.047414 -0.958183 -0.282200
vn 0.047414 -0.958183 -0.282200
vn -0.922171 0.324369 -0.210676
vn -0.927595 0.313439 -0.203284
vn -0.914818 0.258560 -0.310249
vn -0.924134 0.167167 -0.343557
vn -0.945543 0.013896 -0.325201
vn -0.947036 0.000210 -0.321128
vn -0.963484 -0.115232 -0.241703
vn -0.967884 -0.138281 -0.209950
vn -0.970885 -0.215836 -0.103908
vn -0.969333 -0.235750 -0.069397
vn -0.966948 -0.252601 -0.034705
vn -0.967048 -0.252219 -0.034699
vn 0.016178 0.930216 -0.366655
vn -0.000000 0.932203 -0.361936
vn 0.046336 0.925796 -0.375173
vn 0.063838 0.922802 -0.379950
vn -0.000000 -0.473735 0.880667
vn -0.000000 -0.473736 0.880667
vn -0.000000 -0.473735 0.880667
vn -0.000000 -0.473735 0.880668
vn 0.053232 -0.049365 -0.997361
vn 0.056546 0.128344 -0.990116
vn 0.056546 0.128344 -0.990116
vn 0.056939 -0.052563 -0.996993
vn 0.007426 -0.219943 -0.975484
vn -0.000000 -0.218449 -0.975848
vn -0.256559 -0.849255 0.461458
vn -0.267827 -0.849120 0.455263
vn -0.257169 -0.966366 0.000763
vn -0.252940 -0.966548 0.042501
vn -0.214513 -0.871665 -0.440663
vn -0.211129 -0.871815 -0.441999
vn -0.109754 0.310983 -0.944057
vn -0.104445 0.311568 -0.944466
vn -0.155455 0.305567 -0.939395
vn -0.166126 0.304203 -0.938010
vn -0.301550 0.953168 -0.023215
vn -0.299529 0.859829 0.413494
vn -0.288370 0.860710 0.419548
vn -0.290155 0.956964 -0.005398
vn -0.289810 0.838944 -0.460634
vn -0.300537 0.837839 -0.455746
vn -0.978247 -0.035760 -0.204340
vn -0.983037 -0.055205 -0.174901
vn -0.997913 -0.030103 -0.057124
vn -0.997545 -0.023365 -0.066022
vn -0.995788 -0.018617 0.089772
vn -0.995788 -0.018616 0.089772
vn -0.095097 -0.982702 0.158911
vn -0.246393 -0.958513 0.143333
vn -0.210427 -0.966433 0.147403
vn -0.072817 -0.984286 0.160870
vn -0.948826 -0.130602 -0.287528
vn -0.941102 -0.128722 -0.312661
vn -0.968892 -0.135945 -0.206803
vn -0.974456 -0.137633 -0.177462
vn -0.167114 -0.401865 0.900321
vn -0.361481 -0.386820 0.848352
vn -0.315574 -0.391932 0.864177
vn -0.147058 -0.402478 0.903541
vn -0.261543 -0.060812 -0.963274
vn -0.248792 -0.065256 -0.966356
vn -0.290381 -0.050655 -0.955569
vn -0.307956 -0.044390 -0.950364
vn 0.109754 0.310983 -0.944057
vn 0.166126 0.304202 -0.938010
vn 0.155455 0.305567 -0.939395
vn 0.104445 0.311567 -0.944467
vn 0.095097 -0.982702 0.158910
vn 0.210427 -0.966433 0.147403
vn 0.246393 -0.958513 0.143333
vn 0.072817 -0.984286 0.160870
vn 0.948826 -0.130602 -0.287528
vn 0.968892 -0.135945 -0.206802
vn 0.941102 -0.128722 -0.312661
vn 0.974456 -0.137634 -0.177461
vn 0.167114 -0.401866 0.900320
vn 0.315574 -0.391932 0.864177
vn 0.361481 -0.386820 0.848353
vn 0.147058 -0.402478 0.903541
vn 0.261543 -0.060813 -0.963274
vn 0.307956 -0.044390 -0.950364
vn 0.290381 -0.050656 -0.955569
vn 0.248792 -0.065255 -0.966356
vn -0.000000 0.136753 -0.990605
vn -0.000000 -0.218849 -0.975759
vn -0.000000 0.136753 -0.990605
vn -0.000000 -0.215419 -0.976522
vn -0.000000 -0.543798 -0.839216
vn -0.000000 -0.543798 -0.839216
vn -0.000000 -0.176519 0.984297
vn 0.000147 -0.175802 0.984426
vn 0.000262 -0.176223 0.984350
vn 0.000258 -0.175729 0.984439
vn -0.000258 -0.175729 0.984439
vn -0.000147 -0.175802 0.984426
vn -0.000262 -0.176223 0.984350
vn -0.000000 -0.176519 0.984297
vn 0.242111 0.158595 -0.957199
vn 0.242111 0.158595 -0.957199
vn 0.242111 0.158595 -0.957199
vn 0.242110 0.158595 -0.957199
vn 0.949007 -0.071222 -0.307105
vn 0.949007 -0.071222 -0.307105
vn 0.949007 -0.071223 -0.307105
vn 0.949007 -0.071223 -0.307105
vn -0.000000 -0.948055 0.318107
vn -0.000000 -0.948055 0.318107
vn -0.000000 -0.948055 0.318107
vn -0.000000 -0.948055 0.318107
vn -0.000000 0.775062 0.631885
vn -0.000000 0.775062 0.631886
vn -0.000000 0.775062 0.631885
vn -0.000000 0.775062 0.631885
vn -0.416213 0.065795 0.906883
vn -0.416213 0.065795 0.906883
vn -0.416213 0.065795 0.906883
vn -0.416213 0.065795 0.906884
vn -0.883463 0.025661 -0.467798
vn -0.883463 0.025661 -0.467798
vn -0.883463 0.025661 -0.467798
vn -0.883463 0.025661 -0.467798
vn 0.890352 0.003591 0.455258
vn 0.890352 0.003591 0.455258
vn 0.890352 0.003591 0.455258
vn 0.890352 0.003591 0.455258
vn -0.000000 0.993744 0.111682
vn -0.000000 0.993744 0.111682
vn -0.000000 0.993744 0.111682
vn -0.000000 0.993744 0.111682
vn -0.217834 0.974355 0.056396
vn -0.217834 0.974355 0.056396
vn -0.217834 0.974355 0.056396
vn -0.217834 0.974355 0.056396
vn 0.071108 -0.954744 -0.288802
vn 0.069156 -0.954436 -0.290292
vn 0.071285 -0.954772 -0.288667
vn 0.073239 -0.955075 -0.287174
vn -0.000000 -0.941890 0.335922
vn -0.000000 -0.941890 0.335922
vn -0.000000 -0.941890 0.335922
vn -0.000000 -0.941890 0.335922
vn 0.941581 0.322864 -0.095837
vn 0.951730 0.249729 -0.178453
vn 0.945216 0.313980 -0.089346
vn 0.966564 0.154476 -0.204671
vn 0.986538 0.016629 -0.162685
vn 0.987060 0.005408 -0.160261
vn 0.986138 -0.102151 -0.130759
vn 0.986993 -0.116839 -0.110421
vn 0.977996 -0.208127 -0.014377
vn 0.970820 -0.236952 0.036908
vn 0.959609 -0.263462 0.098683
vn 0.959735 -0.262993 0.098708
vn -0.000000 -0.093167 0.995651
vn -0.000000 -0.093167 0.995651
vn -0.000000 0.116158 0.993231
vn -0.000000 0.116158 0.993231
vn -0.000000 0.320393 0.947285
vn -0.000000 0.320393 0.947285
vn -0.127620 -0.962594 -0.239009
vn -0.127620 -0.962594 -0.239009
vn -0.127620 -0.962594 -0.239009
vn -0.127620 -0.962594 -0.239009
vn -0.000000 -0.992422 0.122877
vn -0.000000 -0.992422 0.122877
vn -0.000000 -0.992422 0.122876
vn -0.000000 -0.992422 0.122876
vn -0.003904 -0.999786 0.020303
vn 0.013930 -0.941025 0.338051
vn -0.000000 -0.942430 0.334404
vn 0.008085 -0.998809 0.048119
vn -0.047414 -0.958183 -0.282200
vn -0.047414 -0.958183 -0.282200
vn 0.922171 0.324369 -0.210676
vn 0.914818 0.258560 -0.310249
vn 0.927595 0.313439 -0.203284
vn 0.924134 0.167167 -0.343557
vn 0.945543 0.013896 -0.325201
vn 0.947036 0.000210 -0.321128
vn 0.963484 -0.115232 -0.241703
vn 0.967884 -0.138281 -0.209950
vn 0.970885 -0.215836 -0.103908
vn 0.969333 -0.235750 -0.069397
vn 0.966948 -0.252601 -0.034705
vn 0.967048 -0.252219 -0.034699
vn -0.000000 -0.093167 0.995651
vn -0.000000 -0.093167 0.995651
vn -0.000000 0.116158 0.993231
vn -0.000000 0.116158 0.993231
vn -0.000000 0.320393 0.947285
vn -0.000000 0.320393 0.947285
vn 0.102318 -0.216997 -0.970795
vn 0.099075 -0.214603 -0.971663
vn 0.103850 -0.218128 -0.970379
vn 0.106495 -0.220078 -0.969652
vn 0.043749 0.932583 -0.358294
vn -0.000000 0.933477 -0.358638
vn 0.043749 0.932583 -0.358293
vn -0.000000 0.933477 -0.358638
vn -0.043749 0.932583 -0.358294
vn -0.043749 0.932583 -0.358293
vn -0.890352 -0.003591 -0.455259
vn -0.890352 -0.003591 -0.455259
vn -0.890352 -0.003591 -0.455259
vn -0.890352 -0.003591 -0.455259
vn -0.000000 0.775062 0.631885
vn -0.000000 0.775062 0.631885
vn -0.000000 0.775062 0.631885
vn -0.000000 0.775062 0.631886
vn 0.997545 -0.023365 -0.066022
vn 0.995788 -0.018617 0.089772
vn 0.995788 -0.018617 0.089772
vn 0.997913 -0.030103 -0.057124
vn 0.978247 -0.035760 -0.204340
vn 0.983037 -0.055206 -0.174901
vn -0.000000 0.283462 0.958983
vn -0.000000 0.283463 0.958983
vn -0.000000 0.283460 0.958984
vn -0.000000 0.283462 0.958983
vn -0.000000 0.283460 0.958984
vn -0.000000 0.941089 -0.338158
vn -0.000000 0.941089 -0.338158
vn -0.000000 0.941089 -0.338158
vn -0.000000 0.941089 -0.338158
vn -0.000000 0.941089 -0.338158
vn -0.000000 0.944750 -0.327792
vn -0.000000 0.944750 -0.327792
vn -0.000000 0.944750 -0.327792
vn -0.000000 0.944750 -0.327792
vn -0.000000 -0.948055 0.318107
vn -0.000000 -0.948055 0.318107
vn -0.000000 -0.948055 0.318107
vn -0.000000 -0.948055 0.318107
vn -0.949007 -0.071223 -0.307105
vn -0.949007 -0.071223 -0.307105
vn -0.949007 -0.071223 -0.307105
vn -0.949007 -0.071223 -0.307106
vn 0.256559 -0.849255 0.461458
vn 0.257169 -0.966366 0.000763
vn 0.267827 -0.849120 0.455263
vn 0.252940 -0.966548 0.042502
vn 0.214513 -0.871665 -0.440663
vn 0.211129 -0.871815 -0.441999
vn -0.000000 -0.214614 -0.976699
vn -0.000000 -0.214614 -0.976699
vn -0.000000 -0.026905 -0.999638
vn -0.000000 -0.026905 -0.999638
vn -0.000000 0.155864 -0.987779
vn -0.000000 0.155864 -0.987779
vn 0.301550 0.953168 -0.023215
vn 0.288370 0.860710 0.419548
vn 0.299528 0.859829 0.413494
vn 0.290156 0.956964 -0.005397
vn 0.289810 0.838944 -0.460634
vn 0.300537 0.837839 -0.455745
vn -0.000000 -0.473738 0.880666
vn -0.000000 -0.473737 0.880666
vn -0.000000 -0.473738 0.880666
vn -0.000000 -0.473740 0.880665
vn -0.000000 -0.473735 0.880667
vn -0.000000 -0.473735 0.880668
vn -0.000000 -0.473735 0.880667
vn -0.000000 -0.473736 0.880667
vn -0.165525 -0.045346 -0.985163
vn -0.164660 0.111560 -0.980021
vn -0.164660 0.111560 -0.980021
vn -0.165507 -0.047659 -0.985056
vn -0.162232 -0.203366 -0.965569
vn -0.162232 -0.203366 -0.965569
vn -1.000000 0.000000 -0.000000
vn -1.000000 0.000000 -0.000000
vn -1.000000 0.000000 -0.000000
vn -1.000000 0.000000 -0.000000
vn -1.000000 0.000000 -0.000000
vn -1.000000 0.000000 -0.000000
vn -1.000000 0.000000 -0.000000
vn -1.000000 0.000000 -0.000000
vn -0.000373 -0.175990 0.984392
vn -0.000352 -0.175120 0.984547
vn -0.000000 -0.176242 0.984347
vn -0.000521 -0.175086 0.984553
vn 0.000352 -0.175120 0.984547
vn 0.000521 -0.175086 0.984553
vn 0.000373 -0.175990 0.984392
vn -0.000000 -0.176242 0.984347
vn 1.000000 0.000000 -0.000000
vn 1.000000 0.000000 -0.000000
vn 1.000000 0.000000 -0.000000
vn 1.000000 0.000000 -0.000000
vn 1.000000 0.000000 -0.000000
vn 1.000000 0.000000 -0.000000
vn 1.000000 0.000000 -0.000000
vn 1.000000 0.000000 -0.000000
vn -0.000000 -0.283461 -0.958984
vn -0.000000 -0.283462 -0.958983
vn -0.000000 -0.283464 -0.958983
vn -0.000000 -0.283462 -0.958983
vn -0.000000 -0.283460 -0.958984
vn -0.000000 -0.999144 0.041362
vn 0.001698 -0.999898 0.014168
vn -0.018255 -0.973170 -0.229361
vn 0.018255 -0.973170 -0.229361
vn 0.018842 -0.967028 0.253971
vn -0.001698 -0.999898 0.014168
vn -0.018842 -0.967028 0.253971
f 1/1/1 2/2/2 3/3/3
f 4/4/4 2/2/2 1/1/1
f 4/4/4 5/5/5 2/2/2
f 6/6/6 5/5/5 4/4/4
f 7/7/7 5/5/5 6/6/6
f 8/8/8 5/5/5 7/7/7
f 9/9/9 10/10/10 11/11/11
f 9/9/9 11/11/11 12/12/12
f 13/13/13 14/14/14 15/15/15
f 13/13/13 15/15/15 16/16/16
f 17/17/17 18/18/18 19/19/19
f 17/17/17 19/19/19 20/20/20
f 21/21/21 22/22/22 23/23/23
f 21/21/21 24/24/24 22/22/22
f 25/25/25 24/24/24 21/21/21
f 25/25/25 21/21/21 26/26/26
f 27/27/27 25/25/25 26/26/26
f 27/27/27 26/26/26 28/28/28
f 29/29/29 27/27/27 28/28/28
f 30/30/30 27/27/27 29/29/29
f 29/29/29 31/31/31 30/30/30
f 32/32/32 31/31/31 29/29/29
f 33/33/33 31/31/31 32/32/32
f 31/31/31 33/33/33 34/34/34
f 34/34/34 33/33/33 35/35/35
f 35/35/35 33/33/33 36/36/36
f 37/37/37 38/38/38 39/39/39
f 37/37/37 39/39/39 40/40/40
f 39/39/39 41/41/41 40/40/40
f 39/39/39 42/42/42 41/41/41
f 43/43/43 44/44/44 45/45/45
f 43/43/43 45/45/45 46/46/46
f 47/47/47 46/46/46 45/45/45
f 47/47/47 48/48/48 46/46/46
f 49/49/49 48/48/48 47/47/47
f 49/49/49 47/47/47 50/50/50
f 50/50/50 51/51/51 49/49/49
f 50/50/50 52/52/52 51/51/51
f 53/53/53 51/51/51 52/52/52
f 54/54/54 51/51/51 53/53/53
f 51/51/51 54/54/54 55/55/55
f 55/55/55 54/54/54 56/56/56
f 54/54/54 57/57/57 56/56/56
f 56/56/56 57/57/57 58/58/58
f 59/59/59 56/56/56 58/58/58
f 59/59/59 60/60/60 56/56/56
f 60/60/60 59/59/59 61/61/61
f 60/60/60 61/61/61 62/62/62
f 61/61/61 63/63/63 62/62/62
f 61/61/61 64/64/64 63/63/63
f 65/65/65 63/63/63 64/64/64
f 65/65/65 66/66/66 63/63/63
f 67/67/67 68/68/68 69/69/69
f 67/67/67 69/69/69 70/70/70
f 71/71/71 70/70/70 69/69/69
f 71/71/71 72/72/72 70/70/70
f 72/72/72 71/71/71 73/73/73
f 74/74/74 73/73/73 71/71/71
f 74/74/74 75/75/75 73/73/73
f 73/73/73 75/75/75 76/76/76
f 76/76/76 75/75/75 77/77/77
f 77/77/77 75/75/75 78/78/78
f 77/77/77 78/78/78 79/79/79
f 77/77/77 79/79/79 80/80/80
f 81/81/81 82/82/82 83/83/83
f 81/81/81 83/83/83 84/84/84
f 84/84/84 83/83/83 85/85/85
f 84/84/84 85/85/85 86/86/86
f 84/84/84 86/86/86 87/87/87
f 84/84/84 87/87/87 81/81/81
f 81/81/81 87/87/87 88/88/88
f 81/81/81 88/88/88 89/89/89
f 90/90/90 88/88/88 87/87/87
f 88/88/88 90/90/90 91/91/91
f 88/88/88 91/91/91 92/92/92
f 91/91/91 90/90/90 93/93/93
f 94/94/94 95/95/95 96/96/96
f 94/94/94 96/96/96 97/97/97
f 98/98/98 99/99/99 100/100/100
f 98/98/98 100/100/100 101/101/101
f 102/102/102 103/103/103 104/104/104
f 102/102/102 104/104/104 105/105/105
f 105/105/105 106/106/106 102/102/102
f 105/105/105 107/107/107 106/106/106
f 108/108/108 106/106/106 107/107/107
f 109/109/109 106/106/106 108/108/108
f 106/106/106 109/109/109 110/110/110
f 110/110/110 109/109/109 111/111/111
f 112/112/112 111/111/111 109/109/109
f 113/113/113 111/111/111 112/112/112
f 114/114/114 111/111/111 113/113/113
f 114/114/114 115/115/115 111/111/111
f 115/115/115 114/114/114 116/116/116
f 115/115/115 116/116/116 117/117/117
f 118/118/118 119/119/119 120/120/120
f 118/118/118 120/120/120 121/121/121
f 120/120/120 122/122/122 121/121/121
f 120/120/120 123/123/123 122/122/122
f 124/124/124 125/125/125 126/126/126
f 124/124/124 126/126/126 127/127/127
f 128/128/128 129/129/129 130/130/130
f 128/128/128 130/130/130 131/131/131
f 132/132/132 131/131/131 130/130/130
f 132/132/132 133/133/133 131/131/131
f 134/134/134 133/133/133 132/132/132
f 134/134/134 135/135/135 133/133/133
f 136/136/136 135/135/135 134/134/134
f 136/136/136 134/134/134 137/137/137
f 137/137/137 138/138/138 136/136/136
f 137/137/137 139/139/139 138/138/138
f 140/140/140 141/141/141 142/142/142
f 140/140/140 142/142/142 143/143/143
f 144/144/144 145/145/145 146/146/146
f 144/144/144 146/146/146 147/147/147
f 146/146/146 148/148/148 147/147/147
f 147/147/147 148/148/148 149/149/149
f 150/150/150 149/149/149 148/148/148
f 150/150/150 151/151/151 149/149/149
f 150/150/150 152/152/152 151/151/151
f 150/150/150 153/153/153 152/152/152
f 154/154/154 152/152/152 153/153/153
f 154/154/154 153/153/153 155/155/155
f 156/156/156 157/157/157 158/158/158
f 156/156/156 159/159/159 157/157/157
f 160/160/160 161/161/161 162/162/162
f 160/160/160 162/162/162 163/163/163
f 160/160/160 163/163/163 164/164/164
f 160/160/160 164/164/164 165/165/165
f 166/166/166 167/167/167 168/168/168
f 166/166/166 168/168/168 169/169/169
f 170/170/170 171/171/171 172/172/172
f 170/170/170 172/172/172 173/173/173
f 173/173/173 174/174/174 170/170/170
f 173/173/173 175/175/175 174/174/174
f 176/176/176 177/177/177 178/178/178
f 176/176/176 178/178/178 179/179/179
f 180/180/180 181/181/181 182/182/182
f 180/180/180 182/182/182 183/183/183
f 184/184/184 185/185/185 186/186/186
f 184/184/184 186/186/186 187/187/187
f 188/188/188 187/187/187 186/186/186
f 188/188/188 186/186/186 189/189/189
f 190/190/190 191/191/191 192/192/192
f 190/190/190 192/192/192 193/193/193
f 194/194/194 195/195/195 196/196/196
f 194/194/194 196/196/196 197/197/197
f 198/198/198 199/199/199 200/200/200
f 198/198/198 201/201/201 199/199/199
f 198/198/198 202/202/202 201/201/201
f 202/202/202 198/198/198 203/203/203
f 204/204/204 202/202/202 203/203/203
f 205/205/205 202/202/202 204/204/204
f 205/205/205 204/204/204 206/206/206
f 206/206/206 204/204/204 207/207/207
f 208/208/208 206/206/206 207/207/207
f 208/208/208 209/209/209 206/206/206
f 210/210/210 209/209/209 208/208/208
f 210/210/210 211/211/211 209/209/209
f 210/210/210 212/212/212 211/211/211
f 210/210/210 213/213/213 212/212/212
f 214/214/214 215/215/215 216/216/216
f 214/214/214 216/216/216 217/217/217
f 217/217/217 216/216/216 218/218/218
f 217/217/217 218/218/218 219/219/219
f 220/220/220 219/219/219 218/218/218
f 220/220/220 218/218/218 221/221/221
f 218/218/218 222/222/222 221/221/221
f 218/218/218 223/223/223 222/222/222
f 223/223/223 224/224/224 222/222/222
f 225/225/225 222/222/222 224/224/224
f 225/225/225 221/221/221 222/222/222
f 225/225/225 226/226/226 221/221/221
f 225/225/225 227/227/227 226/226/226
f 228/228/228 227/227/227 225/225/225
f 228/228/228 225/225/225 229/229/229
f 230/230/230 228/228/228 229/229/229
f 230/230/230 229/229/229 231/231/231
f 232/232/232 233/233/233 234/234/234
f 232/232/232 234/234/234 235/235/235
f 236/236/236 237/237/237 238/238/238
f 236/236/236 239/239/239 237/237/237
f 239/239/239 240/240/240 237/237/237
f 241/241/241 240/240/240 239/239/239
f 242/242/242 240/240/240 241/241/241
f 243/243/243 240/240/240 242/242/242
f 242/242/242 244/244/244 243/243/243
f 245/245/245 244/244/244 242/242/242
f 244/244/244 245/245/245 246/246/246
f 244/244/244 246/246/246 247/247/247
f 247/247/247 246/246/246 248/248/248
f 248/248/248 246/246/246 249/249/249
f 250/250/250 251/251/251 252/252/252
f 250/250/250 253/253/253 251/251/251
f 253/253/253 254/254/254 251/251/251
f 253/253/253 255/255/255 254/254/254
f 253/253/253 256/256/256 255/255/255
f 253/253/253 250/250/250 256/256/256
f 250/250/250 257/257/257 256/256/256
f 250/250/250 258/258/258 257/257/257
f 259/259/259 256/256/256 257/257/257
f 257/257/257 260/260/260 259/259/259
f 257/257/257 261/261/261 260/260/260
f 260/260/260 262/262/262 259/259/259
f 263/263/263 264/264/264 265/265/265
f 263/263/263 266/266/266 264/264/264
f 267/267/267 268/268/268 269/269/269
f 267/267/267 269/269/269 270/270/270
f 267/267/267 270/270/270 271/271/271
f 267/267/267 271/271/271 272/272/272
f 273/273/273 274/274/274 275/275/275
f 273/273/273 275/275/275 276/276/276
f 277/277/277 278/278/278 279/279/279
f 277/277/277 279/279/279 280/280/280
f 281/281/281 282/282/282 283/283/283
f 281/281/281 283/283/283 284/284/284
f 285/285/285 286/286/286 287/287/287
f 285/285/285 287/287/287 288/288/288
f 288/288/288 287/287/287 289/289/289
f 288/288/288 289/289/289 290/290/290
f 291/291/291 290/290/290 289/289/289
f 291/291/291 292/292/292 290/290/290
f 291/291/291 293/293/293 292/292/292
f 291/291/291 294/294/294 293/293/293
f 295/295/295 293/293/293 294/294/294
f 295/295/295 294/294/294 296/296/296
f 297/297/297 298/298/298 299/299/299
f 297/297/297 300/300/300 298/298/298
f 301/301/301 298/298/298 300/300/300
f 301/301/301 300/300/300 302/302/302
f 302/302/302 303/303/303 301/301/301
f 302/302/302 304/304/304 303/303/303
f 305/305/305 303/303/303 304/304/304
f 305/305/305 306/306/306 303/303/303
f 306/306/306 305/305/305 307/307/307
f 306/306/306 307/307/307 308/308/308
f 309/309/309 310/310/310 311/311/311
f 309/309/309 311/311/311 312/312/312
f 313/313/313 314/314/314 315/315/315
f 313/313/313 316/316/316 314/314/314
f 316/316/316 317/317/317 314/314/314
f 318/318/318 317/317/317 316/316/316
f 318/318/318 319/319/319 317/317/317
f 318/318/318 320/320/320 319/319/319
f 319/319/319 320/320/320 321/321/321
f 319/319/319 321/321/321 322/322/322
f 323/323/323 322/322/322 321/321/321
f 323/323/323 324/324/324 322/322/322
f 325/325/325 326/326/326 327/327/327
f 325/325/325 327/327/327 328/328/328
f 329/329/329 325/325/325 328/328/328
f 329/329/329 330/330/330 325/325/325
f 331/331/331 332/332/332 333/333/333
f 331/331/331 333/333/333 334/334/334
f 335/335/335 331/331/331 334/334/334
f 335/335/335 336/336/336 331/331/331
f 337/337/337 338/338/338 339/339/339
f 337/337/337 339/339/339 340/340/340
f 340/340/340 339/339/339 341/341/341
f 340/340/340 341/341/341 342/342/342
f 343/343/343 342/342/342 341/341/341
f 343/343/343 344/344/344 342/342/342
f 345/345/345 344/344/344 343/343/343
f 345/345/345 343/343/343 346/346/346
f 347/347/347 345/345/345 346/346/346
f 347/347/347 346/346/346 348/348/348
f 349/349/349 350/350/350 351/351/351
f 349/349/349 351/351/351 352/352/352
f 353/353/353 354/354/354 355/355/355
f 353/353/353 355/355/355 356/356/356
f 357/357/357 358/358/358 359/359/359
f 357/357/357 359/359/359 360/360/360
f 357/357/357 360/360/360 361/361/361
f 357/357/357 361/361/361 362/362/362
f 363/363/363 364/364/364 365/365/365
f 363/363/363 365/365/365 366/366/366
f 365/365/365 367/367/367 366/366/366
f 365/365/365 368/368/368 367/367/367
f 369/369/369 370/370/370 371/371/371
f 369/369/369 371/371/371 372/372/372
f 373/373/373 374/374/374 375/375/375
f 373/373/373 375/375/375 376/376/376
f 377/377/377 373/373/373 376/376/376
f 377/377/377 378/378/378 373/373/373
f 379/379/379 380/380/380 381/381/381
f 379/379/379 381/381/381 382/382/382
f 382/382/382 381/381/381 383/383/383
f 382/382/382 383/383/383 384/384/384
f 385/385/385 386/386/386 387/387/387
f 385/385/385 387/387/387 388/388/388
f 389/389/389 390/390/390 391/391/391
f 389/389/389 391/391/391 392/392/392
f 393/393/393 394/394/394 395/395/395
f 393/393/393 395/395/395 396/396/396
f 397/397/397 398/398/398 399/399/399
f 397/397/397 399/399/399 400/400/400
f 401/401/401 402/402/402 403/403/403
f 401/401/401 403/403/403 404/404/404
f 405/405/405 406/406/406 407/407/407
f 405/405/405 408/408/408 406/406/406
f 409/409/409 410/410/410 411/411/411
f 409/409/409 412/412/412 410/410/410
f 413/413/413 414/414/414 415/415/415
f 413/413/413 416/416/416 414/414/414
f 417/417/417 418/418/418 419/419/419
f 417/417/417 419/419/419 420/420/420
f 421/421/421 422/422/422 423/423/423
f 421/421/421 424/424/424 422/422/422
f 422/422/422 424/424/424 425/425/425
f 422/422/422 425/425/425 426/426/426
f 427/427/427 428/428/428 429/429/429
f 429/429/429 428/428/428 430/430/430
f 428/428/428 431/431/431 430/430/430
f 431/431/431 428/428/428 432/432/432
f 431/431/431 432/432/432 433/433/433
f 433/433/433 432/432/432 434/434/434
f 435/435/435 436/436/436 437/437/437
f 435/435/435 437/437/437 438/438/438
f 439/439/439 440/440/440 441/441/441
f 439/439/439 441/441/441 442/442/442
f 443/443/443 444/444/444 445/445/445
f 443/443/443 445/445/445 446/446/446
f 447/447/447 448/448/448 449/449/449
f 447/447/447 449/449/449 450/450/450
f 451/451/451 452/452/452 453/453/453
f 451/451/451 453/453/453 454/454/454
f 455/455/455 456/456/456 457/457/457
f 455/455/455 457/457/457 458/458/458
f 459/459/459 460/460/460 461/461/461
f 459/459/459 461/461/461 462/462/462
f 463/463/463 464/464/464 465/465/465
f 463/463/463 465/465/465 466/466/466
f 467/467/467 468/468/468 469/469/469
f 467/467/467 469/469/469 470/470/470
f 471/471/471 472/472/472 473/473/473
f 471/471/471 473/473/473 474/474/474
f 475/475/475 476/476/476 477/477/477
f 475/475/475 477/477/477 478/478/478
f 479/479/479 480/480/480 481/481/481
f 479/479/479 482/482/482 480/480/480
f 482/482/482 483/483/483 480/480/480
f 482/482/482 484/484/484 483/483/483
f 484/484/484 485/485/485 483/483/483
f 484/484/484 486/486/486 485/485/485
f 485/485/485 486/486/486 487/487/487
f 485/485/485 487/487/487 488/488/488
f 489/489/489 488/488/488 487/487/487
f 489/489/489 490/490/490 488/488/488
f 491/491/491 492/492/492 493/493/493
f 491/491/491 493/493/493 494/494/494
f 493/493/493 495/495/495 494/494/494
f 493/493/493 496/496/496 495/495/495
f 497/497/497 498/498/498 499/499/499
f 497/497/497 499/499/499 500/500/500
f 501/501/501 502/502/502 503/503/503
f 501/501/501 503/503/503 504/504/504
f 505/505/505 506/506/506 507/507/507
f 505/505/505 508/508/508 506/506/506
f 509/509/509 508/508/508 505/505/505
f 509/509/509 505/505/505 510/510/510
f 511/511/511 512/512/512 513/513/513
f 511/511/511 514/514/514 512/512/512
f 514/514/514 515/515/515 512/512/512
f 514/514/514 516/516/516 515/515/515
f 516/516/516 517/517/517 515/515/515
f 516/516/516 518/518/518 517/517/517
f 519/519/519 517/517/517 518/518/518
f 519/519/519 520/520/520 517/517/517
f 521/521/521 520/520/520 519/519/519
f 521/521/521 522/522/522 520/520/520
f 523/523/523 524/524/524 525/525/525
f 523/523/523 525/525/525 526/526/526
f 527/527/527 526/526/526 525/525/525
f 527/527/527 528/528/528 526/526/526
f 529/529/529 530/530/530 531/531/531
f 529/529/529 531/531/531 532/532/532
f 533/533/533 534/534/534 535/535/535
f 533/533/533 536/536/536 534/534/534
f 537/537/537 534/534/534 536/536/536
f 537/537/537 538/538/538 534/534/534
f 539/539/539 540/540/540 541/541/541
f 539/539/539 541/541/541 542/542/542
f 543/543/543 544/544/544 545/545/545
f 543/543/543 545/545/545 546/546/546
f 547/547/547 548/548/548 549/549/549
f 547/547/547 549/549/549 550/550/550
f 551/551/551 547/547/547 550/550/550
f 551/551/551 550/550/550 552/552/552
f 553/553/553 554/554/554 555/555/555
f 556/556/556 554/554/554 553/553/553
f 557/557/557 554/554/554 556/556/556
f 558/558/558 559/559/559 560/560/560
f 559/559/559 558/558/558 561/561/561
f 561/561/561 558/558/558 562/562/562
f 563/563/563 564/564/564 565/565/565
f 563/563/563 565/565/565 566/566/566
f 567/567/567 568/568/568 569/569/569
f 567/567/567 569/569/569 570/570/570
f 571/571/571 572/572/572 573/573/573
f 571/571/571 573/573/573 574/574/574
f 575/575/575 576/576/576 577/577/577
f 575/575/575 578/578/578 576/576/576
f 576/576/576 578/578/578 579/579/579
f 576/576/576 579/579/579 580/580/580
f 581/581/581 582/582/582 583/583/583
f 581/581/581 583/583/583 584/584/584
f 584/584/584 583/583/583 585/585/585
f 584/584/584 585/585/585 586/586/586
f 587/587/587 588/588/588 589/589/589
f 587/587/587 590/590/590 588/588/588
f 591/591/591 590/590/590 587/587/587
f 591/591/591 587/587/587 592/592/592
f 593/593/593 594/594/594 595/595/595
f 593/593/593 595/595/595 596/596/596
f 597/597/597 598/598/598 599/599/599
f 597/597/597 599/599/599 600/600/600
f 601/601/601 602/602/602 603/603/603
f 601/601/601 604/604/604 602/602/602
f 605/605/605 604/604/604 601/601/601
f 605/605/605 601/601/601 606/606/606
f 607/607/607 608/608/608 609/609/609
f 609/609/609 608/608/608 610/610/610
f 609/609/609 610/610/610 611/611/611
f 610/610/610 608/608/608 612/612/612
f 610/610/610 612/612/612 613/613/613
f 612/612/612 608/608/608 614/614/614
f 615/615/615 616/616/616 617/617/617
f 618/618/618 616/616/616 615/615/615
f 618/618/618 619/619/619 616/616/616
f 619/619/619 618/618/618 620/620/620
f 621/621/621 619/619/619 620/620/620
f 622/622/622 619/619/619 621/621/621
f 623/623/623 624/624/624 625/625/625
f 625/625/625 624/624/624 626/626/626
f 625/625/625 626/626/626 627/627/627
f 626/626/626 624/624/624 628/628/628
f 626/626/626 628/628/628 629/629/629
f 628/628/628 624/624/624 630/630/630
f 631/631/631 632/632/632 633/633/633
f 632/632/632 634/634/634 633/633/633
f 633/633/633 634/634/634 635/635/635
f 636/636/636 637/637/637 638/638/638
f 639/639/639 636/636/636 638/638/638
f 636/636/636 640/640/640 637/637/637
f 636/636/636 639/639/639 641/641/641
f 642/642/642 640/640/640 636/636/636
f 636/636/636 641/641/641 642/642/642
