# Unturned item rip -> Godot (X+Z negated, winding reversed, RH Y-up)
v -0.356542 0.001053 0.043193
v -0.356542 -0.152241 0.054534
v -0.356542 -0.152241 0.219568
v -0.356542 0.001053 0.235046
v -0.356542 0.163453 0.054534
v -0.356542 0.163453 0.219568
v -0.396214 -0.193887 0.054534
v -0.396214 -0.193887 0.219568
v -0.000000 -0.215361 0.203065
v -0.000000 -0.215361 0.071037
v 0.396214 -0.193887 0.054534
v 0.396214 -0.193887 0.219568
v -0.417704 0.001052 0.235046
v -0.396214 0.217118 0.054534
v -0.396214 0.217118 0.219568
v -0.417704 0.001052 0.043193
v -0.396214 -0.193887 0.219568
v -0.396214 -0.193887 0.054534
v -0.356542 0.163453 0.219568
v -0.232714 0.166341 0.220588
v -0.157881 0.170429 0.187995
v -0.356542 0.163453 0.054534
v -0.157881 0.170429 0.053208
v -0.157881 0.237362 0.187995
v -0.244493 0.230534 0.220654
v -0.396214 0.217118 0.219568
v -0.396214 0.217118 0.054534
v -0.157881 0.237362 0.053208
v -0.157881 0.237362 0.053208
v -0.157881 0.170429 0.053208
v -0.157881 0.170429 0.187995
v -0.157881 0.237362 0.187995
v -0.000000 -0.152241 0.219568
v -0.356542 -0.152241 0.219568
v -0.356542 -0.152241 0.054534
v -0.000000 -0.152241 0.054534
v 0.356542 -0.152241 0.054534
v 0.356542 -0.152241 0.219568
v -0.157881 0.170429 0.187995
v -0.244493 0.230534 0.220654
v -0.157881 0.237362 0.187995
v -0.232714 0.166341 0.220588
v -0.356542 0.163453 0.219568
v -0.396214 0.217118 0.219568
v -0.356542 0.001053 0.235046
v -0.417704 0.001052 0.235046
v -0.396214 -0.193887 0.219568
v -0.356542 -0.152241 0.219568
v -0.000000 -0.215361 0.203065
v -0.000000 -0.152241 0.219568
v 0.396214 -0.193887 0.219568
v 0.356542 -0.152241 0.219568
v 0.356542 0.001053 0.235046
v 0.417704 0.001052 0.235046
v 0.356542 0.163453 0.219568
v 0.396214 0.217118 0.219568
v 0.244493 0.230534 0.220654
v 0.232714 0.166341 0.220588
v 0.157881 0.170429 0.187995
v 0.157881 0.237362 0.187995
v -0.000000 0.237936 0.064290
v -0.240313 0.225921 0.064290
v -0.291091 0.180089 0.064290
v -0.000000 0.180089 0.064290
v 0.291091 0.180089 0.064290
v 0.240313 0.225921 0.064290
v -0.000000 0.237936 0.064290
v -0.240313 0.225921 0.158456
v -0.240313 0.225921 0.064290
v -0.000000 0.237936 0.158456
v 0.240313 0.225921 0.158456
v 0.240313 0.225921 0.064290
v -0.000000 0.180089 0.158456
v -0.291091 0.180089 0.158456
v -0.240313 0.225921 0.158456
v -0.000000 0.237936 0.158456
v 0.240313 0.225921 0.158456
v 0.291091 0.180089 0.158456
v -0.356542 0.163453 0.054534
v -0.157881 0.170429 0.053208
v -0.157881 0.237362 0.053208
v -0.396214 0.217118 0.054534
v -0.356542 0.001053 0.043193
v -0.417704 0.001052 0.043193
v -0.396214 -0.193887 0.054534
v -0.356542 -0.152241 0.054534
v -0.000000 -0.215361 0.071037
v -0.000000 -0.152241 0.054534
v 0.356542 -0.152241 0.054534
v 0.396214 -0.193887 0.054534
v 0.417704 0.001052 0.043193
v 0.356542 0.001053 0.043193
v 0.396214 0.217118 0.054534
v 0.356542 0.163453 0.054534
v 0.157881 0.170429 0.053208
v 0.157881 0.237362 0.053208
v -0.291091 0.180089 0.064290
v -0.291091 0.180089 0.158456
v -0.000000 0.180089 0.158456
v -0.000000 0.180089 0.064290
v 0.291091 0.180089 0.064290
v 0.291091 0.180089 0.158456
v 0.356542 0.001053 0.235046
v 0.356542 -0.152241 0.219568
v 0.356542 -0.152241 0.054534
v 0.356542 0.001053 0.043193
v 0.356542 0.163453 0.219568
v 0.356542 0.163453 0.054534
v 0.417704 0.001052 0.235046
v 0.396214 0.217118 0.219568
v 0.396214 0.217118 0.054534
v 0.417704 0.001052 0.043193
v 0.396214 -0.193887 0.219568
v 0.396214 -0.193887 0.054534
v 0.157881 0.170429 0.187995
v 0.232714 0.166341 0.220588
v 0.356542 0.163453 0.219568
v 0.356542 0.163453 0.054534
v 0.157881 0.170429 0.053208
v 0.396214 0.217118 0.219568
v 0.244493 0.230534 0.220654
v 0.157881 0.237362 0.187995
v 0.396214 0.217118 0.054534
v 0.157881 0.237362 0.053208
v 0.157881 0.237362 0.053208
v 0.157881 0.237362 0.187995
v 0.157881 0.170429 0.187995
v 0.157881 0.170429 0.053208
v -0.223803 0.186197 0.099250
v -0.221329 0.184523 0.248137
v -0.228778 0.287642 0.244915
v -0.230999 0.285224 0.100483
v -0.230999 0.285224 0.100483
v -0.228778 0.287642 0.244915
v -0.362943 0.277866 0.247034
v -0.365164 0.275448 0.102602
v -0.362943 0.277866 0.247034
v -0.355495 0.174748 0.250256
v -0.357968 0.176422 0.101369
v -0.365164 0.275448 0.102602
v -0.357968 0.176422 0.101369
v -0.355495 0.174748 0.250256
v -0.221329 0.184523 0.248137
v -0.223803 0.186197 0.099250
v -0.362943 0.277866 0.247034
v -0.228778 0.287642 0.244915
v -0.221329 0.184523 0.248137
v -0.355495 0.174748 0.250256
v -0.368949 0.164965 0.121886
v -0.370612 0.166090 0.021801
v -0.379134 0.285691 0.033949
v -0.377521 0.281774 0.123342
v -0.210639 0.176500 0.119386
v -0.219210 0.293309 0.120841
v -0.220824 0.297226 0.031449
v -0.212301 0.177625 0.019301
v -0.220824 0.297226 0.031449
v -0.379134 0.285691 0.033949
v -0.370612 0.166090 0.021801
v -0.212301 0.177625 0.019301
v -0.212301 0.177625 0.019301
v -0.289375 0.170449 0.145826
v -0.210639 0.176500 0.119386
v -0.370612 0.166090 0.021801
v -0.368949 0.164965 0.121886
v -0.289375 0.170449 0.145826
v -0.219210 0.293309 0.120841
v -0.210639 0.176500 0.119386
v -0.298213 0.293306 0.147354
v -0.377521 0.281774 0.123342
v -0.368949 0.164965 0.121886
v -0.379134 0.285691 0.033949
v -0.298213 0.293306 0.147354
v -0.377521 0.281774 0.123342
v -0.220824 0.297226 0.031449
v -0.219210 0.293309 0.120841
v 0.222979 0.186685 0.100623
v 0.231809 0.287209 0.246742
v 0.223956 0.184108 0.249514
v 0.230663 0.285668 0.102286
v 0.230663 0.285668 0.102286
v 0.365940 0.276813 0.245682
v 0.231809 0.287209 0.246742
v 0.364794 0.275273 0.101225
v 0.365940 0.276813 0.245682
v 0.357110 0.176289 0.099562
v 0.358088 0.173712 0.248453
v 0.364794 0.275273 0.101225
v 0.357110 0.176289 0.099562
v 0.223956 0.184108 0.249514
v 0.358088 0.173712 0.248453
v 0.222979 0.186685 0.100623
v 0.365940 0.276813 0.245682
v 0.223956 0.184108 0.249514
v 0.231809 0.287209 0.246742
v 0.358088 0.173712 0.248453
v 0.368511 0.164657 0.119748
v 0.377214 0.285874 0.032329
v 0.367854 0.166390 0.019660
v 0.377659 0.281415 0.121709
v 0.210240 0.176923 0.121000
v 0.218944 0.298140 0.033580
v 0.219388 0.293682 0.122961
v 0.209583 0.178656 0.020912
v 0.218944 0.298140 0.033580
v 0.367854 0.166390 0.019660
v 0.377214 0.285874 0.032329
v 0.209583 0.178656 0.020912
v 0.209583 0.178656 0.020912
v 0.210240 0.176923 0.121000
v 0.289541 0.170354 0.145565
v 0.367854 0.166390 0.019660
v 0.368511 0.164657 0.119748
v 0.289541 0.170354 0.145565
v 0.210240 0.176923 0.121000
v 0.219388 0.293682 0.122961
v 0.298985 0.293158 0.147629
v 0.377659 0.281415 0.121709
v 0.368511 0.164657 0.119748
v 0.377214 0.285874 0.032329
v 0.377659 0.281415 0.121709
v 0.298985 0.293158 0.147629
v 0.218944 0.298140 0.033580
v 0.219388 0.293682 0.122961
v -0.368944 0.198401 0.178993
v -0.425714 0.193703 0.178993
v -0.425714 0.193703 0.097177
v -0.368944 0.198401 0.097177
v -0.425714 0.193703 0.178993
v -0.450561 -0.006408 0.178993
v -0.450561 -0.006408 0.097177
v -0.425714 0.193703 0.097177
v -0.450561 -0.006408 0.178993
v -0.396664 -0.024847 0.178993
v -0.396664 -0.024847 0.097177
v -0.450561 -0.006408 0.097177
v -0.368944 0.198401 0.178993
v -0.396664 -0.024847 0.178993
v -0.450561 -0.006408 0.178993
v -0.425714 0.193703 0.178993
v -0.425714 0.193703 0.097177
v -0.450561 -0.006408 0.097177
v -0.396664 -0.024847 0.097177
v -0.368944 0.198401 0.097177
v -0.478418 -0.078611 0.047492
v -0.415572 -0.070160 0.042495
v -0.414369 -0.068474 0.082881
v -0.474845 -0.076638 0.085022
v -0.478418 -0.078611 0.047492
v -0.467250 -0.160530 0.050578
v -0.404404 -0.152079 0.045581
v -0.415572 -0.070160 0.042495
v -0.403201 -0.150394 0.085967
v -0.404404 -0.152079 0.045581
v -0.467250 -0.160530 0.050578
v -0.463677 -0.158558 0.088108
v -0.414369 -0.068474 0.082881
v -0.415572 -0.070160 0.042495
v -0.404404 -0.152079 0.045581
v -0.403201 -0.150394 0.085967
v -0.463677 -0.158558 0.088108
v -0.467250 -0.160530 0.050578
v -0.478418 -0.078611 0.047492
v -0.474845 -0.076638 0.085022
v -0.406513 -0.052486 0.079354
v -0.402913 -0.047439 0.200297
v -0.485933 -0.058926 0.195814
v -0.487311 -0.063335 0.082212
v -0.391323 -0.163910 0.083552
v -0.472121 -0.174758 0.086410
v -0.470743 -0.170349 0.200012
v -0.387723 -0.158862 0.204495
v -0.487311 -0.063335 0.082212
v -0.472121 -0.174758 0.086410
v -0.391323 -0.163910 0.083552
v -0.406513 -0.052486 0.079354
v -0.470743 -0.170349 0.200012
v -0.485933 -0.058926 0.195814
v -0.402913 -0.047439 0.200297
v -0.387723 -0.158862 0.204495
v -0.485933 -0.058926 0.195814
v -0.470743 -0.170349 0.200012
v -0.472121 -0.174758 0.086410
v -0.487311 -0.063335 0.082212
v 0.044951 0.172666 0.169092
v 0.043297 0.250114 0.169092
v 0.043297 0.250114 0.053653
v 0.044951 0.172666 0.053653
v 0.043297 0.250114 0.169092
v -0.045298 0.248223 0.169092
v -0.045298 0.248223 0.053653
v 0.043297 0.250114 0.053653
v -0.045298 0.248223 0.169092
v -0.043645 0.170774 0.169092
v -0.043645 0.170774 0.053653
v -0.045298 0.248223 0.053653
v -0.043645 0.170774 0.169092
v 0.044951 0.172666 0.169092
v 0.044951 0.172666 0.053653
v -0.043645 0.170774 0.053653
v 0.043297 0.250114 0.169092
v 0.044951 0.172666 0.169092
v -0.043645 0.170774 0.169092
v -0.045298 0.248223 0.169092
v -0.045298 0.248223 0.053653
v -0.043645 0.170774 0.053653
v 0.044951 0.172666 0.053653
v 0.043297 0.250114 0.053653
v 0.421680 -0.050553 0.236460
v 0.421877 0.047177 0.239113
v 0.420839 0.052671 0.036799
v 0.420643 -0.045059 0.034146
v 0.421877 0.047177 0.239113
v 0.360664 0.047291 0.239430
v 0.359626 0.052785 0.037116
v 0.420839 0.052671 0.036799
v 0.360664 0.047291 0.239430
v 0.360467 -0.050438 0.236777
v 0.359430 -0.044944 0.034463
v 0.359626 0.052785 0.037116
v 0.360467 -0.050438 0.236777
v 0.421680 -0.050553 0.236460
v 0.420643 -0.045059 0.034146
v 0.359430 -0.044944 0.034463
v 0.421877 0.047177 0.239113
v 0.421680 -0.050553 0.236460
v 0.360467 -0.050438 0.236777
v 0.360664 0.047291 0.239430
v 0.359626 0.052785 0.037116
v 0.359430 -0.044944 0.034463
v 0.420643 -0.045059 0.034146
v 0.420839 0.052671 0.036799
v 0.361822 -0.038039 0.208990
v 0.485412 -0.051559 0.201538
v 0.480548 -0.046422 0.118935
v 0.379113 -0.033388 0.090171
v 0.485412 -0.051559 0.201538
v 0.495049 0.026608 0.206000
v 0.490185 0.031745 0.123397
v 0.480548 -0.046422 0.118935
v 0.495049 0.026608 0.206000
v 0.371459 0.040128 0.213452
v 0.388750 0.044779 0.094633
v 0.490185 0.031745 0.123397
v 0.361822 -0.038039 0.208990
v 0.371459 0.040128 0.213452
v 0.495049 0.026608 0.206000
v 0.485412 -0.051559 0.201538
v 0.480548 -0.046422 0.118935
v 0.490185 0.031745 0.123397
v 0.388750 0.044779 0.094633
v 0.379113 -0.033388 0.090171
v 0.407022 -0.089163 0.268432
v 0.391183 -0.109054 0.190924
v 0.401254 -0.071563 0.218811
v 0.400168 -0.136472 0.268226
v 0.417482 -0.074370 0.318194
v 0.416464 -0.113426 0.345747
v 0.428640 -0.032832 0.349091
v 0.433845 -0.048718 0.393878
v 0.436233 0.019582 0.349319
v 0.445674 0.032935 0.394234
v 0.437361 0.062854 0.318793
v 0.447431 0.100344 0.346679
v 0.431593 0.080454 0.269172
v 0.438447 0.127762 0.269378
v 0.421133 0.065660 0.219409
v 0.422151 0.104716 0.191856
v 0.527774 0.156324 0.300249
v 0.514055 0.127958 0.325500
v 0.478932 0.147564 0.329026
v 0.492773 0.176184 0.303548
v 0.478932 0.147564 0.329026
v 0.514055 0.127958 0.325500
v 0.468868 0.064284 0.229418
v 0.433745 0.083889 0.232943
v 0.514055 0.127958 0.325500
v 0.527774 0.156324 0.300249
v 0.482587 0.092650 0.204167
v 0.468868 0.064284 0.229418
v 0.527774 0.156324 0.300249
v 0.492773 0.176184 0.303548
v 0.447586 0.112509 0.207466
v 0.482587 0.092650 0.204167
v 0.492773 0.176184 0.303548
v 0.478932 0.147564 0.329026
v 0.433745 0.083889 0.232943
v 0.447586 0.112509 0.207466
v 0.445601 -0.159712 0.403894
v 0.454990 -0.121434 0.412674
v 0.493884 -0.128751 0.404662
v 0.484411 -0.167372 0.395804
v 0.493884 -0.128751 0.404662
v 0.454990 -0.121434 0.412674
v 0.437132 -0.088185 0.294402
v 0.476026 -0.095502 0.286391
v 0.454990 -0.121434 0.412674
v 0.445601 -0.159712 0.403894
v 0.427743 -0.126463 0.285622
v 0.437132 -0.088185 0.294402
v 0.445601 -0.159712 0.403894
v 0.484411 -0.167372 0.395804
v 0.466553 -0.134123 0.277533
v 0.427743 -0.126463 0.285622
v 0.484411 -0.167372 0.395804
v 0.493884 -0.128751 0.404662
v 0.476026 -0.095502 0.286391
v 0.466553 -0.134123 0.277533
v -0.425068 0.108101 0.194184
v -0.455761 0.110786 0.194184
v -0.452083 0.106404 0.072561
v -0.429450 0.104423 0.072561
v -0.427753 0.077408 0.194184
v -0.425068 0.108101 0.194184
v -0.429450 0.104423 0.072561
v -0.431430 0.081790 0.072561
v -0.458446 0.080093 0.194184
v -0.427753 0.077408 0.194184
v -0.431430 0.081790 0.072561
v -0.454064 0.083770 0.072561
v -0.425068 0.108101 0.194184
v -0.427753 0.077408 0.194184
v -0.458446 0.080093 0.194184
v -0.455761 0.110786 0.194184
v -0.455761 0.110786 0.194184
v -0.458446 0.080093 0.194184
v -0.454064 0.083770 0.072561
v -0.452083 0.106404 0.072561
v -0.452083 0.106404 0.072561
v -0.454064 0.083770 0.072561
v -0.431430 0.081790 0.072561
v -0.429450 0.104423 0.072561
v -0.418706 0.138914 0.194184
v -0.448834 0.145360 0.194184
v -0.445725 0.140558 0.072561
v -0.423508 0.135805 0.072561
v -0.425152 0.108786 0.194184
v -0.418706 0.138914 0.194184
v -0.423508 0.135805 0.072561
v -0.428261 0.113588 0.072561
v -0.455280 0.115232 0.194184
v -0.425152 0.108786 0.194184
v -0.428261 0.113588 0.072561
v -0.450478 0.118341 0.072561
v -0.418706 0.138914 0.194184
v -0.425152 0.108786 0.194184
v -0.455280 0.115232 0.194184
v -0.448834 0.145360 0.194184
v -0.448834 0.145360 0.194184
v -0.455280 0.115232 0.194184
v -0.450478 0.118341 0.072561
v -0.445725 0.140558 0.072561
v -0.445725 0.140558 0.072561
v -0.450478 0.118341 0.072561
v -0.428261 0.113588 0.072561
v -0.423508 0.135805 0.072561
v -0.429781 0.040541 0.194184
v -0.460474 0.043227 0.194184
v -0.456797 0.038844 0.072561
v -0.434163 0.036864 0.072561
v -0.432466 0.009848 0.194184
v -0.429781 0.040541 0.194184
v -0.434163 0.036864 0.072561
v -0.436144 0.014231 0.072561
v -0.463159 0.012534 0.194184
v -0.432466 0.009848 0.194184
v -0.436144 0.014231 0.072561
v -0.458777 0.016211 0.072561
v -0.429781 0.040541 0.194184
v -0.432466 0.009848 0.194184
v -0.463159 0.012534 0.194184
v -0.460474 0.043227 0.194184
v -0.460474 0.043227 0.194184
v -0.463159 0.012534 0.194184
v -0.458777 0.016211 0.072561
v -0.456797 0.038844 0.072561
v -0.456797 0.038844 0.072561
v -0.458777 0.016211 0.072561
v -0.436144 0.014231 0.072561
v -0.434163 0.036864 0.072561
v -0.427039 0.071804 0.194184
v -0.457167 0.078250 0.194184
v -0.454058 0.073448 0.072561
v -0.431841 0.068695 0.072561
v -0.433485 0.041676 0.194184
v -0.427039 0.071804 0.194184
v -0.431841 0.068695 0.072561
v -0.436594 0.046478 0.072561
v -0.463613 0.048122 0.194184
v -0.433485 0.041676 0.194184
v -0.436594 0.046478 0.072561
v -0.458811 0.051231 0.072561
v -0.427039 0.071804 0.194184
v -0.433485 0.041676 0.194184
v -0.463613 0.048122 0.194184
v -0.457167 0.078250 0.194184
v -0.457167 0.078250 0.194184
v -0.463613 0.048122 0.194184
v -0.458811 0.051231 0.072561
v -0.454058 0.073448 0.072561
v -0.454058 0.073448 0.072561
v -0.458811 0.051231 0.072561
v -0.436594 0.046478 0.072561
v -0.431841 0.068695 0.072561
v -0.413261 0.175908 0.194184
v -0.443997 0.178046 0.194184
v -0.440243 0.173730 0.072561
v -0.417578 0.172153 0.072561
v -0.415400 0.145172 0.194184
v -0.413261 0.175908 0.194184
v -0.417578 0.172153 0.072561
v -0.419154 0.149488 0.072561
v -0.446136 0.147310 0.194184
v -0.415400 0.145172 0.194184
v -0.419154 0.149488 0.072561
v -0.441819 0.151065 0.072561
v -0.413261 0.175908 0.194184
v -0.415400 0.145172 0.194184
v -0.446136 0.147310 0.194184
v -0.443997 0.178046 0.194184
v -0.443997 0.178046 0.194184
v -0.446136 0.147310 0.194184
v -0.441819 0.151065 0.072561
v -0.440243 0.173730 0.072561
v -0.440243 0.173730 0.072561
v -0.441819 0.151065 0.072561
v -0.419154 0.149488 0.072561
v -0.417578 0.172153 0.072561
v 0.506191 0.008786 0.334093
v 0.507262 0.049888 0.305098
v 0.437361 0.062854 0.318793
v 0.436233 0.019582 0.349319
v 0.431593 0.080454 0.269172
v 0.498979 -0.040999 0.333876
v 0.501784 0.066605 0.257965
v 0.428640 -0.032832 0.349091
v 0.421133 0.065660 0.219409
v 0.488381 -0.080453 0.304529
v 0.491848 0.052553 0.210699
v 0.417482 -0.074370 0.318194
v 0.409975 0.024123 0.188513
v 0.478445 -0.094505 0.257263
v 0.481250 0.013099 0.181352
v 0.407022 -0.089163 0.268432
v 0.402382 -0.028292 0.188284
v 0.472967 -0.077788 0.210130
v 0.474038 -0.036686 0.181135
v 0.401254 -0.071563 0.218811
v 0.491848 0.052553 0.210699
v 0.492867 0.091609 0.183146
v 0.476045 0.028985 0.136564
v 0.481250 0.013099 0.181352
v 0.501784 0.066605 0.257965
v 0.464597 -0.050039 0.136220
v 0.508637 0.113914 0.258172
v 0.474038 -0.036686 0.181135
v 0.507262 0.049888 0.305098
v 0.462896 -0.115278 0.182244
v 0.517333 0.087378 0.332984
v 0.472967 -0.077788 0.210130
v 0.506191 0.008786 0.334093
v 0.471592 -0.141814 0.257056
v 0.515632 0.022139 0.379008
v 0.478445 -0.094505 0.257263
v 0.498979 -0.040999 0.333876
v 0.487362 -0.119510 0.332082
v 0.504184 -0.056885 0.378664
v 0.488381 -0.080453 0.304529
v 0.426149 0.042803 0.169217
v 0.421903 0.063120 0.128561
v 0.445985 0.130113 0.192791
v 0.413043 -0.023093 0.161135
v 0.443145 0.090084 0.214549
v 0.403334 -0.030248 0.117109
v 0.466379 0.145142 0.285266
v 0.408834 -0.082433 0.193389
v 0.457539 0.100691 0.279814
v 0.397369 -0.114327 0.162811
v 0.475298 0.102467 0.370664
v 0.415128 -0.112552 0.253660
v 0.463833 0.070572 0.340085
v 0.406287 -0.157002 0.248208
v 0.469333 0.018388 0.416365
v 0.429522 -0.101944 0.318926
v 0.459623 0.011232 0.372339
v 0.426682 -0.141973 0.340684
v 0.450763 -0.074980 0.404914
v 0.446517 -0.054663 0.364257
v 0.477053 0.081009 0.209675
v 0.479893 0.121038 0.187917
v 0.456359 0.055567 0.125146
v 0.460604 0.035250 0.165803
v 0.490983 0.091275 0.272839
v 0.438211 -0.035679 0.113955
v 0.499824 0.135725 0.278291
v 0.447921 -0.028524 0.157981
v 0.497075 0.062126 0.331169
v 0.432382 -0.117848 0.158618
v 0.508540 0.094020 0.361748
v 0.443847 -0.085954 0.189197
v 0.493001 0.004696 0.362385
v 0.441097 -0.159553 0.242075
v 0.502710 0.011851 0.406411
v 0.449938 -0.115103 0.247527
v 0.480317 -0.059078 0.354564
v 0.461029 -0.144866 0.332449
v 0.484563 -0.079395 0.395220
v 0.463868 -0.104837 0.310692
v 0.476045 0.028985 0.136564
v 0.492867 0.091609 0.183146
v 0.422151 0.104716 0.191856
v 0.404770 0.040008 0.143725
v 0.438447 0.127762 0.269378
v 0.464597 -0.050039 0.136220
v 0.508637 0.113914 0.258172
v 0.392941 -0.041644 0.143369
v 0.447431 0.100344 0.346679
v 0.462896 -0.115278 0.182244
v 0.517333 0.087378 0.332984
v 0.391183 -0.109054 0.190924
v 0.445674 0.032935 0.394234
v 0.471592 -0.141814 0.257056
v 0.515632 0.022139 0.379008
v 0.400168 -0.136472 0.268226
v 0.433845 -0.048718 0.393878
v 0.487362 -0.119510 0.332082
v 0.504184 -0.056885 0.378664
v 0.416464 -0.113426 0.345747
v 0.456359 0.055567 0.125146
v 0.479893 0.121038 0.187917
v 0.445985 0.130113 0.192791
v 0.421903 0.063120 0.128561
v 0.466379 0.145142 0.285266
v 0.438211 -0.035679 0.113955
v 0.499824 0.135725 0.278291
v 0.403334 -0.030248 0.117109
v 0.475298 0.102467 0.370664
v 0.432382 -0.117848 0.158618
v 0.508540 0.094020 0.361748
v 0.397369 -0.114327 0.162811
v 0.469333 0.018388 0.416365
v 0.441097 -0.159553 0.242075
v 0.502710 0.011851 0.406411
v 0.406287 -0.157002 0.248208
v 0.450763 -0.074980 0.404914
v 0.461029 -0.144866 0.332449
v 0.484563 -0.079395 0.395220
v 0.426682 -0.141973 0.340684
vt 0.394894004 0.943659008
vt 0.394894004 0.943659008
vt 0.394894004 0.943659008
vt 0.394894004 0.943659008
vt 0.394894004 0.943659008
vt 0.394894004 0.943659008
vt 0.394894004 0.943659008
vt 0.394894004 0.943659008
vt 0.394894004 0.943659008
vt 0.394894004 0.943659008
vt 0.394894004 0.943659008
vt 0.394894004 0.943659008
vt 0.394894004 0.943659008
vt 0.394894004 0.943659008
vt 0.394894004 0.943659008
vt 0.394894004 0.943659008
vt 0.394894004 0.943659008
vt 0.394894004 0.943659008
vt 0.394894004 0.943659008
vt 0.394894004 0.943659008
vt 0.394894004 0.943659008
vt 0.394894004 0.943659008
vt 0.394894004 0.943659008
vt 0.394894004 0.943659008
vt 0.394894004 0.943659008
vt 0.394894004 0.943659008
vt 0.394894004 0.943659008
vt 0.394894004 0.943659008
vt 0.394894004 0.943659008
vt 0.394894004 0.943659008
vt 0.394894004 0.943659008
vt 0.394894004 0.943659008
vt 0.394894004 0.943659008
vt 0.394894004 0.943659008
vt 0.394894004 0.943659008
vt 0.394894004 0.943659008
vt 0.394894004 0.943659008
vt 0.394894004 0.943659008
vt 0.394894004 0.943659008
vt 0.394894004 0.943659008
vt 0.394894004 0.943659008
vt 0.394894004 0.943659008
vt 0.394894004 0.943659008
vt 0.394894004 0.943659008
vt 0.394894004 0.943659008
vt 0.394894004 0.943659008
vt 0.394894004 0.943659008
vt 0.394894004 0.943659008
vt 0.394894004 0.943659008
vt 0.394894004 0.943659008
vt 0.394894004 0.943659008
vt 0.394894004 0.943659008
vt 0.394894004 0.943659008
vt 0.394894004 0.943659008
vt 0.394894004 0.943659008
vt 0.394894004 0.943659008
vt 0.394894004 0.943659008
vt 0.394894004 0.943659008
vt 0.394894004 0.943659008
vt 0.394894004 0.943659008
vt 0.141530007 0.677498996
vt 0.141530007 0.677498996
vt 0.141530007 0.677498996
vt 0.141530007 0.677498996
vt 0.141530007 0.677498996
vt 0.141530007 0.677498996
vt 0.141530007 0.677498996
vt 0.141530007 0.677498996
vt 0.141530007 0.677498996
vt 0.141530007 0.677498996
vt 0.141530007 0.677498996
vt 0.141530007 0.677498996
vt 0.141530007 0.677498996
vt 0.141530007 0.677498996
vt 0.141530007 0.677498996
vt 0.141530007 0.677498996
vt 0.141530007 0.677498996
vt 0.141530007 0.677498996
vt 0.394894004 0.943659008
vt 0.394894004 0.943659008
vt 0.394894004 0.943659008
vt 0.394894004 0.943659008
vt 0.394894004 0.943659008
vt 0.394894004 0.943659008
vt 0.394894004 0.943659008
vt 0.394894004 0.943659008
vt 0.394894004 0.943659008
vt 0.394894004 0.943659008
vt 0.394894004 0.943659008
vt 0.394894004 0.943659008
vt 0.394894004 0.943659008
vt 0.394894004 0.943659008
vt 0.394894004 0.943659008
vt 0.394894004 0.943659008
vt 0.394894004 0.943659008
vt 0.394894004 0.943659008
vt 0.141530007 0.677498996
vt 0.141530007 0.677498996
vt 0.141530007 0.677498996
vt 0.141530007 0.677498996
vt 0.141530007 0.677498996
vt 0.141530007 0.677498996
vt 0.394894004 0.943659008
vt 0.394894004 0.943659008
vt 0.394894004 0.943659008
vt 0.394894004 0.943659008
vt 0.394894004 0.943659008
vt 0.394894004 0.943659008
vt 0.394894004 0.943659008
vt 0.394894004 0.943659008
vt 0.394894004 0.943659008
vt 0.394894004 0.943659008
vt 0.394894004 0.943659008
vt 0.394894004 0.943659008
vt 0.394894004 0.943659008
vt 0.394894004 0.943659008
vt 0.394894004 0.943659008
vt 0.394894004 0.943659008
vt 0.394894004 0.943659008
vt 0.394894004 0.943659008
vt 0.394894004 0.943659008
vt 0.394894004 0.943659008
vt 0.394894004 0.943659008
vt 0.394894004 0.943659008
vt 0.394894004 0.943659008
vt 0.394894004 0.943659008
vt 0.394894004 0.943659008
vt 0.394894004 0.943659008
vt 0.322670996 0.823288023
vt 0.322670996 0.823288023
vt 0.322670996 0.823288023
vt 0.322670996 0.823288023
vt 0.322670996 0.823288023
vt 0.322670996 0.823288023
vt 0.322670996 0.823288023
vt 0.322670996 0.823288023
vt 0.322670996 0.823288023
vt 0.322670996 0.823288023
vt 0.322670996 0.823288023
vt 0.322670996 0.823288023
vt 0.322670996 0.823288023
vt 0.322670996 0.823288023
vt 0.322670996 0.823288023
vt 0.322670996 0.823288023
vt 0.322670996 0.823288023
vt 0.322670996 0.823288023
vt 0.322670996 0.823288023
vt 0.322670996 0.823288023
vt 0.130079001 0.808242023
vt 0.130079001 0.808242023
vt 0.130079001 0.808242023
vt 0.130079001 0.808242023
vt 0.130079001 0.808242023
vt 0.130079001 0.808242023
vt 0.130079001 0.808242023
vt 0.130079001 0.808242023
vt 0.130079001 0.808242023
vt 0.130079001 0.808242023
vt 0.130079001 0.808242023
vt 0.130079001 0.808242023
vt 0.130079001 0.808242023
vt 0.130079001 0.808242023
vt 0.130079001 0.808242023
vt 0.130079001 0.808242023
vt 0.130079001 0.808242023
vt 0.130079001 0.808242023
vt 0.130079001 0.808242023
vt 0.130079001 0.808242023
vt 0.130079001 0.808242023
vt 0.130079001 0.808242023
vt 0.130079001 0.808242023
vt 0.130079001 0.808242023
vt 0.130079001 0.808242023
vt 0.130079001 0.808242023
vt 0.130079001 0.808242023
vt 0.130079001 0.808242023
vt 0.322670996 0.823288023
vt 0.322670996 0.823288023
vt 0.322670996 0.823288023
vt 0.322670996 0.823288023
vt 0.322670996 0.823288023
vt 0.322670996 0.823288023
vt 0.322670996 0.823288023
vt 0.322670996 0.823288023
vt 0.322670996 0.823288023
vt 0.322670996 0.823288023
vt 0.322670996 0.823288023
vt 0.322670996 0.823288023
vt 0.322670996 0.823288023
vt 0.322670996 0.823288023
vt 0.322670996 0.823288023
vt 0.322670996 0.823288023
vt 0.322670996 0.823288023
vt 0.322670996 0.823288023
vt 0.322670996 0.823288023
vt 0.322670996 0.823288023
vt 0.130079001 0.808242023
vt 0.130079001 0.808242023
vt 0.130079001 0.808242023
vt 0.130079001 0.808242023
vt 0.130079001 0.808242023
vt 0.130079001 0.808242023
vt 0.130079001 0.808242023
vt 0.130079001 0.808242023
vt 0.130079001 0.808242023
vt 0.130079001 0.808242023
vt 0.130079001 0.808242023
vt 0.130079001 0.808242023
vt 0.130079001 0.808242023
vt 0.130079001 0.808242023
vt 0.130079001 0.808242023
vt 0.130079001 0.808242023
vt 0.130079001 0.808242023
vt 0.130079001 0.808242023
vt 0.130079001 0.808242023
vt 0.130079001 0.808242023
vt 0.130079001 0.808242023
vt 0.130079001 0.808242023
vt 0.130079001 0.808242023
vt 0.130079001 0.808242023
vt 0.130079001 0.808242023
vt 0.130079001 0.808242023
vt 0.130079001 0.808242023
vt 0.130079001 0.808242023
vt 0.130079001 0.808242023
vt 0.130079001 0.808242023
vt 0.130079001 0.808242023
vt 0.130079001 0.808242023
vt 0.130079001 0.808242023
vt 0.130079001 0.808242023
vt 0.130079001 0.808242023
vt 0.130079001 0.808242023
vt 0.130079001 0.808242023
vt 0.130079001 0.808242023
vt 0.130079001 0.808242023
vt 0.130079001 0.808242023
vt 0.130079001 0.808242023
vt 0.130079001 0.808242023
vt 0.130079001 0.808242023
vt 0.130079001 0.808242023
vt 0.130079001 0.808242023
vt 0.130079001 0.808242023
vt 0.130079001 0.808242023
vt 0.130079001 0.808242023
vt 0.376837999 0.429078013
vt 0.376837999 0.429078013
vt 0.376837999 0.429078013
vt 0.376837999 0.429078013
vt 0.376837999 0.429078013
vt 0.376837999 0.429078013
vt 0.376837999 0.429078013
vt 0.376837999 0.429078013
vt 0.376837999 0.429078013
vt 0.376837999 0.429078013
vt 0.376837999 0.429078013
vt 0.376837999 0.429078013
vt 0.376837999 0.429078013
vt 0.376837999 0.429078013
vt 0.376837999 0.429078013
vt 0.376837999 0.429078013
vt 0.376837999 0.429078013
vt 0.376837999 0.429078013
vt 0.376837999 0.429078013
vt 0.376837999 0.429078013
vt 0.130079001 0.808242023
vt 0.130079001 0.808242023
vt 0.130079001 0.808242023
vt 0.130079001 0.808242023
vt 0.130079001 0.808242023
vt 0.130079001 0.808242023
vt 0.130079001 0.808242023
vt 0.130079001 0.808242023
vt 0.130079001 0.808242023
vt 0.130079001 0.808242023
vt 0.130079001 0.808242023
vt 0.130079001 0.808242023
vt 0.130079001 0.808242023
vt 0.130079001 0.808242023
vt 0.130079001 0.808242023
vt 0.130079001 0.808242023
vt 0.130079001 0.808242023
vt 0.130079001 0.808242023
vt 0.130079001 0.808242023
vt 0.130079001 0.808242023
vt 0.635632992 0.808242977
vt 0.635632992 0.808242977
vt 0.635632992 0.808242977
vt 0.635632992 0.808242977
vt 0.635632992 0.808242977
vt 0.635632992 0.808242977
vt 0.635632992 0.808242977
vt 0.635632992 0.808242977
vt 0.635632992 0.808242977
vt 0.635632992 0.808242977
vt 0.635632992 0.808242977
vt 0.635632992 0.808242977
vt 0.635632992 0.808242977
vt 0.635632992 0.808242977
vt 0.635632992 0.808242977
vt 0.635632992 0.808242977
vt 0.635632992 0.808242977
vt 0.635632992 0.808242977
vt 0.635632992 0.808242977
vt 0.635632992 0.808242977
vt 0.635632992 0.808242977
vt 0.635632992 0.808242977
vt 0.635632992 0.808242977
vt 0.635632992 0.808242977
vt 0.328689009 0.787177026
vt 0.328689009 0.787177026
vt 0.328689009 0.787177026
vt 0.328689009 0.787177026
vt 0.328689009 0.787177026
vt 0.328689009 0.787177026
vt 0.328689009 0.787177026
vt 0.328689009 0.787177026
vt 0.328689009 0.787177026
vt 0.328689009 0.787177026
vt 0.328689009 0.787177026
vt 0.328689009 0.787177026
vt 0.328689009 0.787177026
vt 0.328689009 0.787177026
vt 0.328689009 0.787177026
vt 0.328689009 0.787177026
vt 0.328689009 0.787177026
vt 0.328689009 0.787177026
vt 0.328689009 0.787177026
vt 0.328689009 0.787177026
vt 0.328689009 0.787177026
vt 0.328689009 0.787177026
vt 0.328689009 0.787177026
vt 0.328689009 0.787177026
vt 0.130079001 0.808242023
vt 0.130079001 0.808242023
vt 0.130079001 0.808242023
vt 0.130079001 0.808242023
vt 0.130079001 0.808242023
vt 0.130079001 0.808242023
vt 0.130079001 0.808242023
vt 0.130079001 0.808242023
vt 0.130079001 0.808242023
vt 0.130079001 0.808242023
vt 0.130079001 0.808242023
vt 0.130079001 0.808242023
vt 0.130079001 0.808242023
vt 0.130079001 0.808242023
vt 0.130079001 0.808242023
vt 0.130079001 0.808242023
vt 0.130079001 0.808242023
vt 0.130079001 0.808242023
vt 0.130079001 0.808242023
vt 0.130079001 0.808242023
vt 0.870353997 0.438106
vt 0.870353997 0.438106
vt 0.870353997 0.438106
vt 0.870353997 0.438106
vt 0.870353997 0.438106
vt 0.870353997 0.438106
vt 0.870353997 0.438106
vt 0.870353997 0.438106
vt 0.870353997 0.438106
vt 0.870353997 0.438106
vt 0.870353997 0.438106
vt 0.870353997 0.438106
vt 0.870353997 0.438106
vt 0.870353997 0.438106
vt 0.870353997 0.438106
vt 0.870353997 0.438106
vt 0.870353997 0.438106
vt 0.870353997 0.438106
vt 0.870353997 0.438106
vt 0.870353997 0.438106
vt 0.870353997 0.438106
vt 0.870353997 0.438106
vt 0.870353997 0.438106
vt 0.870353997 0.438106
vt 0.870353997 0.438106
vt 0.870353997 0.438106
vt 0.870353997 0.438106
vt 0.870353997 0.438106
vt 0.870353997 0.438106
vt 0.870353997 0.438106
vt 0.870353997 0.438106
vt 0.870353997 0.438106
vt 0.870353997 0.438106
vt 0.870353997 0.438106
vt 0.870353997 0.438106
vt 0.870353997 0.438106
vt 0.870353997 0.438106
vt 0.870353997 0.438106
vt 0.870353997 0.438106
vt 0.870353997 0.438106
vt 0.870353997 0.438106
vt 0.870353997 0.438106
vt 0.870353997 0.438106
vt 0.870353997 0.438106
vt 0.870353997 0.438106
vt 0.870353997 0.438106
vt 0.870353997 0.438106
vt 0.870353997 0.438106
vt 0.870353997 0.438106
vt 0.870353997 0.438106
vt 0.870353997 0.438106
vt 0.870353997 0.438106
vt 0.870353997 0.438106
vt 0.870353997 0.438106
vt 0.870353997 0.438106
vt 0.870353997 0.438106
vt 0.642836988 0.52997601
vt 0.642836988 0.52997601
vt 0.796698987 0.52997601
vt 0.796698987 0.52997601
vt 0.642836988 0.52997601
vt 0.642836988 0.52997601
vt 0.796698987 0.52997601
vt 0.796698987 0.52997601
vt 0.642836988 0.52997601
vt 0.642836988 0.52997601
vt 0.796698987 0.52997601
vt 0.796698987 0.52997601
vt 0.59583801 0.570204973
vt 0.59583801 0.570204973
vt 0.59583801 0.570204973
vt 0.59583801 0.570204973
vt 0.642836988 0.52997601
vt 0.642836988 0.52997601
vt 0.796698987 0.52997601
vt 0.796698987 0.52997601
vt 0.895359993 0.570204973
vt 0.895359993 0.570204973
vt 0.895359993 0.570204973
vt 0.895359993 0.570204973
vt 0.642836988 0.52997601
vt 0.642836988 0.52997601
vt 0.796698987 0.52997601
vt 0.796698987 0.52997601
vt 0.642836988 0.52997601
vt 0.642836988 0.52997601
vt 0.796698987 0.52997601
vt 0.796698987 0.52997601
vt 0.642836988 0.52997601
vt 0.642836988 0.52997601
vt 0.796698987 0.52997601
vt 0.796698987 0.52997601
vt 0.59583801 0.570204973
vt 0.59583801 0.570204973
vt 0.59583801 0.570204973
vt 0.59583801 0.570204973
vt 0.642836988 0.52997601
vt 0.642836988 0.52997601
vt 0.796698987 0.52997601
vt 0.796698987 0.52997601
vt 0.895359993 0.570204973
vt 0.895359993 0.570204973
vt 0.895359993 0.570204973
vt 0.895359993 0.570204973
vt 0.642836988 0.52997601
vt 0.642836988 0.52997601
vt 0.796698987 0.52997601
vt 0.796698987 0.52997601
vt 0.642836988 0.52997601
vt 0.642836988 0.52997601
vt 0.796698987 0.52997601
vt 0.796698987 0.52997601
vt 0.642836988 0.52997601
vt 0.642836988 0.52997601
vt 0.796698987 0.52997601
vt 0.796698987 0.52997601
vt 0.59583801 0.570204973
vt 0.59583801 0.570204973
vt 0.59583801 0.570204973
vt 0.59583801 0.570204973
vt 0.642836988 0.52997601
vt 0.642836988 0.52997601
vt 0.796698987 0.52997601
vt 0.796698987 0.52997601
vt 0.895359993 0.570204973
vt 0.895359993 0.570204973
vt 0.895359993 0.570204973
vt 0.895359993 0.570204973
vt 0.642836988 0.52997601
vt 0.642836988 0.52997601
vt 0.796698987 0.52997601
vt 0.796698987 0.52997601
vt 0.642836988 0.52997601
vt 0.642836988 0.52997601
vt 0.796698987 0.52997601
vt 0.796698987 0.52997601
vt 0.642836988 0.52997601
vt 0.642836988 0.52997601
vt 0.796698987 0.52997601
vt 0.796698987 0.52997601
vt 0.59583801 0.570204973
vt 0.59583801 0.570204973
vt 0.59583801 0.570204973
vt 0.59583801 0.570204973
vt 0.642836988 0.52997601
vt 0.642836988 0.52997601
vt 0.796698987 0.52997601
vt 0.796698987 0.52997601
vt 0.895359993 0.570204973
vt 0.895359993 0.570204973
vt 0.895359993 0.570204973
vt 0.895359993 0.570204973
vt 0.642836988 0.52997601
vt 0.642836988 0.52997601
vt 0.796698987 0.52997601
vt 0.796698987 0.52997601
vt 0.642836988 0.52997601
vt 0.642836988 0.52997601
vt 0.796698987 0.52997601
vt 0.796698987 0.52997601
vt 0.642836988 0.52997601
vt 0.642836988 0.52997601
vt 0.796698987 0.52997601
vt 0.796698987 0.52997601
vt 0.59583801 0.570204973
vt 0.59583801 0.570204973
vt 0.59583801 0.570204973
vt 0.59583801 0.570204973
vt 0.642836988 0.52997601
vt 0.642836988 0.52997601
vt 0.796698987 0.52997601
vt 0.796698987 0.52997601
vt 0.895359993 0.570204973
vt 0.895359993 0.570204973
vt 0.895359993 0.570204973
vt 0.895359993 0.570204973
vt 0.870353997 0.438106
vt 0.870353997 0.438106
vt 0.870353997 0.438106
vt 0.870353997 0.438106
vt 0.870353997 0.438106
vt 0.870353997 0.438106
vt 0.870353997 0.438106
vt 0.870353997 0.438106
vt 0.870353997 0.438106
vt 0.870353997 0.438106
vt 0.870353997 0.438106
vt 0.870353997 0.438106
vt 0.870353997 0.438106
vt 0.870353997 0.438106
vt 0.870353997 0.438106
vt 0.870353997 0.438106
vt 0.870353997 0.438106
vt 0.870353997 0.438106
vt 0.870353997 0.438106
vt 0.870353997 0.438106
vt 0.870353997 0.438106
vt 0.870353997 0.438106
vt 0.870353997 0.438106
vt 0.870353997 0.438106
vt 0.870353997 0.438106
vt 0.870353997 0.438106
vt 0.870353997 0.438106
vt 0.870353997 0.438106
vt 0.870353997 0.438106
vt 0.870353997 0.438106
vt 0.870353997 0.438106
vt 0.870353997 0.438106
vt 0.870353997 0.438106
vt 0.870353997 0.438106
vt 0.870353997 0.438106
vt 0.870353997 0.438106
vt 0.870353997 0.438106
vt 0.870353997 0.438106
vt 0.870353997 0.438106
vt 0.870353997 0.438106
vt 0.65970701 0.420051008
vt 0.65970701 0.420051008
vt 0.65970701 0.420051008
vt 0.65970701 0.420051008
vt 0.65970701 0.420051008
vt 0.65970701 0.420051008
vt 0.65970701 0.420051008
vt 0.65970701 0.420051008
vt 0.65970701 0.420051008
vt 0.65970701 0.420051008
vt 0.65970701 0.420051008
vt 0.65970701 0.420051008
vt 0.65970701 0.420051008
vt 0.65970701 0.420051008
vt 0.65970701 0.420051008
vt 0.65970701 0.420051008
vt 0.65970701 0.420051008
vt 0.65970701 0.420051008
vt 0.65970701 0.420051008
vt 0.65970701 0.420051008
vt 0.65970701 0.420051008
vt 0.65970701 0.420051008
vt 0.65970701 0.420051008
vt 0.65970701 0.420051008
vt 0.65970701 0.420051008
vt 0.65970701 0.420051008
vt 0.65970701 0.420051008
vt 0.65970701 0.420051008
vt 0.65970701 0.420051008
vt 0.65970701 0.420051008
vt 0.65970701 0.420051008
vt 0.65970701 0.420051008
vt 0.65970701 0.420051008
vt 0.65970701 0.420051008
vt 0.65970701 0.420051008
vt 0.65970701 0.420051008
vt 0.65970701 0.420051008
vt 0.65970701 0.420051008
vt 0.65970701 0.420051008
vt 0.65970701 0.420051008
vt 0.870353997 0.438106
vt 0.870353997 0.438106
vt 0.870353997 0.438106
vt 0.870353997 0.438106
vt 0.870353997 0.438106
vt 0.870353997 0.438106
vt 0.870353997 0.438106
vt 0.870353997 0.438106
vt 0.870353997 0.438106
vt 0.870353997 0.438106
vt 0.870353997 0.438106
vt 0.870353997 0.438106
vt 0.870353997 0.438106
vt 0.870353997 0.438106
vt 0.870353997 0.438106
vt 0.870353997 0.438106
vt 0.870353997 0.438106
vt 0.870353997 0.438106
vt 0.870353997 0.438106
vt 0.870353997 0.438106
vt 0.65970701 0.420051008
vt 0.65970701 0.420051008
vt 0.65970701 0.420051008
vt 0.65970701 0.420051008
vt 0.65970701 0.420051008
vt 0.65970701 0.420051008
vt 0.65970701 0.420051008
vt 0.65970701 0.420051008
vt 0.65970701 0.420051008
vt 0.65970701 0.420051008
vt 0.65970701 0.420051008
vt 0.65970701 0.420051008
vt 0.65970701 0.420051008
vt 0.65970701 0.420051008
vt 0.65970701 0.420051008
vt 0.65970701 0.420051008
vt 0.65970701 0.420051008
vt 0.65970701 0.420051008
vt 0.65970701 0.420051008
vt 0.65970701 0.420051008
vn 1.000000 0.000000 -0.000000
vn 1.000000 0.000000 -0.000000
vn 1.000000 0.000000 -0.000000
vn 1.000000 0.000000 -0.000000
vn 1.000000 0.000000 -0.000000
vn 1.000000 0.000000 -0.000000
vn -0.054119 -0.998534 0.000000
vn -0.054119 -0.998534 0.000000
vn -0.000000 -1.000000 0.000000
vn -0.000000 -1.000000 0.000000
vn 0.054119 -0.998534 0.000000
vn 0.054119 -0.998534 0.000000
vn -0.999987 -0.005065 0.000000
vn -0.995090 0.098975 -0.000000
vn -0.995090 0.098975 -0.000000
vn -0.999987 -0.005138 0.000000
vn -0.993978 -0.109578 0.000000
vn -0.993978 -0.109578 0.000000
vn 0.034367 -0.999399 -0.004553
vn 0.034367 -0.999399 -0.004553
vn 0.034367 -0.999399 -0.004553
vn 0.034367 -0.999399 -0.004553
vn 0.034367 -0.999399 -0.004553
vn -0.084851 0.996392 -0.001642
vn -0.084851 0.996392 -0.001642
vn -0.084851 0.996392 -0.001642
vn -0.084851 0.996392 -0.001642
vn -0.084851 0.996392 -0.001642
vn 1.000000 0.000000 -0.000000
vn 1.000000 0.000000 -0.000000
vn 1.000000 0.000000 -0.000000
vn 1.000000 0.000000 -0.000000
vn -0.000000 1.000000 -0.000000
vn -0.000000 1.000000 -0.000000
vn -0.000000 1.000000 -0.000000
vn -0.000000 1.000000 -0.000000
vn -0.000000 1.000000 -0.000000
vn -0.000000 1.000000 -0.000000
vn 0.372603 0.033000 0.927404
vn 0.188419 0.037962 0.981355
vn 0.372603 0.033000 0.927404
vn 0.215177 0.037339 0.975861
vn 0.019450 0.041190 0.998962
vn 0.019450 0.041190 0.998962
vn 0.021206 -0.048900 0.998579
vn 0.021200 -0.048576 0.998594
vn 0.022790 -0.138594 0.990087
vn 0.022790 -0.138594 0.990087
vn -0.000000 -0.138630 0.990344
vn -0.000000 -0.138630 0.990344
vn -0.022790 -0.138594 0.990087
vn -0.022790 -0.138594 0.990087
vn -0.021206 -0.048900 0.998579
vn -0.021200 -0.048576 0.998594
vn -0.019450 0.041190 0.998962
vn -0.019450 0.041190 0.998962
vn -0.188419 0.037962 0.981355
vn -0.215177 0.037339 0.975861
vn -0.372603 0.033000 0.927404
vn -0.372603 0.033000 0.927404
vn -0.000000 -0.000000 -1.000000
vn -0.000000 -0.000000 -1.000000
vn -0.000000 -0.000000 -1.000000
vn -0.000000 -0.000000 -1.000000
vn -0.000000 -0.000000 -1.000000
vn -0.000000 -0.000000 -1.000000
vn -0.000000 1.000000 -0.000000
vn -0.049935 0.998752 -0.000000
vn -0.049935 0.998752 -0.000000
vn -0.000000 1.000000 -0.000000
vn 0.049935 0.998752 -0.000000
vn 0.049935 0.998752 -0.000000
vn -0.000000 0.000000 1.000000
vn -0.000000 0.000000 1.000000
vn -0.000000 0.000000 1.000000
vn -0.000000 0.000000 1.000000
vn -0.000000 0.000000 1.000000
vn -0.000000 0.000000 1.000000
vn 0.009637 0.023429 -0.999679
vn 0.009637 0.023429 -0.999679
vn 0.009637 0.023429 -0.999679
vn 0.009637 0.023429 -0.999679
vn 0.014794 -0.054244 -0.998418
vn 0.014776 -0.053964 -0.998434
vn 0.019862 -0.131590 -0.991105
vn 0.019862 -0.131590 -0.991105
vn -0.000000 -0.131616 -0.991301
vn -0.000000 -0.131616 -0.991301
vn -0.019862 -0.131590 -0.991105
vn -0.019862 -0.131590 -0.991105
vn -0.014776 -0.053964 -0.998434
vn -0.014794 -0.054244 -0.998418
vn -0.009637 0.023429 -0.999679
vn -0.009637 0.023429 -0.999679
vn -0.009637 0.023429 -0.999679
vn -0.009637 0.023429 -0.999679
vn -0.000000 -1.000000 0.000000
vn -0.000000 -1.000000 0.000000
vn -0.000000 -1.000000 0.000000
vn -0.000000 -1.000000 0.000000
vn -0.000000 -1.000000 0.000000
vn -0.000000 -1.000000 0.000000
vn -1.000000 0.000000 -0.000000
vn -1.000000 0.000000 -0.000000
vn -1.000000 0.000000 -0.000000
vn -1.000000 0.000000 -0.000000
vn -1.000000 0.000000 -0.000000
vn -1.000000 0.000000 -0.000000
vn 0.999987 -0.005064 0.000000
vn 0.995090 0.098975 -0.000000
vn 0.995090 0.098975 -0.000000
vn 0.999987 -0.005138 0.000000
vn 0.993978 -0.109578 0.000000
vn 0.993978 -0.109578 0.000000
vn -0.034367 -0.999399 -0.004553
vn -0.034367 -0.999399 -0.004553
vn -0.034367 -0.999399 -0.004553
vn -0.034367 -0.999399 -0.004553
vn -0.034367 -0.999399 -0.004553
vn 0.084851 0.996392 -0.001642
vn 0.084851 0.996392 -0.001642
vn 0.084851 0.996392 -0.001642
vn 0.084851 0.996392 -0.001642
vn 0.084851 0.996392 -0.001642
vn -1.000000 0.000000 -0.000000
vn -1.000000 0.000000 -0.000000
vn -1.000000 0.000000 -0.000000
vn -1.000000 0.000000 -0.000000
vn 0.997256 0.072225 -0.016239
vn 0.997313 0.071545 -0.015763
vn 0.997278 0.071965 -0.016057
vn 0.997219 0.072669 -0.016550
vn -0.072906 0.997217 -0.015573
vn -0.072905 0.997217 -0.015573
vn -0.072906 0.997217 -0.015573
vn -0.072906 0.997217 -0.015572
vn -0.997278 -0.071965 0.016057
vn -0.997313 -0.071544 0.015763
vn -0.997256 -0.072224 0.016239
vn -0.997219 -0.072669 0.016550
vn 0.072469 -0.997293 -0.012417
vn 0.072469 -0.997293 -0.012417
vn 0.072469 -0.997293 -0.012417
vn 0.072469 -0.997293 -0.012417
vn 0.013438 0.032197 0.999391
vn 0.013438 0.032197 0.999391
vn 0.013438 0.032197 0.999391
vn 0.013438 0.032197 0.999391
vn -0.997218 -0.072946 0.015357
vn -0.997232 -0.072661 0.015749
vn -0.997212 -0.073046 0.015218
vn -0.997196 -0.073359 0.014786
vn 0.997218 0.072945 -0.015357
vn 0.997196 0.073359 -0.014786
vn 0.997212 0.073046 -0.015218
vn 0.997232 0.072661 -0.015749
vn -0.022954 0.099409 -0.994782
vn -0.022954 0.099409 -0.994782
vn -0.022954 0.099409 -0.994782
vn -0.022954 0.099409 -0.994782
vn 0.072469 -0.997293 -0.012417
vn 0.072469 -0.997293 -0.012417
vn 0.072469 -0.997293 -0.012417
vn 0.072469 -0.997293 -0.012417
vn 0.072469 -0.997293 -0.012417
vn 0.016709 -0.011234 0.999797
vn 0.317907 0.011240 0.948055
vn 0.317525 0.011483 0.948180
vn 0.017336 -0.011189 0.999787
vn -0.285519 -0.032617 0.957818
vn -0.285864 -0.032913 0.957705
vn -0.105742 0.994356 0.008684
vn -0.072301 0.997251 0.016222
vn -0.157385 0.986462 0.046065
vn -0.039212 0.999202 0.007612
vn 0.014563 0.998947 0.043509
vn -0.997016 0.076835 0.007392
vn -0.997035 0.076574 0.007573
vn -0.997065 0.076152 0.007865
vn -0.996984 0.077281 0.007083
vn 0.077177 0.996954 -0.011246
vn 0.077177 0.996954 -0.011246
vn 0.077177 0.996954 -0.011246
vn 0.077177 0.996954 -0.011245
vn 0.997035 -0.076574 -0.007573
vn 0.997016 -0.076835 -0.007392
vn 0.997065 -0.076151 -0.007865
vn 0.996984 -0.077282 -0.007083
vn -0.077391 -0.996860 -0.016747
vn -0.077391 -0.996860 -0.016747
vn -0.077391 -0.996860 -0.016747
vn -0.077391 -0.996860 -0.016747
vn 0.009929 0.026119 0.999610
vn 0.009929 0.026119 0.999610
vn 0.009929 0.026119 0.999610
vn 0.009928 0.026119 0.999610
vn 0.996954 -0.077549 -0.008278
vn 0.996945 -0.077649 -0.008417
vn 0.996979 -0.077267 -0.007884
vn 0.996917 -0.077960 -0.008850
vn -0.996954 0.077550 0.008277
vn -0.996945 0.077650 0.008417
vn -0.996917 0.077960 0.008850
vn -0.996979 0.077268 0.007884
vn 0.000306 0.105412 -0.994429
vn 0.000306 0.105412 -0.994429
vn 0.000306 0.105412 -0.994429
vn 0.000306 0.105412 -0.994429
vn -0.077391 -0.996860 -0.016747
vn -0.077390 -0.996860 -0.016747
vn -0.077391 -0.996860 -0.016747
vn -0.077391 -0.996860 -0.016747
vn -0.077391 -0.996860 -0.016747
vn 0.006465 -0.017299 0.999829
vn -0.295359 0.007096 0.955360
vn -0.295745 0.006855 0.955242
vn 0.005838 -0.017251 0.999834
vn 0.307533 -0.039790 0.950705
vn 0.307874 -0.040087 0.950582
vn 0.110554 0.993795 0.012224
vn 0.163014 0.985439 0.048344
vn 0.077311 0.996795 0.020555
vn 0.044040 0.998949 0.012728
vn -0.008887 0.998717 0.049863
vn -0.082459 0.996594 -0.000000
vn -0.082459 0.996594 -0.000000
vn -0.082459 0.996594 -0.000000
vn -0.082459 0.996594 -0.000000
vn -0.992379 0.123222 -0.000000
vn -0.992379 0.123222 -0.000000
vn -0.992379 0.123222 -0.000000
vn -0.992379 0.123222 -0.000000
vn -0.323687 -0.946164 0.000000
vn -0.323687 -0.946164 0.000000
vn -0.323687 -0.946164 0.000000
vn -0.323687 -0.946164 0.000000
vn -0.000000 0.000000 1.000000
vn -0.000000 0.000000 1.000000
vn -0.000000 0.000000 1.000000
vn -0.000000 0.000000 1.000000
vn -0.000000 -0.000000 -1.000000
vn -0.000000 -0.000000 -1.000000
vn -0.000000 -0.000000 -1.000000
vn -0.000000 -0.000000 -1.000000
vn -0.135597 0.990028 -0.038173
vn -0.135597 0.990028 -0.038173
vn -0.135597 0.990028 -0.038173
vn -0.135597 0.990028 -0.038173
vn -0.072829 -0.047461 -0.996215
vn -0.072829 -0.047461 -0.996215
vn -0.072829 -0.047461 -0.996215
vn -0.072829 -0.047461 -0.996215
vn 0.135597 -0.990028 0.038173
vn 0.135597 -0.990028 0.038173
vn 0.135597 -0.990028 0.038173
vn 0.135597 -0.990028 0.038173
vn 0.990402 0.133699 -0.035062
vn 0.990402 0.133699 -0.035062
vn 0.990402 0.133699 -0.035062
vn 0.990402 0.133699 -0.035062
vn -0.986292 -0.130663 0.100772
vn -0.986292 -0.130663 0.100772
vn -0.986292 -0.130663 0.100772
vn -0.986292 -0.130663 0.100772
vn -0.134641 0.990201 -0.037065
vn -0.134641 0.990201 -0.037065
vn -0.134641 0.990201 -0.037065
vn -0.134641 0.990201 -0.037065
vn 0.134641 -0.990201 0.037066
vn 0.134641 -0.990201 0.037066
vn 0.134641 -0.990201 0.037066
vn 0.134641 -0.990201 0.037066
vn -0.029729 -0.041678 -0.998689
vn -0.029729 -0.041678 -0.998689
vn -0.029729 -0.041678 -0.998689
vn -0.029729 -0.041678 -0.998689
vn -0.057990 0.029689 0.997876
vn -0.057990 0.029689 0.997876
vn -0.057990 0.029689 0.997876
vn -0.057990 0.029689 0.997876
vn -0.990774 -0.134421 0.017236
vn -0.990774 -0.134421 0.017236
vn -0.990774 -0.134421 0.017236
vn -0.990774 -0.134421 0.017236
vn 0.999772 0.021342 -0.000000
vn 0.999772 0.021342 -0.000000
vn 0.999772 0.021342 -0.000000
vn 0.999772 0.021342 -0.000000
vn -0.021342 0.999772 -0.000000
vn -0.021342 0.999772 -0.000000
vn -0.021342 0.999772 -0.000000
vn -0.021342 0.999772 -0.000000
vn -0.999772 -0.021342 0.000000
vn -0.999772 -0.021342 0.000000
vn -0.999772 -0.021342 0.000000
vn -0.999772 -0.021342 0.000000
vn 0.021342 -0.999772 0.000000
vn 0.021342 -0.999772 0.000000
vn 0.021342 -0.999772 0.000000
vn 0.021342 -0.999772 0.000000
vn -0.000000 0.000000 1.000000
vn -0.000000 0.000000 1.000000
vn -0.000000 0.000000 1.000000
vn -0.000000 0.000000 1.000000
vn -0.000000 -0.000000 -1.000000
vn -0.000000 -0.000000 -1.000000
vn -0.000000 -0.000000 -1.000000
vn -0.000000 -0.000000 -1.000000
vn 0.999985 -0.001867 -0.005178
vn 0.999985 -0.001867 -0.005178
vn 0.999985 -0.001867 -0.005178
vn 0.999985 -0.001867 -0.005178
vn 0.002007 0.999630 0.027135
vn 0.002007 0.999630 0.027135
vn 0.002007 0.999630 0.027135
vn 0.002007 0.999630 0.027135
vn -0.999985 0.001868 0.005178
vn -0.999985 0.001868 0.005178
vn -0.999985 0.001868 0.005178
vn -0.999985 0.001868 0.005178
vn -0.002007 -0.999630 -0.027135
vn -0.002007 -0.999630 -0.027135
vn -0.002007 -0.999630 -0.027135
vn -0.002007 -0.999630 -0.027135
vn 0.005126 -0.027145 0.999618
vn 0.005126 -0.027145 0.999618
vn 0.005126 -0.027145 0.999618
vn 0.005126 -0.027145 0.999618
vn -0.005126 0.027145 -0.999618
vn -0.005126 0.027145 -0.999618
vn -0.005126 0.027145 -0.999618
vn -0.005126 0.027145 -0.999618
vn -0.111864 -0.992194 -0.055118
vn -0.111864 -0.992194 -0.055118
vn -0.111864 -0.992194 -0.055118
vn -0.111864 -0.992194 -0.055118
vn 0.990790 -0.118400 -0.065705
vn 0.990790 -0.118400 -0.065705
vn 0.990790 -0.118400 -0.065705
vn 0.990790 -0.118400 -0.065705
vn 0.111864 0.992194 0.055118
vn 0.111864 0.992194 0.055118
vn 0.111864 0.992194 0.055118
vn 0.111864 0.992194 0.055118
vn 0.053155 -0.063444 0.996569
vn 0.053155 -0.063444 0.996569
vn 0.053155 -0.063444 0.996569
vn 0.053155 -0.063444 0.996569
vn 0.275245 0.020934 -0.961146
vn 0.275245 0.020934 -0.961146
vn 0.275245 0.020934 -0.961146
vn 0.275245 0.020934 -0.961146
vn -0.976466 0.140743 0.163416
vn -0.976466 0.140743 0.163417
vn -0.976466 0.140743 0.163417
vn -0.976466 0.140743 0.163416
vn -0.976466 0.140744 0.163416
vn -0.976466 0.140744 0.163416
vn -0.976466 0.140744 0.163416
vn -0.976466 0.140744 0.163416
vn -0.976466 0.140743 0.163417
vn -0.976466 0.140743 0.163417
vn -0.976466 0.140744 0.163416
vn -0.976466 0.140744 0.163416
vn -0.976466 0.140743 0.163416
vn -0.976466 0.140743 0.163416
vn -0.976467 0.140742 0.163416
vn -0.976467 0.140742 0.163416
vn 0.364982 0.514317 0.776058
vn 0.364982 0.514317 0.776058
vn 0.364982 0.514317 0.776058
vn 0.364982 0.514317 0.776058
vn -0.331901 -0.706925 0.624579
vn -0.331901 -0.706925 0.624579
vn -0.331901 -0.706925 0.624579
vn -0.331901 -0.706925 0.624579
vn 0.866811 -0.491904 -0.081667
vn 0.866811 -0.491904 -0.081667
vn 0.866811 -0.491904 -0.081667
vn 0.866811 -0.491904 -0.081667
vn 0.339685 0.702544 -0.625337
vn 0.339685 0.702544 -0.625337
vn 0.339685 0.702544 -0.625337
vn 0.339685 0.702544 -0.625337
vn -0.866811 0.491904 0.081667
vn -0.866811 0.491904 0.081667
vn -0.866811 0.491904 0.081667
vn -0.866811 0.491904 0.081667
vn 0.148684 -0.255585 0.955285
vn 0.148684 -0.255585 0.955285
vn 0.148684 -0.255585 0.955285
vn 0.148684 -0.255585 0.955285
vn 0.225770 0.946175 0.231907
vn 0.225770 0.946175 0.231907
vn 0.225770 0.946175 0.231907
vn 0.225770 0.946175 0.231907
vn -0.961428 0.190245 0.198652
vn -0.961428 0.190245 0.198652
vn -0.961428 0.190245 0.198652
vn -0.961428 0.190245 0.198652
vn -0.234398 -0.944508 -0.230136
vn -0.234398 -0.944508 -0.230136
vn -0.234398 -0.944508 -0.230136
vn -0.234398 -0.944508 -0.230136
vn 0.961428 -0.190245 -0.198652
vn 0.961428 -0.190245 -0.198652
vn 0.961428 -0.190245 -0.198652
vn 0.961428 -0.190245 -0.198652
vn 0.087110 0.995644 -0.033243
vn 0.087110 0.995644 -0.033243
vn 0.087110 0.995644 -0.033243
vn 0.087110 0.995644 -0.033243
vn 0.995644 -0.087108 -0.033243
vn 0.995644 -0.087108 -0.033243
vn 0.995644 -0.087108 -0.033243
vn 0.995644 -0.087108 -0.033243
vn -0.087110 -0.995644 -0.033243
vn -0.087110 -0.995644 -0.033243
vn -0.087110 -0.995644 -0.033243
vn -0.087110 -0.995644 -0.033243
vn -0.000000 0.000000 1.000000
vn -0.000000 0.000000 1.000000
vn -0.000000 0.000000 1.000000
vn -0.000000 0.000000 1.000000
vn -0.995644 0.087113 -0.033243
vn -0.995644 0.087113 -0.033243
vn -0.995644 0.087113 -0.033243
vn -0.995644 0.087113 -0.033243
vn -0.000000 -0.000000 -1.000000
vn -0.000000 -0.000000 -1.000000
vn -0.000000 -0.000000 -1.000000
vn -0.000000 -0.000000 -1.000000
vn 0.209098 0.977329 -0.033243
vn 0.209098 0.977329 -0.033243
vn 0.209098 0.977329 -0.033243
vn 0.209098 0.977329 -0.033243
vn 0.977329 -0.209098 -0.033243
vn 0.977329 -0.209098 -0.033243
vn 0.977329 -0.209098 -0.033243
vn 0.977329 -0.209098 -0.033243
vn -0.209098 -0.977329 -0.033243
vn -0.209098 -0.977329 -0.033243
vn -0.209098 -0.977329 -0.033243
vn -0.209098 -0.977329 -0.033243
vn -0.000000 0.000000 1.000000
vn -0.000000 0.000000 1.000000
vn -0.000000 0.000000 1.000000
vn -0.000000 0.000000 1.000000
vn -0.977329 0.209098 -0.033243
vn -0.977329 0.209098 -0.033243
vn -0.977329 0.209098 -0.033243
vn -0.977329 0.209098 -0.033243
vn -0.000000 -0.000000 -1.000000
vn -0.000000 -0.000000 -1.000000
vn -0.000000 -0.000000 -1.000000
vn -0.000000 -0.000000 -1.000000
vn 0.087110 0.995644 -0.033243
vn 0.087110 0.995644 -0.033243
vn 0.087110 0.995644 -0.033243
vn 0.087110 0.995644 -0.033243
vn 0.995644 -0.087110 -0.033243
vn 0.995644 -0.087110 -0.033243
vn 0.995644 -0.087110 -0.033243
vn 0.995644 -0.087110 -0.033243
vn -0.087110 -0.995644 -0.033243
vn -0.087110 -0.995644 -0.033243
vn -0.087110 -0.995644 -0.033243
vn -0.087110 -0.995644 -0.033243
vn -0.000000 0.000000 1.000000
vn -0.000000 0.000000 1.000000
vn -0.000000 0.000000 1.000000
vn -0.000000 0.000000 1.000000
vn -0.995644 0.087110 -0.033243
vn -0.995644 0.087110 -0.033243
vn -0.995644 0.087110 -0.033243
vn -0.995644 0.087110 -0.033243
vn -0.000000 -0.000000 -1.000000
vn -0.000000 -0.000000 -1.000000
vn -0.000000 -0.000000 -1.000000
vn -0.000000 -0.000000 -1.000000
vn 0.209099 0.977329 -0.033243
vn 0.209099 0.977329 -0.033243
vn 0.209099 0.977329 -0.033243
vn 0.209099 0.977329 -0.033243
vn 0.977329 -0.209098 -0.033243
vn 0.977329 -0.209098 -0.033243
vn 0.977329 -0.209098 -0.033243
vn 0.977329 -0.209098 -0.033243
vn -0.209098 -0.977330 -0.033243
vn -0.209098 -0.977330 -0.033243
vn -0.209098 -0.977330 -0.033243
vn -0.209098 -0.977330 -0.033243
vn -0.000000 0.000000 1.000000
vn -0.000000 0.000000 1.000000
vn -0.000000 0.000000 1.000000
vn -0.000000 0.000000 1.000000
vn -0.977329 0.209099 -0.033243
vn -0.977329 0.209099 -0.033243
vn -0.977329 0.209099 -0.033243
vn -0.977329 0.209099 -0.033243
vn -0.000000 -0.000000 -1.000000
vn -0.000000 -0.000000 -1.000000
vn -0.000000 -0.000000 -1.000000
vn -0.000000 -0.000000 -1.000000
vn 0.069362 0.997038 -0.033243
vn 0.069362 0.997038 -0.033243
vn 0.069362 0.997038 -0.033243
vn 0.069362 0.997038 -0.033243
vn 0.997038 -0.069361 -0.033243
vn 0.997038 -0.069361 -0.033243
vn 0.997038 -0.069361 -0.033243
vn 0.997038 -0.069361 -0.033243
vn -0.069360 -0.997038 -0.033243
vn -0.069360 -0.997038 -0.033243
vn -0.069360 -0.997038 -0.033243
vn -0.069360 -0.997038 -0.033243
vn -0.000000 0.000000 1.000000
vn -0.000000 0.000000 1.000000
vn -0.000000 0.000000 1.000000
vn -0.000000 0.000000 1.000000
vn -0.997037 0.069363 -0.033243
vn -0.997037 0.069363 -0.033243
vn -0.997037 0.069363 -0.033243
vn -0.997037 0.069363 -0.033243
vn -0.000000 -0.000000 -1.000000
vn -0.000000 -0.000000 -1.000000
vn -0.000000 -0.000000 -1.000000
vn -0.000000 -0.000000 -1.000000
vn -0.244653 -0.273351 -0.930282
vn -0.256768 -0.776503 -0.575424
vn -0.256731 -0.777022 -0.574741
vn -0.244485 -0.271383 -0.930902
vn -0.192719 -0.981239 0.005508
vn -0.161463 0.337214 -0.927479
vn -0.193246 -0.981148 0.002092
vn -0.160724 0.341141 -0.926170
vn -0.077163 -0.806181 0.586616
vn -0.038725 0.822682 -0.567181
vn -0.078122 -0.808836 0.582822
vn -0.037766 0.825331 -0.563385
vn 0.045517 -0.320360 0.946202
vn 0.076724 0.996957 0.013824
vn 0.044781 -0.324277 0.944902
vn 0.077249 0.996863 0.017224
vn 0.128566 0.289645 0.948460
vn 0.140612 0.792613 0.593290
vn 0.128398 0.287688 0.949078
vn 0.140650 0.792098 0.593968
vn 0.976467 -0.140742 -0.163416
vn 0.976467 -0.140742 -0.163416
vn 0.976467 -0.140742 -0.163416
vn 0.976467 -0.140742 -0.163416
vn 0.976466 -0.140743 -0.163416
vn 0.976466 -0.140743 -0.163416
vn 0.976466 -0.140743 -0.163416
vn 0.976466 -0.140743 -0.163416
vn 0.976467 -0.140742 -0.163416
vn 0.976466 -0.140743 -0.163416
vn 0.976467 -0.140742 -0.163416
vn 0.976466 -0.140743 -0.163416
vn 0.976467 -0.140742 -0.163415
vn 0.976466 -0.140744 -0.163416
vn 0.976467 -0.140742 -0.163415
vn 0.976466 -0.140744 -0.163416
vn 0.976467 -0.140743 -0.163415
vn 0.976466 -0.140744 -0.163416
vn 0.976467 -0.140743 -0.163415
vn 0.976466 -0.140744 -0.163416
vn -0.967812 0.169688 0.185866
vn -0.967812 0.169688 0.185866
vn -0.967812 0.169688 0.185866
vn -0.967812 0.169687 0.185866
vn -0.967812 0.169688 0.185866
vn -0.967812 0.169687 0.185866
vn -0.967812 0.169687 0.185866
vn -0.967812 0.169687 0.185866
vn -0.967812 0.169687 0.185866
vn -0.967812 0.169687 0.185866
vn -0.967812 0.169687 0.185866
vn -0.967812 0.169688 0.185866
vn -0.967812 0.169687 0.185866
vn -0.967812 0.169688 0.185866
vn -0.967812 0.169688 0.185866
vn -0.967812 0.169687 0.185866
vn -0.967812 0.169688 0.185866
vn -0.967812 0.169687 0.185866
vn -0.967812 0.169688 0.185866
vn -0.967812 0.169688 0.185866
vn 0.967812 -0.169687 -0.185866
vn 0.967812 -0.169687 -0.185866
vn 0.967812 -0.169688 -0.185866
vn 0.967812 -0.169688 -0.185866
vn 0.967812 -0.169687 -0.185866
vn 0.967812 -0.169687 -0.185866
vn 0.967812 -0.169687 -0.185866
vn 0.967812 -0.169687 -0.185866
vn 0.967812 -0.169689 -0.185866
vn 0.967812 -0.169687 -0.185866
vn 0.967812 -0.169689 -0.185866
vn 0.967812 -0.169687 -0.185866
vn 0.967812 -0.169688 -0.185866
vn 0.967812 -0.169687 -0.185866
vn 0.967812 -0.169688 -0.185866
vn 0.967812 -0.169687 -0.185866
vn 0.967812 -0.169688 -0.185866
vn 0.967812 -0.169688 -0.185866
vn 0.967812 -0.169688 -0.185866
vn 0.967812 -0.169688 -0.185866
vn -0.044782 0.324277 -0.944902
vn 0.078122 0.808836 -0.582822
vn 0.077162 0.806181 -0.586616
vn -0.045518 0.320360 -0.946202
vn 0.192719 0.981239 -0.005508
vn -0.128399 -0.287688 -0.949078
vn 0.193246 0.981148 -0.002092
vn -0.128566 -0.289644 -0.948460
vn 0.256731 0.777021 0.574741
vn -0.140612 -0.792613 -0.593290
vn 0.256769 0.776503 0.575424
vn -0.140650 -0.792098 -0.593968
vn 0.244485 0.271383 0.930902
vn -0.076725 -0.996956 -0.013824
vn 0.244653 0.273352 0.930281
vn -0.077250 -0.996863 -0.017225
vn 0.160723 -0.341141 0.926170
vn 0.038724 -0.822683 0.567180
vn 0.161462 -0.337214 0.927479
vn 0.037765 -0.825331 0.563385
vn 0.003719 0.425990 -0.904720
vn 0.158173 0.855667 -0.492763
vn 0.158173 0.855667 -0.492763
vn 0.003720 0.425990 -0.904720
vn 0.288981 0.952061 0.100351
vn -0.115382 -0.172848 -0.978167
vn 0.288981 0.952061 0.100350
vn -0.115382 -0.172847 -0.978167
vn 0.346179 0.678353 0.648072
vn -0.153640 -0.712111 -0.685049
vn 0.346179 0.678353 0.648072
vn -0.153640 -0.712111 -0.685049
vn 0.307921 0.139090 0.941190
vn -0.096440 -0.985820 -0.137328
vn 0.307921 0.139090 0.941190
vn -0.096440 -0.985820 -0.137327
vn 0.188820 -0.459748 0.867744
vn 0.034367 -0.889426 0.455786
vn 0.188819 -0.459749 0.867743
vn 0.034367 -0.889425 0.455787
f 1/1/1 2/2/2 3/3/3
f 3/3/3 4/4/4 1/1/1
f 4/4/4 5/5/5 1/1/1
f 4/4/4 6/6/6 5/5/5
f 7/7/7 8/8/8 9/9/9
f 7/7/7 9/9/9 10/10/10
f 11/11/11 10/10/10 9/9/9
f 11/11/11 9/9/9 12/12/12
f 13/13/13 14/14/14 15/15/15
f 13/13/13 16/16/16 14/14/14
f 16/16/16 13/13/13 17/17/17
f 16/16/16 17/17/17 18/18/18
f 19/19/19 20/20/20 21/21/21
f 21/21/21 22/22/22 19/19/19
f 21/21/21 23/23/23 22/22/22
f 24/24/24 25/25/25 26/26/26
f 26/26/26 27/27/27 24/24/24
f 27/27/27 28/28/28 24/24/24
f 29/29/29 30/30/30 31/31/31
f 29/29/29 31/31/31 32/32/32
f 33/33/33 34/34/34 35/35/35
f 33/33/33 35/35/35 36/36/36
f 33/33/33 36/36/36 37/37/37
f 33/33/33 37/37/37 38/38/38
f 39/39/39 40/40/40 41/41/41
f 39/39/39 42/42/42 40/40/40
f 40/40/40 42/42/42 43/43/43
f 44/44/44 40/40/40 43/43/43
f 44/44/44 43/43/43 45/45/45
f 45/45/45 46/46/46 44/44/44
f 47/47/47 46/46/46 45/45/45
f 45/45/45 48/48/48 47/47/47
f 49/49/49 47/47/47 48/48/48
f 48/48/48 50/50/50 49/49/49
f 51/51/51 49/49/49 50/50/50
f 50/50/50 52/52/52 51/51/51
f 52/52/52 53/53/53 51/51/51
f 53/53/53 54/54/54 51/51/51
f 54/54/54 53/53/53 55/55/55
f 55/55/55 56/56/56 54/54/54
f 57/57/57 56/56/56 55/55/55
f 55/55/55 58/58/58 57/57/57
f 59/59/59 57/57/57 58/58/58
f 59/59/59 60/60/60 57/57/57
f 61/61/61 62/62/62 63/63/63
f 61/61/61 63/63/63 64/64/64
f 61/61/61 64/64/64 65/65/65
f 61/61/61 65/65/65 66/66/66
f 67/67/67 68/68/68 69/69/69
f 67/67/67 70/70/70 68/68/68
f 67/67/67 71/71/71 70/70/70
f 67/67/67 72/72/72 71/71/71
f 73/73/73 74/74/74 75/75/75
f 73/73/73 75/75/75 76/76/76
f 73/73/73 76/76/76 77/77/77
f 73/73/73 77/77/77 78/78/78
f 79/79/79 80/80/80 81/81/81
f 81/81/81 82/82/82 79/79/79
f 83/83/83 79/79/79 82/82/82
f 82/82/82 84/84/84 83/83/83
f 83/83/83 84/84/84 85/85/85
f 85/85/85 86/86/86 83/83/83
f 85/85/85 87/87/87 86/86/86
f 87/87/87 88/88/88 86/86/86
f 89/89/89 88/88/88 87/87/87
f 87/87/87 90/90/90 89/89/89
f 89/89/89 90/90/90 91/91/91
f 91/91/91 92/92/92 89/89/89
f 92/92/92 91/91/91 93/93/93
f 94/94/94 92/92/92 93/93/93
f 95/95/95 94/94/94 93/93/93
f 93/93/93 96/96/96 95/95/95
f 97/97/97 98/98/98 99/99/99
f 97/97/97 99/99/99 100/100/100
f 101/101/101 100/100/100 99/99/99
f 101/101/101 99/99/99 102/102/102
f 103/103/103 104/104/104 105/105/105
f 105/105/105 106/106/106 103/103/103
f 106/106/106 107/107/107 103/103/103
f 106/106/106 108/108/108 107/107/107
f 109/109/109 110/110/110 111/111/111
f 109/109/109 111/111/111 112/112/112
f 112/112/112 113/113/113 109/109/109
f 112/112/112 114/114/114 113/113/113
f 115/115/115 116/116/116 117/117/117
f 117/117/117 118/118/118 115/115/115
f 118/118/118 119/119/119 115/115/115
f 120/120/120 121/121/121 122/122/122
f 122/122/122 123/123/123 120/120/120
f 122/122/122 124/124/124 123/123/123
f 125/125/125 126/126/126 127/127/127
f 125/125/125 127/127/127 128/128/128
f 129/129/129 130/130/130 131/131/131
f 129/129/129 131/131/131 132/132/132
f 133/133/133 134/134/134 135/135/135
f 133/133/133 135/135/135 136/136/136
f 137/137/137 138/138/138 139/139/139
f 137/137/137 139/139/139 140/140/140
f 141/141/141 142/142/142 143/143/143
f 141/141/141 143/143/143 144/144/144
f 145/145/145 146/146/146 147/147/147
f 145/145/145 147/147/147 148/148/148
f 149/149/149 150/150/150 151/151/151
f 149/149/149 151/151/151 152/152/152
f 153/153/153 154/154/154 155/155/155
f 153/153/153 155/155/155 156/156/156
f 157/157/157 158/158/158 159/159/159
f 157/157/157 159/159/159 160/160/160
f 161/161/161 162/162/162 163/163/163
f 162/162/162 161/161/161 164/164/164
f 162/162/162 164/164/164 165/165/165
f 166/166/166 167/167/167 168/168/168
f 166/166/166 169/169/169 167/167/167
f 170/170/170 169/169/169 166/166/166
f 170/170/170 166/166/166 171/171/171
f 172/172/172 173/173/173 174/174/174
f 173/173/173 172/172/172 175/175/175
f 173/173/173 175/175/175 176/176/176
f 177/177/177 178/178/178 179/179/179
f 177/177/177 180/180/180 178/178/178
f 181/181/181 182/182/182 183/183/183
f 181/181/181 184/184/184 182/182/182
f 185/185/185 186/186/186 187/187/187
f 185/185/185 188/188/188 186/186/186
f 189/189/189 190/190/190 191/191/191
f 189/189/189 192/192/192 190/190/190
f 193/193/193 194/194/194 195/195/195
f 193/193/193 196/196/196 194/194/194
f 197/197/197 198/198/198 199/199/199
f 197/197/197 200/200/200 198/198/198
f 201/201/201 202/202/202 203/203/203
f 201/201/201 204/204/204 202/202/202
f 205/205/205 206/206/206 207/207/207
f 205/205/205 208/208/208 206/206/206
f 209/209/209 210/210/210 211/211/211
f 211/211/211 212/212/212 209/209/209
f 211/211/211 213/213/213 212/212/212
f 214/214/214 215/215/215 216/216/216
f 214/214/214 216/216/216 217/217/217
f 218/218/218 214/214/214 217/217/217
f 218/218/218 219/219/219 214/214/214
f 220/220/220 221/221/221 222/222/222
f 222/222/222 223/223/223 220/220/220
f 222/222/222 224/224/224 223/223/223
f 225/225/225 226/226/226 227/227/227
f 225/225/225 227/227/227 228/228/228
f 229/229/229 230/230/230 231/231/231
f 229/229/229 231/231/231 232/232/232
f 233/233/233 234/234/234 235/235/235
f 233/233/233 235/235/235 236/236/236
f 237/237/237 238/238/238 239/239/239
f 237/237/237 239/239/239 240/240/240
f 241/241/241 242/242/242 243/243/243
f 241/241/241 243/243/243 244/244/244
f 245/245/245 246/246/246 247/247/247
f 245/245/245 247/247/247 248/248/248
f 249/249/249 250/250/250 251/251/251
f 249/249/249 251/251/251 252/252/252
f 253/253/253 254/254/254 255/255/255
f 253/253/253 255/255/255 256/256/256
f 257/257/257 258/258/258 259/259/259
f 257/257/257 259/259/259 260/260/260
f 261/261/261 262/262/262 263/263/263
f 261/261/261 263/263/263 264/264/264
f 265/265/265 266/266/266 267/267/267
f 265/265/265 267/267/267 268/268/268
f 269/269/269 270/270/270 271/271/271
f 269/269/269 271/271/271 272/272/272
f 273/273/273 274/274/274 275/275/275
f 273/273/273 275/275/275 276/276/276
f 277/277/277 278/278/278 279/279/279
f 277/277/277 279/279/279 280/280/280
f 281/281/281 282/282/282 283/283/283
f 281/281/281 283/283/283 284/284/284
f 285/285/285 286/286/286 287/287/287
f 285/285/285 287/287/287 288/288/288
f 289/289/289 290/290/290 291/291/291
f 289/289/289 291/291/291 292/292/292
f 293/293/293 294/294/294 295/295/295
f 293/293/293 295/295/295 296/296/296
f 297/297/297 298/298/298 299/299/299
f 297/297/297 299/299/299 300/300/300
f 301/301/301 302/302/302 303/303/303
f 301/301/301 303/303/303 304/304/304
f 305/305/305 306/306/306 307/307/307
f 305/305/305 307/307/307 308/308/308
f 309/309/309 310/310/310 311/311/311
f 309/309/309 311/311/311 312/312/312
f 313/313/313 314/314/314 315/315/315
f 313/313/313 315/315/315 316/316/316
f 317/317/317 318/318/318 319/319/319
f 317/317/317 319/319/319 320/320/320
f 321/321/321 322/322/322 323/323/323
f 321/321/321 323/323/323 324/324/324
f 325/325/325 326/326/326 327/327/327
f 325/325/325 327/327/327 328/328/328
f 329/329/329 330/330/330 331/331/331
f 329/329/329 331/331/331 332/332/332
f 333/333/333 334/334/334 335/335/335
f 333/333/333 335/335/335 336/336/336
f 337/337/337 338/338/338 339/339/339
f 337/337/337 339/339/339 340/340/340
f 341/341/341 342/342/342 343/343/343
f 341/341/341 343/343/343 344/344/344
f 345/345/345 346/346/346 347/347/347
f 345/345/345 347/347/347 348/348/348
f 349/349/349 350/350/350 351/351/351
f 349/349/349 351/351/351 352/352/352
f 353/353/353 354/354/354 355/355/355
f 353/353/353 356/356/356 354/354/354
f 357/357/357 356/356/356 353/353/353
f 357/357/357 358/358/358 356/356/356
f 359/359/359 358/358/358 357/357/357
f 359/359/359 360/360/360 358/358/358
f 361/361/361 360/360/360 359/359/359
f 361/361/361 362/362/362 360/360/360
f 363/363/363 362/362/362 361/361/361
f 363/363/363 364/364/364 362/362/362
f 365/365/365 364/364/364 363/363/363
f 365/365/365 366/366/366 364/364/364
f 367/367/367 366/366/366 365/365/365
f 367/367/367 368/368/368 366/366/366
f 369/369/369 370/370/370 371/371/371
f 369/369/369 371/371/371 372/372/372
f 373/373/373 374/374/374 375/375/375
f 373/373/373 375/375/375 376/376/376
f 377/377/377 378/378/378 379/379/379
f 377/377/377 379/379/379 380/380/380
f 381/381/381 382/382/382 383/383/383
f 381/381/381 383/383/383 384/384/384
f 385/385/385 386/386/386 387/387/387
f 385/385/385 387/387/387 388/388/388
f 389/389/389 390/390/390 391/391/391
f 389/389/389 391/391/391 392/392/392
f 393/393/393 394/394/394 395/395/395
f 393/393/393 395/395/395 396/396/396
f 397/397/397 398/398/398 399/399/399
f 397/397/397 399/399/399 400/400/400
f 401/401/401 402/402/402 403/403/403
f 401/401/401 403/403/403 404/404/404
f 405/405/405 406/406/406 407/407/407
f 405/405/405 407/407/407 408/408/408
f 409/409/409 410/410/410 411/411/411
f 409/409/409 411/411/411 412/412/412
f 413/413/413 414/414/414 415/415/415
f 413/413/413 415/415/415 416/416/416
f 417/417/417 418/418/418 419/419/419
f 417/417/417 419/419/419 420/420/420
f 421/421/421 422/422/422 423/423/423
f 421/421/421 423/423/423 424/424/424
f 425/425/425 426/426/426 427/427/427
f 425/425/425 427/427/427 428/428/428
f 429/429/429 430/430/430 431/431/431
f 429/429/429 431/431/431 432/432/432
f 433/433/433 434/434/434 435/435/435
f 433/433/433 435/435/435 436/436/436
f 437/437/437 438/438/438 439/439/439
f 437/437/437 439/439/439 440/440/440
f 441/441/441 442/442/442 443/443/443
f 441/441/441 443/443/443 444/444/444
f 445/445/445 446/446/446 447/447/447
f 445/445/445 447/447/447 448/448/448
f 449/449/449 450/450/450 451/451/451
f 449/449/449 451/451/451 452/452/452
f 453/453/453 454/454/454 455/455/455
f 453/453/453 455/455/455 456/456/456
f 457/457/457 458/458/458 459/459/459
f 457/457/457 459/459/459 460/460/460
f 461/461/461 462/462/462 463/463/463
f 461/461/461 463/463/463 464/464/464
f 465/465/465 466/466/466 467/467/467
f 465/465/465 467/467/467 468/468/468
f 469/469/469 470/470/470 471/471/471
f 469/469/469 471/471/471 472/472/472
f 473/473/473 474/474/474 475/475/475
f 473/473/473 475/475/475 476/476/476
f 477/477/477 478/478/478 479/479/479
f 477/477/477 479/479/479 480/480/480
f 481/481/481 482/482/482 483/483/483
f 481/481/481 483/483/483 484/484/484
f 485/485/485 486/486/486 487/487/487
f 485/485/485 487/487/487 488/488/488
f 489/489/489 490/490/490 491/491/491
f 489/489/489 491/491/491 492/492/492
f 493/493/493 494/494/494 495/495/495
f 493/493/493 495/495/495 496/496/496
f 497/497/497 498/498/498 499/499/499
f 497/497/497 499/499/499 500/500/500
f 501/501/501 502/502/502 503/503/503
f 501/501/501 503/503/503 504/504/504
f 505/505/505 506/506/506 507/507/507
f 505/505/505 507/507/507 508/508/508
f 509/509/509 510/510/510 511/511/511
f 509/509/509 511/511/511 512/512/512
f 513/513/513 514/514/514 515/515/515
f 513/513/513 515/515/515 516/516/516
f 517/517/517 518/518/518 519/519/519
f 517/517/517 519/519/519 520/520/520
f 521/521/521 522/522/522 523/523/523
f 521/521/521 523/523/523 524/524/524
f 525/525/525 526/526/526 527/527/527
f 525/525/525 527/527/527 528/528/528
f 529/529/529 530/530/530 531/531/531
f 529/529/529 531/531/531 532/532/532
f 530/530/530 533/533/533 531/531/531
f 534/534/534 529/529/529 532/532/532
f 530/530/530 535/535/535 533/533/533
f 534/534/534 532/532/532 536/536/536
f 535/535/535 537/537/537 533/533/533
f 538/538/538 534/534/534 536/536/536
f 535/535/535 539/539/539 537/537/537
f 538/538/538 536/536/536 540/540/540
f 539/539/539 541/541/541 537/537/537
f 542/542/542 538/538/538 540/540/540
f 539/539/539 543/543/543 541/541/541
f 542/542/542 540/540/540 544/544/544
f 543/543/543 545/545/545 541/541/541
f 546/546/546 542/542/542 544/544/544
f 543/543/543 547/547/547 545/545/545
f 546/546/546 544/544/544 548/548/548
f 547/547/547 546/546/546 548/548/548
f 547/547/547 548/548/548 545/545/545
f 549/549/549 550/550/550 551/551/551
f 549/549/549 551/551/551 552/552/552
f 553/553/553 550/550/550 549/549/549
f 552/552/552 551/551/551 554/554/554
f 553/553/553 555/555/555 550/550/550
f 552/552/552 554/554/554 556/556/556
f 557/557/557 555/555/555 553/553/553
f 556/556/556 554/554/554 558/558/558
f 557/557/557 559/559/559 555/555/555
f 556/556/556 558/558/558 560/560/560
f 561/561/561 559/559/559 557/557/557
f 560/560/560 558/558/558 562/562/562
f 561/561/561 563/563/563 559/559/559
f 560/560/560 562/562/562 564/564/564
f 565/565/565 563/563/563 561/561/561
f 564/564/564 562/562/562 566/566/566
f 565/565/565 567/567/567 563/563/563
f 564/564/564 566/566/566 568/568/568
f 568/568/568 567/567/567 565/565/565
f 568/568/568 566/566/566 567/567/567
f 569/569/569 570/570/570 571/571/571
f 572/572/572 570/570/570 569/569/569
f 569/569/569 571/571/571 573/573/573
f 572/572/572 574/574/574 570/570/570
f 573/573/573 571/571/571 575/575/575
f 576/576/576 574/574/574 572/572/572
f 573/573/573 575/575/575 577/577/577
f 576/576/576 578/578/578 574/574/574
f 577/577/577 575/575/575 579/579/579
f 580/580/580 578/578/578 576/576/576
f 577/577/577 579/579/579 581/581/581
f 580/580/580 582/582/582 578/578/578
f 581/581/581 579/579/579 583/583/583
f 584/584/584 582/582/582 580/580/580
f 581/581/581 583/583/583 585/585/585
f 584/584/584 586/586/586 582/582/582
f 585/585/585 583/583/583 587/587/587
f 588/588/588 586/586/586 584/584/584
f 585/585/585 587/587/587 588/588/588
f 588/588/588 587/587/587 586/586/586
f 589/589/589 590/590/590 591/591/591
f 589/589/589 591/591/591 592/592/592
f 593/593/593 590/590/590 589/589/589
f 592/592/592 591/591/591 594/594/594
f 593/593/593 595/595/595 590/590/590
f 592/592/592 594/594/594 596/596/596
f 597/597/597 595/595/595 593/593/593
f 596/596/596 594/594/594 598/598/598
f 597/597/597 599/599/599 595/595/595
f 596/596/596 598/598/598 600/600/600
f 601/601/601 599/599/599 597/597/597
f 600/600/600 598/598/598 602/602/602
f 601/601/601 603/603/603 599/599/599
f 600/600/600 602/602/602 604/604/604
f 605/605/605 603/603/603 601/601/601
f 604/604/604 602/602/602 606/606/606
f 605/605/605 607/607/607 603/603/603
f 604/604/604 606/606/606 608/608/608
f 608/608/608 607/607/607 605/605/605
f 608/608/608 606/606/606 607/607/607
f 609/609/609 610/610/610 611/611/611
f 609/609/609 611/611/611 612/612/612
f 610/610/610 613/613/613 611/611/611
f 614/614/614 609/609/609 612/612/612
f 610/610/610 615/615/615 613/613/613
f 614/614/614 612/612/612 616/616/616
f 615/615/615 617/617/617 613/613/613
f 618/618/618 614/614/614 616/616/616
f 615/615/615 619/619/619 617/617/617
f 618/618/618 616/616/616 620/620/620
f 619/619/619 621/621/621 617/617/617
f 622/622/622 618/618/618 620/620/620
f 619/619/619 623/623/623 621/621/621
f 622/622/622 620/620/620 624/624/624
f 623/623/623 625/625/625 621/621/621
f 626/626/626 622/622/622 624/624/624
f 623/623/623 627/627/627 625/625/625
f 626/626/626 624/624/624 628/628/628
f 627/627/627 626/626/626 628/628/628
f 627/627/627 628/628/628 625/625/625
f 629/629/629 630/630/630 631/631/631
f 629/629/629 631/631/631 632/632/632
f 630/630/630 633/633/633 631/631/631
f 634/634/634 629/629/629 632/632/632
f 630/630/630 635/635/635 633/633/633
f 634/634/634 632/632/632 636/636/636
f 635/635/635 637/637/637 633/633/633
f 638/638/638 634/634/634 636/636/636
f 635/635/635 639/639/639 637/637/637
f 638/638/638 636/636/636 640/640/640
f 639/639/639 641/641/641 637/637/637
f 642/642/642 638/638/638 640/640/640
f 639/639/639 643/643/643 641/641/641
f 642/642/642 640/640/640 644/644/644
f 643/643/643 645/645/645 641/641/641
f 646/646/646 642/642/642 644/644/644
f 643/643/643 647/647/647 645/645/645
f 646/646/646 644/644/644 648/648/648
f 647/647/647 646/646/646 648/648/648
f 647/647/647 648/648/648 645/645/645
