# Unturned item rip -> Godot (X+Z negated, winding reversed, RH Y-up)
v 0.271675 0.332285 -0.486877
v 0.271675 0.318634 -0.500528
v 0.271675 0.314279 -0.504883
v 0.037849 -0.434346 -0.395355
v -0.042151 -0.434346 -0.395355
v -0.062151 -0.434346 -0.395355
v -0.270131 0.314279 -0.504883
v -0.270131 0.318634 -0.500528
v -0.270131 0.332285 -0.486877
v -0.187813 0.332285 -0.486877
v -0.187813 0.318634 -0.500528
v -0.187813 0.314279 -0.504883
v 0.189357 0.314279 -0.504883
v 0.189357 0.318634 -0.500528
v 0.189357 0.332285 -0.486877
v -0.303946 -0.070248 -0.486411
v -0.231507 -0.334033 -0.567906
v -0.231507 -0.081830 -0.597079
v -0.303946 -0.384412 -0.413293
v -0.303946 -0.070248 0.006375
v -0.303946 -0.403713 -0.265052
v -0.303946 -0.418949 0.006375
v -0.249729 -0.418949 0.141495
v -0.249729 -0.070248 0.141495
v 0.226059 -0.334033 -0.567906
v 0.298219 -0.070248 -0.486411
v 0.226059 -0.081830 -0.597079
v 0.298219 -0.384412 -0.413293
v 0.298219 -0.070248 0.006375
v 0.298219 -0.403713 -0.265052
v 0.298219 -0.418949 0.006375
v 0.244070 -0.418949 0.141495
v 0.244070 -0.070248 0.141495
v 0.122833 -0.406108 -0.471634
v 0.122833 -0.414732 -0.682823
v 0.122833 -0.347599 -0.704013
v 0.122833 -0.368719 -0.450680
v 0.122833 -0.081398 -0.456081
v 0.122833 -0.123223 -0.725408
v 0.122833 -0.048825 -0.711709
v 0.122833 -0.013019 -0.526174
v 0.248169 -0.455430 -0.113194
v 0.248169 -0.377247 -0.113194
v -0.253554 -0.377247 -0.113194
v -0.253554 -0.455430 -0.113194
v 0.303262 -0.077038 -0.044443
v 0.252611 -0.074041 0.138384
v 0.255168 -0.093487 -0.043386
v 0.300705 -0.057591 0.137327
v 0.258917 -0.086092 0.173179
v 0.307011 -0.069642 0.172122
v 0.313032 -0.210781 0.185736
v 0.361126 -0.194331 0.184678
v 0.320238 -0.229751 0.155586
v 0.368333 -0.213301 0.154529
v 0.370889 -0.232747 -0.027241
v 0.322795 -0.249197 -0.026184
v 0.057849 -0.386604 -0.465295
v 0.057849 -0.405318 -0.472351
v 0.057849 -0.434346 -0.395355
v 0.057849 -0.415632 -0.388300
v 0.037849 -0.441402 -0.376641
v 0.037849 -0.422687 -0.369585
v -0.042151 -0.422687 -0.369585
v -0.042151 -0.441402 -0.376641
v -0.062151 -0.434346 -0.395355
v -0.062151 -0.415632 -0.388300
v -0.062151 -0.386604 -0.465295
v -0.062151 -0.405318 -0.472351
v 0.271675 0.314279 -0.504883
v 0.271675 -0.083227 -0.520417
v 0.271675 -0.083227 -0.475701
v 0.271675 0.275183 -0.475701
v 0.271675 0.332285 -0.486877
v 0.298219 -0.070248 0.006375
v 0.244070 -0.070248 0.141495
v -0.249729 -0.070248 0.141495
v -0.303946 -0.070248 0.006375
v 0.298219 -0.070248 -0.486411
v -0.303946 -0.070248 -0.486411
v -0.231507 -0.081830 -0.597079
v 0.226059 -0.081830 -0.597079
v 0.181640 0.266986 -0.475701
v 0.181640 0.335505 -0.488985
v 0.181640 0.311452 -0.099940
v 0.181640 0.266986 -0.108954
v 0.289259 -0.216981 -0.215862
v 0.289259 -0.256981 -0.215862
v 0.329259 -0.256981 -0.215862
v 0.329259 -0.216981 -0.215862
v -0.042151 -0.434346 -0.395355
v 0.037849 -0.434346 -0.395355
v 0.037849 -0.415632 -0.388300
v -0.042151 -0.415632 -0.388300
v 0.318905 -0.056981 -0.249143
v 0.316187 -0.056981 -0.311381
v 0.316187 -0.416981 -0.311381
v 0.318905 -0.416981 -0.249143
v 0.330179 -0.100800 -0.052651
v 0.274310 -0.119909 -0.051423
v 0.317591 -0.219563 -0.040413
v 0.373460 -0.200454 -0.041641
v -0.180095 0.266990 -0.475701
v -0.180095 0.266990 -0.108954
v -0.180095 0.311456 -0.099940
v -0.180095 0.335508 -0.488985
v -0.177167 -0.123223 -0.725408
v -0.127167 -0.048825 -0.711709
v -0.177167 -0.048825 -0.711709
v -0.127167 -0.123223 -0.725408
v -0.177167 -0.347599 -0.704013
v -0.127167 -0.347599 -0.704013
v -0.177167 -0.414732 -0.682823
v -0.127167 -0.414732 -0.682823
v 0.335656 -0.216981 -0.180423
v 0.289259 -0.216981 -0.175862
v 0.289259 -0.216981 -0.215862
v 0.353703 -0.216981 -0.198470
v 0.363940 -0.216981 -0.208707
v 0.329259 -0.216981 -0.215862
v 0.363940 -0.216981 -0.326613
v 0.329259 -0.216981 -0.319458
v 0.289259 -0.216981 -0.319458
v 0.289259 -0.216981 -0.359458
v 0.353703 -0.216981 -0.336850
v 0.335656 -0.216981 -0.354898
v 0.172833 -0.347599 -0.704013
v 0.172833 -0.414732 -0.682823
v 0.172833 -0.406108 -0.471634
v 0.172833 -0.368719 -0.450680
v 0.172833 -0.081399 -0.456081
v 0.172833 -0.123223 -0.725408
v 0.172833 -0.048825 -0.711709
v 0.172833 -0.013019 -0.526174
v 0.285250 -0.380835 0.143886
v 0.284443 -0.392349 0.109425
v 0.282505 -0.362167 -0.070881
v 0.289002 -0.246510 0.167888
v 0.287179 -0.194000 -0.042371
v 0.289117 -0.224182 0.137935
v -0.364030 -0.233122 -0.042695
v -0.320253 -0.229888 0.110578
v -0.324115 -0.248329 -0.041889
v -0.360168 -0.214681 0.109772
v -0.315503 -0.212876 0.136531
v -0.355418 -0.197669 0.135725
v -0.283192 -0.103887 0.121230
v -0.323107 -0.088680 0.120423
v -0.279830 -0.093489 0.092713
v -0.319745 -0.078282 0.091907
v -0.323607 -0.096723 -0.060560
v -0.283692 -0.111930 -0.059754
v 0.168364 -0.056981 -0.275558
v 0.316187 -0.056981 -0.311381
v 0.318905 -0.056981 -0.249143
v -0.086323 -0.056981 -0.247283
v 0.171081 -0.056981 -0.213320
v -0.259087 -0.056981 -0.257810
v -0.322271 -0.056981 -0.209474
v -0.324988 -0.056981 -0.271711
v -0.256369 -0.056981 -0.195572
v -0.083605 -0.056981 -0.185045
v -0.017131 -0.416108 -0.277388
v -0.017131 -0.416108 -0.383771
v 0.012829 -0.416108 -0.383771
v 0.012829 -0.416108 -0.277388
v 0.037849 -0.405318 -0.472351
v 0.037849 -0.386604 -0.465295
v 0.037849 -0.401249 -0.426450
v 0.037849 -0.419963 -0.433506
v -0.062151 -0.434346 -0.395355
v -0.042151 -0.441402 -0.376641
v 0.037849 -0.441402 -0.376641
v 0.037849 -0.434346 -0.395355
v 0.057849 -0.434346 -0.395355
v 0.037849 -0.427018 -0.414792
v 0.057849 -0.405318 -0.472351
v 0.037849 -0.419963 -0.433506
v 0.037849 -0.405318 -0.472351
v -0.042151 -0.419963 -0.433506
v -0.042151 -0.427018 -0.414792
v -0.062151 -0.405318 -0.472351
v -0.042151 -0.405318 -0.472351
v -0.042151 -0.434346 -0.395355
v 0.292339 -0.342361 0.060723
v 0.291823 -0.349730 0.038668
v 0.290582 -0.330413 -0.076728
v 0.294740 -0.256393 0.076084
v 0.293574 -0.222787 -0.058481
v 0.294814 -0.242103 0.056915
v -0.277848 0.266990 -0.475701
v -0.180095 0.266990 -0.475701
v -0.180095 0.335508 -0.488985
v -0.277848 0.335764 -0.488985
v 0.189357 0.301606 -0.095692
v 0.189357 0.310704 -0.104790
v 0.271675 0.310704 -0.104790
v 0.271675 0.301606 -0.095692
v 0.189357 0.291867 -0.085953
v 0.271675 0.291867 -0.085953
v 0.271675 -0.070248 0.054961
v 0.189357 -0.070248 0.054961
v -0.270131 0.275183 -0.475701
v -0.270131 -0.083227 -0.475701
v -0.270131 -0.083227 -0.520417
v -0.270131 0.314279 -0.504883
v -0.270131 0.332285 -0.486877
v 0.271675 0.318634 -0.500528
v 0.271675 0.332285 -0.486877
v 0.189357 0.332285 -0.486877
v 0.189357 0.318634 -0.500528
v 0.271675 0.314279 -0.504883
v 0.189357 0.314279 -0.504883
v 0.189357 -0.083227 -0.520417
v 0.271675 -0.083227 -0.520417
v -0.017131 -0.445706 -0.383771
v 0.012829 -0.445706 -0.383771
v 0.012829 -0.416108 -0.383771
v -0.017131 -0.416108 -0.383771
v 0.288849 -0.371548 -0.484937
v -0.000601 -0.018233 -0.500272
v 0.288849 -0.049070 -0.531429
v -0.005099 -0.422696 -0.453998
v -0.294750 -0.371548 -0.482155
v -0.290252 -0.049070 -0.528429
v -0.177167 -0.013019 -0.526174
v -0.177167 -0.048825 -0.711709
v -0.127167 -0.048825 -0.711709
v -0.127167 -0.013019 -0.526174
v -0.177167 -0.081398 -0.456081
v -0.127167 -0.081399 -0.456081
v -0.369335 -0.205353 -0.055288
v -0.320496 -0.211216 0.043228
v -0.322968 -0.223018 -0.054351
v -0.366863 -0.193551 0.042291
v -0.317456 -0.200329 0.059838
v -0.363823 -0.182663 0.058901
v -0.296777 -0.130575 0.050045
v -0.343145 -0.112910 0.049108
v -0.294626 -0.123921 0.031794
v -0.340993 -0.106255 0.030858
v -0.343464 -0.118058 -0.066721
v -0.297097 -0.135723 -0.065785
v 0.330179 -0.100800 -0.052651
v 0.373460 -0.200454 -0.041641
v 0.371824 -0.188008 0.074691
v 0.367212 -0.175868 0.093987
v 0.332578 -0.096067 0.085951
v 0.328543 -0.088354 0.063682
v 0.012829 -0.416108 -0.277388
v 0.012829 -0.416108 -0.383771
v 0.012829 -0.445706 -0.383771
v 0.012829 -0.445706 -0.277388
v 0.279393 0.266986 -0.475701
v 0.279393 0.266986 -0.108954
v 0.279393 0.311452 -0.099940
v 0.279393 0.335505 -0.488985
v -0.180095 0.311456 -0.099940
v -0.277848 0.311711 -0.099940
v -0.277848 0.335764 -0.488985
v -0.180095 0.335508 -0.488985
v -0.374370 -0.360743 -0.070469
v -0.308717 -0.358913 -0.071518
v -0.320432 -0.254218 -0.080114
v -0.386085 -0.256047 -0.079065
v -0.042151 -0.405318 -0.472351
v -0.042151 -0.419963 -0.433506
v -0.042151 -0.401249 -0.426450
v -0.042151 -0.386604 -0.465295
v -0.372649 -0.351555 0.042397
v -0.374370 -0.360743 -0.070469
v -0.386085 -0.256047 -0.079065
v -0.373509 -0.339402 0.062073
v -0.382892 -0.255712 0.054449
v -0.384364 -0.246860 0.033802
v -0.353180 -0.374079 0.118602
v -0.355869 -0.388434 -0.057752
v -0.374174 -0.224847 -0.071182
v -0.354523 -0.355089 0.149345
v -0.369184 -0.224323 0.137433
v -0.371485 -0.210492 0.105172
v 0.279393 0.335505 -0.488985
v 0.181640 0.335505 -0.488985
v 0.181640 0.266986 -0.475701
v 0.279393 0.266986 -0.475701
v -0.355869 -0.388434 -0.057752
v -0.298165 -0.386859 -0.058655
v -0.316470 -0.223273 -0.072085
v -0.374174 -0.224847 -0.071182
v -0.277848 0.266990 -0.108954
v -0.180095 0.266990 -0.108954
v -0.180095 0.266990 -0.475701
v -0.277848 0.266990 -0.475701
v 0.181640 0.266986 -0.108954
v 0.279393 0.266986 -0.108954
v 0.279393 0.266986 -0.475701
v 0.181640 0.266986 -0.475701
v 0.189357 0.291867 -0.085953
v 0.189357 -0.070248 0.054961
v 0.189357 -0.070248 0.000068
v 0.189357 0.275183 -0.108954
v 0.189357 0.301606 -0.095692
v 0.189357 0.310704 -0.104790
v -0.187813 0.275183 -0.108954
v -0.187813 -0.070248 0.000068
v -0.187813 -0.070248 0.054961
v -0.187813 0.291867 -0.085953
v -0.187813 0.301606 -0.095692
v -0.187813 0.310704 -0.104790
v -0.283692 -0.111930 -0.059754
v -0.324115 -0.248329 -0.041889
v -0.320253 -0.229888 0.110578
v -0.315503 -0.212876 0.136531
v -0.283192 -0.103887 0.121230
v -0.279830 -0.093489 0.092713
v -0.127167 -0.406108 -0.462397
v -0.177167 -0.368719 -0.441444
v -0.127167 -0.368719 -0.441444
v -0.177167 -0.406108 -0.462397
v -0.177167 -0.414732 -0.682823
v -0.127167 -0.414732 -0.682823
v -0.127167 -0.347599 -0.704013
v -0.127167 -0.414732 -0.682823
v -0.127167 -0.406108 -0.462397
v -0.127167 -0.368719 -0.441444
v -0.127167 -0.081399 -0.456081
v -0.127167 -0.123223 -0.725408
v -0.127167 -0.048825 -0.711709
v -0.127167 -0.013019 -0.526174
v 0.181640 0.266986 -0.108954
v 0.181640 0.311452 -0.099940
v 0.279393 0.311452 -0.099940
v 0.279393 0.266986 -0.108954
v 0.373460 -0.200454 -0.041641
v 0.317591 -0.219563 -0.040413
v 0.315955 -0.207117 0.075920
v 0.371824 -0.188008 0.074691
v 0.367212 -0.175868 0.093987
v 0.311343 -0.194976 0.095215
v 0.332578 -0.096067 0.085951
v 0.276709 -0.115176 0.087179
v 0.328543 -0.088354 0.063682
v 0.272674 -0.107463 0.064910
v 0.330179 -0.100800 -0.052651
v 0.274310 -0.119909 -0.051423
v -0.364030 -0.233122 -0.042695
v -0.324115 -0.248329 -0.041889
v -0.283692 -0.111930 -0.059754
v -0.323607 -0.096723 -0.060560
v -0.042151 -0.415632 -0.388300
v -0.042151 -0.408304 -0.407736
v -0.042151 -0.427018 -0.414792
v -0.042151 -0.434346 -0.395355
v -0.353180 -0.374079 0.118602
v -0.298165 -0.386859 -0.058655
v -0.355869 -0.388434 -0.057752
v -0.295476 -0.372504 0.117699
v -0.296820 -0.353514 0.148442
v -0.354523 -0.355089 0.149345
v -0.311481 -0.222748 0.136530
v -0.369184 -0.224323 0.137433
v -0.313781 -0.208918 0.104269
v -0.371485 -0.210492 0.105172
v -0.316470 -0.223273 -0.072085
v -0.374174 -0.224847 -0.071182
v 0.320238 -0.229751 0.155586
v 0.322795 -0.249197 -0.026184
v 0.255168 -0.093487 -0.043386
v 0.313032 -0.210781 0.185736
v 0.258917 -0.086092 0.173179
v 0.252611 -0.074041 0.138384
v -0.187813 -0.083227 -0.520417
v -0.270131 0.314279 -0.504883
v -0.270131 -0.083227 -0.520417
v -0.187813 0.314279 -0.504883
v -0.270131 0.318634 -0.500528
v -0.187813 0.318634 -0.500528
v -0.270131 0.332285 -0.486877
v -0.187813 0.332285 -0.486877
v 0.352305 -0.228795 -0.060088
v 0.293574 -0.222787 -0.058481
v 0.290582 -0.330413 -0.076728
v 0.349313 -0.336422 -0.078335
v -0.372649 -0.351555 0.042397
v -0.308717 -0.358913 -0.071518
v -0.374370 -0.360743 -0.070469
v -0.306996 -0.349726 0.041348
v -0.307856 -0.337573 0.061024
v -0.373509 -0.339402 0.062073
v -0.317239 -0.253883 0.053400
v -0.382892 -0.255712 0.054449
v -0.318711 -0.245031 0.032753
v -0.384364 -0.246860 0.033802
v -0.320432 -0.254218 -0.080114
v -0.386085 -0.256047 -0.079065
v -0.180095 0.311456 -0.099940
v -0.180095 0.266990 -0.108954
v -0.277848 0.266990 -0.108954
v -0.277848 0.311711 -0.099940
v 0.333063 -0.367339 -0.072264
v 0.335001 -0.397521 0.108042
v 0.335808 -0.386007 0.142503
v 0.339559 -0.251682 0.166505
v 0.337736 -0.199173 -0.043754
v 0.339675 -0.229354 0.136552
v -0.322271 -0.416981 -0.209474
v -0.324988 -0.416981 -0.271711
v -0.324988 -0.056981 -0.271711
v -0.322271 -0.056981 -0.209474
v -0.042151 -0.419963 -0.433506
v 0.037849 -0.419963 -0.433506
v 0.037849 -0.401249 -0.426450
v -0.042151 -0.401249 -0.426450
v 0.349313 -0.336422 -0.078335
v 0.350554 -0.355738 0.037061
v 0.351070 -0.348369 0.059116
v 0.353471 -0.262401 0.074478
v 0.352305 -0.228795 -0.060088
v 0.353545 -0.248111 0.055308
v -0.231302 -0.455430 0.111027
v -0.231302 -0.377247 0.111027
v 0.225845 -0.377247 0.111027
v 0.225845 -0.455430 0.111027
v -0.187813 0.314279 -0.504883
v -0.187813 -0.083227 -0.520417
v -0.187813 -0.083227 -0.475701
v -0.187813 0.275183 -0.475701
v -0.187813 0.332285 -0.486877
v 0.012829 -0.445706 -0.277388
v -0.017131 -0.445706 -0.277388
v -0.017131 -0.416108 -0.277388
v 0.012829 -0.416108 -0.277388
v 0.037849 -0.427018 -0.414792
v 0.037849 -0.408304 -0.407736
v 0.037849 -0.415632 -0.388300
v 0.037849 -0.434346 -0.395355
v 0.271675 0.275183 -0.108954
v 0.271675 -0.070248 0.000068
v 0.271675 -0.070248 0.054961
v 0.271675 0.291867 -0.085953
v 0.271675 0.301606 -0.095692
v 0.271675 0.310704 -0.104790
v -0.293184 -0.381187 -0.605837
v -0.290252 -0.049070 -0.528429
v -0.294750 -0.371548 -0.482155
v -0.293184 -0.058709 -0.652329
v -0.269195 -0.079432 -0.701965
v -0.269195 -0.375329 -0.659305
v -0.002167 -0.048595 -0.721041
v -0.002167 -0.426476 -0.678381
v 0.264861 -0.375329 -0.659305
v 0.264861 -0.079432 -0.701965
v 0.288849 -0.381187 -0.605837
v 0.288849 -0.058709 -0.652329
v 0.288849 -0.049070 -0.531429
v 0.288849 -0.371548 -0.484937
v -0.277848 0.266990 -0.475701
v -0.277848 0.335764 -0.488985
v -0.277848 0.311711 -0.099940
v -0.277848 0.266990 -0.108954
v 0.168364 -0.416981 -0.275558
v 0.316187 -0.416981 -0.311381
v 0.316187 -0.056981 -0.311381
v 0.168364 -0.056981 -0.275558
v -0.086323 -0.056981 -0.247283
v -0.086323 -0.416981 -0.247283
v -0.259087 -0.416981 -0.257810
v -0.259087 -0.056981 -0.257810
v -0.324988 -0.416981 -0.271711
v -0.324988 -0.056981 -0.271711
v -0.256369 -0.416981 -0.195572
v -0.322271 -0.416981 -0.209474
v -0.322271 -0.056981 -0.209474
v -0.256369 -0.056981 -0.195572
v -0.083605 -0.416981 -0.185045
v -0.083605 -0.056981 -0.185045
v 0.171081 -0.416981 -0.213320
v 0.171081 -0.056981 -0.213320
v 0.318905 -0.416981 -0.249143
v 0.318905 -0.056981 -0.249143
v 0.279393 0.311452 -0.099940
v 0.181640 0.311452 -0.099940
v 0.181640 0.335505 -0.488985
v 0.279393 0.335505 -0.488985
v 0.289259 -0.256981 -0.359458
v 0.335656 -0.216981 -0.354898
v 0.289259 -0.216981 -0.359458
v 0.335656 -0.256981 -0.354898
v 0.353703 -0.256981 -0.336850
v 0.363940 -0.256981 -0.326613
v 0.363940 -0.216981 -0.326613
v 0.363940 -0.256981 -0.208707
v 0.363940 -0.216981 -0.208707
v 0.353703 -0.216981 -0.198470
v 0.353703 -0.256981 -0.198470
v 0.335656 -0.216981 -0.180423
v 0.335656 -0.256981 -0.180423
v 0.289259 -0.256981 -0.175862
v 0.289259 -0.216981 -0.175862
v 0.303262 -0.077038 -0.044443
v 0.255168 -0.093487 -0.043386
v 0.322795 -0.249197 -0.026184
v 0.370889 -0.232747 -0.027241
v 0.271675 -0.083227 -0.475701
v 0.189357 -0.083227 -0.475701
v 0.189357 0.275183 -0.475701
v 0.271675 0.275183 -0.475701
v 0.189357 -0.070248 0.000068
v 0.271675 -0.070248 0.000068
v 0.271675 0.275183 -0.108954
v 0.189357 0.275183 -0.108954
v -0.187813 0.275183 -0.475701
v -0.187813 -0.083227 -0.475701
v -0.270131 -0.083227 -0.475701
v -0.270131 0.275183 -0.475701
v -0.231302 -0.455430 0.111027
v -0.266351 -0.377247 0.031751
v -0.231302 -0.377247 0.111027
v -0.266351 -0.471710 0.031751
v -0.266351 -0.471710 -0.070511
v -0.266351 -0.377247 -0.070511
v -0.253554 -0.455430 -0.113194
v -0.253554 -0.377247 -0.113194
v -0.270131 0.291867 -0.085953
v -0.270131 -0.070247 0.054961
v -0.270131 -0.070247 0.000068
v -0.270131 0.275183 -0.108954
v -0.270131 0.301606 -0.095692
v -0.270131 0.310704 -0.104790
v -0.187813 -0.070248 0.054961
v -0.270131 -0.070247 0.054961
v -0.270131 0.291867 -0.085953
v -0.187813 0.291867 -0.085953
v -0.187813 0.301606 -0.095692
v -0.270131 0.301606 -0.095692
v -0.187813 0.310704 -0.104790
v -0.270131 0.310704 -0.104790
v 0.329259 -0.256981 -0.319458
v 0.289259 -0.256981 -0.319458
v 0.289259 -0.216981 -0.319458
v 0.329259 -0.216981 -0.319458
v 0.329259 -0.216981 -0.215862
v 0.329259 -0.256981 -0.215862
v 0.329259 -0.256981 -0.319458
v 0.329259 -0.216981 -0.319458
v 0.248169 -0.455430 -0.113194
v 0.260850 -0.377247 -0.070511
v 0.248169 -0.377247 -0.113194
v 0.260850 -0.471710 -0.070511
v 0.260850 -0.471710 0.031751
v 0.260850 -0.377247 0.031751
v 0.225845 -0.455430 0.111027
v 0.225845 -0.377247 0.111027
v 0.337736 -0.199173 -0.043754
v 0.289117 -0.224182 0.137935
v 0.287179 -0.194000 -0.042371
v 0.339675 -0.229354 0.136552
v 0.289002 -0.246510 0.167888
v 0.339559 -0.251682 0.166505
v 0.285250 -0.380835 0.143886
v 0.335808 -0.386007 0.142503
v 0.284443 -0.392349 0.109425
v 0.335001 -0.397521 0.108042
v 0.333063 -0.367339 -0.072264
v 0.282505 -0.362167 -0.070881
v 0.172833 -0.048825 -0.711709
v 0.122833 -0.013019 -0.526174
v 0.122833 -0.048825 -0.711709
v 0.172833 -0.013019 -0.526174
v 0.172833 -0.081399 -0.456081
v 0.122833 -0.081398 -0.456081
v -0.369335 -0.205353 -0.055288
v -0.322968 -0.223018 -0.054351
v -0.297097 -0.135723 -0.065785
v -0.343464 -0.118058 -0.066721
v 0.189357 0.275183 -0.475701
v 0.189357 -0.083227 -0.475701
v 0.189357 -0.083227 -0.520417
v 0.189357 0.314279 -0.504883
v 0.189357 0.332285 -0.486877
v 0.289259 -0.256981 -0.359458
v 0.289259 -0.256981 -0.319458
v 0.329259 -0.256981 -0.319458
v 0.363940 -0.256981 -0.326613
v 0.329259 -0.256981 -0.215862
v 0.353703 -0.256981 -0.336850
v 0.335656 -0.256981 -0.354898
v 0.363940 -0.256981 -0.208707
v 0.289259 -0.256981 -0.215862
v 0.353703 -0.256981 -0.198470
v 0.335656 -0.256981 -0.180423
v 0.289259 -0.256981 -0.175862
v -0.187813 0.275183 -0.108954
v -0.270131 0.275183 -0.108954
v -0.270131 -0.070247 0.000068
v -0.187813 -0.070248 0.000068
v -0.256369 -0.416981 -0.195572
v -0.083605 -0.416981 -0.185045
v 0.171081 -0.416981 -0.213320
v -0.322271 -0.416981 -0.209474
v -0.259087 -0.416981 -0.257810
v -0.324988 -0.416981 -0.271711
v -0.086323 -0.416981 -0.247283
v 0.318905 -0.416981 -0.249143
v 0.168364 -0.416981 -0.275558
v 0.316187 -0.416981 -0.311381
v 0.122833 -0.414732 -0.682823
v 0.172833 -0.414732 -0.682823
v 0.172833 -0.347599 -0.704013
v 0.122833 -0.347599 -0.704013
v 0.122833 -0.123223 -0.725408
v 0.172833 -0.123223 -0.725408
v 0.122833 -0.048825 -0.711709
v 0.172833 -0.048825 -0.711709
v -0.042151 -0.408304 -0.407736
v 0.037849 -0.408304 -0.407736
v 0.037849 -0.427018 -0.414792
v -0.042151 -0.427018 -0.414792
v 0.260850 -0.471710 -0.070511
v 0.248169 -0.455430 -0.113194
v -0.253554 -0.455430 -0.113194
v -0.266351 -0.471710 -0.070511
v 0.260850 -0.471710 0.031751
v -0.266351 -0.471710 0.031751
v -0.231302 -0.455430 0.111027
v 0.225845 -0.455430 0.111027
v 0.315955 -0.207117 0.075920
v 0.317591 -0.219563 -0.040413
v 0.274310 -0.119909 -0.051423
v 0.311343 -0.194976 0.095215
v 0.276709 -0.115176 0.087179
v 0.272674 -0.107463 0.064910
v 0.352305 -0.228795 -0.060088
v 0.294814 -0.242103 0.056915
v 0.293574 -0.222787 -0.058481
v 0.353545 -0.248111 0.055308
v 0.294740 -0.256393 0.076084
v 0.353471 -0.262401 0.074478
v 0.292339 -0.342361 0.060723
v 0.351070 -0.348369 0.059116
v 0.291823 -0.349730 0.038668
v 0.350554 -0.355738 0.037061
v 0.349313 -0.336422 -0.078335
v 0.290582 -0.330413 -0.076728
v -0.320432 -0.254218 -0.080114
v -0.308717 -0.358913 -0.071518
v -0.306996 -0.349726 0.041348
v -0.307856 -0.337573 0.061024
v -0.317239 -0.253883 0.053400
v -0.318711 -0.245031 0.032753
v -0.017131 -0.445706 -0.277388
v -0.017131 -0.445706 -0.383771
v -0.017131 -0.416108 -0.383771
v -0.017131 -0.416108 -0.277388
v -0.062151 -0.386604 -0.465295
v -0.042151 -0.386604 -0.465295
v -0.042151 -0.401249 -0.426450
v -0.042151 -0.408304 -0.407736
v -0.062151 -0.415632 -0.388300
v -0.042151 -0.415632 -0.388300
v 0.037849 -0.401249 -0.426450
v 0.037849 -0.408304 -0.407736
v 0.057849 -0.386604 -0.465295
v 0.037849 -0.386604 -0.465295
v 0.037849 -0.415632 -0.388300
v 0.057849 -0.415632 -0.388300
v -0.042151 -0.422687 -0.369585
v 0.037849 -0.422687 -0.369585
v -0.177167 -0.406108 -0.462397
v -0.177167 -0.414732 -0.682823
v -0.177167 -0.347599 -0.704013
v -0.177167 -0.368719 -0.441444
v -0.177167 -0.081398 -0.456081
v -0.177167 -0.123223 -0.725408
v -0.177167 -0.048825 -0.711709
v -0.177167 -0.013019 -0.526174
v -0.062151 -0.415632 -0.388300
v 0.037849 -0.415632 -0.388300
v 0.057849 -0.415632 -0.388300
v -0.042151 -0.415632 -0.388300
v 0.337736 -0.199173 -0.043754
v 0.287179 -0.194000 -0.042371
v 0.282505 -0.362167 -0.070881
v 0.333063 -0.367339 -0.072264
v -0.360168 -0.214681 0.109772
v -0.364030 -0.233122 -0.042695
v -0.323607 -0.096723 -0.060560
v -0.355418 -0.197669 0.135725
v -0.323107 -0.088680 0.120423
v -0.319745 -0.078282 0.091907
v -0.366863 -0.193551 0.042291
v -0.369335 -0.205353 -0.055288
v -0.343464 -0.118058 -0.066721
v -0.363823 -0.182663 0.058901
v -0.343145 -0.112910 0.049108
v -0.340993 -0.106255 0.030858
v -0.316470 -0.223273 -0.072085
v -0.298165 -0.386859 -0.058655
v -0.295476 -0.372504 0.117699
v -0.296820 -0.353514 0.148442
v -0.311481 -0.222748 0.136530
v -0.313781 -0.208918 0.104269
v -0.297097 -0.135723 -0.065785
v -0.322968 -0.223018 -0.054351
v -0.320496 -0.211216 0.043228
v -0.317456 -0.200329 0.059838
v -0.296777 -0.130575 0.050045
v -0.294626 -0.123921 0.031794
v -0.231507 -0.083293 -0.597079
v 0.226059 -0.083293 -0.597079
v 0.226059 -0.081830 -0.597079
v -0.231507 -0.081830 -0.597079
v 0.172833 -0.406108 -0.471634
v 0.122833 -0.368719 -0.450680
v 0.172833 -0.368719 -0.450680
v 0.122833 -0.406108 -0.471634
v 0.172833 -0.414732 -0.682823
v 0.122833 -0.414732 -0.682823
v -0.231507 -0.334033 -0.567906
v 0.298219 -0.384412 -0.413293
v 0.226059 -0.334033 -0.567906
v -0.303946 -0.384412 -0.413293
v 0.298219 -0.403713 -0.265052
v -0.303946 -0.403713 -0.265052
v 0.298219 -0.418949 0.006375
v -0.303946 -0.418949 0.006375
v 0.244070 -0.418949 0.141495
v -0.249729 -0.418949 0.141495
v 0.012829 -0.445706 -0.277388
v 0.012829 -0.445706 -0.383771
v -0.017131 -0.445706 -0.383771
v -0.017131 -0.445706 -0.277388
v 0.244070 -0.070248 0.141495
v 0.244070 -0.418949 0.141495
v -0.249729 -0.418949 0.141495
v -0.249729 -0.070248 0.141495
v 0.303262 -0.077038 -0.044443
v 0.370889 -0.232747 -0.027241
v 0.368333 -0.213301 0.154529
v 0.361126 -0.194331 0.184678
v 0.307011 -0.069642 0.172122
v 0.300705 -0.057591 0.137327
v -0.002167 -0.027872 -0.652329
v -0.000601 -0.018233 -0.500272
v -0.290252 -0.049070 -0.528429
v 0.288849 -0.049070 -0.531429
v -0.293184 -0.058709 -0.652329
v 0.288849 -0.058709 -0.652329
v -0.269195 -0.079432 -0.701965
v 0.264861 -0.079432 -0.701965
v -0.002167 -0.048595 -0.721041
v -0.002167 -0.432335 -0.605837
v -0.005099 -0.422696 -0.453998
v 0.288849 -0.371548 -0.484937
v 0.288849 -0.381187 -0.605837
v -0.294750 -0.371548 -0.482155
v 0.264861 -0.375329 -0.659305
v -0.293184 -0.381187 -0.605837
v -0.002167 -0.426476 -0.678381
v -0.269195 -0.375329 -0.659305
v 0.048116 -0.505987 0.055328
v -0.028672 -0.522933 0.122240
v 0.036365 -0.521043 0.121619
v -0.042539 -0.508620 0.056194
v 0.047607 -0.498926 0.023513
v -0.043048 -0.501560 0.024379
v 0.047098 -0.491865 -0.008302
v -0.043557 -0.494499 -0.007436
v 0.046589 -0.484805 -0.040117
v -0.044066 -0.487438 -0.039251
v 0.046080 -0.477744 -0.071932
v -0.044574 -0.480378 -0.071066
v 0.045572 -0.470683 -0.103746
v -0.045083 -0.473317 -0.102881
v 0.045063 -0.463623 -0.135561
v -0.045592 -0.466257 -0.134696
v 0.044554 -0.456562 -0.167376
v -0.046101 -0.459196 -0.166511
v 0.044045 -0.449502 -0.199191
v -0.046610 -0.452135 -0.198326
v 0.043536 -0.442441 -0.231006
v -0.047119 -0.445075 -0.230141
v 0.043027 -0.435380 -0.262821
v -0.047627 -0.438014 -0.261956
v 0.029879 -0.431039 -0.283939
v -0.035158 -0.432928 -0.283318
vt 0.0112333847 0.99684602
vt 0.0112333847 0.99684602
vt 0.0112333847 0.99684602
vt 0.00335562043 0.987808585
vt 0.00335562043 0.987808585
vt 0.00335562043 0.987808585
vt 0.0112333847 0.99684602
vt 0.0112333847 0.99684602
vt 0.0112333847 0.99684602
vt 0.0112333847 0.99684602
vt 0.0112333847 0.99684602
vt 0.0112333847 0.99684602
vt 0.0112333847 0.99684602
vt 0.0112333847 0.99684602
vt 0.0112333847 0.99684602
vt 0.0112333847 0.987808585
vt 0.0112333847 0.987808585
vt 0.0112333847 0.987808585
vt 0.0112333847 0.987808585
vt 0.0112333847 0.987808585
vt 0.0112333847 0.987808585
vt 0.0112333847 0.987808585
vt 0.0112333847 0.987808585
vt 0.0112333847 0.987808585
vt 0.0112333847 0.987808585
vt 0.0112333847 0.987808585
vt 0.0112333847 0.987808585
vt 0.0112333847 0.987808585
vt 0.0112333847 0.987808585
vt 0.0112333847 0.987808585
vt 0.0112333847 0.987808585
vt 0.0112333847 0.987808585
vt 0.0112333847 0.987808585
vt 0.0112333847 0.981336355
vt 0.0112333847 0.981336355
vt 0.0112333847 0.981336355
vt 0.0112333847 0.981336355
vt 0.0112333847 0.981336355
vt 0.0112333847 0.981336355
vt 0.0112333847 0.981336355
vt 0.0112333847 0.981336355
vt 0.0112333847 0.99684602
vt 0.0112333847 0.99684602
vt 0.0112333847 0.99684602
vt 0.0112333847 0.99684602
vt 0.0112333847 0.987808585
vt 0.0112333847 0.987808585
vt 0.0112333847 0.987808585
vt 0.0112333847 0.987808585
vt 0.0112333847 0.987808585
vt 0.0112333847 0.987808585
vt 0.0112333847 0.987808585
vt 0.0112333847 0.987808585
vt 0.0112333847 0.987808585
vt 0.0112333847 0.987808585
vt 0.0112333847 0.987808585
vt 0.0112333847 0.987808585
vt 0.00335562043 0.987808585
vt 0.00335562043 0.987808585
vt 0.00335562043 0.987808585
vt 0.00335562043 0.987808585
vt 0.00335562043 0.987808585
vt 0.00335562043 0.987808585
vt 0.00335562043 0.987808585
vt 0.00335562043 0.987808585
vt 0.00335562043 0.987808585
vt 0.00335562043 0.987808585
vt 0.00335562043 0.987808585
vt 0.00335562043 0.987808585
vt 0.0112333847 0.99684602
vt 0.0112333847 0.99684602
vt 0.0112333847 0.99684602
vt 0.0112333847 0.99684602
vt 0.0112333847 0.99684602
vt 0.0112333847 0.987808585
vt 0.0112333847 0.987808585
vt 0.0112333847 0.987808585
vt 0.0112333847 0.987808585
vt 0.0112333847 0.987808585
vt 0.0112333847 0.987808585
vt 0.0112333847 0.987808585
vt 0.0112333847 0.987808585
vt 0.0112333847 0.981336355
vt 0.0112333847 0.981336355
vt 0.0112333847 0.981336355
vt 0.0112333847 0.981336355
vt 0.0112333847 0.981336355
vt 0.0112333847 0.981336355
vt 0.0112333847 0.981336355
vt 0.0112333847 0.981336355
vt 0.00335562043 0.987808585
vt 0.00335562043 0.987808585
vt 0.00335562043 0.987808585
vt 0.00335562043 0.987808585
vt 0.0192693807 0.99684602
vt 0.0192693807 0.99684602
vt 0.0192693807 0.99684602
vt 0.0192693807 0.99684602
vt 0.0112333847 0.99684602
vt 0.0112333847 0.99684602
vt 0.0112333847 0.99684602
vt 0.0112333847 0.99684602
vt 0.0112333847 0.981336355
vt 0.0112333847 0.981336355
vt 0.0112333847 0.981336355
vt 0.0112333847 0.981336355
vt 0.0112333847 0.981336355
vt 0.0112333847 0.981336355
vt 0.0112333847 0.981336355
vt 0.0112333847 0.981336355
vt 0.0112333847 0.981336355
vt 0.0112333847 0.981336355
vt 0.0112333847 0.981336355
vt 0.0112333847 0.981336355
vt 0.0112333847 0.981336355
vt 0.0112333847 0.981336355
vt 0.0112333847 0.981336355
vt 0.0112333847 0.981336355
vt 0.0112333847 0.981336355
vt 0.0112333847 0.981336355
vt 0.0112333847 0.981336355
vt 0.0112333847 0.981336355
vt 0.0112333847 0.981336355
vt 0.0112333847 0.981336355
vt 0.0112333847 0.981336355
vt 0.0112333847 0.981336355
vt 0.0112333847 0.981336355
vt 0.0112333847 0.981336355
vt 0.0112333847 0.981336355
vt 0.0112333847 0.981336355
vt 0.0112333847 0.981336355
vt 0.0112333847 0.981336355
vt 0.0112333847 0.981336355
vt 0.0112333847 0.981336355
vt 0.0112333847 0.987808585
vt 0.0112333847 0.987808585
vt 0.0112333847 0.987808585
vt 0.0112333847 0.987808585
vt 0.0112333847 0.987808585
vt 0.0112333847 0.987808585
vt 0.0112333847 0.987808585
vt 0.0112333847 0.987808585
vt 0.0112333847 0.987808585
vt 0.0112333847 0.987808585
vt 0.0112333847 0.987808585
vt 0.0112333847 0.987808585
vt 0.0112333847 0.987808585
vt 0.0112333847 0.987808585
vt 0.0112333847 0.987808585
vt 0.0112333847 0.987808585
vt 0.0112333847 0.987808585
vt 0.0112333847 0.987808585
vt 0.0192693807 0.99684602
vt 0.0192693807 0.99684602
vt 0.0192693807 0.99684602
vt 0.0192693807 0.99684602
vt 0.0192693807 0.99684602
vt 0.0192693807 0.99684602
vt 0.0192693807 0.99684602
vt 0.0192693807 0.99684602
vt 0.0192693807 0.99684602
vt 0.0192693807 0.99684602
vt 0.00312049314 0.99684602
vt 0.00312049314 0.99684602
vt 0.00312049314 0.99684602
vt 0.00312049314 0.99684602
vt 0.00335562043 0.987808585
vt 0.00335562043 0.987808585
vt 0.00335562043 0.987808585
vt 0.00335562043 0.987808585
vt 0.00335562043 0.987808585
vt 0.00335562043 0.987808585
vt 0.00335562043 0.987808585
vt 0.00335562043 0.987808585
vt 0.00335562043 0.987808585
vt 0.00335562043 0.987808585
vt 0.00335562043 0.987808585
vt 0.00335562043 0.987808585
vt 0.00335562043 0.987808585
vt 0.00335562043 0.987808585
vt 0.00335562043 0.987808585
vt 0.00335562043 0.987808585
vt 0.00335562043 0.987808585
vt 0.00335562043 0.987808585
vt 0.0112333847 0.99684602
vt 0.0112333847 0.99684602
vt 0.0112333847 0.99684602
vt 0.0112333847 0.99684602
vt 0.0112333847 0.99684602
vt 0.0112333847 0.99684602
vt 0.0112333847 0.981336355
vt 0.0112333847 0.981336355
vt 0.0112333847 0.981336355
vt 0.0112333847 0.981336355
vt 0.0112333847 0.99684602
vt 0.0112333847 0.99684602
vt 0.0112333847 0.99684602
vt 0.0112333847 0.99684602
vt 0.0112333847 0.99684602
vt 0.0112333847 0.99684602
vt 0.0112333847 0.99684602
vt 0.0112333847 0.99684602
vt 0.0112333847 0.99684602
vt 0.0112333847 0.99684602
vt 0.0112333847 0.99684602
vt 0.0112333847 0.99684602
vt 0.0112333847 0.99684602
vt 0.0112333847 0.99684602
vt 0.0112333847 0.99684602
vt 0.0112333847 0.99684602
vt 0.0112333847 0.99684602
vt 0.0112333847 0.99684602
vt 0.0112333847 0.99684602
vt 0.0112333847 0.99684602
vt 0.0112333847 0.99684602
vt 0.00312049314 0.99684602
vt 0.00312049314 0.99684602
vt 0.00312049314 0.99684602
vt 0.00312049314 0.99684602
vt 0.0112333847 0.99684602
vt 0.0112333847 0.99684602
vt 0.0112333847 0.99684602
vt 0.0112333847 0.99684602
vt 0.0112333847 0.99684602
vt 0.0112333847 0.99684602
vt 0.0112333847 0.981336355
vt 0.0112333847 0.981336355
vt 0.0112333847 0.981336355
vt 0.0112333847 0.981336355
vt 0.0112333847 0.981336355
vt 0.0112333847 0.981336355
vt 0.0112333847 0.99684602
vt 0.0112333847 0.99684602
vt 0.0112333847 0.99684602
vt 0.0112333847 0.99684602
vt 0.0112333847 0.99684602
vt 0.0112333847 0.99684602
vt 0.0112333847 0.99684602
vt 0.0112333847 0.99684602
vt 0.0112333847 0.99684602
vt 0.0112333847 0.99684602
vt 0.0112333847 0.99684602
vt 0.0112333847 0.99684602
vt 0.0112333847 0.99684602
vt 0.0112333847 0.99684602
vt 0.0112333847 0.99684602
vt 0.0112333847 0.99684602
vt 0.0112333847 0.99684602
vt 0.0112333847 0.99684602
vt 0.00312049314 0.99684602
vt 0.00312049314 0.99684602
vt 0.00312049314 0.99684602
vt 0.00312049314 0.99684602
vt 0.0112333847 0.981336355
vt 0.0112333847 0.981336355
vt 0.0112333847 0.981336355
vt 0.0112333847 0.981336355
vt 0.0112333847 0.981336355
vt 0.0112333847 0.981336355
vt 0.0112333847 0.981336355
vt 0.0112333847 0.981336355
vt 0.0112333847 0.99684602
vt 0.0112333847 0.99684602
vt 0.0112333847 0.99684602
vt 0.0112333847 0.99684602
vt 0.00335562043 0.987808585
vt 0.00335562043 0.987808585
vt 0.00335562043 0.987808585
vt 0.00335562043 0.987808585
vt 0.0112333847 0.99684602
vt 0.0112333847 0.99684602
vt 0.0112333847 0.99684602
vt 0.0112333847 0.99684602
vt 0.0112333847 0.99684602
vt 0.0112333847 0.99684602
vt 0.0112333847 0.987808585
vt 0.0112333847 0.987808585
vt 0.0112333847 0.987808585
vt 0.0112333847 0.987808585
vt 0.0112333847 0.987808585
vt 0.0112333847 0.987808585
vt 0.0112333847 0.981336355
vt 0.0112333847 0.981336355
vt 0.0112333847 0.981336355
vt 0.0112333847 0.981336355
vt 0.0112333847 0.987808585
vt 0.0112333847 0.987808585
vt 0.0112333847 0.987808585
vt 0.0112333847 0.987808585
vt 0.0112333847 0.981336355
vt 0.0112333847 0.981336355
vt 0.0112333847 0.981336355
vt 0.0112333847 0.981336355
vt 0.0112333847 0.981336355
vt 0.0112333847 0.981336355
vt 0.0112333847 0.981336355
vt 0.0112333847 0.981336355
vt 0.0112333847 0.99684602
vt 0.0112333847 0.99684602
vt 0.0112333847 0.99684602
vt 0.0112333847 0.99684602
vt 0.0112333847 0.99684602
vt 0.0112333847 0.99684602
vt 0.0112333847 0.99684602
vt 0.0112333847 0.99684602
vt 0.0112333847 0.99684602
vt 0.0112333847 0.99684602
vt 0.0112333847 0.99684602
vt 0.0112333847 0.99684602
vt 0.0112333847 0.987808585
vt 0.0112333847 0.987808585
vt 0.0112333847 0.987808585
vt 0.0112333847 0.987808585
vt 0.0112333847 0.987808585
vt 0.0112333847 0.987808585
vt 0.0112333847 0.981336355
vt 0.0112333847 0.981336355
vt 0.0112333847 0.981336355
vt 0.0112333847 0.981336355
vt 0.0112333847 0.981336355
vt 0.0112333847 0.981336355
vt 0.0112333847 0.981336355
vt 0.0112333847 0.981336355
vt 0.0112333847 0.981336355
vt 0.0112333847 0.981336355
vt 0.0112333847 0.981336355
vt 0.0112333847 0.981336355
vt 0.0112333847 0.981336355
vt 0.0112333847 0.981336355
vt 0.0112333847 0.981336355
vt 0.0112333847 0.981336355
vt 0.0112333847 0.981336355
vt 0.0112333847 0.981336355
vt 0.0112333847 0.99684602
vt 0.0112333847 0.99684602
vt 0.0112333847 0.99684602
vt 0.0112333847 0.99684602
vt 0.0112333847 0.99684602
vt 0.0112333847 0.99684602
vt 0.0112333847 0.99684602
vt 0.0112333847 0.99684602
vt 0.0112333847 0.99684602
vt 0.0112333847 0.99684602
vt 0.0112333847 0.99684602
vt 0.0112333847 0.99684602
vt 0.0112333847 0.987808585
vt 0.0112333847 0.987808585
vt 0.0112333847 0.987808585
vt 0.0112333847 0.987808585
vt 0.00335562043 0.987808585
vt 0.00335562043 0.987808585
vt 0.00335562043 0.987808585
vt 0.00335562043 0.987808585
vt 0.0112333847 0.987808585
vt 0.0112333847 0.987808585
vt 0.0112333847 0.987808585
vt 0.0112333847 0.987808585
vt 0.0112333847 0.987808585
vt 0.0112333847 0.987808585
vt 0.0112333847 0.987808585
vt 0.0112333847 0.987808585
vt 0.0112333847 0.987808585
vt 0.0112333847 0.987808585
vt 0.0112333847 0.987808585
vt 0.0112333847 0.987808585
vt 0.0112333847 0.987808585
vt 0.0112333847 0.987808585
vt 0.0112333847 0.987808585
vt 0.0112333847 0.987808585
vt 0.0112333847 0.987808585
vt 0.0112333847 0.987808585
vt 0.0112333847 0.99684602
vt 0.0112333847 0.99684602
vt 0.0112333847 0.99684602
vt 0.0112333847 0.99684602
vt 0.0112333847 0.99684602
vt 0.0112333847 0.99684602
vt 0.0112333847 0.99684602
vt 0.0112333847 0.99684602
vt 0.0112333847 0.99684602
vt 0.0112333847 0.99684602
vt 0.0112333847 0.99684602
vt 0.0112333847 0.99684602
vt 0.0112333847 0.99684602
vt 0.0112333847 0.99684602
vt 0.0112333847 0.99684602
vt 0.0112333847 0.99684602
vt 0.0112333847 0.99684602
vt 0.0112333847 0.99684602
vt 0.0112333847 0.99684602
vt 0.0112333847 0.99684602
vt 0.0112333847 0.99684602
vt 0.0112333847 0.99684602
vt 0.0112333847 0.99684602
vt 0.0112333847 0.99684602
vt 0.0112333847 0.981336355
vt 0.0112333847 0.981336355
vt 0.0112333847 0.981336355
vt 0.0112333847 0.981336355
vt 0.0112333847 0.987808585
vt 0.0112333847 0.987808585
vt 0.0112333847 0.987808585
vt 0.0112333847 0.987808585
vt 0.0112333847 0.987808585
vt 0.0112333847 0.987808585
vt 0.0192693807 0.99684602
vt 0.0192693807 0.99684602
vt 0.0192693807 0.99684602
vt 0.0192693807 0.99684602
vt 0.00335562043 0.987808585
vt 0.00335562043 0.987808585
vt 0.00335562043 0.987808585
vt 0.00335562043 0.987808585
vt 0.0112333847 0.99684602
vt 0.0112333847 0.99684602
vt 0.0112333847 0.99684602
vt 0.0112333847 0.99684602
vt 0.0112333847 0.99684602
vt 0.0112333847 0.99684602
vt 0.0112333847 0.99684602
vt 0.0112333847 0.99684602
vt 0.0112333847 0.99684602
vt 0.0112333847 0.99684602
vt 0.0112333847 0.99684602
vt 0.0112333847 0.99684602
vt 0.0112333847 0.99684602
vt 0.0112333847 0.99684602
vt 0.0112333847 0.99684602
vt 0.00312049314 0.99684602
vt 0.00312049314 0.99684602
vt 0.00312049314 0.99684602
vt 0.00312049314 0.99684602
vt 0.00335562043 0.987808585
vt 0.00335562043 0.987808585
vt 0.00335562043 0.987808585
vt 0.00335562043 0.987808585
vt 0.0112333847 0.99684602
vt 0.0112333847 0.99684602
vt 0.0112333847 0.99684602
vt 0.0112333847 0.99684602
vt 0.0112333847 0.99684602
vt 0.0112333847 0.99684602
vt 0.0112333847 0.99684602
vt 0.0112333847 0.99684602
vt 0.0112333847 0.99684602
vt 0.0112333847 0.99684602
vt 0.0112333847 0.99684602
vt 0.0112333847 0.99684602
vt 0.0112333847 0.99684602
vt 0.0112333847 0.99684602
vt 0.0112333847 0.99684602
vt 0.0112333847 0.99684602
vt 0.0112333847 0.99684602
vt 0.0112333847 0.99684602
vt 0.0112333847 0.99684602
vt 0.0112333847 0.99684602
vt 0.0112333847 0.981336355
vt 0.0112333847 0.981336355
vt 0.0112333847 0.981336355
vt 0.0112333847 0.981336355
vt 0.0192693807 0.99684602
vt 0.0192693807 0.99684602
vt 0.0192693807 0.99684602
vt 0.0192693807 0.99684602
vt 0.0192693807 0.99684602
vt 0.0192693807 0.99684602
vt 0.0192693807 0.99684602
vt 0.0192693807 0.99684602
vt 0.0192693807 0.99684602
vt 0.0192693807 0.99684602
vt 0.0192693807 0.99684602
vt 0.0192693807 0.99684602
vt 0.0192693807 0.99684602
vt 0.0192693807 0.99684602
vt 0.0192693807 0.99684602
vt 0.0192693807 0.99684602
vt 0.0192693807 0.99684602
vt 0.0192693807 0.99684602
vt 0.0192693807 0.99684602
vt 0.0192693807 0.99684602
vt 0.0112333847 0.981336355
vt 0.0112333847 0.981336355
vt 0.0112333847 0.981336355
vt 0.0112333847 0.981336355
vt 0.0112333847 0.981336355
vt 0.0112333847 0.981336355
vt 0.0112333847 0.981336355
vt 0.0112333847 0.981336355
vt 0.0112333847 0.981336355
vt 0.0112333847 0.981336355
vt 0.0112333847 0.981336355
vt 0.0112333847 0.981336355
vt 0.0112333847 0.981336355
vt 0.0112333847 0.981336355
vt 0.0112333847 0.981336355
vt 0.0112333847 0.981336355
vt 0.0112333847 0.981336355
vt 0.0112333847 0.981336355
vt 0.0112333847 0.981336355
vt 0.0112333847 0.987808585
vt 0.0112333847 0.987808585
vt 0.0112333847 0.987808585
vt 0.0112333847 0.987808585
vt 0.0112333847 0.99684602
vt 0.0112333847 0.99684602
vt 0.0112333847 0.99684602
vt 0.0112333847 0.99684602
vt 0.0112333847 0.99684602
vt 0.0112333847 0.99684602
vt 0.0112333847 0.99684602
vt 0.0112333847 0.99684602
vt 0.0112333847 0.99684602
vt 0.0112333847 0.99684602
vt 0.0112333847 0.99684602
vt 0.0112333847 0.99684602
vt 0.0112333847 0.99684602
vt 0.0112333847 0.99684602
vt 0.0112333847 0.99684602
vt 0.0112333847 0.99684602
vt 0.0112333847 0.99684602
vt 0.0112333847 0.99684602
vt 0.0112333847 0.99684602
vt 0.0112333847 0.99684602
vt 0.0112333847 0.99684602
vt 0.0112333847 0.99684602
vt 0.0112333847 0.99684602
vt 0.0112333847 0.99684602
vt 0.0112333847 0.99684602
vt 0.0112333847 0.99684602
vt 0.0112333847 0.99684602
vt 0.0112333847 0.99684602
vt 0.0112333847 0.99684602
vt 0.0112333847 0.99684602
vt 0.0112333847 0.99684602
vt 0.0112333847 0.99684602
vt 0.0112333847 0.99684602
vt 0.0112333847 0.99684602
vt 0.0112333847 0.981336355
vt 0.0112333847 0.981336355
vt 0.0112333847 0.981336355
vt 0.0112333847 0.981336355
vt 0.0112333847 0.981336355
vt 0.0112333847 0.981336355
vt 0.0112333847 0.981336355
vt 0.0112333847 0.981336355
vt 0.0112333847 0.99684602
vt 0.0112333847 0.99684602
vt 0.0112333847 0.99684602
vt 0.0112333847 0.99684602
vt 0.0112333847 0.99684602
vt 0.0112333847 0.99684602
vt 0.0112333847 0.99684602
vt 0.0112333847 0.99684602
vt 0.0112333847 0.987808585
vt 0.0112333847 0.987808585
vt 0.0112333847 0.987808585
vt 0.0112333847 0.987808585
vt 0.0112333847 0.987808585
vt 0.0112333847 0.987808585
vt 0.0112333847 0.987808585
vt 0.0112333847 0.987808585
vt 0.0112333847 0.987808585
vt 0.0112333847 0.987808585
vt 0.0112333847 0.987808585
vt 0.0112333847 0.987808585
vt 0.0112333847 0.981336355
vt 0.0112333847 0.981336355
vt 0.0112333847 0.981336355
vt 0.0112333847 0.981336355
vt 0.0112333847 0.981336355
vt 0.0112333847 0.981336355
vt 0.0112333847 0.99684602
vt 0.0112333847 0.99684602
vt 0.0112333847 0.99684602
vt 0.0112333847 0.99684602
vt 0.0112333847 0.99684602
vt 0.0112333847 0.99684602
vt 0.0112333847 0.99684602
vt 0.0112333847 0.99684602
vt 0.0112333847 0.99684602
vt 0.0112333847 0.981336355
vt 0.0112333847 0.981336355
vt 0.0112333847 0.981336355
vt 0.0112333847 0.981336355
vt 0.0112333847 0.981336355
vt 0.0112333847 0.981336355
vt 0.0112333847 0.981336355
vt 0.0112333847 0.981336355
vt 0.0112333847 0.981336355
vt 0.0112333847 0.981336355
vt 0.0112333847 0.981336355
vt 0.0112333847 0.981336355
vt 0.0112333847 0.99684602
vt 0.0112333847 0.99684602
vt 0.0112333847 0.99684602
vt 0.0112333847 0.99684602
vt 0.0192693807 0.99684602
vt 0.0192693807 0.99684602
vt 0.0192693807 0.99684602
vt 0.0192693807 0.99684602
vt 0.0192693807 0.99684602
vt 0.0192693807 0.99684602
vt 0.0192693807 0.99684602
vt 0.0192693807 0.99684602
vt 0.0192693807 0.99684602
vt 0.0192693807 0.99684602
vt 0.0112333847 0.981336355
vt 0.0112333847 0.981336355
vt 0.0112333847 0.981336355
vt 0.0112333847 0.981336355
vt 0.0112333847 0.981336355
vt 0.0112333847 0.981336355
vt 0.0112333847 0.981336355
vt 0.0112333847 0.981336355
vt 0.00335562043 0.987808585
vt 0.00335562043 0.987808585
vt 0.00335562043 0.987808585
vt 0.00335562043 0.987808585
vt 0.0112333847 0.99684602
vt 0.0112333847 0.99684602
vt 0.0112333847 0.99684602
vt 0.0112333847 0.99684602
vt 0.0112333847 0.99684602
vt 0.0112333847 0.99684602
vt 0.0112333847 0.99684602
vt 0.0112333847 0.99684602
vt 0.0112333847 0.99684602
vt 0.0112333847 0.99684602
vt 0.0112333847 0.99684602
vt 0.0112333847 0.99684602
vt 0.0112333847 0.99684602
vt 0.0112333847 0.99684602
vt 0.0112333847 0.99684602
vt 0.0112333847 0.99684602
vt 0.0112333847 0.99684602
vt 0.0112333847 0.99684602
vt 0.0112333847 0.99684602
vt 0.0112333847 0.99684602
vt 0.0112333847 0.99684602
vt 0.0112333847 0.99684602
vt 0.0112333847 0.99684602
vt 0.0112333847 0.99684602
vt 0.0112333847 0.99684602
vt 0.0112333847 0.99684602
vt 0.0112333847 0.99684602
vt 0.0112333847 0.99684602
vt 0.0112333847 0.99684602
vt 0.0112333847 0.99684602
vt 0.0112333847 0.99684602
vt 0.0112333847 0.99684602
vt 0.00312049314 0.99684602
vt 0.00312049314 0.99684602
vt 0.00312049314 0.99684602
vt 0.00312049314 0.99684602
vt 0.00335562043 0.987808585
vt 0.00335562043 0.987808585
vt 0.00335562043 0.987808585
vt 0.00335562043 0.987808585
vt 0.00335562043 0.987808585
vt 0.00335562043 0.987808585
vt 0.00335562043 0.987808585
vt 0.00335562043 0.987808585
vt 0.00335562043 0.987808585
vt 0.00335562043 0.987808585
vt 0.00335562043 0.987808585
vt 0.00335562043 0.987808585
vt 0.00335562043 0.987808585
vt 0.00335562043 0.987808585
vt 0.0112333847 0.981336355
vt 0.0112333847 0.981336355
vt 0.0112333847 0.981336355
vt 0.0112333847 0.981336355
vt 0.0112333847 0.981336355
vt 0.0112333847 0.981336355
vt 0.0112333847 0.981336355
vt 0.0112333847 0.981336355
vt 0.00335562043 0.987808585
vt 0.00335562043 0.987808585
vt 0.00335562043 0.987808585
vt 0.00335562043 0.987808585
vt 0.0112333847 0.987808585
vt 0.0112333847 0.987808585
vt 0.0112333847 0.987808585
vt 0.0112333847 0.987808585
vt 0.0112333847 0.987808585
vt 0.0112333847 0.987808585
vt 0.0112333847 0.987808585
vt 0.0112333847 0.987808585
vt 0.0112333847 0.987808585
vt 0.0112333847 0.987808585
vt 0.0112333847 0.99684602
vt 0.0112333847 0.99684602
vt 0.0112333847 0.99684602
vt 0.0112333847 0.99684602
vt 0.0112333847 0.99684602
vt 0.0112333847 0.99684602
vt 0.0112333847 0.987808585
vt 0.0112333847 0.987808585
vt 0.0112333847 0.987808585
vt 0.0112333847 0.987808585
vt 0.0112333847 0.987808585
vt 0.0112333847 0.987808585
vt 0.0112333847 0.99684602
vt 0.0112333847 0.99684602
vt 0.0112333847 0.99684602
vt 0.0112333847 0.99684602
vt 0.0112333847 0.99684602
vt 0.0112333847 0.99684602
vt 0.0112333847 0.987808585
vt 0.0112333847 0.987808585
vt 0.0112333847 0.987808585
vt 0.0112333847 0.987808585
vt 0.0112333847 0.981336355
vt 0.0112333847 0.981336355
vt 0.0112333847 0.981336355
vt 0.0112333847 0.981336355
vt 0.0112333847 0.981336355
vt 0.0112333847 0.981336355
vt 0.0112333847 0.987808585
vt 0.0112333847 0.987808585
vt 0.0112333847 0.987808585
vt 0.0112333847 0.987808585
vt 0.0112333847 0.987808585
vt 0.0112333847 0.987808585
vt 0.0112333847 0.987808585
vt 0.0112333847 0.987808585
vt 0.0112333847 0.987808585
vt 0.0112333847 0.987808585
vt 0.00312049314 0.99684602
vt 0.00312049314 0.99684602
vt 0.00312049314 0.99684602
vt 0.00312049314 0.99684602
vt 0.0112333847 0.987808585
vt 0.0112333847 0.987808585
vt 0.0112333847 0.987808585
vt 0.0112333847 0.987808585
vt 0.0112333847 0.987808585
vt 0.0112333847 0.987808585
vt 0.0112333847 0.987808585
vt 0.0112333847 0.987808585
vt 0.0112333847 0.987808585
vt 0.0112333847 0.987808585
vt 0.0112333847 0.99684602
vt 0.0112333847 0.99684602
vt 0.0112333847 0.99684602
vt 0.0112333847 0.99684602
vt 0.0112333847 0.99684602
vt 0.0112333847 0.99684602
vt 0.0112333847 0.99684602
vt 0.0112333847 0.99684602
vt 0.0112333847 0.99684602
vt 0.0112333847 0.99684602
vt 0.0112333847 0.99684602
vt 0.0112333847 0.99684602
vt 0.0112333847 0.99684602
vt 0.0112333847 0.99684602
vt 0.0112333847 0.99684602
vt 0.0112333847 0.99684602
vt 0.0112333847 0.99684602
vt 0.0112333847 0.99684602
vt 0.0188332386 0.988076448
vt 0.0188332386 0.988076448
vt 0.0188332386 0.988076448
vt 0.0188332386 0.988076448
vt 0.0188332386 0.988076448
vt 0.0188332386 0.988076448
vt 0.0188332386 0.988076448
vt 0.0188332386 0.988076448
vt 0.0188332386 0.988076448
vt 0.0188332386 0.988076448
vt 0.0188332386 0.988076448
vt 0.0188332386 0.988076448
vt 0.0188332386 0.988076448
vt 0.0188332386 0.988076448
vt 0.0188332386 0.988076448
vt 0.0188332386 0.988076448
vt 0.0188332386 0.988076448
vt 0.0188332386 0.988076448
vt 0.0188332386 0.988076448
vt 0.0188332386 0.988076448
vt 0.0188332386 0.988076448
vt 0.0188332386 0.988076448
vt 0.0188332386 0.988076448
vt 0.0188332386 0.988076448
vt 0.0188332386 0.988076448
vt 0.0188332386 0.988076448
vn -0.000000 1.000000 -0.000000
vn -0.000000 1.000000 -0.000000
vn -0.000000 1.000000 -0.000000
vn -0.000000 1.000000 -0.000000
vn -0.000000 1.000000 -0.000000
vn -0.000000 1.000000 -0.000000
vn -0.000000 1.000000 -0.000000
vn -0.000000 1.000000 -0.000000
vn -0.000000 1.000000 -0.000000
vn -0.000000 1.000000 -0.000000
vn -0.000000 1.000000 -0.000000
vn -0.000000 1.000000 -0.000000
vn -0.000000 1.000000 -0.000000
vn -0.000000 1.000000 -0.000000
vn -0.000000 1.000000 -0.000000
vn -0.992001 -0.020220 -0.124602
vn -0.879094 -0.097251 -0.466621
vn -0.838042 -0.062692 -0.541992
vn -0.995663 -0.021089 -0.090614
vn -0.983763 0.000000 0.179471
vn -1.000000 0.000000 -0.000000
vn -0.979852 0.000000 0.199725
vn -0.928075 0.000000 0.372392
vn -0.928075 0.000000 0.372392
vn 0.879874 -0.096970 -0.465209
vn 0.992061 -0.020139 -0.124132
vn 0.839003 -0.062522 -0.540522
vn 0.995698 -0.021003 -0.090245
vn 0.983803 0.000000 0.179253
vn 1.000000 0.000000 -0.000000
vn 0.979901 0.000000 0.199484
vn 0.928237 0.000000 0.371989
vn 0.928237 0.000000 0.371989
vn -1.000000 0.000000 -0.000000
vn -1.000000 0.000000 -0.000000
vn -1.000000 0.000000 -0.000000
vn -1.000000 0.000000 -0.000000
vn -1.000000 0.000000 -0.000000
vn -1.000000 0.000000 -0.000000
vn -1.000000 0.000000 -0.000000
vn -1.000000 0.000000 -0.000000
vn -0.000000 -0.000000 -1.000000
vn -0.000000 -0.000000 -1.000000
vn -0.000000 -0.000000 -1.000000
vn -0.000000 -0.000000 -1.000000
vn -0.323894 0.940232 -0.105147
vn -0.324046 0.945620 -0.028227
vn -0.323894 0.940232 -0.105147
vn -0.324012 0.945719 -0.025153
vn -0.084184 0.307065 0.947958
vn -0.075721 0.282848 0.956171
vn 0.051445 -0.086461 0.994926
vn 0.059621 -0.110548 0.992081
vn 0.321685 -0.928658 0.184695
vn 0.321806 -0.929202 0.181729
vn 0.323895 -0.940232 0.105145
vn 0.323895 -0.940232 0.105145
vn 1.000000 0.000000 -0.000000
vn 1.000000 0.000000 -0.000000
vn 0.981415 -0.067696 0.179560
vn 0.981415 -0.067696 0.179559
vn 0.196116 -0.345924 0.917538
vn 0.196116 -0.345924 0.917538
vn -0.196116 -0.345924 0.917538
vn -0.196116 -0.345924 0.917538
vn -0.981415 -0.067696 0.179560
vn -0.981415 -0.067696 0.179559
vn -1.000000 0.000000 -0.000000
vn -1.000000 0.000000 -0.000000
vn 1.000000 0.000000 -0.000000
vn 1.000000 0.000000 -0.000000
vn 1.000000 0.000000 -0.000000
vn 1.000000 0.000000 -0.000000
vn 1.000000 0.000000 -0.000000
vn -0.000000 1.000000 -0.000000
vn -0.000000 1.000000 -0.000000
vn -0.000000 1.000000 -0.000000
vn -0.000000 1.000000 -0.000000
vn -0.000000 0.999780 -0.020959
vn -0.000000 0.999781 -0.020929
vn -0.000000 0.994568 -0.104092
vn -0.000000 0.994568 -0.104092
vn -1.000000 0.000000 -0.000000
vn -1.000000 0.000000 -0.000000
vn -1.000000 0.000000 -0.000000
vn -1.000000 0.000000 -0.000000
vn -0.000000 -0.000000 -1.000000
vn -0.000000 -0.000000 -1.000000
vn -0.000000 -0.000000 -1.000000
vn -0.000000 -0.000000 -1.000000
vn -0.000000 0.352774 -0.935709
vn -0.000000 0.352774 -0.935709
vn -0.000000 0.352774 -0.935709
vn -0.000000 0.352774 -0.935709
vn 0.999048 -0.000000 -0.043619
vn 0.999048 -0.000000 -0.043619
vn 0.999048 -0.000000 -0.043619
vn 0.999048 -0.000000 -0.043619
vn 0.013682 -0.103924 -0.994491
vn 0.013682 -0.103924 -0.994491
vn 0.013682 -0.103924 -0.994491
vn 0.013682 -0.103924 -0.994491
vn 1.000000 0.000000 -0.000000
vn 1.000000 0.000000 -0.000000
vn 1.000000 0.000000 -0.000000
vn 1.000000 0.000000 -0.000000
vn -0.000000 -0.025749 -0.999668
vn -0.000000 0.181089 -0.983467
vn -0.000000 0.181089 -0.983467
vn -0.000000 -0.025749 -0.999668
vn -0.000000 -0.144549 -0.989498
vn -0.000000 -0.144549 -0.989498
vn -0.000000 -0.301000 -0.953624
vn -0.000000 -0.301000 -0.953624
vn -0.000000 1.000000 -0.000000
vn -0.000000 1.000000 -0.000000
vn -0.000000 1.000000 -0.000000
vn -0.000000 1.000000 -0.000000
vn -0.000000 1.000000 -0.000000
vn -0.000000 1.000000 -0.000000
vn -0.000000 1.000000 -0.000000
vn -0.000000 1.000000 -0.000000
vn -0.000000 1.000000 -0.000000
vn -0.000000 1.000000 -0.000000
vn -0.000000 1.000000 -0.000000
vn -0.000000 1.000000 -0.000000
vn 1.000000 0.000000 -0.000000
vn 1.000000 0.000000 -0.000000
vn 1.000000 0.000000 -0.000000
vn 1.000000 0.000000 -0.000000
vn 1.000000 0.000000 -0.000000
vn 1.000000 0.000000 -0.000000
vn 1.000000 0.000000 -0.000000
vn 1.000000 0.000000 -0.000000
vn -0.999569 0.025244 0.014970
vn -0.999569 0.025243 0.014970
vn -0.999569 0.025243 0.014970
vn -0.999569 0.025243 0.014970
vn -0.999569 0.025243 0.014970
vn -0.999569 0.025241 0.014970
vn -0.355542 -0.926782 0.121101
vn -0.352511 -0.914792 0.197211
vn -0.355542 -0.926782 0.121101
vn -0.352347 -0.914200 0.200225
vn -0.051897 -0.083447 0.995160
vn -0.042380 -0.058349 0.997396
vn 0.097105 0.305110 0.947353
vn 0.105852 0.327617 0.938862
vn 0.356451 0.933415 -0.040965
vn 0.356459 0.933275 -0.043980
vn 0.355543 0.926781 -0.121103
vn 0.355543 0.926781 -0.121103
vn -0.000000 1.000000 -0.000000
vn -0.000000 1.000000 -0.000000
vn -0.000000 1.000000 -0.000000
vn -0.000000 1.000000 -0.000000
vn -0.000000 1.000000 -0.000000
vn -0.000000 1.000000 -0.000000
vn -0.000000 1.000000 -0.000000
vn -0.000000 1.000000 -0.000000
vn -0.000000 1.000000 -0.000000
vn -0.000000 1.000000 -0.000000
vn -0.000000 1.000000 -0.000000
vn -0.000000 1.000000 -0.000000
vn -0.000000 1.000000 -0.000000
vn -0.000000 1.000000 -0.000000
vn -1.000000 0.000000 -0.000000
vn -1.000000 0.000000 -0.000000
vn -1.000000 0.000000 -0.000000
vn -1.000000 0.000000 -0.000000
vn -0.000000 -0.935708 -0.352776
vn -0.000000 -0.935708 -0.352776
vn -0.000000 -0.935708 -0.352776
vn -0.000000 -0.935708 -0.352776
vn -0.000000 -0.935708 -0.352775
vn -0.000000 -0.935708 -0.352774
vn -0.000000 -0.935708 -0.352775
vn -0.000000 -0.935709 -0.352774
vn -0.000000 -0.935708 -0.352776
vn -0.000000 -0.935709 -0.352774
vn -0.000000 -0.935709 -0.352774
vn -0.000000 -0.935708 -0.352775
vn -0.000000 -0.935708 -0.352776
vn -0.000000 -0.935708 -0.352775
vn -0.999569 0.025244 0.014970
vn -0.999569 0.025245 0.014970
vn -0.999569 0.025244 0.014970
vn -0.999569 0.025243 0.014970
vn -0.999569 0.025244 0.014970
vn -0.999569 0.025242 0.014970
vn -0.000000 -0.189990 -0.981786
vn -0.000000 -0.189990 -0.981786
vn -0.000000 -0.189990 -0.981786
vn -0.000000 -0.189990 -0.981786
vn -0.000000 0.707107 0.707107
vn -0.000000 0.707107 0.707107
vn -0.000000 0.707106 0.707107
vn -0.000000 0.707107 0.707107
vn -0.000000 0.369184 0.929356
vn -0.000000 0.369184 0.929356
vn -0.000000 0.362652 0.931925
vn -0.000000 0.362651 0.931925
vn -1.000000 0.000000 -0.000000
vn -1.000000 0.000000 -0.000000
vn -1.000000 0.000000 -0.000000
vn -1.000000 0.000000 -0.000000
vn -1.000000 0.000000 -0.000000
vn -0.000000 0.707107 -0.707106
vn -0.000000 0.707108 -0.707106
vn -0.000000 0.707108 -0.707106
vn -0.000000 0.707107 -0.707106
vn -0.000000 0.044270 -0.999020
vn -0.000000 0.044270 -0.999020
vn -0.000000 0.039049 -0.999237
vn -0.000000 0.039049 -0.999237
vn -0.000000 -0.000000 -1.000000
vn -0.000000 -0.000000 -1.000000
vn -0.000000 -0.000000 -1.000000
vn -0.000000 -0.000000 -1.000000
vn 0.100690 0.125328 0.986993
vn 0.005683 0.126680 0.991927
vn 0.100691 0.125328 0.986993
vn 0.004220 0.126692 0.991933
vn -0.091565 0.126876 0.987683
vn -0.091565 0.126876 0.987683
vn -0.000000 0.991979 0.126403
vn -0.000000 0.981882 -0.189494
vn -0.000000 0.981882 -0.189494
vn -0.000000 0.991979 0.126403
vn -0.000000 0.715800 0.698305
vn -0.000000 0.715800 0.698305
vn -0.355543 -0.926781 0.121102
vn -0.352512 -0.914791 0.197212
vn -0.355543 -0.926781 0.121102
vn -0.352348 -0.914200 0.200226
vn -0.051897 -0.083447 0.995160
vn -0.042380 -0.058348 0.997396
vn 0.097105 0.305109 0.947354
vn 0.105852 0.327617 0.938862
vn 0.356451 0.933416 -0.040963
vn 0.356458 0.933276 -0.043978
vn 0.355542 0.926781 -0.121103
vn 0.355542 0.926781 -0.121103
vn 0.918013 0.395460 -0.029394
vn 0.918013 0.395460 -0.029394
vn 0.918013 0.395460 -0.029394
vn 0.918013 0.395460 -0.029394
vn 0.918013 0.395460 -0.029394
vn 0.918010 0.395465 -0.029395
vn 1.000000 0.000000 -0.000000
vn 1.000000 0.000000 -0.000000
vn 1.000000 0.000000 -0.000000
vn 1.000000 0.000000 -0.000000
vn 1.000000 0.000000 -0.000000
vn 1.000000 0.000000 -0.000000
vn 1.000000 0.000000 -0.000000
vn 1.000000 0.000000 -0.000000
vn 0.002609 0.998091 0.061707
vn 0.002609 0.998091 0.061707
vn 0.002609 0.998091 0.061707
vn 0.002609 0.998091 0.061707
vn -0.013600 -0.083329 -0.996429
vn -0.013600 -0.083329 -0.996429
vn -0.013600 -0.083329 -0.996429
vn -0.013600 -0.083329 -0.996429
vn 1.000000 0.000000 -0.000000
vn 1.000000 0.000000 -0.000000
vn 1.000000 0.000000 -0.000000
vn 1.000000 0.000000 -0.000000
vn -0.993726 -0.109224 0.024043
vn -0.993726 -0.109225 0.024042
vn -0.993726 -0.109225 0.024043
vn -0.993726 -0.109224 0.024043
vn -0.993726 -0.109225 0.024043
vn -0.993726 -0.109228 0.024043
vn -0.993726 -0.109225 0.024042
vn -0.993726 -0.109225 0.024043
vn -0.993726 -0.109224 0.024043
vn -0.993726 -0.109224 0.024043
vn -0.993726 -0.109223 0.024043
vn -0.993727 -0.109222 0.024043
vn -0.000000 -0.190331 -0.981720
vn -0.000000 -0.190331 -0.981720
vn -0.000000 -0.190331 -0.981720
vn -0.000000 -0.190331 -0.981720
vn -0.013321 -0.083298 -0.996436
vn -0.013321 -0.083298 -0.996436
vn -0.013321 -0.083298 -0.996436
vn -0.013321 -0.083298 -0.996436
vn -0.000000 -1.000000 0.000000
vn -0.000000 -1.000000 0.000000
vn -0.000000 -1.000000 0.000000
vn -0.000000 -1.000000 0.000000
vn -0.000000 -1.000000 0.000000
vn -0.000000 -1.000000 0.000000
vn -0.000000 -1.000000 0.000000
vn -0.000000 -1.000000 0.000000
vn -1.000000 0.000000 -0.000000
vn -1.000000 0.000000 -0.000000
vn -1.000000 0.000000 -0.000000
vn -1.000000 0.000000 -0.000000
vn -1.000000 0.000000 -0.000000
vn -1.000000 0.000000 -0.000000
vn 1.000000 0.000000 -0.000000
vn 1.000000 0.000000 -0.000000
vn 1.000000 0.000000 -0.000000
vn 1.000000 0.000000 -0.000000
vn 1.000000 0.000000 -0.000000
vn 1.000000 0.000000 -0.000000
vn 0.959088 -0.282935 0.009927
vn 0.959088 -0.282935 0.009927
vn 0.959088 -0.282934 0.009928
vn 0.959088 -0.282935 0.009927
vn 0.959088 -0.282936 0.009927
vn 0.959087 -0.282939 0.009927
vn -0.000000 -0.982312 0.187254
vn -0.000000 -0.488876 0.872353
vn -0.000000 -0.488876 0.872353
vn -0.000000 -0.982312 0.187254
vn -0.000000 -0.999236 0.039092
vn -0.000000 -0.999236 0.039092
vn 1.000000 0.000000 -0.000000
vn 1.000000 0.000000 -0.000000
vn 1.000000 0.000000 -0.000000
vn 1.000000 0.000000 -0.000000
vn 1.000000 0.000000 -0.000000
vn 1.000000 0.000000 -0.000000
vn 1.000000 0.000000 -0.000000
vn 1.000000 0.000000 -0.000000
vn -0.000000 -0.198664 0.980068
vn -0.000000 -0.198664 0.980068
vn -0.000000 -0.198664 0.980068
vn -0.000000 -0.198664 0.980068
vn 0.323895 -0.940232 0.105146
vn 0.323895 -0.940232 0.105146
vn 0.321685 -0.928658 0.184696
vn 0.321806 -0.929201 0.181730
vn 0.059621 -0.110549 0.992081
vn 0.051445 -0.086461 0.994926
vn -0.075720 0.282848 0.956171
vn -0.084183 0.307065 0.947958
vn -0.324012 0.945718 -0.025152
vn -0.324046 0.945620 -0.028227
vn -0.323895 0.940232 -0.105147
vn -0.323895 0.940232 -0.105147
vn -0.026475 -0.122103 -0.992164
vn -0.026475 -0.122103 -0.992164
vn -0.026475 -0.122103 -0.992164
vn -0.026475 -0.122103 -0.992164
vn 1.000000 0.000000 -0.000000
vn 1.000000 0.000000 -0.000000
vn 1.000000 0.000000 -0.000000
vn 1.000000 0.000000 -0.000000
vn 0.029432 -0.986657 0.160131
vn 0.028452 -0.996335 0.080667
vn 0.028452 -0.996335 0.080667
vn 0.029400 -0.987117 0.157273
vn 0.019246 -0.137287 0.990344
vn 0.018538 -0.109344 0.993831
vn 0.007377 0.280178 0.959920
vn 0.006527 0.306659 0.951797
vn -0.027280 0.999628 -0.000000
vn -0.027336 0.999620 -0.003657
vn -0.028451 0.996335 -0.080668
vn -0.028451 0.996335 -0.080668
vn -0.918013 -0.395460 0.029395
vn -0.918013 -0.395460 0.029395
vn -0.918013 -0.395459 0.029395
vn -0.918013 -0.395459 0.029395
vn -0.918013 -0.395459 0.029395
vn -0.918010 -0.395466 0.029395
vn -0.000000 0.039049 -0.999237
vn -0.000000 0.044270 -0.999020
vn -0.000000 0.039049 -0.999237
vn -0.000000 0.044270 -0.999020
vn -0.000000 0.707107 -0.707106
vn -0.000000 0.707107 -0.707106
vn -0.000000 0.707108 -0.707106
vn -0.000000 0.707108 -0.707106
vn -0.009841 0.167410 -0.985838
vn -0.009841 0.167410 -0.985838
vn -0.009841 0.167410 -0.985838
vn -0.009841 0.167410 -0.985838
vn 0.030048 -0.986637 0.160136
vn 0.029048 -0.996319 0.080657
vn 0.029048 -0.996319 0.080657
vn 0.030015 -0.987102 0.157257
vn 0.019646 -0.137163 0.990354
vn 0.018927 -0.109369 0.993821
vn 0.007528 0.280309 0.959880
vn 0.006668 0.306544 0.951833
vn -0.027853 0.999612 -0.000000
vn -0.027909 0.999604 -0.003608
vn -0.029049 0.996318 -0.080657
vn -0.029049 0.996318 -0.080657
vn -0.000000 -0.198118 0.980178
vn -0.000000 -0.198118 0.980178
vn -0.000000 -0.198118 0.980178
vn -0.000000 -0.198118 0.980178
vn 0.999569 -0.025243 -0.014970
vn 0.999569 -0.025244 -0.014970
vn 0.999569 -0.025244 -0.014970
vn 0.999569 -0.025243 -0.014970
vn 0.999569 -0.025243 -0.014970
vn 0.999569 -0.025242 -0.014970
vn -0.999048 0.000000 0.043619
vn -0.999048 0.000000 0.043619
vn -0.999048 0.000000 0.043619
vn -0.999048 0.000000 0.043619
vn -0.000000 0.352774 -0.935708
vn -0.000000 0.352774 -0.935708
vn -0.000000 0.352774 -0.935708
vn -0.000000 0.352774 -0.935708
vn 0.999569 -0.025243 -0.014970
vn 0.999569 -0.025239 -0.014969
vn 0.999569 -0.025243 -0.014969
vn 0.999569 -0.025243 -0.014970
vn 0.999569 -0.025243 -0.014970
vn 0.999569 -0.025242 -0.014970
vn -0.000000 0.000000 1.000000
vn -0.000000 0.000000 1.000000
vn -0.000000 0.000000 1.000000
vn -0.000000 0.000000 1.000000
vn 1.000000 0.000000 -0.000000
vn 1.000000 0.000000 -0.000000
vn 1.000000 0.000000 -0.000000
vn 1.000000 0.000000 -0.000000
vn 1.000000 0.000000 -0.000000
vn -0.000000 0.000000 1.000000
vn -0.000000 0.000000 1.000000
vn -0.000000 0.000000 1.000000
vn -0.000000 0.000000 1.000000
vn -1.000000 0.000000 -0.000000
vn -1.000000 0.000000 -0.000000
vn -1.000000 0.000000 -0.000000
vn -1.000000 0.000000 -0.000000
vn 1.000000 0.000000 -0.000000
vn 1.000000 0.000000 -0.000000
vn 1.000000 0.000000 -0.000000
vn 1.000000 0.000000 -0.000000
vn 1.000000 0.000000 -0.000000
vn 1.000000 0.000000 -0.000000
vn -0.994006 -0.010479 -0.108826
vn -0.999958 0.007681 0.004916
vn -0.999958 0.007681 0.004916
vn -0.993180 -0.011629 -0.116008
vn -0.237818 -0.123361 -0.963444
vn -0.233478 -0.123457 -0.964493
vn -0.000000 -0.125625 -0.992078
vn -0.000000 -0.125625 -0.992078
vn 0.233478 -0.123457 -0.964493
vn 0.237818 -0.123361 -0.963444
vn 0.993287 -0.016507 -0.114495
vn 0.992441 -0.017512 -0.121463
vn 1.000000 0.000000 -0.000000
vn 1.000000 0.000000 -0.000000
vn -1.000000 0.000000 -0.000000
vn -1.000000 0.000000 -0.000000
vn -1.000000 0.000000 -0.000000
vn -1.000000 0.000000 -0.000000
vn -0.157264 -0.000000 -0.987557
vn -0.235518 -0.000000 -0.971870
vn -0.235518 -0.000000 -0.971870
vn -0.157264 -0.000000 -0.987557
vn -0.041486 -0.000000 -0.999139
vn -0.041486 -0.000000 -0.999139
vn 0.101822 -0.000000 -0.994803
vn 0.101822 -0.000000 -0.994803
vn 0.206404 -0.000000 -0.978467
vn 0.206404 -0.000000 -0.978467
vn -0.101822 0.000000 0.994803
vn -0.206405 0.000000 0.978467
vn -0.206405 0.000000 0.978467
vn -0.101822 0.000000 0.994803
vn 0.041486 0.000000 0.999139
vn 0.041486 0.000000 0.999139
vn 0.157264 0.000000 0.987557
vn 0.157264 0.000000 0.987557
vn 0.235518 0.000000 0.971870
vn 0.235518 0.000000 0.971870
vn -0.000000 0.998094 0.061707
vn -0.000000 0.998094 0.061707
vn -0.000000 0.998094 0.061707
vn -0.000000 0.998094 0.061707
vn 0.097828 -0.000000 -0.995203
vn 0.262145 -0.000000 -0.965029
vn 0.097828 -0.000000 -0.995203
vn 0.238068 -0.000000 -0.971249
vn 0.707107 -0.000000 -0.707107
vn 0.997161 -0.000000 -0.075295
vn 0.994314 -0.000000 -0.106489
vn 0.999136 0.000000 0.041569
vn 0.999136 0.000000 0.041569
vn 0.707107 0.000000 0.707107
vn 0.707107 0.000000 0.707107
vn 0.238068 0.000000 0.971248
vn 0.238068 0.000000 0.971248
vn 0.097829 0.000000 0.995203
vn 0.097829 0.000000 0.995203
vn 0.013681 -0.103925 -0.994491
vn 0.013681 -0.103925 -0.994491
vn 0.013681 -0.103925 -0.994491
vn 0.013681 -0.103925 -0.994491
vn -0.000000 0.000000 1.000000
vn -0.000000 0.000000 1.000000
vn -0.000000 0.000000 1.000000
vn -0.000000 0.000000 1.000000
vn -0.000000 -0.300978 -0.953631
vn -0.000000 -0.300978 -0.953631
vn -0.000000 -0.300978 -0.953631
vn -0.000000 -0.300978 -0.953631
vn -0.000000 0.000000 1.000000
vn -0.000000 0.000000 1.000000
vn -0.000000 0.000000 1.000000
vn -0.000000 0.000000 1.000000
vn -0.914602 0.000000 0.404355
vn -0.983608 0.000000 0.180322
vn -0.914602 0.000000 0.404355
vn -0.985858 0.000000 0.167586
vn -0.997659 -0.000000 -0.068381
vn -0.996591 -0.000000 -0.082501
vn -0.957872 -0.000000 -0.287195
vn -0.957872 -0.000000 -0.287195
vn -1.000000 0.000000 -0.000000
vn -1.000000 0.000000 -0.000000
vn -1.000000 0.000000 -0.000000
vn -1.000000 0.000000 -0.000000
vn -1.000000 0.000000 -0.000000
vn -1.000000 0.000000 -0.000000
vn -0.000000 0.362651 0.931925
vn -0.000000 0.362651 0.931925
vn -0.000000 0.369184 0.929356
vn -0.000000 0.369184 0.929356
vn -0.000000 0.707107 0.707107
vn -0.000000 0.707107 0.707107
vn -0.000000 0.707107 0.707107
vn -0.000000 0.707106 0.707107
vn -0.000000 0.000000 1.000000
vn -0.000000 0.000000 1.000000
vn -0.000000 0.000000 1.000000
vn -0.000000 0.000000 1.000000
vn -1.000000 0.000000 -0.000000
vn -1.000000 0.000000 -0.000000
vn -1.000000 0.000000 -0.000000
vn -1.000000 0.000000 -0.000000
vn 0.958589 -0.000000 -0.284792
vn 0.996653 -0.000000 -0.081754
vn 0.958589 -0.000000 -0.284792
vn 0.997702 -0.000000 -0.067751
vn 0.985893 0.000000 0.167378
vn 0.983648 0.000000 0.180103
vn 0.914790 0.000000 0.403930
vn 0.914790 0.000000 0.403930
vn 0.104827 0.981027 0.163088
vn 0.105293 0.965394 0.238594
vn 0.104827 0.981027 0.163088
vn 0.105299 0.964651 0.241579
vn 0.032531 0.051073 0.998165
vn 0.029821 0.024297 0.999260
vn -0.011348 -0.360337 0.932753
vn -0.014024 -0.383952 0.923247
vn -0.103676 -0.991115 -0.083316
vn -0.103731 -0.990852 -0.086322
vn -0.104826 -0.981027 -0.163090
vn -0.104826 -0.981027 -0.163090
vn -0.000000 0.981882 -0.189494
vn -0.000000 0.991979 0.126403
vn -0.000000 0.981882 -0.189494
vn -0.000000 0.991979 0.126403
vn -0.000000 0.715800 0.698305
vn -0.000000 0.715800 0.698305
vn -0.026476 -0.122103 -0.992164
vn -0.026476 -0.122103 -0.992164
vn -0.026476 -0.122103 -0.992164
vn -0.026476 -0.122103 -0.992164
vn -1.000000 0.000000 -0.000000
vn -1.000000 0.000000 -0.000000
vn -1.000000 0.000000 -0.000000
vn -1.000000 0.000000 -0.000000
vn -1.000000 0.000000 -0.000000
vn -0.000000 -1.000000 0.000000
vn -0.000000 -1.000000 0.000000
vn -0.000000 -1.000000 0.000000
vn -0.000000 -1.000000 0.000000
vn -0.000000 -1.000000 0.000000
vn -0.000000 -1.000000 0.000000
vn -0.000000 -1.000000 0.000000
vn -0.000000 -1.000000 0.000000
vn -0.000000 -1.000000 0.000000
vn -0.000000 -1.000000 0.000000
vn -0.000000 -1.000000 0.000000
vn -0.000000 -1.000000 0.000000
vn -0.000000 -0.300978 -0.953631
vn -0.000000 -0.300978 -0.953631
vn -0.000000 -0.300978 -0.953631
vn -0.000000 -0.300978 -0.953631
vn -0.000000 -1.000000 0.000000
vn -0.000000 -1.000000 0.000000
vn -0.000000 -1.000000 0.000000
vn -0.000000 -1.000000 0.000000
vn -0.000000 -1.000000 0.000000
vn -0.000000 -1.000000 0.000000
vn -0.000000 -1.000000 0.000000
vn -0.000000 -1.000000 0.000000
vn -0.000000 -1.000000 0.000000
vn -0.000000 -1.000000 0.000000
vn -0.000000 -0.301000 -0.953624
vn -0.000000 -0.301000 -0.953624
vn -0.000000 -0.144549 -0.989498
vn -0.000000 -0.144549 -0.989498
vn -0.000000 -0.025749 -0.999668
vn -0.000000 -0.025749 -0.999668
vn -0.000000 0.181089 -0.983467
vn -0.000000 0.181089 -0.983467
vn -0.000000 -0.352775 0.935708
vn -0.000000 -0.352775 0.935708
vn -0.000000 -0.352775 0.935708
vn -0.000000 -0.352775 0.935708
vn -0.000000 -0.995408 -0.095721
vn -0.000000 -0.934336 -0.356393
vn -0.000000 -0.934336 -0.356393
vn -0.000000 -0.995421 -0.095592
vn -0.000000 -0.997444 0.071449
vn -0.000000 -0.997446 0.071431
vn -0.000000 -0.979557 0.201168
vn -0.000000 -0.979557 0.201168
vn -0.918013 -0.395460 0.029394
vn -0.918013 -0.395460 0.029394
vn -0.918013 -0.395460 0.029394
vn -0.918013 -0.395460 0.029394
vn -0.918013 -0.395460 0.029394
vn -0.918012 -0.395462 0.029395
vn 0.104826 0.981027 0.163088
vn 0.105292 0.965394 0.238594
vn 0.104826 0.981027 0.163088
vn 0.105298 0.964651 0.241579
vn 0.032531 0.051073 0.998165
vn 0.029821 0.024297 0.999260
vn -0.011348 -0.360338 0.932753
vn -0.014024 -0.383952 0.923246
vn -0.103676 -0.991116 -0.083315
vn -0.103731 -0.990852 -0.086321
vn -0.104826 -0.981027 -0.163089
vn -0.104826 -0.981027 -0.163090
vn 0.993726 0.109224 -0.024043
vn 0.993726 0.109224 -0.024043
vn 0.993726 0.109225 -0.024042
vn 0.993726 0.109225 -0.024042
vn 0.993726 0.109224 -0.024042
vn 0.993726 0.109223 -0.024042
vn -1.000000 0.000000 -0.000000
vn -1.000000 0.000000 -0.000000
vn -1.000000 0.000000 -0.000000
vn -1.000000 0.000000 -0.000000
vn -0.000000 0.935708 0.352775
vn -0.000000 0.935708 0.352774
vn -0.000000 0.935708 0.352776
vn -0.000000 0.935708 0.352775
vn -0.000000 0.935708 0.352775
vn -0.000000 0.935708 0.352775
vn -0.000000 0.935708 0.352776
vn -0.000000 0.935708 0.352776
vn -0.000000 0.935708 0.352775
vn -0.000000 0.935708 0.352774
vn -0.000000 0.935708 0.352775
vn -0.000000 0.935708 0.352775
vn -0.000000 0.935709 0.352773
vn -0.000000 0.935709 0.352773
vn -1.000000 0.000000 -0.000000
vn -1.000000 0.000000 -0.000000
vn -1.000000 0.000000 -0.000000
vn -1.000000 0.000000 -0.000000
vn -1.000000 0.000000 -0.000000
vn -1.000000 0.000000 -0.000000
vn -1.000000 0.000000 -0.000000
vn -1.000000 0.000000 -0.000000
vn -0.000000 1.000000 -0.000000
vn -0.000000 1.000000 -0.000000
vn -0.000000 1.000000 -0.000000
vn -0.000000 1.000000 -0.000000
vn -0.009842 0.167410 -0.985838
vn -0.009842 0.167410 -0.985838
vn -0.009842 0.167410 -0.985838
vn -0.009842 0.167410 -0.985838
vn -0.959088 0.282935 -0.009927
vn -0.959088 0.282934 -0.009927
vn -0.959088 0.282935 -0.009927
vn -0.959087 0.282936 -0.009926
vn -0.959087 0.282936 -0.009926
vn -0.959088 0.282935 -0.009926
vn -0.959087 0.282936 -0.009926
vn -0.959088 0.282935 -0.009927
vn -0.959088 0.282935 -0.009927
vn -0.959088 0.282936 -0.009926
vn -0.959088 0.282935 -0.009927
vn -0.959088 0.282935 -0.009927
vn 0.993726 0.109224 -0.024042
vn 0.993726 0.109224 -0.024043
vn 0.993726 0.109225 -0.024042
vn 0.993726 0.109224 -0.024042
vn 0.993726 0.109224 -0.024042
vn 0.993726 0.109224 -0.024042
vn 0.959088 -0.282935 0.009927
vn 0.959088 -0.282935 0.009927
vn 0.959088 -0.282934 0.009927
vn 0.959088 -0.282935 0.009927
vn 0.959088 -0.282935 0.009926
vn 0.959091 -0.282923 0.009926
vn -0.000000 -0.000000 -1.000000
vn -0.000000 -0.000000 -1.000000
vn -0.000000 -0.000000 -1.000000
vn -0.000000 -0.000000 -1.000000
vn -0.000000 -0.980917 0.194428
vn -0.000000 -0.488876 0.872353
vn -0.000000 -0.488876 0.872353
vn -0.000000 -0.980917 0.194428
vn -0.000000 -0.999167 0.040799
vn -0.000000 -0.999167 0.040799
vn -0.000000 -0.950800 -0.309805
vn -0.000000 -0.978859 -0.204535
vn -0.000000 -0.950800 -0.309805
vn -0.000000 -0.978871 -0.204480
vn -0.000000 -0.995536 -0.094378
vn -0.000000 -0.995536 -0.094378
vn -0.000000 -0.999170 -0.040730
vn -0.000000 -0.999101 -0.042395
vn -0.000000 -1.000000 0.000000
vn -0.000000 -1.000000 0.000000
vn -0.000000 -1.000000 0.000000
vn -0.000000 -1.000000 0.000000
vn -0.000000 -1.000000 0.000000
vn -0.000000 -1.000000 0.000000
vn -0.000000 0.000000 1.000000
vn -0.000000 0.000000 1.000000
vn -0.000000 0.000000 1.000000
vn -0.000000 0.000000 1.000000
vn 0.918013 0.395460 -0.029394
vn 0.918013 0.395460 -0.029394
vn 0.918013 0.395460 -0.029394
vn 0.918013 0.395460 -0.029395
vn 0.918013 0.395460 -0.029395
vn 0.918012 0.395462 -0.029395
vn -0.001163 0.993509 -0.113751
vn -0.000403 0.997580 -0.069526
vn -0.102130 0.992467 -0.067667
vn 0.101638 0.992308 -0.070666
vn -0.102041 0.988000 -0.115950
vn 0.101599 0.987761 -0.118347
vn -0.100951 0.909984 -0.402166
vn 0.100951 0.909984 -0.402166
vn -0.000000 0.957405 -0.288749
vn 0.001177 -0.999242 0.038908
vn -0.003489 -0.997569 0.069603
vn 0.175480 -0.981898 0.071290
vn 0.175437 -0.983721 0.038917
vn -0.176217 -0.982147 0.065843
vn 0.173870 -0.970593 -0.166487
vn -0.176058 -0.983776 0.034463
vn -0.000000 -0.996755 -0.080495
vn -0.173870 -0.970593 -0.166487
vn 0.026280 -0.975822 -0.216982
vn 0.026280 -0.975822 -0.216982
vn 0.026280 -0.975822 -0.216982
vn 0.026280 -0.975822 -0.216982
vn 0.026280 -0.975822 -0.216982
vn 0.026280 -0.975822 -0.216982
vn 0.026280 -0.975822 -0.216982
vn 0.026280 -0.975822 -0.216982
vn 0.026280 -0.975822 -0.216982
vn 0.026280 -0.975822 -0.216982
vn 0.026280 -0.975822 -0.216983
vn 0.026280 -0.975822 -0.216983
vn 0.026280 -0.975822 -0.216982
vn 0.026280 -0.975822 -0.216982
vn 0.026280 -0.975822 -0.216982
vn 0.026280 -0.975822 -0.216982
vn 0.026280 -0.975822 -0.216983
vn 0.026280 -0.975822 -0.216983
vn 0.026280 -0.975822 -0.216982
vn 0.026280 -0.975822 -0.216982
vn 0.026280 -0.975822 -0.216982
vn 0.026280 -0.975822 -0.216982
vn 0.026280 -0.975822 -0.216982
vn 0.026280 -0.975822 -0.216982
vn 0.026280 -0.975821 -0.216984
vn 0.026280 -0.975821 -0.216984
f 1/1/1 2/2/2 3/3/3
f 4/4/4 5/5/5 6/6/6
f 7/7/7 8/8/8 9/9/9
f 10/10/10 11/11/11 12/12/12
f 13/13/13 14/14/14 15/15/15
f 16/16/16 17/17/17 18/18/18
f 16/16/16 19/19/19 17/17/17
f 19/19/19 16/16/16 20/20/20
f 21/21/21 19/19/19 20/20/20
f 20/20/20 22/22/22 21/21/21
f 23/23/23 22/22/22 20/20/20
f 23/23/23 20/20/20 24/24/24
f 25/25/25 26/26/26 27/27/27
f 25/25/25 28/28/28 26/26/26
f 29/29/29 26/26/26 28/28/28
f 29/29/29 28/28/28 30/30/30
f 30/30/30 31/31/31 29/29/29
f 32/32/32 29/29/29 31/31/31
f 32/32/32 33/33/33 29/29/29
f 34/34/34 35/35/35 36/36/36
f 36/36/36 37/37/37 34/34/34
f 36/36/36 38/38/38 37/37/37
f 36/36/36 39/39/39 38/38/38
f 39/39/39 40/40/40 38/38/38
f 40/40/40 41/41/41 38/38/38
f 42/42/42 43/43/43 44/44/44
f 42/42/42 44/44/44 45/45/45
f 46/46/46 47/47/47 48/48/48
f 46/46/46 49/49/49 47/47/47
f 50/50/50 47/47/47 49/49/49
f 50/50/50 49/49/49 51/51/51
f 51/51/51 52/52/52 50/50/50
f 51/51/51 53/53/53 52/52/52
f 54/54/54 52/52/52 53/53/53
f 54/54/54 53/53/53 55/55/55
f 56/56/56 54/54/54 55/55/55
f 56/56/56 57/57/57 54/54/54
f 58/58/58 59/59/59 60/60/60
f 58/58/58 60/60/60 61/61/61
f 61/61/61 60/60/60 62/62/62
f 61/61/61 62/62/62 63/63/63
f 64/64/64 63/63/63 62/62/62
f 64/64/64 62/62/62 65/65/65
f 66/66/66 64/64/64 65/65/65
f 66/66/66 67/67/67 64/64/64
f 66/66/66 68/68/68 67/67/67
f 66/66/66 69/69/69 68/68/68
f 70/70/70 71/71/71 72/72/72
f 72/72/72 73/73/73 70/70/70
f 73/73/73 74/74/74 70/70/70
f 75/75/75 76/76/76 77/77/77
f 77/77/77 78/78/78 75/75/75
f 78/78/78 79/79/79 75/75/75
f 78/78/78 80/80/80 79/79/79
f 81/81/81 79/79/79 80/80/80
f 81/81/81 82/82/82 79/79/79
f 83/83/83 84/84/84 85/85/85
f 83/83/83 85/85/85 86/86/86
f 87/87/87 88/88/88 89/89/89
f 87/87/87 89/89/89 90/90/90
f 91/91/91 92/92/92 93/93/93
f 91/91/91 93/93/93 94/94/94
f 95/95/95 96/96/96 97/97/97
f 95/95/95 97/97/97 98/98/98
f 99/99/99 100/100/100 101/101/101
f 99/99/99 101/101/101 102/102/102
f 103/103/103 104/104/104 105/105/105
f 103/103/103 105/105/105 106/106/106
f 107/107/107 108/108/108 109/109/109
f 107/107/107 110/110/110 108/108/108
f 111/111/111 110/110/110 107/107/107
f 111/111/111 112/112/112 110/110/110
f 113/113/113 112/112/112 111/111/111
f 113/113/113 114/114/114 112/112/112
f 115/115/115 116/116/116 117/117/117
f 117/117/117 118/118/118 115/115/115
f 117/117/117 119/119/119 118/118/118
f 117/117/117 120/120/120 119/119/119
f 121/121/121 119/119/119 120/120/120
f 120/120/120 122/122/122 121/121/121
f 122/122/122 123/123/123 121/121/121
f 123/123/123 124/124/124 121/121/121
f 124/124/124 125/125/125 121/121/121
f 124/124/124 126/126/126 125/125/125
f 121/121/121 125/125/125 126/126/126
f 127/127/127 128/128/128 129/129/129
f 129/129/129 130/130/130 127/127/127
f 130/130/130 131/131/131 127/127/127
f 131/131/131 132/132/132 127/127/127
f 131/131/131 133/133/133 132/132/132
f 131/131/131 134/134/134 133/133/133
f 135/135/135 136/136/136 137/137/137
f 137/137/137 138/138/138 135/135/135
f 137/137/137 139/139/139 138/138/138
f 139/139/139 140/140/140 138/138/138
f 141/141/141 142/142/142 143/143/143
f 141/141/141 144/144/144 142/142/142
f 145/145/145 142/142/142 144/144/144
f 145/145/145 144/144/144 146/146/146
f 146/146/146 147/147/147 145/145/145
f 146/146/146 148/148/148 147/147/147
f 149/149/149 147/147/147 148/148/148
f 149/149/149 148/148/148 150/150/150
f 151/151/151 149/149/149 150/150/150
f 151/151/151 152/152/152 149/149/149
f 153/153/153 154/154/154 155/155/155
f 156/156/156 153/153/153 155/155/155
f 155/155/155 157/157/157 156/156/156
f 158/158/158 156/156/156 157/157/157
f 159/159/159 158/158/158 157/157/157
f 159/159/159 160/160/160 158/158/158
f 161/161/161 159/159/159 157/157/157
f 157/157/157 162/162/162 161/161/161
f 163/163/163 164/164/164 165/165/165
f 163/163/163 165/165/165 166/166/166
f 167/167/167 168/168/168 169/169/169
f 167/167/167 169/169/169 170/170/170
f 171/171/171 172/172/172 173/173/173
f 173/173/173 174/174/174 171/171/171
f 174/174/174 173/173/173 175/175/175
f 175/175/175 176/176/176 174/174/174
f 175/175/175 177/177/177 176/176/176
f 177/177/177 178/178/178 176/176/176
f 177/177/177 179/179/179 178/178/178
f 178/178/178 180/180/180 176/176/176
f 181/181/181 176/176/176 180/180/180
f 181/181/181 180/180/180 182/182/182
f 180/180/180 183/183/183 182/182/182
f 182/182/182 171/171/171 184/184/184
f 184/184/184 181/181/181 182/182/182
f 185/185/185 186/186/186 187/187/187
f 187/187/187 188/188/188 185/185/185
f 187/187/187 189/189/189 188/188/188
f 189/189/189 190/190/190 188/188/188
f 191/191/191 192/192/192 193/193/193
f 191/191/191 193/193/193 194/194/194
f 195/195/195 196/196/196 197/197/197
f 195/195/195 197/197/197 198/198/198
f 199/199/199 195/195/195 198/198/198
f 198/198/198 200/200/200 199/199/199
f 199/199/199 200/200/200 201/201/201
f 199/199/199 201/201/201 202/202/202
f 203/203/203 204/204/204 205/205/205
f 205/205/205 206/206/206 203/203/203
f 206/206/206 207/207/207 203/203/203
f 208/208/208 209/209/209 210/210/210
f 210/210/210 211/211/211 208/208/208
f 211/211/211 212/212/212 208/208/208
f 211/211/211 213/213/213 212/212/212
f 212/212/212 213/213/213 214/214/214
f 212/212/212 214/214/214 215/215/215
f 216/216/216 217/217/217 218/218/218
f 216/216/216 218/218/218 219/219/219
f 220/220/220 221/221/221 222/222/222
f 220/220/220 223/223/223 221/221/221
f 224/224/224 221/221/221 223/223/223
f 224/224/224 225/225/225 221/221/221
f 226/226/226 227/227/227 228/228/228
f 226/226/226 228/228/228 229/229/229
f 229/229/229 230/230/230 226/226/226
f 229/229/229 231/231/231 230/230/230
f 232/232/232 233/233/233 234/234/234
f 232/232/232 235/235/235 233/233/233
f 236/236/236 233/233/233 235/235/235
f 236/236/236 235/235/235 237/237/237
f 237/237/237 238/238/238 236/236/236
f 237/237/237 239/239/239 238/238/238
f 240/240/240 238/238/238 239/239/239
f 240/240/240 239/239/239 241/241/241
f 242/242/242 240/240/240 241/241/241
f 242/242/242 243/243/243 240/240/240
f 244/244/244 245/245/245 246/246/246
f 246/246/246 247/247/247 244/244/244
f 247/247/247 248/248/248 244/244/244
f 248/248/248 249/249/249 244/244/244
f 250/250/250 251/251/251 252/252/252
f 250/250/250 252/252/252 253/253/253
f 254/254/254 255/255/255 256/256/256
f 254/254/254 256/256/256 257/257/257
f 258/258/258 259/259/259 260/260/260
f 258/258/258 260/260/260 261/261/261
f 262/262/262 263/263/263 264/264/264
f 262/262/262 264/264/264 265/265/265
f 266/266/266 267/267/267 268/268/268
f 266/266/266 268/268/268 269/269/269
f 270/270/270 271/271/271 272/272/272
f 272/272/272 273/273/273 270/270/270
f 272/272/272 274/274/274 273/273/273
f 272/272/272 275/275/275 274/274/274
f 276/276/276 277/277/277 278/278/278
f 278/278/278 279/279/279 276/276/276
f 278/278/278 280/280/280 279/279/279
f 278/278/278 281/281/281 280/280/280
f 282/282/282 283/283/283 284/284/284
f 282/282/282 284/284/284 285/285/285
f 286/286/286 287/287/287 288/288/288
f 286/286/286 288/288/288 289/289/289
f 290/290/290 291/291/291 292/292/292
f 290/290/290 292/292/292 293/293/293
f 294/294/294 295/295/295 296/296/296
f 294/294/294 296/296/296 297/297/297
f 298/298/298 299/299/299 300/300/300
f 300/300/300 301/301/301 298/298/298
f 301/301/301 302/302/302 298/298/298
f 301/301/301 303/303/303 302/302/302
f 304/304/304 305/305/305 306/306/306
f 306/306/306 307/307/307 304/304/304
f 307/307/307 308/308/308 304/304/304
f 308/308/308 309/309/309 304/304/304
f 310/310/310 311/311/311 312/312/312
f 312/312/312 313/313/313 310/310/310
f 313/313/313 314/314/314 310/310/310
f 314/314/314 315/315/315 310/310/310
f 316/316/316 317/317/317 318/318/318
f 316/316/316 319/319/319 317/317/317
f 316/316/316 320/320/320 319/319/319
f 316/316/316 321/321/321 320/320/320
f 322/322/322 323/323/323 324/324/324
f 324/324/324 325/325/325 322/322/322
f 325/325/325 326/326/326 322/322/322
f 326/326/326 327/327/327 322/322/322
f 326/326/326 328/328/328 327/327/327
f 326/326/326 329/329/329 328/328/328
f 330/330/330 331/331/331 332/332/332
f 330/330/330 332/332/332 333/333/333
f 334/334/334 335/335/335 336/336/336
f 334/334/334 336/336/336 337/337/337
f 336/336/336 338/338/338 337/337/337
f 336/336/336 339/339/339 338/338/338
f 340/340/340 338/338/338 339/339/339
f 340/340/340 339/339/339 341/341/341
f 341/341/341 342/342/342 340/340/340
f 341/341/341 343/343/343 342/342/342
f 344/344/344 342/342/342 343/343/343
f 344/344/344 343/343/343 345/345/345
f 346/346/346 347/347/347 348/348/348
f 346/346/346 348/348/348 349/349/349
f 350/350/350 351/351/351 352/352/352
f 350/350/350 352/352/352 353/353/353
f 354/354/354 355/355/355 356/356/356
f 354/354/354 357/357/357 355/355/355
f 358/358/358 357/357/357 354/354/354
f 358/358/358 354/354/354 359/359/359
f 359/359/359 360/360/360 358/358/358
f 359/359/359 361/361/361 360/360/360
f 362/362/362 360/360/360 361/361/361
f 362/362/362 361/361/361 363/363/363
f 364/364/364 362/362/362 363/363/363
f 364/364/364 363/363/363 365/365/365
f 366/366/366 367/367/367 368/368/368
f 368/368/368 369/369/369 366/366/366
f 368/368/368 370/370/370 369/369/369
f 368/368/368 371/371/371 370/370/370
f 372/372/372 373/373/373 374/374/374
f 372/372/372 375/375/375 373/373/373
f 376/376/376 373/373/373 375/375/375
f 376/376/376 375/375/375 377/377/377
f 378/378/378 376/376/376 377/377/377
f 377/377/377 379/379/379 378/378/378
f 380/380/380 381/381/381 382/382/382
f 380/380/380 382/382/382 383/383/383
f 384/384/384 385/385/385 386/386/386
f 384/384/384 387/387/387 385/385/385
f 388/388/388 387/387/387 384/384/384
f 388/388/388 384/384/384 389/389/389
f 389/389/389 390/390/390 388/388/388
f 389/389/389 391/391/391 390/390/390
f 392/392/392 390/390/390 391/391/391
f 392/392/392 391/391/391 393/393/393
f 394/394/394 392/392/392 393/393/393
f 394/394/394 393/393/393 395/395/395
f 396/396/396 397/397/397 398/398/398
f 396/396/396 398/398/398 399/399/399
f 400/400/400 401/401/401 402/402/402
f 402/402/402 403/403/403 400/400/400
f 403/403/403 404/404/404 400/400/400
f 403/403/403 405/405/405 404/404/404
f 406/406/406 407/407/407 408/408/408
f 406/406/406 408/408/408 409/409/409
f 410/410/410 411/411/411 412/412/412
f 410/410/410 412/412/412 413/413/413
f 414/414/414 415/415/415 416/416/416
f 416/416/416 417/417/417 414/414/414
f 417/417/417 418/418/418 414/414/414
f 417/417/417 419/419/419 418/418/418
f 420/420/420 421/421/421 422/422/422
f 420/420/420 422/422/422 423/423/423
f 424/424/424 425/425/425 426/426/426
f 426/426/426 427/427/427 424/424/424
f 427/427/427 428/428/428 424/424/424
f 429/429/429 430/430/430 431/431/431
f 429/429/429 431/431/431 432/432/432
f 433/433/433 434/434/434 435/435/435
f 433/433/433 435/435/435 436/436/436
f 437/437/437 438/438/438 439/439/439
f 439/439/439 440/440/440 437/437/437
f 440/440/440 441/441/441 437/437/437
f 441/441/441 442/442/442 437/437/437
f 443/443/443 444/444/444 445/445/445
f 443/443/443 446/446/446 444/444/444
f 447/447/447 446/446/446 443/443/443
f 447/447/447 443/443/443 448/448/448
f 448/448/448 449/449/449 447/447/447
f 448/448/448 450/450/450 449/449/449
f 451/451/451 449/449/449 450/450/450
f 451/451/451 452/452/452 449/449/449
f 452/452/452 451/451/451 453/453/453
f 452/452/452 453/453/453 454/454/454
f 455/455/455 454/454/454 453/453/453
f 455/455/455 453/453/453 456/456/456
f 457/457/457 458/458/458 459/459/459
f 457/457/457 459/459/459 460/460/460
f 461/461/461 462/462/462 463/463/463
f 461/461/461 463/463/463 464/464/464
f 461/461/461 464/464/464 465/465/465
f 461/461/461 465/465/465 466/466/466
f 465/465/465 467/467/467 466/466/466
f 465/465/465 468/468/468 467/467/467
f 469/469/469 467/467/467 468/468/468
f 469/469/469 468/468/468 470/470/470
f 471/471/471 472/472/472 473/473/473
f 471/471/471 473/473/473 474/474/474
f 475/475/475 471/471/471 474/474/474
f 475/475/475 474/474/474 476/476/476
f 476/476/476 477/477/477 475/475/475
f 476/476/476 478/478/478 477/477/477
f 479/479/479 477/477/477 478/478/478
f 479/479/479 478/478/478 480/480/480
f 481/481/481 482/482/482 483/483/483
f 481/481/481 483/483/483 484/484/484
f 485/485/485 486/486/486 487/487/487
f 485/485/485 488/488/488 486/486/486
f 486/486/486 488/488/488 489/489/489
f 489/489/489 490/490/490 486/486/486
f 490/490/490 491/491/491 486/486/486
f 492/492/492 491/491/491 490/490/490
f 492/492/492 493/493/493 491/491/491
f 494/494/494 493/493/493 492/492/492
f 494/494/494 492/492/492 495/495/495
f 496/496/496 494/494/494 495/495/495
f 495/495/495 497/497/497 496/496/496
f 498/498/498 496/496/496 497/497/497
f 498/498/498 499/499/499 496/496/496
f 500/500/500 501/501/501 502/502/502
f 500/500/500 502/502/502 503/503/503
f 504/504/504 505/505/505 506/506/506
f 504/504/504 506/506/506 507/507/507
f 508/508/508 509/509/509 510/510/510
f 508/508/508 510/510/510 511/511/511
f 512/512/512 513/513/513 514/514/514
f 512/512/512 514/514/514 515/515/515
f 516/516/516 517/517/517 518/518/518
f 516/516/516 519/519/519 517/517/517
f 520/520/520 517/517/517 519/519/519
f 520/520/520 521/521/521 517/517/517
f 521/521/521 520/520/520 522/522/522
f 521/521/521 522/522/522 523/523/523
f 524/524/524 525/525/525 526/526/526
f 526/526/526 527/527/527 524/524/524
f 527/527/527 528/528/528 524/524/524
f 527/527/527 529/529/529 528/528/528
f 530/530/530 531/531/531 532/532/532
f 530/530/530 532/532/532 533/533/533
f 534/534/534 533/533/533 532/532/532
f 532/532/532 535/535/535 534/534/534
f 535/535/535 536/536/536 534/534/534
f 535/535/535 537/537/537 536/536/536
f 538/538/538 539/539/539 540/540/540
f 538/538/538 540/540/540 541/541/541
f 542/542/542 543/543/543 544/544/544
f 542/542/542 544/544/544 545/545/545
f 546/546/546 547/547/547 548/548/548
f 546/546/546 549/549/549 547/547/547
f 550/550/550 547/547/547 549/549/549
f 550/550/550 551/551/551 547/547/547
f 551/551/551 550/550/550 552/552/552
f 551/551/551 552/552/552 553/553/553
f 554/554/554 555/555/555 556/556/556
f 554/554/554 557/557/557 555/555/555
f 558/558/558 555/555/555 557/557/557
f 558/558/558 557/557/557 559/559/559
f 559/559/559 560/560/560 558/558/558
f 559/559/559 561/561/561 560/560/560
f 562/562/562 560/560/560 561/561/561
f 562/562/562 561/561/561 563/563/563
f 564/564/564 562/562/562 563/563/563
f 564/564/564 565/565/565 562/562/562
f 566/566/566 567/567/567 568/568/568
f 566/566/566 569/569/569 567/567/567
f 570/570/570 567/567/567 569/569/569
f 570/570/570 571/571/571 567/567/567
f 572/572/572 573/573/573 574/574/574
f 572/572/572 574/574/574 575/575/575
f 576/576/576 577/577/577 578/578/578
f 578/578/578 579/579/579 576/576/576
f 579/579/579 580/580/580 576/576/576
f 581/581/581 582/582/582 583/583/583
f 583/583/583 584/584/584 581/581/581
f 584/584/584 583/583/583 585/585/585
f 584/584/584 586/586/586 581/581/581
f 586/586/586 587/587/587 581/581/581
f 588/588/588 584/584/584 585/585/585
f 588/588/588 585/585/585 589/589/589
f 590/590/590 588/588/588 589/589/589
f 591/591/591 590/590/590 589/589/589
f 589/589/589 592/592/592 591/591/591
f 593/593/593 594/594/594 595/595/595
f 593/593/593 595/595/595 596/596/596
f 597/597/597 598/598/598 599/599/599
f 599/599/599 600/600/600 597/597/597
f 599/599/599 601/601/601 600/600/600
f 601/601/601 602/602/602 600/600/600
f 599/599/599 603/603/603 601/601/601
f 603/603/603 599/599/599 604/604/604
f 604/604/604 605/605/605 603/603/603
f 604/604/604 606/606/606 605/605/605
f 607/607/607 608/608/608 609/609/609
f 607/607/607 609/609/609 610/610/610
f 609/609/609 611/611/611 610/610/610
f 609/609/609 612/612/612 611/611/611
f 613/613/613 611/611/611 612/612/612
f 613/613/613 612/612/612 614/614/614
f 615/615/615 616/616/616 617/617/617
f 615/615/615 617/617/617 618/618/618
f 619/619/619 620/620/620 621/621/621
f 619/619/619 621/621/621 622/622/622
f 622/622/622 623/623/623 619/619/619
f 622/622/622 624/624/624 623/623/623
f 623/623/623 624/624/624 625/625/625
f 623/623/623 625/625/625 626/626/626
f 627/627/627 628/628/628 629/629/629
f 629/629/629 630/630/630 627/627/627
f 629/629/629 631/631/631 630/630/630
f 629/629/629 632/632/632 631/631/631
f 633/633/633 634/634/634 635/635/635
f 633/633/633 636/636/636 634/634/634
f 637/637/637 634/634/634 636/636/636
f 637/637/637 636/636/636 638/638/638
f 638/638/638 639/639/639 637/637/637
f 638/638/638 640/640/640 639/639/639
f 641/641/641 639/639/639 640/640/640
f 641/641/641 640/640/640 642/642/642
f 643/643/643 641/641/641 642/642/642
f 643/643/643 644/644/644 641/641/641
f 645/645/645 646/646/646 647/647/647
f 647/647/647 648/648/648 645/645/645
f 648/648/648 649/649/649 645/645/645
f 649/649/649 650/650/650 645/645/645
f 651/651/651 652/652/652 653/653/653
f 651/651/651 653/653/653 654/654/654
f 655/655/655 656/656/656 657/657/657
f 655/655/655 657/657/657 658/658/658
f 658/658/658 659/659/659 655/655/655
f 659/659/659 658/658/658 660/660/660
f 657/657/657 661/661/661 658/658/658
f 661/661/661 662/662/662 658/658/658
f 662/662/662 661/661/661 663/663/663
f 661/661/661 664/664/664 663/663/663
f 665/665/665 662/662/662 663/663/663
f 663/663/663 666/666/666 665/665/665
f 667/667/667 659/659/659 666/666/666
f 666/666/666 668/668/668 667/667/667
f 669/669/669 670/670/670 671/671/671
f 671/671/671 672/672/672 669/669/669
f 671/671/671 673/673/673 672/672/672
f 671/671/671 674/674/674 673/673/673
f 674/674/674 675/675/675 673/673/673
f 675/675/675 676/676/676 673/673/673
f 677/677/677 678/678/678 679/679/679
f 677/677/677 680/680/680 678/678/678
f 681/681/681 682/682/682 683/683/683
f 681/681/681 683/683/683 684/684/684
f 685/685/685 686/686/686 687/687/687
f 687/687/687 688/688/688 685/685/685
f 687/687/687 689/689/689 688/688/688
f 687/687/687 690/690/690 689/689/689
f 691/691/691 692/692/692 693/693/693
f 693/693/693 694/694/694 691/691/691
f 693/693/693 695/695/695 694/694/694
f 693/693/693 696/696/696 695/695/695
f 697/697/697 698/698/698 699/699/699
f 699/699/699 700/700/700 697/697/697
f 700/700/700 701/701/701 697/697/697
f 701/701/701 702/702/702 697/697/697
f 703/703/703 704/704/704 705/705/705
f 705/705/705 706/706/706 703/703/703
f 706/706/706 707/707/707 703/703/703
f 707/707/707 708/708/708 703/703/703
f 709/709/709 710/710/710 711/711/711
f 709/709/709 711/711/711 712/712/712
f 713/713/713 714/714/714 715/715/715
f 713/713/713 716/716/716 714/714/714
f 716/716/716 713/713/713 717/717/717
f 716/716/716 717/717/717 718/718/718
f 719/719/719 720/720/720 721/721/721
f 719/719/719 722/722/722 720/720/720
f 722/722/722 723/723/723 720/720/720
f 722/722/722 724/724/724 723/723/723
f 725/725/725 723/723/723 724/724/724
f 725/725/725 724/724/724 726/726/726
f 727/727/727 725/725/725 726/726/726
f 726/726/726 728/728/728 727/727/727
f 729/729/729 730/730/730 731/731/731
f 729/729/729 731/731/731 732/732/732
f 733/733/733 734/734/734 735/735/735
f 733/733/733 735/735/735 736/736/736
f 737/737/737 738/738/738 739/739/739
f 739/739/739 740/740/740 737/737/737
f 740/740/740 741/741/741 737/737/737
f 741/741/741 742/742/742 737/737/737
f 743/743/743 744/744/744 745/745/745
f 746/746/746 744/744/744 743/743/743
f 743/743/743 745/745/745 747/747/747
f 746/746/746 743/743/743 748/748/748
f 743/743/743 747/747/747 749/749/749
f 743/743/743 750/750/750 748/748/748
f 743/743/743 749/749/749 751/751/751
f 743/743/743 751/751/751 750/750/750
f 752/752/752 753/753/753 754/754/754
f 752/752/752 754/754/754 755/755/755
f 756/756/756 753/753/753 752/752/752
f 752/752/752 755/755/755 757/757/757
f 756/756/756 752/752/752 758/758/758
f 752/752/752 757/757/757 759/759/759
f 752/752/752 760/760/760 758/758/758
f 752/752/752 759/759/759 760/760/760
f 761/761/761 762/762/762 763/763/763
f 761/761/761 764/764/764 762/762/762
f 764/764/764 761/761/761 765/765/765
f 764/764/764 765/765/765 766/766/766
f 766/766/766 765/765/765 767/767/767
f 766/766/766 767/767/767 768/768/768
f 768/768/768 767/767/767 769/769/769
f 768/768/768 769/769/769 770/770/770
f 770/770/770 769/769/769 771/771/771
f 770/770/770 771/771/771 772/772/772
f 772/772/772 771/771/771 773/773/773
f 772/772/772 773/773/773 774/774/774
f 774/774/774 773/773/773 775/775/775
f 774/774/774 775/775/775 776/776/776
f 776/776/776 775/775/775 777/777/777
f 776/776/776 777/777/777 778/778/778
f 778/778/778 777/777/777 779/779/779
f 778/778/778 779/779/779 780/780/780
f 780/780/780 779/779/779 781/781/781
f 780/780/780 781/781/781 782/782/782
f 782/782/782 781/781/781 783/783/783
f 782/782/782 783/783/783 784/784/784
f 785/785/785 784/784/784 783/783/783
f 785/785/785 786/786/786 784/784/784
