# Unturned item rip -> Godot (X+Z negated, winding reversed, RH Y-up)
v -0.000000 0.052500 0.302500
v -0.045466 0.026250 0.302500
v -0.035972 0.020768 0.092500
v 0.000000 0.041537 0.092500
v 0.000000 0.033229 -0.327500
v -0.028777 0.016615 -0.327500
v -0.045466 0.026250 0.302500
v -0.045466 -0.026250 0.302500
v -0.035972 -0.020768 0.092500
v -0.035972 0.020768 0.092500
v -0.028777 0.016615 -0.327500
v -0.028777 -0.016615 -0.327500
v -0.045466 -0.026250 0.302500
v 0.000000 -0.052500 0.302500
v 0.000000 -0.041537 0.092500
v -0.035972 -0.020768 0.092500
v -0.028777 -0.016615 -0.327500
v 0.000000 -0.033229 -0.327500
v 0.000000 -0.052500 0.302500
v 0.045466 -0.026250 0.302500
v 0.035972 -0.020768 0.092500
v 0.000000 -0.041537 0.092500
v 0.000000 -0.033229 -0.327500
v 0.028778 -0.016615 -0.327500
v 0.000000 0.041537 0.092500
v 0.000000 0.033229 -0.327500
v 0.028778 0.016615 -0.327500
v 0.035972 0.020768 0.092500
v 0.045466 0.026250 0.302500
v -0.000000 0.052500 0.302500
v 0.045466 -0.026250 0.302500
v 0.045466 0.026250 0.302500
v 0.035972 0.020768 0.092500
v 0.035972 -0.020768 0.092500
v 0.028778 -0.016615 -0.327500
v 0.028778 0.016615 -0.327500
v 0.000000 0.033229 -0.327500
v -0.028777 0.016615 -0.327500
v -0.028777 -0.016615 -0.327500
v 0.000000 -0.033229 -0.327500
v 0.028778 0.016615 -0.327500
v 0.028778 -0.016615 -0.327500
v -0.021802 0.058182 -0.125308
v -0.032788 0.069610 -0.132721
v -0.046323 0.061525 -0.125127
v -0.035337 0.050097 -0.117713
v -0.020268 0.068684 -0.111393
v -0.033803 0.060598 -0.103799
v -0.044789 0.072026 -0.111212
v -0.031254 0.080112 -0.118807
v -0.021802 0.058182 -0.125308
v -0.035337 0.050097 -0.117713
v -0.033803 0.060598 -0.103799
v -0.020268 0.068684 -0.111393
v -0.035337 0.050097 -0.117713
v -0.046323 0.061525 -0.125127
v -0.044789 0.072026 -0.111212
v -0.033803 0.060598 -0.103799
v -0.046323 0.061525 -0.125127
v -0.032788 0.069610 -0.132721
v -0.031254 0.080112 -0.118807
v -0.044789 0.072026 -0.111212
v -0.020268 0.068684 -0.111393
v -0.031254 0.080112 -0.118807
v -0.032788 0.069610 -0.132721
v -0.021802 0.058182 -0.125308
v -0.056592 0.089040 0.038093
v -0.039987 0.087028 0.043238
v -0.044716 0.073428 0.053184
v -0.061321 0.075440 0.048039
v -0.053737 0.078212 0.024645
v -0.058466 0.064612 0.034591
v -0.041861 0.062600 0.039736
v -0.037132 0.076200 0.029790
v -0.056592 0.089040 0.038093
v -0.061321 0.075440 0.048039
v -0.058466 0.064612 0.034591
v -0.053737 0.078212 0.024645
v -0.061321 0.075440 0.048039
v -0.044716 0.073428 0.053184
v -0.041861 0.062600 0.039736
v -0.058466 0.064612 0.034591
v -0.044716 0.073428 0.053184
v -0.039987 0.087028 0.043238
v -0.037132 0.076200 0.029790
v -0.041861 0.062600 0.039736
v -0.053737 0.078212 0.024645
v -0.037132 0.076200 0.029790
v -0.039987 0.087028 0.043238
v -0.056592 0.089040 0.038093
v 0.006966 -0.048809 -0.224551
v 0.020557 -0.058045 -0.218531
v 0.015741 -0.071615 -0.228477
v 0.002150 -0.062379 -0.234497
v 0.016883 -0.042742 -0.237632
v 0.012068 -0.056312 -0.247577
v 0.025658 -0.065548 -0.241557
v 0.030474 -0.051978 -0.231611
v 0.006966 -0.048809 -0.224551
v 0.002150 -0.062379 -0.234497
v 0.012068 -0.056312 -0.247577
v 0.016883 -0.042742 -0.237632
v 0.002150 -0.062379 -0.234497
v 0.015741 -0.071615 -0.228477
v 0.025658 -0.065548 -0.241557
v 0.012068 -0.056312 -0.247577
v 0.015741 -0.071615 -0.228477
v 0.020557 -0.058045 -0.218531
v 0.030474 -0.051978 -0.231611
v 0.025658 -0.065548 -0.241557
v 0.016883 -0.042742 -0.237632
v 0.030474 -0.051978 -0.231611
v 0.020557 -0.058045 -0.218531
v 0.006966 -0.048809 -0.224551
v -0.017634 0.056648 -0.214615
v -0.003762 0.051080 -0.205515
v 0.002567 0.067393 -0.205183
v -0.011305 0.072960 -0.214284
v -0.026222 0.059676 -0.199671
v -0.019893 0.075988 -0.199340
v -0.006021 0.070421 -0.190239
v -0.012350 0.054109 -0.190571
v -0.017634 0.056648 -0.214615
v -0.011305 0.072960 -0.214284
v -0.019893 0.075988 -0.199340
v -0.026222 0.059676 -0.199671
v -0.011305 0.072960 -0.214284
v 0.002567 0.067393 -0.205183
v -0.006021 0.070421 -0.190239
v -0.019893 0.075988 -0.199340
v 0.002567 0.067393 -0.205183
v -0.003762 0.051080 -0.205515
v -0.012350 0.054109 -0.190571
v -0.006021 0.070421 -0.190239
v -0.026222 0.059676 -0.199671
v -0.012350 0.054109 -0.190571
v -0.003762 0.051080 -0.205515
v -0.017634 0.056648 -0.214615
v 0.077754 -0.072513 -0.106408
v 0.081766 -0.082109 -0.120482
v 0.064972 -0.081919 -0.125399
v 0.060960 -0.072323 -0.111325
v 0.080602 -0.057880 -0.115572
v 0.063808 -0.057690 -0.120489
v 0.067820 -0.067285 -0.134563
v 0.084614 -0.067475 -0.129646
v 0.077754 -0.072513 -0.106408
v 0.060960 -0.072323 -0.111325
v 0.063808 -0.057690 -0.120489
v 0.080602 -0.057880 -0.115572
v 0.060960 -0.072323 -0.111325
v 0.064972 -0.081919 -0.125399
v 0.067820 -0.067285 -0.134563
v 0.063808 -0.057690 -0.120489
v 0.064972 -0.081919 -0.125399
v 0.081766 -0.082109 -0.120482
v 0.084614 -0.067475 -0.129646
v 0.067820 -0.067285 -0.134563
v 0.080602 -0.057880 -0.115572
v 0.084614 -0.067475 -0.129646
v 0.081766 -0.082109 -0.120482
v 0.077754 -0.072513 -0.106408
v -0.019856 -0.130959 0.137083
v -0.025495 -0.115227 0.142276
v -0.040988 -0.122177 0.146506
v -0.035349 -0.137908 0.141314
v -0.013991 -0.134192 0.153251
v -0.029484 -0.141142 0.157482
v -0.035123 -0.125410 0.162674
v -0.019629 -0.118460 0.158443
v -0.019856 -0.130959 0.137083
v -0.035349 -0.137908 0.141314
v -0.029484 -0.141142 0.157482
v -0.013991 -0.134192 0.153251
v -0.035349 -0.137908 0.141314
v -0.040988 -0.122177 0.146506
v -0.035123 -0.125410 0.162674
v -0.029484 -0.141142 0.157482
v -0.040988 -0.122177 0.146506
v -0.025495 -0.115227 0.142276
v -0.019629 -0.118460 0.158443
v -0.035123 -0.125410 0.162674
v -0.013991 -0.134192 0.153251
v -0.019629 -0.118460 0.158443
v -0.025495 -0.115227 0.142276
v -0.019856 -0.130959 0.137083
v -0.050245 -0.123254 -0.012211
v -0.048845 -0.111607 0.000776
v -0.036071 -0.121164 0.007969
v -0.037471 -0.132811 -0.005018
v -0.038366 -0.114350 -0.021477
v -0.025592 -0.123907 -0.014284
v -0.024192 -0.112261 -0.001297
v -0.036966 -0.102704 -0.008490
v -0.050245 -0.123254 -0.012211
v -0.037471 -0.132811 -0.005018
v -0.025592 -0.123907 -0.014284
v -0.038366 -0.114350 -0.021477
v -0.037471 -0.132811 -0.005018
v -0.036071 -0.121164 0.007969
v -0.024192 -0.112261 -0.001297
v -0.025592 -0.123907 -0.014284
v -0.036071 -0.121164 0.007969
v -0.048845 -0.111607 0.000776
v -0.036966 -0.102704 -0.008490
v -0.024192 -0.112261 -0.001297
v -0.038366 -0.114350 -0.021477
v -0.036966 -0.102704 -0.008490
v -0.048845 -0.111607 0.000776
v -0.050245 -0.123254 -0.012211
v -0.039143 0.011437 -0.428406
v -0.011901 0.032633 -0.449587
v 0.016773 0.022505 -0.422844
v -0.010468 0.001309 -0.401663
v -0.030442 -0.021550 -0.450227
v -0.001768 -0.031678 -0.423484
v 0.025473 -0.010482 -0.444665
v -0.003201 -0.000354 -0.471408
v -0.039143 0.011437 -0.428406
v -0.010468 0.001309 -0.401663
v -0.001768 -0.031678 -0.423484
v -0.030442 -0.021550 -0.450227
v -0.010468 0.001309 -0.401663
v 0.016773 0.022505 -0.422844
v 0.025473 -0.010482 -0.444665
v -0.001768 -0.031678 -0.423484
v 0.016773 0.022505 -0.422844
v -0.011901 0.032633 -0.449587
v -0.003201 -0.000354 -0.471408
v 0.025473 -0.010482 -0.444665
v -0.030442 -0.021550 -0.450227
v -0.003201 -0.000354 -0.471408
v -0.011901 0.032633 -0.449587
v -0.039143 0.011437 -0.428406
v -0.100207 -0.065942 -0.104739
v -0.087514 -0.071926 -0.115195
v -0.075634 -0.063186 -0.105776
v -0.088326 -0.057202 -0.095320
v -0.098206 -0.079872 -0.094338
v -0.086325 -0.071133 -0.084918
v -0.073633 -0.077117 -0.095375
v -0.085513 -0.085857 -0.104794
v -0.100207 -0.065942 -0.104739
v -0.088326 -0.057202 -0.095320
v -0.086325 -0.071133 -0.084918
v -0.098206 -0.079872 -0.094338
v -0.088326 -0.057202 -0.095320
v -0.075634 -0.063186 -0.105776
v -0.073633 -0.077117 -0.095375
v -0.086325 -0.071133 -0.084918
v -0.075634 -0.063186 -0.105776
v -0.087514 -0.071926 -0.115195
v -0.085513 -0.085857 -0.104794
v -0.073633 -0.077117 -0.095375
v -0.098206 -0.079872 -0.094338
v -0.085513 -0.085857 -0.104794
v -0.087514 -0.071926 -0.115195
v -0.100207 -0.065942 -0.104739
v -0.041352 0.002770 -0.289596
v -0.029703 0.015552 -0.292274
v -0.018679 0.007851 -0.281076
v -0.030328 -0.004931 -0.278398
v -0.034352 -0.006371 -0.302775
v -0.023327 -0.014072 -0.291577
v -0.011678 -0.001290 -0.294255
v -0.022703 0.006411 -0.305453
v -0.041352 0.002770 -0.289596
v -0.030328 -0.004931 -0.278398
v -0.023327 -0.014072 -0.291577
v -0.034352 -0.006371 -0.302775
v -0.030328 -0.004931 -0.278398
v -0.018679 0.007851 -0.281076
v -0.011678 -0.001290 -0.294255
v -0.023327 -0.014072 -0.291577
v -0.018679 0.007851 -0.281076
v -0.029703 0.015552 -0.292274
v -0.022703 0.006411 -0.305453
v -0.011678 -0.001290 -0.294255
v -0.034352 -0.006371 -0.302775
v -0.022703 0.006411 -0.305453
v -0.029703 0.015552 -0.292274
v -0.041352 0.002770 -0.289596
v 0.074839 0.060336 0.133826
v 0.083219 0.073523 0.125943
v 0.081522 0.065393 0.110539
v 0.073143 0.052206 0.118422
v 0.059570 0.068476 0.131211
v 0.057873 0.060346 0.115807
v 0.066253 0.073534 0.107925
v 0.067949 0.081663 0.123329
v 0.074839 0.060336 0.133826
v 0.073143 0.052206 0.118422
v 0.057873 0.060346 0.115807
v 0.059570 0.068476 0.131211
v 0.073143 0.052206 0.118422
v 0.081522 0.065393 0.110539
v 0.066253 0.073534 0.107925
v 0.057873 0.060346 0.115807
v 0.081522 0.065393 0.110539
v 0.083219 0.073523 0.125943
v 0.067949 0.081663 0.123329
v 0.066253 0.073534 0.107925
v 0.059570 0.068476 0.131211
v 0.067949 0.081663 0.123329
v 0.083219 0.073523 0.125943
v 0.074839 0.060336 0.133826
v 0.067718 -0.077218 0.082794
v 0.073715 -0.091984 0.075565
v 0.066729 -0.087307 0.060216
v 0.060732 -0.072542 0.067445
v 0.082600 -0.069072 0.078502
v 0.075614 -0.064396 0.063154
v 0.081611 -0.079161 0.055925
v 0.088597 -0.083838 0.071273
v 0.067718 -0.077218 0.082794
v 0.060732 -0.072542 0.067445
v 0.075614 -0.064396 0.063154
v 0.082600 -0.069072 0.078502
v 0.060732 -0.072542 0.067445
v 0.066729 -0.087307 0.060216
v 0.081611 -0.079161 0.055925
v 0.075614 -0.064396 0.063154
v 0.066729 -0.087307 0.060216
v 0.073715 -0.091984 0.075565
v 0.088597 -0.083838 0.071273
v 0.081611 -0.079161 0.055925
v 0.082600 -0.069072 0.078502
v 0.088597 -0.083838 0.071273
v 0.073715 -0.091984 0.075565
v 0.067718 -0.077218 0.082794
v 0.086376 0.050116 -0.045661
v 0.088011 0.061906 -0.032832
v 0.074860 0.071193 -0.039692
v 0.073226 0.059403 -0.052521
v 0.073226 0.059403 -0.052521
v 0.074947 0.041117 -0.035934
v 0.086376 0.050116 -0.045661
v 0.061796 0.050404 -0.042793
v 0.076582 0.052906 -0.023105
v 0.061796 0.050404 -0.042793
v 0.063431 0.062194 -0.029965
v 0.074947 0.041117 -0.035934
v 0.088011 0.061906 -0.032832
v 0.063431 0.062194 -0.029965
v 0.074860 0.071193 -0.039692
v 0.076582 0.052906 -0.023105
v 0.073226 0.059403 -0.052521
v 0.063431 0.062194 -0.029965
v 0.061796 0.050404 -0.042793
v 0.074860 0.071193 -0.039692
v 0.086376 0.050116 -0.045661
v 0.074947 0.041117 -0.035934
v 0.076582 0.052906 -0.023105
v 0.088011 0.061906 -0.032832
v -0.160222 -0.006412 0.123985
v -0.174174 -0.006798 0.113429
v -0.166279 0.004439 0.102582
v -0.152326 0.004825 0.113139
v -0.006046 0.054428 -0.338926
v -0.008556 0.037197 -0.337177
v 0.007078 0.034183 -0.344441
v 0.009587 0.051413 -0.346190
v -0.152326 0.004825 0.113139
v -0.153205 -0.019822 0.115200
v -0.160222 -0.006412 0.123985
v -0.145309 -0.008585 0.104354
v -0.167157 -0.020208 0.104644
v -0.145309 -0.008585 0.104354
v -0.159262 -0.008971 0.093798
v -0.153205 -0.019822 0.115200
v -0.174174 -0.006798 0.113429
v -0.159262 -0.008971 0.093798
v -0.166279 0.004439 0.102582
v -0.167157 -0.020208 0.104644
v 0.009587 0.051413 -0.346190
v 0.001407 0.054949 -0.323102
v -0.006046 0.054428 -0.338926
v 0.017040 0.051935 -0.330365
v -0.001103 0.037718 -0.321352
v 0.017040 0.051935 -0.330365
v 0.014531 0.034704 -0.328616
v 0.001407 0.054949 -0.323102
v -0.008556 0.037197 -0.337177
v 0.014531 0.034704 -0.328616
v 0.007078 0.034183 -0.344441
v -0.001103 0.037718 -0.321352
v -0.152326 0.004825 0.113139
v -0.159262 -0.008971 0.093798
v -0.145309 -0.008585 0.104354
v -0.166279 0.004439 0.102582
v -0.160222 -0.006412 0.123985
v -0.153205 -0.019822 0.115200
v -0.167157 -0.020208 0.104644
v -0.174174 -0.006798 0.113429
v 0.009587 0.051413 -0.346190
v 0.014531 0.034704 -0.328616
v 0.017040 0.051935 -0.330365
v 0.007078 0.034183 -0.344441
v -0.006046 0.054428 -0.338926
v 0.001407 0.054949 -0.323102
v -0.001103 0.037718 -0.321352
v -0.008556 0.037197 -0.337177
v -0.094406 -0.114862 -0.209022
v 0.086050 0.129790 -0.209022
v 0.107478 0.147137 0.142611
v -0.101250 -0.135844 0.142611
v 0.179331 0.132515 -0.033147
v 0.091216 -0.045177 -0.230142
v -0.137206 0.034969 -0.230142
v -0.080251 0.197295 -0.033147
v -0.246887 -0.136549 0.050387
v -0.127082 0.063366 -0.191433
v 0.130504 -0.070924 -0.191433
v 0.051054 -0.291878 0.050387
v 0.427388 0.108954 0.236161
v 0.143307 -0.196204 0.084414
v -0.181436 0.106109 0.084414
v 0.102645 0.411267 0.236161
v -0.169866 -0.259659 0.101258
v 0.165652 -0.277645 0.101258
v 0.149849 0.014461 -0.065317
v -0.140224 0.030011 -0.065317
v 0.029781 -0.124544 -0.123459
v -0.108932 0.005156 -0.089990
v -0.093153 0.073586 -0.295241
v 0.054520 -0.065626 -0.327862
v -0.155229 0.024441 -0.209022
v 0.146874 -0.009513 -0.209022
v 0.177830 -0.013990 0.142611
v -0.171603 0.025283 0.142611
v -0.065001 0.146767 -0.209022
v 0.056646 -0.131838 -0.209022
v 0.073466 -0.155481 0.142611
v -0.067239 0.166774 0.142611
v 0.042324 -0.001975 -0.095298
v -0.136899 -0.022630 -0.018983
v -0.070434 -0.090931 0.178903
v 0.136868 -0.067040 0.102589
v 0.003336 -0.055722 -0.432859
v 0.007826 -0.058983 -0.296409
v -0.020551 0.061568 -0.296409
v -0.022874 0.055620 -0.432859
v -0.065440 -0.013156 -0.432859
v -0.066638 -0.012896 -0.296409
v 0.053913 0.015481 -0.296409
v 0.045902 0.013054 -0.432859
v 0.121328 -0.415786 0.256728
v -0.137767 -0.140541 0.012092
v 0.148552 0.161373 0.012092
v 0.421286 -0.088867 0.256729
v 0.307002 -0.091664 0.123489
v 0.015121 -0.142900 -0.043085
v -0.061145 0.137400 -0.043085
v 0.218788 0.232549 0.123489
v 0.271832 -0.013835 0.095878
v 0.057344 -0.116631 -0.145943
v -0.097136 0.129378 -0.145943
v 0.093150 0.270715 0.095878
v 0.008126 -0.192188 -0.076368
v -0.092821 -0.051859 -0.270423
v 0.120287 0.098908 -0.270423
v 0.203014 -0.048595 -0.076368
v 0.048572 -0.106085 -0.196651
v -0.022841 -0.067952 -0.370329
v 0.035889 0.078354 -0.370329
v 0.098072 0.055976 -0.196650
v 0.028402 0.113645 -0.196651
v 0.034643 0.044146 -0.370329
v -0.096766 -0.004922 -0.370329
v -0.130344 0.054369 -0.196651
v -0.125997 -0.008414 -0.196650
v -0.075160 0.038628 -0.370329
v 0.029364 -0.054919 -0.370329
v 0.000271 -0.121420 -0.196651
v -0.219307 0.026407 -0.094962
v -0.067942 0.115304 -0.288546
v 0.055854 -0.127903 -0.288546
v -0.109495 -0.189327 -0.094962
v -0.256948 0.102185 0.075397
v -0.034040 0.142504 -0.166423
v 0.040247 -0.138326 -0.166423
v -0.171022 -0.222642 0.075397
v -0.035746 0.286214 0.147468
v 0.131626 0.047183 -0.019107
v -0.131028 -0.123243 -0.019107
v -0.310981 0.093492 0.147468
v -0.333854 -0.171836 0.220161
v -0.146483 0.200610 0.068414
v 0.249865 0.001214 0.068414
v 0.062494 -0.371232 0.220161
v -0.226533 0.399731 0.220161
v 0.135339 0.192674 0.068414
v -0.085006 -0.192421 0.068414
v -0.446878 0.014635 0.220161
v -0.021872 0.060675 -0.330608
v 0.018579 0.149621 -0.137227
v 0.083327 -0.018770 -0.060913
v 0.048877 -0.099049 -0.258799
v -0.048201 -0.056165 -0.291017
v -0.130415 -0.077971 -0.096607
v -0.052926 0.084950 -0.020293
v 0.029004 0.115265 -0.218179
vt 0.173817948 0.735921621
vt 0.21047391 0.735083163
vt 0.195164397 0.610823274
vt 0.166163191 0.611486614
vt 0.160362795 0.362834275
vt 0.183563784 0.362303555
vt 0.21047388 0.735083103
vt 0.247129813 0.735921562
vt 0.254784524 0.611486614
vt 0.225783303 0.610823274
vt 0.237383768 0.362303555
vt 0.260584712 0.362834275
vt 0.247129813 0.735921562
vt 0.320441663 0.735921562
vt 0.312786877 0.611486614
vt 0.254784524 0.611486614
vt 0.260584712 0.362834275
vt 0.30698669 0.362834245
vt 0.320441663 0.735921562
vt 0.357097626 0.735083103
vt 0.341788113 0.610823274
vt 0.312786877 0.611486614
vt 0.30698669 0.362834245
vt 0.330187678 0.362303585
vt 0.166163191 0.611486614
vt 0.160362795 0.362834275
vt 0.113960817 0.362834245
vt 0.108160779 0.611486614
vt 0.100506082 0.735921621
vt 0.173817948 0.735921621
vt 0.0638501495 0.735083163
vt 0.100506082 0.735921621
vt 0.108160779 0.611486614
vt 0.0791595727 0.610823274
vt 0.0907598287 0.362303555
vt 0.113960817 0.362834245
vt 0.617772102 0.404251516
vt 0.617772102 0.423923314
vt 0.657957375 0.433759212
vt 0.698142707 0.423923314
vt 0.657957375 0.394415617
vt 0.698142648 0.404251516
vt 0.678116977 0.698338985
vt 0.678116977 0.716507018
vt 0.690227985 0.716507018
vt 0.690227985 0.698338985
vt 0.678116977 0.698338985
vt 0.690227985 0.698338985
vt 0.690227985 0.680172026
vt 0.678116977 0.680172026
vt 0.702340007 0.698338985
vt 0.690227985 0.698338985
vt 0.690227985 0.716507018
vt 0.702340007 0.716507018
vt 0.678116977 0.680172026
vt 0.666005015 0.680172026
vt 0.666005015 0.698338985
vt 0.678116977 0.698338985
vt 0.678116977 0.698338985
vt 0.666005015 0.698338985
vt 0.666005015 0.716507018
vt 0.678116977 0.716507018
vt 0.690227985 0.680172026
vt 0.690227985 0.698338985
vt 0.702340007 0.698338985
vt 0.702340007 0.680172026
vt 0.196435004 0.809315026
vt 0.196435004 0.827481985
vt 0.208546996 0.827481985
vt 0.208546996 0.809315026
vt 0.196435004 0.809315026
vt 0.208546996 0.809315026
vt 0.208546996 0.791148007
vt 0.196435004 0.791148007
vt 0.220658004 0.809315026
vt 0.208546996 0.809315026
vt 0.208546996 0.827481985
vt 0.220658004 0.827481985
vt 0.196435004 0.791148007
vt 0.184323996 0.791148007
vt 0.184323996 0.809315026
vt 0.196435004 0.809315026
vt 0.196435004 0.809315026
vt 0.184323996 0.809315026
vt 0.184323996 0.827481985
vt 0.196435004 0.827481985
vt 0.208546996 0.791148007
vt 0.208546996 0.809315026
vt 0.220658004 0.809315026
vt 0.220658004 0.791148007
vt 0.196435004 0.733757019
vt 0.196435004 0.751924992
vt 0.208546996 0.751924992
vt 0.208546996 0.733757019
vt 0.196435004 0.733757019
vt 0.208546996 0.733757019
vt 0.208546996 0.71559
vt 0.196435004 0.71559
vt 0.220658004 0.733757019
vt 0.208546996 0.733757019
vt 0.208546996 0.751924992
vt 0.220658004 0.751924992
vt 0.196435004 0.71559
vt 0.184323996 0.71559
vt 0.184323996 0.733757019
vt 0.196435004 0.733757019
vt 0.196435004 0.733757019
vt 0.184323996 0.733757019
vt 0.184323996 0.751924992
vt 0.196435004 0.751924992
vt 0.208546996 0.71559
vt 0.208546996 0.733757019
vt 0.220658004 0.733757019
vt 0.220658004 0.71559
vt 0.73478502 0.289855003
vt 0.73478502 0.308021992
vt 0.746896029 0.308021992
vt 0.746896029 0.289855003
vt 0.73478502 0.289855003
vt 0.746896029 0.289855003
vt 0.746896029 0.271687001
vt 0.73478502 0.271687001
vt 0.75900799 0.289855003
vt 0.746896029 0.289855003
vt 0.746896029 0.308021992
vt 0.75900799 0.308021992
vt 0.73478502 0.271687001
vt 0.722672999 0.271687001
vt 0.722672999 0.289855003
vt 0.73478502 0.289855003
vt 0.73478502 0.289855003
vt 0.722672999 0.289855003
vt 0.722672999 0.308021992
vt 0.73478502 0.308021992
vt 0.746896029 0.271687001
vt 0.746896029 0.289855003
vt 0.75900799 0.289855003
vt 0.75900799 0.271687001
vt 0.243659005 0.254437
vt 0.243659005 0.272603989
vt 0.255769998 0.272603989
vt 0.255769998 0.254437
vt 0.243659005 0.254437
vt 0.255769998 0.254437
vt 0.255769998 0.236269996
vt 0.243659005 0.236269996
vt 0.267881989 0.254437
vt 0.255769998 0.254437
vt 0.255769998 0.272603989
vt 0.267881989 0.272603989
vt 0.243659005 0.236269996
vt 0.231546998 0.236269996
vt 0.231546998 0.254437
vt 0.243659005 0.254437
vt 0.243659005 0.254437
vt 0.231546998 0.254437
vt 0.231546998 0.272603989
vt 0.243659005 0.272603989
vt 0.255769998 0.236269996
vt 0.255769998 0.254437
vt 0.267881989 0.254437
vt 0.267881989 0.236269996
vt 0.649782002 0.27332601
vt 0.649782002 0.291494012
vt 0.661894023 0.291494012
vt 0.661894023 0.27332601
vt 0.649782002 0.27332601
vt 0.661894023 0.27332601
vt 0.661894023 0.255158991
vt 0.649782002 0.255158991
vt 0.674004972 0.27332601
vt 0.661894023 0.27332601
vt 0.661894023 0.291494012
vt 0.674004972 0.291494012
vt 0.649782002 0.255158991
vt 0.637670994 0.255158991
vt 0.637670994 0.27332601
vt 0.649782002 0.27332601
vt 0.649782002 0.27332601
vt 0.637670994 0.27332601
vt 0.637670994 0.291494012
vt 0.649782002 0.291494012
vt 0.661894023 0.255158991
vt 0.661894023 0.27332601
vt 0.674005985 0.27332601
vt 0.674005985 0.255158991
vt 0.161017001 0.766813993
vt 0.161017001 0.784981012
vt 0.173129007 0.784981012
vt 0.173129007 0.766813993
vt 0.161017001 0.766813993
vt 0.173129007 0.766813993
vt 0.173129007 0.748646021
vt 0.161017001 0.748646021
vt 0.18524 0.766813993
vt 0.173129007 0.766813993
vt 0.173129007 0.784981012
vt 0.18524 0.784981012
vt 0.161017001 0.748646021
vt 0.148906007 0.748646021
vt 0.148906007 0.766813993
vt 0.161017001 0.766813993
vt 0.161017001 0.766813993
vt 0.148906007 0.766813993
vt 0.148906007 0.784981012
vt 0.161017001 0.784981012
vt 0.173129007 0.748646021
vt 0.173129007 0.766813993
vt 0.185240999 0.766813993
vt 0.185240999 0.748646021
vt 0.0949039981 0.176517993
vt 0.0949039981 0.194684997
vt 0.107015997 0.194684997
vt 0.107015997 0.176517993
vt 0.0949039981 0.176517993
vt 0.107015997 0.176517993
vt 0.107015997 0.158350006
vt 0.0949039981 0.158351004
vt 0.119126998 0.176517993
vt 0.107015997 0.176517993
vt 0.107015997 0.194684997
vt 0.119126998 0.194684997
vt 0.0949039981 0.158351004
vt 0.0827929974 0.158350006
vt 0.0827929974 0.176517993
vt 0.0949039981 0.176517993
vt 0.0949039981 0.176517993
vt 0.0827929974 0.176517993
vt 0.0827929974 0.194684997
vt 0.0949039981 0.194684997
vt 0.107015997 0.158351004
vt 0.107015997 0.176517993
vt 0.119126998 0.176517993
vt 0.119126998 0.158350006
vt 0.255465001 0.282770991
vt 0.255465001 0.30093801
vt 0.267576009 0.30093801
vt 0.267576009 0.282770991
vt 0.255465001 0.282770991
vt 0.267576009 0.282770991
vt 0.267576009 0.264604002
vt 0.255465001 0.264604002
vt 0.279688001 0.282770991
vt 0.267576009 0.282770991
vt 0.267576009 0.30093801
vt 0.279688001 0.30093801
vt 0.255465001 0.264604002
vt 0.243352994 0.264604002
vt 0.243352994 0.282770991
vt 0.255465001 0.282770991
vt 0.255465001 0.282770991
vt 0.243352994 0.282770991
vt 0.243352994 0.30093801
vt 0.255465001 0.30093801
vt 0.267576009 0.264604002
vt 0.267576009 0.282770991
vt 0.279688001 0.282770991
vt 0.279688001 0.264604002
vt 0.633253992 0.263882011
vt 0.633253992 0.282049
vt 0.645366013 0.282049
vt 0.645366013 0.263882011
vt 0.633253992 0.263882011
vt 0.645366013 0.263882011
vt 0.645366013 0.245713994
vt 0.633253992 0.245713994
vt 0.657477021 0.263882011
vt 0.645366013 0.263882011
vt 0.645366013 0.282049
vt 0.657477021 0.282049
vt 0.633253992 0.245713994
vt 0.62114203 0.245713994
vt 0.62114203 0.263882011
vt 0.633253992 0.263882011
vt 0.633253992 0.263882011
vt 0.62114203 0.263882011
vt 0.62114203 0.282049
vt 0.633253992 0.282049
vt 0.645366013 0.245713994
vt 0.645366013 0.263882011
vt 0.657477021 0.263882011
vt 0.657477021 0.245713994
vt 0.250741988 0.261519998
vt 0.250741988 0.279688001
vt 0.26285401 0.279688001
vt 0.26285401 0.261519998
vt 0.250741988 0.261519998
vt 0.26285401 0.261519998
vt 0.26285401 0.243352994
vt 0.250741988 0.243352994
vt 0.274964988 0.261519998
vt 0.26285401 0.261519998
vt 0.26285401 0.279688001
vt 0.274964988 0.279688001
vt 0.250741988 0.243352994
vt 0.238630995 0.243352994
vt 0.238630995 0.261519998
vt 0.250741988 0.261519998
vt 0.250741988 0.261519998
vt 0.238630995 0.261519998
vt 0.238630995 0.279688001
vt 0.250741988 0.279688001
vt 0.26285401 0.243352994
vt 0.26285401 0.261519998
vt 0.274966002 0.261519998
vt 0.274966002 0.243352994
vt 0.727701008 0.672366023
vt 0.727701008 0.690533996
vt 0.73981303 0.690533996
vt 0.73981303 0.672366023
vt 0.727701008 0.672366023
vt 0.73981303 0.672366023
vt 0.73981303 0.654199004
vt 0.727701008 0.654199004
vt 0.751923978 0.672366023
vt 0.73981303 0.672366023
vt 0.73981303 0.690533996
vt 0.751923978 0.690533996
vt 0.727701008 0.654199004
vt 0.71559 0.654199004
vt 0.71559 0.672366023
vt 0.727701008 0.672366023
vt 0.727701008 0.672366023
vt 0.71559 0.672366023
vt 0.71559 0.690533996
vt 0.727701008 0.690533996
vt 0.73981303 0.654199004
vt 0.73981303 0.672366023
vt 0.751924992 0.672366023
vt 0.751924992 0.654199004
vt 0.260798007 0.72667402
vt 0.248686999 0.72667402
vt 0.248686999 0.74484098
vt 0.260798007 0.74484098
vt 0.248686999 0.708505988
vt 0.260798007 0.72667402
vt 0.260798007 0.708505988
vt 0.248686999 0.72667402
vt 0.236575007 0.72667402
vt 0.224463999 0.74484098
vt 0.236575007 0.74484098
vt 0.224463999 0.72667402
vt 0.236575007 0.708505988
vt 0.224463999 0.72667402
vt 0.236575007 0.72667402
vt 0.224463999 0.708505988
vt 0.236575007 0.72667402
vt 0.248686999 0.708505988
vt 0.236575007 0.708505988
vt 0.248686999 0.72667402
vt 0.236575007 0.72667402
vt 0.236575007 0.74484098
vt 0.248686999 0.74484098
vt 0.248686999 0.72667402
vt 0.681088984 0.693616986
vt 0.668977022 0.693616986
vt 0.668977022 0.711784005
vt 0.681088984 0.711784005
vt 0.681088984 0.693616986
vt 0.668977022 0.693616986
vt 0.668977022 0.711784005
vt 0.681088984 0.711784005
vt 0.668977022 0.675450027
vt 0.681088984 0.693616986
vt 0.681088984 0.675450027
vt 0.668977022 0.693616986
vt 0.656866014 0.693616986
vt 0.644753993 0.711784005
vt 0.656866014 0.711784005
vt 0.644753993 0.693616986
vt 0.656866014 0.675450027
vt 0.644753993 0.693616986
vt 0.656866014 0.693616986
vt 0.644753993 0.675450027
vt 0.668977022 0.675450027
vt 0.681088984 0.693616986
vt 0.681088984 0.675450027
vt 0.668977022 0.693616986
vt 0.656866014 0.693616986
vt 0.644753993 0.711784005
vt 0.656866014 0.711784005
vt 0.644753993 0.693616986
vt 0.656866014 0.675450027
vt 0.644753993 0.693616986
vt 0.656866014 0.693616986
vt 0.644753993 0.675450027
vt 0.656866014 0.693616986
vt 0.668977022 0.675450027
vt 0.656866014 0.675450027
vt 0.668977022 0.693616986
vt 0.656866014 0.693616986
vt 0.656866014 0.711784005
vt 0.668977022 0.711784005
vt 0.668977022 0.693616986
vt 0.656866014 0.693616986
vt 0.668977022 0.675450027
vt 0.656866014 0.675450027
vt 0.668977022 0.693616986
vt 0.656866014 0.693616986
vt 0.656866014 0.711784005
vt 0.668977022 0.711784005
vt 0.668977022 0.693616986
vt 1 0.999999881
vt 1.1920929E-07 1
vt 0 8.94069672E-08
vt 0.999999881 0
vt 1 0.999999881
vt 0.999999881 0
vt 0 8.94069672E-08
vt 1.1920929E-07 1
vt 1 0.999999881
vt 0.999999881 0
vt 0 8.94069672E-08
vt 1.1920929E-07 1
vt 1 0.999999881
vt 0.999999881 0
vt 0 8.94069672E-08
vt 1.1920929E-07 1
vt 1 0.999999881
vt 1.1920929E-07 1
vt 0 8.94069672E-08
vt 0.999999881 0
vt 0.0148712993 0.990482569
vt 0.993948936 0.989196539
vt 0.992663264 0.0101191998
vt 0.0135855675 0.0114048421
vt 1 0.999999881
vt 1.1920929E-07 1
vt 0 8.94069672E-08
vt 0.999999881 0
vt 1 0.999999881
vt 1.1920929E-07 1
vt 0 8.94069672E-08
vt 0.999999881 0
vt 0.992153406 0.995344996
vt 0.0108450353 0.99055326
vt 0.015637517 0.00924441218
vt 0.996945262 0.0140365362
vt 0.992896318 0.98011601
vt 0.979290843 0.006264925
vt 0.00543957949 0.0198702514
vt 0.0190452039 0.993721724
vt 0.992896318 0.98011601
vt 0.979290843 0.006264925
vt 0.00543957949 0.0198702514
vt 0.0190452039 0.993721724
vt 1 0.999999881
vt 0.999999881 0
vt 0 8.94069672E-08
vt 1.1920929E-07 1
vt 1 0.999999881
vt 0.999999881 0
vt 0 8.94069672E-08
vt 1.1920929E-07 1
vt 1 0.999999881
vt 0.999999881 0
vt 0 8.94069672E-08
vt 1.1920929E-07 1
vt 1 0.999999881
vt 0.999999881 0
vt 0 8.94069672E-08
vt 1.1920929E-07 1
vt 1 0.999999881
vt 0.999999881 0
vt 0 8.94069672E-08
vt 1.1920929E-07 1
vt 1 0.999999881
vt 0.999999881 0
vt 0 8.94069672E-08
vt 1.1920929E-07 1
vt 1 0.999999881
vt 0.999999881 0
vt 0 8.94069672E-08
vt 1.1920929E-07 1
vt 1 0.999999881
vt 0.999999881 0
vt 0 8.94069672E-08
vt 1.1920929E-07 1
vt 1 0.999999881
vt 0.999999881 0
vt 0 8.94069672E-08
vt 1.1920929E-07 1
vt 1 0.999999881
vt 0.999999881 0
vt 0 8.94069672E-08
vt 1.1920929E-07 1
vt 1 0.999999881
vt 0.999999881 0
vt 0 8.94069672E-08
vt 1.1920929E-07 1
vt 1 0.999999881
vt 0.999999881 0
vt 0 8.94069672E-08
vt 1.1920929E-07 1
vt 0.989429712 0.00537222624
vt 0.0148335099 0.011397332
vt 0.0208576024 0.985992908
vt 0.995453954 0.979968905
vt 0.0146844387 0.00842878222
vt 0.0179846883 0.990157604
vt 0.999713302 0.98685807
vt 0.99641335 0.00512897968
vn -0.499490 0.865142 -0.045166
vn -0.499490 0.865142 -0.045166
vn -0.499757 0.865605 -0.031149
vn -0.499757 0.865605 -0.031149
vn -0.499927 0.865898 -0.017127
vn -0.499927 0.865898 -0.017127
vn -0.998979 0.000000 -0.045166
vn -0.998979 0.000000 -0.045166
vn -0.999515 0.000000 -0.031150
vn -0.999515 0.000000 -0.031150
vn -0.999853 0.000000 -0.017127
vn -0.999853 0.000000 -0.017127
vn -0.499490 -0.865142 -0.045166
vn -0.499490 -0.865142 -0.045166
vn -0.499757 -0.865605 -0.031150
vn -0.499757 -0.865605 -0.031150
vn -0.499926 -0.865898 -0.017127
vn -0.499926 -0.865898 -0.017127
vn 0.499490 -0.865142 -0.045166
vn 0.499490 -0.865142 -0.045166
vn 0.499757 -0.865605 -0.031150
vn 0.499757 -0.865605 -0.031150
vn 0.499927 -0.865898 -0.017127
vn 0.499927 -0.865898 -0.017127
vn 0.499757 0.865605 -0.031149
vn 0.499927 0.865898 -0.017127
vn 0.499927 0.865898 -0.017127
vn 0.499757 0.865605 -0.031149
vn 0.499490 0.865142 -0.045166
vn 0.499490 0.865142 -0.045166
vn 0.998979 0.000000 -0.045166
vn 0.998979 0.000000 -0.045166
vn 0.999515 0.000000 -0.031149
vn 0.999515 0.000000 -0.031149
vn 0.999853 0.000000 -0.017127
vn 0.999853 0.000000 -0.017127
vn -0.000000 0.000000 -1.000000
vn -0.000000 0.000000 -1.000000
vn -0.000000 0.000000 -1.000000
vn -0.000000 0.000000 -1.000000
vn -0.000000 0.000000 -1.000000
vn -0.000000 0.000000 -1.000000
vn -0.087675 -0.600082 -0.795120
vn -0.087675 -0.600082 -0.795120
vn -0.087675 -0.600082 -0.795120
vn -0.087675 -0.600082 -0.795120
vn 0.087671 0.600085 0.795118
vn 0.087671 0.600085 0.795118
vn 0.087671 0.600085 0.795118
vn 0.087671 0.600085 0.795118
vn 0.627777 -0.653026 0.423620
vn 0.627777 -0.653026 0.423620
vn 0.627777 -0.653026 0.423620
vn 0.627777 -0.653026 0.423620
vn -0.773442 -0.462017 0.433967
vn -0.773442 -0.462017 0.433967
vn -0.773442 -0.462017 0.433967
vn -0.773442 -0.462017 0.433967
vn -0.627774 0.653026 -0.423624
vn -0.627774 0.653026 -0.423624
vn -0.627774 0.653026 -0.423624
vn -0.627774 0.653026 -0.423624
vn 0.773442 0.462016 -0.433968
vn 0.773442 0.462016 -0.433968
vn 0.773442 0.462016 -0.433968
vn 0.773442 0.462016 -0.433968
vn -0.163154 0.618748 0.768461
vn -0.163154 0.618748 0.768461
vn -0.163154 0.618748 0.768461
vn -0.163154 0.618748 0.768461
vn 0.163154 -0.618747 -0.768461
vn 0.163154 -0.618747 -0.768461
vn 0.163154 -0.618747 -0.768461
vn 0.163154 -0.618747 -0.768461
vn -0.948862 0.114957 -0.294017
vn -0.948862 0.114957 -0.294017
vn -0.948862 0.114957 -0.294017
vn -0.948862 0.114957 -0.294017
vn -0.270261 -0.777134 0.568350
vn -0.270261 -0.777134 0.568350
vn -0.270261 -0.777134 0.568350
vn -0.270261 -0.777134 0.568350
vn 0.948862 -0.114957 0.294016
vn 0.948862 -0.114957 0.294016
vn 0.948862 -0.114957 0.294016
vn 0.948862 -0.114957 0.294016
vn 0.270262 0.777134 -0.568350
vn 0.270262 0.777134 -0.568350
vn 0.270262 0.777134 -0.568350
vn 0.270262 0.777134 -0.568350
vn -0.566697 -0.346697 0.747433
vn -0.566697 -0.346697 0.747433
vn -0.566697 -0.346697 0.747433
vn -0.566697 -0.346697 0.747433
vn 0.566698 0.346695 -0.747433
vn 0.566698 0.346695 -0.747433
vn 0.566698 0.346695 -0.747433
vn 0.566698 0.346695 -0.747433
vn -0.776615 0.527745 -0.344028
vn -0.776615 0.527745 -0.344028
vn -0.776615 0.527745 -0.344028
vn -0.776615 0.527745 -0.344028
vn -0.275181 -0.775427 -0.568321
vn -0.275181 -0.775427 -0.568321
vn -0.275181 -0.775427 -0.568321
vn -0.275181 -0.775427 -0.568321
vn 0.776614 -0.527744 0.344030
vn 0.776614 -0.527744 0.344030
vn 0.776614 -0.527744 0.344030
vn 0.776614 -0.527744 0.344030
vn 0.275180 0.775428 0.568320
vn 0.275180 0.775428 0.568320
vn 0.275180 0.775428 0.568320
vn 0.275180 0.775428 0.568320
vn 0.490760 -0.173050 -0.853937
vn 0.490760 -0.173050 -0.853937
vn 0.490760 -0.173050 -0.853937
vn 0.490760 -0.173050 -0.853937
vn -0.490757 0.173049 0.853939
vn -0.490757 0.173049 0.853939
vn -0.490757 0.173049 0.853939
vn -0.490757 0.173049 0.853939
vn -0.792695 0.318121 -0.520032
vn -0.792695 0.318121 -0.520032
vn -0.792695 0.318121 -0.520032
vn -0.792695 0.318121 -0.520032
vn 0.361649 0.932122 0.018942
vn 0.361649 0.932122 0.018942
vn 0.361649 0.932122 0.018942
vn 0.361649 0.932122 0.018942
vn 0.792695 -0.318125 0.520029
vn 0.792695 -0.318125 0.520029
vn 0.792695 -0.318125 0.520029
vn 0.792695 -0.318125 0.520029
vn -0.361651 -0.932121 -0.018945
vn -0.361651 -0.932121 -0.018945
vn -0.361651 -0.932121 -0.018945
vn -0.361651 -0.932121 -0.018945
vn -0.162784 -0.836206 0.523700
vn -0.162784 -0.836206 0.523700
vn -0.162784 -0.836206 0.523700
vn -0.162784 -0.836206 0.523700
vn 0.162786 0.836204 -0.523702
vn 0.162786 0.836204 -0.523702
vn 0.162786 0.836204 -0.523702
vn 0.162786 0.836204 -0.523702
vn -0.229264 0.548309 0.804236
vn -0.229264 0.548309 0.804236
vn -0.229264 0.548309 0.804236
vn -0.229264 0.548309 0.804236
vn -0.959656 0.010849 -0.280968
vn -0.959656 0.010849 -0.280968
vn -0.959656 0.010849 -0.280968
vn -0.959656 0.010849 -0.280968
vn 0.229265 -0.548311 -0.804234
vn 0.229265 -0.548311 -0.804234
vn 0.229265 -0.548311 -0.804234
vn 0.229265 -0.548311 -0.804234
vn 0.959655 -0.010850 0.280970
vn 0.959655 -0.010850 0.280970
vn 0.959655 -0.010850 0.280970
vn 0.959655 -0.010850 0.280970
vn -0.335162 0.184781 -0.923863
vn -0.335162 0.184781 -0.923863
vn -0.335162 0.184781 -0.923863
vn -0.335162 0.184781 -0.923863
vn 0.335162 -0.184777 0.923863
vn 0.335162 -0.184777 0.923863
vn 0.335162 -0.184777 0.923863
vn 0.335162 -0.184777 0.923863
vn 0.322225 -0.898966 -0.296700
vn 0.322225 -0.898966 -0.296700
vn 0.322225 -0.898966 -0.296700
vn 0.322225 -0.898966 -0.296700
vn -0.885347 -0.397132 0.241756
vn -0.885347 -0.397132 0.241756
vn -0.885347 -0.397132 0.241756
vn -0.885347 -0.397132 0.241756
vn -0.322225 0.898968 0.296696
vn -0.322225 0.898968 0.296696
vn -0.322225 0.898968 0.296696
vn -0.322225 0.898968 0.296696
vn 0.885347 0.397131 -0.241759
vn 0.885347 0.397131 -0.241759
vn 0.885347 0.397131 -0.241759
vn 0.885347 0.397131 -0.241759
vn -0.678808 -0.508775 0.529498
vn -0.678808 -0.508775 0.529498
vn -0.678808 -0.508775 0.529498
vn -0.678808 -0.508775 0.529498
vn 0.678809 0.508777 -0.529495
vn 0.678809 0.508777 -0.529495
vn 0.678809 0.508777 -0.529495
vn 0.678809 0.508777 -0.529495
vn -0.080044 -0.665514 -0.742081
vn -0.080044 -0.665514 -0.742081
vn -0.080044 -0.665514 -0.742081
vn -0.080044 -0.665514 -0.742081
vn 0.729939 -0.546113 0.411035
vn 0.729939 -0.546113 0.411035
vn 0.729939 -0.546113 0.411035
vn 0.729939 -0.546113 0.411035
vn 0.080039 0.665515 0.742080
vn 0.080039 0.665515 0.742080
vn 0.080039 0.665515 0.742080
vn 0.080039 0.665515 0.742080
vn -0.729940 0.546110 -0.411037
vn -0.729940 0.546110 -0.411037
vn -0.729940 0.546110 -0.411037
vn -0.729940 0.546110 -0.411037
vn -0.214836 0.814553 0.538841
vn -0.214836 0.814553 0.538841
vn -0.214836 0.814553 0.538841
vn -0.214836 0.814553 0.538841
vn 0.214838 -0.814552 -0.538841
vn 0.214838 -0.814552 -0.538841
vn 0.214838 -0.814552 -0.538841
vn 0.214838 -0.814552 -0.538841
vn -0.672677 -0.523406 0.523021
vn -0.672677 -0.523406 0.523021
vn -0.672677 -0.523406 0.523021
vn -0.672677 -0.523406 0.523021
vn 0.708061 -0.250101 0.660378
vn 0.708061 -0.250101 0.660378
vn 0.708061 -0.250101 0.660378
vn 0.708061 -0.250101 0.660378
vn 0.672676 0.523408 -0.523022
vn 0.672676 0.523408 -0.523022
vn 0.672676 0.523408 -0.523022
vn 0.672676 0.523408 -0.523022
vn -0.708061 0.250102 -0.660378
vn -0.708061 0.250102 -0.660378
vn -0.708061 0.250102 -0.660378
vn -0.708061 0.250102 -0.660378
vn -0.114340 0.796032 -0.594357
vn -0.114340 0.796032 -0.594357
vn -0.114340 0.796032 -0.594357
vn -0.114340 0.796032 -0.594357
vn 0.114341 -0.796033 0.594355
vn 0.114341 -0.796033 0.594355
vn 0.114341 -0.796033 0.594355
vn 0.114341 -0.796033 0.594355
vn -0.725290 0.341952 0.597515
vn -0.725290 0.341952 0.597515
vn -0.725290 0.341952 0.597515
vn -0.725290 0.341952 0.597515
vn 0.678882 0.499401 0.538254
vn 0.678882 0.499401 0.538254
vn 0.678882 0.499401 0.538254
vn 0.678882 0.499401 0.538254
vn 0.725288 -0.341954 -0.597516
vn 0.725288 -0.341954 -0.597516
vn 0.725288 -0.341954 -0.597516
vn 0.725288 -0.341954 -0.597516
vn -0.678883 -0.499401 -0.538254
vn -0.678883 -0.499401 -0.538254
vn -0.678883 -0.499401 -0.538254
vn -0.678883 -0.499401 -0.538254
vn -0.400027 0.522355 0.753076
vn -0.400027 0.522355 0.753076
vn -0.400027 0.522355 0.753076
vn -0.400027 0.522355 0.753076
vn 0.400030 -0.522354 -0.753075
vn 0.400030 -0.522354 -0.753075
vn 0.400030 -0.522354 -0.753075
vn 0.400030 -0.522354 -0.753075
vn -0.665664 -0.730393 0.153027
vn -0.665664 -0.730393 0.153027
vn -0.665664 -0.730393 0.153027
vn -0.665664 -0.730393 0.153027
vn 0.629975 -0.440078 0.639892
vn 0.629975 -0.440078 0.639892
vn 0.629975 -0.440078 0.639892
vn 0.629975 -0.440078 0.639892
vn 0.665662 0.730395 -0.153028
vn 0.665662 0.730395 -0.153028
vn 0.665662 0.730395 -0.153028
vn 0.665662 0.730395 -0.153028
vn -0.629977 0.440079 -0.639890
vn -0.629977 0.440079 -0.639890
vn -0.629977 0.440079 -0.639890
vn -0.629977 0.440079 -0.639890
vn 0.872534 -0.465154 0.149389
vn 0.872534 -0.465154 0.149389
vn 0.872534 -0.465154 0.149389
vn 0.872534 -0.465154 0.149389
vn -0.872532 0.465156 -0.149391
vn -0.872532 0.465156 -0.149391
vn -0.872532 0.465156 -0.149391
vn -0.872532 0.465156 -0.149391
vn -0.478840 -0.753551 0.450415
vn -0.478840 -0.753551 0.450415
vn -0.478840 -0.753551 0.450415
vn -0.478840 -0.753551 0.450415
vn -0.096936 -0.464536 -0.880233
vn -0.096936 -0.464536 -0.880233
vn -0.096936 -0.464536 -0.880233
vn -0.096936 -0.464536 -0.880233
vn 0.478843 0.753551 -0.450412
vn 0.478843 0.753551 -0.450412
vn 0.478843 0.753551 -0.450412
vn 0.478843 0.753551 -0.450412
vn 0.096937 0.464533 0.880234
vn 0.096937 0.464533 0.880234
vn 0.096937 0.464533 0.880234
vn 0.096937 0.464533 0.880234
vn -0.850405 -0.465471 0.245250
vn -0.850405 -0.465471 0.245250
vn -0.850405 -0.465471 0.245250
vn -0.850405 -0.465471 0.245250
vn 0.850407 0.465468 -0.245251
vn 0.850407 0.465468 -0.245251
vn 0.850407 0.465468 -0.245251
vn 0.850407 0.465468 -0.245251
vn -0.342700 0.843752 0.413085
vn -0.342700 0.843752 0.413085
vn -0.342700 0.843752 0.413085
vn -0.342700 0.843752 0.413085
vn -0.399208 0.267242 -0.877049
vn -0.399208 0.267242 -0.877049
vn -0.399208 0.267242 -0.877049
vn -0.399208 0.267242 -0.877049
vn 0.342700 -0.843754 -0.413082
vn 0.342700 -0.843754 -0.413082
vn 0.342700 -0.843754 -0.413082
vn 0.342700 -0.843754 -0.413082
vn 0.399209 -0.267240 0.877049
vn 0.399209 -0.267240 0.877049
vn 0.399209 -0.267240 0.877049
vn 0.399209 -0.267240 0.877049
vn 0.653120 0.514259 -0.555852
vn 0.653120 0.514259 -0.555852
vn 0.653120 0.514259 -0.555852
vn 0.653120 0.514259 -0.555852
vn -0.093416 -0.673712 -0.733066
vn -0.093416 -0.673712 -0.733066
vn -0.093416 -0.673712 -0.733066
vn -0.093416 -0.673712 -0.733066
vn -0.653119 -0.514263 0.555851
vn -0.653119 -0.514263 0.555851
vn -0.653119 -0.514263 0.555851
vn -0.653119 -0.514263 0.555851
vn 0.093417 0.673712 0.733066
vn 0.093417 0.673712 0.733066
vn 0.093417 0.673712 0.733066
vn 0.093417 0.673712 0.733066
vn -0.751472 0.530703 -0.391975
vn -0.751472 0.530703 -0.391975
vn -0.751472 0.530703 -0.391975
vn -0.751472 0.530703 -0.391975
vn 0.751471 -0.530704 0.391975
vn 0.751471 -0.530704 0.391975
vn 0.751471 -0.530704 0.391975
vn 0.751471 -0.530704 0.391975
vn -0.400981 0.766305 0.501987
vn -0.400981 0.766305 0.501987
vn -0.400981 0.766305 0.501987
vn -0.400981 0.766305 0.501987
vn -0.425897 -0.029789 -0.904281
vn -0.425897 -0.029789 -0.904281
vn -0.425897 -0.029789 -0.904281
vn -0.425897 -0.029789 -0.904281
vn 0.797282 0.022048 0.603205
vn 0.797282 0.022048 0.603205
vn 0.797282 0.022048 0.603205
vn 0.797282 0.022048 0.603205
vn 0.400981 -0.766307 -0.501984
vn 0.400981 -0.766307 -0.501984
vn 0.400981 -0.766307 -0.501984
vn 0.400981 -0.766307 -0.501984
vn -0.797282 -0.022046 -0.603205
vn -0.797282 -0.022046 -0.603205
vn -0.797282 -0.022046 -0.603205
vn -0.797282 -0.022046 -0.603205
vn 0.143389 0.984604 -0.099971
vn 0.143389 0.984604 -0.099971
vn 0.143389 0.984604 -0.099971
vn 0.143389 0.984604 -0.099971
vn 0.425895 0.029792 0.904282
vn 0.425895 0.029792 0.904282
vn 0.425895 0.029792 0.904282
vn 0.425895 0.029792 0.904282
vn -0.143390 -0.984604 0.099971
vn -0.143390 -0.984604 0.099971
vn -0.143390 -0.984604 0.099971
vn -0.143390 -0.984604 0.099971
vn 0.451173 0.642096 -0.619803
vn 0.451173 0.642096 -0.619803
vn 0.451173 0.642096 -0.619803
vn 0.451173 0.642096 -0.619803
vn -0.451175 -0.642097 0.619801
vn -0.451175 -0.642097 0.619801
vn -0.451175 -0.642097 0.619801
vn -0.451175 -0.642097 0.619801
vn 0.893338 -0.172241 -0.415066
vn 0.893338 -0.172241 -0.415066
vn 0.893338 -0.172241 -0.415066
vn 0.893338 -0.172241 -0.415066
vn -0.893337 0.172239 0.415069
vn -0.893337 0.172239 0.415069
vn -0.893337 0.172239 0.415069
vn -0.893337 0.172239 0.415069
vn -0.171776 -0.209083 -0.962693
vn 0.156079 0.235292 -0.959311
vn 0.422680 0.578572 -0.697564
vn -0.412784 -0.553734 -0.723179
vn 0.429365 0.317269 -0.845568
vn 0.163042 -0.080715 -0.983312
vn -0.241519 0.061617 -0.968438
vn -0.194600 0.478394 -0.856312
vn -0.632675 -0.349841 -0.690894
vn -0.239377 0.119443 -0.963552
vn 0.245108 -0.133150 -0.960309
vn 0.127429 -0.728574 -0.673010
vn 0.951953 0.242685 -0.186789
vn 0.423426 -0.579710 -0.696166
vn -0.574668 0.336050 -0.746209
vn 0.237602 0.951796 -0.193986
vn -0.447440 -0.683980 -0.576168
vn 0.424357 -0.711288 -0.560349
vn 0.362228 0.034972 -0.931433
vn -0.341040 0.072993 -0.937211
vn 0.064520 -0.269792 -0.960755
vn -0.256719 0.012184 -0.966409
vn -0.148753 0.117425 -0.981878
vn 0.083387 -0.100437 -0.991443
vn -0.281282 0.044273 -0.958603
vn 0.267513 -0.017345 -0.963398
vn 0.706861 -0.055592 -0.705164
vn -0.691618 0.101903 -0.715038
vn -0.117583 0.265465 -0.956923
vn 0.103333 -0.240484 -0.965137
vn 0.297359 -0.629363 -0.717969
vn -0.266229 0.660288 -0.702240
vn 0.101439 -0.004736 -0.994830
vn -0.373792 -0.061767 -0.925453
vn -0.386955 -0.499518 -0.775079
vn 0.515538 -0.252509 -0.818816
vn 0.004419 -0.073870 -0.997258
vn 0.012646 -0.095210 -0.995377
vn -0.033167 0.099299 -0.994505
vn -0.030289 0.073624 -0.996826
vn -0.086614 -0.017400 -0.996090
vn -0.107455 -0.020820 -0.993992
vn 0.087122 0.024976 -0.995885
vn 0.060791 0.017292 -0.998001
vn 0.277158 -0.949898 -0.144490
vn -0.376983 -0.384624 -0.842584
vn 0.392896 0.426908 -0.814483
vn 0.968073 -0.204212 -0.145366
vn 0.816788 -0.243906 -0.522845
vn 0.038760 -0.365909 -0.929843
vn -0.155618 0.349651 -0.923865
vn 0.583556 0.620291 -0.524119
vn 0.770969 -0.039230 -0.635663
vn 0.118514 -0.241168 -0.963220
vn -0.196884 0.262281 -0.944693
vn 0.256206 0.744554 -0.616439
vn 0.018501 -0.436225 -0.899648
vn -0.154659 -0.086469 -0.984177
vn 0.196949 0.161976 -0.966941
vn 0.453143 -0.108452 -0.884816
vn 0.091727 -0.200338 -0.975423
vn -0.032929 -0.097929 -0.994648
vn 0.051572 0.112696 -0.992290
vn 0.185440 0.105830 -0.976940
vn 0.053596 0.214557 -0.975240
vn 0.050090 0.063724 -0.996710
vn -0.138822 -0.007032 -0.990292
vn -0.243312 0.101468 -0.964626
vn -0.236944 -0.015786 -0.971395
vn -0.108018 0.055499 -0.992599
vn 0.042334 -0.079178 -0.995961
vn 0.000520 -0.228804 -0.973472
vn -0.466495 0.056173 -0.882739
vn -0.109080 0.184996 -0.976667
vn 0.089484 -0.204902 -0.974683
vn -0.233361 -0.403619 -0.884666
vn -0.695998 0.276721 -0.662580
vn -0.067047 0.280449 -0.957524
vn 0.079295 -0.272624 -0.958848
vn -0.459283 -0.597962 -0.656887
vn -0.106367 0.851597 -0.513292
vn 0.358866 0.128667 -0.924478
vn -0.341363 -0.321085 -0.883389
vn -0.845736 0.254255 -0.469131
vn -0.859259 -0.442290 -0.257009
vn -0.414355 0.567365 -0.711623
vn 0.704662 0.003452 -0.709535
vn 0.160475 -0.953160 -0.256387
vn -0.481825 0.850138 -0.212390
vn 0.392751 0.559104 -0.730171
vn -0.259167 -0.586742 -0.767181
vn -0.975443 0.031976 -0.217919
vn -0.033421 0.092861 -0.995118
vn 0.038605 0.310766 -0.949702
vn 0.213398 -0.048088 -0.975781
vn 0.082979 -0.168107 -0.982270
vn -0.078306 -0.091329 -0.992737
vn -0.294118 -0.175855 -0.939452
vn -0.149263 0.239503 -0.959353
vn 0.052643 0.209107 -0.976475
f 1/1/1 2/2/2 3/3/3
f 1/1/1 3/3/3 4/4/4
f 3/3/3 5/5/5 4/4/4
f 3/3/3 6/6/6 5/5/5
f 7/7/7 8/8/8 9/9/9
f 7/7/7 9/9/9 10/10/10
f 9/9/9 11/11/11 10/10/10
f 9/9/9 12/12/12 11/11/11
f 13/13/13 14/14/14 15/15/15
f 13/13/13 15/15/15 16/16/16
f 15/15/15 17/17/17 16/16/16
f 15/15/15 18/18/18 17/17/17
f 19/19/19 20/20/20 21/21/21
f 19/19/19 21/21/21 22/22/22
f 21/21/21 23/23/23 22/22/22
f 21/21/21 24/24/24 23/23/23
f 25/25/25 26/26/26 27/27/27
f 25/25/25 27/27/27 28/28/28
f 29/29/29 25/25/25 28/28/28
f 29/29/29 30/30/30 25/25/25
f 31/31/31 32/32/32 33/33/33
f 31/31/31 33/33/33 34/34/34
f 33/33/33 35/35/35 34/34/34
f 33/33/33 36/36/36 35/35/35
f 37/37/37 38/38/38 39/39/39
f 39/39/39 40/40/40 37/37/37
f 40/40/40 41/41/41 37/37/37
f 40/40/40 42/42/42 41/41/41
f 43/43/43 44/44/44 45/45/45
f 43/43/43 45/45/45 46/46/46
f 47/47/47 48/48/48 49/49/49
f 47/47/47 49/49/49 50/50/50
f 51/51/51 52/52/52 53/53/53
f 51/51/51 53/53/53 54/54/54
f 55/55/55 56/56/56 57/57/57
f 55/55/55 57/57/57 58/58/58
f 59/59/59 60/60/60 61/61/61
f 59/59/59 61/61/61 62/62/62
f 63/63/63 64/64/64 65/65/65
f 63/63/63 65/65/65 66/66/66
f 67/67/67 68/68/68 69/69/69
f 67/67/67 69/69/69 70/70/70
f 71/71/71 72/72/72 73/73/73
f 71/71/71 73/73/73 74/74/74
f 75/75/75 76/76/76 77/77/77
f 75/75/75 77/77/77 78/78/78
f 79/79/79 80/80/80 81/81/81
f 79/79/79 81/81/81 82/82/82
f 83/83/83 84/84/84 85/85/85
f 83/83/83 85/85/85 86/86/86
f 87/87/87 88/88/88 89/89/89
f 87/87/87 89/89/89 90/90/90
f 91/91/91 92/92/92 93/93/93
f 91/91/91 93/93/93 94/94/94
f 95/95/95 96/96/96 97/97/97
f 95/95/95 97/97/97 98/98/98
f 99/99/99 100/100/100 101/101/101
f 99/99/99 101/101/101 102/102/102
f 103/103/103 104/104/104 105/105/105
f 103/103/103 105/105/105 106/106/106
f 107/107/107 108/108/108 109/109/109
f 107/107/107 109/109/109 110/110/110
f 111/111/111 112/112/112 113/113/113
f 111/111/111 113/113/113 114/114/114
f 115/115/115 116/116/116 117/117/117
f 115/115/115 117/117/117 118/118/118
f 119/119/119 120/120/120 121/121/121
f 119/119/119 121/121/121 122/122/122
f 123/123/123 124/124/124 125/125/125
f 123/123/123 125/125/125 126/126/126
f 127/127/127 128/128/128 129/129/129
f 127/127/127 129/129/129 130/130/130
f 131/131/131 132/132/132 133/133/133
f 131/131/131 133/133/133 134/134/134
f 135/135/135 136/136/136 137/137/137
f 135/135/135 137/137/137 138/138/138
f 139/139/139 140/140/140 141/141/141
f 139/139/139 141/141/141 142/142/142
f 143/143/143 144/144/144 145/145/145
f 143/143/143 145/145/145 146/146/146
f 147/147/147 148/148/148 149/149/149
f 147/147/147 149/149/149 150/150/150
f 151/151/151 152/152/152 153/153/153
f 151/151/151 153/153/153 154/154/154
f 155/155/155 156/156/156 157/157/157
f 155/155/155 157/157/157 158/158/158
f 159/159/159 160/160/160 161/161/161
f 159/159/159 161/161/161 162/162/162
f 163/163/163 164/164/164 165/165/165
f 163/163/163 165/165/165 166/166/166
f 167/167/167 168/168/168 169/169/169
f 167/167/167 169/169/169 170/170/170
f 171/171/171 172/172/172 173/173/173
f 171/171/171 173/173/173 174/174/174
f 175/175/175 176/176/176 177/177/177
f 175/175/175 177/177/177 178/178/178
f 179/179/179 180/180/180 181/181/181
f 179/179/179 181/181/181 182/182/182
f 183/183/183 184/184/184 185/185/185
f 183/183/183 185/185/185 186/186/186
f 187/187/187 188/188/188 189/189/189
f 187/187/187 189/189/189 190/190/190
f 191/191/191 192/192/192 193/193/193
f 191/191/191 193/193/193 194/194/194
f 195/195/195 196/196/196 197/197/197
f 195/195/195 197/197/197 198/198/198
f 199/199/199 200/200/200 201/201/201
f 199/199/199 201/201/201 202/202/202
f 203/203/203 204/204/204 205/205/205
f 203/203/203 205/205/205 206/206/206
f 207/207/207 208/208/208 209/209/209
f 207/207/207 209/209/209 210/210/210
f 211/211/211 212/212/212 213/213/213
f 211/211/211 213/213/213 214/214/214
f 215/215/215 216/216/216 217/217/217
f 215/215/215 217/217/217 218/218/218
f 219/219/219 220/220/220 221/221/221
f 219/219/219 221/221/221 222/222/222
f 223/223/223 224/224/224 225/225/225
f 223/223/223 225/225/225 226/226/226
f 227/227/227 228/228/228 229/229/229
f 227/227/227 229/229/229 230/230/230
f 231/231/231 232/232/232 233/233/233
f 231/231/231 233/233/233 234/234/234
f 235/235/235 236/236/236 237/237/237
f 235/235/235 237/237/237 238/238/238
f 239/239/239 240/240/240 241/241/241
f 239/239/239 241/241/241 242/242/242
f 243/243/243 244/244/244 245/245/245
f 243/243/243 245/245/245 246/246/246
f 247/247/247 248/248/248 249/249/249
f 247/247/247 249/249/249 250/250/250
f 251/251/251 252/252/252 253/253/253
f 251/251/251 253/253/253 254/254/254
f 255/255/255 256/256/256 257/257/257
f 255/255/255 257/257/257 258/258/258
f 259/259/259 260/260/260 261/261/261
f 259/259/259 261/261/261 262/262/262
f 263/263/263 264/264/264 265/265/265
f 263/263/263 265/265/265 266/266/266
f 267/267/267 268/268/268 269/269/269
f 267/267/267 269/269/269 270/270/270
f 271/271/271 272/272/272 273/273/273
f 271/271/271 273/273/273 274/274/274
f 275/275/275 276/276/276 277/277/277
f 275/275/275 277/277/277 278/278/278
f 279/279/279 280/280/280 281/281/281
f 279/279/279 281/281/281 282/282/282
f 283/283/283 284/284/284 285/285/285
f 283/283/283 285/285/285 286/286/286
f 287/287/287 288/288/288 289/289/289
f 287/287/287 289/289/289 290/290/290
f 291/291/291 292/292/292 293/293/293
f 291/291/291 293/293/293 294/294/294
f 295/295/295 296/296/296 297/297/297
f 295/295/295 297/297/297 298/298/298
f 299/299/299 300/300/300 301/301/301
f 299/299/299 301/301/301 302/302/302
f 303/303/303 304/304/304 305/305/305
f 303/303/303 305/305/305 306/306/306
f 307/307/307 308/308/308 309/309/309
f 307/307/307 309/309/309 310/310/310
f 311/311/311 312/312/312 313/313/313
f 311/311/311 313/313/313 314/314/314
f 315/315/315 316/316/316 317/317/317
f 315/315/315 317/317/317 318/318/318
f 319/319/319 320/320/320 321/321/321
f 319/319/319 321/321/321 322/322/322
f 323/323/323 324/324/324 325/325/325
f 323/323/323 325/325/325 326/326/326
f 327/327/327 328/328/328 329/329/329
f 327/327/327 329/329/329 330/330/330
f 331/331/331 332/332/332 333/333/333
f 331/331/331 332/332/332 333/333/333
f 331/331/331 333/333/333 334/334/334
f 331/331/331 333/333/333 334/334/334
f 335/335/335 336/336/336 337/337/337
f 335/335/335 336/336/336 337/337/337
f 335/335/335 338/338/338 336/336/336
f 335/335/335 338/338/338 336/336/336
f 339/339/339 340/340/340 341/341/341
f 339/339/339 340/340/340 341/341/341
f 339/339/339 342/342/342 340/340/340
f 339/339/339 342/342/342 340/340/340
f 343/343/343 344/344/344 345/345/345
f 343/343/343 344/344/344 345/345/345
f 343/343/343 346/346/346 344/344/344
f 343/343/343 346/346/346 344/344/344
f 347/347/347 348/348/348 349/349/349
f 347/347/347 348/348/348 349/349/349
f 347/347/347 350/350/350 348/348/348
f 347/347/347 350/350/350 348/348/348
f 351/351/351 352/352/352 353/353/353
f 351/351/351 352/352/352 353/353/353
f 351/351/351 353/353/353 354/354/354
f 351/351/351 353/353/353 354/354/354
f 355/355/355 356/356/356 357/357/357
f 355/355/355 356/356/356 357/357/357
f 355/355/355 356/356/356 357/357/357
f 355/355/355 357/357/357 358/358/358
f 355/355/355 357/357/357 358/358/358
f 355/355/355 357/357/357 358/358/358
f 359/359/359 360/360/360 361/361/361
f 359/359/359 360/360/360 361/361/361
f 359/359/359 360/360/360 361/361/361
f 359/359/359 361/361/361 362/362/362
f 359/359/359 361/361/361 362/362/362
f 359/359/359 361/361/361 362/362/362
f 363/363/363 364/364/364 365/365/365
f 363/363/363 364/364/364 365/365/365
f 363/363/363 364/364/364 365/365/365
f 363/363/363 366/366/366 364/364/364
f 363/363/363 366/366/366 364/364/364
f 363/363/363 366/366/366 364/364/364
f 367/367/367 368/368/368 369/369/369
f 367/367/367 368/368/368 369/369/369
f 367/367/367 368/368/368 369/369/369
f 367/367/367 370/370/370 368/368/368
f 367/367/367 370/370/370 368/368/368
f 367/367/367 370/370/370 368/368/368
f 371/371/371 372/372/372 373/373/373
f 371/371/371 372/372/372 373/373/373
f 371/371/371 372/372/372 373/373/373
f 371/371/371 374/374/374 372/372/372
f 371/371/371 374/374/374 372/372/372
f 371/371/371 374/374/374 372/372/372
f 375/375/375 376/376/376 377/377/377
f 375/375/375 376/376/376 377/377/377
f 375/375/375 376/376/376 377/377/377
f 375/375/375 378/378/378 376/376/376
f 375/375/375 378/378/378 376/376/376
f 375/375/375 378/378/378 376/376/376
f 379/379/379 380/380/380 381/381/381
f 379/379/379 380/380/380 381/381/381
f 379/379/379 380/380/380 381/381/381
f 379/379/379 382/382/382 380/380/380
f 379/379/379 382/382/382 380/380/380
f 379/379/379 382/382/382 380/380/380
f 383/383/383 384/384/384 385/385/385
f 383/383/383 384/384/384 385/385/385
f 383/383/383 384/384/384 385/385/385
f 383/383/383 386/386/386 384/384/384
f 383/383/383 386/386/386 384/384/384
f 383/383/383 386/386/386 384/384/384
f 387/387/387 388/388/388 389/389/389
f 387/387/387 388/388/388 389/389/389
f 387/387/387 388/388/388 389/389/389
f 387/387/387 390/390/390 388/388/388
f 387/387/387 390/390/390 388/388/388
f 387/387/387 390/390/390 388/388/388
f 391/391/391 392/392/392 393/393/393
f 391/391/391 392/392/392 393/393/393
f 391/391/391 392/392/392 393/393/393
f 391/391/391 393/393/393 394/394/394
f 391/391/391 393/393/393 394/394/394
f 391/391/391 393/393/393 394/394/394
f 395/395/395 396/396/396 397/397/397
f 395/395/395 396/396/396 397/397/397
f 395/395/395 396/396/396 397/397/397
f 395/395/395 398/398/398 396/396/396
f 395/395/395 398/398/398 396/396/396
f 395/395/395 398/398/398 396/396/396
f 399/399/399 400/400/400 401/401/401
f 399/399/399 400/400/400 401/401/401
f 399/399/399 400/400/400 401/401/401
f 399/399/399 401/401/401 402/402/402
f 399/399/399 401/401/401 402/402/402
f 399/399/399 401/401/401 402/402/402
f 403/403/403 404/404/404 405/405/405
f 403/403/403 405/405/405 406/406/406
f 407/407/407 408/408/408 409/409/409
f 407/407/407 409/409/409 410/410/410
f 411/411/411 412/412/412 413/413/413
f 411/411/411 413/413/413 414/414/414
f 415/415/415 416/416/416 417/417/417
f 415/415/415 417/417/417 418/418/418
f 419/419/419 420/420/420 421/421/421
f 419/419/419 421/421/421 422/422/422
f 423/423/423 424/424/424 425/425/425
f 423/423/423 425/425/425 426/426/426
f 427/427/427 428/428/428 429/429/429
f 427/427/427 429/429/429 430/430/430
f 431/431/431 432/432/432 433/433/433
f 431/431/431 433/433/433 434/434/434
f 435/435/435 436/436/436 437/437/437
f 435/435/435 437/437/437 438/438/438
f 439/439/439 440/440/440 441/441/441
f 439/439/439 441/441/441 442/442/442
f 443/443/443 444/444/444 445/445/445
f 443/443/443 445/445/445 446/446/446
f 447/447/447 448/448/448 449/449/449
f 447/447/447 449/449/449 450/450/450
f 451/451/451 452/452/452 453/453/453
f 451/451/451 453/453/453 454/454/454
f 455/455/455 456/456/456 457/457/457
f 455/455/455 457/457/457 458/458/458
f 459/459/459 460/460/460 461/461/461
f 459/459/459 461/461/461 462/462/462
f 463/463/463 464/464/464 465/465/465
f 463/463/463 465/465/465 466/466/466
f 467/467/467 468/468/468 469/469/469
f 467/467/467 469/469/469 470/470/470
f 471/471/471 472/472/472 473/473/473
f 471/471/471 473/473/473 474/474/474
f 475/475/475 476/476/476 477/477/477
f 475/475/475 477/477/477 478/478/478
f 479/479/479 480/480/480 481/481/481
f 479/479/479 481/481/481 482/482/482
f 483/483/483 484/484/484 485/485/485
f 483/483/483 485/485/485 486/486/486
f 487/487/487 488/488/488 489/489/489
f 487/487/487 489/489/489 490/490/490
f 491/491/491 492/492/492 493/493/493
f 491/491/491 493/493/493 494/494/494
f 495/495/495 496/496/496 497/497/497
f 495/495/495 497/497/497 498/498/498
f 499/499/499 500/500/500 501/501/501
f 499/499/499 501/501/501 502/502/502
