# Unturned item rip -> Godot (X+Z negated, winding reversed, RH Y-up)
v 0.587311 -0.395839 -0.490504
v 0.699800 -0.396743 -0.549682
v 0.684632 -0.311620 -0.579815
v 0.572142 -0.310717 -0.520638
v 0.764708 -0.363913 -0.489615
v 0.801293 -0.269839 -0.282174
v 0.790474 -0.209122 -0.303669
v 0.749540 -0.278790 -0.519749
v 0.699800 -0.396743 -0.549682
v 0.684632 -0.311620 -0.579815
v 0.699800 -0.396743 -0.549682
v 0.587311 -0.395839 -0.490504
v 0.764708 -0.363913 -0.489615
v 0.627350 -0.317736 -0.329908
v 0.801293 -0.269839 -0.282174
v 0.689781 -0.272760 -0.234293
v 0.655603 -0.282519 -0.244649
v 0.611654 -0.306584 -0.290507
v 0.607360 -0.282519 -0.220365
v 0.564772 -0.306584 -0.266907
v 0.065175 -0.282519 0.052557
v 0.037873 -0.306584 -0.001680
v 0.749540 -0.278790 -0.519749
v 0.572142 -0.310717 -0.520638
v 0.684632 -0.311620 -0.579815
v 0.616529 -0.257014 -0.351405
v 0.790474 -0.209122 -0.303669
v 0.678962 -0.212043 -0.255788
v 0.644782 -0.221798 -0.266144
v 0.600834 -0.245863 -0.312002
v 0.596540 -0.221798 -0.241861
v 0.553952 -0.245863 -0.288403
v 0.054354 -0.221797 0.031062
v 0.027053 -0.245863 -0.023175
v 0.678962 -0.212043 -0.255788
v 0.790474 -0.209122 -0.303669
v 0.801293 -0.269839 -0.282174
v 0.689781 -0.272760 -0.234293
v 0.655603 -0.282519 -0.244649
v 0.644782 -0.221798 -0.266144
v 0.572142 -0.310717 -0.520638
v 0.627350 -0.317736 -0.329908
v 0.587311 -0.395839 -0.490504
v 0.616529 -0.257014 -0.351405
v 0.600834 -0.245863 -0.312002
v 0.611654 -0.306584 -0.290507
v 0.564772 -0.306584 -0.266907
v 0.553952 -0.245863 -0.288403
v 0.027053 -0.245863 -0.023175
v 0.037873 -0.306584 -0.001680
v 0.644782 -0.221798 -0.266144
v 0.655603 -0.282519 -0.244649
v 0.607360 -0.282519 -0.220365
v 0.596540 -0.221798 -0.241861
v 0.065175 -0.282519 0.052557
v 0.054354 -0.221797 0.031062
v 0.255507 -0.317356 -0.102328
v 0.158076 -0.285934 -0.255883
v 0.178885 -0.289469 -0.273418
v 0.281704 -0.322629 -0.111372
v 0.298456 -0.307586 -0.047474
v 0.271381 -0.303102 -0.041777
v 0.271381 -0.140906 -0.041777
v 0.255507 -0.317356 -0.102328
v 0.271381 -0.303102 -0.041777
v 0.255507 -0.126652 -0.102328
v 0.158076 -0.158074 -0.255883
v 0.158076 -0.285934 -0.255883
v -0.596119 -0.141184 0.125285
v -0.553307 -0.332959 0.300479
v -0.596119 -0.302824 0.125285
v -0.553307 -0.111049 0.300479
v -0.473836 -0.129029 0.371584
v -0.473836 -0.314979 0.371584
v 0.298456 -0.307586 -0.047474
v 0.271381 -0.140906 -0.041777
v 0.271381 -0.303102 -0.041777
v 0.298456 -0.136421 -0.047474
v 0.255507 -0.126652 -0.102328
v 0.178885 -0.154539 -0.273418
v 0.158076 -0.158074 -0.255883
v 0.281704 -0.121379 -0.111372
v 0.298456 -0.136421 -0.047474
v 0.271381 -0.140906 -0.041777
v 0.178885 -0.154539 -0.273418
v 0.158076 -0.285934 -0.255883
v 0.158076 -0.158074 -0.255883
v 0.178885 -0.289469 -0.273418
v 0.057839 -0.098353 0.150203
v 0.290775 -0.098353 0.000680
v 0.299833 -0.222004 0.018675
v 0.066897 -0.222004 0.168198
v -0.244022 -0.098353 0.313500
v 0.057839 -0.345654 0.150203
v 0.290775 -0.345654 0.000680
v -0.244022 -0.345654 0.313500
v -0.234964 -0.222004 0.331495
v -0.473836 -0.129029 0.371584
v -0.473836 -0.314979 0.371584
v -0.273090 -0.310697 0.015834
v -0.516893 -0.302654 0.125224
v -0.494308 -0.373466 0.132396
v -0.272165 -0.381369 0.032623
v 0.374512 -0.222367 -0.333518
v 0.400010 -0.150477 -0.282865
v -0.001844 -0.150477 -0.080582
v -0.027342 -0.222367 -0.131235
v 0.406836 -0.279075 -0.269304
v 0.432333 -0.207185 -0.218652
v 0.400010 -0.150477 -0.282865
v 0.374512 -0.222367 -0.333518
v -0.457504 -0.390848 0.219411
v -0.465788 -0.309134 0.244436
v -0.221985 -0.317176 0.135046
v -0.235361 -0.398751 0.119638
v 0.374512 -0.222367 -0.333518
v -0.027342 -0.222367 -0.131235
v 0.004982 -0.279075 -0.067021
v 0.406836 -0.279075 -0.269304
v -0.417467 -0.368676 0.300869
v -0.215172 -0.387016 0.217335
v -0.261690 -0.391986 0.107763
v -0.463985 -0.373647 0.191297
v -0.417467 -0.368676 0.300869
v -0.463985 -0.373647 0.191297
v -0.475257 -0.336870 0.185392
v -0.418018 -0.330647 0.319191
v -0.121034 -0.398975 0.140422
v -0.128024 -0.350315 0.156868
v 0.150248 -0.354256 -0.003246
v 0.132516 -0.402915 -0.005467
v 0.063119 -0.343561 -0.154673
v -0.215153 -0.339620 0.005441
v -0.200422 -0.389230 0.002448
v 0.053128 -0.393170 -0.143441
v 0.053128 -0.393170 -0.143441
v 0.132516 -0.402915 -0.005467
v 0.150248 -0.354256 -0.003246
v 0.063119 -0.343561 -0.154673
v -0.215172 -0.387016 0.217335
v -0.194822 -0.350490 0.230361
v -0.253238 -0.356714 0.093660
v -0.261690 -0.391986 0.107763
v -0.112714 -0.141830 -0.203353
v -0.111279 -0.139775 -0.115492
v -0.104477 -0.229908 -0.120248
v -0.106898 -0.218909 -0.207419
v 0.124188 -0.128699 -0.249561
v -0.111279 -0.139775 -0.115492
v -0.112714 -0.141830 -0.203353
v 0.050541 -0.123915 -0.297300
v -0.112714 -0.141830 -0.203353
v -0.106898 -0.218909 -0.207419
v 0.045059 -0.200495 -0.307146
v 0.050541 -0.123915 -0.297300
v -0.106898 -0.218909 -0.207419
v -0.104477 -0.229908 -0.120248
v 0.117778 -0.218248 -0.261074
v 0.045059 -0.200495 -0.307146
v -0.494308 -0.373466 0.132396
v -0.457504 -0.390848 0.219411
v -0.235361 -0.398751 0.119638
v -0.272165 -0.381369 0.032623
v 0.519868 -0.307851 -0.244917
v 0.547986 -0.283067 -0.189058
v 0.595011 -0.283067 -0.212729
v 0.566893 -0.307851 -0.268588
v -0.200422 -0.389230 0.002448
v -0.215153 -0.339620 0.005441
v -0.128024 -0.350315 0.156868
v -0.121034 -0.398975 0.140422
v -0.117311 -0.411898 0.044045
v -0.146617 -0.413652 0.046889
v -0.148307 -0.395526 -0.000393
v -0.126864 -0.394242 -0.002473
v -0.126864 -0.394242 -0.002473
v -0.148307 -0.395526 -0.000393
v -0.147997 -0.409217 -0.005653
v -0.126555 -0.407933 -0.007733
v -0.117002 -0.425589 0.038785
v -0.146308 -0.427343 0.041629
v -0.146617 -0.413652 0.046889
v -0.117311 -0.411898 0.044045
v -0.126555 -0.407933 -0.007733
v -0.147997 -0.409217 -0.005653
v -0.146308 -0.427343 0.041629
v -0.117002 -0.425589 0.038785
v 0.050420 -0.388666 -0.083954
v 0.044669 -0.405027 -0.084510
v -0.150517 -0.401690 0.024226
v -0.152432 -0.385335 0.029573
v -0.152432 -0.385335 0.029573
v -0.150517 -0.401690 0.024226
v -0.166396 -0.399527 0.000845
v -0.170965 -0.383207 0.001518
v 0.050420 -0.388666 -0.083954
v 0.034640 -0.386535 -0.113494
v 0.031436 -0.402860 -0.109319
v 0.044669 -0.405027 -0.084510
v 0.034640 -0.386535 -0.113494
v -0.170965 -0.383207 0.001518
v -0.166396 -0.399527 0.000845
v 0.031436 -0.402860 -0.109319
v -0.150517 -0.401690 0.024226
v 0.044669 -0.405027 -0.084510
v 0.031436 -0.402860 -0.109319
v -0.166396 -0.399527 0.000845
v -0.146617 -0.413652 0.046889
v -0.146308 -0.427343 0.041629
v -0.147997 -0.409217 -0.005653
v -0.148307 -0.395526 -0.000393
v -0.126864 -0.394242 -0.002473
v -0.126555 -0.407933 -0.007733
v -0.117002 -0.425589 0.038785
v -0.117311 -0.411898 0.044045
v 0.547986 -0.283067 -0.189058
v 0.536842 -0.220530 -0.211196
v 0.583867 -0.220530 -0.234868
v 0.595011 -0.283067 -0.212729
v -0.272165 -0.381369 0.032623
v -0.235361 -0.398751 0.119638
v -0.221985 -0.317176 0.135046
v -0.273090 -0.310697 0.015834
v -0.194822 -0.350490 0.230361
v -0.417467 -0.368676 0.300869
v -0.418018 -0.330647 0.319191
v -0.215172 -0.387016 0.217335
v 0.432333 -0.207185 -0.218652
v 0.406836 -0.279075 -0.269304
v 0.004982 -0.279075 -0.067021
v 0.030479 -0.207185 -0.016369
v -0.465788 -0.309134 0.244436
v -0.494308 -0.373466 0.132396
v -0.516893 -0.302654 0.125224
v -0.457504 -0.390848 0.219411
v 0.050541 -0.123915 -0.297300
v 0.045059 -0.200495 -0.307146
v 0.117778 -0.218248 -0.261074
v 0.124188 -0.128699 -0.249561
v -0.121034 -0.398975 0.140422
v 0.132516 -0.402915 -0.005467
v 0.053128 -0.393170 -0.143441
v -0.200422 -0.389230 0.002448
v 0.400010 -0.150477 -0.282865
v 0.432333 -0.207185 -0.218652
v 0.030479 -0.207185 -0.016369
v -0.001844 -0.150477 -0.080582
v -0.322603 -0.036133 -0.434816
v -0.322603 -0.036133 -0.516871
v -0.297757 0.251211 -0.516871
v -0.297757 0.251211 -0.434816
v -0.182734 -0.029741 -0.434816
v -0.182734 -0.029741 -0.516871
v -0.237505 -0.048338 -0.516871
v -0.237505 -0.048338 -0.434816
v -0.322603 -0.036133 -0.516871
v -0.322603 -0.036133 -0.434816
v -0.297757 0.251211 -0.434816
v -0.297757 0.251211 -0.516871
v -0.211949 0.247212 -0.516871
v -0.211949 0.247212 -0.434816
v -0.162009 0.209943 -0.516871
v -0.162009 0.209943 -0.434816
v -0.182734 -0.029741 -0.516871
v -0.182734 -0.029741 -0.434816
v -0.162009 0.209943 -0.434816
v -0.162009 0.209943 -0.516871
v -0.297757 0.251211 -0.516871
v -0.162009 0.209943 -0.516871
v -0.211949 0.247212 -0.516871
v -0.322603 -0.036133 -0.516871
v -0.237505 -0.048338 -0.516871
v -0.182734 -0.029741 -0.516871
v 0.583867 -0.220530 -0.234868
v 0.536842 -0.220530 -0.211196
v 0.508724 -0.245315 -0.267055
v 0.555749 -0.245315 -0.290726
v 0.555749 -0.245315 -0.290726
v 0.508724 -0.245315 -0.267055
v 0.519868 -0.307851 -0.244917
v 0.566893 -0.307851 -0.268588
v -0.237505 -0.048338 -0.434816
v -0.162009 0.209943 -0.434816
v -0.182734 -0.029741 -0.434816
v -0.322603 -0.036133 -0.434816
v -0.297757 0.251211 -0.434816
v -0.211949 0.247212 -0.434816
v -0.205616 -0.035016 -0.411497
v -0.318483 -0.028508 -0.439097
v -0.205615 -0.028508 -0.439097
v -0.318483 -0.035016 -0.370330
v -0.168505 -0.035549 -0.163761
v -0.076436 -0.035549 -0.224019
v 0.047625 -0.035549 -0.007875
v 0.091073 -0.035549 -0.104655
v -0.325147 -0.116974 0.056216
v -0.312042 -0.116974 0.168094
v -0.289539 0.235012 0.155239
v -0.350577 0.235012 0.060301
v -0.350577 0.235012 0.060301
v -0.393713 -0.116974 0.064247
v -0.325147 -0.116974 0.056216
v -0.393713 0.304046 0.064247
v -0.350577 0.304046 0.060301
v -0.389891 0.304046 0.176126
v -0.289539 0.304046 0.155240
v -0.289539 0.235012 0.155239
v -0.312042 -0.116974 0.168094
v -0.389892 -0.116974 0.176125
v -0.300029 0.234852 -0.053572
v -0.350577 0.304046 0.060301
v -0.350577 0.235012 0.060301
v -0.300110 0.303887 -0.055259
v -0.275974 0.234281 -0.247095
v -0.275974 0.303316 -0.254845
v -0.278577 0.228504 -0.439097
v -0.278577 0.297538 -0.508132
v -0.318483 -0.097543 -0.508132
v -0.318483 -0.028508 -0.439097
v -0.318483 -0.104051 -0.370330
v -0.318483 -0.035016 -0.370330
v -0.168505 -0.035549 -0.163761
v -0.168505 -0.104584 -0.163761
v 0.047625 -0.035549 -0.007875
v 0.077296 -0.104584 0.013526
v -0.318483 -0.097543 -0.508132
v -0.205615 -0.104051 -0.411497
v -0.205615 -0.097543 -0.508132
v -0.318483 -0.104051 -0.370330
v -0.168505 -0.104584 -0.163761
v -0.076436 -0.104584 -0.224019
v 0.077296 -0.104584 0.013526
v 0.109091 -0.104584 -0.091816
v -0.278577 0.228504 -0.439097
v -0.165710 0.228504 -0.439097
v -0.205615 -0.028508 -0.439097
v -0.318483 -0.028508 -0.439097
v -0.278577 0.297538 -0.508132
v -0.318483 -0.097543 -0.508132
v -0.205615 -0.097543 -0.508132
v -0.165710 0.297538 -0.508132
v -0.389892 -0.116974 0.176125
v -0.393713 -0.116974 0.064247
v -0.393713 0.304046 0.064247
v -0.389891 0.304046 0.176126
v -0.289539 0.304046 0.155240
v -0.197356 0.234852 -0.009984
v -0.289539 0.235012 0.155239
v -0.197436 0.303887 -0.011671
v -0.165710 0.234281 -0.227328
v -0.165709 0.303316 -0.235078
v -0.165710 0.228504 -0.439097
v -0.165710 0.297538 -0.508132
v -0.205615 -0.028508 -0.439097
v -0.205615 -0.097543 -0.508132
v -0.205615 -0.104051 -0.411497
v -0.205616 -0.035016 -0.411497
v -0.076436 -0.035549 -0.224019
v -0.076436 -0.104584 -0.224019
v 0.091073 -0.035549 -0.104655
v 0.109091 -0.104584 -0.091816
v -0.165710 0.297538 -0.508132
v -0.275974 0.303316 -0.254845
v -0.278577 0.297538 -0.508132
v -0.165709 0.303316 -0.235078
v -0.300110 0.303887 -0.055259
v -0.197436 0.303887 -0.011671
v -0.350577 0.304046 0.060301
v -0.289539 0.304046 0.155240
v -0.389891 0.304046 0.176126
v -0.393713 0.304046 0.064247
v -0.275974 0.234281 -0.247095
v -0.165710 0.228504 -0.439097
v -0.278577 0.228504 -0.439097
v -0.165710 0.234281 -0.227328
v -0.300029 0.234852 -0.053572
v -0.197356 0.234852 -0.009984
v -0.350577 0.235012 0.060301
v -0.289539 0.235012 0.155239
v 0.047625 -0.035549 -0.007875
v 0.109091 -0.104584 -0.091816
v 0.077296 -0.104584 0.013526
v 0.091073 -0.035549 -0.104655
v 0.140424 -0.329489 -0.298007
v 0.131365 -0.222004 -0.316003
v -0.139398 -0.222004 -0.143235
v -0.130805 -0.329489 -0.125013
v 0.140424 -0.114519 -0.298007
v -0.130805 -0.114519 -0.125013
v -0.450293 -0.329489 0.030944
v -0.450293 -0.114519 0.030944
v -0.459351 -0.222004 0.012948
v -0.596119 -0.302824 0.125285
v -0.596119 -0.141184 0.125285
v -0.596119 -0.141184 0.125285
v -0.359066 -0.074442 0.244516
v -0.553307 -0.111049 0.300479
v -0.473836 -0.129029 0.371584
v -0.450293 -0.114519 0.030944
v -0.010386 -0.074442 0.054893
v -0.244022 -0.098353 0.313500
v -0.130805 -0.114519 -0.125013
v 0.057839 -0.098353 0.150203
v 0.140424 -0.114519 -0.298007
v 0.290775 -0.098353 0.000680
v 0.262870 -0.074442 -0.100748
v -0.359066 -0.369566 0.244516
v -0.596119 -0.302824 0.125285
v -0.553307 -0.332959 0.300479
v -0.473836 -0.314979 0.371584
v -0.450293 -0.329489 0.030944
v -0.010386 -0.369566 0.054893
v -0.244022 -0.345654 0.313500
v -0.130805 -0.329489 -0.125013
v 0.057839 -0.345654 0.150203
v 0.140424 -0.329489 -0.298007
v 0.290775 -0.345654 0.000680
v 0.262870 -0.369566 -0.100748
v 0.298456 -0.307586 -0.047474
v 0.290775 -0.345654 0.000680
v 0.299833 -0.222004 0.018675
v 0.262870 -0.369566 -0.100748
v 0.281704 -0.322629 -0.111372
v 0.298456 -0.136421 -0.047474
v 0.290775 -0.098353 0.000680
v 0.178885 -0.289469 -0.273418
v 0.140424 -0.329489 -0.298007
v 0.131365 -0.222004 -0.316003
v 0.262870 -0.074442 -0.100748
v 0.281704 -0.121379 -0.111372
v 0.178885 -0.154539 -0.273418
v 0.140424 -0.114519 -0.298007
vt 0.883843005 0.718738019
vt 0.883843005 0.718738019
vt 0.883843005 0.718738019
vt 0.883843005 0.718738019
vt 0.883843005 0.718738019
vt 0.883843005 0.718738019
vt 0.883843005 0.718738019
vt 0.883843005 0.718738019
vt 0.883843005 0.718738019
vt 0.883843005 0.718738019
vt 0.883843005 0.718738019
vt 0.883843005 0.718738019
vt 0.883843005 0.718738019
vt 0.883843005 0.718738019
vt 0.883843005 0.718738019
vt 0.883843005 0.718738019
vt 0.883843005 0.718738019
vt 0.883843005 0.718738019
vt 0.883843005 0.718738019
vt 0.883843005 0.718738019
vt 0.883843005 0.718738019
vt 0.883843005 0.718738019
vt 0.883843005 0.718738019
vt 0.883843005 0.718738019
vt 0.883843005 0.718738019
vt 0.883843005 0.718738019
vt 0.883843005 0.718738019
vt 0.883843005 0.718738019
vt 0.883843005 0.718738019
vt 0.883843005 0.718738019
vt 0.883843005 0.718738019
vt 0.883843005 0.718738019
vt 0.883843005 0.718738019
vt 0.883843005 0.718738019
vt 0.883843005 0.718738019
vt 0.883843005 0.718738019
vt 0.883843005 0.718738019
vt 0.883843005 0.718738019
vt 0.883843005 0.718738019
vt 0.883843005 0.718738019
vt 0.883843005 0.718738019
vt 0.883843005 0.718738019
vt 0.883843005 0.718738019
vt 0.883843005 0.718738019
vt 0.883843005 0.718738019
vt 0.883843005 0.718738019
vt 0.883843005 0.718738019
vt 0.883843005 0.718738019
vt 0.883843005 0.718738019
vt 0.883843005 0.718738019
vt 0.883843005 0.718738019
vt 0.883843005 0.718738019
vt 0.883843005 0.718738019
vt 0.883843005 0.718738019
vt 0.883843005 0.718738019
vt 0.883843005 0.718738019
vt 0.609210014 0.710843027
vt 0.609210014 0.710843027
vt 0.609210014 0.710843027
vt 0.609210014 0.710843027
vt 0.609210014 0.710843027
vt 0.609210014 0.710843027
vt 0.174250007 0.874979019
vt 0.174250007 0.874979019
vt 0.174248993 0.874979019
vt 0.174250007 0.874979019
vt 0.174250007 0.874979019
vt 0.174250007 0.874979019
vt 0.609210014 0.710843027
vt 0.609210014 0.710843027
vt 0.609210014 0.710843027
vt 0.609210014 0.710843027
vt 0.609210014 0.71084398
vt 0.609210014 0.710843027
vt 0.609210014 0.710843027
vt 0.609210014 0.710843027
vt 0.609210014 0.710843027
vt 0.609210014 0.710843027
vt 0.609210014 0.710843027
vt 0.609210014 0.710843027
vt 0.609210014 0.710843027
vt 0.609210014 0.710843027
vt 0.609210014 0.710843027
vt 0.609210014 0.710843027
vt 0.609210014 0.710843027
vt 0.609210014 0.710843027
vt 0.609210014 0.710843027
vt 0.609210014 0.710843027
vt 0.609210014 0.710843027
vt 0.609210014 0.710843027
vt 0.609210014 0.710843027
vt 0.609210014 0.710843027
vt 0.609210014 0.710843027
vt 0.609210014 0.710843027
vt 0.609210014 0.71084398
vt 0.609210014 0.710843027
vt 0.609210014 0.71084398
vt 0.609210014 0.710843027
vt 0.609210014 0.71084398
vt 0.129112005 0.636982024
vt 0.129112005 0.636982024
vt 0.129112005 0.636982024
vt 0.129112005 0.636982024
vt 0.358902007 0.259469002
vt 0.358902991 0.259469986
vt 0.358902991 0.259469002
vt 0.358902991 0.259469002
vt 0.358902007 0.259469002
vt 0.358902991 0.259469986
vt 0.358902991 0.259469002
vt 0.358902991 0.259469002
vt 0.129112005 0.636982024
vt 0.129112005 0.636982024
vt 0.129112005 0.636982024
vt 0.129112005 0.636982024
vt 0.358902007 0.259469002
vt 0.358902991 0.259469986
vt 0.358902991 0.259469002
vt 0.358902991 0.259469002
vt 0.404040009 0.801118016
vt 0.404040009 0.801118016
vt 0.404040009 0.801118016
vt 0.404040009 0.801118016
vt 0.404040009 0.801118016
vt 0.404040009 0.801118016
vt 0.404040009 0.801118016
vt 0.404040009 0.801118016
vt 0.404040009 0.801118016
vt 0.404040009 0.801118016
vt 0.404040009 0.801118016
vt 0.404040009 0.801118016
vt 0.404040009 0.801118016
vt 0.404040009 0.801118016
vt 0.404040009 0.801118016
vt 0.404040009 0.801118016
vt 0.404040009 0.801118016
vt 0.404040009 0.801118016
vt 0.404040009 0.801118016
vt 0.404040009 0.801118016
vt 0.404040009 0.801118016
vt 0.404040009 0.801118016
vt 0.404040009 0.801118016
vt 0.404040009 0.801118016
vt 0.395832986 0.735463977
vt 0.395832986 0.735463977
vt 0.395832986 0.735463977
vt 0.395832986 0.735463977
vt 0.395832986 0.735463977
vt 0.395832986 0.735463977
vt 0.395832986 0.735463977
vt 0.395832986 0.735463977
vt 0.395832986 0.735463977
vt 0.395832986 0.735463977
vt 0.395832986 0.735463977
vt 0.395832986 0.735463977
vt 0.395832986 0.735463977
vt 0.395832986 0.735463977
vt 0.395832986 0.735463977
vt 0.395832986 0.735463977
vt 0.129112005 0.636982024
vt 0.129112005 0.636982024
vt 0.129112005 0.636982024
vt 0.129112005 0.636982024
vt 0.875 0.25
vt 0.875 0.25
vt 0.875 0.25
vt 0.875 0.25
vt 0.404040009 0.801118016
vt 0.404040009 0.801118016
vt 0.404040009 0.801118016
vt 0.404040009 0.801118016
vt 0.875 0.25
vt 0.875 0.25
vt 0.875 0.25
vt 0.875 0.25
vt 0.875 0.25
vt 0.875 0.25
vt 0.875 0.25
vt 0.875 0.25
vt 0.875 0.25
vt 0.875 0.25
vt 0.875 0.25
vt 0.875 0.25
vt 0.875 0.25
vt 0.875 0.25
vt 0.875 0.25
vt 0.875 0.25
vt 0.904654026 0.727257013
vt 0.90465498 0.727257013
vt 0.90465498 0.727257013
vt 0.90465498 0.727257013
vt 0.904654026 0.727257013
vt 0.90465498 0.727257013
vt 0.90465498 0.727257013
vt 0.90465498 0.727257013
vt 0.904654026 0.727257013
vt 0.90465498 0.727257013
vt 0.90465498 0.727257013
vt 0.90465498 0.727257013
vt 0.904654026 0.727257013
vt 0.90465498 0.727257013
vt 0.90465498 0.727257013
vt 0.90465498 0.727257013
vt 0.904654026 0.727257013
vt 0.90465498 0.727257013
vt 0.90465498 0.727257013
vt 0.90465498 0.727257013
vt 0.875 0.25
vt 0.875 0.25
vt 0.875 0.25
vt 0.875 0.25
vt 0.875 0.25
vt 0.875 0.25
vt 0.875 0.25
vt 0.875 0.25
vt 0.875 0.25
vt 0.875 0.25
vt 0.875 0.25
vt 0.875 0.25
vt 0.129112005 0.636982024
vt 0.129112005 0.636982024
vt 0.129112005 0.636982024
vt 0.129112005 0.636982024
vt 0.404040009 0.801118016
vt 0.404040009 0.801118016
vt 0.404040009 0.801118016
vt 0.404040009 0.801118016
vt 0.358902007 0.259469002
vt 0.358902991 0.259469986
vt 0.358902991 0.259469002
vt 0.358902991 0.259469002
vt 0.129112005 0.636982024
vt 0.129112005 0.636982024
vt 0.129112005 0.636982024
vt 0.129112005 0.636982024
vt 0.395832986 0.735463977
vt 0.395832986 0.735463977
vt 0.395832986 0.735463977
vt 0.395832986 0.735463977
vt 0.404040009 0.801118016
vt 0.404040009 0.801118016
vt 0.404040009 0.801118016
vt 0.404040009 0.801118016
vt 0.358902007 0.259469002
vt 0.358902991 0.259469986
vt 0.358902991 0.259469002
vt 0.358902991 0.259469002
vt 0.104492001 0.694429994
vt 0.104492001 0.694429994
vt 0.104492001 0.694429994
vt 0.104492001 0.694429994
vt 0.104492001 0.694429994
vt 0.104492001 0.694429994
vt 0.104492001 0.694429994
vt 0.104492001 0.694429994
vt 0.104492001 0.694429994
vt 0.104492001 0.694429994
vt 0.104492001 0.694429994
vt 0.104492001 0.694429994
vt 0.104492001 0.694429994
vt 0.104492001 0.694429994
vt 0.104492001 0.694429994
vt 0.104492001 0.694429994
vt 0.104492001 0.694429994
vt 0.104492001 0.694429994
vt 0.104492001 0.694429994
vt 0.104492001 0.694429994
vt 0.104492001 0.694429994
vt 0.104492001 0.694429994
vt 0.104492001 0.694429994
vt 0.104492001 0.694429994
vt 0.104492001 0.694429994
vt 0.104492001 0.694429994
vt 0.875 0.25
vt 0.875 0.25
vt 0.875 0.25
vt 0.875 0.25
vt 0.875 0.25
vt 0.875 0.25
vt 0.875 0.25
vt 0.875 0.25
vt 0.104492001 0.694429994
vt 0.104492001 0.694429994
vt 0.104492001 0.694429994
vt 0.104492001 0.694429994
vt 0.104492001 0.694429994
vt 0.104492001 0.694429994
vt 0.387625992 0.710843027
vt 0.387625992 0.71084398
vt 0.387625992 0.710843027
vt 0.387625992 0.710843027
vt 0.387625992 0.710843027
vt 0.387625992 0.71084398
vt 0.387625992 0.710843027
vt 0.387625992 0.710843027
vt 0.387625992 0.710843027
vt 0.387625992 0.71084398
vt 0.387625992 0.710843027
vt 0.387625992 0.710843027
vt 0.387625992 0.710843027
vt 0.387625992 0.71084398
vt 0.387625992 0.710843027
vt 0.387625992 0.710843027
vt 0.387625992 0.710843027
vt 0.387625992 0.710843027
vt 0.387625992 0.71084398
vt 0.387625992 0.710843027
vt 0.387625992 0.710843027
vt 0.387625992 0.71084398
vt 0.387625992 0.71084398
vt 0.387625992 0.71084398
vt 0.387625992 0.710843027
vt 0.387625992 0.710843027
vt 0.387625992 0.710843027
vt 0.387625992 0.710843027
vt 0.387625992 0.71084398
vt 0.387625992 0.710843027
vt 0.387625992 0.710843027
vt 0.387625992 0.710843027
vt 0.387625992 0.710843027
vt 0.387625992 0.71084398
vt 0.387625992 0.710843027
vt 0.387625992 0.710843027
vt 0.387625992 0.71084398
vt 0.387625992 0.710843027
vt 0.387625992 0.710843027
vt 0.387625992 0.71084398
vt 0.387625992 0.710843027
vt 0.387625992 0.710843027
vt 0.387625992 0.710843027
vt 0.387625992 0.710843027
vt 0.387625992 0.710843027
vt 0.387625992 0.710843027
vt 0.387625992 0.710843027
vt 0.387625992 0.71084398
vt 0.387625992 0.710843027
vt 0.387625992 0.710843027
vt 0.387625992 0.710843027
vt 0.387625992 0.71084398
vt 0.387625992 0.710843027
vt 0.387625992 0.710843027
vt 0.387625992 0.710843027
vt 0.387625992 0.71084398
vt 0.387625992 0.710843027
vt 0.387625992 0.710843027
vt 0.387625992 0.710843027
vt 0.387625992 0.710843027
vt 0.387625992 0.710843027
vt 0.387625992 0.71084398
vt 0.387625992 0.710843027
vt 0.387625992 0.710843027
vt 0.387625992 0.710843027
vt 0.387625992 0.710843027
vt 0.387625992 0.710843027
vt 0.387625992 0.71084398
vt 0.387625992 0.710843027
vt 0.387625992 0.710843027
vt 0.387625992 0.71084398
vt 0.387625992 0.710843027
vt 0.387625992 0.710843027
vt 0.387625992 0.710843027
vt 0.387625992 0.710843027
vt 0.387625992 0.710843027
vt 0.387625992 0.710843027
vt 0.387625992 0.710843027
vt 0.387625992 0.71084398
vt 0.387625992 0.710843027
vt 0.387625992 0.71084398
vt 0.387625992 0.710843027
vt 0.387625992 0.710843027
vt 0.387625992 0.710843027
vt 0.387625992 0.710843027
vt 0.387625992 0.710843027
vt 0.387625992 0.710843027
vt 0.387625992 0.71084398
vt 0.387625992 0.710843027
vt 0.387625992 0.710843027
vt 0.387625992 0.71084398
vt 0.387625992 0.710843027
vt 0.387625992 0.710843027
vt 0.387625992 0.71084398
vt 0.387625992 0.710843027
vt 0.387625992 0.710843027
vt 0.609210014 0.710843027
vt 0.609210014 0.710843027
vt 0.609210014 0.710843027
vt 0.609210014 0.710843027
vt 0.609210014 0.710843027
vt 0.609210014 0.710843027
vt 0.609210014 0.710843027
vt 0.609210014 0.710843027
vt 0.609210014 0.710843027
vt 0.609210014 0.710843027
vt 0.609210014 0.71084398
vt 0.609210014 0.710843027
vt 0.609210014 0.710843027
vt 0.609210014 0.710843027
vt 0.609210014 0.710843027
vt 0.609210014 0.71084398
vt 0.609210014 0.710843027
vt 0.609210014 0.71084398
vt 0.609210014 0.710843027
vt 0.609210014 0.710843027
vt 0.609210014 0.710843027
vt 0.609210014 0.71084398
vt 0.609210014 0.71084398
vt 0.609210014 0.710843027
vt 0.609210014 0.710843027
vt 0.609210014 0.710843027
vt 0.609210014 0.710843027
vt 0.609210014 0.71084398
vt 0.609210014 0.710843027
vt 0.609210014 0.710843027
vt 0.609210014 0.710843027
vt 0.609210014 0.710843027
vt 0.609210014 0.710843027
vt 0.609210014 0.710843027
vt 0.609210014 0.710843027
vt 0.609210014 0.710843027
vt 0.609210014 0.71084398
vt 0.609210014 0.71084398
vt 0.609210014 0.710843027
vt 0.609210014 0.71084398
vt 0.609210014 0.710843027
vt 0.609210014 0.71084398
vt 0.609210014 0.710843027
vt 0.609210014 0.71084398
vt 0.609210014 0.71084398
vt 0.609210014 0.710843027
vt 0.609210014 0.71084398
vt 0.609210014 0.710843027
vt 0.609210014 0.71084398
vn -0.435152 -0.368375 -0.821549
vn -0.435152 -0.368375 -0.821549
vn -0.435152 -0.368375 -0.821549
vn -0.435152 -0.368374 -0.821549
vn 0.875850 -0.014684 -0.482359
vn 0.971718 0.096929 -0.215332
vn 0.971719 0.096929 -0.215332
vn 0.875850 -0.014684 -0.482359
vn 0.706482 -0.120961 -0.697317
vn 0.706482 -0.120960 -0.697317
vn 0.165661 -0.929650 0.329101
vn 0.162076 -0.911120 0.378934
vn 0.156614 -0.913663 0.375090
vn 0.157591 -0.917379 0.365486
vn 0.152936 -0.918588 0.364426
vn 0.165682 -0.929643 0.329111
vn 0.165689 -0.929646 0.329098
vn 0.165652 -0.929649 0.329109
vn 0.165661 -0.929650 0.329101
vn 0.165661 -0.929650 0.329101
vn 0.165661 -0.929650 0.329100
vn 0.165661 -0.929650 0.329101
vn -0.174301 0.943357 -0.282305
vn -0.168775 0.945540 -0.278333
vn -0.165661 0.929650 -0.329101
vn -0.173475 0.940490 -0.292208
vn -0.178131 0.939288 -0.293271
vn -0.165640 0.929658 -0.329089
vn -0.165632 0.929654 -0.329104
vn -0.165670 0.929651 -0.329092
vn -0.165661 0.929650 -0.329101
vn -0.165661 0.929650 -0.329101
vn -0.165660 0.929650 -0.329101
vn -0.165660 0.929650 -0.329101
vn 0.006411 0.334720 0.942296
vn 0.358765 0.367657 0.857972
vn 0.358765 0.367657 0.857972
vn 0.006410 0.334719 0.942296
vn -0.346781 0.257485 0.901911
vn -0.346780 0.257487 0.901911
vn -0.958687 -0.073558 0.274789
vn -0.984388 -0.176003 -0.001662
vn -0.958687 -0.073558 0.274789
vn -0.984388 -0.176003 -0.001662
vn -0.720069 -0.342042 -0.603745
vn -0.720068 -0.342042 -0.603746
vn -0.417993 -0.368444 -0.830380
vn -0.417993 -0.368444 -0.830380
vn -0.417992 -0.368444 -0.830381
vn -0.417992 -0.368444 -0.830381
vn 0.417992 0.368443 0.830381
vn 0.417992 0.368444 0.830381
vn 0.417992 0.368443 0.830381
vn 0.417992 0.368443 0.830381
vn 0.417992 0.368444 0.830380
vn 0.417992 0.368444 0.830380
vn 0.166159 0.981880 -0.091125
vn 0.217293 0.974169 0.061471
vn 0.217293 0.974169 0.061471
vn 0.160912 0.981264 -0.105964
vn 0.105784 0.961389 -0.254049
vn 0.105784 0.961389 -0.254049
vn 0.967313 -0.000000 -0.253587
vn 0.915563 -0.000000 -0.402175
vn 0.967313 -0.000000 -0.253587
vn 0.915563 -0.000000 -0.402175
vn 0.844370 -0.000000 -0.535760
vn 0.844370 -0.000000 -0.535760
vn -0.971417 0.000000 0.237381
vn -0.857645 0.000000 0.514243
vn -0.971417 0.000000 0.237381
vn -0.857645 0.000000 0.514243
vn -0.666789 0.000000 0.745247
vn -0.666788 0.000000 0.745247
vn -0.205891 -0.000000 -0.978575
vn -0.205891 -0.000000 -0.978575
vn -0.205891 -0.000000 -0.978575
vn -0.205891 -0.000000 -0.978575
vn 0.166159 -0.981880 -0.091125
vn 0.217292 -0.974169 0.061471
vn 0.217293 -0.974169 0.061471
vn 0.160912 -0.981264 -0.105965
vn 0.105785 -0.961389 -0.254048
vn 0.105785 -0.961389 -0.254047
vn 0.644395 0.000000 0.764693
vn 0.644394 0.000000 0.764694
vn 0.644396 0.000000 0.764692
vn 0.644394 0.000000 0.764694
vn 0.501986 0.160460 0.849860
vn 0.533235 0.159962 0.830706
vn 0.540191 0.000000 0.841542
vn 0.508136 0.000000 0.861277
vn 0.353015 0.160021 0.921832
vn 0.501987 -0.160460 0.849860
vn 0.533235 -0.159962 0.830706
vn 0.353015 -0.160021 0.921832
vn 0.348190 0.000000 0.937424
vn 0.182762 0.046108 0.982075
vn 0.182762 -0.046108 0.982075
vn -0.406228 -0.216760 -0.887690
vn -0.405420 -0.219186 -0.887464
vn -0.405575 -0.218724 -0.887507
vn -0.406413 -0.216203 -0.887741
vn -0.353014 0.619326 -0.701296
vn -0.353014 0.619326 -0.701296
vn -0.353014 0.619326 -0.701296
vn -0.353014 0.619326 -0.701296
vn 0.893218 -0.000000 -0.449623
vn 0.893218 -0.000000 -0.449623
vn 0.893218 -0.000000 -0.449623
vn 0.893218 -0.000000 -0.449623
vn 0.391685 -0.232800 0.890161
vn 0.391703 -0.232893 0.890129
vn 0.391627 -0.232489 0.890268
vn 0.391606 -0.232379 0.890306
vn -0.278463 -0.785134 -0.553193
vn -0.278463 -0.785134 -0.553193
vn -0.278463 -0.785134 -0.553193
vn -0.278463 -0.785134 -0.553193
vn -0.060927 -0.995612 0.071030
vn -0.060927 -0.995612 0.071030
vn -0.060927 -0.995612 0.071030
vn -0.060927 -0.995612 0.071030
vn -0.896818 -0.203770 0.392678
vn -0.896062 -0.212007 0.390032
vn -0.896257 -0.209949 0.390697
vn -0.896938 -0.202385 0.393120
vn 0.484548 -0.216679 0.847504
vn 0.484551 -0.216814 0.847468
vn 0.484520 -0.215452 0.847833
vn 0.484515 -0.215260 0.847884
vn -0.497561 -0.095084 -0.862202
vn -0.497451 -0.095697 -0.862197
vn -0.497462 -0.095636 -0.862198
vn -0.497576 -0.094998 -0.862203
vn 0.824050 -0.277741 -0.493763
vn 0.824050 -0.277740 -0.493763
vn 0.824050 -0.277740 -0.493763
vn 0.824050 -0.277741 -0.493763
vn 0.865519 -0.354975 -0.353369
vn 0.865086 -0.355929 -0.353470
vn 0.867516 -0.350541 -0.352898
vn 0.868173 -0.349070 -0.352740
vn -0.996930 -0.076181 0.018069
vn -0.996930 -0.076181 0.018069
vn -0.996930 -0.076181 0.018069
vn -0.996930 -0.076181 0.018069
vn -0.036967 0.994959 0.093219
vn -0.059679 0.997967 -0.022367
vn -0.054618 0.998500 0.003732
vn -0.027294 0.989593 0.141283
vn -0.539016 0.039002 -0.841392
vn -0.548899 0.002680 -0.835885
vn -0.516987 0.111238 -0.848735
vn -0.505412 0.145524 -0.850519
vn -0.032792 -0.988220 -0.149488
vn -0.026790 -0.991870 -0.124400
vn -0.052052 -0.971813 -0.229934
vn -0.062127 -0.960295 -0.271981
vn -0.103488 -0.982861 -0.152559
vn -0.103488 -0.982861 -0.152559
vn -0.103488 -0.982861 -0.152559
vn -0.103488 -0.982861 -0.152559
vn 0.165661 -0.929650 0.329100
vn 0.165661 -0.929650 0.329100
vn 0.165661 -0.929650 0.329100
vn 0.165661 -0.929650 0.329100
vn -0.841009 -0.277740 0.464289
vn -0.841009 -0.277740 0.464289
vn -0.841009 -0.277741 0.464288
vn -0.841009 -0.277741 0.464288
vn -0.021081 0.933274 0.358545
vn -0.021081 0.933274 0.358545
vn -0.021081 0.933275 0.358544
vn -0.021081 0.933275 0.358543
vn -0.111290 0.354204 -0.928522
vn -0.111290 0.354204 -0.928523
vn -0.111290 0.354204 -0.928522
vn -0.111290 0.354204 -0.928522
vn 0.111290 -0.354205 0.928522
vn 0.111290 -0.354204 0.928522
vn 0.111290 -0.354205 0.928522
vn 0.111290 -0.354206 0.928522
vn 0.021081 -0.933275 -0.358544
vn 0.021081 -0.933275 -0.358544
vn 0.021081 -0.933275 -0.358544
vn 0.021080 -0.933275 -0.358544
vn 0.474599 -0.197534 0.857750
vn 0.474668 -0.196012 0.858061
vn 0.473329 -0.222056 0.852438
vn 0.473266 -0.223137 0.852191
vn -0.811431 -0.260569 0.523147
vn -0.808690 -0.266160 0.524576
vn -0.814247 -0.254744 0.521639
vn -0.816493 -0.250035 0.520405
vn 0.837146 -0.280268 -0.469719
vn 0.837086 -0.283902 -0.467639
vn 0.837115 -0.282261 -0.468580
vn 0.837172 -0.278305 -0.470838
vn -0.484394 -0.124943 -0.865882
vn -0.486961 -0.100526 -0.867619
vn -0.486862 -0.101528 -0.867558
vn -0.484238 -0.126344 -0.865766
vn -0.049543 -0.997042 -0.058760
vn -0.050518 -0.996913 -0.060095
vn -0.050433 -0.996925 -0.059978
vn -0.049463 -0.997052 -0.058651
vn -0.999222 -0.031626 0.023575
vn -0.999222 -0.031626 0.023575
vn -0.999222 -0.031627 0.023575
vn -0.999222 -0.031627 0.023575
vn 0.981836 0.086962 -0.168631
vn 0.981836 0.086962 -0.168631
vn 0.981836 0.086962 -0.168631
vn 0.981836 0.086962 -0.168630
vn 0.417993 0.368444 0.830380
vn 0.417993 0.368444 0.830380
vn 0.417993 0.368444 0.830380
vn 0.417992 0.368444 0.830380
vn 0.913927 -0.079312 -0.398055
vn 0.913093 -0.073989 -0.400982
vn 0.913622 -0.077339 -0.399142
vn 0.914368 -0.082219 -0.396449
vn 0.302196 -0.457629 0.836213
vn 0.305302 -0.415240 0.856952
vn 0.305656 -0.409656 0.859509
vn 0.301587 -0.464897 0.832416
vn 0.353015 -0.619326 0.701296
vn 0.353015 -0.619326 0.701296
vn 0.353014 -0.619326 0.701296
vn 0.353014 -0.619326 0.701296
vn -0.907818 -0.219673 0.357226
vn -0.903105 -0.230557 0.362276
vn -0.895200 -0.248007 0.370283
vn -0.916174 -0.199352 0.347685
vn 0.545782 0.068304 -0.835139
vn 0.545782 0.068304 -0.835139
vn 0.545782 0.068304 -0.835139
vn 0.545782 0.068304 -0.835139
vn -0.042124 -0.998041 -0.046252
vn -0.042124 -0.998041 -0.046252
vn -0.042124 -0.998041 -0.046252
vn -0.042124 -0.998041 -0.046251
vn 0.278463 0.785134 0.553193
vn 0.278463 0.785134 0.553193
vn 0.278463 0.785134 0.553193
vn 0.278463 0.785134 0.553193
vn -0.996282 0.086148 -0.000000
vn -0.996282 0.086148 -0.000000
vn -0.996282 0.086148 -0.000000
vn -0.996282 0.086148 -0.000000
vn 0.321516 -0.946904 0.000000
vn 0.321516 -0.946904 0.000000
vn 0.092307 -0.995731 0.000000
vn 0.092307 -0.995731 0.000000
vn -0.141972 -0.989871 0.000000
vn -0.141972 -0.989871 0.000000
vn 0.046557 0.998916 -0.000000
vn 0.046557 0.998916 -0.000000
vn 0.337105 0.941467 -0.000000
vn 0.337105 0.941467 -0.000000
vn 0.598083 0.801434 -0.000000
vn 0.598083 0.801434 -0.000000
vn 0.996282 -0.086148 0.000000
vn 0.996282 -0.086148 0.000000
vn 0.996282 -0.086148 0.000000
vn 0.996282 -0.086148 0.000000
vn -0.000000 -0.000000 -1.000000
vn -0.000000 -0.000000 -1.000000
vn -0.000000 -0.000000 -1.000000
vn -0.000000 -0.000000 -1.000000
vn -0.000000 -0.000000 -1.000000
vn -0.000000 -0.000000 -1.000000
vn -0.165661 0.929650 -0.329101
vn -0.165662 0.929650 -0.329101
vn -0.165661 0.929650 -0.329101
vn -0.165661 0.929650 -0.329100
vn -0.417993 -0.368443 -0.830380
vn -0.417993 -0.368443 -0.830380
vn -0.417993 -0.368443 -0.830380
vn -0.417993 -0.368443 -0.830380
vn -0.000000 0.000000 1.000000
vn -0.000000 0.000000 1.000000
vn -0.000000 0.000000 1.000000
vn -0.000000 0.000000 1.000000
vn -0.000000 0.000000 1.000000
vn -0.000000 0.000000 1.000000
vn 0.005895 0.995200 0.097685
vn 0.029009 0.992885 0.115489
vn -0.000000 0.973308 0.229502
vn 0.017098 0.998754 0.046877
vn 0.000644 0.999999 0.001137
vn 0.000568 0.999999 0.000868
vn -0.000000 1.000000 -0.000000
vn -0.000000 1.000000 -0.000000
vn 0.978437 -0.042093 -0.202213
vn 0.990938 -0.067591 -0.116073
vn 0.884230 0.041426 -0.465210
vn 0.839272 0.066896 -0.539580
vn -0.092648 0.000190 -0.995699
vn -0.114375 0.002878 -0.993433
vn -0.116339 0.003121 -0.993205
vn -0.091113 -0.000000 -0.995841
vn -0.091113 -0.000000 -0.995841
vn 0.199285 0.010984 0.979880
vn 0.203764 0.000000 0.979020
vn 0.213484 0.014786 0.976835
vn 0.120517 0.003346 0.992706
vn 0.102622 0.000000 0.994720
vn -0.963596 -0.005871 -0.267300
vn -0.914778 -0.003496 -0.403942
vn -0.913997 -0.000000 -0.405720
vn -0.964954 -0.008570 -0.262279
vn -0.998317 -0.005433 -0.057737
vn -0.998762 -0.004523 -0.049546
vn -0.997380 0.057116 0.044400
vn -0.997011 0.054629 0.054630
vn -0.996796 0.067947 -0.042210
vn -0.993954 0.077639 -0.077639
vn -0.949498 0.000000 0.313774
vn -0.954053 0.000000 0.299638
vn -0.706072 0.000000 0.708140
vn -0.705921 0.000000 0.708291
vn -0.584979 0.000000 0.811049
vn -0.584979 0.000000 0.811049
vn -0.009439 -0.998374 -0.056213
vn -0.005293 -0.999542 -0.029790
vn -0.000000 -0.997740 -0.067194
vn -0.008745 -0.999674 -0.023972
vn -0.000644 -0.999999 -0.001137
vn -0.000569 -0.999999 -0.000868
vn -0.000000 -1.000000 0.000000
vn -0.000000 -1.000000 0.000000
vn -0.000000 0.000000 1.000000
vn -0.000000 0.000000 1.000000
vn -0.000000 0.000000 1.000000
vn -0.000000 0.000000 1.000000
vn -0.000000 -0.000000 -1.000000
vn -0.000000 -0.000000 -1.000000
vn -0.000000 -0.000000 -1.000000
vn -0.000000 -0.000000 -1.000000
vn -0.999417 0.000000 0.034141
vn -0.999417 0.000000 0.034139
vn -0.999417 0.000000 0.034149
vn -0.999417 0.000000 0.034150
vn 0.873780 0.002852 0.486313
vn 0.946884 0.007493 0.321489
vn 0.873275 0.000000 0.487228
vn 0.948669 0.009936 0.316115
vn 0.997151 0.007307 0.075079
vn 0.997794 0.007400 0.065967
vn 0.994126 -0.076527 -0.076526
vn 0.996690 -0.069057 -0.042900
vn 0.997640 -0.055154 0.040908
vn 0.997672 -0.048224 0.048224
vn 0.952729 -0.000000 -0.303822
vn 0.961036 -0.000000 -0.276422
vn 0.712759 -0.000000 -0.701409
vn 0.712575 -0.000000 -0.701596
vn 0.580320 -0.000000 -0.814388
vn 0.580320 -0.000000 -0.814388
vn 0.000991 0.999749 -0.022372
vn 0.001782 0.999916 -0.012877
vn -0.000000 0.999740 -0.022803
vn 0.002116 0.999934 -0.011260
vn 0.000699 0.999998 -0.001896
vn 0.000811 0.999998 -0.001605
vn 0.000356 1.000000 -0.000375
vn 0.000376 1.000000 -0.000243
vn -0.000000 1.000000 -0.000000
vn -0.000000 1.000000 -0.000000
vn -0.002069 -0.999863 0.016448
vn -0.001622 -0.999574 0.029146
vn -0.000000 -0.999548 0.030076
vn -0.002642 -0.999896 0.014155
vn -0.000713 -0.999998 0.001940
vn -0.000829 -0.999998 0.001641
vn -0.000700 -0.999999 0.000738
vn -0.000802 -1.000000 0.000516
vn 0.865235 0.395124 0.308617
vn 0.868734 0.360354 0.339775
vn 0.855917 0.447956 0.258344
vn 0.870315 0.299820 0.390718
vn -0.528767 -0.183205 -0.828759
vn -0.537903 -0.000000 -0.843007
vn -0.489427 -0.000000 -0.872044
vn -0.480271 -0.183797 -0.857647
vn -0.528767 0.183205 -0.828759
vn -0.480271 0.183797 -0.857647
vn -0.492812 -0.183923 -0.850475
vn -0.492812 0.183923 -0.850475
vn -0.513902 -0.000000 -0.857849
vn -0.611142 -0.062545 -0.789046
vn -0.611142 0.062545 -0.789046
vn -0.224106 0.969701 -0.097248
vn -0.072037 0.991734 0.106179
vn -0.165960 0.983818 0.067519
vn -0.067492 0.937374 0.341724
vn -0.152047 0.980857 -0.121659
vn 0.008328 0.999894 0.011924
vn 0.060730 0.970168 0.234702
vn -0.088831 0.983183 -0.159563
vn 0.102317 0.979674 0.172541
vn -0.089570 0.984606 -0.150094
vn 0.111976 0.974984 0.192011
vn 0.007445 0.999887 0.013070
vn -0.072037 -0.991734 0.106179
vn -0.224106 -0.969701 -0.097247
vn -0.165960 -0.983818 0.067518
vn -0.067492 -0.937374 0.341724
vn -0.152047 -0.980857 -0.121658
vn 0.008328 -0.999894 0.011924
vn 0.060730 -0.970168 0.234702
vn -0.088831 -0.983183 -0.159563
vn 0.102317 -0.979674 0.172542
vn -0.089570 -0.984606 -0.150094
vn 0.111976 -0.974984 0.192011
vn 0.007445 -0.999887 0.013070
vn 0.972767 -0.226745 -0.048069
vn 0.971520 -0.234949 -0.030776
vn 0.999811 0.000000 0.019420
vn 0.840199 -0.410647 -0.354169
vn 0.836519 -0.416304 -0.356269
vn 0.972767 0.226745 -0.048069
vn 0.971521 0.234948 -0.030776
vn 0.697319 -0.222545 -0.681337
vn 0.686268 -0.237038 -0.687640
vn 0.639323 -0.000000 -0.768938
vn 0.840199 0.410647 -0.354169
vn 0.836519 0.416304 -0.356268
vn 0.697319 0.222545 -0.681337
vn 0.686268 0.237038 -0.687640
f 1/1/1 2/2/2 3/3/3
f 1/1/1 3/3/3 4/4/4
f 5/5/5 6/6/6 7/7/7
f 5/5/5 7/7/7 8/8/8
f 9/9/9 5/5/5 8/8/8
f 9/9/9 8/8/8 10/10/10
f 11/11/11 12/12/12 13/13/13
f 12/12/12 14/14/14 13/13/13
f 13/13/13 14/14/14 15/15/15
f 14/14/14 16/16/16 15/15/15
f 17/17/17 16/16/16 14/14/14
f 18/18/18 17/17/17 14/14/14
f 19/19/19 17/17/17 18/18/18
f 19/19/19 18/18/18 20/20/20
f 21/21/21 19/19/19 20/20/20
f 21/21/21 20/20/20 22/22/22
f 23/23/23 24/24/24 25/25/25
f 23/23/23 26/26/26 24/24/24
f 26/26/26 23/23/23 27/27/27
f 28/28/28 26/26/26 27/27/27
f 29/29/29 26/26/26 28/28/28
f 26/26/26 29/29/29 30/30/30
f 30/30/30 29/29/29 31/31/31
f 30/30/30 31/31/31 32/32/32
f 32/32/32 31/31/31 33/33/33
f 32/32/32 33/33/33 34/34/34
f 35/35/35 36/36/36 37/37/37
f 35/35/35 37/37/37 38/38/38
f 35/35/35 38/38/38 39/39/39
f 35/35/35 39/39/39 40/40/40
f 41/41/41 42/42/42 43/43/43
f 41/41/41 44/44/44 42/42/42
f 42/42/42 44/44/44 45/45/45
f 42/42/42 45/45/45 46/46/46
f 45/45/45 47/47/47 46/46/46
f 45/45/45 48/48/48 47/47/47
f 47/47/47 48/48/48 49/49/49
f 47/47/47 49/49/49 50/50/50
f 51/51/51 52/52/52 53/53/53
f 51/51/51 53/53/53 54/54/54
f 54/54/54 53/53/53 55/55/55
f 54/54/54 55/55/55 56/56/56
f 57/57/57 58/58/58 59/59/59
f 57/57/57 59/59/59 60/60/60
f 57/57/57 60/60/60 61/61/61
f 57/57/57 61/61/61 62/62/62
f 63/63/63 64/64/64 65/65/65
f 63/63/63 66/66/66 64/64/64
f 64/64/64 66/66/66 67/67/67
f 64/64/64 67/67/67 68/68/68
f 69/69/69 70/70/70 71/71/71
f 69/69/69 72/72/72 70/70/70
f 73/73/73 70/70/70 72/72/72
f 73/73/73 74/74/74 70/70/70
f 75/75/75 76/76/76 77/77/77
f 75/75/75 78/78/78 76/76/76
f 79/79/79 80/80/80 81/81/81
f 79/79/79 82/82/82 80/80/80
f 79/79/79 83/83/83 82/82/82
f 79/79/79 84/84/84 83/83/83
f 85/85/85 86/86/86 87/87/87
f 85/85/85 88/88/88 86/86/86
f 89/89/89 90/90/90 91/91/91
f 89/89/89 91/91/91 92/92/92
f 93/93/93 89/89/89 92/92/92
f 94/94/94 92/92/92 91/91/91
f 94/94/94 91/91/91 95/95/95
f 96/96/96 92/92/92 94/94/94
f 93/93/93 92/92/92 97/97/97
f 96/96/96 97/97/97 92/92/92
f 97/97/97 98/98/98 93/93/93
f 96/96/96 99/99/99 97/97/97
f 97/97/97 99/99/99 98/98/98
f 100/100/100 101/101/101 102/102/102
f 100/100/100 102/102/102 103/103/103
f 104/104/104 105/105/105 106/106/106
f 104/104/104 106/106/106 107/107/107
f 108/108/108 109/109/109 110/110/110
f 108/108/108 110/110/110 111/111/111
f 112/112/112 113/113/113 114/114/114
f 112/112/112 114/114/114 115/115/115
f 116/116/116 117/117/117 118/118/118
f 116/116/116 118/118/118 119/119/119
f 120/120/120 121/121/121 122/122/122
f 120/120/120 122/122/122 123/123/123
f 124/124/124 125/125/125 126/126/126
f 124/124/124 126/126/126 127/127/127
f 128/128/128 129/129/129 130/130/130
f 128/128/128 130/130/130 131/131/131
f 132/132/132 133/133/133 134/134/134
f 132/132/132 134/134/134 135/135/135
f 136/136/136 137/137/137 138/138/138
f 136/136/136 138/138/138 139/139/139
f 140/140/140 141/141/141 142/142/142
f 140/140/140 142/142/142 143/143/143
f 144/144/144 145/145/145 146/146/146
f 144/144/144 146/146/146 147/147/147
f 148/148/148 149/149/149 150/150/150
f 148/148/148 150/150/150 151/151/151
f 152/152/152 153/153/153 154/154/154
f 152/152/152 154/154/154 155/155/155
f 156/156/156 157/157/157 158/158/158
f 156/156/156 158/158/158 159/159/159
f 160/160/160 161/161/161 162/162/162
f 160/160/160 162/162/162 163/163/163
f 164/164/164 165/165/165 166/166/166
f 164/164/164 166/166/166 167/167/167
f 168/168/168 169/169/169 170/170/170
f 168/168/168 170/170/170 171/171/171
f 172/172/172 173/173/173 174/174/174
f 172/172/172 174/174/174 175/175/175
f 176/176/176 177/177/177 178/178/178
f 176/176/176 178/178/178 179/179/179
f 180/180/180 181/181/181 182/182/182
f 180/180/180 182/182/182 183/183/183
f 184/184/184 185/185/185 186/186/186
f 184/184/184 186/186/186 187/187/187
f 188/188/188 189/189/189 190/190/190
f 188/188/188 190/190/190 191/191/191
f 192/192/192 193/193/193 194/194/194
f 192/192/192 194/194/194 195/195/195
f 196/196/196 197/197/197 198/198/198
f 196/196/196 198/198/198 199/199/199
f 200/200/200 201/201/201 202/202/202
f 200/200/200 202/202/202 203/203/203
f 204/204/204 205/205/205 206/206/206
f 204/204/204 206/206/206 207/207/207
f 208/208/208 209/209/209 210/210/210
f 208/208/208 210/210/210 211/211/211
f 212/212/212 213/213/213 214/214/214
f 212/212/212 214/214/214 215/215/215
f 216/216/216 217/217/217 218/218/218
f 216/216/216 218/218/218 219/219/219
f 220/220/220 221/221/221 222/222/222
f 220/220/220 222/222/222 223/223/223
f 224/224/224 225/225/225 226/226/226
f 224/224/224 227/227/227 225/225/225
f 228/228/228 229/229/229 230/230/230
f 228/228/228 230/230/230 231/231/231
f 232/232/232 233/233/233 234/234/234
f 232/232/232 235/235/235 233/233/233
f 236/236/236 237/237/237 238/238/238
f 236/236/236 238/238/238 239/239/239
f 240/240/240 241/241/241 242/242/242
f 240/240/240 242/242/242 243/243/243
f 244/244/244 245/245/245 246/246/246
f 244/244/244 246/246/246 247/247/247
f 248/248/248 249/249/249 250/250/250
f 248/248/248 250/250/250 251/251/251
f 252/252/252 253/253/253 254/254/254
f 252/252/252 254/254/254 255/255/255
f 255/255/255 254/254/254 256/256/256
f 255/255/255 256/256/256 257/257/257
f 258/258/258 259/259/259 260/260/260
f 258/258/258 260/260/260 261/261/261
f 261/261/261 260/260/260 262/262/262
f 261/261/261 262/262/262 263/263/263
f 264/264/264 265/265/265 266/266/266
f 264/264/264 266/266/266 267/267/267
f 268/268/268 269/269/269 270/270/270
f 271/271/271 269/269/269 268/268/268
f 272/272/272 269/269/269 271/271/271
f 273/273/273 269/269/269 272/272/272
f 274/274/274 275/275/275 276/276/276
f 274/274/274 276/276/276 277/277/277
f 278/278/278 279/279/279 280/280/280
f 278/278/278 280/280/280 281/281/281
f 282/282/282 283/283/283 284/284/284
f 285/285/285 283/283/283 282/282/282
f 285/285/285 286/286/286 283/283/283
f 283/283/283 286/286/286 287/287/287
f 288/288/288 289/289/289 290/290/290
f 289/289/289 288/288/288 291/291/291
f 288/288/288 292/292/292 291/291/291
f 293/293/293 292/292/292 288/288/288
f 294/294/294 292/292/292 293/293/293
f 294/294/294 293/293/293 295/295/295
f 296/296/296 297/297/297 298/298/298
f 296/296/296 298/298/298 299/299/299
f 300/300/300 301/301/301 302/302/302
f 303/303/303 301/301/301 300/300/300
f 303/303/303 300/300/300 304/304/304
f 305/305/305 306/306/306 307/307/307
f 305/305/305 307/307/307 308/308/308
f 308/308/308 309/309/309 305/305/305
f 310/310/310 311/311/311 312/312/312
f 310/310/310 313/313/313 311/311/311
f 313/313/313 310/310/310 314/314/314
f 313/313/313 314/314/314 315/315/315
f 315/315/315 314/314/314 316/316/316
f 315/315/315 316/316/316 317/317/317
f 316/316/316 318/318/318 317/317/317
f 318/318/318 316/316/316 319/319/319
f 319/319/319 320/320/320 318/318/318
f 319/319/319 321/321/321 320/320/320
f 320/320/320 321/321/321 322/322/322
f 320/320/320 322/322/322 323/323/323
f 323/323/323 322/322/322 324/324/324
f 323/323/323 324/324/324 325/325/325
f 326/326/326 327/327/327 328/328/328
f 329/329/329 327/327/327 326/326/326
f 330/330/330 327/327/327 329/329/329
f 331/331/331 327/327/327 330/330/330
f 332/332/332 331/331/331 330/330/330
f 332/332/332 333/333/333 331/331/331
f 334/334/334 335/335/335 336/336/336
f 334/334/334 336/336/336 337/337/337
f 338/338/338 339/339/339 340/340/340
f 338/338/338 340/340/340 341/341/341
f 342/342/342 343/343/343 344/344/344
f 342/342/342 344/344/344 345/345/345
f 346/346/346 347/347/347 348/348/348
f 346/346/346 349/349/349 347/347/347
f 350/350/350 347/347/347 349/349/349
f 350/350/350 349/349/349 351/351/351
f 351/351/351 352/352/352 350/350/350
f 351/351/351 353/353/353 352/352/352
f 353/353/353 354/354/354 352/352/352
f 353/353/353 355/355/355 354/354/354
f 354/354/354 355/355/355 356/356/356
f 354/354/354 356/356/356 357/357/357
f 356/356/356 358/358/358 357/357/357
f 356/356/356 359/359/359 358/358/358
f 360/360/360 358/358/358 359/359/359
f 360/360/360 359/359/359 361/361/361
f 362/362/362 363/363/363 364/364/364
f 365/365/365 363/363/363 362/362/362
f 365/365/365 366/366/366 363/363/363
f 367/367/367 366/366/366 365/365/365
f 367/367/367 368/368/368 366/366/366
f 369/369/369 368/368/368 367/367/367
f 370/370/370 368/368/368 369/369/369
f 371/371/371 368/368/368 370/370/370
f 372/372/372 373/373/373 374/374/374
f 372/372/372 375/375/375 373/373/373
f 376/376/376 375/375/375 372/372/372
f 375/375/375 376/376/376 377/377/377
f 376/376/376 378/378/378 377/377/377
f 377/377/377 378/378/378 379/379/379
f 380/380/380 381/381/381 382/382/382
f 380/380/380 383/383/383 381/381/381
f 384/384/384 385/385/385 386/386/386
f 384/384/384 386/386/386 387/387/387
f 386/386/386 385/385/385 388/388/388
f 386/386/386 388/388/388 389/389/389
f 390/390/390 387/387/387 386/386/386
f 391/391/391 386/386/386 389/389/389
f 390/390/390 386/386/386 392/392/392
f 391/391/391 392/392/392 386/386/386
f 392/392/392 393/393/393 390/390/390
f 391/391/391 394/394/394 392/392/392
f 392/392/392 394/394/394 393/393/393
f 395/395/395 396/396/396 397/397/397
f 396/396/396 398/398/398 397/397/397
f 395/395/395 399/399/399 396/396/396
f 399/399/399 400/400/400 396/396/396
f 396/396/396 401/401/401 398/398/398
f 400/400/400 401/401/401 396/396/396
f 402/402/402 400/400/400 399/399/399
f 401/401/401 400/400/400 403/403/403
f 404/404/404 400/400/400 402/402/402
f 403/403/403 400/400/400 405/405/405
f 406/406/406 400/400/400 404/404/404
f 405/405/405 400/400/400 406/406/406
f 407/407/407 408/408/408 409/409/409
f 410/410/410 407/407/407 409/409/409
f 407/407/407 411/411/411 408/408/408
f 412/412/412 411/411/411 407/407/407
f 410/410/410 413/413/413 407/407/407
f 412/412/412 407/407/407 413/413/413
f 414/414/414 411/411/411 412/412/412
f 415/415/415 412/412/412 413/413/413
f 414/414/414 412/412/412 416/416/416
f 417/417/417 412/412/412 415/415/415
f 416/416/416 412/412/412 418/418/418
f 412/412/412 417/417/417 418/418/418
f 419/419/419 420/420/420 421/421/421
f 419/419/419 422/422/422 420/420/420
f 419/419/419 423/423/423 422/422/422
f 419/419/419 421/421/421 424/424/424
f 424/424/424 421/421/421 425/425/425
f 426/426/426 422/422/422 423/423/423
f 426/426/426 427/427/427 422/422/422
f 426/426/426 428/428/428 427/427/427
f 424/424/424 425/425/425 429/429/429
f 424/424/424 429/429/429 430/430/430
f 431/431/431 428/428/428 426/426/426
f 431/431/431 430/430/430 429/429/429
f 431/431/431 432/432/432 428/428/428
f 431/431/431 429/429/429 432/432/432
