# Unturned item rip -> Godot (X+Z negated, winding reversed, RH Y-up)
v 0.146113 0.107639 -0.440094
v 0.109238 0.129002 -0.440036
v 0.109212 0.088456 -0.456290
v 0.146113 0.107639 -0.440094
v 0.109212 0.088456 -0.456290
v 0.146087 0.043179 -0.456348
v 0.147503 -0.027096 -0.718708
v 0.147503 0.009348 -0.708971
v 0.087074 0.009348 -0.708971
v 0.087074 -0.027096 -0.718708
v -0.152075 0.022362 -0.682232
v -0.152075 -0.288102 -0.682232
v -0.152075 -0.288102 -0.718708
v -0.152075 -0.027096 -0.718708
v -0.152075 0.009348 -0.708971
v -0.091646 -0.356370 -0.718708
v -0.091646 -0.356370 -0.682232
v 0.087074 -0.356370 -0.682232
v 0.087074 -0.356370 -0.718708
v 0.147503 -0.027096 -0.718708
v 0.087074 -0.027096 -0.718708
v 0.087074 -0.288102 -0.718708
v 0.087074 -0.356370 -0.718708
v 0.147503 -0.288102 -0.718708
v -0.091646 -0.356370 -0.718708
v -0.091646 -0.288102 -0.718708
v -0.152075 -0.288102 -0.718708
v -0.091646 -0.027096 -0.718708
v -0.152075 -0.027096 -0.718708
v 0.087074 0.022362 -0.682232
v 0.087074 -0.288102 -0.682232
v 0.087074 -0.288102 -0.718708
v 0.087074 -0.027096 -0.718708
v 0.087074 0.009348 -0.708971
v -0.091646 -0.027096 -0.718708
v -0.091646 -0.288102 -0.718708
v -0.091646 -0.288102 -0.682232
v -0.091646 0.022362 -0.682232
v -0.091646 0.009348 -0.708971
v -0.091646 0.022362 -0.682232
v -0.152075 0.022362 -0.682232
v -0.152075 0.009348 -0.708971
v -0.091646 0.009348 -0.708971
v 0.147503 0.022362 -0.682232
v 0.087074 0.022362 -0.682232
v 0.087074 0.009348 -0.708971
v 0.147503 0.009348 -0.708971
v -0.091646 -0.027096 -0.718708
v -0.091646 0.009348 -0.708971
v -0.152075 0.009348 -0.708971
v -0.152075 -0.027096 -0.718708
v 0.082288 -0.001987 -0.668427
v 0.093143 0.000381 -0.640972
v 0.141434 0.000381 -0.640972
v 0.152288 -0.001987 -0.668427
v 0.082288 -0.004157 -0.693597
v 0.152288 -0.004157 -0.693597
v 0.147503 -0.027096 -0.718708
v 0.147503 -0.288102 -0.718708
v 0.147503 -0.288102 -0.682232
v 0.147503 0.022362 -0.682232
v 0.147503 0.009348 -0.708971
v -0.152075 -0.288102 -0.682232
v -0.091646 -0.356370 -0.682232
v -0.091646 -0.356370 -0.718708
v -0.152075 -0.288102 -0.718708
v 0.087074 -0.356370 -0.682232
v 0.147503 -0.288102 -0.682232
v 0.147503 -0.288102 -0.718708
v 0.087074 -0.356370 -0.718708
v -0.091646 -0.288102 -0.682232
v -0.091646 -0.288102 -0.718708
v 0.087074 -0.288102 -0.718708
v 0.087074 -0.288102 -0.682232
v 0.152288 0.025164 -0.670768
v 0.141434 0.027531 -0.643313
v 0.093143 0.027531 -0.643313
v 0.082288 0.025164 -0.670768
v 0.152288 0.022994 -0.695938
v 0.082288 0.022994 -0.695938
v -0.154536 0.129002 -0.277070
v -0.154792 0.129002 -0.439610
v -0.146369 0.179169 -0.439624
v -0.146113 0.179169 -0.277083
v 0.094006 0.145257 -0.440012
v 0.094147 0.145257 -0.350615
v -0.045585 0.145257 -0.350395
v -0.045725 0.145257 -0.439792
v 0.057316 0.253518 -0.325688
v 0.024342 0.253518 -0.311969
v -0.008675 0.253518 -0.325584
v -0.022394 0.253518 -0.358558
v 0.070931 0.253518 -0.358705
v -0.008779 0.253518 -0.391575
v 0.057212 0.253518 -0.391679
v 0.024195 0.253518 -0.405294
v 0.024195 0.235045 -0.405294
v -0.008779 0.235045 -0.391575
v -0.008779 0.259432 -0.391575
v 0.007708 0.278307 -0.398435
v 0.024195 0.278307 -0.405294
v 0.069776 0.129002 -0.313267
v 0.024370 0.129002 -0.294375
v 0.024370 0.235045 -0.294375
v 0.024370 0.278307 -0.294375
v 0.047073 0.278307 -0.303821
v 0.069776 0.259432 -0.313267
v 0.069776 0.235045 -0.313267
v -0.021096 0.235045 -0.313124
v -0.021096 0.129002 -0.313124
v -0.039988 0.129002 -0.358530
v -0.039988 0.235045 -0.358530
v -0.021096 0.259432 -0.313124
v -0.039988 0.259432 -0.358530
v -0.101739 0.100236 -0.433244
v -0.089326 0.121479 -0.430015
v -0.093858 0.124796 -0.451693
v -0.104021 0.107402 -0.454337
v 0.001464 0.278307 -0.413442
v -0.021239 0.259432 -0.403996
v -0.021239 0.235045 -0.403996
v 0.024167 0.129002 -0.422888
v -0.021239 0.129002 -0.403996
v 0.024167 0.235045 -0.422888
v 0.024167 0.278307 -0.422888
v -0.125613 0.125665 -0.457329
v -0.128128 0.124182 -0.447630
v -0.121151 0.112233 -0.449468
v -0.119901 0.115881 -0.458834
v -0.154792 0.129002 -0.439610
v -0.154536 0.129002 -0.277070
v -0.154536 0.088456 -0.277070
v -0.154817 0.088456 -0.455864
v -0.135694 0.002544 -0.455895
v -0.135413 0.002544 -0.277100
v -0.079338 0.002544 -0.277198
v -0.065007 0.001938 -0.318257
v 0.136248 0.002544 -0.277538
v -0.065174 0.001938 -0.424664
v 0.094992 0.001938 -0.318509
v -0.079620 0.002544 -0.455992
v 0.135966 0.002544 -0.456332
v 0.094825 0.001938 -0.424916
v -0.039988 0.235045 -0.358530
v -0.039988 0.129002 -0.358530
v -0.021239 0.129002 -0.403996
v -0.021239 0.235045 -0.403996
v -0.039988 0.259432 -0.358530
v -0.021239 0.259432 -0.403996
v -0.154792 0.129002 -0.439610
v -0.154817 0.088456 -0.455864
v 0.109212 0.088456 -0.456290
v -0.073522 0.129002 -0.439738
v 0.109238 0.129002 -0.440036
v 0.094006 0.129002 -0.440012
v 0.094147 0.129002 -0.350615
v 0.094147 0.145257 -0.350615
v 0.094006 0.145257 -0.440012
v -0.065174 0.013714 -0.424664
v -0.065007 0.013714 -0.318257
v 0.094992 0.013714 -0.318509
v 0.094825 0.013714 -0.424916
v -0.081945 0.179169 -0.439725
v -0.081689 0.179169 -0.277185
v -0.146113 0.179169 -0.277083
v -0.146369 0.179169 -0.439624
v 0.007833 0.278307 -0.318776
v -0.008675 0.259432 -0.325584
v -0.008675 0.235045 -0.325584
v 0.024342 0.235045 -0.311969
v 0.024342 0.278307 -0.311969
v 0.074223 0.171192 -0.481838
v 0.074223 0.060118 -0.482333
v 0.094006 0.060118 -0.440012
v 0.094006 0.129002 -0.440012
v 0.094006 0.145257 -0.440012
v 0.094006 0.163956 -0.440140
v -0.045725 0.145257 -0.439792
v -0.045585 0.145257 -0.350395
v -0.045585 0.129002 -0.350395
v -0.045725 0.129002 -0.439792
v 0.057212 0.235045 -0.391679
v 0.024195 0.235045 -0.405294
v 0.024195 0.278307 -0.405294
v 0.040704 0.278307 -0.398487
v 0.057212 0.259432 -0.391679
v -0.045725 0.129002 -0.439792
v -0.045725 0.060118 -0.439792
v -0.026075 0.060118 -0.482175
v -0.026074 0.171192 -0.481680
v -0.045725 0.145257 -0.439792
v -0.045726 0.163956 -0.439920
v 0.094147 0.145257 -0.350615
v 0.094147 0.129002 -0.350615
v -0.045585 0.129002 -0.350395
v -0.045585 0.145257 -0.350395
v 0.087045 0.161178 -0.424114
v -0.038714 0.161178 -0.423916
v -0.045726 0.163956 -0.439920
v 0.094006 0.163956 -0.440140
v -0.026074 0.171192 -0.481680
v 0.074223 0.171192 -0.481838
v 0.087045 0.145257 -0.423747
v -0.038713 0.145257 -0.423549
v -0.038714 0.161178 -0.423916
v 0.087045 0.161178 -0.424114
v 0.094006 0.163956 -0.440140
v 0.094006 0.145257 -0.440012
v 0.087045 0.145257 -0.423747
v 0.087045 0.161178 -0.424114
v -0.134493 0.124796 -0.451629
v -0.138956 0.121479 -0.429936
v -0.126554 0.100236 -0.433205
v -0.124339 0.107402 -0.454305
v -0.073522 0.129002 -0.439738
v -0.073266 0.129002 -0.277198
v -0.081689 0.179169 -0.277185
v -0.081945 0.179169 -0.439725
v -0.124330 0.142189 -0.448985
v -0.126544 0.142723 -0.426707
v -0.138956 0.121479 -0.429936
v -0.134493 0.124796 -0.451629
v -0.102756 0.125665 -0.457365
v -0.100211 0.124182 -0.447673
v -0.107187 0.136132 -0.445835
v -0.108468 0.135449 -0.455860
v 0.146087 0.043179 -0.456348
v 0.146369 0.043179 -0.277553
v 0.146369 0.107639 -0.277553
v 0.146113 0.107639 -0.440094
v -0.124339 0.107402 -0.454305
v -0.126554 0.100236 -0.433205
v -0.101739 0.100236 -0.433244
v -0.104021 0.107402 -0.454337
v 0.094992 0.001938 -0.318509
v 0.094992 0.013714 -0.318509
v -0.065007 0.013714 -0.318257
v -0.065007 0.001938 -0.318257
v -0.107193 0.112233 -0.449490
v -0.100211 0.124182 -0.447673
v -0.102756 0.125665 -0.457365
v -0.108473 0.115881 -0.458852
v -0.119901 0.115881 -0.458834
v -0.121151 0.112233 -0.449468
v -0.107193 0.112233 -0.449490
v -0.108473 0.115881 -0.458852
v 0.088525 0.235045 -0.358733
v 0.088525 0.129002 -0.358733
v 0.069776 0.129002 -0.313267
v 0.069776 0.235045 -0.313267
v 0.088525 0.259432 -0.358733
v 0.069776 0.259432 -0.313267
v 0.057212 0.235045 -0.391679
v 0.057212 0.253518 -0.391679
v 0.024195 0.253518 -0.405294
v 0.024195 0.235045 -0.405294
v -0.021096 0.129002 -0.313124
v -0.021096 0.235045 -0.313124
v -0.021096 0.259432 -0.313124
v 0.001637 0.278307 -0.303750
v 0.024370 0.129002 -0.294375
v 0.024370 0.278307 -0.294375
v 0.024370 0.235045 -0.294375
v -0.022394 0.235045 -0.358558
v -0.022394 0.253518 -0.358558
v -0.008675 0.253518 -0.325584
v -0.008675 0.235045 -0.325584
v 0.070931 0.235045 -0.358705
v 0.070931 0.253518 -0.358705
v 0.057212 0.253518 -0.391679
v 0.057212 0.235045 -0.391679
v 0.057316 0.235045 -0.325688
v 0.057316 0.253518 -0.325688
v 0.070931 0.253518 -0.358705
v 0.070931 0.235045 -0.358705
v -0.045725 0.060118 -0.439792
v 0.094006 0.060118 -0.440012
v 0.074223 0.060118 -0.482333
v -0.026075 0.060118 -0.482175
v 0.024167 0.235045 -0.422888
v 0.024167 0.129002 -0.422888
v 0.069633 0.129002 -0.404139
v 0.024167 0.278307 -0.422888
v 0.046900 0.278307 -0.413513
v 0.069633 0.259432 -0.404139
v 0.069633 0.235045 -0.404139
v 0.069633 0.235045 -0.404139
v 0.069633 0.129002 -0.404139
v 0.088525 0.129002 -0.358733
v 0.088525 0.235045 -0.358733
v 0.069633 0.259432 -0.404139
v 0.088525 0.259432 -0.358733
v -0.135413 0.002544 -0.277100
v -0.154536 0.088456 -0.277070
v -0.154536 0.129002 -0.277070
v -0.146113 0.179169 -0.277083
v -0.081689 0.179169 -0.277185
v -0.079338 0.002544 -0.277198
v -0.073266 0.129002 -0.277198
v 0.136248 0.002544 -0.277538
v 0.109494 0.129002 -0.277495
v 0.146369 0.107639 -0.277553
v 0.146369 0.043179 -0.277553
v -0.045725 0.145257 -0.439792
v -0.045726 0.163956 -0.439920
v -0.038714 0.161178 -0.423916
v -0.038713 0.145257 -0.423549
v -0.026074 0.171192 -0.481680
v -0.026075 0.060118 -0.482175
v 0.074223 0.060118 -0.482333
v 0.074223 0.171192 -0.481838
v -0.124330 0.142189 -0.448985
v -0.134493 0.124796 -0.451629
v -0.124339 0.107402 -0.454305
v -0.104021 0.107402 -0.454337
v -0.104013 0.142189 -0.449017
v -0.093858 0.124796 -0.451693
v -0.101729 0.142723 -0.426746
v -0.126544 0.142723 -0.426707
v -0.124330 0.142189 -0.448985
v -0.104013 0.142189 -0.449017
v -0.107187 0.136132 -0.445835
v -0.121146 0.136132 -0.445813
v -0.119896 0.135449 -0.455842
v -0.108468 0.135449 -0.455860
v 0.109212 0.088456 -0.456290
v -0.154817 0.088456 -0.455864
v -0.135694 0.002544 -0.455895
v -0.079620 0.002544 -0.455992
v 0.135966 0.002544 -0.456332
v 0.146087 0.043179 -0.456348
v -0.119896 0.135449 -0.455842
v -0.121146 0.136132 -0.445813
v -0.128128 0.124182 -0.447630
v -0.125613 0.125665 -0.457329
v -0.008675 0.235045 -0.325584
v -0.008675 0.253518 -0.325584
v 0.024342 0.253518 -0.311969
v 0.024342 0.235045 -0.311969
v -0.065174 0.001938 -0.424664
v -0.065174 0.013714 -0.424664
v 0.094825 0.013714 -0.424916
v 0.094825 0.001938 -0.424916
v -0.154792 0.129002 -0.439610
v -0.073522 0.129002 -0.439738
v -0.081945 0.179169 -0.439725
v -0.146369 0.179169 -0.439624
v 0.109238 0.129002 -0.440036
v 0.109494 0.129002 -0.277495
v -0.073266 0.129002 -0.277198
v -0.073522 0.129002 -0.439738
v -0.093858 0.124796 -0.451693
v -0.089326 0.121479 -0.430015
v -0.101729 0.142723 -0.426746
v -0.104013 0.142189 -0.449017
v 0.094825 0.001938 -0.424916
v 0.094825 0.013714 -0.424916
v 0.094992 0.013714 -0.318509
v 0.094992 0.001938 -0.318509
v -0.065007 0.001938 -0.318257
v -0.065007 0.013714 -0.318257
v -0.065174 0.013714 -0.424664
v -0.065174 0.001938 -0.424664
v -0.057316 0.015753 -0.455524
v -0.049974 0.026780 -0.455514
v -0.049964 0.026780 -0.462138
v -0.057306 0.015752 -0.462148
v -0.068547 0.077095 -0.455524
v -0.081411 0.073930 -0.455545
v -0.081401 0.073932 -0.462169
v -0.068537 0.077098 -0.462148
v -0.121850 0.052164 -0.455615
v -0.112677 0.042606 -0.455605
v -0.112667 0.042608 -0.462229
v -0.121840 0.052167 -0.462239
v -0.070538 0.016597 -0.455545
v -0.057316 0.015753 -0.455524
v -0.057306 0.015752 -0.462148
v -0.070527 0.016596 -0.462169
v -0.081401 0.073932 -0.462169
v -0.085092 0.061209 -0.462180
v -0.075919 0.051650 -0.462169
v -0.068537 0.077098 -0.462148
v -0.063054 0.054816 -0.462148
v -0.059363 0.067539 -0.462138
v -0.112677 0.042606 -0.455605
v -0.099812 0.045771 -0.455584
v -0.099802 0.045774 -0.462208
v -0.112667 0.042608 -0.462229
v -0.069065 0.039497 -0.462169
v -0.076407 0.028469 -0.462180
v -0.070527 0.016596 -0.462169
v -0.057306 0.015752 -0.462148
v -0.055843 0.038652 -0.462148
v -0.049964 0.026780 -0.462138
v -0.059373 0.067537 -0.455514
v -0.068547 0.077095 -0.455524
v -0.068537 0.077098 -0.462148
v -0.059363 0.067539 -0.462138
v -0.099812 0.045771 -0.455584
v -0.096121 0.058495 -0.455573
v -0.096111 0.058497 -0.462198
v -0.099802 0.045774 -0.462208
v -0.055854 0.038653 -0.455524
v -0.069075 0.039497 -0.455545
v -0.069065 0.039497 -0.462169
v -0.055843 0.038652 -0.462148
v -0.063064 0.054813 -0.455524
v -0.059373 0.067537 -0.455514
v -0.059363 0.067539 -0.462138
v -0.063054 0.054816 -0.462148
v -0.096121 0.058495 -0.455573
v -0.105295 0.068053 -0.455584
v -0.105285 0.068056 -0.462208
v -0.096111 0.058497 -0.462198
v -0.118149 0.064890 -0.462229
v -0.121840 0.052167 -0.462239
v -0.112667 0.042608 -0.462229
v -0.105285 0.068056 -0.462208
v -0.099802 0.045774 -0.462208
v -0.096111 0.058497 -0.462198
v -0.075929 0.051648 -0.455545
v -0.063064 0.054813 -0.455524
v -0.063054 0.054816 -0.462148
v -0.075919 0.051650 -0.462169
v -0.105295 0.068053 -0.455584
v -0.118159 0.064888 -0.455605
v -0.118149 0.064890 -0.462229
v -0.105285 0.068056 -0.462208
v -0.049974 0.026780 -0.455514
v -0.055854 0.038653 -0.455524
v -0.055843 0.038652 -0.462148
v -0.049964 0.026780 -0.462138
v -0.081411 0.073930 -0.455545
v -0.085102 0.061206 -0.455556
v -0.085092 0.061209 -0.462180
v -0.081401 0.073932 -0.462169
v -0.118159 0.064888 -0.455605
v -0.121850 0.052164 -0.455615
v -0.121840 0.052167 -0.462239
v -0.118149 0.064890 -0.462229
v -0.085102 0.061206 -0.455556
v -0.075929 0.051648 -0.455545
v -0.075919 0.051650 -0.462169
v -0.085092 0.061209 -0.462180
v -0.069075 0.039497 -0.455545
v -0.076417 0.028469 -0.455556
v -0.076407 0.028469 -0.462180
v -0.069065 0.039497 -0.462169
v -0.076417 0.028469 -0.455556
v -0.070538 0.016597 -0.455545
v -0.070527 0.016596 -0.462169
v -0.076407 0.028469 -0.462180
v 0.024342 0.278307 -0.311969
v 0.001637 0.278307 -0.303750
v 0.007833 0.278307 -0.318776
v 0.024370 0.278307 -0.294375
v 0.040829 0.278307 -0.318828
v 0.047073 0.278307 -0.303821
v -0.045725 0.129002 -0.439792
v 0.094006 0.129002 -0.440012
v 0.094006 0.060118 -0.440012
v -0.045725 0.060118 -0.439792
v 0.057316 0.259432 -0.325688
v 0.069776 0.259432 -0.313267
v 0.047073 0.278307 -0.303821
v 0.040829 0.278307 -0.318828
v 0.146369 0.043179 -0.277553
v 0.146087 0.043179 -0.456348
v 0.135966 0.002544 -0.456332
v 0.136248 0.002544 -0.277538
v 0.040829 0.278307 -0.318828
v 0.024342 0.278307 -0.311969
v 0.024342 0.235045 -0.311969
v 0.057316 0.235045 -0.325688
v 0.057316 0.259432 -0.325688
v -0.154817 0.088456 -0.455864
v -0.154536 0.088456 -0.277070
v -0.135413 0.002544 -0.277100
v -0.135694 0.002544 -0.455895
v -0.008779 0.235045 -0.391575
v -0.008779 0.253518 -0.391575
v -0.022394 0.253518 -0.358558
v -0.022394 0.235045 -0.358558
v 0.070931 0.259432 -0.358705
v 0.069776 0.259432 -0.313267
v 0.057316 0.259432 -0.325688
v 0.088525 0.259432 -0.358733
v 0.057212 0.259432 -0.391679
v 0.069633 0.259432 -0.404139
v 0.057316 0.235045 -0.325688
v 0.070931 0.235045 -0.358705
v 0.070931 0.259432 -0.358705
v 0.057316 0.259432 -0.325688
v 0.069776 0.235045 -0.313267
v 0.069776 0.259432 -0.313267
v 0.057316 0.259432 -0.325688
v 0.057316 0.235045 -0.325688
v 0.070931 0.235045 -0.358705
v 0.088525 0.235045 -0.358733
v 0.088525 0.259432 -0.358733
v 0.070931 0.259432 -0.358705
v 0.024370 0.235045 -0.294375
v 0.024342 0.235045 -0.311969
v 0.024342 0.278307 -0.311969
v 0.024370 0.278307 -0.294375
v 0.007833 0.278307 -0.318776
v 0.001637 0.278307 -0.303750
v -0.021096 0.259432 -0.313124
v -0.008675 0.259432 -0.325584
v -0.021096 0.235045 -0.313124
v -0.021096 0.259432 -0.313124
v -0.008675 0.259432 -0.325584
v -0.008675 0.235045 -0.325584
v -0.008675 0.259432 -0.325584
v -0.021096 0.259432 -0.313124
v -0.039988 0.259432 -0.358530
v -0.022394 0.259432 -0.358558
v -0.021239 0.259432 -0.403996
v -0.008779 0.259432 -0.391575
v -0.022394 0.235045 -0.358558
v -0.008675 0.235045 -0.325584
v -0.008675 0.259432 -0.325584
v -0.022394 0.259432 -0.358558
v -0.039988 0.235045 -0.358530
v -0.022394 0.235045 -0.358558
v -0.022394 0.259432 -0.358558
v -0.039988 0.259432 -0.358530
v 0.146113 0.107639 -0.440094
v 0.146369 0.107639 -0.277553
v 0.109494 0.129002 -0.277495
v 0.109238 0.129002 -0.440036
v -0.008779 0.235045 -0.391575
v -0.022394 0.235045 -0.358558
v -0.022394 0.259432 -0.358558
v -0.008779 0.259432 -0.391575
v -0.021239 0.235045 -0.403996
v -0.008779 0.235045 -0.391575
v -0.008779 0.259432 -0.391575
v -0.021239 0.259432 -0.403996
v 0.024342 0.235045 -0.311969
v 0.024342 0.253518 -0.311969
v 0.057316 0.253518 -0.325688
v 0.057316 0.235045 -0.325688
v 0.007708 0.278307 -0.398435
v 0.001464 0.278307 -0.413442
v 0.024167 0.278307 -0.422888
v 0.024195 0.278307 -0.405294
v 0.046900 0.278307 -0.413513
v 0.040704 0.278307 -0.398487
v -0.119896 0.135449 -0.455842
v -0.125613 0.125665 -0.457329
v -0.119901 0.115881 -0.458834
v -0.108473 0.115881 -0.458852
v -0.108468 0.135449 -0.455860
v -0.102756 0.125665 -0.457365
v 0.024167 0.235045 -0.422888
v 0.024167 0.278307 -0.422888
v 0.024195 0.278307 -0.405294
v 0.024195 0.235045 -0.405294
v 0.040704 0.278307 -0.398487
v 0.046900 0.278307 -0.413513
v 0.069633 0.259432 -0.404139
v 0.057212 0.259432 -0.391679
v 0.070931 0.235045 -0.358705
v 0.057212 0.235045 -0.391679
v 0.057212 0.259432 -0.391679
v 0.070931 0.259432 -0.358705
v 0.057212 0.235045 -0.391679
v 0.057212 0.259432 -0.391679
v 0.069633 0.259432 -0.404139
v 0.069633 0.235045 -0.404139
v -0.008779 0.259432 -0.391575
v -0.021239 0.259432 -0.403996
v 0.001464 0.278307 -0.413442
v 0.007708 0.278307 -0.398435
v 0.024195 0.235045 -0.405294
v 0.024195 0.253518 -0.405294
v -0.008779 0.253518 -0.391575
v -0.008779 0.235045 -0.391575
v -0.021096 0.129002 -0.313124
v 0.024370 0.129002 -0.294375
v 0.069776 0.129002 -0.313267
v -0.039988 0.129002 -0.358530
v 0.088525 0.129002 -0.358733
v -0.021239 0.129002 -0.403996
v 0.069633 0.129002 -0.404139
v 0.024167 0.129002 -0.422888
v 0.094147 0.129002 -0.350615
v 0.094006 0.129002 -0.440012
v -0.045725 0.129002 -0.439792
v -0.045585 0.129002 -0.350395
v -0.045725 0.145257 -0.439792
v -0.038713 0.145257 -0.423549
v 0.087045 0.145257 -0.423747
v 0.094006 0.145257 -0.440012
v -0.126554 0.100236 -0.433205
v -0.138956 0.121479 -0.429936
v -0.126544 0.142723 -0.426707
v -0.101739 0.100236 -0.433244
v -0.101729 0.142723 -0.426746
v -0.089326 0.121479 -0.430015
v -0.121151 0.112233 -0.449468
v -0.128128 0.124182 -0.447630
v -0.121146 0.136132 -0.445813
v -0.107193 0.112233 -0.449490
v -0.107187 0.136132 -0.445835
v -0.100211 0.124182 -0.447673
v -0.075929 0.051648 -0.455545
v -0.085102 0.061206 -0.455556
v -0.081411 0.073930 -0.455545
v -0.068547 0.077095 -0.455524
v -0.063064 0.054813 -0.455524
v -0.059373 0.067537 -0.455514
v -0.112677 0.042606 -0.455605
v -0.121850 0.052164 -0.455615
v -0.118159 0.064888 -0.455605
v -0.105295 0.068053 -0.455584
v -0.099812 0.045771 -0.455584
v -0.096121 0.058495 -0.455573
v -0.070538 0.016597 -0.455545
v -0.076417 0.028469 -0.455556
v -0.069075 0.039497 -0.455545
v -0.057316 0.015753 -0.455524
v -0.055854 0.038653 -0.455524
v -0.049974 0.026780 -0.455514
v 0.127222 0.006382 -0.416931
v 0.127222 0.020413 -0.416931
v 0.157792 0.020413 -0.416931
v 0.157792 0.006382 -0.416931
v -0.123265 0.020413 -0.430003
v -0.123265 0.006382 -0.430003
v -0.153834 0.006382 -0.430003
v -0.153834 0.020413 -0.430003
v 0.157792 0.020413 -0.416931
v 0.132573 0.020413 -0.646760
v 0.132573 0.006382 -0.646760
v 0.157792 0.006382 -0.416931
v 0.127222 0.006382 -0.416931
v 0.102004 0.006382 -0.646760
v 0.102004 0.020413 -0.646760
v 0.127222 0.020413 -0.416931
v -0.153834 0.020413 -0.430003
v -0.137145 0.020413 -0.646760
v -0.106576 0.020413 -0.646760
v -0.123265 0.020413 -0.430003
v 0.157792 0.006382 -0.416931
v 0.132573 0.006382 -0.646760
v 0.102004 0.006382 -0.646760
v 0.127222 0.006382 -0.416931
v -0.123265 0.020413 -0.430003
v -0.106576 0.020413 -0.646760
v -0.106576 0.006382 -0.646760
v -0.123265 0.006382 -0.430003
v -0.153834 0.006382 -0.430003
v -0.137145 0.006382 -0.646760
v -0.137145 0.020413 -0.646760
v -0.153834 0.020413 -0.430003
v 0.127222 0.020413 -0.416931
v 0.102004 0.020413 -0.646760
v 0.132573 0.020413 -0.646760
v 0.157792 0.020413 -0.416931
v -0.123265 0.006382 -0.430003
v -0.106576 0.006382 -0.646760
v -0.137145 0.006382 -0.646760
v -0.153834 0.006382 -0.430003
v -0.086861 -0.001987 -0.668427
v -0.086861 0.025164 -0.670768
v -0.086861 0.022994 -0.695938
v -0.086861 -0.004157 -0.693597
v -0.156861 0.025164 -0.670768
v -0.156861 -0.001987 -0.668427
v -0.156861 -0.004157 -0.693597
v -0.156861 0.022994 -0.695938
v -0.086861 -0.001987 -0.668427
v -0.097716 0.000381 -0.640972
v -0.097716 0.027531 -0.643313
v -0.086861 0.025164 -0.670768
v -0.086861 0.022994 -0.695938
v -0.156861 0.022994 -0.695938
v -0.156861 -0.004157 -0.693597
v -0.086861 -0.004157 -0.693597
v -0.086861 0.025164 -0.670768
v -0.097716 0.027531 -0.643313
v -0.146006 0.027531 -0.643313
v -0.156861 0.025164 -0.670768
v -0.086861 0.022994 -0.695938
v -0.156861 0.022994 -0.695938
v 0.152288 -0.001987 -0.668427
v 0.152288 0.025164 -0.670768
v 0.152288 0.022994 -0.695938
v 0.152288 -0.004157 -0.693597
v -0.091646 -0.356370 -0.682232
v -0.152075 -0.288102 -0.682232
v -0.152075 0.022362 -0.682232
v -0.091646 0.022362 -0.682232
v -0.091646 -0.288102 -0.682232
v 0.087074 -0.356370 -0.682232
v 0.087074 -0.288102 -0.682232
v 0.147503 -0.288102 -0.682232
v 0.147503 0.022362 -0.682232
v 0.087074 0.022362 -0.682232
v 0.082288 0.025164 -0.670768
v 0.082288 -0.001987 -0.668427
v 0.082288 -0.004157 -0.693597
v 0.082288 0.022994 -0.695938
v 0.152288 0.022994 -0.695938
v 0.082288 0.022994 -0.695938
v 0.082288 -0.004157 -0.693597
v 0.152288 -0.004157 -0.693597
v -0.097716 0.000381 -0.640972
v -0.146006 0.000381 -0.640972
v -0.146006 0.027531 -0.643313
v -0.097716 0.027531 -0.643313
v 0.141434 0.000381 -0.640972
v 0.093143 0.000381 -0.640972
v 0.093143 0.027531 -0.643313
v 0.141434 0.027531 -0.643313
v 0.082288 0.025164 -0.670768
v 0.093143 0.027531 -0.643313
v 0.093143 0.000381 -0.640972
v 0.082288 -0.001987 -0.668427
v 0.152288 -0.001987 -0.668427
v 0.141434 0.000381 -0.640972
v 0.141434 0.027531 -0.643313
v 0.152288 0.025164 -0.670768
v -0.156861 0.025164 -0.670768
v -0.146006 0.027531 -0.643313
v -0.146006 0.000381 -0.640972
v -0.156861 -0.001987 -0.668427
v -0.156994 0.004390 -0.415003
v -0.126994 0.004390 -0.415003
v -0.126994 0.004390 -0.445003
v -0.156994 0.004390 -0.445003
v -0.126994 0.004390 -0.415003
v -0.126994 0.022405 -0.415003
v -0.126994 0.022405 -0.445003
v -0.126994 0.004390 -0.445003
v -0.126994 0.022405 -0.415003
v -0.156994 0.022405 -0.415003
v -0.156994 0.022405 -0.445003
v -0.126994 0.022405 -0.445003
v -0.156994 0.022405 -0.415003
v -0.156994 0.004390 -0.415003
v -0.156994 0.004390 -0.445003
v -0.156994 0.022405 -0.445003
v -0.126994 0.004390 -0.415003
v -0.156994 0.004390 -0.415003
v -0.156994 0.022405 -0.415003
v -0.126994 0.022405 -0.415003
v -0.126994 0.022405 -0.445003
v -0.156994 0.022405 -0.445003
v -0.156994 0.004390 -0.445003
v -0.126994 0.004390 -0.445003
v 0.127229 0.004390 -0.413444
v 0.156548 0.004390 -0.407087
v 0.162905 0.004390 -0.436406
v 0.133586 0.004390 -0.442762
v 0.156548 0.004390 -0.407087
v 0.156548 0.022405 -0.407087
v 0.162905 0.022405 -0.436406
v 0.162905 0.004390 -0.436406
v 0.156548 0.022405 -0.407087
v 0.127229 0.022405 -0.413444
v 0.133586 0.022405 -0.442762
v 0.162905 0.022405 -0.436406
v 0.127229 0.022405 -0.413444
v 0.127229 0.004390 -0.413444
v 0.133586 0.004390 -0.442762
v 0.133586 0.022405 -0.442762
v 0.156548 0.004390 -0.407087
v 0.127229 0.004390 -0.413444
v 0.127229 0.022405 -0.413444
v 0.156548 0.022405 -0.407087
v 0.162905 0.022405 -0.436406
v 0.133586 0.022405 -0.442762
v 0.133586 0.004390 -0.442762
v 0.162905 0.004390 -0.436406
v 0.079760 0.041001 -0.453540
v 0.061629 0.052762 -0.453523
v 0.061614 0.052755 -0.464329
v 0.079745 0.040993 -0.464346
v 0.061629 0.052762 -0.453523
v 0.042378 0.042941 -0.453489
v 0.042363 0.042934 -0.464295
v 0.061614 0.052755 -0.464329
v 0.042378 0.042941 -0.453489
v 0.041257 0.021359 -0.453472
v 0.041242 0.021351 -0.464278
v 0.042363 0.042934 -0.464295
v 0.041257 0.021359 -0.453472
v 0.059388 0.009597 -0.453489
v 0.059373 0.009590 -0.464295
v 0.041242 0.021351 -0.464278
v 0.042363 0.042934 -0.464295
v 0.041242 0.021351 -0.464278
v 0.059373 0.009590 -0.464295
v 0.061614 0.052755 -0.464329
v 0.078624 0.019411 -0.464329
v 0.079745 0.040993 -0.464346
v 0.059388 0.009597 -0.453489
v 0.078639 0.019418 -0.453523
v 0.078624 0.019411 -0.464329
v 0.059373 0.009590 -0.464295
v 0.078639 0.019418 -0.453523
v 0.079760 0.041001 -0.453540
v 0.079745 0.040993 -0.464346
v 0.078624 0.019411 -0.464329
v 0.059388 0.009597 -0.453489
v 0.041257 0.021359 -0.453472
v 0.042378 0.042941 -0.453489
v 0.061629 0.052762 -0.453523
v 0.078639 0.019418 -0.453523
v 0.079760 0.041001 -0.453540
v -0.156861 -0.001987 -0.668427
v -0.146006 0.000381 -0.640972
v -0.097716 0.000381 -0.640972
v -0.086861 -0.001987 -0.668427
v -0.156861 -0.004157 -0.693597
v -0.086861 -0.004157 -0.693597
vt 0.0463867188 0.954589844
vt 0.0463867188 0.954589844
vt 0.0463867188 0.954589844
vt 0.0463867188 0.954589844
vt 0.0463867188 0.954589844
vt 0.0463867188 0.954589844
vt 0.0454711914 0.957519531
vt 0.0454711914 0.957519531
vt 0.0454711914 0.957519531
vt 0.0454711914 0.957519531
vt 0.0454711914 0.957519531
vt 0.0454711914 0.957519531
vt 0.0454711914 0.957519531
vt 0.0454711914 0.957519531
vt 0.0454711914 0.957519531
vt 0.0454711914 0.957519531
vt 0.0454711914 0.957519531
vt 0.0454711914 0.957519531
vt 0.0454711914 0.957519531
vt 0.0454711914 0.957519531
vt 0.0454711914 0.957519531
vt 0.0454711914 0.957519531
vt 0.0454711914 0.957519531
vt 0.0454711914 0.957519531
vt 0.0454711914 0.957519531
vt 0.0454711914 0.957519531
vt 0.0454711914 0.957519531
vt 0.0454711914 0.957519531
vt 0.0454711914 0.957519531
vt 0.0454711914 0.957519531
vt 0.0454711914 0.957519531
vt 0.0454711914 0.957519531
vt 0.0454711914 0.957519531
vt 0.0454711914 0.957519531
vt 0.0454711914 0.957519531
vt 0.0454711914 0.957519531
vt 0.0454711914 0.957519531
vt 0.0454711914 0.957519531
vt 0.0454711914 0.957519531
vt 0.0454711914 0.957519531
vt 0.0454711914 0.957519531
vt 0.0454711914 0.957519531
vt 0.0454711914 0.957519531
vt 0.0454711914 0.957519531
vt 0.0454711914 0.957519531
vt 0.0454711914 0.957519531
vt 0.0454711914 0.957519531
vt 0.0454711914 0.957519531
vt 0.0454711914 0.957519531
vt 0.0454711914 0.957519531
vt 0.0454711914 0.957519531
vt 0.0451660156 0.985839844
vt 0.0451660156 0.985839844
vt 0.0451660156 0.985839844
vt 0.0451660156 0.985839844
vt 0.0451660156 0.985839844
vt 0.0451660156 0.985839844
vt 0.0454711914 0.957519531
vt 0.0454711914 0.957519531
vt 0.0454711914 0.957519531
vt 0.0454711914 0.957519531
vt 0.0454711914 0.957519531
vt 0.0454711914 0.957519531
vt 0.0454711914 0.957519531
vt 0.0454711914 0.957519531
vt 0.0454711914 0.957519531
vt 0.0454711914 0.957519531
vt 0.0454711914 0.957519531
vt 0.0454711914 0.957519531
vt 0.0454711914 0.957519531
vt 0.0454711914 0.957519531
vt 0.0454711914 0.957519531
vt 0.0454711914 0.957519531
vt 0.0454711914 0.957519531
vt 0.0451660156 0.985839844
vt 0.0451660156 0.985839844
vt 0.0451660156 0.985839844
vt 0.0451660156 0.985839844
vt 0.0451660156 0.985839844
vt 0.0451660156 0.985839844
vt 0.0455627441 0.98828125
vt 0.0455627441 0.98828125
vt 0.0455627441 0.98828125
vt 0.0455627441 0.98828125
vt 0.0458679199 0.990234375
vt 0.0458679199 0.990234375
vt 0.0458679199 0.990234375
vt 0.0458679199 0.990234375
vt 0.077331543 0.951660156
vt 0.077331543 0.951660156
vt 0.077331543 0.951660156
vt 0.077331543 0.951660156
vt 0.077331543 0.951660156
vt 0.077331543 0.951660156
vt 0.077331543 0.951660156
vt 0.077331543 0.951660156
vt 0.0458679199 0.990234375
vt 0.0458679199 0.990234375
vt 0.0458679199 0.990234375
vt 0.0458679199 0.990234375
vt 0.0458679199 0.990234375
vt 0.0458679199 0.990234375
vt 0.0458679199 0.990234375
vt 0.0458679199 0.990234375
vt 0.0458679199 0.990234375
vt 0.0458679199 0.990234375
vt 0.0458679199 0.990234375
vt 0.0458679199 0.990234375
vt 0.0458679199 0.990234375
vt 0.0458679199 0.990234375
vt 0.0458679199 0.990234375
vt 0.0458679199 0.990234375
vt 0.0458679199 0.990234375
vt 0.0458679199 0.990234375
vt 0.0134429932 0.953125
vt 0.0134429932 0.953125
vt 0.0134429932 0.953125
vt 0.0134429932 0.953125
vt 0.0458679199 0.990234375
vt 0.0458679199 0.990234375
vt 0.0458679199 0.990234375
vt 0.0458679199 0.990234375
vt 0.0458679199 0.990234375
vt 0.0458679199 0.990234375
vt 0.0458679199 0.990234375
vt 0.0778198242 0.988769531
vt 0.0778198242 0.988769531
vt 0.0778198242 0.988769531
vt 0.0778198242 0.988769531
vt 0.0463867188 0.954589844
vt 0.0463867188 0.954589844
vt 0.0463867188 0.954589844
vt 0.0463867188 0.954589844
vt 0.0463867188 0.954589844
vt 0.0463867188 0.954589844
vt 0.0463867188 0.954589844
vt 0.0463867188 0.954589844
vt 0.0463867188 0.954589844
vt 0.0463867188 0.954589844
vt 0.0463867188 0.954589844
vt 0.0463867188 0.954589844
vt 0.0463867188 0.954589844
vt 0.0463867188 0.954589844
vt 0.0458679199 0.990234375
vt 0.0458679199 0.990234375
vt 0.0458679199 0.990234375
vt 0.0458679199 0.990234375
vt 0.0458679199 0.990234375
vt 0.0458679199 0.990234375
vt 0.0463867188 0.954589844
vt 0.0463867188 0.954589844
vt 0.0463867188 0.954589844
vt 0.0463867188 0.954589844
vt 0.0463867188 0.954589844
vt 0.0458679199 0.990234375
vt 0.0458679199 0.990234375
vt 0.0458679199 0.990234375
vt 0.0458679199 0.990234375
vt 0.0985107422 0.138916016
vt 0.0985107422 0.676269531
vt 0.90625 0.676269531
vt 0.90625 0.138916016
vt 0.0455627441 0.98828125
vt 0.0455627441 0.98828125
vt 0.0455627441 0.98828125
vt 0.0455627441 0.98828125
vt 0.0458679199 0.990234375
vt 0.0458679199 0.990234375
vt 0.0458679199 0.990234375
vt 0.0458679199 0.990234375
vt 0.0458679199 0.990234375
vt 0.0458679199 0.990234375
vt 0.0458679199 0.990234375
vt 0.0458679199 0.990234375
vt 0.0458679199 0.990234375
vt 0.0458679199 0.990234375
vt 0.0458679199 0.990234375
vt 0.0458679199 0.990234375
vt 0.0458679199 0.990234375
vt 0.0458679199 0.990234375
vt 0.0458679199 0.990234375
vt 0.0458679199 0.990234375
vt 0.0458679199 0.990234375
vt 0.0458679199 0.990234375
vt 0.0458679199 0.990234375
vt 0.0458679199 0.990234375
vt 0.0458679199 0.990234375
vt 0.0458679199 0.990234375
vt 0.0458679199 0.990234375
vt 0.0458679199 0.990234375
vt 0.0458679199 0.990234375
vt 0.0458679199 0.990234375
vt 0.0458679199 0.990234375
vt 0.0458679199 0.990234375
vt 0.0458679199 0.990234375
vt 0.0458679199 0.990234375
vt 0.0458679199 0.990234375
vt 0.0458679199 0.990234375
vt 0.0458679199 0.990234375
vt 0.0458679199 0.990234375
vt 0.0458679199 0.990234375
vt 0.0458679199 0.990234375
vt 0.0458679199 0.990234375
vt 0.0458679199 0.990234375
vt 0.0458679199 0.990234375
vt 0.0458679199 0.990234375
vt 0.0458679199 0.990234375
vt 0.0458679199 0.990234375
vt 0.0458679199 0.990234375
vt 0.0458679199 0.990234375
vt 0.0134429932 0.953125
vt 0.0134429932 0.953125
vt 0.0134429932 0.953125
vt 0.0134429932 0.953125
vt 0.0455627441 0.98828125
vt 0.0455627441 0.98828125
vt 0.0455627441 0.98828125
vt 0.0455627441 0.98828125
vt 0.0134429932 0.953125
vt 0.0134429932 0.953125
vt 0.0134429932 0.953125
vt 0.0134429932 0.953125
vt 0.0778198242 0.988769531
vt 0.0778198242 0.988769531
vt 0.0778198242 0.988769531
vt 0.0778198242 0.988769531
vt 0.0463867188 0.954589844
vt 0.0463867188 0.954589844
vt 0.0463867188 0.954589844
vt 0.0463867188 0.954589844
vt 0.0134429932 0.953125
vt 0.0134429932 0.953125
vt 0.0134429932 0.953125
vt 0.0134429932 0.953125
vt 0.0463867188 0.954589844
vt 0.0463867188 0.954589844
vt 0.0463867188 0.954589844
vt 0.0463867188 0.954589844
vt 0.0778198242 0.988769531
vt 0.0778198242 0.988769531
vt 0.0778198242 0.988769531
vt 0.0778198242 0.988769531
vt 0.0778198242 0.988769531
vt 0.0778198242 0.988769531
vt 0.0778198242 0.988769531
vt 0.0778198242 0.988769531
vt 0.0458679199 0.990234375
vt 0.0458679199 0.990234375
vt 0.0458679199 0.990234375
vt 0.0458679199 0.990234375
vt 0.0458679199 0.990234375
vt 0.0458679199 0.990234375
vt 0.0458679199 0.990234375
vt 0.0458679199 0.990234375
vt 0.0458679199 0.990234375
vt 0.0458679199 0.990234375
vt 0.0458679199 0.990234375
vt 0.0458679199 0.990234375
vt 0.0458679199 0.990234375
vt 0.0458679199 0.990234375
vt 0.0458679199 0.990234375
vt 0.0458679199 0.990234375
vt 0.0458679199 0.990234375
vt 0.0458679199 0.990234375
vt 0.0458679199 0.990234375
vt 0.0458679199 0.990234375
vt 0.0458679199 0.990234375
vt 0.0458679199 0.990234375
vt 0.0458679199 0.990234375
vt 0.0458679199 0.990234375
vt 0.0458679199 0.990234375
vt 0.0458679199 0.990234375
vt 0.0458679199 0.990234375
vt 0.0458679199 0.990234375
vt 0.0458679199 0.990234375
vt 0.0458679199 0.990234375
vt 0.0458679199 0.990234375
vt 0.0458679199 0.990234375
vt 0.0458679199 0.990234375
vt 0.0458679199 0.990234375
vt 0.0458679199 0.990234375
vt 0.0458679199 0.990234375
vt 0.0458679199 0.990234375
vt 0.0458679199 0.990234375
vt 0.0458679199 0.990234375
vt 0.0458679199 0.990234375
vt 0.0458679199 0.990234375
vt 0.0458679199 0.990234375
vt 0.0458679199 0.990234375
vt 0.0458679199 0.990234375
vt 0.0458679199 0.990234375
vt 0.0458679199 0.990234375
vt 0.0463867188 0.954589844
vt 0.0463867188 0.954589844
vt 0.0463867188 0.954589844
vt 0.0463867188 0.954589844
vt 0.0463867188 0.954589844
vt 0.0463867188 0.954589844
vt 0.0463867188 0.954589844
vt 0.0463867188 0.954589844
vt 0.0463867188 0.954589844
vt 0.0463867188 0.954589844
vt 0.0463867188 0.954589844
vt 0.0458679199 0.990234375
vt 0.0458679199 0.990234375
vt 0.0458679199 0.990234375
vt 0.0458679199 0.990234375
vt 0.0458679199 0.990234375
vt 0.0458679199 0.990234375
vt 0.0458679199 0.990234375
vt 0.0458679199 0.990234375
vt 0.0134429932 0.953125
vt 0.0134429932 0.953125
vt 0.0134429932 0.953125
vt 0.0134429932 0.953125
vt 0.0134429932 0.953125
vt 0.0134429932 0.953125
vt 0.0134429932 0.953125
vt 0.0134429932 0.953125
vt 0.0134429932 0.953125
vt 0.0134429932 0.953125
vt 0.0778198242 0.988769531
vt 0.0778198242 0.988769531
vt 0.0778198242 0.988769531
vt 0.0778198242 0.988769531
vt 0.0463867188 0.954589844
vt 0.0463867188 0.954589844
vt 0.0463867188 0.954589844
vt 0.0463867188 0.954589844
vt 0.0463867188 0.954589844
vt 0.0463867188 0.954589844
vt 0.0778198242 0.988769531
vt 0.0778198242 0.988769531
vt 0.0778198242 0.988769531
vt 0.0778198242 0.988769531
vt 0.0458679199 0.990234375
vt 0.0458679199 0.990234375
vt 0.0458679199 0.990234375
vt 0.0458679199 0.990234375
vt 0.0463867188 0.954589844
vt 0.0463867188 0.954589844
vt 0.0463867188 0.954589844
vt 0.0463867188 0.954589844
vt 0.0455627441 0.98828125
vt 0.0455627441 0.98828125
vt 0.0455627441 0.98828125
vt 0.0455627441 0.98828125
vt 0.0463867188 0.954589844
vt 0.0463867188 0.954589844
vt 0.0463867188 0.954589844
vt 0.0463867188 0.954589844
vt 0.0134429932 0.953125
vt 0.0134429932 0.953125
vt 0.0134429932 0.953125
vt 0.0134429932 0.953125
vt 0.0463867188 0.954589844
vt 0.0463867188 0.954589844
vt 0.0463867188 0.954589844
vt 0.0463867188 0.954589844
vt 0.0463867188 0.954589844
vt 0.0463867188 0.954589844
vt 0.0463867188 0.954589844
vt 0.0463867188 0.954589844
vt 0.0464782715 0.991210938
vt 0.0464782715 0.991210938
vt 0.0464782715 0.991210938
vt 0.0464782715 0.991210938
vt 0.0464782715 0.991210938
vt 0.0464782715 0.991210938
vt 0.0464782715 0.991210938
vt 0.0464782715 0.991210938
vt 0.0464782715 0.991210938
vt 0.0464782715 0.991210938
vt 0.0464782715 0.991210938
vt 0.0464782715 0.991210938
vt 0.0464782715 0.991210938
vt 0.0464782715 0.991210938
vt 0.0464782715 0.991210938
vt 0.0464782715 0.991210938
vt 0.0464782715 0.991210938
vt 0.0464782715 0.991210938
vt 0.0464782715 0.991210938
vt 0.0464782715 0.991210938
vt 0.0464782715 0.991210938
vt 0.0464782715 0.991210938
vt 0.0464782715 0.991210938
vt 0.0464782715 0.991210938
vt 0.0464782715 0.991210938
vt 0.0464782715 0.991210938
vt 0.0464782715 0.991210938
vt 0.0464782715 0.991210938
vt 0.0464782715 0.991210938
vt 0.0464782715 0.991210938
vt 0.0464782715 0.991210938
vt 0.0464782715 0.991210938
vt 0.0464782715 0.991210938
vt 0.0464782715 0.991210938
vt 0.0464782715 0.991210938
vt 0.0464782715 0.991210938
vt 0.0464782715 0.991210938
vt 0.0464782715 0.991210938
vt 0.0464782715 0.991210938
vt 0.0464782715 0.991210938
vt 0.0464782715 0.991210938
vt 0.0464782715 0.991210938
vt 0.0464782715 0.991210938
vt 0.0464782715 0.991210938
vt 0.0464782715 0.991210938
vt 0.0464782715 0.991210938
vt 0.0464782715 0.991210938
vt 0.0464782715 0.991210938
vt 0.0464782715 0.991210938
vt 0.0464782715 0.991210938
vt 0.0464782715 0.991210938
vt 0.0464782715 0.991210938
vt 0.0464782715 0.991210938
vt 0.0464782715 0.991210938
vt 0.0464782715 0.991210938
vt 0.0464782715 0.991210938
vt 0.0464782715 0.991210938
vt 0.0464782715 0.991210938
vt 0.0464782715 0.991210938
vt 0.0464782715 0.991210938
vt 0.0464782715 0.991210938
vt 0.0464782715 0.991210938
vt 0.0464782715 0.991210938
vt 0.0464782715 0.991210938
vt 0.0464782715 0.991210938
vt 0.0464782715 0.991210938
vt 0.0464782715 0.991210938
vt 0.0464782715 0.991210938
vt 0.0464782715 0.991210938
vt 0.0464782715 0.991210938
vt 0.0464782715 0.991210938
vt 0.0464782715 0.991210938
vt 0.0464782715 0.991210938
vt 0.0464782715 0.991210938
vt 0.0464782715 0.991210938
vt 0.0464782715 0.991210938
vt 0.0464782715 0.991210938
vt 0.0464782715 0.991210938
vt 0.0464782715 0.991210938
vt 0.0464782715 0.991210938
vt 0.0464782715 0.991210938
vt 0.0464782715 0.991210938
vt 0.0464782715 0.991210938
vt 0.0464782715 0.991210938
vt 0.0464782715 0.991210938
vt 0.0464782715 0.991210938
vt 0.0464782715 0.991210938
vt 0.0464782715 0.991210938
vt 0.0464782715 0.991210938
vt 0.0464782715 0.991210938
vt 0.0458679199 0.990234375
vt 0.0458679199 0.990234375
vt 0.0458679199 0.990234375
vt 0.0458679199 0.990234375
vt 0.0458679199 0.990234375
vt 0.0458679199 0.990234375
vt 0.0458679199 0.990234375
vt 0.0458679199 0.990234375
vt 0.0458679199 0.990234375
vt 0.0458679199 0.990234375
vt 0.0458679199 0.990234375
vt 0.0458679199 0.990234375
vt 0.0458679199 0.990234375
vt 0.0458679199 0.990234375
vt 0.0463867188 0.954589844
vt 0.0463867188 0.954589844
vt 0.0463867188 0.954589844
vt 0.0463867188 0.954589844
vt 0.0458679199 0.990234375
vt 0.0458679199 0.990234375
vt 0.0458679199 0.990234375
vt 0.0458679199 0.990234375
vt 0.0458679199 0.990234375
vt 0.0463867188 0.954589844
vt 0.0463867188 0.954589844
vt 0.0463867188 0.954589844
vt 0.0463867188 0.954589844
vt 0.0458679199 0.990234375
vt 0.0458679199 0.990234375
vt 0.0458679199 0.990234375
vt 0.0458679199 0.990234375
vt 0.0458679199 0.990234375
vt 0.0458679199 0.990234375
vt 0.0458679199 0.990234375
vt 0.0458679199 0.990234375
vt 0.0458679199 0.990234375
vt 0.0458679199 0.990234375
vt 0.0458679199 0.990234375
vt 0.0458679199 0.990234375
vt 0.0458679199 0.990234375
vt 0.0458679199 0.990234375
vt 0.0458679199 0.990234375
vt 0.0458679199 0.990234375
vt 0.0458679199 0.990234375
vt 0.0458679199 0.990234375
vt 0.0458679199 0.990234375
vt 0.0458679199 0.990234375
vt 0.0458679199 0.990234375
vt 0.0458679199 0.990234375
vt 0.0458679199 0.990234375
vt 0.0458679199 0.990234375
vt 0.0458679199 0.990234375
vt 0.0458679199 0.990234375
vt 0.0458679199 0.990234375
vt 0.0458679199 0.990234375
vt 0.0458679199 0.990234375
vt 0.0458679199 0.990234375
vt 0.0458679199 0.990234375
vt 0.0458679199 0.990234375
vt 0.0458679199 0.990234375
vt 0.0458679199 0.990234375
vt 0.0458679199 0.990234375
vt 0.0458679199 0.990234375
vt 0.0458679199 0.990234375
vt 0.0458679199 0.990234375
vt 0.0458679199 0.990234375
vt 0.0458679199 0.990234375
vt 0.0458679199 0.990234375
vt 0.0458679199 0.990234375
vt 0.0458679199 0.990234375
vt 0.0458679199 0.990234375
vt 0.0458679199 0.990234375
vt 0.0458679199 0.990234375
vt 0.0458679199 0.990234375
vt 0.0458679199 0.990234375
vt 0.0463867188 0.954589844
vt 0.0463867188 0.954589844
vt 0.0463867188 0.954589844
vt 0.0463867188 0.954589844
vt 0.0458679199 0.990234375
vt 0.0458679199 0.990234375
vt 0.0458679199 0.990234375
vt 0.0458679199 0.990234375
vt 0.0458679199 0.990234375
vt 0.0458679199 0.990234375
vt 0.0458679199 0.990234375
vt 0.0458679199 0.990234375
vt 0.0458679199 0.990234375
vt 0.0458679199 0.990234375
vt 0.0458679199 0.990234375
vt 0.0458679199 0.990234375
vt 0.0458679199 0.990234375
vt 0.0458679199 0.990234375
vt 0.0458679199 0.990234375
vt 0.0458679199 0.990234375
vt 0.0458679199 0.990234375
vt 0.0458679199 0.990234375
vt 0.0778198242 0.988769531
vt 0.0778198242 0.988769531
vt 0.0778198242 0.988769531
vt 0.0778198242 0.988769531
vt 0.0778198242 0.988769531
vt 0.0778198242 0.988769531
vt 0.0458679199 0.990234375
vt 0.0458679199 0.990234375
vt 0.0458679199 0.990234375
vt 0.0458679199 0.990234375
vt 0.0458679199 0.990234375
vt 0.0458679199 0.990234375
vt 0.0458679199 0.990234375
vt 0.0458679199 0.990234375
vt 0.0458679199 0.990234375
vt 0.0458679199 0.990234375
vt 0.0458679199 0.990234375
vt 0.0458679199 0.990234375
vt 0.0458679199 0.990234375
vt 0.0458679199 0.990234375
vt 0.0458679199 0.990234375
vt 0.0458679199 0.990234375
vt 0.0458679199 0.990234375
vt 0.0458679199 0.990234375
vt 0.0458679199 0.990234375
vt 0.0458679199 0.990234375
vt 0.0458679199 0.990234375
vt 0.0458679199 0.990234375
vt 0.0458679199 0.990234375
vt 0.0458679199 0.990234375
vt 0.0458679199 0.990234375
vt 0.0458679199 0.990234375
vt 0.0458679199 0.990234375
vt 0.0458679199 0.990234375
vt 0.0458679199 0.990234375
vt 0.0458679199 0.990234375
vt 0.0458679199 0.990234375
vt 0.0458679199 0.990234375
vt 0.0458679199 0.990234375
vt 0.0458679199 0.990234375
vt 0.0458679199 0.990234375
vt 0.0458679199 0.990234375
vt 0.0458679199 0.990234375
vt 0.0458679199 0.990234375
vt 0.0458679199 0.990234375
vt 0.0458679199 0.990234375
vt 0.0134429932 0.953125
vt 0.0134429932 0.953125
vt 0.0134429932 0.953125
vt 0.0134429932 0.953125
vt 0.0134429932 0.953125
vt 0.0134429932 0.953125
vt 0.0778198242 0.988769531
vt 0.0778198242 0.988769531
vt 0.0778198242 0.988769531
vt 0.0778198242 0.988769531
vt 0.0778198242 0.988769531
vt 0.0778198242 0.988769531
vt 0.0464782715 0.991210938
vt 0.0464782715 0.991210938
vt 0.0464782715 0.991210938
vt 0.0464782715 0.991210938
vt 0.0464782715 0.991210938
vt 0.0464782715 0.991210938
vt 0.0464782715 0.991210938
vt 0.0464782715 0.991210938
vt 0.0464782715 0.991210938
vt 0.0464782715 0.991210938
vt 0.0464782715 0.991210938
vt 0.0464782715 0.991210938
vt 0.0464782715 0.991210938
vt 0.0464782715 0.991210938
vt 0.0464782715 0.991210938
vt 0.0464782715 0.991210938
vt 0.0464782715 0.991210938
vt 0.0464782715 0.991210938
vt 0.0454711914 0.957519531
vt 0.0454711914 0.957519531
vt 0.0454711914 0.957519531
vt 0.0454711914 0.957519531
vt 0.0454711914 0.957519531
vt 0.0454711914 0.957519531
vt 0.0454711914 0.957519531
vt 0.0454711914 0.957519531
vt 0.0454711914 0.957519531
vt 0.0454711914 0.957519531
vt 0.0454711914 0.957519531
vt 0.0454711914 0.957519531
vt 0.0454711914 0.957519531
vt 0.0454711914 0.957519531
vt 0.0454711914 0.957519531
vt 0.0454711914 0.957519531
vt 0.0454711914 0.957519531
vt 0.0454711914 0.957519531
vt 0.0454711914 0.957519531
vt 0.0454711914 0.957519531
vt 0.0454711914 0.957519531
vt 0.0454711914 0.957519531
vt 0.0454711914 0.957519531
vt 0.0454711914 0.957519531
vt 0.0454711914 0.957519531
vt 0.0454711914 0.957519531
vt 0.0454711914 0.957519531
vt 0.0454711914 0.957519531
vt 0.0454711914 0.957519531
vt 0.0454711914 0.957519531
vt 0.0454711914 0.957519531
vt 0.0454711914 0.957519531
vt 0.0454711914 0.957519531
vt 0.0454711914 0.957519531
vt 0.0454711914 0.957519531
vt 0.0454711914 0.957519531
vt 0.0454711914 0.957519531
vt 0.0454711914 0.957519531
vt 0.0454711914 0.957519531
vt 0.0454711914 0.957519531
vt 0.0451660156 0.985839844
vt 0.0451660156 0.985839844
vt 0.0451660156 0.985839844
vt 0.0451660156 0.985839844
vt 0.0451660156 0.985839844
vt 0.0451660156 0.985839844
vt 0.0451660156 0.985839844
vt 0.0451660156 0.985839844
vt 0.0451660156 0.985839844
vt 0.0451660156 0.985839844
vt 0.0451660156 0.985839844
vt 0.0451660156 0.985839844
vt 0.0451660156 0.985839844
vt 0.0451660156 0.985839844
vt 0.0451660156 0.985839844
vt 0.0451660156 0.985839844
vt 0.0451660156 0.985839844
vt 0.0451660156 0.985839844
vt 0.0451660156 0.985839844
vt 0.0451660156 0.985839844
vt 0.0451660156 0.985839844
vt 0.0451660156 0.985839844
vt 0.0451660156 0.985839844
vt 0.0451660156 0.985839844
vt 0.0451660156 0.985839844
vt 0.0451660156 0.985839844
vt 0.0454711914 0.957519531
vt 0.0454711914 0.957519531
vt 0.0454711914 0.957519531
vt 0.0454711914 0.957519531
vt 0.0454711914 0.957519531
vt 0.0454711914 0.957519531
vt 0.0454711914 0.957519531
vt 0.0454711914 0.957519531
vt 0.0454711914 0.957519531
vt 0.0454711914 0.957519531
vt 0.0451660156 0.985839844
vt 0.0451660156 0.985839844
vt 0.0451660156 0.985839844
vt 0.0451660156 0.985839844
vt 0.0451660156 0.985839844
vt 0.0451660156 0.985839844
vt 0.0451660156 0.985839844
vt 0.0451660156 0.985839844
vt 0.0451660156 0.985839844
vt 0.0451660156 0.985839844
vt 0.0451660156 0.985839844
vt 0.0451660156 0.985839844
vt 0.0451660156 0.985839844
vt 0.0451660156 0.985839844
vt 0.0451660156 0.985839844
vt 0.0451660156 0.985839844
vt 0.0451660156 0.985839844
vt 0.0451660156 0.985839844
vt 0.0451660156 0.985839844
vt 0.0451660156 0.985839844
vt 0.0451660156 0.985839844
vt 0.0451660156 0.985839844
vt 0.0451660156 0.985839844
vt 0.0451660156 0.985839844
vt 0.0451660156 0.985839844
vt 0.0451660156 0.985839844
vt 0.0451660156 0.985839844
vt 0.0451660156 0.985839844
vt 0.0428466797 0.987304688
vt 0.0428466797 0.987304688
vt 0.0428466797 0.987304688
vt 0.0428466797 0.987304688
vt 0.0428466797 0.987304688
vt 0.0428466797 0.987304688
vt 0.0428466797 0.987304688
vt 0.0428466797 0.987304688
vt 0.0428466797 0.987304688
vt 0.0428466797 0.987304688
vt 0.0428466797 0.987304688
vt 0.0428466797 0.987304688
vt 0.0428466797 0.987304688
vt 0.0428466797 0.987304688
vt 0.0428466797 0.987304688
vt 0.0428466797 0.987304688
vt 0.0428466797 0.987304688
vt 0.0428466797 0.987304688
vt 0.0428466797 0.987304688
vt 0.0428466797 0.987304688
vt 0.0428466797 0.987304688
vt 0.0428466797 0.987304688
vt 0.0428466797 0.987304688
vt 0.0428466797 0.987304688
vt 0.0428466797 0.987304688
vt 0.0428466797 0.987304688
vt 0.0428466797 0.987304688
vt 0.0428466797 0.987304688
vt 0.0428466797 0.987304688
vt 0.0428466797 0.987304688
vt 0.0428466797 0.987304688
vt 0.0428466797 0.987304688
vt 0.0428466797 0.987304688
vt 0.0428466797 0.987304688
vt 0.0428466797 0.987304688
vt 0.0428466797 0.987304688
vt 0.0428466797 0.987304688
vt 0.0428466797 0.987304688
vt 0.0428466797 0.987304688
vt 0.0428466797 0.987304688
vt 0.0428466797 0.987304688
vt 0.0428466797 0.987304688
vt 0.0428466797 0.987304688
vt 0.0428466797 0.987304688
vt 0.0428466797 0.987304688
vt 0.0428466797 0.987304688
vt 0.0428466797 0.987304688
vt 0.0428466797 0.987304688
vt 0.0464782715 0.991210938
vt 0.0464782715 0.991210938
vt 0.0464782715 0.991210938
vt 0.0464782715 0.991210938
vt 0.0464782715 0.991210938
vt 0.0464782715 0.991210938
vt 0.0464782715 0.991210938
vt 0.0464782715 0.991210938
vt 0.0464782715 0.991210938
vt 0.0464782715 0.991210938
vt 0.0464782715 0.991210938
vt 0.0464782715 0.991210938
vt 0.0464782715 0.991210938
vt 0.0464782715 0.991210938
vt 0.0464782715 0.991210938
vt 0.0464782715 0.991210938
vt 0.0464782715 0.991210938
vt 0.0464782715 0.991210938
vt 0.0464782715 0.991210938
vt 0.0464782715 0.991210938
vt 0.0464782715 0.991210938
vt 0.0464782715 0.991210938
vt 0.0464782715 0.991210938
vt 0.0464782715 0.991210938
vt 0.0464782715 0.991210938
vt 0.0464782715 0.991210938
vt 0.0464782715 0.991210938
vt 0.0464782715 0.991210938
vt 0.0464782715 0.991210938
vt 0.0464782715 0.991210938
vt 0.0464782715 0.991210938
vt 0.0464782715 0.991210938
vt 0.0464782715 0.991210938
vt 0.0464782715 0.991210938
vt 0.0464782715 0.991210938
vt 0.0464782715 0.991210938
vt 0.0451660156 0.985839844
vt 0.0451660156 0.985839844
vt 0.0451660156 0.985839844
vt 0.0451660156 0.985839844
vt 0.0451660156 0.985839844
vt 0.0451660156 0.985839844
vn 0.209340 0.363751 -0.907668
vn 0.209340 0.363751 -0.907668
vn 0.209340 0.363751 -0.907668
vn 0.286118 0.234119 -0.929153
vn 0.286118 0.234119 -0.929153
vn 0.286118 0.234119 -0.929153
vn -0.000000 0.258012 -0.966142
vn -0.000000 0.258012 -0.966142
vn -0.000000 0.258012 -0.966142
vn -0.000000 0.258012 -0.966142
vn -1.000000 0.000000 -0.000000
vn -1.000000 0.000000 -0.000000
vn -1.000000 0.000000 -0.000000
vn -1.000000 0.000000 -0.000000
vn -1.000000 0.000000 -0.000000
vn -0.000000 -1.000000 0.000000
vn -0.000000 -1.000000 0.000000
vn -0.000000 -1.000000 0.000000
vn -0.000000 -1.000000 0.000000
vn -0.000000 -0.000000 -1.000000
vn -0.000000 -0.000000 -1.000000
vn -0.000000 -0.000000 -1.000000
vn -0.000000 -0.000000 -1.000000
vn -0.000000 -0.000000 -1.000000
vn -0.000000 -0.000000 -1.000000
vn -0.000000 -0.000000 -1.000000
vn -0.000000 -0.000000 -1.000000
vn -0.000000 -0.000000 -1.000000
vn -0.000000 -0.000000 -1.000000
vn -1.000000 0.000000 -0.000000
vn -1.000000 0.000000 -0.000000
vn -1.000000 0.000000 -0.000000
vn -1.000000 0.000000 -0.000000
vn -1.000000 0.000000 -0.000000
vn 1.000000 0.000000 -0.000000
vn 1.000000 0.000000 -0.000000
vn 1.000000 0.000000 -0.000000
vn 1.000000 0.000000 -0.000000
vn 1.000000 0.000000 -0.000000
vn -0.000000 0.899066 -0.437813
vn -0.000000 0.899066 -0.437813
vn -0.000000 0.899066 -0.437813
vn -0.000000 0.899066 -0.437813
vn -0.000000 0.899066 -0.437813
vn -0.000000 0.899066 -0.437813
vn -0.000000 0.899066 -0.437813
vn -0.000000 0.899066 -0.437813
vn -0.000000 0.258012 -0.966142
vn -0.000000 0.258012 -0.966142
vn -0.000000 0.258012 -0.966142
vn -0.000000 0.258012 -0.966142
vn -0.000000 -0.996304 0.085895
vn -0.000000 -0.996304 0.085895
vn -0.000000 -0.996304 0.085895
vn -0.000000 -0.996304 0.085895
vn -0.000000 -0.996304 0.085895
vn -0.000000 -0.996304 0.085895
vn 1.000000 0.000000 -0.000000
vn 1.000000 0.000000 -0.000000
vn 1.000000 0.000000 -0.000000
vn 1.000000 0.000000 -0.000000
vn 1.000000 0.000000 -0.000000
vn -0.748997 -0.662574 0.000000
vn -0.748997 -0.662574 0.000000
vn -0.748997 -0.662574 0.000000
vn -0.748997 -0.662574 0.000000
vn 0.748997 -0.662574 0.000000
vn 0.748997 -0.662574 0.000000
vn 0.748997 -0.662574 0.000000
vn 0.748997 -0.662574 0.000000
vn -0.000000 1.000000 -0.000000
vn -0.000000 1.000000 -0.000000
vn -0.000000 1.000000 -0.000000
vn -0.000000 1.000000 -0.000000
vn -0.000000 0.996304 -0.085895
vn -0.000000 0.996304 -0.085895
vn -0.000000 0.996304 -0.085895
vn -0.000000 0.996304 -0.085895
vn -0.000000 0.996304 -0.085895
vn -0.000000 0.996304 -0.085895
vn -0.986207 0.165507 0.001552
vn -0.986207 0.165507 0.001552
vn -0.986207 0.165507 0.001552
vn -0.986207 0.165507 0.001552
vn -0.000000 1.000000 -0.000000
vn -0.000000 1.000000 -0.000000
vn -0.000000 1.000000 -0.000000
vn -0.000000 1.000000 -0.000000
vn -0.000000 1.000000 -0.000000
vn -0.000000 1.000000 -0.000000
vn -0.000000 1.000000 -0.000000
vn -0.000000 1.000000 -0.000000
vn -0.000000 1.000000 -0.000000
vn -0.000000 1.000000 -0.000000
vn -0.000000 1.000000 -0.000000
vn -0.000000 1.000000 -0.000000
vn 0.384026 0.000000 0.923322
vn 0.384026 0.000000 0.923322
vn 0.384026 0.000000 0.923322
vn 0.384026 0.000000 0.923322
vn 0.384026 0.000000 0.923322
vn 0.384026 0.000000 0.923322
vn 0.384026 0.000000 0.923322
vn 0.384026 0.000000 0.923322
vn 0.384026 0.000000 0.923322
vn 0.384026 0.000000 0.923322
vn 0.384026 0.000000 0.923322
vn 0.384026 0.000000 0.923322
vn -0.923322 0.000000 0.384026
vn -0.923322 0.000000 0.384026
vn -0.923322 0.000000 0.384026
vn -0.923322 0.000000 0.384026
vn -0.923322 0.000000 0.384026
vn -0.923322 0.000000 0.384026
vn 0.852377 -0.460117 -0.248488
vn 0.852377 -0.460117 -0.248488
vn 0.852377 -0.460117 -0.248488
vn 0.852377 -0.460117 -0.248488
vn -0.384026 -0.000000 -0.923322
vn -0.384026 -0.000000 -0.923322
vn -0.384026 -0.000000 -0.923322
vn -0.384026 -0.000000 -0.923322
vn -0.384026 -0.000000 -0.923322
vn -0.384026 -0.000000 -0.923322
vn -0.384026 -0.000000 -0.923322
vn -0.845668 -0.449444 -0.287830
vn -0.845668 -0.449444 -0.287830
vn -0.845668 -0.449444 -0.287830
vn -0.845668 -0.449444 -0.287830
vn -0.999999 0.000000 0.001575
vn -0.999999 0.000000 0.001575
vn -0.999999 0.000000 0.001575
vn -0.999999 0.000000 0.001575
vn -0.007149 -0.999974 0.000011
vn -0.007149 -0.999974 0.000011
vn -0.007149 -0.999974 0.000011
vn -0.007149 -0.999974 0.000011
vn 0.004436 -0.999990 0.000000
vn -0.007149 -0.999974 0.000011
vn 0.004436 -0.999990 0.000000
vn -0.007149 -0.999974 0.000011
vn 0.004436 -0.999990 0.000000
vn 0.004436 -0.999990 0.000000
vn -0.924415 -0.000000 -0.381388
vn -0.924415 -0.000000 -0.381388
vn -0.924415 -0.000000 -0.381388
vn -0.924415 -0.000000 -0.381388
vn -0.924415 -0.000000 -0.381388
vn -0.924415 -0.000000 -0.381388
vn -0.001495 0.372064 -0.928206
vn -0.001495 0.372064 -0.928206
vn -0.001495 0.372064 -0.928206
vn -0.001495 0.372064 -0.928206
vn -0.001495 0.372064 -0.928206
vn 0.999999 -0.000000 -0.001575
vn 0.999999 -0.000000 -0.001575
vn 0.999999 -0.000000 -0.001575
vn 0.999999 -0.000000 -0.001575
vn -0.000000 -1.000000 0.000000
vn -0.000000 -1.000000 0.000000
vn -0.000000 -1.000000 0.000000
vn -0.000000 -1.000000 0.000000
vn -0.000000 1.000000 -0.000000
vn -0.000000 1.000000 -0.000000
vn -0.000000 1.000000 -0.000000
vn -0.000000 1.000000 -0.000000
vn 0.381388 -0.000000 -0.924415
vn 0.381388 -0.000000 -0.924415
vn 0.381388 -0.000000 -0.924415
vn 0.381388 -0.000000 -0.924415
vn 0.381388 -0.000000 -0.924415
vn 0.904913 0.000724 -0.425597
vn 0.904913 0.000724 -0.425597
vn 0.904913 0.000724 -0.425597
vn 0.904913 0.000724 -0.425597
vn 0.904913 0.000724 -0.425597
vn 0.904913 0.000724 -0.425597
vn -0.999999 0.000000 0.001575
vn -0.999999 0.000000 0.001575
vn -0.999999 0.000000 0.001575
vn -0.999999 0.000000 0.001575
vn -0.381388 0.000000 0.924415
vn -0.381388 0.000000 0.924415
vn -0.381388 0.000000 0.924415
vn -0.381388 0.000000 0.924415
vn -0.381388 0.000000 0.924415
vn -0.906301 0.000724 -0.422631
vn -0.906301 0.000724 -0.422631
vn -0.906301 0.000724 -0.422631
vn -0.906301 0.000724 -0.422631
vn -0.906301 0.000724 -0.422631
vn -0.906301 0.000724 -0.422631
vn 0.001575 0.000000 0.999999
vn 0.001575 0.000000 0.999999
vn 0.001575 0.000000 0.999999
vn 0.001575 0.000000 0.999999
vn 0.000269 0.985290 0.170888
vn 0.000269 0.985290 0.170888
vn 0.000269 0.985290 0.170888
vn 0.000269 0.985290 0.170888
vn 0.000269 0.985290 0.170888
vn 0.000269 0.985290 0.170888
vn 0.001574 0.023046 0.999733
vn 0.001574 0.023046 0.999733
vn 0.001574 0.023046 0.999733
vn 0.001574 0.023046 0.999733
vn 0.918104 0.005685 0.396299
vn 0.918104 0.005685 0.396299
vn 0.918104 0.005685 0.396299
vn 0.918104 0.005685 0.396299
vn -0.853076 -0.460231 -0.245864
vn -0.853076 -0.460231 -0.245864
vn -0.853076 -0.460231 -0.245864
vn -0.853076 -0.460231 -0.245864
vn 0.986207 0.165507 -0.001552
vn 0.986207 0.165507 -0.001552
vn 0.986207 0.165507 -0.001552
vn 0.986207 0.165507 -0.001552
vn -0.852844 0.513073 -0.097025
vn -0.852844 0.513073 -0.097025
vn -0.852844 0.513073 -0.097025
vn -0.852844 0.513073 -0.097025
vn 0.845121 0.515080 -0.143051
vn 0.845121 0.515080 -0.143051
vn 0.845121 0.515080 -0.143051
vn 0.845121 0.515080 -0.143051
vn 0.999999 -0.000000 -0.001575
vn 0.999999 -0.000000 -0.001575
vn 0.999999 -0.000000 -0.001575
vn 0.999999 -0.000000 -0.001575
vn -0.000506 -0.946886 -0.321570
vn -0.000506 -0.946886 -0.321570
vn -0.000506 -0.946886 -0.321570
vn -0.000506 -0.946886 -0.321570
vn -0.001575 -0.000000 -0.999999
vn -0.001575 -0.000000 -0.999999
vn -0.001575 -0.000000 -0.999999
vn -0.001575 -0.000000 -0.999999
vn 0.844732 -0.449466 -0.290529
vn 0.844732 -0.449466 -0.290529
vn 0.844732 -0.449466 -0.290529
vn 0.844732 -0.449466 -0.290529
vn -0.000570 -0.931757 -0.363082
vn -0.000570 -0.931757 -0.363082
vn -0.000570 -0.931757 -0.363082
vn -0.000570 -0.931757 -0.363082
vn 0.924415 0.000000 0.381388
vn 0.924415 0.000000 0.381388
vn 0.924415 0.000000 0.381388
vn 0.924415 0.000000 0.381388
vn 0.924415 0.000000 0.381388
vn 0.924415 0.000000 0.381388
vn 0.381388 -0.000000 -0.924415
vn 0.381388 -0.000000 -0.924415
vn 0.381388 -0.000000 -0.924415
vn 0.381388 -0.000000 -0.924415
vn -0.381388 0.000000 0.924415
vn -0.381388 0.000000 0.924415
vn -0.381388 0.000000 0.924415
vn -0.381388 0.000000 0.924415
vn -0.381388 0.000000 0.924415
vn -0.381388 0.000000 0.924415
vn -0.381388 0.000000 0.924415
vn -0.923322 0.000000 0.384026
vn -0.923322 0.000000 0.384026
vn -0.923322 0.000000 0.384026
vn -0.923322 0.000000 0.384026
vn 0.923322 -0.000000 -0.384026
vn 0.923322 -0.000000 -0.384026
vn 0.923322 -0.000000 -0.384026
vn 0.923322 -0.000000 -0.384026
vn 0.924415 0.000000 0.381388
vn 0.924415 0.000000 0.381388
vn 0.924415 0.000000 0.381388
vn 0.924415 0.000000 0.381388
vn -0.000000 -1.000000 0.000000
vn -0.000000 -1.000000 0.000000
vn -0.000000 -1.000000 0.000000
vn -0.000000 -1.000000 0.000000
vn 0.381388 -0.000000 -0.924415
vn 0.381388 -0.000000 -0.924415
vn 0.381388 -0.000000 -0.924415
vn 0.381388 -0.000000 -0.924415
vn 0.381388 -0.000000 -0.924415
vn 0.381388 -0.000000 -0.924415
vn 0.381388 -0.000000 -0.924415
vn 0.923322 -0.000000 -0.384026
vn 0.923322 -0.000000 -0.384026
vn 0.923322 -0.000000 -0.384026
vn 0.923322 -0.000000 -0.384026
vn 0.923322 -0.000000 -0.384026
vn 0.923322 -0.000000 -0.384026
vn 0.001604 -0.000030 0.999999
vn 0.001604 -0.000030 0.999999
vn 0.001604 -0.000030 0.999999
vn 0.001604 -0.000030 0.999999
vn 0.001604 -0.000030 0.999999
vn 0.001604 -0.000030 0.999999
vn 0.001604 -0.000030 0.999999
vn 0.001604 -0.000030 0.999999
vn 0.001604 -0.000030 0.999999
vn 0.001604 -0.000030 0.999999
vn 0.001604 -0.000030 0.999999
vn -0.916880 0.005687 0.399121
vn -0.916880 0.005687 0.399121
vn -0.916880 0.005687 0.399121
vn -0.916880 0.005687 0.399121
vn -0.001574 0.004456 -0.999989
vn -0.001574 0.004456 -0.999989
vn -0.001574 0.004456 -0.999989
vn -0.001574 0.004456 -0.999989
vn -0.001557 0.151158 -0.988508
vn -0.001557 0.151158 -0.988508
vn -0.001557 0.151158 -0.988508
vn -0.001557 0.151158 -0.988508
vn -0.001557 0.151158 -0.988508
vn -0.001557 0.151158 -0.988508
vn -0.000035 0.999713 -0.023961
vn -0.000035 0.999713 -0.023961
vn -0.000035 0.999713 -0.023961
vn -0.000035 0.999713 -0.023961
vn -0.000106 0.997689 -0.067941
vn -0.000106 0.997689 -0.067941
vn -0.000106 0.997689 -0.067941
vn -0.000106 0.997689 -0.067941
vn -0.001609 0.000034 -0.999999
vn -0.001609 0.000034 -0.999999
vn -0.001609 0.000034 -0.999999
vn -0.001609 0.000034 -0.999999
vn -0.001609 0.000034 -0.999999
vn -0.001609 0.000034 -0.999999
vn -0.845443 0.515276 -0.140419
vn -0.845443 0.515276 -0.140419
vn -0.845443 0.515276 -0.140419
vn -0.845443 0.515276 -0.140419
vn -0.381388 0.000000 0.924415
vn -0.381388 0.000000 0.924415
vn -0.381388 0.000000 0.924415
vn -0.381388 0.000000 0.924415
vn 0.001575 0.000000 0.999999
vn 0.001575 0.000000 0.999999
vn 0.001575 0.000000 0.999999
vn 0.001575 0.000000 0.999999
vn -0.001575 -0.000000 -0.999999
vn -0.001575 -0.000000 -0.999999
vn -0.001575 -0.000000 -0.999999
vn -0.001575 -0.000000 -0.999999
vn -0.000000 1.000000 -0.000000
vn -0.000000 1.000000 -0.000000
vn -0.000000 1.000000 -0.000000
vn -0.000000 1.000000 -0.000000
vn 0.852485 0.513151 -0.099725
vn 0.852485 0.513151 -0.099725
vn 0.852485 0.513151 -0.099725
vn 0.852485 0.513151 -0.099725
vn -0.999999 0.000000 0.001575
vn -0.999999 0.000000 0.001575
vn -0.999999 0.000000 0.001575
vn -0.999999 0.000000 0.001575
vn 0.999999 -0.000000 -0.001575
vn 0.999999 -0.000000 -0.001575
vn 0.999999 -0.000000 -0.001575
vn 0.999999 -0.000000 -0.001575
vn 0.832425 -0.554136 0.001364
vn 0.832425 -0.554136 0.001364
vn 0.832425 -0.554136 0.001364
vn 0.832425 -0.554136 0.001364
vn -0.238858 0.971055 -0.000000
vn -0.238858 0.971055 -0.000000
vn -0.238858 0.971055 -0.000000
vn -0.238858 0.971055 -0.000000
vn -0.721601 -0.692308 -0.001363
vn -0.721601 -0.692308 -0.001363
vn -0.721601 -0.692308 -0.001363
vn -0.721601 -0.692308 -0.001363
vn -0.063716 -0.997968 0.000000
vn -0.063716 -0.997968 0.000000
vn -0.063716 -0.997968 0.000000
vn -0.063716 -0.997968 0.000000
vn 0.001526 0.000377 -0.999999
vn 0.001526 0.000377 -0.999999
vn 0.001526 0.000377 -0.999999
vn 0.001526 0.000377 -0.999999
vn 0.001526 0.000377 -0.999999
vn 0.001526 0.000377 -0.999999
vn 0.238858 -0.971055 0.000000
vn 0.238858 -0.971055 0.000000
vn 0.238858 -0.971055 0.000000
vn 0.238858 -0.971055 0.000000
vn 0.001571 -0.000100 -0.999999
vn 0.001571 -0.000100 -0.999999
vn 0.001571 -0.000100 -0.999999
vn 0.001571 -0.000100 -0.999999
vn 0.001571 -0.000100 -0.999999
vn 0.001571 -0.000100 -0.999999
vn 0.721601 0.692308 0.001366
vn 0.721601 0.692308 0.001366
vn 0.721601 0.692308 0.001366
vn 0.721601 0.692308 0.001366
vn 0.960419 -0.278556 0.001364
vn 0.960419 -0.278556 0.001364
vn 0.960419 -0.278556 0.001364
vn 0.960419 -0.278556 0.001364
vn 0.063716 0.997968 -0.000000
vn 0.063716 0.997968 -0.000000
vn 0.063716 0.997968 -0.000000
vn 0.063716 0.997968 -0.000000
vn 0.960419 -0.278556 0.001365
vn 0.960419 -0.278556 0.001365
vn 0.960419 -0.278556 0.001365
vn 0.960419 -0.278556 0.001365
vn 0.721601 0.692308 0.001364
vn 0.721601 0.692308 0.001364
vn 0.721601 0.692308 0.001364
vn 0.721601 0.692308 0.001364
vn 0.001527 0.000376 -0.999999
vn 0.001527 0.000376 -0.999999
vn 0.001527 0.000376 -0.999999
vn 0.001527 0.000376 -0.999999
vn 0.001527 0.000376 -0.999999
vn 0.001527 0.000376 -0.999999
vn 0.238858 -0.971055 0.000000
vn 0.238858 -0.971055 0.000000
vn 0.238858 -0.971055 0.000000
vn 0.238858 -0.971055 0.000000
vn -0.238858 0.971055 -0.000000
vn -0.238858 0.971055 -0.000000
vn -0.238858 0.971055 -0.000000
vn -0.238858 0.971055 -0.000000
vn 0.896081 0.443889 0.001364
vn 0.896081 0.443889 0.001364
vn 0.896081 0.443889 0.001364
vn 0.896081 0.443889 0.001364
vn -0.960419 0.278556 -0.001364
vn -0.960419 0.278556 -0.001364
vn -0.960419 0.278556 -0.001364
vn -0.960419 0.278556 -0.001364
vn -0.960419 0.278556 -0.001362
vn -0.960419 0.278556 -0.001362
vn -0.960419 0.278556 -0.001362
vn -0.960419 0.278556 -0.001362
vn -0.721601 -0.692308 -0.001366
vn -0.721601 -0.692308 -0.001366
vn -0.721601 -0.692308 -0.001366
vn -0.721601 -0.692308 -0.001366
vn -0.832425 0.554136 -0.001365
vn -0.832425 0.554136 -0.001365
vn -0.832425 0.554136 -0.001365
vn -0.832425 0.554136 -0.001365
vn -0.896081 -0.443889 -0.001363
vn -0.896081 -0.443889 -0.001363
vn -0.896081 -0.443889 -0.001363
vn -0.896081 -0.443889 -0.001363
vn -0.000000 1.000000 -0.000000
vn -0.000000 1.000000 -0.000000
vn -0.000000 1.000000 -0.000000
vn -0.000000 1.000000 -0.000000
vn -0.000000 1.000000 -0.000000
vn -0.000000 1.000000 -0.000000
vn 0.001575 0.000000 0.999999
vn 0.001575 0.000000 0.999999
vn 0.001575 0.000000 0.999999
vn 0.001575 0.000000 0.999999
vn 0.555586 0.740131 -0.378853
vn 0.555586 0.740131 -0.378853
vn 0.555586 0.740131 -0.378853
vn 0.555586 0.740131 -0.378853
vn 0.970342 -0.241731 -0.001528
vn 0.970342 -0.241731 -0.001528
vn 0.970342 -0.241731 -0.001528
vn 0.970342 -0.241731 -0.001528
vn -0.384026 -0.000000 -0.923322
vn -0.384026 -0.000000 -0.923322
vn -0.384026 -0.000000 -0.923322
vn -0.384026 -0.000000 -0.923322
vn -0.384026 -0.000000 -0.923322
vn -0.976105 -0.217292 0.001536
vn -0.976105 -0.217292 0.001536
vn -0.976105 -0.217292 0.001536
vn -0.976105 -0.217292 0.001536
vn -0.924415 -0.000000 -0.381388
vn -0.924415 -0.000000 -0.381388
vn -0.924415 -0.000000 -0.381388
vn -0.924415 -0.000000 -0.381388
vn -0.000000 1.000000 -0.000000
vn -0.000000 1.000000 -0.000000
vn -0.000000 1.000000 -0.000000
vn -0.000000 1.000000 -0.000000
vn -0.000000 1.000000 -0.000000
vn -0.000000 1.000000 -0.000000
vn -0.924415 -0.000000 -0.381388
vn -0.924415 -0.000000 -0.381388
vn -0.924415 -0.000000 -0.381388
vn -0.924415 -0.000000 -0.381388
vn 0.706129 -0.000000 -0.708083
vn 0.706129 -0.000000 -0.708083
vn 0.706129 -0.000000 -0.708083
vn 0.706129 -0.000000 -0.708083
vn -0.001574 -0.000000 -0.999999
vn -0.001574 -0.000000 -0.999999
vn -0.001574 -0.000000 -0.999999
vn -0.001574 -0.000000 -0.999999
vn -0.999999 0.000000 0.001575
vn -0.999999 0.000000 0.001575
vn -0.999999 0.000000 0.001575
vn -0.999999 0.000000 0.001575
vn -0.556671 0.740275 -0.376974
vn -0.556671 0.740275 -0.376974
vn -0.556671 0.740275 -0.376974
vn -0.556671 0.740275 -0.376974
vn 0.708083 0.000000 0.706129
vn 0.708083 0.000000 0.706129
vn 0.708083 0.000000 0.706129
vn 0.708083 0.000000 0.706129
vn -0.000000 1.000000 -0.000000
vn -0.000000 1.000000 -0.000000
vn -0.000000 1.000000 -0.000000
vn -0.000000 1.000000 -0.000000
vn -0.000000 1.000000 -0.000000
vn -0.000000 1.000000 -0.000000
vn 0.923322 -0.000000 -0.384026
vn 0.923322 -0.000000 -0.384026
vn 0.923322 -0.000000 -0.384026
vn 0.923322 -0.000000 -0.384026
vn -0.001572 -0.000000 -0.999999
vn -0.001572 -0.000000 -0.999999
vn -0.001572 -0.000000 -0.999999
vn -0.001572 -0.000000 -0.999999
vn 0.501440 0.865192 -0.000789
vn 0.501440 0.865192 -0.000789
vn 0.501440 0.865192 -0.000789
vn 0.501440 0.865192 -0.000789
vn 0.924415 0.000000 0.381388
vn 0.924415 0.000000 0.381388
vn 0.924415 0.000000 0.381388
vn 0.924415 0.000000 0.381388
vn 0.706129 -0.000000 -0.708083
vn 0.706129 -0.000000 -0.708083
vn 0.706129 -0.000000 -0.708083
vn 0.706129 -0.000000 -0.708083
vn 0.384026 0.000000 0.923322
vn 0.384026 0.000000 0.923322
vn 0.384026 0.000000 0.923322
vn 0.384026 0.000000 0.923322
vn -0.000000 1.000000 -0.000000
vn -0.000000 1.000000 -0.000000
vn -0.000000 1.000000 -0.000000
vn -0.000000 1.000000 -0.000000
vn -0.000000 1.000000 -0.000000
vn -0.000000 1.000000 -0.000000
vn -0.001557 0.151158 -0.988508
vn -0.001557 0.151158 -0.988508
vn -0.001557 0.151158 -0.988508
vn -0.001557 0.151158 -0.988508
vn -0.001557 0.151158 -0.988508
vn -0.001557 0.151158 -0.988508
vn -0.999999 0.000000 0.001574
vn -0.999999 0.000000 0.001574
vn -0.999999 0.000000 0.001574
vn -0.999999 0.000000 0.001574
vn 0.556671 0.740275 0.376974
vn 0.556671 0.740275 0.376974
vn 0.556671 0.740275 0.376974
vn 0.556671 0.740275 0.376974
vn -0.923322 0.000000 0.384026
vn -0.923322 0.000000 0.384026
vn -0.923322 0.000000 0.384026
vn -0.923322 0.000000 0.384026
vn 0.708083 0.000000 0.706129
vn 0.708083 0.000000 0.706129
vn 0.708083 0.000000 0.706129
vn 0.708083 0.000000 0.706129
vn -0.555586 0.740131 0.378853
vn -0.555586 0.740131 0.378853
vn -0.555586 0.740131 0.378853
vn -0.555586 0.740131 0.378853
vn -0.384026 -0.000000 -0.923322
vn -0.384026 -0.000000 -0.923322
vn -0.384026 -0.000000 -0.923322
vn -0.384026 -0.000000 -0.923322
vn -0.000000 -1.000000 0.000000
vn -0.000000 -1.000000 0.000000
vn -0.000000 -1.000000 0.000000
vn -0.000000 -1.000000 0.000000
vn -0.000000 -1.000000 0.000000
vn -0.000000 -1.000000 0.000000
vn -0.000000 -1.000000 0.000000
vn -0.000000 -1.000000 0.000000
vn -0.000000 -1.000000 0.000000
vn -0.000000 -1.000000 0.000000
vn -0.000000 -1.000000 0.000000
vn -0.000000 -1.000000 0.000000
vn -0.000000 -1.000000 0.000000
vn -0.000000 -1.000000 0.000000
vn -0.000000 -1.000000 0.000000
vn -0.000000 -1.000000 0.000000
vn 0.001556 -0.151158 0.988508
vn 0.001556 -0.151158 0.988508
vn 0.001556 -0.151158 0.988508
vn 0.001556 -0.151158 0.988508
vn 0.001556 -0.151158 0.988508
vn 0.001556 -0.151158 0.988508
vn 0.001555 -0.151158 0.988508
vn 0.001555 -0.151158 0.988508
vn 0.001555 -0.151158 0.988508
vn 0.001555 -0.151158 0.988508
vn 0.001555 -0.151158 0.988508
vn 0.001555 -0.151158 0.988508
vn -0.001527 -0.000376 0.999999
vn -0.001527 -0.000376 0.999999
vn -0.001527 -0.000376 0.999999
vn -0.001527 -0.000376 0.999999
vn -0.001527 -0.000376 0.999999
vn -0.001527 -0.000376 0.999999
vn -0.001527 -0.000376 0.999999
vn -0.001527 -0.000376 0.999999
vn -0.001527 -0.000376 0.999999
vn -0.001527 -0.000376 0.999999
vn -0.001527 -0.000376 0.999999
vn -0.001527 -0.000376 0.999999
vn -0.001570 0.000100 0.999999
vn -0.001570 0.000100 0.999999
vn -0.001570 0.000100 0.999999
vn -0.001570 0.000100 0.999999
vn -0.001570 0.000100 0.999999
vn -0.001570 0.000100 0.999999
vn -0.000000 0.000000 1.000000
vn -0.000000 0.000000 1.000000
vn -0.000000 0.000000 1.000000
vn -0.000000 0.000000 1.000000
vn -0.000000 0.000000 1.000000
vn -0.000000 0.000000 1.000000
vn -0.000000 0.000000 1.000000
vn -0.000000 0.000000 1.000000
vn 0.994035 -0.000000 -0.109058
vn 0.994035 -0.000000 -0.109058
vn 0.994035 -0.000000 -0.109058
vn 0.994035 -0.000000 -0.109058
vn -0.994035 0.000000 0.109058
vn -0.994035 0.000000 0.109058
vn -0.994035 0.000000 0.109058
vn -0.994035 0.000000 0.109058
vn -0.000000 1.000000 -0.000000
vn -0.000000 1.000000 -0.000000
vn -0.000000 1.000000 -0.000000
vn -0.000000 1.000000 -0.000000
vn -0.000000 -1.000000 0.000000
vn -0.000000 -1.000000 0.000000
vn -0.000000 -1.000000 0.000000
vn -0.000000 -1.000000 0.000000
vn 0.997048 0.000000 0.076781
vn 0.997048 0.000000 0.076781
vn 0.997048 0.000000 0.076781
vn 0.997048 0.000000 0.076781
vn -0.997048 -0.000000 -0.076781
vn -0.997048 -0.000000 -0.076781
vn -0.997048 -0.000000 -0.076781
vn -0.997048 -0.000000 -0.076781
vn -0.000000 1.000000 -0.000000
vn -0.000000 1.000000 -0.000000
vn -0.000000 1.000000 -0.000000
vn -0.000000 1.000000 -0.000000
vn -0.000000 -1.000000 0.000000
vn -0.000000 -1.000000 0.000000
vn -0.000000 -1.000000 0.000000
vn -0.000000 -1.000000 0.000000
vn 1.000000 0.000000 -0.000000
vn 1.000000 0.000000 -0.000000
vn 1.000000 0.000000 -0.000000
vn 1.000000 0.000000 -0.000000
vn -1.000000 0.000000 -0.000000
vn -1.000000 0.000000 -0.000000
vn -1.000000 0.000000 -0.000000
vn -1.000000 0.000000 -0.000000
vn 0.930355 0.031500 0.365305
vn 0.930355 0.031500 0.365305
vn 0.930355 0.031500 0.365305
vn 0.930355 0.031500 0.365305
vn -0.000000 -0.085895 -0.996304
vn -0.000000 -0.085895 -0.996304
vn -0.000000 -0.085895 -0.996304
vn -0.000000 -0.085895 -0.996304
vn -0.000000 0.996304 -0.085895
vn -0.000000 0.996304 -0.085895
vn -0.000000 0.996304 -0.085895
vn -0.000000 0.996304 -0.085895
vn -0.000000 0.996304 -0.085895
vn -0.000000 0.996304 -0.085895
vn 1.000000 0.000000 -0.000000
vn 1.000000 0.000000 -0.000000
vn 1.000000 0.000000 -0.000000
vn 1.000000 0.000000 -0.000000
vn -0.000000 0.000000 1.000000
vn -0.000000 0.000000 1.000000
vn -0.000000 0.000000 1.000000
vn -0.000000 0.000000 1.000000
vn -0.000000 0.000000 1.000000
vn -0.000000 0.000000 1.000000
vn -0.000000 0.000000 1.000000
vn -0.000000 0.000000 1.000000
vn -0.000000 0.000000 1.000000
vn -0.000000 0.000000 1.000000
vn -1.000000 0.000000 -0.000000
vn -1.000000 0.000000 -0.000000
vn -1.000000 0.000000 -0.000000
vn -1.000000 0.000000 -0.000000
vn -0.000000 -0.085895 -0.996304
vn -0.000000 -0.085895 -0.996304
vn -0.000000 -0.085895 -0.996304
vn -0.000000 -0.085895 -0.996304
vn -0.000000 0.085895 0.996304
vn -0.000000 0.085895 0.996304
vn -0.000000 0.085895 0.996304
vn -0.000000 0.085895 0.996304
vn -0.000000 0.085895 0.996304
vn -0.000000 0.085895 0.996304
vn -0.000000 0.085895 0.996304
vn -0.000000 0.085895 0.996304
vn -0.930355 0.031500 0.365305
vn -0.930355 0.031500 0.365305
vn -0.930355 0.031500 0.365305
vn -0.930355 0.031500 0.365305
vn 0.930355 0.031500 0.365305
vn 0.930355 0.031500 0.365305
vn 0.930355 0.031500 0.365305
vn 0.930355 0.031500 0.365305
vn -0.930355 0.031500 0.365305
vn -0.930355 0.031500 0.365305
vn -0.930355 0.031500 0.365305
vn -0.930355 0.031500 0.365305
vn -0.000000 -1.000000 0.000000
vn -0.000000 -1.000000 0.000000
vn -0.000000 -1.000000 0.000000
vn -0.000000 -1.000000 0.000000
vn 1.000000 0.000000 -0.000000
vn 1.000000 0.000000 -0.000000
vn 1.000000 0.000000 -0.000000
vn 1.000000 0.000000 -0.000000
vn -0.000000 1.000000 -0.000000
vn -0.000000 1.000000 -0.000000
vn -0.000000 1.000000 -0.000000
vn -0.000000 1.000000 -0.000000
vn -1.000000 0.000000 -0.000000
vn -1.000000 0.000000 -0.000000
vn -1.000000 0.000000 -0.000000
vn -1.000000 0.000000 -0.000000
vn -0.000000 0.000000 1.000000
vn -0.000000 0.000000 1.000000
vn -0.000000 0.000000 1.000000
vn -0.000000 0.000000 1.000000
vn -0.000000 -0.000000 -1.000000
vn -0.000000 -0.000000 -1.000000
vn -0.000000 -0.000000 -1.000000
vn -0.000000 -0.000000 -1.000000
vn -0.000000 -1.000000 0.000000
vn -0.000000 -1.000000 0.000000
vn -0.000000 -1.000000 0.000000
vn -0.000000 -1.000000 0.000000
vn 0.977278 0.000000 0.211963
vn 0.977278 0.000000 0.211963
vn 0.977278 0.000000 0.211963
vn 0.977278 0.000000 0.211963
vn -0.000000 1.000000 -0.000000
vn -0.000000 1.000000 -0.000000
vn -0.000000 1.000000 -0.000000
vn -0.000000 1.000000 -0.000000
vn -0.977278 -0.000000 -0.211963
vn -0.977278 -0.000000 -0.211963
vn -0.977278 -0.000000 -0.211963
vn -0.977278 -0.000000 -0.211963
vn -0.211963 0.000000 0.977278
vn -0.211963 0.000000 0.977278
vn -0.211963 0.000000 0.977278
vn -0.211963 0.000000 0.977278
vn 0.211963 -0.000000 -0.977278
vn 0.211963 -0.000000 -0.977278
vn 0.211963 -0.000000 -0.977278
vn 0.211963 -0.000000 -0.977278
vn 0.544404 0.838822 -0.001364
vn 0.544404 0.838822 -0.001364
vn 0.544404 0.838822 -0.001364
vn 0.544404 0.838822 -0.001364
vn -0.454427 0.890784 -0.000000
vn -0.454427 0.890784 -0.000000
vn -0.454427 0.890784 -0.000000
vn -0.454427 0.890784 -0.000000
vn -0.998654 0.051856 0.001364
vn -0.998654 0.051856 0.001364
vn -0.998654 0.051856 0.001364
vn -0.998654 0.051856 0.001364
vn -0.544404 -0.838822 0.001365
vn -0.544404 -0.838822 0.001365
vn -0.544404 -0.838822 0.001365
vn -0.544404 -0.838822 0.001365
vn -0.001402 -0.000715 -0.999999
vn -0.001402 -0.000715 -0.999999
vn -0.001402 -0.000715 -0.999999
vn -0.001402 -0.000715 -0.999999
vn -0.001402 -0.000715 -0.999999
vn -0.001402 -0.000715 -0.999999
vn 0.454427 -0.890784 0.000000
vn 0.454427 -0.890784 0.000000
vn 0.454427 -0.890784 0.000000
vn 0.454427 -0.890784 0.000000
vn 0.998654 -0.051856 -0.001364
vn 0.998654 -0.051856 -0.001364
vn 0.998654 -0.051856 -0.001364
vn 0.998654 -0.051856 -0.001364
vn 0.001403 0.000715 0.999999
vn 0.001403 0.000715 0.999999
vn 0.001403 0.000715 0.999999
vn 0.001403 0.000715 0.999999
vn 0.001403 0.000715 0.999999
vn 0.001403 0.000715 0.999999
vn -0.000000 -0.996304 0.085895
vn -0.000000 -0.996304 0.085895
vn -0.000000 -0.996304 0.085895
vn -0.000000 -0.996304 0.085895
vn -0.000000 -0.996304 0.085895
vn -0.000000 -0.996304 0.085895
f 1/1/1 2/2/2 3/3/3
f 4/4/4 5/5/5 6/6/6
f 7/7/7 8/8/8 9/9/9
f 7/7/7 9/9/9 10/10/10
f 11/11/11 12/12/12 13/13/13
f 13/13/13 14/14/14 11/11/11
f 14/14/14 15/15/15 11/11/11
f 16/16/16 17/17/17 18/18/18
f 16/16/16 18/18/18 19/19/19
f 20/20/20 21/21/21 22/22/22
f 22/22/22 23/23/23 20/20/20
f 23/23/23 24/24/24 20/20/20
f 25/25/25 23/23/23 22/22/22
f 25/25/25 22/22/22 26/26/26
f 27/27/27 25/25/25 26/26/26
f 27/27/27 26/26/26 28/28/28
f 28/28/28 29/29/29 27/27/27
f 30/30/30 31/31/31 32/32/32
f 32/32/32 33/33/33 30/30/30
f 33/33/33 34/34/34 30/30/30
f 35/35/35 36/36/36 37/37/37
f 37/37/37 38/38/38 35/35/35
f 38/38/38 39/39/39 35/35/35
f 40/40/40 41/41/41 42/42/42
f 40/40/40 42/42/42 43/43/43
f 44/44/44 45/45/45 46/46/46
f 44/44/44 46/46/46 47/47/47
f 48/48/48 49/49/49 50/50/50
f 48/48/48 50/50/50 51/51/51
f 52/52/52 53/53/53 54/54/54
f 54/54/54 55/55/55 52/52/52
f 55/55/55 56/56/56 52/52/52
f 55/55/55 57/57/57 56/56/56
f 58/58/58 59/59/59 60/60/60
f 60/60/60 61/61/61 58/58/58
f 61/61/61 62/62/62 58/58/58
f 63/63/63 64/64/64 65/65/65
f 63/63/63 65/65/65 66/66/66
f 67/67/67 68/68/68 69/69/69
f 67/67/67 69/69/69 70/70/70
f 71/71/71 72/72/72 73/73/73
f 71/71/71 73/73/73 74/74/74
f 75/75/75 76/76/76 77/77/77
f 77/77/77 78/78/78 75/75/75
f 78/78/78 79/79/79 75/75/75
f 78/78/78 80/80/80 79/79/79
f 81/81/81 82/82/82 83/83/83
f 81/81/81 83/83/83 84/84/84
f 85/85/85 86/86/86 87/87/87
f 85/85/85 87/87/87 88/88/88
f 89/89/89 90/90/90 91/91/91
f 91/91/91 92/92/92 89/89/89
f 92/92/92 93/93/93 89/89/89
f 92/92/92 94/94/94 93/93/93
f 94/94/94 95/95/95 93/93/93
f 94/94/94 96/96/96 95/95/95
f 97/97/97 98/98/98 99/99/99
f 99/99/99 100/100/100 97/97/97
f 100/100/100 101/101/101 97/97/97
f 102/102/102 103/103/103 104/104/104
f 104/104/104 105/105/105 102/102/102
f 105/105/105 106/106/106 102/102/102
f 106/106/106 107/107/107 102/102/102
f 107/107/107 108/108/108 102/102/102
f 109/109/109 110/110/110 111/111/111
f 111/111/111 112/112/112 109/109/109
f 112/112/112 113/113/113 109/109/109
f 112/112/112 114/114/114 113/113/113
f 115/115/115 116/116/116 117/117/117
f 115/115/115 117/117/117 118/118/118
f 119/119/119 120/120/120 121/121/121
f 122/122/122 119/119/119 121/121/121
f 121/121/121 123/123/123 122/122/122
f 122/122/122 124/124/124 119/119/119
f 124/124/124 125/125/125 119/119/119
f 126/126/126 127/127/127 128/128/128
f 126/126/126 128/128/128 129/129/129
f 130/130/130 131/131/131 132/132/132
f 130/130/130 132/132/132 133/133/133
f 134/134/134 135/135/135 136/136/136
f 136/136/136 137/137/137 134/134/134
f 137/137/137 136/136/136 138/138/138
f 137/137/137 139/139/139 134/134/134
f 138/138/138 140/140/140 137/137/137
f 139/139/139 141/141/141 134/134/134
f 138/138/138 142/142/142 140/140/140
f 141/141/141 139/139/139 143/143/143
f 142/142/142 143/143/143 140/140/140
f 142/142/142 141/141/141 143/143/143
f 144/144/144 145/145/145 146/146/146
f 146/146/146 147/147/147 144/144/144
f 147/147/147 148/148/148 144/144/144
f 147/147/147 149/149/149 148/148/148
f 150/150/150 151/151/151 152/152/152
f 152/152/152 153/153/153 150/150/150
f 152/152/152 154/154/154 153/153/153
f 155/155/155 156/156/156 157/157/157
f 155/155/155 157/157/157 158/158/158
f 159/159/159 160/160/160 161/161/161
f 159/159/159 161/161/161 162/162/162
f 163/163/163 164/164/164 165/165/165
f 163/163/163 165/165/165 166/166/166
f 167/167/167 168/168/168 169/169/169
f 169/169/169 170/170/170 167/167/167
f 170/170/170 171/171/171 167/167/167
f 172/172/172 173/173/173 174/174/174
f 174/174/174 175/175/175 172/172/172
f 175/175/175 176/176/176 172/172/172
f 176/176/176 177/177/177 172/172/172
f 178/178/178 179/179/179 180/180/180
f 178/178/178 180/180/180 181/181/181
f 182/182/182 183/183/183 184/184/184
f 184/184/184 185/185/185 182/182/182
f 185/185/185 186/186/186 182/182/182
f 187/187/187 188/188/188 189/189/189
f 189/189/189 190/190/190 187/187/187
f 190/190/190 191/191/191 187/187/187
f 190/190/190 192/192/192 191/191/191
f 193/193/193 194/194/194 195/195/195
f 193/193/193 195/195/195 196/196/196
f 197/197/197 198/198/198 199/199/199
f 199/199/199 200/200/200 197/197/197
f 199/199/199 201/201/201 200/200/200
f 201/201/201 202/202/202 200/200/200
f 203/203/203 204/204/204 205/205/205
f 203/203/203 205/205/205 206/206/206
f 207/207/207 208/208/208 209/209/209
f 207/207/207 209/209/209 210/210/210
f 211/211/211 212/212/212 213/213/213
f 211/211/211 213/213/213 214/214/214
f 215/215/215 216/216/216 217/217/217
f 215/215/215 217/217/217 218/218/218
f 219/219/219 220/220/220 221/221/221
f 219/219/219 221/221/221 222/222/222
f 223/223/223 224/224/224 225/225/225
f 223/223/223 225/225/225 226/226/226
f 227/227/227 228/228/228 229/229/229
f 227/227/227 229/229/229 230/230/230
f 231/231/231 232/232/232 233/233/233
f 231/231/231 233/233/233 234/234/234
f 235/235/235 236/236/236 237/237/237
f 235/235/235 237/237/237 238/238/238
f 239/239/239 240/240/240 241/241/241
f 239/239/239 241/241/241 242/242/242
f 243/243/243 244/244/244 245/245/245
f 243/243/243 245/245/245 246/246/246
f 247/247/247 248/248/248 249/249/249
f 249/249/249 250/250/250 247/247/247
f 250/250/250 251/251/251 247/247/247
f 250/250/250 252/252/252 251/251/251
f 253/253/253 254/254/254 255/255/255
f 253/253/253 255/255/255 256/256/256
f 257/257/257 258/258/258 259/259/259
f 259/259/259 260/260/260 257/257/257
f 260/260/260 261/261/261 257/257/257
f 260/260/260 262/262/262 261/261/261
f 262/262/262 263/263/263 261/261/261
f 264/264/264 265/265/265 266/266/266
f 264/264/264 266/266/266 267/267/267
f 268/268/268 269/269/269 270/270/270
f 268/268/268 270/270/270 271/271/271
f 272/272/272 273/273/273 274/274/274
f 272/272/272 274/274/274 275/275/275
f 276/276/276 277/277/277 278/278/278
f 276/276/276 278/278/278 279/279/279
f 280/280/280 281/281/281 282/282/282
f 282/282/282 283/283/283 280/280/280
f 282/282/282 284/284/284 283/283/283
f 282/282/282 285/285/285 284/284/284
f 282/282/282 286/286/286 285/285/285
f 287/287/287 288/288/288 289/289/289
f 289/289/289 290/290/290 287/287/287
f 290/290/290 291/291/291 287/287/287
f 290/290/290 292/292/292 291/291/291
f 293/293/293 294/294/294 295/295/295
f 295/295/295 296/296/296 293/293/293
f 296/296/296 297/297/297 293/293/293
f 297/297/297 298/298/298 293/293/293
f 297/297/297 299/299/299 298/298/298
f 299/299/299 300/300/300 298/298/298
f 299/299/299 301/301/301 300/300/300
f 301/301/301 302/302/302 300/300/300
f 302/302/302 303/303/303 300/300/300
f 304/304/304 305/305/305 306/306/306
f 304/304/304 306/306/306 307/307/307
f 308/308/308 309/309/309 310/310/310
f 308/308/308 310/310/310 311/311/311
f 312/312/312 313/313/313 314/314/314
f 314/314/314 315/315/315 312/312/312
f 315/315/315 316/316/316 312/312/312
f 315/315/315 317/317/317 316/316/316
f 318/318/318 319/319/319 320/320/320
f 318/318/318 320/320/320 321/321/321
f 322/322/322 323/323/323 324/324/324
f 322/322/322 324/324/324 325/325/325
f 326/326/326 327/327/327 328/328/328
f 328/328/328 329/329/329 326/326/326
f 329/329/329 330/330/330 326/326/326
f 330/330/330 331/331/331 326/326/326
f 332/332/332 333/333/333 334/334/334
f 332/332/332 334/334/334 335/335/335
f 336/336/336 337/337/337 338/338/338
f 336/336/336 338/338/338 339/339/339
f 340/340/340 341/341/341 342/342/342
f 340/340/340 342/342/342 343/343/343
f 344/344/344 345/345/345 346/346/346
f 344/344/344 346/346/346 347/347/347
f 348/348/348 349/349/349 350/350/350
f 348/348/348 350/350/350 351/351/351
f 352/352/352 353/353/353 354/354/354
f 352/352/352 354/354/354 355/355/355
f 356/356/356 357/357/357 358/358/358
f 356/356/356 358/358/358 359/359/359
f 360/360/360 361/361/361 362/362/362
f 360/360/360 362/362/362 363/363/363
f 364/364/364 365/365/365 366/366/366
f 364/364/364 366/366/366 367/367/367
f 368/368/368 369/369/369 370/370/370
f 368/368/368 370/370/370 371/371/371
f 372/372/372 373/373/373 374/374/374
f 372/372/372 374/374/374 375/375/375
f 376/376/376 377/377/377 378/378/378
f 376/376/376 378/378/378 379/379/379
f 380/380/380 381/381/381 382/382/382
f 382/382/382 383/383/383 380/380/380
f 382/382/382 384/384/384 383/383/383
f 384/384/384 385/385/385 383/383/383
f 386/386/386 387/387/387 388/388/388
f 386/386/386 388/388/388 389/389/389
f 390/390/390 391/391/391 392/392/392
f 392/392/392 393/393/393 390/390/390
f 393/393/393 394/394/394 390/390/390
f 393/393/393 395/395/395 394/394/394
f 396/396/396 397/397/397 398/398/398
f 396/396/396 398/398/398 399/399/399
f 400/400/400 401/401/401 402/402/402
f 400/400/400 402/402/402 403/403/403
f 404/404/404 405/405/405 406/406/406
f 404/404/404 406/406/406 407/407/407
f 408/408/408 409/409/409 410/410/410
f 408/408/408 410/410/410 411/411/411
f 412/412/412 413/413/413 414/414/414
f 412/412/412 414/414/414 415/415/415
f 416/416/416 417/417/417 418/418/418
f 418/418/418 419/419/419 416/416/416
f 418/418/418 420/420/420 419/419/419
f 420/420/420 421/421/421 419/419/419
f 422/422/422 423/423/423 424/424/424
f 422/422/422 424/424/424 425/425/425
f 426/426/426 427/427/427 428/428/428
f 426/426/426 428/428/428 429/429/429
f 430/430/430 431/431/431 432/432/432
f 430/430/430 432/432/432 433/433/433
f 434/434/434 435/435/435 436/436/436
f 434/434/434 436/436/436 437/437/437
f 438/438/438 439/439/439 440/440/440
f 438/438/438 440/440/440 441/441/441
f 442/442/442 443/443/443 444/444/444
f 442/442/442 444/444/444 445/445/445
f 446/446/446 447/447/447 448/448/448
f 446/446/446 448/448/448 449/449/449
f 450/450/450 451/451/451 452/452/452
f 450/450/450 452/452/452 453/453/453
f 454/454/454 455/455/455 456/456/456
f 454/454/454 457/457/457 455/455/455
f 458/458/458 457/457/457 454/454/454
f 458/458/458 459/459/459 457/457/457
f 460/460/460 461/461/461 462/462/462
f 460/460/460 462/462/462 463/463/463
f 464/464/464 465/465/465 466/466/466
f 464/464/464 466/466/466 467/467/467
f 468/468/468 469/469/469 470/470/470
f 468/468/468 470/470/470 471/471/471
f 472/472/472 473/473/473 474/474/474
f 474/474/474 475/475/475 472/472/472
f 475/475/475 476/476/476 472/472/472
f 477/477/477 478/478/478 479/479/479
f 477/477/477 479/479/479 480/480/480
f 481/481/481 482/482/482 483/483/483
f 481/481/481 483/483/483 484/484/484
f 485/485/485 486/486/486 487/487/487
f 485/485/485 488/488/488 486/486/486
f 489/489/489 488/488/488 485/485/485
f 489/489/489 490/490/490 488/488/488
f 491/491/491 492/492/492 493/493/493
f 491/491/491 493/493/493 494/494/494
f 495/495/495 496/496/496 497/497/497
f 495/495/495 497/497/497 498/498/498
f 499/499/499 500/500/500 501/501/501
f 499/499/499 501/501/501 502/502/502
f 503/503/503 504/504/504 505/505/505
f 503/503/503 505/505/505 506/506/506
f 507/507/507 508/508/508 509/509/509
f 507/507/507 509/509/509 510/510/510
f 511/511/511 512/512/512 513/513/513
f 511/511/511 513/513/513 514/514/514
f 515/515/515 516/516/516 517/517/517
f 515/515/515 517/517/517 518/518/518
f 518/518/518 517/517/517 519/519/519
f 518/518/518 519/519/519 520/520/520
f 521/521/521 522/522/522 523/523/523
f 521/521/521 523/523/523 524/524/524
f 525/525/525 526/526/526 527/527/527
f 525/525/525 527/527/527 528/528/528
f 529/529/529 530/530/530 531/531/531
f 529/529/529 531/531/531 532/532/532
f 533/533/533 534/534/534 535/535/535
f 533/533/533 535/535/535 536/536/536
f 537/537/537 538/538/538 539/539/539
f 537/537/537 539/539/539 540/540/540
f 541/541/541 542/542/542 543/543/543
f 541/541/541 543/543/543 544/544/544
f 545/545/545 546/546/546 547/547/547
f 545/545/545 547/547/547 548/548/548
f 548/548/548 547/547/547 549/549/549
f 548/548/548 549/549/549 550/550/550
f 551/551/551 552/552/552 553/553/553
f 553/553/553 554/554/554 551/551/551
f 554/554/554 555/555/555 551/551/551
f 554/554/554 556/556/556 555/555/555
f 557/557/557 558/558/558 559/559/559
f 557/557/557 559/559/559 560/560/560
f 561/561/561 562/562/562 563/563/563
f 561/561/561 563/563/563 564/564/564
f 565/565/565 566/566/566 567/567/567
f 565/565/565 567/567/567 568/568/568
f 569/569/569 570/570/570 571/571/571
f 569/569/569 571/571/571 572/572/572
f 573/573/573 574/574/574 575/575/575
f 573/573/573 575/575/575 576/576/576
f 577/577/577 578/578/578 579/579/579
f 577/577/577 579/579/579 580/580/580
f 581/581/581 582/582/582 583/583/583
f 583/583/583 584/584/584 581/581/581
f 583/583/583 585/585/585 584/584/584
f 585/585/585 586/586/586 584/584/584
f 585/585/585 587/587/587 586/586/586
f 587/587/587 588/588/588 586/586/586
f 589/589/589 590/590/590 591/591/591
f 589/589/589 591/591/591 592/592/592
f 593/593/593 594/594/594 595/595/595
f 593/593/593 595/595/595 596/596/596
f 597/597/597 598/598/598 599/599/599
f 599/599/599 600/600/600 597/597/597
f 599/599/599 601/601/601 600/600/600
f 601/601/601 602/602/602 600/600/600
f 603/603/603 604/604/604 605/605/605
f 605/605/605 606/606/606 603/603/603
f 605/605/605 607/607/607 606/606/606
f 607/607/607 608/608/608 606/606/606
f 609/609/609 610/610/610 611/611/611
f 611/611/611 612/612/612 609/609/609
f 612/612/612 613/613/613 609/609/609
f 612/612/612 614/614/614 613/613/613
f 615/615/615 616/616/616 617/617/617
f 617/617/617 618/618/618 615/615/615
f 618/618/618 619/619/619 615/615/615
f 618/618/618 620/620/620 619/619/619
f 621/621/621 622/622/622 623/623/623
f 623/623/623 624/624/624 621/621/621
f 623/623/623 625/625/625 624/624/624
f 625/625/625 626/626/626 624/624/624
f 627/627/627 628/628/628 629/629/629
f 627/627/627 629/629/629 630/630/630
f 631/631/631 632/632/632 633/633/633
f 631/631/631 633/633/633 634/634/634
f 635/635/635 636/636/636 637/637/637
f 635/635/635 637/637/637 638/638/638
f 639/639/639 640/640/640 641/641/641
f 639/639/639 641/641/641 642/642/642
f 643/643/643 644/644/644 645/645/645
f 643/643/643 645/645/645 646/646/646
f 647/647/647 648/648/648 649/649/649
f 647/647/647 649/649/649 650/650/650
f 651/651/651 652/652/652 653/653/653
f 651/651/651 653/653/653 654/654/654
f 655/655/655 656/656/656 657/657/657
f 655/655/655 657/657/657 658/658/658
f 659/659/659 660/660/660 661/661/661
f 659/659/659 661/661/661 662/662/662
f 663/663/663 664/664/664 665/665/665
f 663/663/663 665/665/665 666/666/666
f 667/667/667 668/668/668 669/669/669
f 667/667/667 669/669/669 670/670/670
f 671/671/671 672/672/672 673/673/673
f 671/671/671 673/673/673 674/674/674
f 675/675/675 676/676/676 677/677/677
f 675/675/675 677/677/677 678/678/678
f 679/679/679 680/680/680 681/681/681
f 679/679/679 681/681/681 682/682/682
f 683/683/683 684/684/684 685/685/685
f 685/685/685 686/686/686 683/683/683
f 686/686/686 687/687/687 683/683/683
f 686/686/686 688/688/688 687/687/687
f 689/689/689 690/690/690 691/691/691
f 689/689/689 691/691/691 692/692/692
f 693/693/693 694/694/694 695/695/695
f 695/695/695 696/696/696 693/693/693
f 696/696/696 697/697/697 693/693/693
f 697/697/697 698/698/698 693/693/693
f 697/697/697 699/699/699 698/698/698
f 699/699/699 700/700/700 698/698/698
f 699/699/699 701/701/701 700/700/700
f 701/701/701 699/699/699 702/702/702
f 703/703/703 704/704/704 705/705/705
f 703/703/703 705/705/705 706/706/706
f 707/707/707 708/708/708 709/709/709
f 707/707/707 709/709/709 710/710/710
f 711/711/711 712/712/712 713/713/713
f 711/711/711 713/713/713 714/714/714
f 715/715/715 716/716/716 717/717/717
f 715/715/715 717/717/717 718/718/718
f 719/719/719 720/720/720 721/721/721
f 719/719/719 721/721/721 722/722/722
f 723/723/723 724/724/724 725/725/725
f 723/723/723 725/725/725 726/726/726
f 727/727/727 728/728/728 729/729/729
f 727/727/727 729/729/729 730/730/730
f 731/731/731 732/732/732 733/733/733
f 731/731/731 733/733/733 734/734/734
f 735/735/735 736/736/736 737/737/737
f 735/735/735 737/737/737 738/738/738
f 739/739/739 740/740/740 741/741/741
f 739/739/739 741/741/741 742/742/742
f 743/743/743 744/744/744 745/745/745
f 743/743/743 745/745/745 746/746/746
f 747/747/747 748/748/748 749/749/749
f 747/747/747 749/749/749 750/750/750
f 751/751/751 752/752/752 753/753/753
f 751/751/751 753/753/753 754/754/754
f 755/755/755 756/756/756 757/757/757
f 755/755/755 757/757/757 758/758/758
f 759/759/759 760/760/760 761/761/761
f 759/759/759 761/761/761 762/762/762
f 763/763/763 764/764/764 765/765/765
f 763/763/763 765/765/765 766/766/766
f 767/767/767 768/768/768 769/769/769
f 767/767/767 769/769/769 770/770/770
f 771/771/771 772/772/772 773/773/773
f 771/771/771 773/773/773 774/774/774
f 775/775/775 776/776/776 777/777/777
f 775/775/775 777/777/777 778/778/778
f 779/779/779 780/780/780 781/781/781
f 779/779/779 781/781/781 782/782/782
f 783/783/783 784/784/784 785/785/785
f 783/783/783 785/785/785 786/786/786
f 787/787/787 788/788/788 789/789/789
f 787/787/787 789/789/789 790/790/790
f 791/791/791 792/792/792 793/793/793
f 791/791/791 793/793/793 794/794/794
f 795/795/795 796/796/796 797/797/797
f 797/797/797 798/798/798 795/795/795
f 797/797/797 799/799/799 798/798/798
f 799/799/799 800/800/800 798/798/798
f 801/801/801 802/802/802 803/803/803
f 801/801/801 803/803/803 804/804/804
f 805/805/805 806/806/806 807/807/807
f 805/805/805 807/807/807 808/808/808
f 809/809/809 810/810/810 811/811/811
f 811/811/811 812/812/812 809/809/809
f 812/812/812 813/813/813 809/809/809
f 812/812/812 814/814/814 813/813/813
f 815/815/815 816/816/816 817/817/817
f 817/817/817 818/818/818 815/815/815
f 818/818/818 819/819/819 815/815/815
f 818/818/818 820/820/820 819/819/819
