# Unturned item rip -> Godot (X+Z negated, winding reversed, RH Y-up)
v -0.002860 -0.221748 0.113254
v 0.056225 -0.221748 0.038463
v -0.002860 -0.246562 0.038463
v -0.002860 -0.221748 -0.036329
v -0.061945 -0.221748 0.038463
v -0.002860 -0.246562 0.038463
v 0.056225 -0.221748 0.038463
v -0.002860 -0.221748 -0.036329
v -0.002860 -0.246562 0.038463
v -0.061945 -0.221748 0.038463
v -0.002860 -0.221748 0.113254
v -0.002860 -0.246562 0.038463
v 0.401508 -0.204668 -0.062454
v 0.401508 0.228950 -0.062454
v 0.401508 0.228950 -0.089934
v 0.401508 -0.204668 -0.089934
v 0.401508 0.228950 0.105652
v 0.401508 -0.204668 0.105652
v -0.407229 -0.204668 0.105652
v -0.407229 0.228950 0.105652
v -0.407229 0.228950 -0.062454
v -0.407229 -0.204668 -0.062454
v -0.407229 -0.204668 -0.089934
v -0.407229 0.228950 -0.089934
v -0.002860 -0.204668 -0.005934
v 0.401508 -0.204668 -0.062454
v 0.401508 -0.204668 -0.089934
v -0.002860 -0.204668 -0.033415
v -0.407229 -0.204668 -0.062454
v -0.407229 -0.204668 -0.089934
v -0.002860 0.228950 -0.089934
v -0.002860 -0.204668 -0.033415
v 0.401508 -0.204668 -0.089934
v 0.401508 0.228950 -0.089934
v -0.002860 -0.204668 0.077617
v 0.401508 -0.204668 0.077617
v 0.401508 -0.204668 0.027971
v -0.002860 -0.204668 0.050690
v -0.002860 -0.204668 0.050690
v 0.401508 -0.204668 0.027971
v 0.401508 -0.204668 -0.000064
v -0.002860 -0.204668 0.022655
v -0.407229 -0.204668 0.027971
v -0.407229 -0.204668 -0.000064
v -0.002860 -0.204668 0.022655
v 0.401508 -0.204668 -0.000064
v 0.401508 -0.204668 -0.062454
v -0.002860 -0.204668 -0.005934
v -0.407229 -0.204668 -0.000064
v -0.407229 -0.204668 -0.062454
v -0.407229 0.228950 0.105652
v -0.407229 -0.204668 0.105652
v -0.407229 -0.204668 0.077617
v -0.407229 0.228950 0.077617
v -0.407229 0.228950 0.077617
v -0.407229 -0.204668 0.077617
v -0.407229 -0.204668 0.027971
v -0.407229 0.228950 0.027971
v -0.407229 0.228950 0.027971
v -0.407229 -0.204668 0.027971
v -0.407229 -0.204668 -0.000064
v -0.407229 0.228950 -0.000064
v -0.407229 0.228950 -0.000064
v -0.407229 -0.204668 -0.000064
v -0.407229 -0.204668 -0.062454
v -0.407229 0.228950 -0.062454
v 0.401508 0.228950 -0.089934
v 0.401508 0.228950 -0.062454
v -0.407229 0.228950 -0.062454
v -0.407229 0.228950 -0.089934
v -0.002860 0.228950 -0.089934
v 0.401508 0.228950 0.105652
v -0.407229 0.228950 0.105652
v -0.407229 0.228950 0.077617
v 0.401508 0.228950 0.077617
v 0.401508 0.228950 0.077617
v -0.407229 0.228950 0.077617
v -0.407229 0.228950 0.027971
v 0.401508 0.228950 0.027971
v 0.401508 0.228950 0.027971
v -0.407229 0.228950 0.027971
v -0.407229 0.228950 -0.000064
v 0.401508 0.228950 -0.000064
v 0.401508 -0.204668 0.105652
v 0.401508 0.228950 0.105652
v 0.401508 0.228950 0.077617
v 0.401508 -0.204668 0.077617
v 0.401508 -0.204668 0.077617
v 0.401508 0.228950 0.077617
v 0.401508 0.228950 0.027971
v 0.401508 -0.204668 0.027971
v 0.401508 -0.204668 0.027971
v 0.401508 0.228950 0.027971
v 0.401508 0.228950 -0.000064
v 0.401508 -0.204668 -0.000064
v 0.401508 -0.204668 -0.000064
v 0.401508 0.228950 -0.000064
v 0.401508 0.228950 -0.062454
v 0.401508 -0.204668 -0.062454
v -0.407229 -0.204668 0.077617
v -0.002860 -0.204668 0.077617
v -0.002860 -0.204668 0.050690
v -0.407229 -0.204668 0.027971
v -0.407229 0.228950 -0.089934
v -0.407229 -0.204668 -0.089934
v -0.002860 -0.204668 -0.033415
v -0.002860 0.228950 -0.089934
v -0.020520 -0.167121 -0.053676
v -0.080948 -0.167121 0.020531
v -0.080948 -0.222899 0.020531
v -0.020520 -0.222899 -0.053676
v 0.014799 -0.167121 -0.053676
v 0.014799 -0.222899 -0.053676
v 0.075227 -0.222899 0.020531
v 0.075227 -0.167121 0.020531
v -0.080948 -0.222899 0.055390
v -0.020520 -0.222899 0.129598
v 0.014799 -0.222899 0.129598
v 0.075227 -0.222899 0.055390
v -0.080948 -0.222899 0.020531
v 0.075227 -0.222899 0.020531
v -0.020520 -0.222899 -0.053676
v 0.014799 -0.222899 -0.053676
v -0.080948 -0.167121 0.055390
v -0.080948 -0.222899 0.055390
v -0.080948 -0.222899 0.020531
v -0.080948 -0.167121 0.020531
v -0.020520 -0.167121 0.129598
v -0.020520 -0.222899 0.129598
v -0.080948 -0.222899 0.055390
v -0.080948 -0.167121 0.055390
v 0.075227 -0.222899 0.055390
v 0.075227 -0.167121 0.055390
v 0.075227 -0.167121 0.020531
v 0.075227 -0.222899 0.020531
v -0.020520 -0.167121 -0.053676
v -0.020520 -0.222899 -0.053676
v 0.014799 -0.222899 -0.053676
v 0.014799 -0.167121 -0.053676
v 0.014799 -0.167121 0.129598
v 0.014799 -0.222899 0.129598
v -0.020520 -0.222899 0.129598
v -0.020520 -0.167121 0.129598
v 0.014799 -0.167121 0.129598
v 0.075227 -0.167121 0.055390
v 0.075227 -0.222899 0.055390
v 0.014799 -0.222899 0.129598
v 0.012695 -0.199666 -0.316553
v 0.012695 -0.175085 -0.316553
v 0.047023 -0.175085 -0.461800
v 0.047023 -0.216277 -0.461800
v 0.012695 -0.175085 -0.316553
v -0.017423 -0.175085 -0.316553
v -0.051750 -0.175085 -0.461800
v 0.047023 -0.175085 -0.461800
v -0.017423 -0.175085 -0.316553
v -0.017423 -0.199666 -0.316553
v -0.051750 -0.216277 -0.461800
v -0.051750 -0.175085 -0.461800
v -0.017423 -0.199666 -0.316553
v 0.012695 -0.199666 -0.316553
v 0.047023 -0.216277 -0.461800
v -0.051750 -0.216277 -0.461800
v 0.012695 -0.175085 -0.316553
v 0.012695 -0.199666 -0.316553
v -0.017423 -0.199666 -0.316553
v -0.017423 -0.175085 -0.316553
v -0.051750 -0.175085 -0.461800
v -0.051750 -0.216277 -0.461800
v 0.047023 -0.216277 -0.461800
v 0.047023 -0.175085 -0.461800
v -0.213822 -0.175086 -0.581976
v -0.213822 -0.201704 -0.581976
v -0.213822 -0.201703 -0.670706
v -0.213822 -0.175085 -0.643254
v 0.209107 -0.201703 -0.670706
v 0.209107 -0.175085 -0.643254
v 0.209107 0.137779 -0.643254
v 0.209107 0.137779 -0.670706
v -0.213822 -0.201703 -0.670706
v -0.213822 0.137779 -0.670706
v -0.213822 0.137779 -0.643254
v -0.213822 -0.175085 -0.643254
v 0.181677 -0.201703 -0.592547
v 0.209107 -0.201703 -0.670706
v 0.181677 -0.201703 -0.670706
v 0.209107 -0.201703 -0.581976
v 0.066615 -0.201704 -0.489487
v 0.079096 -0.201703 -0.461800
v -0.071329 -0.201703 -0.489487
v -0.083810 -0.201703 -0.461800
v -0.186391 -0.201704 -0.592547
v -0.213822 -0.201704 -0.581976
v -0.186391 -0.201703 -0.670706
v -0.213822 -0.201703 -0.670706
v 0.209107 0.137779 -0.670706
v 0.209107 0.137779 -0.643254
v -0.213822 0.137779 -0.643254
v -0.213822 0.137779 -0.670706
v 0.079096 -0.175086 -0.461800
v 0.079096 -0.201703 -0.461800
v -0.083810 -0.201703 -0.461800
v -0.083810 -0.175086 -0.461800
v -0.083810 -0.175086 -0.461800
v -0.083810 -0.201703 -0.461800
v -0.213822 -0.201704 -0.581976
v -0.213822 -0.175086 -0.581976
v 0.079096 -0.201703 -0.461800
v 0.079096 -0.175086 -0.461800
v 0.209107 -0.175085 -0.581976
v 0.209107 -0.201703 -0.581976
v 0.181677 0.111852 -0.670706
v 0.181677 0.111852 -0.643254
v 0.181677 -0.175086 -0.643254
v 0.181677 -0.201703 -0.670706
v -0.186391 0.111852 -0.643254
v 0.181677 0.111852 -0.643254
v 0.181677 0.111852 -0.670706
v -0.186391 0.111852 -0.670706
v -0.186391 0.111852 -0.670706
v -0.213822 -0.201703 -0.670706
v -0.186391 -0.201703 -0.670706
v -0.213822 0.137779 -0.670706
v 0.181677 0.111852 -0.670706
v 0.209107 0.137779 -0.670706
v 0.181677 -0.201703 -0.670706
v 0.209107 -0.201703 -0.670706
v -0.186391 -0.175049 -0.643254
v -0.186391 0.111852 -0.643254
v -0.186391 0.111852 -0.670706
v -0.186391 -0.201703 -0.670706
v 0.209107 -0.175085 -0.581976
v 0.181677 -0.175086 -0.643254
v 0.209107 -0.175085 -0.643254
v 0.181677 -0.175086 -0.592547
v 0.066615 -0.175086 -0.489487
v 0.079096 -0.175086 -0.461800
v -0.083810 -0.175086 -0.461800
v -0.071329 -0.175086 -0.489487
v -0.186391 -0.175085 -0.592547
v -0.213822 -0.175086 -0.581976
v -0.186391 -0.175049 -0.643254
v -0.213822 -0.175085 -0.643254
v -0.071329 -0.201703 -0.489487
v 0.066615 -0.201704 -0.489487
v 0.066615 -0.175086 -0.489487
v -0.071329 -0.175086 -0.489487
v 0.181677 -0.201703 -0.592547
v 0.181677 -0.175086 -0.592547
v 0.066615 -0.175086 -0.489487
v 0.066615 -0.201704 -0.489487
v -0.186391 -0.201704 -0.592547
v -0.071329 -0.201703 -0.489487
v -0.071329 -0.175086 -0.489487
v -0.186391 -0.175085 -0.592547
v 0.209107 -0.175085 -0.643254
v 0.209107 -0.201703 -0.670706
v 0.209107 -0.201703 -0.581976
v 0.209107 -0.175085 -0.581976
v 0.181677 -0.175086 -0.643254
v 0.181677 -0.175086 -0.592547
v 0.181677 -0.201703 -0.592547
v 0.181677 -0.201703 -0.670706
v -0.186391 -0.201703 -0.670706
v -0.186391 -0.201704 -0.592547
v -0.186391 -0.175085 -0.592547
v -0.186391 -0.175049 -0.643254
v 0.209107 0.137779 -0.643254
v 0.209107 -0.175085 -0.643254
v 0.181677 -0.175086 -0.643254
v 0.181677 0.111852 -0.643254
v -0.186391 0.111852 -0.643254
v -0.213822 0.137779 -0.643254
v -0.213822 -0.175085 -0.643254
v -0.186391 -0.175049 -0.643254
v -0.220514 -0.190648 -0.498645
v -0.220514 -0.175085 -0.498645
v -0.162968 -0.175085 -0.534969
v -0.162968 -0.216277 -0.534969
v -0.229906 -0.190648 -0.507448
v -0.220514 -0.190648 -0.498645
v -0.162968 -0.216277 -0.534969
v -0.203245 -0.216277 -0.572199
v -0.203245 -0.175085 -0.572199
v -0.203245 -0.216277 -0.572199
v -0.162968 -0.216277 -0.534969
v -0.162968 -0.175085 -0.534969
v -0.220514 -0.175085 -0.498645
v -0.229906 -0.175085 -0.507448
v -0.203245 -0.175085 -0.572199
v -0.162968 -0.175085 -0.534969
v -0.203245 -0.175085 -0.572199
v -0.229906 -0.175085 -0.507448
v -0.229906 -0.190648 -0.507448
v -0.203245 -0.216277 -0.572199
v -0.220514 -0.175085 -0.498645
v -0.220514 -0.190648 -0.498645
v -0.229906 -0.190648 -0.507448
v -0.229906 -0.175085 -0.507448
v 0.214793 -0.190648 -0.498645
v 0.157247 -0.216277 -0.534969
v 0.157247 -0.175085 -0.534969
v 0.214793 -0.175085 -0.498645
v 0.224185 -0.190648 -0.507448
v 0.197524 -0.216277 -0.572199
v 0.157247 -0.216277 -0.534969
v 0.214793 -0.190648 -0.498645
v 0.197524 -0.175085 -0.572199
v 0.157247 -0.175085 -0.534969
v 0.157247 -0.216277 -0.534969
v 0.197524 -0.216277 -0.572199
v 0.214793 -0.175085 -0.498645
v 0.157247 -0.175085 -0.534969
v 0.197524 -0.175085 -0.572199
v 0.224185 -0.175085 -0.507448
v 0.197524 -0.175085 -0.572199
v 0.197524 -0.216277 -0.572199
v 0.224185 -0.190648 -0.507448
v 0.224185 -0.175085 -0.507448
v 0.214793 -0.175085 -0.498645
v 0.224185 -0.175085 -0.507448
v 0.224185 -0.190648 -0.507448
v 0.214793 -0.190648 -0.498645
v -0.148957 -0.194359 -0.418617
v -0.148957 -0.175085 -0.418617
v -0.083810 -0.175086 -0.461800
v -0.083810 -0.216277 -0.461800
v -0.162967 -0.175085 -0.431750
v -0.162967 -0.194359 -0.431750
v -0.130227 -0.216277 -0.504705
v -0.130227 -0.175085 -0.504705
v -0.130227 -0.175085 -0.504705
v -0.130227 -0.216277 -0.504705
v -0.083810 -0.216277 -0.461800
v -0.083810 -0.175086 -0.461800
v -0.148957 -0.175085 -0.418617
v -0.162967 -0.175085 -0.431750
v -0.130227 -0.175085 -0.504705
v -0.083810 -0.175086 -0.461800
v -0.148957 -0.175085 -0.418617
v -0.148957 -0.194359 -0.418617
v -0.162967 -0.194359 -0.431750
v -0.162967 -0.175085 -0.431750
v -0.162967 -0.194359 -0.431750
v -0.148957 -0.194359 -0.418617
v -0.083810 -0.216277 -0.461800
v -0.130227 -0.216277 -0.504705
v 0.143236 -0.194359 -0.418617
v 0.078090 -0.216277 -0.461800
v 0.078090 -0.175085 -0.461800
v 0.143236 -0.175085 -0.418617
v 0.157246 -0.175085 -0.431750
v 0.124507 -0.175085 -0.504705
v 0.124507 -0.216277 -0.504705
v 0.157246 -0.194359 -0.431750
v 0.124507 -0.175085 -0.504705
v 0.078090 -0.175085 -0.461800
v 0.078090 -0.216277 -0.461800
v 0.124507 -0.216277 -0.504705
v 0.143236 -0.175085 -0.418617
v 0.078090 -0.175085 -0.461800
v 0.124507 -0.175085 -0.504705
v 0.157246 -0.175085 -0.431750
v 0.143236 -0.175085 -0.418617
v 0.157246 -0.175085 -0.431750
v 0.157246 -0.194359 -0.431750
v 0.143236 -0.194359 -0.418617
v 0.157246 -0.194359 -0.431750
v 0.124507 -0.216277 -0.504705
v 0.078090 -0.216277 -0.461800
v 0.143236 -0.194359 -0.418617
v 0.248676 -0.248292 0.021815
v 0.248676 -0.203975 0.021815
v 0.299900 -0.185571 -0.107973
v 0.299900 -0.266696 -0.107973
v 0.248676 -0.203975 0.021815
v 0.206236 -0.203975 0.011190
v 0.222211 -0.185571 -0.127424
v 0.299900 -0.185571 -0.107973
v 0.206236 -0.203975 0.011190
v 0.206236 -0.248292 0.011190
v 0.222211 -0.266696 -0.127424
v 0.222211 -0.185571 -0.127424
v 0.206236 -0.248292 0.011190
v 0.248676 -0.248292 0.021815
v 0.299900 -0.266696 -0.107973
v 0.222211 -0.266696 -0.127424
v 0.227560 -0.185571 0.180964
v 0.227560 -0.266696 0.180964
v 0.149871 -0.266696 0.161513
v 0.149871 -0.185571 0.161513
v 0.222211 -0.185571 -0.127424
v 0.222211 -0.266696 -0.127424
v 0.299900 -0.266696 -0.107973
v 0.299900 -0.185571 -0.107973
v 0.149871 -0.266696 0.161513
v 0.227560 -0.266696 0.180964
v 0.240291 -0.248292 0.055306
v 0.197852 -0.248292 0.044680
v 0.197852 -0.248292 0.044680
v 0.240291 -0.248292 0.055306
v 0.248676 -0.248292 0.021815
v 0.206236 -0.248292 0.011190
v 0.149871 -0.185571 0.161513
v 0.149871 -0.266696 0.161513
v 0.197852 -0.248292 0.044680
v 0.197852 -0.203975 0.044680
v 0.197852 -0.203975 0.044680
v 0.197852 -0.248292 0.044680
v 0.206236 -0.248292 0.011190
v 0.206236 -0.203975 0.011190
v 0.227560 -0.185571 0.180964
v 0.149871 -0.185571 0.161513
v 0.197852 -0.203975 0.044680
v 0.240291 -0.203975 0.055306
v 0.227560 -0.266696 0.180964
v 0.227560 -0.185571 0.180964
v 0.240291 -0.203975 0.055306
v 0.240291 -0.248292 0.055306
v 0.240291 -0.248292 0.055306
v 0.240291 -0.203975 0.055306
v 0.248676 -0.203975 0.021815
v 0.248676 -0.248292 0.021815
v -0.110752 -0.204668 0.123089
v -0.261724 -0.204668 0.174936
v -0.342175 -0.204668 -0.059325
v -0.191202 -0.204668 -0.111172
v -0.261724 -0.238588 0.174936
v -0.261724 -0.248292 0.174936
v -0.342175 -0.248292 -0.059325
v -0.342175 -0.238588 -0.059325
v -0.342175 -0.204668 -0.059325
v -0.342175 -0.214372 -0.059325
v -0.200161 -0.214372 -0.108096
v -0.191202 -0.204668 -0.111172
v -0.191202 -0.248292 -0.111172
v -0.200161 -0.238588 -0.108096
v -0.342175 -0.238588 -0.059325
v -0.342175 -0.248292 -0.059325
v -0.110752 -0.248292 0.123089
v -0.261724 -0.248292 0.174936
v -0.261724 -0.238588 0.174936
v -0.119711 -0.238588 0.126166
v -0.110752 -0.204668 0.123089
v -0.119711 -0.214372 0.126166
v -0.261724 -0.204668 0.174936
v -0.261724 -0.214372 0.174936
v -0.119711 -0.214372 0.126166
v -0.119711 -0.238588 0.126166
v -0.261724 -0.238588 0.174936
v -0.261724 -0.214372 0.174936
v -0.261724 -0.204668 0.174936
v -0.261724 -0.214372 0.174936
v -0.342175 -0.214372 -0.059325
v -0.342175 -0.204668 -0.059325
v -0.261724 -0.214372 0.174936
v -0.261724 -0.238588 0.174936
v -0.342175 -0.238588 -0.059325
v -0.342175 -0.214372 -0.059325
v -0.110752 -0.248292 0.123089
v -0.110752 -0.204668 0.123089
v -0.191202 -0.204668 -0.111172
v -0.191202 -0.248292 -0.111172
v -0.342175 -0.214372 -0.059325
v -0.342175 -0.238588 -0.059325
v -0.200161 -0.238588 -0.108096
v -0.200161 -0.214372 -0.108096
v -0.261724 -0.248292 0.174936
v -0.110752 -0.248292 0.123089
v -0.191202 -0.248292 -0.111172
v -0.342175 -0.248292 -0.059325
v -0.223081 -0.227455 0.180586
v -0.205698 -0.227455 0.194413
v -0.183340 -0.227455 0.166279
v -0.197647 -0.227455 0.126537
v -0.237389 -0.227455 0.140845
v 0.401508 0.228950 -0.000064
v -0.407229 0.228950 -0.000064
v -0.407229 0.228950 -0.062454
v 0.401508 0.228950 -0.062454
v -0.407229 -0.204668 0.077617
v -0.407229 -0.204668 0.105652
v 0.401508 -0.204668 0.105652
v -0.002860 -0.204668 0.077617
v 0.401508 -0.204668 0.077617
v 0.075227 -0.167121 0.055390
v 0.014799 -0.167121 0.129598
v -0.020520 -0.167121 0.129598
v -0.080948 -0.167121 0.055390
v 0.075227 -0.167121 0.020531
v -0.080948 -0.167121 0.020531
v 0.014799 -0.167121 -0.053676
v -0.020520 -0.167121 -0.053676
vt 0.765136719 0.94140625
vt 0.752441406 0.959472656
vt 0.767578125 0.959960938
vt 0.782714844 0.994628906
vt 0.795410156 0.9765625
vt 0.780273438 0.9765625
vt 0.752441406 0.9765625
vt 0.765136719 0.994628906
vt 0.767578125 0.9765625
vt 0.795410156 0.959960938
vt 0.782714844 0.941894531
vt 0.780273438 0.959960938
vt 0.897460938 0.508789062
vt 0.797363281 0.508789062
vt 0.797363281 0.515136719
vt 0.897460938 0.515136719
vt 0.509277344 0.556152344
vt 0.509277344 0.656738281
vt 0.696777344 0.656738281
vt 0.696777344 0.556152344
vt 0.609863281 0.508789062
vt 0.509277344 0.508789062
vt 0.509277344 0.515136719
vt 0.609863281 0.515136719
vt 0.944335938 0.602539062
vt 0.957519531 0.696289062
vt 0.963867188 0.696289062
vt 0.950683594 0.602539062
vt 0.957519531 0.508789062
vt 0.963867188 0.508789062
vt 0.803710938 0.557128906
vt 0.803710938 0.658203125
vt 0.8984375 0.656738281
vt 0.897460938 0.556152344
vt 0.804199219 0.684082031
vt 0.710449219 0.684082031
vt 0.710449219 0.695800781
vt 0.804199219 0.690429688
vt 0.929199219 0.602539062
vt 0.934082031 0.696289062
vt 0.940917969 0.696289062
vt 0.935546875 0.602539062
vt 0.934082031 0.508789062
vt 0.940917969 0.508789062
vt 0.603027344 0.678710938
vt 0.696777344 0.684082031
vt 0.696777344 0.698242188
vt 0.603027344 0.685058594
vt 0.509277344 0.684082031
vt 0.509277344 0.698242188
vt 0.609863281 0.540039062
vt 0.509277344 0.540039062
vt 0.509277344 0.546875
vt 0.609863281 0.546875
vt 0.609863281 0.705566406
vt 0.509277344 0.705566406
vt 0.509277344 0.717285156
vt 0.609863281 0.717285156
vt 0.797363281 0.530761719
vt 0.897460938 0.530761719
vt 0.897460938 0.524414062
vt 0.797363281 0.524414062
vt 0.797363281 0.740722656
vt 0.897460938 0.740722656
vt 0.897460938 0.726074219
vt 0.797363281 0.726074219
vt 0.797363281 0.515136719
vt 0.797363281 0.508789062
vt 0.609863281 0.508789062
vt 0.609863281 0.515136719
vt 0.703613281 0.515136719
vt 0.797363281 0.540039062
vt 0.609863281 0.540039062
vt 0.609863281 0.546875
vt 0.797363281 0.546875
vt 0.797363281 0.705566406
vt 0.609863281 0.705566406
vt 0.609863281 0.717285156
vt 0.797363281 0.717285156
vt 0.609863281 0.530761719
vt 0.797363281 0.530761719
vt 0.797363281 0.524414062
vt 0.609863281 0.524414062
vt 0.897460938 0.540039062
vt 0.797363281 0.540039062
vt 0.797363281 0.546875
vt 0.897460938 0.546875
vt 0.897460938 0.705566406
vt 0.797363281 0.705566406
vt 0.797363281 0.717285156
vt 0.897460938 0.717285156
vt 0.509277344 0.530761719
vt 0.609863281 0.530761719
vt 0.609863281 0.524414062
vt 0.509277344 0.524414062
vt 0.509277344 0.740722656
vt 0.609863281 0.740722656
vt 0.609863281 0.726074219
vt 0.509277344 0.726074219
vt 0.897949219 0.682617188
vt 0.804199219 0.682617188
vt 0.804199219 0.688964844
vt 0.897949219 0.693847656
vt 0.710449219 0.556152344
vt 0.709472656 0.656738281
vt 0.803710938 0.658203125
vt 0.803710938 0.557128906
vt 0.986816406 0.561523438
vt 0.986816406 0.5390625
vt 0.974121094 0.5390625
vt 0.974121094 0.561523438
vt 0.986816406 0.569335938
vt 0.974121094 0.569335938
vt 0.974121094 0.591796875
vt 0.986816406 0.591796875
vt 0.972167969 0.741699219
vt 0.989257812 0.727539062
vt 0.989257812 0.719726562
vt 0.972167969 0.705566406
vt 0.963867188 0.741699219
vt 0.963867188 0.705566406
vt 0.946777344 0.727539062
vt 0.946777344 0.719726562
vt 0.986816406 0.53125
vt 0.974121094 0.53125
vt 0.974121094 0.5390625
vt 0.986816406 0.5390625
vt 0.986816406 0.508789062
vt 0.974121094 0.508789062
vt 0.974121094 0.53125
vt 0.986816406 0.53125
vt 0.974121094 0.599609375
vt 0.986816406 0.599609375
vt 0.986816406 0.591796875
vt 0.974121094 0.591796875
vt 0.986816406 0.561523438
vt 0.974121094 0.561523438
vt 0.974121094 0.569335938
vt 0.986816406 0.569335938
vt 0.986816406 0.622070312
vt 0.974121094 0.622070312
vt 0.974121094 0.629882812
vt 0.986816406 0.629882812
vt 0.986816406 0.622070312
vt 0.986816406 0.599609375
vt 0.974121094 0.599609375
vt 0.974121094 0.622070312
vt 0.700683594 0.953125
vt 0.700683594 0.958496094
vt 0.734863281 0.958496094
vt 0.734863281 0.94921875
vt 0.658691406 0.975585938
vt 0.658691406 0.982421875
vt 0.692382812 0.990234375
vt 0.692382812 0.967773438
vt 0.693359375 0.958496094
vt 0.693359375 0.953125
vt 0.658691406 0.94921875
vt 0.658691406 0.958496094
vt 0.735839844 0.982421875
vt 0.735839844 0.975585938
vt 0.702148438 0.967773438
vt 0.702148438 0.990234375
vt 0.700683594 0.958496094
vt 0.700683594 0.953125
vt 0.693359375 0.953125
vt 0.693359375 0.958496094
vt 0.692382812 0.990234375
vt 0.702148438 0.990234375
vt 0.702148438 0.967773438
vt 0.692382812 0.967773438
vt 0.529785156 0.799316406
vt 0.529785156 0.793457031
vt 0.509277344 0.793457031
vt 0.515625 0.799316406
vt 0.509277344 0.759765625
vt 0.515625 0.766113281
vt 0.587890625 0.766113281
vt 0.587890625 0.759765625
vt 0.764648438 0.759765625
vt 0.686035156 0.759765625
vt 0.686035156 0.766113281
vt 0.758300781 0.766113281
vt 0.674804688 0.900878906
vt 0.656738281 0.907226562
vt 0.656738281 0.900878906
vt 0.677246094 0.907226562
vt 0.698730469 0.874023438
vt 0.705078125 0.876953125
vt 0.698730469 0.842285156
vt 0.705078125 0.839355469
vt 0.674804688 0.815429688
vt 0.677246094 0.809082031
vt 0.656738281 0.815429688
vt 0.656738281 0.809082031
vt 0.587890625 0.759765625
vt 0.587890625 0.766113281
vt 0.686035156 0.766113281
vt 0.686035156 0.759765625
vt 0.608886719 0.799316406
vt 0.608886719 0.793457031
vt 0.570800781 0.793457031
vt 0.570800781 0.799316406
vt 0.570800781 0.799316406
vt 0.570800781 0.793457031
vt 0.529785156 0.793457031
vt 0.529785156 0.799316406
vt 0.608886719 0.793457031
vt 0.608886719 0.799316406
vt 0.649902344 0.799316406
vt 0.649902344 0.793457031
vt 0.667480469 0.776855469
vt 0.667480469 0.783203125
vt 0.733886719 0.783203125
vt 0.739746094 0.776855469
vt 0.58203125 0.783203125
vt 0.667480469 0.783203125
vt 0.667480469 0.776855469
vt 0.58203125 0.776855469
vt 0.515625 0.91796875
vt 0.587890625 0.924316406
vt 0.587890625 0.91796875
vt 0.509277344 0.924316406
vt 0.515625 0.832519531
vt 0.509277344 0.826171875
vt 0.587890625 0.832519531
vt 0.587890625 0.826171875
vt 0.515625 0.783203125
vt 0.58203125 0.783203125
vt 0.58203125 0.776855469
vt 0.509277344 0.776855469
vt 0.708984375 0.809082031
vt 0.694824219 0.815429688
vt 0.694824219 0.809082031
vt 0.706542969 0.815429688
vt 0.73046875 0.842285156
vt 0.736816406 0.839355469
vt 0.736816406 0.876953125
vt 0.73046875 0.874023438
vt 0.706542969 0.900878906
vt 0.708984375 0.907226562
vt 0.694824219 0.900878906
vt 0.694824219 0.907226562
vt 0.595214844 0.809082031
vt 0.563476562 0.809082031
vt 0.563476562 0.815429688
vt 0.595214844 0.815429688
vt 0.52734375 0.809082031
vt 0.52734375 0.815429688
vt 0.563476562 0.815429688
vt 0.563476562 0.809082031
vt 0.630859375 0.809082031
vt 0.595214844 0.809082031
vt 0.595214844 0.815429688
vt 0.630859375 0.815429688
vt 0.6640625 0.799316406
vt 0.670410156 0.793457031
vt 0.649902344 0.793457031
vt 0.649902344 0.799316406
vt 0.515625 0.815429688
vt 0.52734375 0.815429688
vt 0.52734375 0.809082031
vt 0.509277344 0.809082031
vt 0.648925781 0.809082031
vt 0.630859375 0.809082031
vt 0.630859375 0.815429688
vt 0.642578125 0.815429688
vt 0.598632812 0.826171875
vt 0.670898438 0.826171875
vt 0.670898438 0.832519531
vt 0.604492188 0.832519531
vt 0.604492188 0.91796875
vt 0.598632812 0.924316406
vt 0.670898438 0.924316406
vt 0.670898438 0.91796875
vt 0.546875 0.974609375
vt 0.543457031 0.974609375
vt 0.543457031 0.990234375
vt 0.553222656 0.990234375
vt 0.646484375 0.94921875
vt 0.643554688 0.94921875
vt 0.639160156 0.965820312
vt 0.651855469 0.965820312
vt 0.651855469 0.975097656
vt 0.651855469 0.965820312
vt 0.639160156 0.965820312
vt 0.639160156 0.975097656
vt 0.643554688 0.990234375
vt 0.646484375 0.990234375
vt 0.651855469 0.975097656
vt 0.639160156 0.975097656
vt 0.543457031 0.955566406
vt 0.543457031 0.971679688
vt 0.546875 0.971679688
vt 0.553222656 0.955566406
vt 0.543457031 0.974609375
vt 0.546875 0.974609375
vt 0.546875 0.971679688
vt 0.543457031 0.971679688
vt 0.564941406 0.971191406
vt 0.570800781 0.955566406
vt 0.561523438 0.955566406
vt 0.561523438 0.971191406
vt 0.624511719 0.94921875
vt 0.619140625 0.965820312
vt 0.631835938 0.965820312
vt 0.627441406 0.94921875
vt 0.619140625 0.975097656
vt 0.631835938 0.975097656
vt 0.631835938 0.965820312
vt 0.619140625 0.965820312
vt 0.627441406 0.990234375
vt 0.631835938 0.975097656
vt 0.619140625 0.975097656
vt 0.624511719 0.990234375
vt 0.561523438 0.990234375
vt 0.570800781 0.990234375
vt 0.564941406 0.974121094
vt 0.561523438 0.974121094
vt 0.561523438 0.971191406
vt 0.561523438 0.974121094
vt 0.564941406 0.974121094
vt 0.564941406 0.971191406
vt 0.530761719 0.967285156
vt 0.526367188 0.967285156
vt 0.526367188 0.94921875
vt 0.535644531 0.94921875
vt 0.526367188 0.971679688
vt 0.530761719 0.971679688
vt 0.535644531 0.990234375
vt 0.526367188 0.990234375
vt 0.576171875 0.962402344
vt 0.576171875 0.972167969
vt 0.590820312 0.972167969
vt 0.590820312 0.962402344
vt 0.586914062 0.944824219
vt 0.58203125 0.944824219
vt 0.576171875 0.962402344
vt 0.590820312 0.962402344
vt 0.526367188 0.967285156
vt 0.530761719 0.967285156
vt 0.530761719 0.971679688
vt 0.526367188 0.971679688
vt 0.58203125 0.990234375
vt 0.586914062 0.990234375
vt 0.590820312 0.972167969
vt 0.576171875 0.972167969
vt 0.514160156 0.967285156
vt 0.519042969 0.94921875
vt 0.509765625 0.94921875
vt 0.509765625 0.967285156
vt 0.509765625 0.971679688
vt 0.509765625 0.990234375
vt 0.519042969 0.990234375
vt 0.514160156 0.971679688
vt 0.611816406 0.962402344
vt 0.597167969 0.962402344
vt 0.597167969 0.972167969
vt 0.611816406 0.972167969
vt 0.6015625 0.944824219
vt 0.597167969 0.962402344
vt 0.611816406 0.962402344
vt 0.605957031 0.944824219
vt 0.509765625 0.967285156
vt 0.509765625 0.971679688
vt 0.514160156 0.971679688
vt 0.514160156 0.967285156
vt 0.605957031 0.990234375
vt 0.611816406 0.972167969
vt 0.597167969 0.972167969
vt 0.6015625 0.990234375
vt 0.973632812 0.370849609
vt 0.952636719 0.370849609
vt 0.944335938 0.305664062
vt 0.981933594 0.305664062
vt 0.733398438 0.427490234
vt 0.733398438 0.400146484
vt 0.646484375 0.388916016
vt 0.646484375 0.438964844
vt 0.896972656 0.370849609
vt 0.917480469 0.370849609
vt 0.926269531 0.305664062
vt 0.888183594 0.305664062
vt 0.508789062 0.400146484
vt 0.508789062 0.427490234
vt 0.595703125 0.438964844
vt 0.595703125 0.388916016
vt 0.845703125 0.438476562
vt 0.895996094 0.438476562
vt 0.895996094 0.388427734
vt 0.845703125 0.388427734
vt 0.646484375 0.388916016
vt 0.595703125 0.388916016
vt 0.595703125 0.438964844
vt 0.646484375 0.438964844
vt 0.895996094 0.388427734
vt 0.895996094 0.438476562
vt 0.975097656 0.427246094
vt 0.975097656 0.399902344
vt 0.776367188 0.90625
vt 0.766113281 0.90625
vt 0.766113281 0.914550781
vt 0.776367188 0.914550781
vt 0.888183594 0.291015625
vt 0.926269531 0.291015625
vt 0.917480469 0.231811523
vt 0.896972656 0.231811523
vt 0.786621094 0.90625
vt 0.776367188 0.90625
vt 0.776367188 0.914550781
vt 0.786621094 0.914550781
vt 0.845703125 0.438476562
vt 0.845703125 0.388427734
vt 0.766601562 0.399902344
vt 0.766601562 0.427246094
vt 0.944335938 0.291015625
vt 0.981933594 0.291015625
vt 0.973632812 0.231811523
vt 0.952636719 0.231811523
vt 0.766113281 0.90625
vt 0.755859375 0.90625
vt 0.755859375 0.914550781
vt 0.766113281 0.914550781
vt 0.911621094 0.990722656
vt 0.989746094 0.990722656
vt 0.989746094 0.869140625
vt 0.911621094 0.869140625
vt 0.8984375 0.849121094
vt 0.8984375 0.8515625
vt 0.954101562 0.8515625
vt 0.954101562 0.849121094
vt 0.954101562 0.841796875
vt 0.954101562 0.84375
vt 0.987792969 0.84375
vt 0.989746094 0.841796875
vt 0.989746094 0.8515625
vt 0.987792969 0.849121094
vt 0.954101562 0.849121094
vt 0.954101562 0.8515625
vt 0.862792969 0.8515625
vt 0.8984375 0.8515625
vt 0.8984375 0.849121094
vt 0.864746094 0.849121094
vt 0.862792969 0.841796875
vt 0.864746094 0.84375
vt 0.8984375 0.841796875
vt 0.8984375 0.84375
vt 0.983886719 0.480957031
vt 0.983886719 0.460205078
vt 0.85546875 0.460205078
vt 0.85546875 0.480957031
vt 0.8984375 0.841796875
vt 0.8984375 0.84375
vt 0.954101562 0.84375
vt 0.954101562 0.841796875
vt 0.85546875 0.480957031
vt 0.85546875 0.460205078
vt 0.644042969 0.460205078
vt 0.644042969 0.480957031
vt 0.890625 0.990722656
vt 0.911621094 0.990722656
vt 0.911621094 0.869140625
vt 0.890625 0.869140625
vt 0.644042969 0.480957031
vt 0.644042969 0.460205078
vt 0.515625 0.460205078
vt 0.515625 0.480957031
vt 0.8125 0.990722656
vt 0.890625 0.990722656
vt 0.890625 0.869140625
vt 0.8125 0.869140625
vt 0.918457031 0.730957031
vt 0.922851562 0.733398438
vt 0.918457031 0.740722656
vt 0.908691406 0.740722656
vt 0.908691406 0.730957031
vt 0.609863281 0.740722656
vt 0.797363281 0.740722656
vt 0.797363281 0.726074219
vt 0.609863281 0.726074219
vt 0.914550781 0.696289062
vt 0.920898438 0.696289062
vt 0.920898438 0.508789062
vt 0.914550781 0.602539062
vt 0.914550781 0.508789062
vt 0.963867188 0.752441406
vt 0.946777344 0.766601562
vt 0.946777344 0.774414062
vt 0.963867188 0.788574219
vt 0.971679688 0.752441406
vt 0.972167969 0.788574219
vt 0.989257812 0.766113281
vt 0.989257812 0.774414062
vn 0.370297 -0.881683 0.292430
vn 0.370297 -0.881683 0.292430
vn 0.370297 -0.881683 0.292430
vn -0.370297 -0.881683 -0.292430
vn -0.370297 -0.881683 -0.292430
vn -0.370297 -0.881683 -0.292430
vn 0.370297 -0.881683 -0.292430
vn 0.370297 -0.881683 -0.292430
vn 0.370297 -0.881683 -0.292430
vn -0.370297 -0.881683 0.292430
vn -0.370297 -0.881683 0.292430
vn -0.370297 -0.881683 0.292430
vn 1.000000 0.000000 -0.000000
vn 1.000000 0.000000 -0.000000
vn 1.000000 0.000000 -0.000000
vn 1.000000 0.000000 -0.000000
vn -0.000000 0.000000 1.000000
vn -0.000000 0.000000 1.000000
vn -0.000000 0.000000 1.000000
vn -0.000000 0.000000 1.000000
vn -1.000000 0.000000 -0.000000
vn -1.000000 0.000000 -0.000000
vn -1.000000 0.000000 -0.000000
vn -1.000000 0.000000 -0.000000
vn -0.000000 -1.000000 0.000000
vn -0.000000 -1.000000 0.000000
vn -0.000000 -1.000000 0.000000
vn -0.000000 -1.000000 0.000000
vn -0.000000 -1.000000 0.000000
vn -0.000000 -1.000000 0.000000
vn -0.069570 -0.064871 -0.995466
vn -0.069570 -0.064871 -0.995466
vn -0.069570 -0.064871 -0.995466
vn -0.069570 -0.064871 -0.995466
vn -0.000000 -1.000000 0.000000
vn -0.000000 -1.000000 0.000000
vn -0.000000 -1.000000 0.000000
vn -0.000000 -1.000000 0.000000
vn -0.000000 -1.000000 0.000000
vn -0.000000 -1.000000 0.000000
vn -0.000000 -1.000000 0.000000
vn -0.000000 -1.000000 0.000000
vn -0.000000 -1.000000 0.000000
vn -0.000000 -1.000000 0.000000
vn -0.000000 -1.000000 0.000000
vn -0.000000 -1.000000 0.000000
vn -0.000000 -1.000000 0.000000
vn -0.000000 -1.000000 0.000000
vn -0.000000 -1.000000 0.000000
vn -0.000000 -1.000000 0.000000
vn -1.000000 0.000000 -0.000000
vn -1.000000 0.000000 -0.000000
vn -1.000000 0.000000 -0.000000
vn -1.000000 0.000000 -0.000000
vn -1.000000 0.000000 -0.000000
vn -1.000000 0.000000 -0.000000
vn -1.000000 0.000000 -0.000000
vn -1.000000 0.000000 -0.000000
vn -1.000000 0.000000 -0.000000
vn -1.000000 0.000000 -0.000000
vn -1.000000 0.000000 -0.000000
vn -1.000000 0.000000 -0.000000
vn -1.000000 0.000000 -0.000000
vn -1.000000 0.000000 -0.000000
vn -1.000000 0.000000 -0.000000
vn -1.000000 0.000000 -0.000000
vn -0.000000 1.000000 -0.000000
vn -0.000000 1.000000 -0.000000
vn -0.000000 1.000000 -0.000000
vn -0.000000 1.000000 -0.000000
vn -0.000000 1.000000 -0.000000
vn -0.000000 1.000000 -0.000000
vn -0.000000 1.000000 -0.000000
vn -0.000000 1.000000 -0.000000
vn -0.000000 1.000000 -0.000000
vn -0.000000 1.000000 -0.000000
vn -0.000000 1.000000 -0.000000
vn -0.000000 1.000000 -0.000000
vn -0.000000 1.000000 -0.000000
vn -0.000000 1.000000 -0.000000
vn -0.000000 1.000000 -0.000000
vn -0.000000 1.000000 -0.000000
vn -0.000000 1.000000 -0.000000
vn 1.000000 0.000000 -0.000000
vn 1.000000 0.000000 -0.000000
vn 1.000000 0.000000 -0.000000
vn 1.000000 0.000000 -0.000000
vn 1.000000 0.000000 -0.000000
vn 1.000000 0.000000 -0.000000
vn 1.000000 0.000000 -0.000000
vn 1.000000 0.000000 -0.000000
vn 1.000000 0.000000 -0.000000
vn 1.000000 0.000000 -0.000000
vn 1.000000 0.000000 -0.000000
vn 1.000000 0.000000 -0.000000
vn 1.000000 0.000000 -0.000000
vn 1.000000 0.000000 -0.000000
vn 1.000000 0.000000 -0.000000
vn 1.000000 0.000000 -0.000000
vn -0.000000 -1.000000 0.000000
vn -0.000000 -1.000000 0.000000
vn -0.000000 -1.000000 0.000000
vn -0.000000 -1.000000 0.000000
vn 0.069570 -0.064871 -0.995466
vn 0.069570 -0.064871 -0.995466
vn 0.069570 -0.064871 -0.995466
vn 0.069570 -0.064871 -0.995466
vn -0.775456 -0.000000 -0.631401
vn -0.775456 -0.000000 -0.631401
vn -0.775456 -0.000000 -0.631401
vn -0.775456 -0.000000 -0.631401
vn 0.775456 -0.000000 -0.631401
vn 0.775456 -0.000000 -0.631401
vn 0.775456 -0.000000 -0.631401
vn 0.775456 -0.000000 -0.631401
vn -0.000000 -1.000000 0.000000
vn -0.000000 -1.000000 0.000000
vn -0.000000 -1.000000 0.000000
vn -0.000000 -1.000000 0.000000
vn -0.000000 -1.000000 0.000000
vn -0.000000 -1.000000 0.000000
vn -0.000000 -1.000000 0.000000
vn -0.000000 -1.000000 0.000000
vn -1.000000 0.000000 -0.000000
vn -1.000000 0.000000 -0.000000
vn -1.000000 0.000000 -0.000000
vn -1.000000 0.000000 -0.000000
vn -0.775456 0.000000 0.631401
vn -0.775456 0.000000 0.631401
vn -0.775456 0.000000 0.631401
vn -0.775456 0.000000 0.631401
vn 1.000000 0.000000 -0.000000
vn 1.000000 0.000000 -0.000000
vn 1.000000 0.000000 -0.000000
vn 1.000000 0.000000 -0.000000
vn -0.000000 -0.000000 -1.000000
vn -0.000000 -0.000000 -1.000000
vn -0.000000 -0.000000 -1.000000
vn -0.000000 -0.000000 -1.000000
vn -0.000000 0.000000 1.000000
vn -0.000000 0.000000 1.000000
vn -0.000000 0.000000 1.000000
vn -0.000000 0.000000 1.000000
vn 0.775456 0.000000 0.631401
vn 0.775456 0.000000 0.631401
vn 0.775456 0.000000 0.631401
vn 0.775456 0.000000 0.631401
vn 0.973193 0.000000 0.229992
vn 0.973193 0.000000 0.229992
vn 0.973193 0.000000 0.229992
vn 0.973193 0.000000 0.229992
vn -0.000000 1.000000 -0.000000
vn -0.000000 1.000000 -0.000000
vn -0.000000 1.000000 -0.000000
vn -0.000000 1.000000 -0.000000
vn -0.973193 0.000000 0.229992
vn -0.973193 0.000000 0.229992
vn -0.973193 0.000000 0.229992
vn -0.973193 0.000000 0.229992
vn -0.000000 -0.993523 0.113633
vn -0.000000 -0.993523 0.113633
vn -0.000000 -0.993523 0.113633
vn -0.000000 -0.993523 0.113633
vn -0.000000 0.000000 1.000000
vn -0.000000 0.000000 1.000000
vn -0.000000 0.000000 1.000000
vn -0.000000 0.000000 1.000000
vn -0.000000 -0.000000 -1.000000
vn -0.000000 -0.000000 -1.000000
vn -0.000000 -0.000000 -1.000000
vn -0.000000 -0.000000 -1.000000
vn -1.000000 0.000000 -0.000000
vn -1.000000 0.000000 -0.000000
vn -1.000000 0.000000 -0.000000
vn -1.000000 0.000000 -0.000000
vn 1.000000 0.000000 -0.000000
vn 1.000000 0.000000 -0.000000
vn 1.000000 0.000000 -0.000000
vn 1.000000 0.000000 -0.000000
vn -1.000000 0.000000 -0.000000
vn -1.000000 0.000000 -0.000000
vn -1.000000 0.000000 -0.000000
vn -1.000000 0.000000 -0.000000
vn -0.000000 -1.000000 0.000000
vn -0.000000 -1.000000 0.000000
vn -0.000000 -1.000000 0.000000
vn -0.000000 -1.000000 0.000000
vn -0.000000 -1.000000 0.000000
vn -0.000000 -1.000000 0.000000
vn -0.000000 -1.000000 0.000000
vn -0.000000 -1.000000 0.000000
vn -0.000000 -1.000000 0.000000
vn -0.000000 -1.000000 0.000000
vn -0.000000 -1.000000 0.000000
vn -0.000000 -1.000000 0.000000
vn -0.000000 1.000000 -0.000000
vn -0.000000 1.000000 -0.000000
vn -0.000000 1.000000 -0.000000
vn -0.000000 1.000000 -0.000000
vn -0.000000 0.000000 1.000000
vn -0.000000 0.000000 1.000000
vn -0.000000 0.000000 1.000000
vn -0.000000 0.000000 1.000000
vn -0.678726 0.000000 0.734391
vn -0.678726 0.000000 0.734391
vn -0.678726 0.000000 0.734391
vn -0.678726 0.000000 0.734391
vn 0.678726 0.000000 0.734391
vn 0.678726 0.000000 0.734391
vn 0.678726 0.000000 0.734391
vn 0.678726 0.000000 0.734391
vn -1.000000 0.000000 -0.000000
vn -1.000000 0.000000 -0.000000
vn -1.000000 0.000000 -0.000000
vn -1.000000 0.000000 -0.000000
vn -0.000000 -1.000000 0.000000
vn -0.000000 -1.000000 0.000000
vn -0.000000 -1.000000 0.000000
vn -0.000000 -1.000000 0.000000
vn -0.000000 -0.000000 -1.000000
vn -0.000000 -0.000000 -1.000000
vn -0.000000 -0.000000 -1.000000
vn -0.000000 -0.000000 -1.000000
vn -0.000000 -0.000000 -1.000000
vn -0.000000 -0.000000 -1.000000
vn -0.000000 -0.000000 -1.000000
vn -0.000000 -0.000000 -1.000000
vn 1.000000 0.000000 -0.000000
vn 1.000000 0.000000 -0.000000
vn 1.000000 0.000000 -0.000000
vn 1.000000 0.000000 -0.000000
vn -0.000000 1.000000 -0.000000
vn -0.000000 1.000000 -0.000000
vn -0.000000 1.000000 -0.000000
vn -0.000000 1.000000 -0.000000
vn -0.000000 1.000000 -0.000000
vn -0.000000 1.000000 -0.000000
vn -0.000000 1.000000 -0.000000
vn -0.000000 1.000000 -0.000000
vn -0.000000 1.000000 -0.000000
vn -0.000000 1.000000 -0.000000
vn -0.000612 1.000000 0.000329
vn -0.000612 1.000000 0.000329
vn -0.000000 -0.000000 -1.000000
vn -0.000000 -0.000000 -1.000000
vn -0.000000 -0.000000 -1.000000
vn -0.000000 -0.000000 -1.000000
vn -0.666966 -0.000000 -0.745088
vn -0.666966 -0.000000 -0.745088
vn -0.666966 -0.000000 -0.745088
vn -0.666966 -0.000000 -0.745088
vn 0.666966 -0.000000 -0.745088
vn 0.666966 -0.000000 -0.745088
vn 0.666966 -0.000000 -0.745088
vn 0.666966 -0.000000 -0.745088
vn 1.000000 0.000000 -0.000000
vn 1.000000 0.000000 -0.000000
vn 1.000000 0.000000 -0.000000
vn 1.000000 0.000000 -0.000000
vn -1.000000 0.000000 -0.000000
vn -1.000000 0.000000 -0.000000
vn -1.000000 0.000000 -0.000000
vn -1.000000 0.000000 -0.000000
vn 1.000000 0.000000 -0.000000
vn 1.000000 0.000000 -0.000000
vn 1.000000 0.000000 -0.000000
vn 1.000000 0.000000 -0.000000
vn -0.000000 0.000000 1.000000
vn -0.000000 0.000000 1.000000
vn -0.000000 0.000000 1.000000
vn -0.000000 0.000000 1.000000
vn -0.000000 0.000000 1.000000
vn -0.000000 0.000000 1.000000
vn -0.000000 0.000000 1.000000
vn -0.000000 0.000000 1.000000
vn 0.533681 0.000000 0.845686
vn 0.533681 0.000000 0.845686
vn 0.533681 0.000000 0.845686
vn 0.533681 0.000000 0.845686
vn -0.247061 -0.931606 0.266592
vn -0.247061 -0.931606 0.266592
vn -0.247061 -0.931606 0.266592
vn -0.247061 -0.931606 0.266592
vn 0.678726 -0.000000 -0.734391
vn 0.678726 -0.000000 -0.734391
vn 0.678726 -0.000000 -0.734391
vn 0.678726 -0.000000 -0.734391
vn -0.000000 1.000000 -0.000000
vn -0.000000 1.000000 -0.000000
vn -0.000000 1.000000 -0.000000
vn -0.000000 1.000000 -0.000000
vn -0.924658 -0.000000 -0.380799
vn -0.924658 -0.000000 -0.380799
vn -0.924658 -0.000000 -0.380799
vn -0.924658 -0.000000 -0.380799
vn -0.684039 0.000000 0.729446
vn -0.684039 0.000000 0.729446
vn -0.684039 0.000000 0.729446
vn -0.684039 0.000000 0.729446
vn -0.533681 0.000000 0.845686
vn -0.533681 0.000000 0.845686
vn -0.533681 0.000000 0.845686
vn -0.533681 0.000000 0.845686
vn 0.247061 -0.931606 0.266592
vn 0.247061 -0.931606 0.266592
vn 0.247061 -0.931606 0.266592
vn 0.247061 -0.931606 0.266592
vn -0.678726 -0.000000 -0.734391
vn -0.678726 -0.000000 -0.734391
vn -0.678726 -0.000000 -0.734391
vn -0.678726 -0.000000 -0.734391
vn -0.000000 1.000000 -0.000000
vn -0.000000 1.000000 -0.000000
vn -0.000000 1.000000 -0.000000
vn -0.000000 1.000000 -0.000000
vn 0.924658 -0.000000 -0.380799
vn 0.924658 -0.000000 -0.380799
vn 0.924658 -0.000000 -0.380799
vn 0.924658 -0.000000 -0.380799
vn 0.684039 0.000000 0.729446
vn 0.684039 0.000000 0.729446
vn 0.684039 0.000000 0.729446
vn 0.684039 0.000000 0.729446
vn 0.552671 0.000000 0.833400
vn 0.552671 0.000000 0.833400
vn 0.552671 0.000000 0.833400
vn 0.552671 0.000000 0.833400
vn -0.912305 -0.000000 -0.409512
vn -0.912305 -0.000000 -0.409512
vn -0.912305 -0.000000 -0.409512
vn -0.912305 -0.000000 -0.409512
vn 0.678726 -0.000000 -0.734391
vn 0.678726 -0.000000 -0.734391
vn 0.678726 -0.000000 -0.734391
vn 0.678726 -0.000000 -0.734391
vn 0.000010 1.000000 -0.000000
vn 0.000010 1.000000 -0.000000
vn 0.000010 1.000000 -0.000000
vn 0.000010 1.000000 -0.000000
vn -0.684039 0.000000 0.729446
vn -0.684039 0.000000 0.729446
vn -0.684039 0.000000 0.729446
vn -0.684039 0.000000 0.729446
vn -0.188681 -0.960733 0.203448
vn -0.188681 -0.960733 0.203448
vn -0.188681 -0.960733 0.203448
vn -0.188681 -0.960733 0.203448
vn -0.552671 0.000000 0.833400
vn -0.552671 0.000000 0.833400
vn -0.552671 0.000000 0.833400
vn -0.552671 0.000000 0.833400
vn 0.912305 -0.000000 -0.409512
vn 0.912305 -0.000000 -0.409512
vn 0.912305 -0.000000 -0.409512
vn 0.912305 -0.000000 -0.409512
vn -0.678726 -0.000000 -0.734391
vn -0.678726 -0.000000 -0.734391
vn -0.678726 -0.000000 -0.734391
vn -0.678726 -0.000000 -0.734391
vn -0.000000 1.000000 -0.000000
vn -0.000000 1.000000 -0.000000
vn -0.000000 1.000000 -0.000000
vn -0.000000 1.000000 -0.000000
vn 0.684039 0.000000 0.729446
vn 0.684039 0.000000 0.729446
vn 0.684039 0.000000 0.729446
vn 0.684039 0.000000 0.729446
vn 0.188681 -0.960733 0.203448
vn 0.188681 -0.960733 0.203448
vn 0.188681 -0.960733 0.203448
vn 0.188681 -0.960733 0.203448
vn 0.930151 0.000000 0.367178
vn 0.930151 0.000000 0.367178
vn 0.930151 0.000000 0.367178
vn 0.930151 0.000000 0.367178
vn -0.032045 0.991265 0.127937
vn -0.032045 0.991265 0.127937
vn -0.032045 0.991265 0.127937
vn -0.032045 0.991265 0.127937
vn -0.993426 -0.000000 -0.114476
vn -0.993426 -0.000000 -0.114476
vn -0.993426 -0.000000 -0.114476
vn -0.993426 -0.000000 -0.114476
vn -0.032045 -0.991265 0.127937
vn -0.032045 -0.991265 0.127937
vn -0.032045 -0.991265 0.127937
vn -0.032045 -0.991265 0.127937
vn -0.242880 0.000000 0.970056
vn -0.242880 0.000000 0.970056
vn -0.242880 0.000000 0.970056
vn -0.242880 0.000000 0.970056
vn 0.242880 -0.000000 -0.970056
vn 0.242880 -0.000000 -0.970056
vn 0.242880 -0.000000 -0.970056
vn 0.242880 -0.000000 -0.970056
vn 0.035372 -0.989325 -0.141367
vn 0.035372 -0.989325 -0.141367
vn 0.035372 -0.989325 -0.141367
vn 0.035372 -0.989325 -0.141367
vn -0.000000 -1.000000 0.000000
vn -0.000000 -1.000000 0.000000
vn -0.000000 -1.000000 0.000000
vn -0.000000 -1.000000 0.000000
vn -0.925001 -0.000000 -0.379964
vn -0.925001 -0.000000 -0.379964
vn -0.925001 -0.000000 -0.379964
vn -0.925001 -0.000000 -0.379964
vn -0.970056 -0.000000 -0.242880
vn -0.970056 -0.000000 -0.242880
vn -0.970056 -0.000000 -0.242880
vn -0.970056 -0.000000 -0.242880
vn 0.035372 0.989325 -0.141367
vn 0.035372 0.989325 -0.141367
vn 0.035372 0.989325 -0.141367
vn 0.035372 0.989325 -0.141367
vn 0.994912 0.000000 0.100748
vn 0.994912 0.000000 0.100748
vn 0.994912 0.000000 0.100748
vn 0.994912 0.000000 0.100748
vn 0.970056 0.000000 0.242880
vn 0.970056 0.000000 0.242880
vn 0.970056 0.000000 0.242880
vn 0.970056 0.000000 0.242880
vn -0.000000 1.000000 -0.000000
vn -0.000000 1.000000 -0.000000
vn -0.000000 1.000000 -0.000000
vn -0.000000 1.000000 -0.000000
vn -0.945813 0.000000 0.324711
vn -0.945813 0.000000 0.324711
vn -0.945813 0.000000 0.324711
vn -0.945813 0.000000 0.324711
vn -0.324711 -0.000000 -0.945813
vn -0.324711 -0.000000 -0.945813
vn -0.324711 -0.000000 -0.945813
vn -0.324711 -0.000000 -0.945813
vn -0.324711 -0.000000 -0.945813
vn -0.324711 -0.000000 -0.945813
vn -0.324711 -0.000000 -0.945813
vn -0.324711 -0.000000 -0.945813
vn 0.324711 0.000000 0.945813
vn 0.324711 0.000000 0.945813
vn 0.324711 0.000000 0.945813
vn 0.324711 0.000000 0.945813
vn 0.324711 0.000000 0.945813
vn 0.324711 0.000000 0.945813
vn 0.324711 0.000000 0.945813
vn 0.324711 0.000000 0.945813
vn 0.324711 0.000000 0.945813
vn 0.324711 0.000000 0.945813
vn 0.324711 0.000000 0.945813
vn 0.324711 0.000000 0.945813
vn -0.945813 0.000000 0.324711
vn -0.945813 0.000000 0.324711
vn -0.945813 0.000000 0.324711
vn -0.945813 0.000000 0.324711
vn -0.945813 0.000000 0.324711
vn -0.945813 0.000000 0.324711
vn -0.945813 0.000000 0.324711
vn -0.945813 0.000000 0.324711
vn 0.945813 -0.000000 -0.324711
vn 0.945813 -0.000000 -0.324711
vn 0.945813 -0.000000 -0.324711
vn 0.945813 -0.000000 -0.324711
vn -0.324711 -0.000000 -0.945813
vn -0.324711 -0.000000 -0.945813
vn -0.324711 -0.000000 -0.945813
vn -0.324711 -0.000000 -0.945813
vn -0.000000 -1.000000 0.000000
vn -0.000000 -1.000000 0.000000
vn -0.000000 -1.000000 0.000000
vn -0.000000 -1.000000 0.000000
vn -0.000000 -1.000000 0.000000
vn -0.000000 -1.000000 0.000000
vn -0.000000 -1.000000 0.000000
vn -0.000000 -1.000000 0.000000
vn -0.000000 -1.000000 0.000000
vn -0.000000 1.000000 -0.000000
vn -0.000000 1.000000 -0.000000
vn -0.000000 1.000000 -0.000000
vn -0.000000 1.000000 -0.000000
vn -0.000000 -1.000000 0.000000
vn -0.000000 -1.000000 0.000000
vn -0.000000 -1.000000 0.000000
vn -0.000000 -1.000000 0.000000
vn -0.000000 -1.000000 0.000000
vn -0.000000 1.000000 -0.000000
vn -0.000000 1.000000 -0.000000
vn -0.000000 1.000000 -0.000000
vn -0.000000 1.000000 -0.000000
vn -0.000000 1.000000 -0.000000
vn -0.000000 1.000000 -0.000000
vn -0.000000 1.000000 -0.000000
vn -0.000000 1.000000 -0.000000
f 1/1/1 2/2/2 3/3/3
f 4/4/4 5/5/5 6/6/6
f 7/7/7 8/8/8 9/9/9
f 10/10/10 11/11/11 12/12/12
f 13/13/13 14/14/14 15/15/15
f 13/13/13 15/15/15 16/16/16
f 17/17/17 18/18/18 19/19/19
f 17/17/17 19/19/19 20/20/20
f 21/21/21 22/22/22 23/23/23
f 21/21/21 23/23/23 24/24/24
f 25/25/25 26/26/26 27/27/27
f 25/25/25 27/27/27 28/28/28
f 29/29/29 25/25/25 28/28/28
f 29/29/29 28/28/28 30/30/30
f 31/31/31 32/32/32 33/33/33
f 31/31/31 33/33/33 34/34/34
f 35/35/35 36/36/36 37/37/37
f 35/35/35 37/37/37 38/38/38
f 39/39/39 40/40/40 41/41/41
f 39/39/39 41/41/41 42/42/42
f 43/43/43 39/39/39 42/42/42
f 43/43/43 42/42/42 44/44/44
f 45/45/45 46/46/46 47/47/47
f 45/45/45 47/47/47 48/48/48
f 49/49/49 45/45/45 48/48/48
f 49/49/49 48/48/48 50/50/50
f 51/51/51 52/52/52 53/53/53
f 51/51/51 53/53/53 54/54/54
f 55/55/55 56/56/56 57/57/57
f 55/55/55 57/57/57 58/58/58
f 59/59/59 60/60/60 61/61/61
f 59/59/59 61/61/61 62/62/62
f 63/63/63 64/64/64 65/65/65
f 63/63/63 65/65/65 66/66/66
f 67/67/67 68/68/68 69/69/69
f 69/69/69 70/70/70 67/67/67
f 70/70/70 71/71/71 67/67/67
f 72/72/72 73/73/73 74/74/74
f 72/72/72 74/74/74 75/75/75
f 76/76/76 77/77/77 78/78/78
f 76/76/76 78/78/78 79/79/79
f 80/80/80 81/81/81 82/82/82
f 80/80/80 82/82/82 83/83/83
f 84/84/84 85/85/85 86/86/86
f 84/84/84 86/86/86 87/87/87
f 88/88/88 89/89/89 90/90/90
f 88/88/88 90/90/90 91/91/91
f 92/92/92 93/93/93 94/94/94
f 92/92/92 94/94/94 95/95/95
f 96/96/96 97/97/97 98/98/98
f 96/96/96 98/98/98 99/99/99
f 100/100/100 101/101/101 102/102/102
f 100/100/100 102/102/102 103/103/103
f 104/104/104 105/105/105 106/106/106
f 104/104/104 106/106/106 107/107/107
f 108/108/108 109/109/109 110/110/110
f 108/108/108 110/110/110 111/111/111
f 112/112/112 113/113/113 114/114/114
f 112/112/112 114/114/114 115/115/115
f 116/116/116 117/117/117 118/118/118
f 118/118/118 119/119/119 116/116/116
f 119/119/119 120/120/120 116/116/116
f 119/119/119 121/121/121 120/120/120
f 121/121/121 122/122/122 120/120/120
f 121/121/121 123/123/123 122/122/122
f 124/124/124 125/125/125 126/126/126
f 124/124/124 126/126/126 127/127/127
f 128/128/128 129/129/129 130/130/130
f 128/128/128 130/130/130 131/131/131
f 132/132/132 133/133/133 134/134/134
f 132/132/132 134/134/134 135/135/135
f 136/136/136 137/137/137 138/138/138
f 136/136/136 138/138/138 139/139/139
f 140/140/140 141/141/141 142/142/142
f 140/140/140 142/142/142 143/143/143
f 144/144/144 145/145/145 146/146/146
f 144/144/144 146/146/146 147/147/147
f 148/148/148 149/149/149 150/150/150
f 148/148/148 150/150/150 151/151/151
f 152/152/152 153/153/153 154/154/154
f 152/152/152 154/154/154 155/155/155
f 156/156/156 157/157/157 158/158/158
f 156/156/156 158/158/158 159/159/159
f 160/160/160 161/161/161 162/162/162
f 160/160/160 162/162/162 163/163/163
f 164/164/164 165/165/165 166/166/166
f 164/164/164 166/166/166 167/167/167
f 168/168/168 169/169/169 170/170/170
f 168/168/168 170/170/170 171/171/171
f 172/172/172 173/173/173 174/174/174
f 172/172/172 174/174/174 175/175/175
f 176/176/176 177/177/177 178/178/178
f 176/176/176 178/178/178 179/179/179
f 180/180/180 181/181/181 182/182/182
f 180/180/180 182/182/182 183/183/183
f 184/184/184 185/185/185 186/186/186
f 184/184/184 187/187/187 185/185/185
f 187/187/187 184/184/184 188/188/188
f 187/187/187 188/188/188 189/189/189
f 190/190/190 189/189/189 188/188/188
f 190/190/190 191/191/191 189/189/189
f 192/192/192 191/191/191 190/190/190
f 192/192/192 193/193/193 191/191/191
f 193/193/193 192/192/192 194/194/194
f 193/193/193 194/194/194 195/195/195
f 196/196/196 197/197/197 198/198/198
f 196/196/196 198/198/198 199/199/199
f 200/200/200 201/201/201 202/202/202
f 200/200/200 202/202/202 203/203/203
f 204/204/204 205/205/205 206/206/206
f 204/204/204 206/206/206 207/207/207
f 208/208/208 209/209/209 210/210/210
f 208/208/208 210/210/210 211/211/211
f 212/212/212 213/213/213 214/214/214
f 212/212/212 214/214/214 215/215/215
f 216/216/216 217/217/217 218/218/218
f 216/216/216 218/218/218 219/219/219
f 220/220/220 221/221/221 222/222/222
f 220/220/220 223/223/223 221/221/221
f 223/223/223 220/220/220 224/224/224
f 223/223/223 224/224/224 225/225/225
f 225/225/225 224/224/224 226/226/226
f 225/225/225 226/226/226 227/227/227
f 228/228/228 229/229/229 230/230/230
f 228/228/228 230/230/230 231/231/231
f 232/232/232 233/233/233 234/234/234
f 232/232/232 235/235/235 233/233/233
f 232/232/232 236/236/236 235/235/235
f 232/232/232 237/237/237 236/236/236
f 238/238/238 236/236/236 237/237/237
f 238/238/238 239/239/239 236/236/236
f 238/238/238 240/240/240 239/239/239
f 238/238/238 241/241/241 240/240/240
f 241/241/241 242/242/242 240/240/240
f 241/241/241 243/243/243 242/242/242
f 244/244/244 245/245/245 246/246/246
f 244/244/244 246/246/246 247/247/247
f 248/248/248 249/249/249 250/250/250
f 248/248/248 250/250/250 251/251/251
f 252/252/252 253/253/253 254/254/254
f 252/252/252 254/254/254 255/255/255
f 256/256/256 257/257/257 258/258/258
f 256/256/256 258/258/258 259/259/259
f 260/260/260 261/261/261 262/262/262
f 260/260/260 262/262/262 263/263/263
f 264/264/264 265/265/265 266/266/266
f 264/264/264 266/266/266 267/267/267
f 268/268/268 269/269/269 270/270/270
f 268/268/268 270/270/270 271/271/271
f 268/268/268 271/271/271 272/272/272
f 268/268/268 272/272/272 273/273/273
f 272/272/272 274/274/274 273/273/273
f 272/272/272 275/275/275 274/274/274
f 276/276/276 277/277/277 278/278/278
f 276/276/276 278/278/278 279/279/279
f 280/280/280 281/281/281 282/282/282
f 280/280/280 282/282/282 283/283/283
f 284/284/284 285/285/285 286/286/286
f 284/284/284 286/286/286 287/287/287
f 288/288/288 289/289/289 290/290/290
f 288/288/288 290/290/290 291/291/291
f 292/292/292 293/293/293 294/294/294
f 292/292/292 294/294/294 295/295/295
f 296/296/296 297/297/297 298/298/298
f 296/296/296 298/298/298 299/299/299
f 300/300/300 301/301/301 302/302/302
f 300/300/300 302/302/302 303/303/303
f 304/304/304 305/305/305 306/306/306
f 304/304/304 306/306/306 307/307/307
f 308/308/308 309/309/309 310/310/310
f 308/308/308 310/310/310 311/311/311
f 312/312/312 313/313/313 314/314/314
f 312/312/312 314/314/314 315/315/315
f 316/316/316 317/317/317 318/318/318
f 316/316/316 318/318/318 319/319/319
f 320/320/320 321/321/321 322/322/322
f 320/320/320 322/322/322 323/323/323
f 324/324/324 325/325/325 326/326/326
f 324/324/324 326/326/326 327/327/327
f 328/328/328 329/329/329 330/330/330
f 328/328/328 330/330/330 331/331/331
f 332/332/332 333/333/333 334/334/334
f 332/332/332 334/334/334 335/335/335
f 336/336/336 337/337/337 338/338/338
f 336/336/336 338/338/338 339/339/339
f 340/340/340 341/341/341 342/342/342
f 340/340/340 342/342/342 343/343/343
f 344/344/344 345/345/345 346/346/346
f 344/344/344 346/346/346 347/347/347
f 348/348/348 349/349/349 350/350/350
f 348/348/348 350/350/350 351/351/351
f 352/352/352 353/353/353 354/354/354
f 352/352/352 354/354/354 355/355/355
f 356/356/356 357/357/357 358/358/358
f 356/356/356 358/358/358 359/359/359
f 360/360/360 361/361/361 362/362/362
f 360/360/360 362/362/362 363/363/363
f 364/364/364 365/365/365 366/366/366
f 364/364/364 366/366/366 367/367/367
f 368/368/368 369/369/369 370/370/370
f 368/368/368 370/370/370 371/371/371
f 372/372/372 373/373/373 374/374/374
f 372/372/372 374/374/374 375/375/375
f 376/376/376 377/377/377 378/378/378
f 376/376/376 378/378/378 379/379/379
f 380/380/380 381/381/381 382/382/382
f 380/380/380 382/382/382 383/383/383
f 384/384/384 385/385/385 386/386/386
f 384/384/384 386/386/386 387/387/387
f 388/388/388 389/389/389 390/390/390
f 388/388/388 390/390/390 391/391/391
f 392/392/392 393/393/393 394/394/394
f 392/392/392 394/394/394 395/395/395
f 396/396/396 397/397/397 398/398/398
f 396/396/396 398/398/398 399/399/399
f 400/400/400 401/401/401 402/402/402
f 400/400/400 402/402/402 403/403/403
f 404/404/404 405/405/405 406/406/406
f 404/404/404 406/406/406 407/407/407
f 408/408/408 409/409/409 410/410/410
f 408/408/408 410/410/410 411/411/411
f 412/412/412 413/413/413 414/414/414
f 412/412/412 414/414/414 415/415/415
f 416/416/416 417/417/417 418/418/418
f 416/416/416 418/418/418 419/419/419
f 420/420/420 421/421/421 422/422/422
f 420/420/420 422/422/422 423/423/423
f 424/424/424 425/425/425 426/426/426
f 424/424/424 426/426/426 427/427/427
f 428/428/428 429/429/429 430/430/430
f 428/428/428 430/430/430 431/431/431
f 432/432/432 433/433/433 434/434/434
f 432/432/432 434/434/434 435/435/435
f 434/434/434 436/436/436 435/435/435
f 434/434/434 437/437/437 436/436/436
f 436/436/436 437/437/437 438/438/438
f 436/436/436 438/438/438 439/439/439
f 440/440/440 441/441/441 442/442/442
f 440/440/440 442/442/442 443/443/443
f 444/444/444 440/440/440 443/443/443
f 444/444/444 443/443/443 445/445/445
f 445/445/445 446/446/446 444/444/444
f 445/445/445 447/447/447 446/446/446
f 448/448/448 449/449/449 450/450/450
f 448/448/448 450/450/450 451/451/451
f 452/452/452 453/453/453 454/454/454
f 452/452/452 454/454/454 455/455/455
f 456/456/456 457/457/457 458/458/458
f 456/456/456 458/458/458 459/459/459
f 460/460/460 461/461/461 462/462/462
f 460/460/460 462/462/462 463/463/463
f 464/464/464 465/465/465 466/466/466
f 464/464/464 466/466/466 467/467/467
f 468/468/468 469/469/469 470/470/470
f 468/468/468 470/470/470 471/471/471
f 472/472/472 473/473/473 474/474/474
f 472/472/472 474/474/474 475/475/475
f 472/472/472 475/475/475 476/476/476
f 477/477/477 478/478/478 479/479/479
f 477/477/477 479/479/479 480/480/480
f 481/481/481 482/482/482 483/483/483
f 483/483/483 484/484/484 481/481/481
f 483/483/483 485/485/485 484/484/484
f 486/486/486 487/487/487 488/488/488
f 488/488/488 489/489/489 486/486/486
f 489/489/489 490/490/490 486/486/486
f 489/489/489 491/491/491 490/490/490
f 491/491/491 492/492/492 490/490/490
f 491/491/491 493/493/493 492/492/492
