# Unturned item rip -> Godot (X+Z negated, winding reversed, RH Y-up)
v 0.305210 -0.005956 -0.589940
v 0.305210 -0.029637 -0.589940
v 0.305210 -0.029637 -0.613621
v 0.305210 -0.005956 -0.613621
v 0.305210 -0.029637 -0.589940
v 0.328892 -0.029637 -0.589940
v 0.328892 -0.029637 -0.613621
v 0.305210 -0.029637 -0.613621
v 0.328892 -0.029637 -0.613621
v 0.328892 -0.005956 -0.613621
v 0.305210 -0.005956 -0.613621
v 0.305210 -0.029637 -0.613621
v 0.328892 -0.029637 -0.589940
v 0.328892 -0.005956 -0.589940
v 0.328892 -0.005956 -0.613621
v 0.328892 -0.029637 -0.613621
v 0.305210 -0.005956 -0.613621
v 0.328892 -0.005956 -0.613621
v 0.328892 -0.005956 -0.589940
v 0.305210 -0.005956 -0.589940
v 0.216131 -0.030822 -0.572974
v 0.216131 0.060780 -0.572974
v 0.216131 0.060780 -0.555416
v 0.216131 -0.030822 -0.555416
v 0.216131 0.060780 -0.572974
v 0.293345 0.092209 -0.572974
v 0.293345 0.092209 -0.555416
v 0.216131 0.060780 -0.555416
v 0.293345 0.066928 -0.597287
v 0.293345 0.092209 -0.572974
v 0.216131 0.060780 -0.572974
v 0.239612 0.045041 -0.597289
v 0.293345 0.055518 -0.601780
v 0.250190 0.037937 -0.601780
v 0.239612 0.003790 -0.597289
v 0.216131 0.060780 -0.572974
v 0.250190 0.007961 -0.601780
v 0.227040 -0.026326 -0.584270
v 0.216131 -0.030822 -0.572974
v 0.279763 -0.020156 -0.601780
v 0.237875 -0.036871 -0.584471
v 0.216131 -0.030822 -0.572974
v 0.233282 -0.047974 -0.572974
v 0.293345 -0.055126 -0.572974
v 0.233282 -0.047974 -0.572974
v 0.293345 -0.020156 -0.601780
v 0.306927 -0.020156 -0.601780
v 0.353408 -0.047974 -0.572974
v 0.348815 -0.036871 -0.584471
v 0.336500 0.037937 -0.601780
v 0.336500 0.007961 -0.601780
v 0.347078 0.045041 -0.597289
v 0.370559 0.060780 -0.572974
v 0.293345 0.092209 -0.572974
v 0.347078 0.003790 -0.597289
v 0.370559 0.060780 -0.572974
v 0.359650 -0.026326 -0.584270
v 0.370559 -0.030822 -0.572974
v 0.370559 -0.030822 -0.572974
v 0.353408 -0.047974 -0.572974
v 0.216131 -0.030822 -0.555416
v 0.233282 -0.047974 -0.555416
v 0.233282 -0.047974 -0.572974
v 0.216131 -0.030822 -0.572974
v 0.233282 -0.047974 -0.555416
v 0.216131 -0.030822 -0.555416
v 0.216131 0.060780 -0.555416
v 0.293345 0.092209 -0.555416
v 0.293345 -0.055126 -0.555416
v 0.353408 -0.047974 -0.555416
v 0.370559 0.060780 -0.555416
v 0.370559 -0.030822 -0.555416
v 0.293345 -0.055126 -0.572974
v 0.233282 -0.047974 -0.572974
v 0.233282 -0.047974 -0.555416
v 0.293345 -0.055126 -0.555416
v 0.353408 -0.047974 -0.555416
v 0.353408 -0.047974 -0.572974
v 0.250705 -0.016556 -0.531435
v 0.293345 -0.040984 -0.555863
v 0.240601 -0.040984 -0.555863
v 0.293345 -0.016556 -0.531435
v 0.293345 0.061048 -0.531435
v 0.335985 -0.016556 -0.531435
v 0.346089 -0.040984 -0.555863
v 0.249968 0.043377 -0.531435
v 0.225540 0.059751 -0.555863
v 0.293345 0.087351 -0.555863
v 0.249968 -0.015855 -0.531435
v 0.240601 -0.040984 -0.555863
v 0.225540 -0.025924 -0.555863
v 0.225540 -0.025924 -0.555863
v 0.225540 0.059751 -0.555863
v 0.336722 0.043377 -0.531435
v 0.361150 0.059751 -0.555863
v 0.293345 0.087351 -0.555863
v 0.336722 -0.015855 -0.531435
v 0.346089 -0.040984 -0.555863
v 0.361150 -0.025924 -0.555863
v 0.361150 -0.025924 -0.555863
v 0.361150 0.059751 -0.555863
v 0.206809 -0.041045 -0.562628
v 0.179716 -0.070402 -0.566920
v 0.188006 -0.035555 -0.560443
v 0.201286 0.002941 -0.553527
v 0.213821 -0.011568 -0.557150
v 0.175901 -0.000857 -0.552814
v 0.169498 -0.049449 -0.562145
v 0.152996 -0.042360 -0.559773
v 0.169576 -0.067379 -0.565729
v 0.186599 -0.030708 -0.584721
v 0.178309 -0.065555 -0.591198
v 0.205402 -0.036198 -0.586906
v 0.199880 0.007788 -0.577804
v 0.212415 -0.006721 -0.581427
v 0.174494 0.003990 -0.577092
v 0.168092 -0.044602 -0.586422
v 0.151590 -0.037513 -0.584051
v 0.168170 -0.062532 -0.590007
v 0.169576 -0.067379 -0.565729
v 0.168092 -0.044602 -0.586422
v 0.168170 -0.062532 -0.590007
v 0.169498 -0.049449 -0.562145
v 0.186599 -0.030708 -0.584721
v 0.188006 -0.035555 -0.560443
v 0.179716 -0.070402 -0.566920
v 0.205402 -0.036198 -0.586906
v 0.178309 -0.065555 -0.591198
v 0.206809 -0.041045 -0.562628
v 0.212415 -0.006721 -0.581427
v 0.213821 -0.011568 -0.557150
v 0.211602 -0.008487 -0.560437
v 0.210643 -0.005183 -0.576987
v 0.203057 0.001403 -0.557967
v 0.199880 0.007788 -0.577804
v 0.201286 0.002941 -0.553527
v 0.202098 0.004707 -0.574517
v 0.174494 0.003990 -0.577092
v 0.175901 -0.000857 -0.552814
v 0.151590 -0.037513 -0.584051
v 0.152996 -0.042360 -0.559773
v 0.152996 -0.042360 -0.559773
v 0.169576 -0.067379 -0.565729
v 0.168170 -0.062532 -0.590007
v 0.151590 -0.037513 -0.584051
v 0.188006 -0.035555 -0.560443
v 0.179716 -0.070402 -0.566920
v 0.178309 -0.065555 -0.591198
v 0.186599 -0.030708 -0.584721
v 0.210643 -0.005183 -0.576987
v 0.211602 -0.008487 -0.560437
v 0.230198 0.007072 -0.558408
v 0.229240 0.010376 -0.574958
v 0.202098 0.004707 -0.574517
v 0.210643 -0.005183 -0.576987
v 0.229240 0.010376 -0.574958
v 0.220695 0.020267 -0.572488
v 0.203057 0.001403 -0.557967
v 0.202098 0.004707 -0.574517
v 0.220695 0.020267 -0.572488
v 0.221653 0.016963 -0.555938
v 0.211602 -0.008487 -0.560437
v 0.203057 0.001403 -0.557967
v 0.221653 0.016963 -0.555938
v 0.230198 0.007072 -0.558408
v 0.214586 0.019205 -0.517987
v 0.207699 0.019205 -0.495109
v 0.202096 0.019205 -0.519504
v 0.229409 0.019205 -0.535262
v 0.209216 0.019205 -0.538413
v 0.247912 0.019205 -0.538180
v 0.246628 0.019205 -0.558374
v 0.223538 0.019205 -0.552655
v 0.202096 0.003969 -0.519504
v 0.207699 0.003969 -0.495109
v 0.214586 0.003969 -0.517987
v 0.229409 0.003969 -0.535262
v 0.209216 0.003969 -0.538413
v 0.247912 0.003969 -0.538180
v 0.246628 0.003969 -0.558374
v 0.223538 0.003969 -0.552655
v 0.246628 0.019205 -0.558374
v 0.223538 0.003969 -0.552655
v 0.246628 0.003969 -0.558374
v 0.223538 0.019205 -0.552655
v 0.209216 0.003969 -0.538413
v 0.209216 0.019205 -0.538413
v 0.202096 0.003969 -0.519504
v 0.202096 0.019205 -0.519504
v 0.207699 0.003969 -0.495109
v 0.207699 0.019205 -0.495109
v 0.207699 0.019205 -0.495109
v 0.214586 0.003969 -0.517987
v 0.207699 0.003969 -0.495109
v 0.214586 0.019205 -0.517987
v 0.229409 0.003969 -0.535262
v 0.229409 0.019205 -0.535262
v 0.247912 0.003969 -0.538180
v 0.247912 0.019205 -0.538180
v 0.247912 0.019205 -0.538180
v 0.246628 0.019205 -0.558374
v 0.246628 0.003969 -0.558374
v 0.247912 0.003969 -0.538180
v 0.232810 0.064079 -0.517987
v 0.227089 0.067912 -0.495109
v 0.222434 0.071030 -0.519504
v 0.245125 0.055828 -0.535262
v 0.228349 0.067067 -0.538413
v 0.260497 0.045529 -0.538180
v 0.259430 0.046244 -0.558374
v 0.240247 0.059096 -0.552655
v 0.213954 0.058372 -0.519504
v 0.218608 0.055254 -0.495109
v 0.224330 0.051421 -0.517987
v 0.236645 0.043170 -0.535262
v 0.219869 0.054409 -0.538413
v 0.252017 0.032871 -0.538180
v 0.250950 0.033586 -0.558374
v 0.231767 0.046439 -0.552655
v 0.259430 0.046244 -0.558374
v 0.231767 0.046439 -0.552655
v 0.250950 0.033586 -0.558374
v 0.240247 0.059096 -0.552655
v 0.219869 0.054409 -0.538413
v 0.228349 0.067067 -0.538413
v 0.213954 0.058372 -0.519504
v 0.222434 0.071030 -0.519504
v 0.218608 0.055254 -0.495109
v 0.227089 0.067912 -0.495109
v 0.227089 0.067912 -0.495109
v 0.224330 0.051421 -0.517987
v 0.218608 0.055254 -0.495109
v 0.232810 0.064079 -0.517987
v 0.236645 0.043170 -0.535262
v 0.245125 0.055828 -0.535262
v 0.252017 0.032871 -0.538180
v 0.260497 0.045529 -0.538180
v 0.260497 0.045529 -0.538180
v 0.259430 0.046244 -0.558374
v 0.250950 0.033586 -0.558374
v 0.252017 0.032871 -0.538180
v 0.217988 -0.039162 -0.495109
v 0.214125 -0.043220 -0.519504
v 0.219034 -0.038063 -0.538413
v 0.222736 -0.034174 -0.517987
v 0.228908 -0.027689 -0.552655
v 0.232956 -0.023436 -0.535262
v 0.244827 -0.010963 -0.558374
v 0.245712 -0.010033 -0.538180
v 0.230070 -0.048566 -0.538413
v 0.225161 -0.053724 -0.519504
v 0.229024 -0.049665 -0.495109
v 0.233772 -0.044678 -0.517987
v 0.239944 -0.038193 -0.552655
v 0.243992 -0.033940 -0.535262
v 0.255863 -0.021467 -0.558374
v 0.256748 -0.020537 -0.538180
v 0.244827 -0.010963 -0.558374
v 0.239944 -0.038193 -0.552655
v 0.255863 -0.021467 -0.558374
v 0.228908 -0.027689 -0.552655
v 0.230070 -0.048566 -0.538413
v 0.219034 -0.038063 -0.538413
v 0.225161 -0.053724 -0.519504
v 0.214125 -0.043220 -0.519504
v 0.229024 -0.049665 -0.495109
v 0.217988 -0.039162 -0.495109
v 0.217988 -0.039162 -0.495109
v 0.233772 -0.044678 -0.517987
v 0.229024 -0.049665 -0.495109
v 0.222736 -0.034174 -0.517987
v 0.243992 -0.033940 -0.535262
v 0.232956 -0.023436 -0.535262
v 0.256748 -0.020537 -0.538180
v 0.245712 -0.010033 -0.538180
v 0.245712 -0.010033 -0.538180
v 0.244827 -0.010963 -0.558374
v 0.255863 -0.021467 -0.558374
v 0.256748 -0.020537 -0.538180
v 0.281480 -0.005956 -0.589940
v 0.281480 -0.005956 -0.613621
v 0.281480 -0.029637 -0.613621
v 0.281480 -0.029637 -0.589940
v 0.281480 -0.029637 -0.589940
v 0.281480 -0.029637 -0.613621
v 0.257798 -0.029637 -0.613621
v 0.257798 -0.029637 -0.589940
v 0.257798 -0.029637 -0.613621
v 0.281480 -0.029637 -0.613621
v 0.281480 -0.005956 -0.613621
v 0.257798 -0.005956 -0.613621
v 0.257798 -0.029637 -0.589940
v 0.257798 -0.029637 -0.613621
v 0.257798 -0.005956 -0.613621
v 0.257798 -0.005956 -0.589940
v 0.281480 -0.005956 -0.613621
v 0.281480 -0.005956 -0.589940
v 0.257798 -0.005956 -0.589940
v 0.257798 -0.005956 -0.613621
v 0.370559 -0.030822 -0.572974
v 0.370559 -0.030822 -0.555416
v 0.370559 0.060780 -0.555416
v 0.370559 0.060780 -0.572974
v 0.370559 0.060780 -0.572974
v 0.370559 0.060780 -0.555416
v 0.293345 0.092209 -0.555416
v 0.293345 0.092209 -0.572974
v 0.370559 -0.030822 -0.555416
v 0.370559 -0.030822 -0.572974
v 0.353408 -0.047974 -0.572974
v 0.353408 -0.047974 -0.555416
v 0.379881 -0.041045 -0.562628
v 0.372869 -0.011568 -0.557150
v 0.385404 0.002941 -0.553527
v 0.406974 -0.070402 -0.566920
v 0.398684 -0.035555 -0.560443
v 0.410789 -0.000857 -0.552814
v 0.417192 -0.049450 -0.562145
v 0.433693 -0.042360 -0.559773
v 0.417114 -0.067379 -0.565729
v 0.386810 0.007788 -0.577804
v 0.374275 -0.006721 -0.581427
v 0.381288 -0.036198 -0.586906
v 0.408381 -0.065555 -0.591198
v 0.400091 -0.030708 -0.584721
v 0.412196 0.003990 -0.577092
v 0.418598 -0.044602 -0.586422
v 0.435100 -0.037513 -0.584051
v 0.418520 -0.062532 -0.590007
v 0.417114 -0.067379 -0.565729
v 0.418520 -0.062532 -0.590007
v 0.418598 -0.044602 -0.586422
v 0.417192 -0.049450 -0.562145
v 0.400091 -0.030708 -0.584721
v 0.398684 -0.035555 -0.560443
v 0.406974 -0.070402 -0.566920
v 0.408381 -0.065555 -0.591198
v 0.381288 -0.036198 -0.586906
v 0.379881 -0.041045 -0.562628
v 0.374275 -0.006721 -0.581427
v 0.372869 -0.011568 -0.557150
v 0.375088 -0.008487 -0.560437
v 0.376046 -0.005183 -0.576987
v 0.383633 0.001403 -0.557967
v 0.386810 0.007788 -0.577804
v 0.385404 0.002941 -0.553527
v 0.384591 0.004707 -0.574517
v 0.412196 0.003990 -0.577092
v 0.410789 -0.000857 -0.552814
v 0.435100 -0.037513 -0.584051
v 0.433693 -0.042360 -0.559773
v 0.433693 -0.042360 -0.559773
v 0.435100 -0.037513 -0.584051
v 0.418520 -0.062532 -0.590007
v 0.417114 -0.067379 -0.565729
v 0.398684 -0.035555 -0.560443
v 0.400091 -0.030708 -0.584721
v 0.408381 -0.065555 -0.591198
v 0.406974 -0.070402 -0.566920
v 0.376046 -0.005183 -0.576987
v 0.357450 0.010376 -0.574958
v 0.356491 0.007072 -0.558408
v 0.375088 -0.008487 -0.560437
v 0.384591 0.004707 -0.574517
v 0.365995 0.020267 -0.572488
v 0.357450 0.010376 -0.574958
v 0.376046 -0.005183 -0.576987
v 0.383633 0.001403 -0.557967
v 0.365036 0.016963 -0.555938
v 0.365995 0.020267 -0.572488
v 0.384591 0.004707 -0.574517
v 0.375088 -0.008487 -0.560437
v 0.356491 0.007072 -0.558408
v 0.365036 0.016963 -0.555938
v 0.383633 0.001403 -0.557967
v 0.384594 0.019205 -0.519504
v 0.378991 0.019205 -0.495109
v 0.372104 0.019205 -0.517987
v 0.357281 0.019205 -0.535262
v 0.377473 0.019205 -0.538413
v 0.338778 0.019205 -0.538180
v 0.340062 0.019205 -0.558374
v 0.363152 0.019205 -0.552655
v 0.372104 0.003969 -0.517987
v 0.378991 0.003969 -0.495109
v 0.384594 0.003969 -0.519504
v 0.357281 0.003969 -0.535262
v 0.377473 0.003969 -0.538413
v 0.338778 0.003969 -0.538180
v 0.340062 0.003969 -0.558374
v 0.363152 0.003969 -0.552655
v 0.340062 0.019205 -0.558374
v 0.340062 0.003969 -0.558374
v 0.363152 0.003969 -0.552655
v 0.363152 0.019205 -0.552655
v 0.377473 0.003969 -0.538413
v 0.377473 0.019205 -0.538413
v 0.384594 0.003969 -0.519504
v 0.384594 0.019205 -0.519504
v 0.378991 0.003969 -0.495109
v 0.378991 0.019205 -0.495109
v 0.378991 0.019205 -0.495109
v 0.378991 0.003969 -0.495109
v 0.372104 0.003969 -0.517987
v 0.372104 0.019205 -0.517987
v 0.357281 0.003969 -0.535262
v 0.357281 0.019205 -0.535262
v 0.338778 0.003969 -0.538180
v 0.338778 0.019205 -0.538180
v 0.338778 0.019205 -0.538180
v 0.338778 0.003969 -0.538180
v 0.340062 0.003969 -0.558374
v 0.340062 0.019205 -0.558374
v 0.364256 0.071030 -0.519504
v 0.359601 0.067912 -0.495109
v 0.353880 0.064079 -0.517987
v 0.341565 0.055828 -0.535262
v 0.358341 0.067067 -0.538413
v 0.326193 0.045529 -0.538180
v 0.327260 0.046244 -0.558374
v 0.346443 0.059096 -0.552655
v 0.362360 0.051421 -0.517987
v 0.368082 0.055254 -0.495109
v 0.372736 0.058372 -0.519504
v 0.350045 0.043170 -0.535262
v 0.366821 0.054409 -0.538413
v 0.334673 0.032871 -0.538180
v 0.335740 0.033586 -0.558374
v 0.354923 0.046439 -0.552655
v 0.327260 0.046244 -0.558374
v 0.335740 0.033586 -0.558374
v 0.354923 0.046439 -0.552655
v 0.346443 0.059096 -0.552655
v 0.366821 0.054409 -0.538413
v 0.358341 0.067067 -0.538413
v 0.372736 0.058372 -0.519504
v 0.364256 0.071030 -0.519504
v 0.368082 0.055254 -0.495109
v 0.359601 0.067912 -0.495109
v 0.359601 0.067912 -0.495109
v 0.368082 0.055254 -0.495109
v 0.362360 0.051421 -0.517987
v 0.353880 0.064079 -0.517987
v 0.350045 0.043170 -0.535262
v 0.341565 0.055828 -0.535262
v 0.334673 0.032871 -0.538180
v 0.326193 0.045529 -0.538180
v 0.326193 0.045529 -0.538180
v 0.334673 0.032871 -0.538180
v 0.335740 0.033586 -0.558374
v 0.327260 0.046244 -0.558374
v 0.367656 -0.038063 -0.538413
v 0.372565 -0.043220 -0.519504
v 0.368702 -0.039162 -0.495109
v 0.363954 -0.034174 -0.517987
v 0.357782 -0.027689 -0.552655
v 0.353734 -0.023436 -0.535262
v 0.341863 -0.010963 -0.558374
v 0.340978 -0.010033 -0.538180
v 0.357666 -0.049666 -0.495109
v 0.361529 -0.053724 -0.519504
v 0.356620 -0.048566 -0.538413
v 0.352918 -0.044678 -0.517987
v 0.346746 -0.038193 -0.552655
v 0.342698 -0.033940 -0.535262
v 0.330827 -0.021467 -0.558374
v 0.329942 -0.020537 -0.538180
v 0.341863 -0.010963 -0.558374
v 0.330827 -0.021467 -0.558374
v 0.346746 -0.038193 -0.552655
v 0.357782 -0.027689 -0.552655
v 0.356620 -0.048566 -0.538413
v 0.367656 -0.038063 -0.538413
v 0.361529 -0.053724 -0.519504
v 0.372565 -0.043220 -0.519504
v 0.357666 -0.049666 -0.495109
v 0.368702 -0.039162 -0.495109
v 0.368702 -0.039162 -0.495109
v 0.357666 -0.049666 -0.495109
v 0.352918 -0.044678 -0.517987
v 0.363954 -0.034174 -0.517987
v 0.342698 -0.033940 -0.535262
v 0.353734 -0.023436 -0.535262
v 0.329942 -0.020537 -0.538180
v 0.340978 -0.010033 -0.538180
v 0.340978 -0.010033 -0.538180
v 0.329942 -0.020537 -0.538180
v 0.330827 -0.021467 -0.558374
v 0.341863 -0.010963 -0.558374
vt 0.0927408412 0.791088343
vt 0.121700846 0.820048273
vt 0.150660664 0.791088343
vt 0.121700674 0.762128532
vt 0.179620594 0.820048273
vt 0.208580673 0.791088283
vt 0.179620773 0.762128294
vt 0.150660664 0.791088343
vt 0.179620773 0.762128294
vt 0.150660828 0.733168423
vt 0.121700674 0.762128532
vt 0.150660664 0.791088343
vt 0.208580673 0.733168542
vt 0.179620713 0.704208553
vt 0.150660828 0.733168423
vt 0.179620773 0.762128294
vt 0.121700674 0.762128532
vt 0.150660828 0.733168423
vt 0.121700846 0.704208493
vt 0.0927407816 0.733168602
vt 0.832918882 0.711042404
vt 0.78215605 0.680981219
vt 0.776480138 0.695254385
vt 0.83180517 0.713679194
vt 0.812955201 0.63811928
vt 0.897606313 0.638655186
vt 0.897719204 0.620826125
vt 0.813068092 0.62029016
vt 0.887711227 0.67287004
vt 0.897606313 0.638655186
vt 0.812955201 0.63811928
vt 0.828796268 0.672509015
vt 0.877198756 0.683310747
vt 0.840214491 0.682313859
vt 0.836401701 0.701024234
vt 0.78215605 0.680981219
vt 0.840154052 0.700060248
vt 0.835091352 0.70928359
vt 0.832918882 0.711042404
vt 0.845182359 0.710612714
vt 0.837340951 0.711110651
vt 0.83295691 0.711071849
vt 0.836038768 0.713243008
vt 0.841191828 0.718954682
vt 0.836073637 0.713265061
vt 0.848158121 0.712044597
vt 0.849565983 0.715036869
vt 0.846790314 0.724116862
vt 0.84897089 0.722863793
vt 0.877947986 0.720316291
vt 0.860173285 0.720197678
vt 0.887699246 0.731870532
vt 0.922037125 0.747951984
vt 0.922037125 0.663177848
vt 0.859171033 0.723966837
vt 0.878675401 0.778768599
vt 0.850789666 0.725137055
vt 0.848843515 0.727398574
vt 0.84881115 0.727349818
vt 0.84681195 0.724151909
vt 0.831877172 0.71364814
vt 0.834799886 0.715111852
vt 0.836038768 0.713243008
vt 0.83295691 0.711071849
vt 0.834741116 0.715177715
vt 0.83180517 0.713679194
vt 0.776480138 0.695254385
vt 0.787440598 0.772071421
vt 0.83908844 0.72104466
vt 0.844885409 0.725399256
vt 0.864248812 0.784281015
vt 0.846392274 0.72837019
vt 0.841191828 0.718954682
vt 0.836073637 0.713265061
vt 0.834801257 0.715112925
vt 0.839180946 0.720953107
vt 0.844935894 0.725352943
vt 0.846790314 0.724116862
vt 0.284297675 0.265366971
vt 0.209319025 0.325954437
vt 0.301968306 0.326073468
vt 0.209397003 0.26527077
vt 0.209397003 0.128952712
vt 0.134599075 0.2653687
vt 0.116954118 0.325992167
vt 0.285592198 0.159992814
vt 0.335217029 0.11474625
vt 0.216115966 0.0662554428
vt 0.285592198 0.264038712
vt 0.317497939 0.321964204
vt 0.344107956 0.293688148
vt 0.346276134 0.281725526
vt 0.346276134 0.131229281
vt 0.133201748 0.159992874
vt 0.0835769922 0.114746191
vt 0.202678129 0.0662554428
vt 0.133201733 0.264038712
vt 0.1023027 0.325489461
vt 0.0735415518 0.297139972
vt 0.0725178123 0.281725556
vt 0.0725178421 0.131229281
vt 0.623452604 0.89552784
vt 0.640118361 0.962985456
vt 0.656859517 0.902299821
vt 0.669045866 0.831911683
vt 0.637614012 0.844193459
vt 0.704683065 0.858409822
vt 0.67344588 0.938844562
vt 0.704683065 0.941270947
vt 0.658186316 0.966540337
vt 0.557795525 0.815814674
vt 0.541054785 0.755129695
vt 0.524388909 0.822587252
vt 0.56998235 0.886204243
vt 0.538550198 0.873921633
vt 0.605619252 0.859705448
vt 0.574382782 0.779271364
vt 0.605619252 0.776844561
vt 0.559122384 0.751574159
vt 0.717909515 0.511652768
vt 0.703001022 0.531869829
vt 0.717909336 0.531870246
vt 0.703001976 0.511652172
vt 0.684081435 0.531868935
vt 0.684082031 0.511651397
vt 0.876630068 0.511651278
vt 0.84387219 0.531869411
vt 0.876630425 0.531868935
vt 0.843871832 0.511651814
vt 0.81876725 0.531869769
vt 0.818766952 0.511652112
vt 0.816235006 0.51486975
vt 0.816235065 0.528652072
vt 0.805389643 0.514869928
vt 0.802857757 0.531870008
vt 0.802857697 0.511652291
vt 0.80539 0.528652251
vt 0.781921625 0.531869948
vt 0.781921625 0.51165235
vt 0.742857814 0.531870127
vt 0.742857814 0.511652529
vt 0.742857814 0.511652529
vt 0.717909515 0.511652768
vt 0.717909336 0.531870246
vt 0.742857814 0.531870127
vt 0.684082031 0.511651397
vt 0.654403865 0.511651278
vt 0.654403687 0.531868935
vt 0.684081435 0.531868935
vt 0.550050676 0.980651021
vt 0.550050616 0.963103533
vt 0.52479285 0.96310389
vt 0.52479291 0.9806512
vt 0.550050676 0.931747675
vt 0.550050378 0.917939842
vt 0.524792612 0.917939603
vt 0.524792552 0.931747854
vt 0.550050497 0.949295223
vt 0.550050676 0.931747675
vt 0.524792552 0.931747854
vt 0.524792552 0.949295163
vt 0.550050616 0.963103533
vt 0.550050497 0.949295223
vt 0.524792552 0.949295163
vt 0.52479285 0.96310389
vt 0.815372169 0.125834957
vt 0.809301615 0.141462773
vt 0.822935402 0.130389094
vt 0.814633131 0.109878503
vt 0.8271631 0.116855621
vt 0.805658996 0.100273892
vt 0.815090239 0.0896584243
vt 0.825392187 0.102793619
vt 0.833140671 0.133577093
vt 0.838046849 0.150442272
vt 0.84195137 0.134137943
vt 0.851641774 0.121439382
vt 0.837368309 0.120043591
vt 0.86448729 0.11865095
vt 0.862775624 0.104554594
vt 0.846828699 0.109490134
vt 0.836366653 0.0873934329
vt 0.841594338 0.106515191
vt 0.846571803 0.0905813724
vt 0.831389129 0.103327252
vt 0.837368309 0.120043591
vt 0.8271631 0.116855621
vt 0.833140671 0.133577093
vt 0.822935402 0.130389094
vt 0.82790339 0.150342494
vt 0.817698181 0.147154436
vt 0.854282081 0.0300429761
vt 0.859488189 0.0492337048
vt 0.86448729 0.0332308859
vt 0.84928304 0.0460457355
vt 0.854725361 0.0644807369
vt 0.844520211 0.0612927377
vt 0.850805938 0.0770275295
vt 0.840600729 0.0738394111
vt 0.840600729 0.0738394111
vt 0.836366653 0.0873934329
vt 0.846571803 0.0905813724
vt 0.850805938 0.0770275295
vt 0.815372109 0.258594364
vt 0.809301376 0.274222106
vt 0.822935164 0.263148606
vt 0.814633191 0.242637888
vt 0.827162921 0.249614954
vt 0.805658996 0.233033225
vt 0.815090358 0.222417846
vt 0.825392127 0.235552981
vt 0.833140314 0.26633656
vt 0.838046134 0.283201814
vt 0.841950953 0.26689741
vt 0.851641357 0.254198998
vt 0.837368071 0.252803057
vt 0.864487112 0.251410693
vt 0.862775505 0.237314329
vt 0.846828461 0.242249623
vt 0.836366534 0.220152974
vt 0.841593981 0.239274845
vt 0.846571743 0.223340914
vt 0.831389189 0.236086741
vt 0.837368071 0.252803057
vt 0.827162921 0.249614954
vt 0.833140314 0.26633656
vt 0.822935164 0.263148606
vt 0.827902794 0.283101797
vt 0.817697644 0.279913783
vt 0.854281902 0.162802339
vt 0.85948813 0.181993186
vt 0.864487112 0.165990308
vt 0.84928298 0.178805172
vt 0.854725122 0.197240025
vt 0.844519913 0.19405216
vt 0.850805879 0.209787011
vt 0.840600729 0.206599042
vt 0.840600729 0.206599042
vt 0.836366534 0.220152974
vt 0.846571743 0.223340914
vt 0.850805879 0.209787011
vt 0.90923351 0.295561641
vt 0.904327631 0.312426984
vt 0.908555746 0.325960368
vt 0.91313833 0.311865985
vt 0.918016255 0.336513698
vt 0.922828972 0.324564278
vt 0.933963478 0.341448814
vt 0.935674667 0.327352405
vt 0.898350775 0.329148501
vt 0.89412272 0.315615147
vt 0.880488634 0.304541886
vt 0.886559844 0.32016933
vt 0.896580219 0.343210638
vt 0.885821164 0.336126
vt 0.886278868 0.356346011
vt 0.876847386 0.345730722
vt 0.917759776 0.355422497
vt 0.902576983 0.342676878
vt 0.907554626 0.358610451
vt 0.912781954 0.339488626
vt 0.898350775 0.329148501
vt 0.908555746 0.325960368
vt 0.89412272 0.315615147
vt 0.904327631 0.312426984
vt 0.888885081 0.298849851
vt 0.899090052 0.295661718
vt 0.935674667 0.412773252
vt 0.920470536 0.399958342
vt 0.925469637 0.415960938
vt 0.930675745 0.396770477
vt 0.915707886 0.384711027
vt 0.925913036 0.381523401
vt 0.911788642 0.372164428
vt 0.921993732 0.368976444
vt 0.921993732 0.368976444
vt 0.917759776 0.355422497
vt 0.907554626 0.358610451
vt 0.911788642 0.372164428
vt 0.339410394 0.815682709
vt 0.310450405 0.78672272
vt 0.281490535 0.815682828
vt 0.310450524 0.844642818
vt 0.252530605 0.844642699
vt 0.281490535 0.815682828
vt 0.252530485 0.786722839
vt 0.223570615 0.815682709
vt 0.252530485 0.786722839
vt 0.281490535 0.815682828
vt 0.310450405 0.78672272
vt 0.281490415 0.75776273
vt 0.223570496 0.75776273
vt 0.252530485 0.786722839
vt 0.281490415 0.75776273
vt 0.252530485 0.72880286
vt 0.310450405 0.78672272
vt 0.339410394 0.757762969
vt 0.310450345 0.728802979
vt 0.281490415 0.75776273
vt 0.848843515 0.727398574
vt 0.846392274 0.72837019
vt 0.864248812 0.784281015
vt 0.878675401 0.778768599
vt 0.922037125 0.747951984
vt 0.939892173 0.747951984
vt 0.939892173 0.663177848
vt 0.922037125 0.663177848
vt 0.846421897 0.728305638
vt 0.84881115 0.727349818
vt 0.84681195 0.724151909
vt 0.844936728 0.725354075
vt 0.86853081 0.915278435
vt 0.882692039 0.966612875
vt 0.914123893 0.97889483
vt 0.885196686 0.847820878
vt 0.901937604 0.908506572
vt 0.949761152 0.952396631
vt 0.918524146 0.871961832
vt 0.949761093 0.869535685
vt 0.903264701 0.844265997
vt 0.794650793 0.837525427
vt 0.763218403 0.849807918
vt 0.749057174 0.901142299
vt 0.765723109 0.968599916
vt 0.782463729 0.907914937
vt 0.830287635 0.864024222
vt 0.799051046 0.944458246
vt 0.830287635 0.946885169
vt 0.783790886 0.972155452
vt 0.813124537 0.546232879
vt 0.813124835 0.566450298
vt 0.828033149 0.566449821
vt 0.828032076 0.546232224
vt 0.846952677 0.566448927
vt 0.8469522 0.546231329
vt 0.654404104 0.546231151
vt 0.654403687 0.566448748
vt 0.687161922 0.566449404
vt 0.68716228 0.546231806
vt 0.712266862 0.566449881
vt 0.71226728 0.546232343
vt 0.714799166 0.549449921
vt 0.714799047 0.563232183
vt 0.725644529 0.549450099
vt 0.728176355 0.566450119
vt 0.728176355 0.546232462
vt 0.725644112 0.563232422
vt 0.749112487 0.566450119
vt 0.749112487 0.546232522
vt 0.788176298 0.566450357
vt 0.788176298 0.546232641
vt 0.788176298 0.546232641
vt 0.788176298 0.566450357
vt 0.813124835 0.566450298
vt 0.813124537 0.546232879
vt 0.8469522 0.546231329
vt 0.846952677 0.566448927
vt 0.876630545 0.566448808
vt 0.876630306 0.546231151
vt 0.592983127 0.917255282
vt 0.56772536 0.917255044
vt 0.567725241 0.934802413
vt 0.592983007 0.934802771
vt 0.592983127 0.966158569
vt 0.567725062 0.96615845
vt 0.567725062 0.9799667
vt 0.592982888 0.979966402
vt 0.592983007 0.948611081
vt 0.567724884 0.94861114
vt 0.567725062 0.96615845
vt 0.592983127 0.966158569
vt 0.592983007 0.934802771
vt 0.567725241 0.934802413
vt 0.567724884 0.94861114
vt 0.592983007 0.948611081
vt 0.704851687 0.403539211
vt 0.709757924 0.420404434
vt 0.713662505 0.404099911
vt 0.723352849 0.39140144
vt 0.709079385 0.390005678
vt 0.736198366 0.388612926
vt 0.73448658 0.374516606
vt 0.718539655 0.379452199
vt 0.687083244 0.395797074
vt 0.681012571 0.411424816
vt 0.694646597 0.400351286
vt 0.686344385 0.379840553
vt 0.698874235 0.386817724
vt 0.67737025 0.37023592
vt 0.686801553 0.359620482
vt 0.697103441 0.372755766
vt 0.718282938 0.360543549
vt 0.708077669 0.357355565
vt 0.703100264 0.373289406
vt 0.713305354 0.37647742
vt 0.698874235 0.386817724
vt 0.709079385 0.390005678
vt 0.694646597 0.400351286
vt 0.704851687 0.403539211
vt 0.689409316 0.417116702
vt 0.699614406 0.420304596
vt 0.736198306 0.303193033
vt 0.725993097 0.300005078
vt 0.720994055 0.316007882
vt 0.731199384 0.319195867
vt 0.716231167 0.3312549
vt 0.726436436 0.334442854
vt 0.712311745 0.343801647
vt 0.722517014 0.346989572
vt 0.722517014 0.346989572
vt 0.712311745 0.343801647
vt 0.708077669 0.357355565
vt 0.718282938 0.360543549
vt 0.894123614 0.0500961542
vt 0.880489886 0.0390225351
vt 0.886560559 0.0546503365
vt 0.885821521 0.0706067681
vt 0.898351431 0.0636296868
vt 0.876847386 0.0802115053
vt 0.886278749 0.0908269435
vt 0.896580577 0.0776916593
vt 0.913139403 0.0463473648
vt 0.909234941 0.0300429761
vt 0.904328823 0.0469082147
vt 0.922829807 0.0590458363
vt 0.908556521 0.0604417771
vt 0.935675442 0.0618342757
vt 0.933963656 0.0759307146
vt 0.918016791 0.0709952116
vt 0.907554984 0.0930918008
vt 0.917760134 0.0899038315
vt 0.912782431 0.0739699602
vt 0.902577579 0.0771579891
vt 0.908556521 0.0604417771
vt 0.898351431 0.0636296868
vt 0.904328823 0.0469082147
vt 0.894123614 0.0500961542
vt 0.899091244 0.0301428139
vt 0.888886034 0.0333307832
vt 0.925470293 0.150442272
vt 0.935675442 0.147254303
vt 0.93067646 0.131251529
vt 0.92047137 0.134439498
vt 0.925913453 0.116004609
vt 0.915708363 0.119192548
vt 0.921994209 0.103457749
vt 0.91178906 0.106645599
vt 0.91178906 0.106645599
vt 0.921994209 0.103457749
vt 0.917760134 0.0899038315
vt 0.907554984 0.0930918008
vt 0.908555686 0.252802759
vt 0.904327571 0.266336203
vt 0.909233332 0.283201635
vt 0.91313833 0.266897231
vt 0.918016374 0.242249534
vt 0.922829032 0.254198968
vt 0.933963656 0.237314522
vt 0.935674787 0.251410961
vt 0.880488515 0.274221301
vt 0.89412272 0.263148069
vt 0.898350775 0.249614596
vt 0.886559784 0.258593798
vt 0.896580338 0.235552624
vt 0.885821044 0.242637143
vt 0.886278808 0.222417146
vt 0.876847386 0.233032376
vt 0.917759776 0.22334066
vt 0.907554626 0.220152691
vt 0.902577043 0.236086339
vt 0.912781954 0.239274502
vt 0.898350775 0.249614596
vt 0.908555686 0.252802759
vt 0.89412272 0.263148069
vt 0.904327571 0.266336203
vt 0.888885021 0.279913336
vt 0.899090052 0.283101469
vt 0.935674787 0.165990084
vt 0.925469756 0.162802339
vt 0.920470655 0.178804964
vt 0.930675805 0.181992844
vt 0.915707946 0.19405216
vt 0.925913036 0.197239757
vt 0.911788642 0.206598699
vt 0.921993792 0.209786713
vt 0.921993792 0.209786713
vt 0.911788642 0.206598699
vt 0.907554626 0.220152691
vt 0.917759776 0.22334066
vn -1.000000 0.000000 -0.000000
vn -1.000000 0.000000 -0.000000
vn -1.000000 0.000000 -0.000000
vn -1.000000 0.000000 -0.000000
vn -0.000000 -1.000000 0.000000
vn -0.000000 -1.000000 0.000000
vn -0.000000 -1.000000 0.000000
vn -0.000000 -1.000000 0.000000
vn -0.000000 -0.000000 -1.000000
vn -0.000000 -0.000000 -1.000000
vn -0.000000 -0.000000 -1.000000
vn -0.000000 -0.000000 -1.000000
vn 1.000000 0.000000 -0.000000
vn 1.000000 0.000000 -0.000000
vn 1.000000 0.000000 -0.000000
vn 1.000000 0.000000 -0.000000
vn -0.000000 1.000000 -0.000000
vn -0.000000 1.000000 -0.000000
vn -0.000000 1.000000 -0.000000
vn -0.000000 1.000000 -0.000000
vn -0.923882 -0.382677 0.000000
vn -1.000000 0.000000 -0.000000
vn -1.000000 0.000000 -0.000000
vn -0.923882 -0.382677 0.000000
vn -0.377008 0.926210 -0.000000
vn -0.000000 1.000000 -0.000000
vn -0.000000 1.000000 -0.000000
vn -0.377008 0.926210 -0.000000
vn -0.000000 0.571876 -0.820340
vn -0.000000 0.693061 -0.720879
vn -0.541266 0.363824 -0.758066
vn -0.455151 0.306476 -0.836009
vn -0.000000 0.229862 -0.973223
vn -0.189736 0.127725 -0.973492
vn -0.501461 -0.112334 -0.857857
vn -0.541266 0.363824 -0.758066
vn -0.212225 -0.091051 -0.972970
vn -0.542312 -0.252730 -0.801265
vn -0.638852 -0.264503 -0.722431
vn -0.079284 -0.353588 -0.932035
vn -0.268310 -0.512040 -0.815981
vn -0.638852 -0.264503 -0.722431
vn -0.282470 -0.604625 -0.744741
vn -0.000000 -0.660775 -0.750584
vn -0.282470 -0.604625 -0.744741
vn -0.000000 -0.352884 -0.935667
vn 0.079284 -0.353588 -0.932035
vn 0.282469 -0.604625 -0.744741
vn 0.268309 -0.512040 -0.815981
vn 0.189736 0.127724 -0.973492
vn 0.212225 -0.091051 -0.972970
vn 0.455152 0.306476 -0.836008
vn 0.541267 0.363824 -0.758065
vn -0.000000 0.693061 -0.720879
vn 0.501462 -0.112334 -0.857856
vn 0.541267 0.363824 -0.758065
vn 0.542313 -0.252730 -0.801264
vn 0.638852 -0.264503 -0.722430
vn 0.638852 -0.264503 -0.722430
vn 0.282469 -0.604625 -0.744741
vn -0.923882 -0.382677 0.000000
vn -0.436738 -0.899589 0.000000
vn -0.436738 -0.899589 0.000000
vn -0.923882 -0.382677 0.000000
vn -0.000000 0.000000 1.000000
vn -0.000000 0.000000 1.000000
vn -0.000000 0.000000 1.000000
vn -0.000000 0.000000 1.000000
vn -0.000000 0.000000 1.000000
vn -0.000000 0.000000 1.000000
vn -0.000000 0.000000 1.000000
vn -0.000000 0.000000 1.000000
vn -0.000000 -1.000000 0.000000
vn -0.436738 -0.899589 0.000000
vn -0.436738 -0.899589 0.000000
vn -0.000000 -1.000000 0.000000
vn 0.436738 -0.899589 0.000000
vn 0.436738 -0.899589 0.000000
vn -0.165660 -0.402618 0.900253
vn -0.000000 -0.707109 0.707105
vn -0.259418 -0.627333 0.734272
vn -0.000000 -0.382685 0.923879
vn -0.000000 0.437958 0.898995
vn 0.165660 -0.402619 0.900253
vn 0.259418 -0.627334 0.734271
vn -0.366315 0.246759 0.897175
vn -0.530356 0.356482 0.769184
vn -0.000000 0.680381 0.732859
vn -0.406279 -0.169657 0.897861
vn -0.259418 -0.627333 0.734272
vn -0.626950 -0.259890 0.734432
vn -0.626950 -0.259890 0.734432
vn -0.530356 0.356482 0.769184
vn 0.366314 0.246759 0.897175
vn 0.530355 0.356482 0.769184
vn -0.000000 0.680381 0.732859
vn 0.406279 -0.169657 0.897861
vn 0.259418 -0.627334 0.734271
vn 0.626949 -0.259890 0.734433
vn 0.626949 -0.259890 0.734433
vn 0.530355 0.356482 0.769184
vn 0.056736 -0.195475 0.979066
vn 0.056736 -0.195475 0.979066
vn 0.056732 -0.195475 0.979066
vn 0.056731 -0.195475 0.979066
vn 0.056736 -0.195475 0.979066
vn 0.056726 -0.195475 0.979067
vn 0.056726 -0.195475 0.979067
vn 0.056726 -0.195475 0.979067
vn 0.056726 -0.195475 0.979067
vn -0.056729 0.195474 -0.979067
vn -0.056733 0.195475 -0.979066
vn -0.056733 0.195475 -0.979066
vn -0.056728 0.195474 -0.979067
vn -0.056733 0.195475 -0.979066
vn -0.056724 0.195472 -0.979067
vn -0.056724 0.195472 -0.979067
vn -0.056724 0.195472 -0.979067
vn -0.056724 0.195472 -0.979067
vn 0.998381 0.015302 -0.054792
vn 0.894361 -0.425899 -0.136851
vn 0.998381 0.015302 -0.054792
vn 0.894364 -0.425894 -0.136850
vn 0.600553 -0.776715 -0.189868
vn 0.600553 -0.776715 -0.189868
vn 0.736259 -0.654144 -0.173258
vn 0.882865 -0.448083 -0.140613
vn 0.736259 -0.654144 -0.173258
vn 0.882865 -0.448082 -0.140612
vn 0.971084 0.238582 -0.008628
vn 0.971084 0.238582 -0.008623
vn 0.764272 0.639478 0.083403
vn 0.764270 0.639481 0.083397
vn 0.764267 0.639484 0.083404
vn 0.357192 0.919710 0.162934
vn 0.357195 0.919708 0.162938
vn 0.764265 0.639487 0.083399
vn -0.568481 0.799827 0.192627
vn -0.568480 0.799828 0.192627
vn -0.876500 0.459803 0.142582
vn -0.876500 0.459803 0.142582
vn -0.838564 -0.541541 -0.059529
vn -0.838564 -0.541541 -0.059529
vn -0.838564 -0.541541 -0.059529
vn -0.838564 -0.541541 -0.059529
vn -0.972067 0.212886 0.098821
vn -0.972067 0.212886 0.098821
vn -0.972067 0.212886 0.098821
vn -0.972067 0.212886 0.098821
vn 0.642383 -0.743550 -0.185682
vn 0.642383 -0.743550 -0.185682
vn 0.642383 -0.743550 -0.185682
vn 0.642383 -0.743550 -0.185682
vn -0.056725 0.195475 -0.979067
vn -0.056725 0.195475 -0.979067
vn -0.056725 0.195475 -0.979067
vn -0.056725 0.195475 -0.979067
vn -0.642397 0.743544 0.185658
vn -0.642397 0.743544 0.185658
vn -0.642397 0.743544 0.185658
vn -0.642397 0.743544 0.185658
vn 0.056727 -0.195469 0.979068
vn 0.056727 -0.195469 0.979068
vn 0.056727 -0.195469 0.979068
vn 0.056727 -0.195469 0.979068
vn -0.000000 1.000000 -0.000000
vn -0.000000 1.000000 -0.000000
vn -0.000000 1.000000 -0.000000
vn -0.000000 1.000000 -0.000000
vn -0.000000 1.000000 -0.000000
vn -0.000000 1.000000 -0.000000
vn -0.000000 1.000000 -0.000000
vn -0.000000 1.000000 -0.000000
vn -0.000000 -1.000000 0.000000
vn -0.000000 -1.000000 0.000000
vn -0.000000 -1.000000 0.000000
vn -0.000000 -1.000000 0.000000
vn -0.000000 -1.000000 0.000000
vn -0.000000 -1.000000 0.000000
vn -0.000000 -1.000000 0.000000
vn -0.000000 -1.000000 0.000000
vn -0.240424 -0.000000 -0.970668
vn -0.490541 -0.000000 -0.871418
vn -0.240424 -0.000000 -0.970668
vn -0.490541 -0.000000 -0.871418
vn -0.839653 -0.000000 -0.543123
vn -0.839653 -0.000000 -0.543123
vn -0.997744 -0.000000 -0.067137
vn -0.997744 -0.000000 -0.067137
vn -0.974627 0.000000 0.223836
vn -0.974627 0.000000 0.223836
vn 0.957557 0.000000 0.288245
vn 0.877204 0.000000 0.480118
vn 0.957557 0.000000 0.288245
vn 0.877204 0.000000 0.480118
vn 0.487316 0.000000 0.873226
vn 0.487316 0.000000 0.873226
vn 0.155779 0.000000 0.987792
vn 0.155779 0.000000 0.987792
vn 0.997985 -0.000000 -0.063450
vn 0.997985 -0.000000 -0.063450
vn 0.997985 -0.000000 -0.063450
vn 0.997985 -0.000000 -0.063450
vn 0.556598 0.830782 -0.000000
vn 0.556598 0.830782 -0.000000
vn 0.556598 0.830782 -0.000000
vn 0.556598 0.830782 -0.000000
vn 0.556598 0.830782 -0.000000
vn 0.556598 0.830782 -0.000000
vn 0.556598 0.830782 -0.000000
vn 0.556598 0.830782 -0.000000
vn -0.556602 -0.830779 0.000000
vn -0.556602 -0.830779 0.000000
vn -0.556602 -0.830779 0.000000
vn -0.556602 -0.830779 0.000000
vn -0.556602 -0.830779 0.000000
vn -0.556602 -0.830779 0.000000
vn -0.556602 -0.830779 0.000000
vn -0.556602 -0.830779 0.000000
vn -0.199738 0.133821 -0.970668
vn -0.407533 0.273041 -0.871416
vn -0.199738 0.133821 -0.970668
vn -0.407529 0.273039 -0.871418
vn -0.697568 0.467356 -0.543118
vn -0.697568 0.467356 -0.543119
vn -0.828905 0.555346 -0.067142
vn -0.828905 0.555346 -0.067137
vn -0.809701 0.542480 0.223829
vn -0.809701 0.542480 0.223829
vn 0.795517 -0.532979 0.288247
vn 0.728762 -0.488255 0.480118
vn 0.795517 -0.532979 0.288247
vn 0.728762 -0.488255 0.480117
vn 0.404853 -0.271242 0.873225
vn 0.404854 -0.271242 0.873224
vn 0.129419 -0.086706 0.987792
vn 0.129419 -0.086706 0.987792
vn 0.829105 -0.555480 -0.063454
vn 0.829105 -0.555480 -0.063454
vn 0.829105 -0.555480 -0.063454
vn 0.829105 -0.555480 -0.063454
vn -0.724351 0.689432 -0.000000
vn -0.724351 0.689432 -0.000000
vn -0.724351 0.689432 -0.000000
vn -0.724351 0.689432 -0.000000
vn -0.724351 0.689432 -0.000000
vn -0.724351 0.689432 -0.000000
vn -0.724351 0.689432 -0.000000
vn -0.724351 0.689432 -0.000000
vn 0.724343 -0.689440 0.000000
vn 0.724343 -0.689440 0.000000
vn 0.724343 -0.689440 0.000000
vn 0.724343 -0.689440 0.000000
vn 0.724343 -0.689440 0.000000
vn 0.724343 -0.689440 0.000000
vn 0.724343 -0.689440 0.000000
vn 0.724343 -0.689440 0.000000
vn -0.165753 -0.174151 -0.970668
vn -0.338188 -0.355325 -0.871420
vn -0.165753 -0.174151 -0.970668
vn -0.338191 -0.355328 -0.871418
vn -0.578876 -0.608211 -0.543123
vn -0.578876 -0.608211 -0.543122
vn -0.687868 -0.722725 -0.067136
vn -0.687868 -0.722725 -0.067136
vn -0.671930 -0.705979 0.223839
vn -0.671930 -0.705979 0.223839
vn 0.660172 0.693610 0.288234
vn 0.604773 0.635406 0.480114
vn 0.660172 0.693610 0.288234
vn 0.604773 0.635405 0.480114
vn 0.335969 0.352986 0.873227
vn 0.335971 0.352989 0.873225
vn 0.107399 0.112839 0.987792
vn 0.107399 0.112839 0.987792
vn 0.688050 0.722884 -0.063443
vn 0.688050 0.722884 -0.063443
vn 0.688050 0.722884 -0.063443
vn 0.688050 0.722884 -0.063443
vn 1.000000 0.000000 -0.000000
vn 1.000000 0.000000 -0.000000
vn 1.000000 0.000000 -0.000000
vn 1.000000 0.000000 -0.000000
vn -0.000000 -1.000000 0.000000
vn -0.000000 -1.000000 0.000000
vn -0.000000 -1.000000 0.000000
vn -0.000000 -1.000000 0.000000
vn -0.000000 -0.000000 -1.000000
vn -0.000000 -0.000000 -1.000000
vn -0.000000 -0.000000 -1.000000
vn -0.000000 -0.000000 -1.000000
vn -1.000000 0.000000 -0.000000
vn -1.000000 0.000000 -0.000000
vn -1.000000 0.000000 -0.000000
vn -1.000000 0.000000 -0.000000
vn -0.000000 1.000000 -0.000000
vn -0.000000 1.000000 -0.000000
vn -0.000000 1.000000 -0.000000
vn -0.000000 1.000000 -0.000000
vn 0.923882 -0.382677 0.000000
vn 0.923882 -0.382677 0.000000
vn 1.000000 0.000000 -0.000000
vn 1.000000 0.000000 -0.000000
vn 0.377008 0.926210 -0.000000
vn 0.377008 0.926210 -0.000000
vn -0.000000 1.000000 -0.000000
vn -0.000000 1.000000 -0.000000
vn 0.923882 -0.382677 0.000000
vn 0.923882 -0.382677 0.000000
vn 0.436738 -0.899589 0.000000
vn 0.436738 -0.899589 0.000000
vn -0.056730 -0.195475 0.979066
vn -0.056730 -0.195475 0.979066
vn -0.056728 -0.195475 0.979067
vn -0.056730 -0.195475 0.979066
vn -0.056729 -0.195475 0.979067
vn -0.056726 -0.195474 0.979067
vn -0.056726 -0.195474 0.979067
vn -0.056726 -0.195474 0.979067
vn -0.056726 -0.195474 0.979067
vn 0.056730 0.195473 -0.979067
vn 0.056736 0.195475 -0.979066
vn 0.056736 0.195475 -0.979066
vn 0.056736 0.195475 -0.979066
vn 0.056731 0.195474 -0.979067
vn 0.056725 0.195472 -0.979067
vn 0.056725 0.195472 -0.979067
vn 0.056725 0.195472 -0.979067
vn 0.056725 0.195472 -0.979067
vn -0.998381 0.015300 -0.054792
vn -0.998381 0.015300 -0.054792
vn -0.894360 -0.425901 -0.136851
vn -0.894363 -0.425895 -0.136850
vn -0.600552 -0.776716 -0.189868
vn -0.600552 -0.776716 -0.189868
vn -0.736259 -0.654144 -0.173257
vn -0.736259 -0.654144 -0.173257
vn -0.882865 -0.448083 -0.140610
vn -0.882865 -0.448083 -0.140610
vn -0.971084 0.238582 -0.008625
vn -0.971084 0.238583 -0.008623
vn -0.764271 0.639479 0.083402
vn -0.764269 0.639482 0.083398
vn -0.764269 0.639482 0.083402
vn -0.357192 0.919710 0.162934
vn -0.357197 0.919708 0.162936
vn -0.764267 0.639485 0.083399
vn 0.568482 0.799826 0.192629
vn 0.568480 0.799828 0.192629
vn 0.876500 0.459801 0.142585
vn 0.876500 0.459801 0.142585
vn 0.838566 -0.541538 -0.059526
vn 0.838566 -0.541538 -0.059526
vn 0.838566 -0.541538 -0.059526
vn 0.838566 -0.541538 -0.059526
vn 0.972067 0.212887 0.098822
vn 0.972067 0.212887 0.098822
vn 0.972067 0.212887 0.098822
vn 0.972067 0.212887 0.098822
vn -0.642381 -0.743551 -0.185684
vn -0.642381 -0.743551 -0.185684
vn -0.642381 -0.743551 -0.185684
vn -0.642381 -0.743551 -0.185684
vn 0.056722 0.195476 -0.979067
vn 0.056722 0.195476 -0.979067
vn 0.056722 0.195476 -0.979067
vn 0.056722 0.195476 -0.979067
vn 0.642397 0.743543 0.185660
vn 0.642397 0.743543 0.185660
vn 0.642397 0.743543 0.185660
vn 0.642397 0.743543 0.185660
vn -0.056728 -0.195469 0.979068
vn -0.056728 -0.195469 0.979068
vn -0.056728 -0.195469 0.979068
vn -0.056728 -0.195469 0.979068
vn -0.000000 1.000000 -0.000000
vn -0.000000 1.000000 -0.000000
vn -0.000000 1.000000 -0.000000
vn -0.000000 1.000000 -0.000000
vn -0.000000 1.000000 -0.000000
vn -0.000000 1.000000 -0.000000
vn -0.000000 1.000000 -0.000000
vn -0.000000 1.000000 -0.000000
vn -0.000000 -1.000000 0.000000
vn -0.000000 -1.000000 0.000000
vn -0.000000 -1.000000 0.000000
vn -0.000000 -1.000000 0.000000
vn -0.000000 -1.000000 0.000000
vn -0.000000 -1.000000 0.000000
vn -0.000000 -1.000000 0.000000
vn -0.000000 -1.000000 0.000000
vn 0.240424 -0.000000 -0.970668
vn 0.240424 -0.000000 -0.970668
vn 0.490542 -0.000000 -0.871417
vn 0.490542 -0.000000 -0.871417
vn 0.839654 -0.000000 -0.543122
vn 0.839654 -0.000000 -0.543122
vn 0.997744 -0.000000 -0.067137
vn 0.997744 -0.000000 -0.067137
vn 0.974626 0.000000 0.223838
vn 0.974626 0.000000 0.223838
vn -0.957557 0.000000 0.288245
vn -0.957557 0.000000 0.288245
vn -0.877205 0.000000 0.480117
vn -0.877204 0.000000 0.480117
vn -0.487317 0.000000 0.873225
vn -0.487317 0.000000 0.873225
vn -0.155779 0.000000 0.987792
vn -0.155779 0.000000 0.987792
vn -0.997985 -0.000000 -0.063450
vn -0.997985 -0.000000 -0.063450
vn -0.997985 -0.000000 -0.063450
vn -0.997985 -0.000000 -0.063450
vn -0.556598 0.830782 -0.000000
vn -0.556598 0.830782 -0.000000
vn -0.556598 0.830782 -0.000000
vn -0.556598 0.830782 -0.000000
vn -0.556598 0.830782 -0.000000
vn -0.556598 0.830782 -0.000000
vn -0.556598 0.830782 -0.000000
vn -0.556598 0.830782 -0.000000
vn 0.556600 -0.830781 0.000000
vn 0.556600 -0.830781 0.000000
vn 0.556600 -0.830781 0.000000
vn 0.556600 -0.830781 0.000000
vn 0.556600 -0.830781 0.000000
vn 0.556600 -0.830781 0.000000
vn 0.556600 -0.830781 0.000000
vn 0.556600 -0.830781 0.000000
vn 0.199738 0.133821 -0.970668
vn 0.199738 0.133821 -0.970668
vn 0.407534 0.273040 -0.871416
vn 0.407530 0.273038 -0.871418
vn 0.697569 0.467354 -0.543119
vn 0.697569 0.467354 -0.543119
vn 0.828905 0.555346 -0.067143
vn 0.828905 0.555346 -0.067138
vn 0.809701 0.542481 0.223829
vn 0.809701 0.542481 0.223829
vn -0.795518 -0.532976 0.288248
vn -0.795518 -0.532976 0.288248
vn -0.728764 -0.488251 0.480118
vn -0.728765 -0.488251 0.480117
vn -0.404853 -0.271239 0.873226
vn -0.404856 -0.271241 0.873224
vn -0.129417 -0.086706 0.987792
vn -0.129417 -0.086706 0.987792
vn -0.829106 -0.555479 -0.063454
vn -0.829106 -0.555479 -0.063454
vn -0.829106 -0.555479 -0.063454
vn -0.829106 -0.555479 -0.063454
vn 0.724352 0.689431 -0.000000
vn 0.724352 0.689431 -0.000000
vn 0.724352 0.689431 -0.000000
vn 0.724352 0.689431 -0.000000
vn 0.724352 0.689431 -0.000000
vn 0.724352 0.689431 -0.000000
vn 0.724352 0.689431 -0.000000
vn 0.724352 0.689431 -0.000000
vn -0.724344 -0.689439 0.000000
vn -0.724344 -0.689439 0.000000
vn -0.724344 -0.689439 0.000000
vn -0.724344 -0.689439 0.000000
vn -0.724344 -0.689439 0.000000
vn -0.724344 -0.689439 0.000000
vn -0.724344 -0.689439 0.000000
vn -0.724344 -0.689439 0.000000
vn 0.165756 -0.174151 -0.970668
vn 0.165756 -0.174151 -0.970668
vn 0.338189 -0.355326 -0.871419
vn 0.338191 -0.355329 -0.871417
vn 0.578874 -0.608212 -0.543124
vn 0.578875 -0.608212 -0.543122
vn 0.687866 -0.722726 -0.067137
vn 0.687866 -0.722726 -0.067136
vn 0.671928 -0.705980 0.223839
vn 0.671928 -0.705980 0.223839
vn -0.660170 0.693612 0.288234
vn -0.660170 0.693612 0.288234
vn -0.604772 0.635407 0.480114
vn -0.604772 0.635407 0.480114
vn -0.335969 0.352986 0.873227
vn -0.335972 0.352989 0.873225
vn -0.107400 0.112839 0.987792
vn -0.107400 0.112839 0.987792
vn -0.688050 0.722885 -0.063443
vn -0.688050 0.722885 -0.063443
vn -0.688050 0.722885 -0.063443
vn -0.688050 0.722885 -0.063443
f 1/1/1 2/2/2 3/3/3
f 1/1/1 3/3/3 4/4/4
f 5/5/5 6/6/6 7/7/7
f 5/5/5 7/7/7 8/8/8
f 9/9/9 10/10/10 11/11/11
f 9/9/9 11/11/11 12/12/12
f 13/13/13 14/14/14 15/15/15
f 13/13/13 15/15/15 16/16/16
f 17/17/17 18/18/18 19/19/19
f 17/17/17 19/19/19 20/20/20
f 21/21/21 22/22/22 23/23/23
f 21/21/21 23/23/23 24/24/24
f 25/25/25 26/26/26 27/27/27
f 25/25/25 27/27/27 28/28/28
f 29/29/29 30/30/30 31/31/31
f 29/29/29 31/31/31 32/32/32
f 33/33/33 29/29/29 32/32/32
f 33/33/33 32/32/32 34/34/34
f 35/35/35 34/34/34 32/32/32
f 35/35/35 32/32/32 36/36/36
f 33/33/33 34/34/34 37/37/37
f 35/35/35 37/37/37 34/34/34
f 38/38/38 35/35/35 36/36/36
f 36/36/36 39/39/39 38/38/38
f 40/40/40 37/37/37 35/35/35
f 37/37/37 40/40/40 33/33/33
f 35/35/35 38/38/38 41/41/41
f 41/41/41 40/40/40 35/35/35
f 41/41/41 38/38/38 42/42/42
f 41/41/41 42/42/42 43/43/43
f 44/44/44 40/40/40 41/41/41
f 41/41/41 45/45/45 44/44/44
f 44/44/44 46/46/46 40/40/40
f 40/40/40 46/46/46 33/33/33
f 47/47/47 46/46/46 44/44/44
f 44/44/44 48/48/48 47/47/47
f 48/48/48 49/49/49 47/47/47
f 50/50/50 33/33/33 46/46/46
f 46/46/46 47/47/47 50/50/50
f 51/51/51 47/47/47 49/49/49
f 47/47/47 51/51/51 50/50/50
f 33/33/33 50/50/50 52/52/52
f 33/33/33 52/52/52 29/29/29
f 29/29/29 52/52/52 53/53/53
f 29/29/29 53/53/53 54/54/54
f 55/55/55 50/50/50 51/51/51
f 55/55/55 52/52/52 50/50/50
f 49/49/49 55/55/55 51/51/51
f 56/56/56 52/52/52 55/55/55
f 56/56/56 55/55/55 57/57/57
f 49/49/49 57/57/57 55/55/55
f 57/57/57 58/58/58 56/56/56
f 49/49/49 59/59/59 57/57/57
f 49/49/49 60/60/60 59/59/59
f 61/61/61 62/62/62 63/63/63
f 61/61/61 63/63/63 64/64/64
f 65/65/65 66/66/66 67/67/67
f 67/67/67 68/68/68 65/65/65
f 68/68/68 69/69/69 65/65/65
f 70/70/70 69/69/69 68/68/68
f 68/68/68 71/71/71 70/70/70
f 71/71/71 72/72/72 70/70/70
f 73/73/73 74/74/74 75/75/75
f 73/73/73 75/75/75 76/76/76
f 73/73/73 76/76/76 77/77/77
f 73/73/73 77/77/77 78/78/78
f 79/79/79 80/80/80 81/81/81
f 79/79/79 82/82/82 80/80/80
f 83/83/83 82/82/82 79/79/79
f 84/84/84 80/80/80 82/82/82
f 84/84/84 82/82/82 83/83/83
f 84/84/84 85/85/85 80/80/80
f 86/86/86 83/83/83 79/79/79
f 83/83/83 86/86/86 87/87/87
f 83/83/83 87/87/87 88/88/88
f 79/79/79 89/89/89 86/86/86
f 89/89/89 79/79/79 90/90/90
f 89/89/89 90/90/90 91/91/91
f 86/86/86 89/89/89 92/92/92
f 86/86/86 92/92/92 93/93/93
f 83/83/83 94/94/94 84/84/84
f 83/83/83 95/95/95 94/94/94
f 83/83/83 96/96/96 95/95/95
f 94/94/94 97/97/97 84/84/84
f 97/97/97 98/98/98 84/84/84
f 97/97/97 99/99/99 98/98/98
f 94/94/94 100/100/100 97/97/97
f 94/94/94 101/101/101 100/100/100
f 102/102/102 103/103/103 104/104/104
f 104/104/104 105/105/105 102/102/102
f 105/105/105 106/106/106 102/102/102
f 107/107/107 105/105/105 104/104/104
f 107/107/107 104/104/104 108/108/108
f 108/108/108 109/109/109 107/107/107
f 110/110/110 109/109/109 108/108/108
f 111/111/111 112/112/112 113/113/113
f 113/113/113 114/114/114 111/111/111
f 113/113/113 115/115/115 114/114/114
f 111/111/111 114/114/114 116/116/116
f 117/117/117 111/111/111 116/116/116
f 116/116/116 118/118/118 117/117/117
f 119/119/119 117/117/117 118/118/118
f 120/120/120 121/121/121 122/122/122
f 120/120/120 123/123/123 121/121/121
f 123/123/123 124/124/124 121/121/121
f 123/123/123 125/125/125 124/124/124
f 126/126/126 127/127/127 128/128/128
f 126/126/126 129/129/129 127/127/127
f 129/129/129 130/130/130 127/127/127
f 129/129/129 131/131/131 130/130/130
f 130/130/130 131/131/131 132/132/132
f 130/130/130 132/132/132 133/133/133
f 131/131/131 134/134/134 132/132/132
f 135/135/135 130/130/130 133/133/133
f 131/131/131 136/136/136 134/134/134
f 135/135/135 133/133/133 137/137/137
f 136/136/136 137/137/137 134/134/134
f 136/136/136 135/135/135 137/137/137
f 136/136/136 138/138/138 135/135/135
f 136/136/136 139/139/139 138/138/138
f 139/139/139 140/140/140 138/138/138
f 139/139/139 141/141/141 140/140/140
f 142/142/142 143/143/143 144/144/144
f 142/142/142 144/144/144 145/145/145
f 146/146/146 147/147/147 148/148/148
f 146/146/146 148/148/148 149/149/149
f 150/150/150 151/151/151 152/152/152
f 150/150/150 152/152/152 153/153/153
f 154/154/154 155/155/155 156/156/156
f 154/154/154 156/156/156 157/157/157
f 158/158/158 159/159/159 160/160/160
f 158/158/158 160/160/160 161/161/161
f 162/162/162 163/163/163 164/164/164
f 162/162/162 164/164/164 165/165/165
f 166/166/166 167/167/167 168/168/168
f 168/168/168 169/169/169 166/166/166
f 168/168/168 170/170/170 169/169/169
f 170/170/170 171/171/171 169/169/169
f 170/170/170 172/172/172 171/171/171
f 170/170/170 173/173/173 172/172/172
f 174/174/174 175/175/175 176/176/176
f 176/176/176 177/177/177 174/174/174
f 177/177/177 178/178/178 174/174/174
f 177/177/177 179/179/179 178/178/178
f 179/179/179 180/180/180 178/178/178
f 180/180/180 181/181/181 178/178/178
f 182/182/182 183/183/183 184/184/184
f 182/182/182 185/185/185 183/183/183
f 185/185/185 186/186/186 183/183/183
f 185/185/185 187/187/187 186/186/186
f 187/187/187 188/188/188 186/186/186
f 187/187/187 189/189/189 188/188/188
f 189/189/189 190/190/190 188/188/188
f 189/189/189 191/191/191 190/190/190
f 192/192/192 193/193/193 194/194/194
f 192/192/192 195/195/195 193/193/193
f 195/195/195 196/196/196 193/193/193
f 195/195/195 197/197/197 196/196/196
f 197/197/197 198/198/198 196/196/196
f 197/197/197 199/199/199 198/198/198
f 200/200/200 201/201/201 202/202/202
f 200/200/200 202/202/202 203/203/203
f 204/204/204 205/205/205 206/206/206
f 206/206/206 207/207/207 204/204/204
f 206/206/206 208/208/208 207/207/207
f 208/208/208 209/209/209 207/207/207
f 208/208/208 210/210/210 209/209/209
f 208/208/208 211/211/211 210/210/210
f 212/212/212 213/213/213 214/214/214
f 214/214/214 215/215/215 212/212/212
f 215/215/215 216/216/216 212/212/212
f 215/215/215 217/217/217 216/216/216
f 217/217/217 218/218/218 216/216/216
f 218/218/218 219/219/219 216/216/216
f 220/220/220 221/221/221 222/222/222
f 220/220/220 223/223/223 221/221/221
f 223/223/223 224/224/224 221/221/221
f 223/223/223 225/225/225 224/224/224
f 225/225/225 226/226/226 224/224/224
f 225/225/225 227/227/227 226/226/226
f 227/227/227 228/228/228 226/226/226
f 227/227/227 229/229/229 228/228/228
f 230/230/230 231/231/231 232/232/232
f 230/230/230 233/233/233 231/231/231
f 233/233/233 234/234/234 231/231/231
f 233/233/233 235/235/235 234/234/234
f 235/235/235 236/236/236 234/234/234
f 235/235/235 237/237/237 236/236/236
f 238/238/238 239/239/239 240/240/240
f 238/238/238 240/240/240 241/241/241
f 242/242/242 243/243/243 244/244/244
f 244/244/244 245/245/245 242/242/242
f 244/244/244 246/246/246 245/245/245
f 246/246/246 247/247/247 245/245/245
f 246/246/246 248/248/248 247/247/247
f 248/248/248 249/249/249 247/247/247
f 250/250/250 251/251/251 252/252/252
f 252/252/252 253/253/253 250/250/250
f 253/253/253 254/254/254 250/250/250
f 253/253/253 255/255/255 254/254/254
f 255/255/255 256/256/256 254/254/254
f 255/255/255 257/257/257 256/256/256
f 258/258/258 259/259/259 260/260/260
f 258/258/258 261/261/261 259/259/259
f 261/261/261 262/262/262 259/259/259
f 261/261/261 263/263/263 262/262/262
f 263/263/263 264/264/264 262/262/262
f 263/263/263 265/265/265 264/264/264
f 265/265/265 266/266/266 264/264/264
f 265/265/265 267/267/267 266/266/266
f 268/268/268 269/269/269 270/270/270
f 268/268/268 271/271/271 269/269/269
f 271/271/271 272/272/272 269/269/269
f 271/271/271 273/273/273 272/272/272
f 273/273/273 274/274/274 272/272/272
f 273/273/273 275/275/275 274/274/274
f 276/276/276 277/277/277 278/278/278
f 276/276/276 278/278/278 279/279/279
f 280/280/280 281/281/281 282/282/282
f 280/280/280 282/282/282 283/283/283
f 284/284/284 285/285/285 286/286/286
f 284/284/284 286/286/286 287/287/287
f 288/288/288 289/289/289 290/290/290
f 288/288/288 290/290/290 291/291/291
f 292/292/292 293/293/293 294/294/294
f 292/292/292 294/294/294 295/295/295
f 296/296/296 297/297/297 298/298/298
f 296/296/296 298/298/298 299/299/299
f 300/300/300 301/301/301 302/302/302
f 300/300/300 302/302/302 303/303/303
f 304/304/304 305/305/305 306/306/306
f 304/304/304 306/306/306 307/307/307
f 308/308/308 309/309/309 310/310/310
f 308/308/308 310/310/310 311/311/311
f 312/312/312 313/313/313 314/314/314
f 314/314/314 315/315/315 312/312/312
f 314/314/314 316/316/316 315/315/315
f 316/316/316 314/314/314 317/317/317
f 317/317/317 318/318/318 316/316/316
f 317/317/317 319/319/319 318/318/318
f 319/319/319 320/320/320 318/318/318
f 321/321/321 322/322/322 323/323/323
f 323/323/323 324/324/324 321/321/321
f 324/324/324 325/325/325 321/321/321
f 326/326/326 321/321/321 325/325/325
f 325/325/325 327/327/327 326/326/326
f 327/327/327 328/328/328 326/326/326
f 328/328/328 327/327/327 329/329/329
f 330/330/330 331/331/331 332/332/332
f 330/330/330 332/332/332 333/333/333
f 333/333/333 332/332/332 334/334/334
f 333/333/333 334/334/334 335/335/335
f 336/336/336 337/337/337 338/338/338
f 336/336/336 338/338/338 339/339/339
f 339/339/339 338/338/338 340/340/340
f 339/339/339 340/340/340 341/341/341
f 340/340/340 342/342/342 341/341/341
f 340/340/340 343/343/343 342/342/342
f 341/341/341 342/342/342 344/344/344
f 345/345/345 343/343/343 340/340/340
f 341/341/341 344/344/344 346/346/346
f 345/345/345 347/347/347 343/343/343
f 346/346/346 344/344/344 347/347/347
f 346/346/346 347/347/347 345/345/345
f 346/346/346 345/345/345 348/348/348
f 346/346/346 348/348/348 349/349/349
f 349/349/349 348/348/348 350/350/350
f 349/349/349 350/350/350 351/351/351
f 352/352/352 353/353/353 354/354/354
f 352/352/352 354/354/354 355/355/355
f 356/356/356 357/357/357 358/358/358
f 356/356/356 358/358/358 359/359/359
f 360/360/360 361/361/361 362/362/362
f 360/360/360 362/362/362 363/363/363
f 364/364/364 365/365/365 366/366/366
f 364/364/364 366/366/366 367/367/367
f 368/368/368 369/369/369 370/370/370
f 368/368/368 370/370/370 371/371/371
f 372/372/372 373/373/373 374/374/374
f 372/372/372 374/374/374 375/375/375
f 376/376/376 377/377/377 378/378/378
f 378/378/378 379/379/379 376/376/376
f 379/379/379 380/380/380 376/376/376
f 379/379/379 381/381/381 380/380/380
f 381/381/381 382/382/382 380/380/380
f 382/382/382 383/383/383 380/380/380
f 384/384/384 385/385/385 386/386/386
f 386/386/386 387/387/387 384/384/384
f 386/386/386 388/388/388 387/387/387
f 388/388/388 389/389/389 387/387/387
f 388/388/388 390/390/390 389/389/389
f 388/388/388 391/391/391 390/390/390
f 392/392/392 393/393/393 394/394/394
f 392/392/392 394/394/394 395/395/395
f 395/395/395 394/394/394 396/396/396
f 395/395/395 396/396/396 397/397/397
f 397/397/397 396/396/396 398/398/398
f 397/397/397 398/398/398 399/399/399
f 399/399/399 398/398/398 400/400/400
f 399/399/399 400/400/400 401/401/401
f 402/402/402 403/403/403 404/404/404
f 402/402/402 404/404/404 405/405/405
f 405/405/405 404/404/404 406/406/406
f 405/405/405 406/406/406 407/407/407
f 407/407/407 406/406/406 408/408/408
f 407/407/407 408/408/408 409/409/409
f 410/410/410 411/411/411 412/412/412
f 410/410/410 412/412/412 413/413/413
f 414/414/414 415/415/415 416/416/416
f 416/416/416 417/417/417 414/414/414
f 417/417/417 418/418/418 414/414/414
f 417/417/417 419/419/419 418/418/418
f 419/419/419 420/420/420 418/418/418
f 420/420/420 421/421/421 418/418/418
f 422/422/422 423/423/423 424/424/424
f 424/424/424 425/425/425 422/422/422
f 424/424/424 426/426/426 425/425/425
f 426/426/426 427/427/427 425/425/425
f 426/426/426 428/428/428 427/427/427
f 426/426/426 429/429/429 428/428/428
f 430/430/430 431/431/431 432/432/432
f 430/430/430 432/432/432 433/433/433
f 433/433/433 432/432/432 434/434/434
f 433/433/433 434/434/434 435/435/435
f 435/435/435 434/434/434 436/436/436
f 435/435/435 436/436/436 437/437/437
f 437/437/437 436/436/436 438/438/438
f 437/437/437 438/438/438 439/439/439
f 440/440/440 441/441/441 442/442/442
f 440/440/440 442/442/442 443/443/443
f 443/443/443 442/442/442 444/444/444
f 443/443/443 444/444/444 445/445/445
f 445/445/445 444/444/444 446/446/446
f 445/445/445 446/446/446 447/447/447
f 448/448/448 449/449/449 450/450/450
f 448/448/448 450/450/450 451/451/451
f 452/452/452 453/453/453 454/454/454
f 454/454/454 455/455/455 452/452/452
f 455/455/455 456/456/456 452/452/452
f 455/455/455 457/457/457 456/456/456
f 457/457/457 458/458/458 456/456/456
f 457/457/457 459/459/459 458/458/458
f 460/460/460 461/461/461 462/462/462
f 462/462/462 463/463/463 460/460/460
f 462/462/462 464/464/464 463/463/463
f 464/464/464 465/465/465 463/463/463
f 464/464/464 466/466/466 465/465/465
f 466/466/466 467/467/467 465/465/465
f 468/468/468 469/469/469 470/470/470
f 468/468/468 470/470/470 471/471/471
f 471/471/471 470/470/470 472/472/472
f 471/471/471 472/472/472 473/473/473
f 473/473/473 472/472/472 474/474/474
f 473/473/473 474/474/474 475/475/475
f 475/475/475 474/474/474 476/476/476
f 475/475/475 476/476/476 477/477/477
f 478/478/478 479/479/479 480/480/480
f 478/478/478 480/480/480 481/481/481
f 481/481/481 480/480/480 482/482/482
f 481/481/481 482/482/482 483/483/483
f 483/483/483 482/482/482 484/484/484
f 483/483/483 484/484/484 485/485/485
f 486/486/486 487/487/487 488/488/488
f 486/486/486 488/488/488 489/489/489
