# Unturned item rip -> Godot (X+Z negated, winding reversed, RH Y-up)
v -0.344387 -0.260276 -0.835944
v -0.379019 -0.117090 -0.706461
v -0.409990 -0.083503 -0.757762
v -0.325881 -0.260276 -0.769789
v -0.340628 -0.145727 -0.652664
v -0.298117 -0.260276 -0.703326
v -0.305200 -0.148909 -0.620538
v -0.263870 -0.260276 -0.669792
v -0.606798 -0.260276 -0.523214
v -0.485296 -0.403462 -0.579805
v -0.541196 -0.437049 -0.601397
v -0.538435 -0.260276 -0.516478
v -0.425649 -0.374825 -0.551339
v -0.468160 -0.260276 -0.500677
v -0.387859 -0.371643 -0.522028
v -0.429189 -0.260276 -0.472773
v -0.541195 -0.083503 -0.601397
v -0.578425 -0.083503 -0.632636
v -0.447219 -0.083503 -0.789001
v -0.409990 -0.083503 -0.757762
v 0.202689 -0.048148 0.049442
v 0.241160 -0.048148 0.081723
v 0.162436 -0.260276 0.175542
v 0.123966 -0.260276 0.143262
v -0.265820 -0.390779 -0.601916
v -0.300607 -0.384017 -0.626010
v -0.392452 -0.384017 -0.516555
v -0.362683 -0.390779 -0.486480
v -0.265820 -0.129773 -0.601916
v -0.300607 -0.136535 -0.626010
v -0.254685 -0.260276 -0.680738
v -0.217389 -0.260276 -0.659634
v -0.411114 -0.260276 -0.428761
v -0.438374 -0.260276 -0.461827
v -0.392452 -0.136535 -0.516555
v -0.362683 -0.129773 -0.486480
v -0.217389 -0.260276 -0.659634
v -0.254685 -0.260276 -0.680738
v -0.300607 -0.384017 -0.626010
v -0.265820 -0.390779 -0.601916
v -0.362683 -0.390779 -0.486480
v -0.392452 -0.384017 -0.516555
v -0.438374 -0.260276 -0.461827
v -0.411114 -0.260276 -0.428761
v -0.362683 -0.129773 -0.486480
v -0.392452 -0.136535 -0.516555
v -0.300607 -0.136535 -0.626010
v -0.265820 -0.129773 -0.601916
v -0.541196 -0.437049 -0.601397
v -0.578425 -0.437049 -0.632636
v -0.644028 -0.260276 -0.554454
v -0.606798 -0.260276 -0.523214
v -0.344387 -0.260276 -0.835944
v -0.381616 -0.260276 -0.867184
v -0.447219 -0.437049 -0.789001
v -0.409990 -0.437049 -0.757762
v -0.606798 -0.260276 -0.523214
v -0.644028 -0.260276 -0.554454
v -0.578425 -0.083503 -0.632636
v -0.541195 -0.083503 -0.601397
v -0.409990 -0.437049 -0.757762
v -0.447219 -0.437049 -0.789001
v -0.578425 -0.437049 -0.632636
v -0.541196 -0.437049 -0.601397
v -0.409990 -0.083503 -0.757762
v -0.447219 -0.083503 -0.789001
v -0.381616 -0.260276 -0.867184
v -0.344387 -0.260276 -0.835944
v -0.552184 -0.154212 -0.663909
v -0.469852 -0.175425 -0.610812
v -0.406873 -0.175425 -0.685868
v -0.473461 -0.154212 -0.757728
v -0.501342 -0.260276 -0.573285
v -0.469852 -0.345127 -0.610812
v -0.406873 -0.345127 -0.685868
v -0.375384 -0.260276 -0.723395
v -0.469852 -0.175425 -0.610812
v -0.406873 -0.175425 -0.685868
v -0.552184 -0.366340 -0.663909
v -0.469852 -0.345127 -0.610812
v -0.501342 -0.260276 -0.573285
v -0.591546 -0.260276 -0.617000
v -0.434099 -0.260276 -0.804638
v -0.375384 -0.260276 -0.723395
v -0.406873 -0.345127 -0.685868
v -0.473461 -0.366340 -0.757728
v -0.591546 -0.260276 -0.617000
v -0.501342 -0.260276 -0.573285
v -0.469852 -0.175425 -0.610812
v -0.552184 -0.154212 -0.663909
v -0.473461 -0.366340 -0.757728
v -0.406873 -0.345127 -0.685868
v -0.469852 -0.345127 -0.610812
v -0.552184 -0.366340 -0.663909
v -0.473461 -0.154212 -0.757728
v -0.406873 -0.175425 -0.685868
v -0.375384 -0.260276 -0.723395
v -0.434099 -0.260276 -0.804638
v 0.560865 -0.260276 -0.097665
v 0.571198 -0.260276 0.026116
v 0.528687 -0.145727 0.076778
v 0.490014 -0.069361 -0.013228
v 0.360136 -0.472404 -0.138196
v 0.398607 -0.472404 -0.105915
v 0.477330 -0.260276 -0.199734
v 0.438860 -0.260276 -0.232015
v 0.123966 -0.260276 0.143262
v 0.162436 -0.260276 0.175542
v 0.241160 -0.472404 0.081723
v 0.202689 -0.472404 0.049442
v 0.360136 -0.048148 -0.138196
v 0.398607 -0.048148 -0.105915
v 0.241160 -0.048148 0.081723
v 0.202689 -0.048148 0.049442
v 0.438860 -0.260276 -0.232015
v 0.477330 -0.260276 -0.199734
v 0.398607 -0.048148 -0.105915
v 0.360136 -0.048148 -0.138196
v 0.202689 -0.472404 0.049442
v 0.241160 -0.472404 0.081723
v 0.398607 -0.472404 -0.105915
v 0.360136 -0.472404 -0.138196
v -0.178883 -0.092261 -0.303982
v -0.212170 -0.099822 -0.337611
v -0.093077 -0.099822 -0.479541
v -0.054178 -0.092261 -0.452599
v -0.178883 -0.428291 -0.303982
v -0.212170 -0.420730 -0.337611
v -0.271717 -0.260276 -0.266646
v -0.241236 -0.260276 -0.229673
v 0.008175 -0.260276 -0.526908
v -0.033530 -0.260276 -0.550506
v -0.093077 -0.420730 -0.479541
v -0.054178 -0.428291 -0.452600
v -0.241236 -0.260276 -0.229673
v -0.271717 -0.260276 -0.266646
v -0.212170 -0.099822 -0.337611
v -0.178883 -0.092261 -0.303982
v -0.054178 -0.092261 -0.452599
v -0.093077 -0.099822 -0.479541
v -0.033530 -0.260276 -0.550506
v 0.008175 -0.260276 -0.526908
v -0.054178 -0.428291 -0.452600
v -0.093077 -0.420730 -0.479541
v -0.212170 -0.420730 -0.337611
v -0.178883 -0.428291 -0.303982
v 0.028135 -0.065826 -0.110349
v -0.008279 -0.069361 -0.143569
v 0.133423 -0.069361 -0.312443
v 0.172461 -0.065826 -0.282350
v 0.028135 -0.454726 -0.110349
v -0.008279 -0.451191 -0.143569
v -0.079131 -0.260276 -0.059132
v -0.044028 -0.260276 -0.024348
v 0.244624 -0.260276 -0.368351
v 0.204274 -0.260276 -0.396880
v 0.133423 -0.451191 -0.312443
v 0.172461 -0.454726 -0.282351
v -0.044028 -0.260276 -0.024348
v -0.079131 -0.260276 -0.059132
v -0.008279 -0.069361 -0.143569
v 0.028135 -0.065826 -0.110349
v 0.172461 -0.065826 -0.282350
v 0.133423 -0.069361 -0.312443
v 0.204274 -0.260276 -0.396880
v 0.244624 -0.260276 -0.368351
v 0.172461 -0.454726 -0.282351
v 0.133423 -0.451191 -0.312443
v -0.008279 -0.451191 -0.143569
v 0.028135 -0.454726 -0.110349
v -0.206216 -0.115867 -0.344708
v -0.357839 -0.142824 -0.492251
v -0.270663 -0.142824 -0.596144
v -0.099031 -0.115867 -0.472445
v -0.206216 -0.404685 -0.344708
v -0.357839 -0.377728 -0.492251
v -0.401428 -0.260276 -0.440305
v -0.259808 -0.260276 -0.280839
v -0.045439 -0.260276 -0.536313
v -0.227075 -0.260276 -0.648091
v -0.270663 -0.377728 -0.596144
v -0.099031 -0.404685 -0.472445
v -0.259808 -0.260276 -0.280839
v -0.401428 -0.260276 -0.440305
v -0.357839 -0.142824 -0.492251
v -0.206216 -0.115867 -0.344708
v -0.099031 -0.115867 -0.472445
v -0.270663 -0.142824 -0.596144
v -0.227075 -0.260276 -0.648091
v -0.045439 -0.260276 -0.536313
v -0.099031 -0.404685 -0.472445
v -0.270663 -0.377728 -0.596144
v -0.357839 -0.377728 -0.492251
v -0.206216 -0.404685 -0.344708
v 0.126338 -0.432099 -0.303999
v -0.060413 -0.411489 -0.445169
v -0.172648 -0.411489 -0.311412
v -0.001194 -0.432099 -0.152012
v 0.126338 -0.088452 -0.303999
v -0.060413 -0.109063 -0.445169
v -0.004296 -0.260276 -0.512047
v 0.190104 -0.260276 -0.379993
v -0.064960 -0.260276 -0.076019
v -0.228765 -0.260276 -0.244534
v -0.172648 -0.109063 -0.311412
v -0.001194 -0.088452 -0.152012
v 0.190104 -0.260276 -0.379993
v -0.004296 -0.260276 -0.512047
v -0.060413 -0.411489 -0.445169
v 0.126338 -0.432099 -0.303999
v -0.001194 -0.432099 -0.152012
v -0.172648 -0.411489 -0.311412
v -0.228765 -0.260276 -0.244534
v -0.064960 -0.260276 -0.076019
v -0.001194 -0.088452 -0.152012
v -0.172648 -0.109063 -0.311412
v -0.060413 -0.109063 -0.445169
v 0.126338 -0.088452 -0.303999
v 0.210561 -0.069361 0.040060
v 0.035351 -0.085271 -0.118949
v 0.165245 -0.085271 -0.273750
v 0.352264 -0.069361 -0.128814
v 0.210561 -0.451191 0.040061
v 0.035351 -0.435281 -0.118949
v -0.029596 -0.260276 -0.041548
v 0.139710 -0.260276 0.124498
v 0.423115 -0.260276 -0.213251
v 0.230192 -0.260276 -0.351151
v 0.165245 -0.435281 -0.273750
v 0.352264 -0.451191 -0.128814
v 0.139710 -0.260276 0.124498
v -0.029596 -0.260276 -0.041548
v 0.035351 -0.085271 -0.118949
v 0.210561 -0.069361 0.040060
v 0.352264 -0.069361 -0.128814
v 0.165245 -0.085271 -0.273750
v 0.230192 -0.260276 -0.351151
v 0.423115 -0.260276 -0.213251
v 0.352264 -0.451191 -0.128814
v 0.165245 -0.435281 -0.273750
v 0.035351 -0.435281 -0.118949
v 0.210561 -0.451191 0.040061
v 0.390735 -0.069361 -0.096533
v 0.490014 -0.069361 -0.013228
v 0.348312 -0.069361 0.155647
v 0.249032 -0.069361 0.072341
v 0.178181 -0.260276 0.156778
v 0.277460 -0.260276 0.240084
v 0.348311 -0.451191 0.155647
v 0.249032 -0.451191 0.072341
v 0.390734 -0.451191 -0.096533
v 0.490014 -0.451191 -0.013228
v 0.560865 -0.260276 -0.097665
v 0.461586 -0.260276 -0.180970
v 0.249032 -0.069361 0.072341
v 0.348312 -0.069361 0.155647
v 0.277460 -0.260276 0.240084
v 0.178181 -0.260276 0.156778
v 0.249032 -0.451191 0.072341
v 0.348311 -0.451191 0.155647
v 0.490014 -0.451191 -0.013228
v 0.390734 -0.451191 -0.096533
v 0.461586 -0.260276 -0.180970
v 0.560865 -0.260276 -0.097665
v 0.490014 -0.069361 -0.013228
v 0.390735 -0.069361 -0.096533
v 0.528687 -0.374825 0.076778
v 0.528687 -0.260276 0.076778
v 0.571198 -0.260276 0.026116
v 0.507431 -0.317550 0.102109
v 0.443666 -0.374825 0.178103
v 0.464921 -0.317550 0.152772
v 0.348311 -0.451191 0.155647
v 0.443666 -0.374825 0.178103
v 0.528687 -0.374825 0.076778
v 0.490014 -0.451191 -0.013228
v 0.348312 -0.069361 0.155647
v 0.443666 -0.145727 0.178103
v 0.401155 -0.260276 0.228765
v 0.277460 -0.260276 0.240084
v 0.490014 -0.451191 -0.013228
v 0.528687 -0.374825 0.076778
v 0.571198 -0.260276 0.026116
v 0.560865 -0.260276 -0.097665
v 0.277460 -0.260276 0.240084
v 0.401155 -0.260276 0.228765
v 0.443666 -0.374825 0.178103
v 0.348311 -0.451191 0.155647
v 0.490014 -0.069361 -0.013228
v 0.528687 -0.145727 0.076778
v 0.443666 -0.145727 0.178103
v 0.348312 -0.069361 0.155647
v -0.425649 -0.145727 -0.551339
v -0.485296 -0.117090 -0.579806
v -0.379019 -0.117090 -0.706461
v -0.340628 -0.145727 -0.652664
v -0.387859 -0.148909 -0.522028
v -0.305200 -0.148909 -0.620538
v -0.298117 -0.260276 -0.703326
v -0.325881 -0.260276 -0.769789
v -0.379019 -0.403462 -0.706461
v -0.340628 -0.374825 -0.652664
v -0.263870 -0.260276 -0.669792
v -0.305200 -0.371643 -0.620537
v -0.468160 -0.260276 -0.500677
v -0.538435 -0.260276 -0.516478
v -0.485296 -0.117090 -0.579806
v -0.425649 -0.145727 -0.551339
v -0.429189 -0.260276 -0.472773
v -0.387859 -0.148909 -0.522028
v -0.340628 -0.374825 -0.652664
v -0.379019 -0.403462 -0.706461
v -0.485296 -0.403462 -0.579805
v -0.425649 -0.374825 -0.551339
v -0.305200 -0.371643 -0.620537
v -0.387859 -0.371643 -0.522028
v -0.541195 -0.083503 -0.601397
v -0.485296 -0.117090 -0.579806
v -0.538435 -0.260276 -0.516478
v -0.606798 -0.260276 -0.523214
v -0.409990 -0.437049 -0.757762
v -0.379019 -0.403462 -0.706461
v -0.325881 -0.260276 -0.769789
v -0.344387 -0.260276 -0.835944
v -0.409990 -0.083503 -0.757762
v -0.379019 -0.117090 -0.706461
v -0.485296 -0.117090 -0.579806
v -0.541195 -0.083503 -0.601397
v -0.541196 -0.437049 -0.601397
v -0.485296 -0.403462 -0.579805
v -0.379019 -0.403462 -0.706461
v -0.409990 -0.437049 -0.757762
v 0.544833 -0.185819 0.120543
v 0.569481 -0.203001 0.154175
v 0.526970 -0.203001 0.204838
v 0.489569 -0.185819 0.186404
v 0.401155 -0.260276 0.228765
v 0.443665 -0.260276 0.178103
v 0.464921 -0.317550 0.152772
v 0.443666 -0.374825 0.178103
v 0.528687 -0.145727 0.076778
v 0.507432 -0.203001 0.102109
v 0.464921 -0.203001 0.152772
v 0.443666 -0.145727 0.178103
v 0.443665 -0.260276 0.178103
v 0.401155 -0.260276 0.228765
v 0.571198 -0.260276 0.026116
v 0.528687 -0.260276 0.076778
v 0.507432 -0.203001 0.102109
v 0.528687 -0.145727 0.076778
v 0.590736 -0.260276 0.128844
v 0.569481 -0.317551 0.154175
v 0.526970 -0.317550 0.204838
v 0.505715 -0.260276 0.230169
v 0.569481 -0.203001 0.154175
v 0.526970 -0.203001 0.204838
v 0.572465 -0.260276 0.087613
v 0.590736 -0.260276 0.128844
v 0.569481 -0.203001 0.154175
v 0.544833 -0.185819 0.120543
v 0.489569 -0.334733 0.186404
v 0.526970 -0.317550 0.204838
v 0.569481 -0.317551 0.154175
v 0.544833 -0.334733 0.120543
v 0.489569 -0.185819 0.186404
v 0.526970 -0.203001 0.204838
v 0.505715 -0.260276 0.230169
v 0.461937 -0.260276 0.219335
v 0.544833 -0.334733 0.120543
v 0.569481 -0.317551 0.154175
v 0.590736 -0.260276 0.128844
v 0.572465 -0.260276 0.087613
v 0.461937 -0.260276 0.219335
v 0.505715 -0.260276 0.230169
v 0.526970 -0.317550 0.204838
v 0.489569 -0.334733 0.186404
v 0.443665 -0.260276 0.178103
v 0.461937 -0.260276 0.219335
v 0.489569 -0.334733 0.186404
v 0.464921 -0.317550 0.152772
v 0.507431 -0.317550 0.102109
v 0.544833 -0.334733 0.120543
v 0.572465 -0.260276 0.087613
v 0.528687 -0.260276 0.076778
v 0.464921 -0.203001 0.152772
v 0.489569 -0.185819 0.186404
v 0.461937 -0.260276 0.219335
v 0.443665 -0.260276 0.178103
v 0.464921 -0.317550 0.152772
v 0.489569 -0.334733 0.186404
v 0.544833 -0.334733 0.120543
v 0.507431 -0.317550 0.102109
v 0.528687 -0.260276 0.076778
v 0.572465 -0.260276 0.087613
v 0.544833 -0.185819 0.120543
v 0.507432 -0.203001 0.102109
v 0.507432 -0.203001 0.102109
v 0.544833 -0.185819 0.120543
v 0.489569 -0.185819 0.186404
v 0.464921 -0.203001 0.152772
v 0.460146 -0.192170 -0.187993
v 0.433203 -0.218839 -0.150299
v 0.166364 -0.226094 -0.346166
v 0.193307 -0.199425 -0.383859
v 0.193307 -0.199425 -0.383859
v 0.166364 -0.226094 -0.346166
v 0.134858 -0.141199 -0.308619
v 0.161801 -0.114530 -0.346312
v 0.127273 -0.090659 -0.354103
v 0.440960 -0.071302 -0.116188
v 0.414017 -0.097972 -0.078495
v 0.100330 -0.117328 -0.316410
v 0.440960 -0.071302 -0.116188
v 0.495516 -0.218307 -0.181204
v 0.468572 -0.244977 -0.143511
v 0.414017 -0.097972 -0.078495
v 0.177282 -0.225413 -0.413701
v 0.127273 -0.090659 -0.354103
v 0.100330 -0.117328 -0.316410
v 0.150339 -0.252082 -0.376008
v 0.495516 -0.218307 -0.181204
v 0.177282 -0.225413 -0.413701
v 0.150339 -0.252082 -0.376008
v 0.468572 -0.244977 -0.143511
v 0.161801 -0.114530 -0.346312
v 0.134858 -0.141199 -0.308619
v 0.398833 -0.126226 -0.109339
v 0.425776 -0.099557 -0.147032
v 0.425776 -0.099557 -0.147032
v 0.398833 -0.126226 -0.109339
v 0.433203 -0.218839 -0.150299
v 0.460146 -0.192170 -0.187993
v 0.052416 -0.143819 -0.499839
v -0.206898 -0.376735 -0.190800
v -0.163506 -0.425943 -0.191477
v 0.095808 -0.193027 -0.500516
v 0.146068 -0.193027 -0.458343
v -0.113246 -0.425943 -0.149304
v -0.106378 -0.376735 -0.106454
v 0.152937 -0.143819 -0.415493
v 0.152937 -0.143819 -0.415493
v -0.106378 -0.376735 -0.106454
v -0.149770 -0.327528 -0.105777
v 0.109545 -0.094612 -0.414816
v 0.059285 -0.094612 -0.456989
v -0.200030 -0.327528 -0.147950
v -0.206898 -0.376735 -0.190800
v 0.052416 -0.143819 -0.499839
v 0.095808 -0.193027 -0.500516
v -0.163506 -0.425943 -0.191477
v -0.113246 -0.425943 -0.149304
v 0.146068 -0.193027 -0.458343
v 0.109545 -0.094612 -0.414816
v -0.149770 -0.327528 -0.105777
v -0.200030 -0.327528 -0.147950
v 0.059285 -0.094612 -0.456989
v 0.072302 -0.109374 -0.457192
v 0.103865 -0.081024 -0.494808
v 0.139047 -0.081024 -0.465286
v 0.107484 -0.109374 -0.427671
v 0.103865 -0.081024 -0.494808
v 0.099057 -0.115470 -0.524803
v 0.129432 -0.149915 -0.525276
v 0.139047 -0.081024 -0.465286
v 0.164614 -0.149915 -0.495755
v 0.169422 -0.115470 -0.465760
v 0.097868 -0.178265 -0.487661
v 0.129432 -0.149915 -0.525276
v 0.099057 -0.115470 -0.524803
v 0.067494 -0.143819 -0.487187
v 0.137859 -0.143819 -0.428145
v 0.169422 -0.115470 -0.465760
v 0.164614 -0.149915 -0.495755
v 0.133050 -0.178265 -0.458140
v 0.107484 -0.109374 -0.427671
v 0.139047 -0.081024 -0.465286
v 0.169422 -0.115470 -0.465760
v 0.137859 -0.143819 -0.428145
v 0.067494 -0.143819 -0.487187
v 0.099057 -0.115470 -0.524803
v 0.103865 -0.081024 -0.494808
v 0.072302 -0.109374 -0.457192
v 0.133050 -0.178265 -0.458140
v 0.164614 -0.149915 -0.495755
v 0.129432 -0.149915 -0.525276
v 0.097868 -0.178265 -0.487661
v -0.151830 -0.342290 -0.118632
v -0.183393 -0.370640 -0.081017
v -0.218575 -0.370640 -0.110538
v -0.187012 -0.342290 -0.148153
v -0.193009 -0.439530 -0.141006
v -0.223383 -0.405085 -0.140533
v -0.218575 -0.370640 -0.110538
v -0.183393 -0.370640 -0.081017
v -0.157827 -0.439530 -0.111485
v -0.153019 -0.405085 -0.081490
v -0.191820 -0.376735 -0.178148
v -0.223383 -0.405085 -0.140533
v -0.193009 -0.439530 -0.141006
v -0.161446 -0.411180 -0.178622
v -0.126264 -0.411180 -0.149101
v -0.157827 -0.439530 -0.111485
v -0.153019 -0.405085 -0.081490
v -0.121456 -0.376735 -0.119106
v -0.121456 -0.376735 -0.119106
v -0.153019 -0.405085 -0.081490
v -0.183393 -0.370640 -0.081017
v -0.151830 -0.342290 -0.118632
v -0.187012 -0.342290 -0.148153
v -0.218575 -0.370640 -0.110538
v -0.223383 -0.405085 -0.140533
v -0.191820 -0.376735 -0.178148
v -0.161446 -0.411180 -0.178622
v -0.193009 -0.439530 -0.141006
v -0.157827 -0.439530 -0.111485
v -0.126264 -0.411180 -0.149101
v -0.163506 -0.425943 -0.191477
v -0.126264 -0.411180 -0.149101
v -0.113246 -0.425943 -0.149304
v -0.161446 -0.411180 -0.178622
v -0.121456 -0.376735 -0.119106
v -0.206898 -0.376735 -0.190800
v -0.106378 -0.376735 -0.106454
v -0.191820 -0.376735 -0.178148
v -0.151830 -0.342290 -0.118632
v -0.200030 -0.327528 -0.147950
v -0.149770 -0.327528 -0.105777
v -0.187012 -0.342290 -0.148153
v 0.052416 -0.143819 -0.499839
v 0.072302 -0.109374 -0.457192
v 0.059285 -0.094612 -0.456989
v 0.067494 -0.143819 -0.487187
v 0.107484 -0.109374 -0.427671
v 0.095808 -0.193027 -0.500516
v 0.109545 -0.094612 -0.414816
v 0.097868 -0.178265 -0.487661
v 0.137859 -0.143819 -0.428145
v 0.146068 -0.193027 -0.458343
v 0.152937 -0.143819 -0.415493
v 0.133050 -0.178265 -0.458140
v 0.177282 -0.225413 -0.413701
v 0.193307 -0.199425 -0.383859
v 0.161801 -0.114530 -0.346312
v 0.127273 -0.090659 -0.354103
v 0.495516 -0.218307 -0.181204
v 0.425776 -0.099557 -0.147032
v 0.460146 -0.192170 -0.187993
v 0.440960 -0.071302 -0.116188
v -0.438374 -0.260276 -0.461827
v -0.429189 -0.260276 -0.472773
v -0.387859 -0.148909 -0.522028
v -0.392452 -0.136535 -0.516555
v -0.392452 -0.384017 -0.516555
v -0.305200 -0.148909 -0.620538
v -0.387859 -0.371643 -0.522028
v -0.300607 -0.136535 -0.626010
v -0.300607 -0.384017 -0.626010
v -0.263870 -0.260276 -0.669792
v -0.305200 -0.371643 -0.620537
v -0.254685 -0.260276 -0.680738
v -0.044028 -0.260276 -0.024348
v 0.035351 -0.435281 -0.118949
v 0.028135 -0.454726 -0.110349
v -0.029596 -0.260276 -0.041548
v 0.165245 -0.435281 -0.273750
v 0.028135 -0.065826 -0.110349
v 0.172461 -0.454726 -0.282351
v 0.035351 -0.085271 -0.118949
v 0.230192 -0.260276 -0.351151
v 0.172461 -0.065826 -0.282350
v 0.244624 -0.260276 -0.368351
v 0.165245 -0.085271 -0.273750
v 0.008175 -0.260276 -0.526908
v -0.004296 -0.260276 -0.512047
v -0.060413 -0.109063 -0.445169
v -0.054178 -0.092261 -0.452599
v -0.054178 -0.428291 -0.452600
v -0.172648 -0.109063 -0.311412
v -0.060413 -0.411489 -0.445169
v -0.178883 -0.092261 -0.303982
v -0.178883 -0.428291 -0.303982
v -0.228765 -0.260276 -0.244534
v -0.172648 -0.411489 -0.311412
v -0.241236 -0.260276 -0.229673
v 0.133423 -0.451191 -0.312443
v 0.126338 -0.432099 -0.303999
v -0.001194 -0.432099 -0.152012
v -0.008279 -0.451191 -0.143569
v 0.204274 -0.260276 -0.396880
v -0.064960 -0.260276 -0.076019
v 0.190104 -0.260276 -0.379993
v -0.079131 -0.260276 -0.059132
v 0.133423 -0.069361 -0.312443
v -0.001194 -0.088452 -0.152012
v 0.126338 -0.088452 -0.303999
v -0.008279 -0.069361 -0.143569
v -0.265820 -0.129773 -0.601916
v -0.270663 -0.142824 -0.596144
v -0.357839 -0.142824 -0.492251
v -0.362683 -0.129773 -0.486480
v -0.217389 -0.260276 -0.659634
v -0.401428 -0.260276 -0.440305
v -0.227075 -0.260276 -0.648091
v -0.411114 -0.260276 -0.428761
v -0.265820 -0.390779 -0.601916
v -0.357839 -0.377728 -0.492251
v -0.270663 -0.377728 -0.596144
v -0.362683 -0.390779 -0.486480
v -0.212170 -0.099822 -0.337611
v -0.099031 -0.115867 -0.472445
v -0.093077 -0.099822 -0.479541
v -0.206216 -0.115867 -0.344708
v -0.045439 -0.260276 -0.536313
v -0.271717 -0.260276 -0.266646
v -0.033530 -0.260276 -0.550506
v -0.259808 -0.260276 -0.280839
v -0.099031 -0.404685 -0.472445
v -0.212170 -0.420730 -0.337611
v -0.093077 -0.420730 -0.479541
v -0.206216 -0.404685 -0.344708
v 0.398607 -0.472404 -0.105915
v 0.461586 -0.260276 -0.180970
v 0.477330 -0.260276 -0.199734
v 0.390734 -0.451191 -0.096533
v 0.390735 -0.069361 -0.096533
v 0.241160 -0.472404 0.081723
v 0.398607 -0.048148 -0.105915
v 0.249032 -0.451191 0.072341
v 0.249032 -0.069361 0.072341
v 0.162436 -0.260276 0.175542
v 0.241160 -0.048148 0.081723
v 0.178181 -0.260276 0.156778
v -0.447219 -0.083503 -0.789001
v -0.434099 -0.260276 -0.804638
v -0.381616 -0.260276 -0.867184
v -0.473461 -0.154212 -0.757728
v -0.473461 -0.366340 -0.757728
v -0.578425 -0.083503 -0.632636
v -0.447219 -0.437049 -0.789001
v -0.552184 -0.154212 -0.663909
v -0.552184 -0.366340 -0.663909
v -0.644028 -0.260276 -0.554454
v -0.578425 -0.437049 -0.632636
v -0.591546 -0.260276 -0.617000
v 0.123966 -0.260276 0.143262
v 0.210561 -0.069361 0.040060
v 0.202689 -0.048148 0.049442
v 0.139710 -0.260276 0.124498
v 0.352264 -0.069361 -0.128814
v 0.202689 -0.472404 0.049442
v 0.360136 -0.048148 -0.138196
v 0.210561 -0.451191 0.040061
v 0.423115 -0.260276 -0.213251
v 0.360136 -0.472404 -0.138196
v 0.438860 -0.260276 -0.232015
v 0.352264 -0.451191 -0.128814
vt 0.718261719 0.891601562
vt 0.719726562 0.886230469
vt 0.718261719 0.885742188
vt 0.719726562 0.891113281
vt 0.721679688 0.88671875
vt 0.721679688 0.890625
vt 0.723144531 0.88671875
vt 0.723144531 0.890625
vt 0.701660156 0.923828125
vt 0.700195312 0.929199219
vt 0.701660156 0.9296875
vt 0.700195312 0.924316406
vt 0.698242188 0.928710938
vt 0.698242188 0.924804688
vt 0.696777344 0.928222656
vt 0.696777344 0.924804688
vt 0.561035156 0.90234375
vt 0.559570312 0.90234375
vt 0.559570312 0.905273438
vt 0.561035156 0.905273438
vt 0.567382812 0.90234375
vt 0.565917969 0.90234375
vt 0.565917969 0.905761719
vt 0.567382812 0.905761719
vt 0.547363281 0.94921875
vt 0.548339844 0.948730469
vt 0.548828125 0.946777344
vt 0.547363281 0.946777344
vt 0.566894531 0.947753906
vt 0.567871094 0.947753906
vt 0.567871094 0.943359375
vt 0.566894531 0.943359375
vt 0.547363281 0.942382812
vt 0.548828125 0.942382812
vt 0.548339844 0.940429688
vt 0.547363281 0.940429688
vt 0.566894531 0.943359375
vt 0.567871094 0.943359375
vt 0.568359375 0.94140625
vt 0.566894531 0.940917969
vt 0.547363281 0.946777344
vt 0.548828125 0.946777344
vt 0.548828125 0.942382812
vt 0.547363281 0.942382812
vt 0.566894531 0.949707031
vt 0.568359375 0.949707031
vt 0.567871094 0.947753906
vt 0.566894531 0.947753906
vt 0.544433594 0.94921875
vt 0.545898438 0.94921875
vt 0.545898438 0.943359375
vt 0.544433594 0.943359375
vt 0.561035156 0.911132812
vt 0.559570312 0.911132812
vt 0.559570312 0.9140625
vt 0.561035156 0.9140625
vt 0.544433594 0.943359375
vt 0.545898438 0.943359375
vt 0.545898438 0.940429688
vt 0.544433594 0.940429688
vt 0.544433594 0.952148438
vt 0.545898438 0.952148438
vt 0.545898438 0.94921875
vt 0.544433594 0.94921875
vt 0.561035156 0.905273438
vt 0.559570312 0.905273438
vt 0.559570312 0.911132812
vt 0.561035156 0.911132812
vt 0.568359375 0.934082031
vt 0.565429688 0.934570312
vt 0.565429688 0.936035156
vt 0.568359375 0.935546875
vt 0.845214844 0.909179688
vt 0.845214844 0.90625
vt 0.842773438 0.904785156
vt 0.840332031 0.90625
vt 0.842773438 0.910644531
vt 0.840332031 0.909179688
vt 0.565429688 0.935546875
vt 0.5625 0.936035156
vt 0.5625 0.938964844
vt 0.565429688 0.939453125
vt 0.568359375 0.939453125
vt 0.565429688 0.938964844
vt 0.565429688 0.940429688
vt 0.568359375 0.940917969
vt 0.565429688 0.939453125
vt 0.5625 0.938964844
vt 0.5625 0.940429688
vt 0.565429688 0.940917969
vt 0.565429688 0.934082031
vt 0.5625 0.934570312
vt 0.5625 0.936035156
vt 0.565429688 0.935546875
vt 0.568359375 0.935546875
vt 0.565429688 0.936035156
vt 0.565429688 0.938964844
vt 0.568359375 0.939453125
vt 0.712890625 0.906738281
vt 0.715332031 0.905273438
vt 0.715332031 0.901367188
vt 0.712890625 0.900390625
vt 0.56640625 0.916503906
vt 0.564941406 0.916503906
vt 0.564941406 0.920410156
vt 0.56640625 0.920410156
vt 0.567382812 0.905761719
vt 0.565917969 0.905761719
vt 0.565917969 0.913085938
vt 0.567382812 0.913085938
vt 0.56640625 0.927246094
vt 0.564941406 0.927246094
vt 0.564941406 0.930664062
vt 0.56640625 0.930664062
vt 0.56640625 0.920410156
vt 0.564941406 0.920410156
vt 0.564941406 0.927246094
vt 0.56640625 0.927246094
vt 0.567382812 0.913085938
vt 0.565917969 0.913085938
vt 0.565917969 0.916503906
vt 0.567382812 0.916503906
vt 0.545898438 0.951660156
vt 0.547363281 0.951171875
vt 0.547363281 0.948730469
vt 0.545898438 0.948730469
vt 0.538574219 0.943847656
vt 0.537597656 0.943847656
vt 0.537597656 0.94921875
vt 0.538574219 0.94921875
vt 0.545898438 0.942871094
vt 0.547363281 0.943359375
vt 0.547363281 0.940429688
vt 0.545898438 0.940429688
vt 0.538574219 0.94921875
vt 0.537597656 0.94921875
vt 0.537597656 0.951660156
vt 0.5390625 0.952148438
vt 0.545898438 0.948730469
vt 0.547363281 0.948730469
vt 0.547363281 0.943359375
vt 0.545898438 0.942871094
vt 0.5390625 0.940917969
vt 0.537597656 0.940917969
vt 0.537597656 0.943847656
vt 0.538574219 0.943847656
vt 0.566894531 0.9296875
vt 0.568359375 0.9296875
vt 0.567871094 0.926269531
vt 0.56640625 0.926269531
vt 0.567382812 0.912109375
vt 0.568847656 0.912109375
vt 0.568847656 0.905761719
vt 0.567382812 0.905761719
vt 0.56640625 0.919921875
vt 0.567871094 0.919921875
vt 0.568359375 0.916503906
vt 0.566894531 0.916503906
vt 0.567382812 0.905761719
vt 0.568847656 0.905761719
vt 0.568847656 0.90234375
vt 0.567382812 0.90234375
vt 0.56640625 0.926269531
vt 0.567871094 0.926269531
vt 0.567871094 0.919921875
vt 0.56640625 0.919921875
vt 0.567382812 0.915527344
vt 0.568847656 0.915527344
vt 0.568847656 0.912109375
vt 0.567382812 0.912109375
vt 0.713378906 0.931152344
vt 0.719238281 0.930175781
vt 0.719238281 0.928222656
vt 0.712890625 0.928710938
vt 0.676269531 0.930175781
vt 0.682128906 0.9296875
vt 0.682128906 0.92578125
vt 0.676269531 0.925292969
vt 0.712890625 0.923828125
vt 0.719238281 0.924316406
vt 0.719238281 0.922363281
vt 0.713378906 0.921386719
vt 0.676269531 0.925292969
vt 0.682128906 0.92578125
vt 0.682128906 0.923828125
vt 0.676269531 0.922851562
vt 0.712890625 0.928710938
vt 0.719238281 0.928222656
vt 0.719238281 0.924316406
vt 0.712890625 0.923828125
vt 0.676269531 0.932617188
vt 0.682128906 0.931640625
vt 0.682128906 0.9296875
vt 0.676269531 0.930175781
vt 0.715332031 0.908691406
vt 0.722167969 0.907714844
vt 0.722167969 0.905273438
vt 0.715332031 0.905761719
vt 0.712890625 0.918457031
vt 0.719726562 0.91796875
vt 0.719726562 0.913085938
vt 0.712890625 0.912597656
vt 0.715332031 0.899902344
vt 0.722167969 0.900390625
vt 0.722167969 0.897460938
vt 0.715332031 0.896972656
vt 0.712890625 0.912597656
vt 0.719726562 0.913085938
vt 0.719726562 0.910644531
vt 0.713378906 0.909667969
vt 0.715332031 0.905761719
vt 0.722167969 0.905273438
vt 0.722167969 0.900390625
vt 0.715332031 0.899902344
vt 0.713378906 0.921386719
vt 0.719726562 0.920898438
vt 0.719726562 0.91796875
vt 0.712890625 0.918457031
vt 0.706054688 0.922851562
vt 0.712890625 0.922363281
vt 0.712890625 0.918945312
vt 0.706054688 0.919433594
vt 0.676269531 0.919921875
vt 0.683105469 0.919433594
vt 0.683105469 0.913574219
vt 0.676269531 0.913085938
vt 0.706054688 0.913085938
vt 0.712890625 0.913085938
vt 0.712890625 0.91015625
vt 0.706054688 0.909667969
vt 0.676269531 0.913085938
vt 0.683105469 0.913574219
vt 0.683105469 0.910644531
vt 0.676269531 0.91015625
vt 0.706054688 0.919433594
vt 0.712890625 0.918945312
vt 0.712890625 0.913085938
vt 0.706054688 0.913085938
vt 0.676269531 0.922851562
vt 0.683105469 0.922363281
vt 0.683105469 0.919433594
vt 0.676269531 0.919921875
vt 0.709472656 0.900390625
vt 0.712890625 0.900390625
vt 0.712890625 0.896972656
vt 0.708984375 0.896972656
vt 0.716796875 0.885742188
vt 0.712890625 0.885742188
vt 0.712890625 0.892089844
vt 0.716796875 0.892089844
vt 0.708984375 0.909667969
vt 0.712890625 0.909667969
vt 0.712890625 0.906738281
vt 0.709472656 0.906738281
vt 0.716796875 0.8828125
vt 0.712890625 0.8828125
vt 0.712890625 0.885742188
vt 0.716796875 0.885742188
vt 0.716796875 0.892089844
vt 0.712890625 0.892089844
vt 0.712890625 0.895507812
vt 0.716796875 0.895507812
vt 0.709472656 0.906738281
vt 0.712890625 0.906738281
vt 0.712890625 0.900390625
vt 0.709472656 0.900390625
vt 0.689453125 0.905273438
vt 0.689453125 0.901367188
vt 0.689453125 0.901367188
vt 0.689453125 0.905273438
vt 0.692871094 0.907226562
vt 0.692871094 0.907226562
vt 0.692871094 0.909667969
vt 0.692871094 0.907226562
vt 0.689453125 0.905273438
vt 0.687011719 0.906738281
vt 0.698242188 0.900390625
vt 0.695800781 0.901367188
vt 0.695800781 0.905273438
vt 0.698242188 0.906738281
vt 0.687011719 0.906738281
vt 0.689453125 0.905273438
vt 0.689453125 0.901367188
vt 0.687011719 0.900390625
vt 0.712890625 0.885742188
vt 0.710449219 0.887207031
vt 0.710449219 0.891113281
vt 0.712890625 0.892089844
vt 0.692871094 0.896972656
vt 0.692871094 0.899414062
vt 0.695800781 0.901367188
vt 0.698242188 0.900390625
vt 0.721679688 0.884765625
vt 0.719726562 0.883789062
vt 0.719726562 0.886230469
vt 0.721679688 0.88671875
vt 0.723144531 0.884765625
vt 0.723144531 0.88671875
vt 0.721679688 0.890625
vt 0.719726562 0.891113281
vt 0.719726562 0.893554688
vt 0.721679688 0.892578125
vt 0.723144531 0.890625
vt 0.723144531 0.892578125
vt 0.698242188 0.924804688
vt 0.700195312 0.924316406
vt 0.700195312 0.921875
vt 0.698242188 0.922851562
vt 0.696777344 0.924804688
vt 0.696777344 0.922851562
vt 0.698242188 0.930664062
vt 0.700195312 0.931640625
vt 0.700195312 0.929199219
vt 0.698242188 0.928710938
vt 0.696777344 0.930175781
vt 0.696777344 0.928222656
vt 0.683105469 0.915039062
vt 0.684082031 0.915039062
vt 0.686523438 0.911132812
vt 0.686035156 0.91015625
vt 0.683105469 0.925292969
vt 0.684082031 0.925292969
vt 0.686523438 0.921386719
vt 0.686035156 0.920410156
vt 0.686035156 0.920410156
vt 0.686523438 0.919433594
vt 0.684082031 0.915039062
vt 0.683105469 0.915039062
vt 0.686035156 0.930664062
vt 0.686523438 0.9296875
vt 0.684082031 0.925292969
vt 0.683105469 0.925292969
vt 0.535644531 0.918945312
vt 0.535644531 0.918945312
vt 0.538574219 0.920898438
vt 0.538574219 0.920898438
vt 0.710449219 0.887207031
vt 0.710449219 0.887207031
vt 0.710449219 0.891113281
vt 0.710449219 0.891113281
vt 0.692871094 0.899414062
vt 0.692871094 0.899414062
vt 0.695800781 0.901367188
vt 0.695800781 0.901367188
vt 0.695800781 0.905273438
vt 0.695800781 0.905273438
vt 0.715332031 0.905273438
vt 0.715332031 0.905273438
vt 0.715332031 0.901367188
vt 0.715332031 0.901367188
vt 0.532226562 0.920898438
vt 0.532226562 0.924804688
vt 0.535644531 0.926757812
vt 0.538574219 0.924804688
vt 0.535644531 0.918945312
vt 0.538574219 0.920898438
vt 0.558105469 0.924804688
vt 0.558105469 0.924804688
vt 0.558105469 0.920898438
vt 0.558105469 0.920898438
vt 0.535644531 0.926757812
vt 0.535644531 0.926757812
vt 0.532226562 0.924804688
vt 0.532226562 0.924804688
vt 0.538574219 0.920898438
vt 0.538574219 0.920898438
vt 0.538574219 0.924804688
vt 0.538574219 0.924804688
vt 0.532226562 0.924804688
vt 0.532226562 0.924804688
vt 0.532226562 0.920898438
vt 0.532226562 0.920898438
vt 0.553222656 0.906738281
vt 0.553222656 0.906738281
vt 0.553222656 0.910644531
vt 0.553222656 0.910644531
vt 0.553222656 0.906738281
vt 0.553222656 0.906738281
vt 0.553222656 0.910644531
vt 0.553222656 0.910644531
vt 0.532226562 0.924804688
vt 0.532226562 0.924804688
vt 0.532226562 0.920898438
vt 0.532226562 0.920898438
vt 0.538574219 0.920898438
vt 0.538574219 0.920898438
vt 0.538574219 0.924804688
vt 0.538574219 0.924804688
vt 0.535644531 0.926757812
vt 0.535644531 0.926757812
vt 0.532226562 0.924804688
vt 0.532226562 0.924804688
vt 0.558105469 0.924804688
vt 0.558105469 0.924804688
vt 0.558105469 0.920898438
vt 0.558105469 0.920898438
vt 0.535644531 0.918945312
vt 0.535644531 0.918945312
vt 0.538574219 0.920898438
vt 0.538574219 0.920898438
vt 0.5390625 0.929199219
vt 0.5390625 0.929199219
vt 0.545898438 0.9296875
vt 0.545898438 0.9296875
vt 0.545898438 0.9296875
vt 0.545898438 0.9296875
vt 0.545898438 0.935546875
vt 0.545898438 0.935546875
vt 0.545898438 0.935546875
vt 0.5390625 0.936035156
vt 0.5390625 0.936035156
vt 0.545898438 0.935546875
vt 0.5390625 0.936035156
vt 0.5390625 0.929199219
vt 0.5390625 0.929199219
vt 0.5390625 0.936035156
vt 0.545898438 0.9296875
vt 0.545898438 0.935546875
vt 0.545898438 0.935546875
vt 0.545898438 0.9296875
vt 0.5390625 0.929199219
vt 0.545898438 0.9296875
vt 0.545898438 0.9296875
vt 0.5390625 0.929199219
vt 0.545898438 0.935546875
vt 0.545898438 0.935546875
vt 0.5390625 0.936035156
vt 0.5390625 0.936035156
vt 0.5390625 0.936035156
vt 0.5390625 0.936035156
vt 0.5390625 0.929199219
vt 0.5390625 0.929199219
vt 0.516601562 0.961914062
vt 0.516601562 0.890136719
vt 0.505371094 0.890136719
vt 0.505371094 0.961914062
vt 0.543945312 0.961914062
vt 0.543945312 0.890136719
vt 0.538085938 0.890136719
vt 0.538085938 0.961914062
vt 0.538085938 0.961914062
vt 0.538085938 0.890136719
vt 0.52734375 0.890136719
vt 0.52734375 0.961914062
vt 0.521972656 0.961914062
vt 0.521972656 0.890136719
vt 0.516601562 0.890136719
vt 0.516601562 0.961914062
vt 0.505371094 0.961914062
vt 0.505371094 0.890136719
vt 0.5 0.890136719
vt 0.5 0.961914062
vt 0.52734375 0.961914062
vt 0.52734375 0.890136719
vt 0.521972656 0.890136719
vt 0.521972656 0.961914062
vt 0.696777344 0.89453125
vt 0.706542969 0.89453125
vt 0.706542969 0.890625
vt 0.696777344 0.890625
vt 0.697753906 0.920898438
vt 0.69140625 0.924316406
vt 0.69140625 0.931152344
vt 0.704589844 0.924316406
vt 0.697753906 0.935058594
vt 0.704589844 0.931152344
vt 0.696777344 0.904785156
vt 0.706542969 0.904785156
vt 0.706542969 0.897949219
vt 0.696777344 0.897949219
vt 0.696777344 0.883789062
vt 0.706542969 0.883789062
vt 0.706542969 0.880371094
vt 0.696777344 0.880371094
vt 0.696777344 0.890625
vt 0.706542969 0.890625
vt 0.706542969 0.883789062
vt 0.696777344 0.883789062
vt 0.696777344 0.897949219
vt 0.706542969 0.897949219
vt 0.706542969 0.89453125
vt 0.696777344 0.89453125
vt 0.696777344 0.908691406
vt 0.706542969 0.908691406
vt 0.706542969 0.904785156
vt 0.696777344 0.904785156
vt 0.678222656 0.938476562
vt 0.6875 0.938476562
vt 0.6875 0.935058594
vt 0.678222656 0.935058594
vt 0.684570312 0.935058594
vt 0.69140625 0.931152344
vt 0.69140625 0.924316406
vt 0.684570312 0.920898438
vt 0.678222656 0.931152344
vt 0.678222656 0.924316406
vt 0.6875 0.945800781
vt 0.696777344 0.945800781
vt 0.696777344 0.938476562
vt 0.6875 0.938476562
vt 0.678222656 0.94921875
vt 0.6875 0.94921875
vt 0.6875 0.945800781
vt 0.678222656 0.945800781
vt 0.678222656 0.945800781
vt 0.6875 0.945800781
vt 0.6875 0.938476562
vt 0.678222656 0.938476562
vt 0.6875 0.94921875
vt 0.696777344 0.94921875
vt 0.696777344 0.945800781
vt 0.6875 0.945800781
vt 0.6875 0.938476562
vt 0.696777344 0.938476562
vt 0.696777344 0.935058594
vt 0.6875 0.935058594
vt 0.5625 0.905273438
vt 0.553222656 0.907226562
vt 0.553222656 0.91015625
vt 0.559570312 0.903808594
vt 0.546386719 0.903808594
vt 0.5625 0.895019531
vt 0.543945312 0.905273438
vt 0.559570312 0.896484375
vt 0.546386719 0.896484375
vt 0.553222656 0.890136719
vt 0.543945312 0.895019531
vt 0.553222656 0.893066406
vt 0.543945312 0.915527344
vt 0.553222656 0.913085938
vt 0.553222656 0.91015625
vt 0.546386719 0.916992188
vt 0.559570312 0.916992188
vt 0.543945312 0.925292969
vt 0.5625 0.915527344
vt 0.546386719 0.923828125
vt 0.559570312 0.923828125
vt 0.553222656 0.930664062
vt 0.5625 0.925292969
vt 0.553222656 0.927734375
vt 0.545898438 0.9296875
vt 0.545898438 0.9296875
vt 0.545898438 0.935546875
vt 0.545898438 0.935546875
vt 0.5390625 0.929199219
vt 0.5390625 0.936035156
vt 0.5390625 0.929199219
vt 0.5390625 0.936035156
vt 0.555664062 0.948730469
vt 0.555175781 0.948242188
vt 0.552246094 0.950195312
vt 0.552246094 0.950683594
vt 0.555664062 0.944335938
vt 0.548828125 0.948242188
vt 0.555175781 0.944824219
vt 0.548828125 0.948730469
vt 0.552246094 0.942382812
vt 0.548828125 0.944824219
vt 0.552246094 0.942871094
vt 0.548828125 0.944335938
vt 0.529785156 0.919921875
vt 0.529296875 0.926269531
vt 0.529785156 0.926269531
vt 0.529296875 0.920410156
vt 0.524414062 0.929199219
vt 0.524414062 0.916503906
vt 0.524414062 0.9296875
vt 0.524414062 0.917480469
vt 0.51953125 0.926269531
vt 0.518554688 0.919921875
vt 0.518554688 0.926269531
vt 0.51953125 0.920410156
vt 0.529785156 0.937988281
vt 0.530273438 0.9375
vt 0.530273438 0.932617188
vt 0.529785156 0.932128906
vt 0.534667969 0.940917969
vt 0.534667969 0.930175781
vt 0.534667969 0.940429688
vt 0.534667969 0.9296875
vt 0.539550781 0.937988281
vt 0.5390625 0.932617188
vt 0.5390625 0.9375
vt 0.539550781 0.932128906
vt 0.551757812 0.919921875
vt 0.551269531 0.919921875
vt 0.551269531 0.92578125
vt 0.551757812 0.926269531
vt 0.546386719 0.916503906
vt 0.546386719 0.928710938
vt 0.546386719 0.917480469
vt 0.546386719 0.9296875
vt 0.541015625 0.919921875
vt 0.541503906 0.92578125
vt 0.541503906 0.919921875
vt 0.541015625 0.926269531
vt 0.537597656 0.942871094
vt 0.537109375 0.943359375
vt 0.537109375 0.947265625
vt 0.537597656 0.947265625
vt 0.533691406 0.940917969
vt 0.533691406 0.94921875
vt 0.533691406 0.94140625
vt 0.533691406 0.949707031
vt 0.529785156 0.942871094
vt 0.530273438 0.947265625
vt 0.530273438 0.943359375
vt 0.529785156 0.947265625
vt 0.544433594 0.940429688
vt 0.540039062 0.9375
vt 0.539550781 0.9375
vt 0.544433594 0.939941406
vt 0.540039062 0.932617188
vt 0.548828125 0.9375
vt 0.539550781 0.932128906
vt 0.548339844 0.9375
vt 0.544433594 0.930175781
vt 0.548828125 0.932128906
vt 0.544433594 0.9296875
vt 0.548339844 0.932617188
vt 0.524902344 0.90234375
vt 0.530273438 0.90625
vt 0.530761719 0.905761719
vt 0.524902344 0.902832031
vt 0.530273438 0.912597656
vt 0.518554688 0.905761719
vt 0.530761719 0.913085938
vt 0.51953125 0.90625
vt 0.524902344 0.916015625
vt 0.518554688 0.913085938
vt 0.524902344 0.916503906
vt 0.51953125 0.912597656
vt 0.54296875 0.911132812
vt 0.544921875 0.90625
vt 0.54296875 0.905273438
vt 0.544921875 0.91015625
vt 0.548339844 0.904785156
vt 0.548339844 0.9140625
vt 0.548339844 0.90234375
vt 0.548339844 0.911621094
vt 0.551269531 0.90625
vt 0.553222656 0.911132812
vt 0.553222656 0.905273438
vt 0.551269531 0.91015625
vt 0.530761719 0.913085938
vt 0.531738281 0.90625
vt 0.530761719 0.905761719
vt 0.531738281 0.912597656
vt 0.537109375 0.902832031
vt 0.537109375 0.916503906
vt 0.537109375 0.90234375
vt 0.537109375 0.916015625
vt 0.542480469 0.90625
vt 0.54296875 0.913085938
vt 0.54296875 0.905761719
vt 0.542480469 0.912597656
vn 0.869321 0.430265 -0.243214
vn 0.850492 0.441846 -0.285369
vn 0.869321 0.430265 -0.243214
vn 0.850492 0.441846 -0.285369
vn 0.733859 0.483381 -0.477277
vn 0.733859 0.483381 -0.477277
vn 0.606478 0.498806 -0.619174
vn 0.606478 0.498806 -0.619174
vn -0.088498 -0.430160 0.898404
vn -0.133409 -0.441848 0.887114
vn -0.088498 -0.430160 0.898404
vn -0.133409 -0.441848 0.887114
vn -0.342728 -0.483335 0.805558
vn -0.342728 -0.483335 0.805558
vn -0.504485 -0.498869 0.704716
vn -0.504485 -0.498869 0.704716
vn -0.000000 1.000000 -0.000000
vn -0.000000 1.000000 -0.000000
vn -0.000000 1.000000 -0.000000
vn -0.000000 1.000000 -0.000000
vn -0.556591 0.499955 0.663515
vn -0.556591 0.499955 0.663515
vn -0.556591 0.499955 0.663515
vn -0.556591 0.499955 0.663515
vn -0.121406 -0.987361 -0.101874
vn -0.121406 -0.987361 -0.101874
vn -0.121406 -0.987361 -0.101874
vn -0.121406 -0.987361 -0.101874
vn 0.428251 0.493685 -0.756886
vn 0.428251 0.493685 -0.756886
vn 0.428251 0.493685 -0.756886
vn 0.428251 0.493685 -0.756886
vn -0.670948 0.493689 0.553263
vn -0.670948 0.493689 0.553263
vn -0.670948 0.493689 0.553263
vn -0.670948 0.493689 0.553263
vn 0.428251 -0.493685 -0.756886
vn 0.428251 -0.493685 -0.756886
vn 0.428251 -0.493685 -0.756886
vn 0.428251 -0.493685 -0.756886
vn -0.670948 -0.493689 0.553263
vn -0.670948 -0.493689 0.553263
vn -0.670948 -0.493689 0.553263
vn -0.670948 -0.493689 0.553263
vn -0.121406 0.987361 -0.101874
vn -0.121406 0.987361 -0.101874
vn -0.121406 0.987361 -0.101874
vn -0.121406 0.987361 -0.101874
vn -0.556591 -0.499955 0.663515
vn -0.556591 -0.499955 0.663515
vn -0.556591 -0.499955 0.663515
vn -0.556591 -0.499955 0.663515
vn 0.556591 -0.499955 -0.663515
vn 0.556591 -0.499955 -0.663515
vn 0.556591 -0.499955 -0.663515
vn 0.556591 -0.499955 -0.663515
vn -0.556591 0.499955 0.663515
vn -0.556591 0.499955 0.663515
vn -0.556591 0.499955 0.663515
vn -0.556591 0.499955 0.663515
vn -0.000000 -1.000000 0.000000
vn -0.000000 -1.000000 0.000000
vn -0.000000 -1.000000 0.000000
vn -0.000000 -1.000000 0.000000
vn 0.556591 0.499955 -0.663515
vn 0.556591 0.499955 -0.663515
vn 0.556591 0.499955 -0.663515
vn 0.556591 0.499955 -0.663515
vn -0.163322 -0.977003 -0.137078
vn -0.163322 -0.977003 -0.137078
vn -0.163322 -0.977003 -0.137078
vn -0.163322 -0.977003 -0.137078
vn -0.766176 -0.000000 -0.642631
vn -0.766176 -0.000000 -0.642631
vn -0.766176 -0.000000 -0.642631
vn -0.766176 -0.000000 -0.642631
vn -0.766176 -0.000000 -0.642631
vn -0.766176 -0.000000 -0.642631
vn 0.380616 0.488527 -0.785158
vn 0.380616 0.488527 -0.785158
vn 0.380616 0.488527 -0.785158
vn 0.380616 0.488527 -0.785158
vn -0.707064 0.488548 0.511254
vn -0.707064 0.488548 0.511254
vn -0.707064 0.488548 0.511254
vn -0.707064 0.488548 0.511254
vn 0.380616 -0.488527 -0.785158
vn 0.380616 -0.488527 -0.785158
vn 0.380616 -0.488527 -0.785158
vn 0.380616 -0.488527 -0.785158
vn -0.163322 0.977003 -0.137078
vn -0.163322 0.977003 -0.137078
vn -0.163322 0.977003 -0.137078
vn -0.163322 0.977003 -0.137078
vn -0.707064 -0.488548 0.511254
vn -0.707064 -0.488548 0.511254
vn -0.707064 -0.488548 0.511254
vn -0.707064 -0.488548 0.511254
vn 0.923151 0.376632 -0.077072
vn 0.923151 0.376632 -0.077072
vn 0.923151 0.376632 -0.077072
vn 0.923151 0.376632 -0.077072
vn 0.556591 -0.499955 -0.663515
vn 0.556591 -0.499955 -0.663515
vn 0.556591 -0.499955 -0.663515
vn 0.556591 -0.499955 -0.663515
vn -0.556591 -0.499955 0.663515
vn -0.556591 -0.499955 0.663515
vn -0.556591 -0.499955 0.663515
vn -0.556591 -0.499955 0.663515
vn -0.000000 1.000000 -0.000000
vn -0.000000 1.000000 -0.000000
vn -0.000000 1.000000 -0.000000
vn -0.000000 1.000000 -0.000000
vn 0.556591 0.499955 -0.663515
vn 0.556591 0.499955 -0.663515
vn 0.556591 0.499955 -0.663515
vn 0.556591 0.499955 -0.663515
vn -0.000000 -1.000000 0.000000
vn -0.000000 -1.000000 0.000000
vn -0.000000 -1.000000 0.000000
vn -0.000000 -1.000000 0.000000
vn -0.121406 0.987361 -0.101874
vn -0.121406 0.987361 -0.101874
vn -0.121406 0.987361 -0.101874
vn -0.121406 0.987361 -0.101874
vn -0.670948 -0.493689 0.553263
vn -0.670948 -0.493689 0.553263
vn -0.670948 -0.493689 0.553263
vn -0.670948 -0.493689 0.553263
vn 0.428251 -0.493685 -0.756886
vn 0.428251 -0.493685 -0.756886
vn 0.428251 -0.493685 -0.756886
vn 0.428251 -0.493685 -0.756886
vn -0.670948 0.493689 0.553263
vn -0.670948 0.493689 0.553263
vn -0.670948 0.493689 0.553263
vn -0.670948 0.493689 0.553263
vn 0.428251 0.493685 -0.756886
vn 0.428251 0.493685 -0.756886
vn 0.428251 0.493685 -0.756886
vn 0.428251 0.493685 -0.756886
vn -0.121406 -0.987361 -0.101874
vn -0.121406 -0.987361 -0.101874
vn -0.121406 -0.987361 -0.101874
vn -0.121406 -0.987361 -0.101874
vn -0.054833 0.997435 -0.046015
vn -0.054833 0.997435 -0.046015
vn -0.054833 0.997435 -0.046015
vn -0.054833 0.997435 -0.046015
vn -0.609916 -0.498822 0.615775
vn -0.609916 -0.498822 0.615775
vn -0.609916 -0.498822 0.615775
vn -0.609916 -0.498822 0.615775
vn 0.500525 -0.498816 -0.707571
vn 0.500525 -0.498816 -0.707571
vn 0.500525 -0.498816 -0.707571
vn 0.500525 -0.498816 -0.707571
vn -0.609916 0.498822 0.615775
vn -0.609916 0.498822 0.615775
vn -0.609916 0.498822 0.615775
vn -0.609916 0.498822 0.615775
vn 0.500525 0.498816 -0.707571
vn 0.500525 0.498816 -0.707571
vn 0.500525 0.498816 -0.707571
vn 0.500525 0.498816 -0.707571
vn -0.054833 -0.997435 -0.046015
vn -0.054833 -0.997435 -0.046015
vn -0.054833 -0.997435 -0.046015
vn -0.054833 -0.997435 -0.046015
vn -0.097129 0.991929 -0.081501
vn -0.097129 0.991929 -0.081501
vn -0.097129 0.991929 -0.081501
vn -0.097129 0.991929 -0.081501
vn -0.649368 -0.495814 0.576619
vn -0.649368 -0.495814 0.576619
vn -0.649368 -0.495814 0.576619
vn -0.649368 -0.495814 0.576619
vn 0.455036 -0.495803 -0.739677
vn 0.455036 -0.495803 -0.739677
vn 0.455036 -0.495803 -0.739677
vn 0.455036 -0.495803 -0.739677
vn -0.649368 0.495814 0.576619
vn -0.649368 0.495814 0.576619
vn -0.649368 0.495814 0.576619
vn -0.649368 0.495814 0.576619
vn 0.455036 0.495803 -0.739677
vn 0.455036 0.495803 -0.739677
vn 0.455036 0.495803 -0.739677
vn 0.455036 0.495803 -0.739677
vn -0.097129 -0.991929 -0.081501
vn -0.097129 -0.991929 -0.081501
vn -0.097129 -0.991929 -0.081501
vn -0.097129 -0.991929 -0.081501
vn -0.067264 -0.996136 -0.056460
vn -0.067264 -0.996136 -0.056460
vn -0.067264 -0.996136 -0.056460
vn -0.067264 -0.996136 -0.056460
vn 0.487301 0.498043 -0.717280
vn 0.487301 0.498043 -0.717280
vn 0.487301 0.498043 -0.717280
vn 0.487301 0.498043 -0.717280
vn -0.621636 0.498090 0.604545
vn -0.621636 0.498090 0.604545
vn -0.621636 0.498090 0.604545
vn -0.621636 0.498090 0.604545
vn 0.487301 -0.498043 -0.717280
vn 0.487301 -0.498043 -0.717280
vn 0.487301 -0.498043 -0.717280
vn 0.487301 -0.498043 -0.717280
vn -0.621636 -0.498090 0.604545
vn -0.621636 -0.498090 0.604545
vn -0.621636 -0.498090 0.604545
vn -0.621636 -0.498090 0.604545
vn -0.067264 0.996136 -0.056460
vn -0.067264 0.996136 -0.056460
vn -0.067264 0.996136 -0.056460
vn -0.067264 0.996136 -0.056460
vn -0.051432 0.997743 -0.043160
vn -0.051432 0.997743 -0.043160
vn -0.051432 0.997743 -0.043160
vn -0.051432 0.997743 -0.043160
vn -0.606970 -0.498809 0.618689
vn -0.606970 -0.498809 0.618689
vn -0.606970 -0.498809 0.618689
vn -0.606970 -0.498809 0.618689
vn 0.503947 -0.498820 -0.705135
vn 0.503947 -0.498820 -0.705135
vn 0.503947 -0.498820 -0.705135
vn 0.503947 -0.498820 -0.705135
vn -0.606970 0.498809 0.618689
vn -0.606970 0.498809 0.618689
vn -0.606970 0.498809 0.618689
vn -0.606970 0.498809 0.618689
vn 0.503947 0.498820 -0.705135
vn 0.503947 0.498820 -0.705135
vn 0.503947 0.498820 -0.705135
vn 0.503947 0.498820 -0.705135
vn -0.051432 -0.997743 -0.043160
vn -0.051432 -0.997743 -0.043160
vn -0.051432 -0.997743 -0.043160
vn -0.051432 -0.997743 -0.043160
vn -0.000000 1.000000 -0.000000
vn -0.000000 1.000000 -0.000000
vn -0.000000 1.000000 -0.000000
vn -0.000000 1.000000 -0.000000
vn -0.556591 -0.499955 0.663515
vn -0.556591 -0.499955 0.663515
vn -0.556591 -0.499955 0.663515
vn -0.556591 -0.499955 0.663515
vn 0.556591 -0.499955 -0.663515
vn 0.556591 -0.499955 -0.663515
vn 0.556591 -0.499955 -0.663515
vn 0.556591 -0.499955 -0.663515
vn -0.556591 0.499955 0.663515
vn -0.556591 0.499955 0.663515
vn -0.556591 0.499955 0.663515
vn -0.556591 0.499955 0.663515
vn -0.000000 -1.000000 0.000000
vn -0.000000 -1.000000 0.000000
vn -0.000000 -1.000000 0.000000
vn -0.000000 -1.000000 0.000000
vn 0.556591 0.499955 -0.663515
vn 0.556591 0.499955 -0.663515
vn 0.556591 0.499955 -0.663515
vn 0.556591 0.499955 -0.663515
vn 0.766176 0.000000 0.642631
vn 0.766176 0.000000 0.642631
vn 0.766176 0.000000 0.642631
vn 0.766176 0.000000 0.642631
vn 0.766176 0.000000 0.642631
vn 0.766176 0.000000 0.642631
vn 0.503867 -0.753359 0.422574
vn 0.503867 -0.753359 0.422574
vn 0.503867 -0.753359 0.422574
vn 0.503867 -0.753359 0.422574
vn 0.084421 0.376749 0.922461
vn 0.084421 0.376749 0.922461
vn 0.084421 0.376749 0.922461
vn 0.084421 0.376749 0.922461
vn 0.923151 -0.376632 -0.077072
vn 0.923151 -0.376632 -0.077072
vn 0.923151 -0.376632 -0.077072
vn 0.923151 -0.376632 -0.077072
vn 0.084421 -0.376749 0.922461
vn 0.084421 -0.376749 0.922461
vn 0.084421 -0.376749 0.922461
vn 0.084421 -0.376749 0.922461
vn 0.503867 0.753359 0.422574
vn 0.503867 0.753359 0.422574
vn 0.503867 0.753359 0.422574
vn 0.503867 0.753359 0.422574
vn 0.195571 0.966867 0.164074
vn 0.358398 0.883788 0.300781
vn 0.358398 0.883788 0.300781
vn 0.195571 0.966867 0.164074
vn 0.050915 0.997790 0.042704
vn 0.050915 0.997790 0.042704
vn 0.733859 -0.483381 -0.477277
vn 0.850492 -0.441846 -0.285369
vn 0.850492 -0.441846 -0.285369
vn 0.733859 -0.483381 -0.477277
vn 0.606478 -0.498806 -0.619174
vn 0.606478 -0.498806 -0.619174
vn -0.342728 0.483335 0.805558
vn -0.133409 0.441848 0.887114
vn -0.133409 0.441848 0.887114
vn -0.342728 0.483335 0.805558
vn -0.504485 0.498869 0.704716
vn -0.504485 0.498869 0.704716
vn 0.195571 -0.966867 0.164074
vn 0.358398 -0.883788 0.300781
vn 0.358398 -0.883788 0.300781
vn 0.195571 -0.966867 0.164074
vn 0.050915 -0.997790 0.042704
vn 0.050915 -0.997790 0.042704
vn -0.088498 0.430160 0.898404
vn -0.133409 0.441848 0.887114
vn -0.133409 0.441848 0.887114
vn -0.088498 0.430160 0.898404
vn 0.869321 -0.430265 -0.243214
vn 0.850492 -0.441846 -0.285369
vn 0.850492 -0.441846 -0.285369
vn 0.869321 -0.430265 -0.243214
vn 0.390391 0.860374 0.327645
vn 0.358398 0.883788 0.300781
vn 0.358398 0.883788 0.300781
vn 0.390391 0.860374 0.327645
vn 0.390391 -0.860374 0.327645
vn 0.358398 -0.883788 0.300781
vn 0.358398 -0.883788 0.300781
vn 0.390391 -0.860374 0.327645
vn 0.299134 0.920600 0.251028
vn 0.299134 0.920600 0.251028
vn 0.299134 0.920600 0.251028
vn 0.299134 0.920600 0.251028
vn 0.766176 0.000000 0.642631
vn 0.766176 0.000000 0.642631
vn 0.766176 0.000000 0.642631
vn 0.766176 0.000000 0.642631
vn 0.766176 0.000000 0.642631
vn 0.766176 0.000000 0.642631
vn 0.766176 0.000000 0.642631
vn 0.766176 0.000000 0.642631
vn 0.766176 0.000000 0.642631
vn 0.766176 0.000000 0.642631
vn 0.766176 0.000000 0.642631
vn 0.766176 0.000000 0.642631
vn 0.766176 0.000000 0.642631
vn 0.766176 0.000000 0.642631
vn 0.766176 0.000000 0.642631
vn 0.766176 0.000000 0.642631
vn 0.766176 0.000000 0.642631
vn 0.766176 0.000000 0.642631
vn 0.766176 0.000000 0.642631
vn 0.766176 0.000000 0.642631
vn 0.811651 0.460278 -0.359676
vn 0.811651 0.460278 -0.359676
vn 0.811651 0.460278 -0.359676
vn 0.811651 0.460278 -0.359676
vn 0.299134 -0.920600 0.251028
vn 0.299134 -0.920600 0.251028
vn 0.299134 -0.920600 0.251028
vn 0.299134 -0.920600 0.251028
vn -0.213257 0.460206 0.861819
vn -0.213257 0.460206 0.861819
vn -0.213257 0.460206 0.861819
vn -0.213257 0.460206 0.861819
vn 0.811651 -0.460278 -0.359676
vn 0.811651 -0.460278 -0.359676
vn 0.811651 -0.460278 -0.359676
vn 0.811651 -0.460278 -0.359676
vn -0.213257 -0.460206 0.861819
vn -0.213257 -0.460206 0.861819
vn -0.213257 -0.460206 0.861819
vn -0.213257 -0.460206 0.861819
vn -0.811651 -0.460278 0.359676
vn -0.811651 -0.460278 0.359676
vn -0.811651 -0.460278 0.359676
vn -0.811651 -0.460278 0.359676
vn 0.213257 -0.460206 -0.861819
vn 0.213257 -0.460206 -0.861819
vn 0.213257 -0.460206 -0.861819
vn 0.213257 -0.460206 -0.861819
vn -0.811651 0.460278 0.359676
vn -0.811651 0.460278 0.359676
vn -0.811651 0.460278 0.359676
vn -0.811651 0.460278 0.359676
vn -0.299134 -0.920600 -0.251028
vn -0.299134 -0.920600 -0.251028
vn -0.299134 -0.920600 -0.251028
vn -0.299134 -0.920600 -0.251028
vn 0.213257 0.460206 -0.861819
vn 0.213257 0.460206 -0.861819
vn 0.213257 0.460206 -0.861819
vn 0.213257 0.460206 -0.861819
vn -0.299134 0.920600 -0.251028
vn -0.299134 0.920600 -0.251028
vn -0.299134 0.920600 -0.251028
vn -0.299134 0.920600 -0.251028
vn -0.310589 0.866328 0.391166
vn -0.310589 0.866328 0.391166
vn -0.310589 0.866328 0.391166
vn -0.310589 0.866328 0.391166
vn 0.801770 0.033570 0.596689
vn 0.801770 0.033570 0.596689
vn 0.801770 0.033570 0.596689
vn 0.801770 0.033570 0.596689
vn -0.335704 0.865261 0.372326
vn -0.335704 0.865261 0.372326
vn -0.335704 0.865261 0.372326
vn -0.335704 0.865261 0.372326
vn 0.801770 0.033570 0.596689
vn 0.801770 0.033570 0.596689
vn 0.801770 0.033570 0.596689
vn 0.801770 0.033570 0.596689
vn -0.801770 -0.033570 -0.596689
vn -0.801770 -0.033570 -0.596689
vn -0.801770 -0.033570 -0.596689
vn -0.801770 -0.033570 -0.596689
vn 0.306849 -0.866599 -0.393509
vn 0.306849 -0.866599 -0.393509
vn 0.306849 -0.866599 -0.393509
vn 0.306849 -0.866599 -0.393509
vn 0.332191 -0.865503 -0.374905
vn 0.332191 -0.865503 -0.374905
vn 0.332191 -0.865503 -0.374905
vn 0.332191 -0.865503 -0.374905
vn -0.801770 -0.033570 -0.596689
vn -0.801770 -0.033570 -0.596689
vn -0.801770 -0.033570 -0.596689
vn -0.801770 -0.033570 -0.596689
vn -0.502906 -0.433085 -0.748012
vn -0.502906 -0.433085 -0.748012
vn -0.502906 -0.433085 -0.748012
vn -0.502906 -0.433085 -0.748012
vn 0.824090 -0.433038 0.365177
vn 0.824090 -0.433038 0.365177
vn 0.824090 -0.433038 0.365177
vn 0.824090 -0.433038 0.365177
vn 0.502906 0.433085 0.748012
vn 0.502906 0.433085 0.748012
vn 0.502906 0.433085 0.748012
vn 0.502906 0.433085 0.748012
vn -0.824090 0.433038 -0.365177
vn -0.824090 0.433038 -0.365177
vn -0.824090 0.433038 -0.365177
vn -0.824090 0.433038 -0.365177
vn 0.321244 -0.866090 -0.383003
vn 0.321244 -0.866090 -0.383003
vn 0.321244 -0.866090 -0.383003
vn 0.321244 -0.866090 -0.383003
vn -0.321244 0.866090 0.383003
vn -0.321244 0.866090 0.383003
vn -0.321244 0.866090 0.383003
vn -0.321244 0.866090 0.383003
vn -0.321244 0.866090 0.383003
vn -0.321244 0.866090 0.383003
vn -0.321244 0.866090 0.383003
vn -0.321244 0.866090 0.383003
vn 0.556591 0.499955 -0.663515
vn 0.556591 0.499955 -0.663515
vn 0.556591 0.499955 -0.663515
vn 0.556591 0.499955 -0.663515
vn 0.556591 0.499955 -0.663515
vn 0.556591 0.499955 -0.663515
vn -0.502906 -0.433085 -0.748012
vn -0.502906 -0.433085 -0.748012
vn -0.502906 -0.433085 -0.748012
vn -0.502906 -0.433085 -0.748012
vn 0.824090 -0.433038 0.365177
vn 0.824090 -0.433038 0.365177
vn 0.824090 -0.433038 0.365177
vn 0.824090 -0.433038 0.365177
vn 0.502906 0.433085 0.748012
vn 0.502906 0.433085 0.748012
vn 0.502906 0.433085 0.748012
vn 0.502906 0.433085 0.748012
vn -0.824090 0.433038 -0.365177
vn -0.824090 0.433038 -0.365177
vn -0.824090 0.433038 -0.365177
vn -0.824090 0.433038 -0.365177
vn 0.321244 -0.866090 -0.383003
vn 0.321244 -0.866090 -0.383003
vn 0.321244 -0.866090 -0.383003
vn 0.321244 -0.866090 -0.383003
vn -0.321244 0.866090 0.383003
vn -0.321244 0.866090 0.383003
vn -0.321244 0.866090 0.383003
vn -0.321244 0.866090 0.383003
vn -0.556591 -0.499955 0.663515
vn -0.556591 -0.499955 0.663515
vn -0.556591 -0.499955 0.663515
vn -0.556591 -0.499955 0.663515
vn -0.556591 -0.499955 0.663515
vn -0.556591 -0.499955 0.663515
vn -0.502906 -0.433085 -0.748012
vn -0.502906 -0.433085 -0.748012
vn -0.502906 -0.433085 -0.748012
vn -0.502906 -0.433085 -0.748012
vn 0.824090 -0.433038 0.365177
vn 0.824090 -0.433038 0.365177
vn 0.824090 -0.433038 0.365177
vn 0.824090 -0.433038 0.365177
vn 0.502906 0.433085 0.748012
vn 0.502906 0.433085 0.748012
vn 0.502906 0.433085 0.748012
vn 0.502906 0.433085 0.748012
vn -0.824090 0.433038 -0.365177
vn -0.824090 0.433038 -0.365177
vn -0.824090 0.433038 -0.365177
vn -0.824090 0.433038 -0.365177
vn 0.321244 -0.866090 -0.383003
vn 0.321244 -0.866090 -0.383003
vn 0.321244 -0.866090 -0.383003
vn 0.321244 -0.866090 -0.383003
vn -0.556591 -0.499955 0.663515
vn -0.556591 -0.499955 0.663515
vn -0.556591 -0.499955 0.663515
vn -0.556591 -0.499955 0.663515
vn -0.556591 -0.499955 0.663515
vn -0.556591 -0.499955 0.663515
vn -0.556591 -0.499955 0.663515
vn -0.556591 -0.499955 0.663515
vn -0.556591 -0.499955 0.663515
vn -0.556591 -0.499955 0.663515
vn -0.556591 -0.499955 0.663515
vn -0.556591 -0.499955 0.663515
vn 0.556591 0.499955 -0.663515
vn 0.556591 0.499955 -0.663515
vn 0.556591 0.499955 -0.663515
vn 0.556591 0.499955 -0.663515
vn 0.556591 0.499955 -0.663515
vn 0.556591 0.499955 -0.663515
vn 0.556591 0.499955 -0.663515
vn 0.556591 0.499955 -0.663515
vn 0.556591 0.499955 -0.663515
vn 0.556591 0.499955 -0.663515
vn 0.556591 0.499955 -0.663515
vn 0.556591 0.499955 -0.663515
vn 0.503947 0.498820 -0.705135
vn 0.503947 0.498820 -0.705135
vn 0.503947 0.498820 -0.705135
vn 0.503947 0.498820 -0.705135
vn 0.503947 0.498820 -0.705135
vn 0.503947 0.498820 -0.705135
vn 0.503947 0.498820 -0.705135
vn 0.503947 0.498820 -0.705135
vn -0.766176 -0.000000 -0.642631
vn -0.766176 -0.000000 -0.642631
vn -0.766176 -0.000000 -0.642631
vn -0.766176 -0.000000 -0.642631
vn -0.766176 -0.000000 -0.642631
vn -0.766176 -0.000000 -0.642631
vn -0.766176 -0.000000 -0.642631
vn -0.766176 -0.000000 -0.642631
vn -0.766176 -0.000000 -0.642631
vn -0.766176 -0.000000 -0.642631
vn -0.766176 -0.000000 -0.642631
vn -0.766176 -0.000000 -0.642631
vn 0.766176 0.000000 0.642631
vn 0.766176 0.000000 0.642631
vn 0.766176 0.000000 0.642631
vn 0.766176 0.000000 0.642631
vn 0.766176 0.000000 0.642631
vn 0.766176 0.000000 0.642631
vn 0.766176 0.000000 0.642631
vn 0.766176 0.000000 0.642631
vn 0.766176 0.000000 0.642631
vn 0.766176 0.000000 0.642631
vn 0.766176 0.000000 0.642631
vn 0.766176 0.000000 0.642631
vn 0.766176 0.000000 0.642631
vn 0.766176 0.000000 0.642631
vn 0.766176 0.000000 0.642631
vn 0.766176 0.000000 0.642631
vn 0.766176 0.000000 0.642631
vn 0.766176 0.000000 0.642631
vn 0.766176 0.000000 0.642631
vn 0.766176 0.000000 0.642631
vn 0.766176 0.000000 0.642631
vn 0.766176 0.000000 0.642631
vn 0.766176 0.000000 0.642631
vn 0.766176 0.000000 0.642631
vn -0.766176 -0.000000 -0.642631
vn -0.766176 -0.000000 -0.642631
vn -0.766176 -0.000000 -0.642631
vn -0.766176 -0.000000 -0.642631
vn -0.766176 -0.000000 -0.642631
vn -0.766176 -0.000000 -0.642631
vn -0.766176 -0.000000 -0.642631
vn -0.766176 -0.000000 -0.642631
vn -0.766176 -0.000000 -0.642631
vn -0.766176 -0.000000 -0.642631
vn -0.766176 -0.000000 -0.642631
vn -0.766176 -0.000000 -0.642631
vn 0.766176 0.000000 0.642631
vn 0.766176 0.000000 0.642631
vn 0.766176 0.000000 0.642631
vn 0.766176 0.000000 0.642631
vn 0.766176 0.000000 0.642631
vn 0.766176 0.000000 0.642631
vn 0.766176 0.000000 0.642631
vn 0.766176 0.000000 0.642631
vn 0.766176 0.000000 0.642631
vn 0.766176 0.000000 0.642631
vn 0.766176 0.000000 0.642631
vn 0.766176 0.000000 0.642631
vn -0.766176 -0.000000 -0.642631
vn -0.766176 -0.000000 -0.642631
vn -0.766176 -0.000000 -0.642631
vn -0.766176 -0.000000 -0.642631
vn -0.766176 -0.000000 -0.642631
vn -0.766176 -0.000000 -0.642631
vn -0.766176 -0.000000 -0.642631
vn -0.766176 -0.000000 -0.642631
vn -0.766176 -0.000000 -0.642631
vn -0.766176 -0.000000 -0.642631
vn -0.766176 -0.000000 -0.642631
vn -0.766176 -0.000000 -0.642631
vn 0.766176 0.000000 0.642631
vn 0.766176 0.000000 0.642631
vn 0.766176 0.000000 0.642631
vn 0.766176 0.000000 0.642631
vn 0.766176 0.000000 0.642631
vn 0.766176 0.000000 0.642631
vn 0.766176 0.000000 0.642631
vn 0.766176 0.000000 0.642631
vn 0.766176 0.000000 0.642631
vn 0.766176 0.000000 0.642631
vn 0.766176 0.000000 0.642631
vn 0.766176 0.000000 0.642631
vn -0.766176 -0.000000 -0.642631
vn -0.766176 -0.000000 -0.642631
vn -0.766176 -0.000000 -0.642631
vn -0.766176 -0.000000 -0.642631
vn -0.766176 -0.000000 -0.642631
vn -0.766176 -0.000000 -0.642631
vn -0.766176 -0.000000 -0.642631
vn -0.766176 -0.000000 -0.642631
vn -0.766176 -0.000000 -0.642631
vn -0.766176 -0.000000 -0.642631
vn -0.766176 -0.000000 -0.642631
vn -0.766176 -0.000000 -0.642631
vn -0.766176 -0.000000 -0.642631
vn -0.766176 -0.000000 -0.642631
vn -0.766176 -0.000000 -0.642631
vn -0.766176 -0.000000 -0.642631
vn -0.766176 -0.000000 -0.642631
vn -0.766176 -0.000000 -0.642631
vn -0.766176 -0.000000 -0.642631
vn -0.766176 -0.000000 -0.642631
vn -0.766176 -0.000000 -0.642631
vn -0.766176 -0.000000 -0.642631
vn -0.766176 -0.000000 -0.642631
vn -0.766176 -0.000000 -0.642631
f 1/1/1 2/2/2 3/3/3
f 1/1/1 4/4/4 2/2/2
f 5/5/5 2/2/2 4/4/4
f 5/5/5 4/4/4 6/6/6
f 7/7/7 5/5/5 6/6/6
f 7/7/7 6/6/6 8/8/8
f 9/9/9 10/10/10 11/11/11
f 9/9/9 12/12/12 10/10/10
f 13/13/13 10/10/10 12/12/12
f 13/13/13 12/12/12 14/14/14
f 15/15/15 13/13/13 14/14/14
f 15/15/15 14/14/14 16/16/16
f 17/17/17 18/18/18 19/19/19
f 17/17/17 19/19/19 20/20/20
f 21/21/21 22/22/22 23/23/23
f 21/21/21 23/23/23 24/24/24
f 25/25/25 26/26/26 27/27/27
f 25/25/25 27/27/27 28/28/28
f 29/29/29 30/30/30 31/31/31
f 29/29/29 31/31/31 32/32/32
f 33/33/33 34/34/34 35/35/35
f 33/33/33 35/35/35 36/36/36
f 37/37/37 38/38/38 39/39/39
f 37/37/37 39/39/39 40/40/40
f 41/41/41 42/42/42 43/43/43
f 41/41/41 43/43/43 44/44/44
f 45/45/45 46/46/46 47/47/47
f 45/45/45 47/47/47 48/48/48
f 49/49/49 50/50/50 51/51/51
f 49/49/49 51/51/51 52/52/52
f 53/53/53 54/54/54 55/55/55
f 53/53/53 55/55/55 56/56/56
f 57/57/57 58/58/58 59/59/59
f 57/57/57 59/59/59 60/60/60
f 61/61/61 62/62/62 63/63/63
f 61/61/61 63/63/63 64/64/64
f 65/65/65 66/66/66 67/67/67
f 65/65/65 67/67/67 68/68/68
f 69/69/69 70/70/70 71/71/71
f 69/69/69 71/71/71 72/72/72
f 73/73/73 74/74/74 75/75/75
f 75/75/75 76/76/76 73/73/73
f 76/76/76 77/77/77 73/73/73
f 76/76/76 78/78/78 77/77/77
f 79/79/79 80/80/80 81/81/81
f 79/79/79 81/81/81 82/82/82
f 83/83/83 84/84/84 85/85/85
f 83/83/83 85/85/85 86/86/86
f 87/87/87 88/88/88 89/89/89
f 87/87/87 89/89/89 90/90/90
f 91/91/91 92/92/92 93/93/93
f 91/91/91 93/93/93 94/94/94
f 95/95/95 96/96/96 97/97/97
f 95/95/95 97/97/97 98/98/98
f 99/99/99 100/100/100 101/101/101
f 99/99/99 101/101/101 102/102/102
f 103/103/103 104/104/104 105/105/105
f 103/103/103 105/105/105 106/106/106
f 107/107/107 108/108/108 109/109/109
f 107/107/107 109/109/109 110/110/110
f 111/111/111 112/112/112 113/113/113
f 111/111/111 113/113/113 114/114/114
f 115/115/115 116/116/116 117/117/117
f 115/115/115 117/117/117 118/118/118
f 119/119/119 120/120/120 121/121/121
f 119/119/119 121/121/121 122/122/122
f 123/123/123 124/124/124 125/125/125
f 123/123/123 125/125/125 126/126/126
f 127/127/127 128/128/128 129/129/129
f 127/127/127 129/129/129 130/130/130
f 131/131/131 132/132/132 133/133/133
f 131/131/131 133/133/133 134/134/134
f 135/135/135 136/136/136 137/137/137
f 135/135/135 137/137/137 138/138/138
f 139/139/139 140/140/140 141/141/141
f 139/139/139 141/141/141 142/142/142
f 143/143/143 144/144/144 145/145/145
f 143/143/143 145/145/145 146/146/146
f 147/147/147 148/148/148 149/149/149
f 147/147/147 149/149/149 150/150/150
f 151/151/151 152/152/152 153/153/153
f 151/151/151 153/153/153 154/154/154
f 155/155/155 156/156/156 157/157/157
f 155/155/155 157/157/157 158/158/158
f 159/159/159 160/160/160 161/161/161
f 159/159/159 161/161/161 162/162/162
f 163/163/163 164/164/164 165/165/165
f 163/163/163 165/165/165 166/166/166
f 167/167/167 168/168/168 169/169/169
f 167/167/167 169/169/169 170/170/170
f 171/171/171 172/172/172 173/173/173
f 171/171/171 173/173/173 174/174/174
f 175/175/175 176/176/176 177/177/177
f 175/175/175 177/177/177 178/178/178
f 179/179/179 180/180/180 181/181/181
f 179/179/179 181/181/181 182/182/182
f 183/183/183 184/184/184 185/185/185
f 183/183/183 185/185/185 186/186/186
f 187/187/187 188/188/188 189/189/189
f 187/187/187 189/189/189 190/190/190
f 191/191/191 192/192/192 193/193/193
f 191/191/191 193/193/193 194/194/194
f 195/195/195 196/196/196 197/197/197
f 195/195/195 197/197/197 198/198/198
f 199/199/199 200/200/200 201/201/201
f 199/199/199 201/201/201 202/202/202
f 203/203/203 204/204/204 205/205/205
f 203/203/203 205/205/205 206/206/206
f 207/207/207 208/208/208 209/209/209
f 207/207/207 209/209/209 210/210/210
f 211/211/211 212/212/212 213/213/213
f 211/211/211 213/213/213 214/214/214
f 215/215/215 216/216/216 217/217/217
f 215/215/215 217/217/217 218/218/218
f 219/219/219 220/220/220 221/221/221
f 219/219/219 221/221/221 222/222/222
f 223/223/223 224/224/224 225/225/225
f 223/223/223 225/225/225 226/226/226
f 227/227/227 228/228/228 229/229/229
f 227/227/227 229/229/229 230/230/230
f 231/231/231 232/232/232 233/233/233
f 231/231/231 233/233/233 234/234/234
f 235/235/235 236/236/236 237/237/237
f 235/235/235 237/237/237 238/238/238
f 239/239/239 240/240/240 241/241/241
f 239/239/239 241/241/241 242/242/242
f 243/243/243 244/244/244 245/245/245
f 243/243/243 245/245/245 246/246/246
f 247/247/247 248/248/248 249/249/249
f 247/247/247 249/249/249 250/250/250
f 251/251/251 252/252/252 253/253/253
f 251/251/251 253/253/253 254/254/254
f 255/255/255 256/256/256 257/257/257
f 255/255/255 257/257/257 258/258/258
f 259/259/259 260/260/260 261/261/261
f 259/259/259 261/261/261 262/262/262
f 263/263/263 264/264/264 265/265/265
f 263/263/263 265/265/265 266/266/266
f 267/267/267 268/268/268 269/269/269
f 267/267/267 270/270/270 268/268/268
f 271/271/271 270/270/270 267/267/267
f 271/271/271 272/272/272 270/270/270
f 273/273/273 274/274/274 275/275/275
f 273/273/273 275/275/275 276/276/276
f 277/277/277 278/278/278 279/279/279
f 277/277/277 279/279/279 280/280/280
f 281/281/281 282/282/282 283/283/283
f 281/281/281 283/283/283 284/284/284
f 285/285/285 286/286/286 287/287/287
f 285/285/285 287/287/287 288/288/288
f 289/289/289 290/290/290 291/291/291
f 289/289/289 291/291/291 292/292/292
f 293/293/293 294/294/294 295/295/295
f 293/293/293 295/295/295 296/296/296
f 297/297/297 293/293/293 296/296/296
f 297/297/297 296/296/296 298/298/298
f 299/299/299 300/300/300 301/301/301
f 299/299/299 301/301/301 302/302/302
f 303/303/303 299/299/299 302/302/302
f 303/303/303 302/302/302 304/304/304
f 305/305/305 306/306/306 307/307/307
f 305/305/305 307/307/307 308/308/308
f 309/309/309 305/305/305 308/308/308
f 309/309/309 308/308/308 310/310/310
f 311/311/311 312/312/312 313/313/313
f 311/311/311 313/313/313 314/314/314
f 315/315/315 311/311/311 314/314/314
f 315/315/315 314/314/314 316/316/316
f 317/317/317 318/318/318 319/319/319
f 317/317/317 319/319/319 320/320/320
f 321/321/321 322/322/322 323/323/323
f 321/321/321 323/323/323 324/324/324
f 325/325/325 326/326/326 327/327/327
f 325/325/325 327/327/327 328/328/328
f 329/329/329 330/330/330 331/331/331
f 329/329/329 331/331/331 332/332/332
f 333/333/333 334/334/334 335/335/335
f 333/333/333 335/335/335 336/336/336
f 337/337/337 338/338/338 339/339/339
f 337/337/337 339/339/339 340/340/340
f 341/341/341 342/342/342 343/343/343
f 341/341/341 343/343/343 344/344/344
f 344/344/344 343/343/343 345/345/345
f 344/344/344 345/345/345 346/346/346
f 347/347/347 348/348/348 349/349/349
f 347/347/347 349/349/349 350/350/350
f 351/351/351 352/352/352 353/353/353
f 353/353/353 354/354/354 351/351/351
f 354/354/354 355/355/355 351/351/351
f 354/354/354 356/356/356 355/355/355
f 357/357/357 358/358/358 359/359/359
f 357/357/357 359/359/359 360/360/360
f 361/361/361 362/362/362 363/363/363
f 361/361/361 363/363/363 364/364/364
f 365/365/365 366/366/366 367/367/367
f 365/365/365 367/367/367 368/368/368
f 369/369/369 370/370/370 371/371/371
f 369/369/369 371/371/371 372/372/372
f 373/373/373 374/374/374 375/375/375
f 373/373/373 375/375/375 376/376/376
f 377/377/377 378/378/378 379/379/379
f 377/377/377 379/379/379 380/380/380
f 381/381/381 382/382/382 383/383/383
f 381/381/381 383/383/383 384/384/384
f 385/385/385 386/386/386 387/387/387
f 385/385/385 387/387/387 388/388/388
f 389/389/389 390/390/390 391/391/391
f 389/389/389 391/391/391 392/392/392
f 393/393/393 394/394/394 395/395/395
f 393/393/393 395/395/395 396/396/396
f 397/397/397 398/398/398 399/399/399
f 397/397/397 399/399/399 400/400/400
f 401/401/401 402/402/402 403/403/403
f 401/401/401 403/403/403 404/404/404
f 405/405/405 406/406/406 407/407/407
f 405/405/405 407/407/407 408/408/408
f 409/409/409 410/410/410 411/411/411
f 409/409/409 411/411/411 412/412/412
f 413/413/413 414/414/414 415/415/415
f 413/413/413 415/415/415 416/416/416
f 417/417/417 418/418/418 419/419/419
f 417/417/417 419/419/419 420/420/420
f 421/421/421 422/422/422 423/423/423
f 421/421/421 423/423/423 424/424/424
f 425/425/425 426/426/426 427/427/427
f 425/425/425 427/427/427 428/428/428
f 429/429/429 430/430/430 431/431/431
f 429/429/429 431/431/431 432/432/432
f 433/433/433 434/434/434 435/435/435
f 433/433/433 435/435/435 436/436/436
f 437/437/437 438/438/438 439/439/439
f 437/437/437 439/439/439 440/440/440
f 441/441/441 442/442/442 443/443/443
f 441/441/441 443/443/443 444/444/444
f 445/445/445 446/446/446 447/447/447
f 445/445/445 447/447/447 448/448/448
f 449/449/449 450/450/450 451/451/451
f 449/449/449 451/451/451 452/452/452
f 453/453/453 454/454/454 455/455/455
f 453/453/453 455/455/455 456/456/456
f 457/457/457 458/458/458 459/459/459
f 457/457/457 459/459/459 460/460/460
f 461/461/461 462/462/462 463/463/463
f 463/463/463 464/464/464 461/461/461
f 463/463/463 465/465/465 464/464/464
f 465/465/465 466/466/466 464/464/464
f 467/467/467 468/468/468 469/469/469
f 467/467/467 469/469/469 470/470/470
f 471/471/471 472/472/472 473/473/473
f 471/471/471 473/473/473 474/474/474
f 475/475/475 476/476/476 477/477/477
f 475/475/475 477/477/477 478/478/478
f 479/479/479 480/480/480 481/481/481
f 479/479/479 481/481/481 482/482/482
f 483/483/483 484/484/484 485/485/485
f 483/483/483 485/485/485 486/486/486
f 487/487/487 488/488/488 489/489/489
f 487/487/487 489/489/489 490/490/490
f 491/491/491 492/492/492 493/493/493
f 493/493/493 494/494/494 491/491/491
f 494/494/494 495/495/495 491/491/491
f 494/494/494 496/496/496 495/495/495
f 497/497/497 498/498/498 499/499/499
f 497/497/497 499/499/499 500/500/500
f 501/501/501 502/502/502 503/503/503
f 501/501/501 503/503/503 504/504/504
f 505/505/505 506/506/506 507/507/507
f 505/505/505 507/507/507 508/508/508
f 509/509/509 510/510/510 511/511/511
f 509/509/509 511/511/511 512/512/512
f 513/513/513 514/514/514 515/515/515
f 513/513/513 515/515/515 516/516/516
f 517/517/517 518/518/518 519/519/519
f 517/517/517 520/520/520 518/518/518
f 519/519/519 518/518/518 521/521/521
f 522/522/522 520/520/520 517/517/517
f 519/519/519 521/521/521 523/523/523
f 522/522/522 524/524/524 520/520/520
f 523/523/523 521/521/521 525/525/525
f 526/526/526 524/524/524 522/522/522
f 523/523/523 525/525/525 527/527/527
f 526/526/526 528/528/528 524/524/524
f 527/527/527 525/525/525 528/528/528
f 527/527/527 528/528/528 526/526/526
f 529/529/529 530/530/530 531/531/531
f 529/529/529 532/532/532 530/530/530
f 531/531/531 530/530/530 533/533/533
f 534/534/534 532/532/532 529/529/529
f 531/531/531 533/533/533 535/535/535
f 534/534/534 536/536/536 532/532/532
f 535/535/535 533/533/533 537/537/537
f 538/538/538 536/536/536 534/534/534
f 535/535/535 537/537/537 539/539/539
f 538/538/538 540/540/540 536/536/536
f 539/539/539 537/537/537 540/540/540
f 539/539/539 540/540/540 538/538/538
f 541/541/541 542/542/542 543/543/543
f 541/541/541 543/543/543 544/544/544
f 545/545/545 542/542/542 541/541/541
f 544/544/544 543/543/543 546/546/546
f 545/545/545 547/547/547 542/542/542
f 544/544/544 546/546/546 548/548/548
f 548/548/548 547/547/547 545/545/545
f 548/548/548 546/546/546 547/547/547
f 549/549/549 550/550/550 551/551/551
f 549/549/549 551/551/551 552/552/552
f 553/553/553 550/550/550 549/549/549
f 552/552/552 551/551/551 554/554/554
f 553/553/553 555/555/555 550/550/550
f 552/552/552 554/554/554 556/556/556
f 557/557/557 555/555/555 553/553/553
f 556/556/556 554/554/554 558/558/558
f 557/557/557 559/559/559 555/555/555
f 556/556/556 558/558/558 560/560/560
f 560/560/560 559/559/559 557/557/557
f 560/560/560 558/558/558 559/559/559
f 561/561/561 562/562/562 563/563/563
f 561/561/561 564/564/564 562/562/562
f 563/563/563 562/562/562 565/565/565
f 566/566/566 564/564/564 561/561/561
f 563/563/563 565/565/565 567/567/567
f 566/566/566 568/568/568 564/564/564
f 567/567/567 565/565/565 569/569/569
f 570/570/570 568/568/568 566/566/566
f 567/567/567 569/569/569 571/571/571
f 570/570/570 572/572/572 568/568/568
f 571/571/571 569/569/569 572/572/572
f 571/571/571 572/572/572 570/570/570
f 573/573/573 574/574/574 575/575/575
f 573/573/573 575/575/575 576/576/576
f 577/577/577 574/574/574 573/573/573
f 576/576/576 575/575/575 578/578/578
f 577/577/577 579/579/579 574/574/574
f 576/576/576 578/578/578 580/580/580
f 581/581/581 579/579/579 577/577/577
f 580/580/580 578/578/578 582/582/582
f 581/581/581 583/583/583 579/579/579
f 580/580/580 582/582/582 584/584/584
f 584/584/584 583/583/583 581/581/581
f 584/584/584 582/582/582 583/583/583
f 585/585/585 586/586/586 587/587/587
f 585/585/585 587/587/587 588/588/588
f 589/589/589 586/586/586 585/585/585
f 588/588/588 587/587/587 590/590/590
f 589/589/589 591/591/591 586/586/586
f 588/588/588 590/590/590 592/592/592
f 593/593/593 591/591/591 589/589/589
f 592/592/592 590/590/590 594/594/594
f 593/593/593 595/595/595 591/591/591
f 592/592/592 594/594/594 596/596/596
f 596/596/596 595/595/595 593/593/593
f 596/596/596 594/594/594 595/595/595
f 597/597/597 598/598/598 599/599/599
f 597/597/597 599/599/599 600/600/600
f 601/601/601 598/598/598 597/597/597
f 600/600/600 599/599/599 602/602/602
f 601/601/601 603/603/603 598/598/598
f 600/600/600 602/602/602 604/604/604
f 605/605/605 603/603/603 601/601/601
f 604/604/604 602/602/602 606/606/606
f 605/605/605 607/607/607 603/603/603
f 604/604/604 606/606/606 608/608/608
f 608/608/608 607/607/607 605/605/605
f 608/608/608 606/606/606 607/607/607
f 609/609/609 610/610/610 611/611/611
f 609/609/609 612/612/612 610/610/610
f 611/611/611 610/610/610 613/613/613
f 614/614/614 612/612/612 609/609/609
f 611/611/611 613/613/613 615/615/615
f 614/614/614 616/616/616 612/612/612
f 615/615/615 613/613/613 617/617/617
f 618/618/618 616/616/616 614/614/614
f 615/615/615 617/617/617 619/619/619
f 618/618/618 620/620/620 616/616/616
f 619/619/619 617/617/617 620/620/620
f 619/619/619 620/620/620 618/618/618
f 621/621/621 622/622/622 623/623/623
f 621/621/621 624/624/624 622/622/622
f 623/623/623 622/622/622 625/625/625
f 626/626/626 624/624/624 621/621/621
f 623/623/623 625/625/625 627/627/627
f 626/626/626 628/628/628 624/624/624
f 627/627/627 625/625/625 629/629/629
f 630/630/630 628/628/628 626/626/626
f 627/627/627 629/629/629 631/631/631
f 630/630/630 632/632/632 628/628/628
f 631/631/631 629/629/629 632/632/632
f 631/631/631 632/632/632 630/630/630
f 633/633/633 634/634/634 635/635/635
f 633/633/633 636/636/636 634/634/634
f 635/635/635 634/634/634 637/637/637
f 638/638/638 636/636/636 633/633/633
f 635/635/635 637/637/637 639/639/639
f 638/638/638 640/640/640 636/636/636
f 639/639/639 637/637/637 641/641/641
f 642/642/642 640/640/640 638/638/638
f 639/639/639 641/641/641 643/643/643
f 642/642/642 644/644/644 640/640/640
f 643/643/643 641/641/641 644/644/644
f 643/643/643 644/644/644 642/642/642
f 645/645/645 646/646/646 647/647/647
f 645/645/645 648/648/648 646/646/646
f 647/647/647 646/646/646 649/649/649
f 650/650/650 648/648/648 645/645/645
f 647/647/647 649/649/649 651/651/651
f 650/650/650 652/652/652 648/648/648
f 651/651/651 649/649/649 653/653/653
f 654/654/654 652/652/652 650/650/650
f 651/651/651 653/653/653 655/655/655
f 654/654/654 656/656/656 652/652/652
f 655/655/655 653/653/653 656/656/656
f 655/655/655 656/656/656 654/654/654
