# Unturned item rip -> Godot (X+Z negated, winding reversed, RH Y-up)
v 0.139583 -0.449721 -0.707979
v -0.000000 -0.349786 -0.811125
v -0.000000 -0.414804 -0.743634
v 0.179182 -0.394655 -0.771849
v -0.000000 -0.256597 -0.801216
v 0.218782 -0.311417 -0.758317
v 0.195241 -0.484638 -0.718216
v 0.127163 -0.453603 -0.640825
v 0.170401 -0.482500 -0.653254
v 0.274441 -0.439524 -0.778463
v 0.353641 -0.366237 -0.761310
v 0.274441 -0.692087 -0.686536
v 0.195241 -0.678002 -0.647837
v 0.274441 -0.728745 -0.629368
v 0.170401 -0.482500 -0.653254
v 0.195241 -0.678002 -0.647837
v 0.195241 -0.484638 -0.718216
v 0.170401 -0.675049 -0.583172
v 0.195366 -0.442452 -0.601579
v 0.195366 -0.616480 -0.538238
v 0.378481 -0.675049 -0.583172
v 0.378481 -0.326303 -0.710105
v 0.353641 -0.366237 -0.761310
v 0.353641 -0.678002 -0.647837
v 0.274441 -0.735941 -0.561009
v 0.274441 -0.439524 -0.778463
v 0.274441 -0.728745 -0.629368
v 0.274441 -0.692087 -0.686536
v 0.218782 -0.311417 -0.758317
v -0.000000 -0.210097 -0.752400
v -0.000000 -0.256597 -0.801216
v 0.231202 -0.268200 -0.708307
v 0.353641 -0.366237 -0.761310
v -0.000000 -0.237216 -0.676279
v 0.378481 -0.326303 -0.710105
v 0.216553 -0.286553 -0.637670
v 0.319925 -0.335891 -0.640364
v 0.257645 -0.662149 -0.521616
v 0.378481 -0.675049 -0.583172
v 0.274441 -0.735941 -0.561009
v 0.319925 -0.616480 -0.538238
v 0.378481 -0.326303 -0.710105
v 0.319925 -0.335891 -0.640364
v 0.139583 -0.449721 -0.707979
v -0.000000 -0.414804 -0.743634
v -0.000000 -0.424706 -0.674289
v 0.127163 -0.453603 -0.640825
v -0.000000 -0.379601 -0.624455
v 0.145273 -0.411027 -0.592366
v 0.170401 -0.482500 -0.653254
v 0.195366 -0.442452 -0.601579
v 0.195366 -0.616480 -0.538238
v 0.257645 -0.662149 -0.521616
v 0.274441 -0.735941 -0.561009
v 0.170401 -0.675049 -0.583172
v 0.274441 -0.728745 -0.629368
v 0.195241 -0.678002 -0.647837
v 0.142395 -0.400458 -0.547988
v 0.195109 -0.424806 -0.513848
v 0.195237 -0.433629 -0.557713
v 0.139517 -0.389889 -0.503611
v -0.000000 -0.367287 -0.581860
v -0.000000 -0.354972 -0.539265
v 0.139444 -0.414186 -0.365423
v -0.000000 -0.377054 -0.339967
v 0.217635 -0.254069 -0.595810
v -0.000000 -0.166765 -0.596848
v -0.000000 -0.201990 -0.636564
v 0.218717 -0.221585 -0.553949
v 0.327717 -0.321148 -0.603153
v -0.000000 -0.150175 -0.474147
v 0.335509 -0.306405 -0.565942
v 0.220931 -0.212389 -0.464121
v -0.000000 -0.208810 -0.346215
v 0.349322 -0.304604 -0.491322
v 0.218644 -0.267108 -0.370885
v 0.332016 -0.325406 -0.417350
v 0.195237 -0.433629 -0.557713
v 0.195109 -0.618170 -0.470469
v 0.195237 -0.617325 -0.504354
v 0.195109 -0.424806 -0.513848
v 0.194963 -0.597674 -0.406187
v 0.195077 -0.451319 -0.384085
v 0.195237 -0.617325 -0.504354
v 0.265309 -0.668913 -0.452000
v 0.261477 -0.665531 -0.486808
v 0.195109 -0.618170 -0.470469
v 0.194963 -0.597674 -0.406187
v 0.335363 -0.597674 -0.406187
v 0.195077 -0.451319 -0.384085
v 0.277397 -0.387367 -0.374357
v 0.139444 -0.414186 -0.365423
v 0.179044 -0.339652 -0.341351
v -0.000000 -0.377054 -0.339967
v -0.000000 -0.291937 -0.316288
v 0.327717 -0.617325 -0.504354
v 0.335509 -0.306405 -0.565942
v 0.327717 -0.321148 -0.603153
v 0.335509 -0.618170 -0.470469
v 0.261477 -0.665531 -0.486808
v 0.265309 -0.668913 -0.452000
v 0.335363 -0.597674 -0.406187
v 0.335509 -0.618170 -0.470469
v 0.349322 -0.304604 -0.491322
v 0.335509 -0.306405 -0.565942
v 0.335363 -0.597674 -0.406187
v 0.332016 -0.325406 -0.417350
v 0.277397 -0.387367 -0.374357
v 0.218644 -0.267108 -0.370885
v 0.179044 -0.339652 -0.341351
v -0.000000 -0.208810 -0.346215
v -0.000000 -0.291937 -0.316288
v 0.139517 -0.389889 -0.503611
v 0.139444 -0.414186 -0.365423
v 0.195077 -0.451319 -0.384085
v 0.195109 -0.424806 -0.513848
v -0.000000 -0.379601 -0.624455
v -0.000000 -0.367287 -0.581860
v 0.142395 -0.400458 -0.547988
v 0.145273 -0.411027 -0.592366
v 0.195237 -0.433629 -0.557713
v 0.195366 -0.442452 -0.601579
v 0.319925 -0.335891 -0.640364
v 0.327717 -0.321148 -0.603153
v 0.217635 -0.254069 -0.595810
v 0.216553 -0.286553 -0.637670
v -0.000000 -0.201990 -0.636564
v -0.000000 -0.237216 -0.676279
v 0.319925 -0.616480 -0.538238
v 0.327717 -0.321148 -0.603153
v 0.319925 -0.335891 -0.640364
v 0.327717 -0.617325 -0.504354
v 0.257645 -0.662149 -0.521616
v 0.261477 -0.665531 -0.486808
v 0.195366 -0.616480 -0.538238
v 0.195237 -0.617325 -0.504354
v 0.261477 -0.665531 -0.486808
v 0.257645 -0.662149 -0.521616
v 0.195366 -0.442452 -0.601579
v 0.195237 -0.433629 -0.557713
v 0.195237 -0.617325 -0.504354
v 0.195366 -0.616480 -0.538238
v -0.139583 -0.449721 -0.707979
v -0.000000 -0.414804 -0.743634
v -0.000000 -0.349786 -0.811125
v -0.179182 -0.394655 -0.771849
v -0.000000 -0.256597 -0.801216
v -0.218782 -0.311417 -0.758317
v -0.195241 -0.484638 -0.718216
v -0.127163 -0.453603 -0.640825
v -0.170401 -0.482500 -0.653254
v -0.274441 -0.439524 -0.778463
v -0.353641 -0.366237 -0.761310
v -0.274441 -0.692087 -0.686536
v -0.195241 -0.678002 -0.647837
v -0.274441 -0.728745 -0.629368
v -0.170401 -0.482500 -0.653254
v -0.195241 -0.484638 -0.718216
v -0.195241 -0.678002 -0.647837
v -0.170401 -0.675049 -0.583172
v -0.195366 -0.442452 -0.601579
v -0.195366 -0.616480 -0.538238
v -0.378481 -0.675049 -0.583172
v -0.353641 -0.366237 -0.761310
v -0.378481 -0.326303 -0.710105
v -0.353641 -0.678002 -0.647837
v -0.274441 -0.735941 -0.561009
v -0.274441 -0.439524 -0.778463
v -0.274441 -0.728745 -0.629368
v -0.274441 -0.692087 -0.686536
v -0.218782 -0.311417 -0.758317
v -0.000000 -0.256597 -0.801216
v -0.000000 -0.210097 -0.752400
v -0.231202 -0.268200 -0.708307
v -0.353641 -0.366237 -0.761310
v -0.000000 -0.237216 -0.676279
v -0.378481 -0.326303 -0.710105
v -0.216553 -0.286553 -0.637670
v -0.319925 -0.335891 -0.640364
v -0.257645 -0.662149 -0.521616
v -0.274441 -0.735941 -0.561009
v -0.378481 -0.675049 -0.583172
v -0.319925 -0.616480 -0.538238
v -0.378481 -0.326303 -0.710105
v -0.319925 -0.335891 -0.640364
v -0.139583 -0.449721 -0.707979
v -0.000000 -0.424706 -0.674289
v -0.000000 -0.414804 -0.743634
v -0.127163 -0.453603 -0.640825
v -0.000000 -0.379601 -0.624455
v -0.145273 -0.411027 -0.592366
v -0.170401 -0.482500 -0.653254
v -0.195366 -0.442452 -0.601579
v -0.195366 -0.616480 -0.538238
v -0.274441 -0.735941 -0.561009
v -0.257645 -0.662149 -0.521616
v -0.170401 -0.675049 -0.583172
v -0.274441 -0.728745 -0.629368
v -0.195241 -0.678002 -0.647837
v -0.142395 -0.400458 -0.547988
v -0.195237 -0.433629 -0.557713
v -0.195109 -0.424806 -0.513848
v -0.139517 -0.389889 -0.503611
v -0.000000 -0.367287 -0.581860
v -0.000000 -0.354972 -0.539265
v -0.139444 -0.414186 -0.365423
v -0.000000 -0.377054 -0.339967
v -0.217635 -0.254069 -0.595810
v -0.000000 -0.201990 -0.636564
v -0.000000 -0.166765 -0.596848
v -0.218717 -0.221585 -0.553949
v -0.327717 -0.321148 -0.603153
v -0.000000 -0.150175 -0.474147
v -0.335509 -0.306405 -0.565942
v -0.220931 -0.212389 -0.464121
v -0.000000 -0.208810 -0.346215
v -0.349322 -0.304604 -0.491322
v -0.218644 -0.267108 -0.370885
v -0.332016 -0.325406 -0.417350
v -0.195237 -0.433629 -0.557713
v -0.195237 -0.617325 -0.504354
v -0.195109 -0.618170 -0.470469
v -0.195109 -0.424806 -0.513848
v -0.194963 -0.597674 -0.406187
v -0.195077 -0.451319 -0.384085
v -0.195237 -0.617325 -0.504354
v -0.261477 -0.665531 -0.486808
v -0.265309 -0.668913 -0.452000
v -0.195109 -0.618170 -0.470469
v -0.194963 -0.597674 -0.406187
v -0.335363 -0.597674 -0.406187
v -0.195077 -0.451319 -0.384085
v -0.277397 -0.387367 -0.374357
v -0.139444 -0.414186 -0.365423
v -0.179044 -0.339652 -0.341351
v -0.000000 -0.377054 -0.339967
v -0.000000 -0.291937 -0.316288
v -0.327717 -0.617325 -0.504354
v -0.327717 -0.321148 -0.603153
v -0.335509 -0.306405 -0.565942
v -0.335509 -0.618170 -0.470469
v -0.261477 -0.665531 -0.486808
v -0.265309 -0.668913 -0.452000
v -0.335363 -0.597674 -0.406187
v -0.335509 -0.618170 -0.470469
v -0.335509 -0.306405 -0.565942
v -0.349322 -0.304604 -0.491322
v -0.335363 -0.597674 -0.406187
v -0.332016 -0.325406 -0.417350
v -0.277397 -0.387367 -0.374357
v -0.218644 -0.267108 -0.370885
v -0.179044 -0.339652 -0.341351
v -0.000000 -0.208810 -0.346215
v -0.000000 -0.291937 -0.316288
v -0.139517 -0.389889 -0.503611
v -0.195109 -0.424806 -0.513848
v -0.195077 -0.451319 -0.384085
v -0.139444 -0.414186 -0.365423
v -0.000000 -0.379601 -0.624455
v -0.142395 -0.400458 -0.547988
v -0.000000 -0.367287 -0.581860
v -0.145273 -0.411027 -0.592366
v -0.195237 -0.433629 -0.557713
v -0.195366 -0.442452 -0.601579
v -0.319925 -0.335891 -0.640364
v -0.217635 -0.254069 -0.595810
v -0.327717 -0.321148 -0.603153
v -0.216553 -0.286553 -0.637670
v -0.000000 -0.201990 -0.636564
v -0.000000 -0.237216 -0.676279
v -0.319925 -0.616480 -0.538238
v -0.319925 -0.335891 -0.640364
v -0.327717 -0.321148 -0.603153
v -0.327717 -0.617325 -0.504354
v -0.257645 -0.662149 -0.521616
v -0.261477 -0.665531 -0.486808
v -0.195366 -0.616480 -0.538238
v -0.257645 -0.662149 -0.521616
v -0.261477 -0.665531 -0.486808
v -0.195237 -0.617325 -0.504354
v -0.195366 -0.442452 -0.601579
v -0.195366 -0.616480 -0.538238
v -0.195237 -0.617325 -0.504354
v -0.195237 -0.433629 -0.557713
v 0.212115 -0.157515 0.876492
v 0.472325 -0.146415 0.817726
v 0.413514 -0.207406 0.829057
v 0.251114 -0.091215 0.865161
v -0.000000 -0.099567 0.829057
v 0.449285 -0.073907 0.778753
v -0.000000 -0.028502 0.817726
v 0.247886 -0.024016 0.826189
v -0.000000 0.032918 0.778753
v 0.505457 -0.185789 0.733248
v 0.456702 -0.204723 0.651876
v 0.400495 -0.255996 0.690849
v 0.436446 -0.253148 0.763430
v 0.472325 -0.146415 0.817726
v 0.199095 -0.206105 0.738284
v 0.413514 -0.207406 0.829057
v 0.194767 -0.195089 0.816303
v -0.000000 -0.147787 0.690848
v 0.212115 -0.157515 0.876492
v -0.000000 -0.136231 0.763429
v -0.000000 -0.099567 0.829057
v 0.234866 -0.072606 0.687980
v 0.456702 -0.204723 0.651876
v 0.436265 -0.122497 0.640545
v 0.235491 -0.149523 0.699312
v -0.000000 -0.015302 0.640545
v 0.400495 -0.255996 0.690849
v -0.000000 -0.086367 0.651876
v 0.199095 -0.206105 0.738284
v -0.000000 -0.147787 0.690848
v 0.449285 -0.073907 0.778753
v 0.505457 -0.185789 0.733248
v 0.472325 -0.146415 0.817726
v 0.479371 -0.092949 0.703065
v 0.456702 -0.204723 0.651876
v 0.436265 -0.122497 0.640545
v 0.234866 -0.072606 0.687980
v 0.237692 -0.034890 0.755938
v -0.000000 -0.015302 0.640545
v 0.247886 -0.024016 0.826189
v -0.000000 0.022751 0.703065
v -0.000000 0.032918 0.778753
v -0.212115 -0.157515 0.876492
v -0.413514 -0.207406 0.829057
v -0.472325 -0.146415 0.817726
v -0.251114 -0.091215 0.865161
v -0.000000 -0.099567 0.829057
v -0.449285 -0.073907 0.778753
v -0.000000 -0.028502 0.817726
v -0.247886 -0.024016 0.826189
v -0.000000 0.032918 0.778753
v -0.505457 -0.185789 0.733248
v -0.400495 -0.255996 0.690849
v -0.456702 -0.204723 0.651876
v -0.436446 -0.253148 0.763430
v -0.472325 -0.146415 0.817726
v -0.199095 -0.206105 0.738284
v -0.413514 -0.207406 0.829057
v -0.194767 -0.195089 0.816303
v -0.000000 -0.147787 0.690848
v -0.212115 -0.157515 0.876492
v -0.000000 -0.136231 0.763429
v -0.000000 -0.099567 0.829057
v -0.234866 -0.072606 0.687980
v -0.436265 -0.122497 0.640545
v -0.456702 -0.204723 0.651876
v -0.235491 -0.149523 0.699312
v -0.000000 -0.015302 0.640545
v -0.400495 -0.255996 0.690849
v -0.000000 -0.086367 0.651876
v -0.199095 -0.206105 0.738284
v -0.000000 -0.147787 0.690848
v -0.449285 -0.073907 0.778753
v -0.472325 -0.146415 0.817726
v -0.505457 -0.185789 0.733248
v -0.479371 -0.092949 0.703065
v -0.456702 -0.204723 0.651876
v -0.436265 -0.122497 0.640545
v -0.234866 -0.072606 0.687980
v -0.237692 -0.034890 0.755938
v -0.000000 -0.015302 0.640545
v -0.247886 -0.024016 0.826189
v -0.000000 0.022751 0.703065
v -0.000000 0.032918 0.778753
v 0.260382 -0.129152 0.523454
v 0.208391 -0.092350 0.589577
v 0.136285 -0.094480 0.522735
v -0.260382 -0.129152 0.523454
v -0.136285 -0.094480 0.522735
v -0.208391 -0.092350 0.589577
v 0.295905 -0.418758 -0.254998
v 0.307628 -0.353471 -0.527309
v 0.307628 -0.432628 -0.525666
v 0.295905 -0.339601 -0.256638
v 0.306251 -0.394034 0.011757
v 0.306251 -0.314878 0.010114
v 0.333773 -0.348424 0.274248
v 0.333773 -0.269267 0.272606
v 0.389967 -0.275882 0.526498
v 0.389967 -0.196726 0.524856
v 0.457630 -0.177698 0.789348
v 0.457630 -0.098542 0.787706
v 0.267018 -0.249272 0.272191
v 0.311973 -0.176730 0.524441
v -0.000000 -0.096747 0.522782
v -0.000000 -0.169289 0.270531
v 0.245001 -0.294882 0.009700
v -0.000000 -0.214899 0.008040
v 0.236724 -0.319605 -0.257053
v -0.000000 -0.239623 -0.258713
v 0.246102 -0.333476 -0.527723
v -0.000000 -0.253493 -0.529383
v 0.267018 -0.328429 0.273833
v -0.000000 -0.175904 0.524424
v 0.311973 -0.255887 0.526083
v -0.000000 -0.248446 0.272174
v 0.245001 -0.374039 0.011342
v -0.000000 -0.294056 0.009683
v 0.236724 -0.398762 -0.255413
v -0.000000 -0.318779 -0.257073
v 0.246102 -0.412632 -0.526081
v -0.000000 -0.332650 -0.527740
v 0.311973 -0.176730 0.524441
v 0.366104 -0.078546 0.787291
v -0.000000 0.001437 0.785631
v -0.000000 -0.096747 0.522782
v 0.311973 -0.255887 0.526083
v -0.000000 -0.175904 0.524424
v -0.000000 -0.077720 0.787274
v 0.366104 -0.157703 0.788934
v 0.307628 -0.432628 -0.525666
v 0.246102 -0.412632 -0.526081
v 0.236724 -0.398762 -0.255413
v 0.295905 -0.418758 -0.254998
v 0.245001 -0.374039 0.011342
v 0.306251 -0.394034 0.011757
v 0.267018 -0.328429 0.273833
v 0.333773 -0.348424 0.274248
v 0.311973 -0.255887 0.526083
v 0.389967 -0.275882 0.526498
v 0.366104 -0.157703 0.788934
v 0.457630 -0.177698 0.789348
v 0.307628 -0.353471 -0.527309
v 0.236724 -0.319605 -0.257053
v 0.246102 -0.333476 -0.527723
v 0.295905 -0.339601 -0.256638
v 0.245001 -0.294882 0.009700
v 0.306251 -0.314878 0.010114
v 0.267018 -0.249272 0.272191
v 0.333773 -0.269267 0.272606
v 0.311973 -0.176730 0.524441
v 0.389967 -0.196726 0.524856
v 0.366104 -0.078546 0.787291
v 0.457630 -0.098542 0.787706
v 0.201369 -0.289567 -0.528635
v 0.075249 -0.236874 -0.258770
v 0.074529 -0.250713 -0.529441
v 0.195318 -0.276636 -0.257944
v 0.076921 -0.212223 0.007984
v 0.196062 -0.251486 0.008799
v 0.100420 -0.166766 0.270479
v 0.219931 -0.204574 0.271263
v 0.136285 -0.094480 0.522735
v 0.260382 -0.129152 0.523454
v 0.074529 -0.250713 -0.529441
v 0.045340 -0.276498 -0.257947
v 0.044621 -0.290337 -0.528618
v 0.075249 -0.236874 -0.258770
v 0.047012 -0.251848 0.008807
v 0.076921 -0.212223 0.007984
v 0.070512 -0.206391 0.271301
v 0.100420 -0.166766 0.270479
v 0.106377 -0.134105 0.523557
v 0.136285 -0.094480 0.522735
v 0.208391 -0.092350 0.589577
v 0.260382 -0.129152 0.523454
v 0.241750 -0.175166 0.524409
v 0.184121 -0.135169 0.590465
v 0.260382 -0.129152 0.523454
v 0.201300 -0.250588 0.272218
v 0.241750 -0.175166 0.524409
v 0.219931 -0.204574 0.271263
v 0.177431 -0.297499 0.009754
v 0.196062 -0.251486 0.008799
v 0.176687 -0.322650 -0.256990
v 0.195318 -0.276636 -0.257944
v 0.182738 -0.335581 -0.527680
v 0.201369 -0.289567 -0.528635
v 0.136285 -0.094480 0.522735
v 0.208391 -0.092350 0.589577
v 0.184121 -0.135169 0.590465
v 0.106377 -0.134105 0.523557
v -0.295905 -0.418758 -0.254998
v -0.307628 -0.432628 -0.525666
v -0.307628 -0.353471 -0.527309
v -0.295905 -0.339601 -0.256638
v -0.306251 -0.394034 0.011757
v -0.306251 -0.314878 0.010114
v -0.333773 -0.348424 0.274248
v -0.333773 -0.269267 0.272606
v -0.389967 -0.275882 0.526498
v -0.389967 -0.196726 0.524856
v -0.457630 -0.177698 0.789348
v -0.457630 -0.098542 0.787706
v -0.267018 -0.249272 0.272191
v -0.000000 -0.096747 0.522782
v -0.311973 -0.176730 0.524441
v -0.000000 -0.169289 0.270531
v -0.245001 -0.294882 0.009700
v -0.000000 -0.214899 0.008040
v -0.236724 -0.319605 -0.257053
v -0.000000 -0.239623 -0.258713
v -0.246102 -0.333476 -0.527723
v -0.000000 -0.253493 -0.529383
v -0.267018 -0.328429 0.273833
v -0.311973 -0.255887 0.526083
v -0.000000 -0.175904 0.524424
v -0.000000 -0.248446 0.272174
v -0.245001 -0.374039 0.011342
v -0.000000 -0.294056 0.009683
v -0.236724 -0.398762 -0.255413
v -0.000000 -0.318779 -0.257073
v -0.246102 -0.412632 -0.526081
v -0.000000 -0.332650 -0.527740
v -0.311973 -0.176730 0.524441
v -0.000000 -0.096747 0.522782
v -0.000000 0.001437 0.785631
v -0.366104 -0.078546 0.787291
v -0.311973 -0.255887 0.526083
v -0.366104 -0.157703 0.788934
v -0.000000 -0.077720 0.787274
v -0.000000 -0.175904 0.524424
v -0.307628 -0.432628 -0.525666
v -0.236724 -0.398762 -0.255413
v -0.246102 -0.412632 -0.526081
v -0.295905 -0.418758 -0.254998
v -0.245001 -0.374039 0.011342
v -0.306251 -0.394034 0.011757
v -0.267018 -0.328429 0.273833
v -0.333773 -0.348424 0.274248
v -0.311973 -0.255887 0.526083
v -0.389967 -0.275882 0.526498
v -0.366104 -0.157703 0.788934
v -0.457630 -0.177698 0.789348
v -0.307628 -0.353471 -0.527309
v -0.246102 -0.333476 -0.527723
v -0.236724 -0.319605 -0.257053
v -0.295905 -0.339601 -0.256638
v -0.245001 -0.294882 0.009700
v -0.306251 -0.314878 0.010114
v -0.267018 -0.249272 0.272191
v -0.333773 -0.269267 0.272606
v -0.311973 -0.176730 0.524441
v -0.389967 -0.196726 0.524856
v -0.366104 -0.078546 0.787291
v -0.457630 -0.098542 0.787706
v -0.201369 -0.289567 -0.528635
v -0.074529 -0.250713 -0.529441
v -0.075249 -0.236874 -0.258770
v -0.195318 -0.276636 -0.257944
v -0.076921 -0.212223 0.007984
v -0.196062 -0.251486 0.008799
v -0.100420 -0.166766 0.270479
v -0.219931 -0.204574 0.271263
v -0.136285 -0.094480 0.522735
v -0.260382 -0.129152 0.523454
v -0.074529 -0.250713 -0.529441
v -0.044621 -0.290337 -0.528618
v -0.045340 -0.276498 -0.257947
v -0.075249 -0.236874 -0.258770
v -0.047012 -0.251848 0.008807
v -0.076921 -0.212223 0.007984
v -0.070512 -0.206391 0.271301
v -0.100420 -0.166766 0.270479
v -0.106377 -0.134105 0.523557
v -0.136285 -0.094480 0.522735
v -0.208391 -0.092350 0.589577
v -0.184121 -0.135169 0.590465
v -0.241750 -0.175166 0.524409
v -0.260382 -0.129152 0.523454
v -0.260382 -0.129152 0.523454
v -0.241750 -0.175166 0.524409
v -0.201300 -0.250588 0.272218
v -0.219931 -0.204574 0.271263
v -0.177431 -0.297499 0.009754
v -0.196062 -0.251486 0.008799
v -0.176687 -0.322650 -0.256990
v -0.195318 -0.276636 -0.257944
v -0.182738 -0.335581 -0.527680
v -0.201369 -0.289567 -0.528635
v -0.136285 -0.094480 0.522735
v -0.106377 -0.134105 0.523557
v -0.184121 -0.135169 0.590465
v -0.208391 -0.092350 0.589577
v 0.210797 -0.161979 0.886965
v 0.480330 -0.145455 0.825871
v 0.416707 -0.213312 0.838345
v 0.252482 -0.087739 0.875996
v 0.455418 -0.064975 0.782488
v 0.250131 -0.014120 0.831515
v 0.000000 -0.103280 0.839899
v -0.000000 -0.023977 0.828255
v -0.000000 0.043704 0.782627
v -0.250131 -0.014120 0.831515
v -0.252482 -0.087739 0.875996
v -0.455418 -0.064975 0.782488
v -0.210797 -0.161979 0.886965
v -0.480330 -0.145455 0.825871
v -0.416707 -0.213312 0.838345
v 0.487499 -0.085662 0.699577
v 0.236207 -0.067396 0.677861
v 0.439240 -0.118639 0.630171
v 0.240251 -0.024294 0.752400
v 0.455418 -0.064975 0.782488
v 0.250131 -0.014120 0.831515
v -0.000000 -0.009967 0.630402
v -0.000000 0.033475 0.699023
v -0.000000 0.043704 0.782627
v -0.250131 -0.014120 0.831515
v -0.240251 -0.024294 0.752400
v -0.455418 -0.064975 0.782488
v -0.236207 -0.067396 0.677861
v -0.487499 -0.085662 0.699577
v -0.439240 -0.118639 0.630171
v 0.516531 -0.188737 0.733173
v 0.461727 -0.209515 0.642759
v 0.400484 -0.266101 0.685442
v 0.440673 -0.263369 0.766432
v 0.196478 -0.216435 0.734067
v 0.191928 -0.205367 0.820505
v 0.416707 -0.213312 0.838345
v 0.210797 -0.161979 0.886965
v 0.000000 -0.157636 0.684988
v -0.000000 -0.147046 0.767222
v 0.000000 -0.103280 0.839899
v -0.210797 -0.161979 0.886965
v -0.191928 -0.205367 0.820505
v -0.416707 -0.213312 0.838345
v -0.196478 -0.216435 0.734067
v -0.440673 -0.263369 0.766432
v -0.400484 -0.266101 0.685442
v -0.516531 -0.188737 0.733173
v -0.461727 -0.209515 0.642759
v 0.236207 -0.067396 0.677861
v 0.461727 -0.209515 0.642759
v 0.439240 -0.118639 0.630171
v 0.234039 -0.153251 0.688572
v 0.400484 -0.266101 0.685442
v 0.196478 -0.216435 0.734067
v -0.000000 -0.009967 0.630402
v -0.000000 -0.090065 0.641028
v 0.000000 -0.157636 0.684988
v -0.196478 -0.216435 0.734067
v -0.234039 -0.153251 0.688572
v -0.400484 -0.266101 0.685442
v -0.236207 -0.067396 0.677861
v -0.461727 -0.209515 0.642759
v -0.439240 -0.118639 0.630171
v 0.487499 -0.085662 0.699577
v 0.439240 -0.118639 0.630171
v 0.461727 -0.209515 0.642759
v 0.516531 -0.188737 0.733173
v 0.455418 -0.064975 0.782488
v 0.480330 -0.145455 0.825871
v 0.440673 -0.263369 0.766432
v 0.416707 -0.213312 0.838345
v -0.487499 -0.085662 0.699577
v -0.461727 -0.209515 0.642759
v -0.439240 -0.118639 0.630171
v -0.516531 -0.188737 0.733173
v -0.455418 -0.064975 0.782488
v -0.480330 -0.145455 0.825871
v -0.440673 -0.263369 0.766432
v -0.416707 -0.213312 0.838345
v -0.326919 -0.616806 -0.529165
v -0.387851 -0.319777 -0.711085
v -0.326638 -0.328940 -0.634203
v -0.219645 -0.276216 -0.633807
v -0.388327 -0.679655 -0.579541
v -0.256756 -0.667152 -0.511344
v -0.234913 -0.257506 -0.710100
v -0.000000 -0.226325 -0.672710
v -0.274689 -0.746124 -0.555756
v -0.186084 -0.617938 -0.531675
v -0.360218 -0.364191 -0.770470
v -0.160589 -0.680399 -0.580632
v -0.187755 -0.446938 -0.594278
v -0.361551 -0.684111 -0.653446
v -0.160313 -0.487815 -0.652102
v -0.141891 -0.418809 -0.584662
v -0.274441 -0.739668 -0.632839
v -0.187330 -0.684111 -0.653446
v -0.123033 -0.463427 -0.636608
v -0.000000 -0.387803 -0.616450
v -0.274441 -0.699006 -0.695672
v -0.188524 -0.489916 -0.725856
v -0.274976 -0.441974 -0.789646
v -0.221294 -0.306204 -0.768210
v -0.178745 -0.397735 -0.782879
v -0.135944 -0.459290 -0.713132
v -0.000000 -0.435737 -0.671181
v -0.000000 -0.199026 -0.755363
v -0.000000 -0.251400 -0.811430
v -0.000000 -0.353081 -0.822102
v 0.234913 -0.257506 -0.710100
v 0.219645 -0.276216 -0.633807
v 0.221294 -0.306204 -0.768210
v 0.387851 -0.319777 -0.711085
v 0.326638 -0.328940 -0.634203
v 0.326919 -0.616806 -0.529165
v 0.360218 -0.364191 -0.770470
v 0.388327 -0.679655 -0.579541
v 0.256756 -0.667152 -0.511344
v 0.178745 -0.397735 -0.782879
v -0.000000 -0.424871 -0.749110
v 0.135944 -0.459290 -0.713132
v 0.274976 -0.441974 -0.789646
v 0.274689 -0.746124 -0.555756
v 0.186084 -0.617938 -0.531675
v 0.361551 -0.684111 -0.653446
v 0.123033 -0.463427 -0.636608
v 0.141891 -0.418809 -0.584662
v 0.188524 -0.489916 -0.725856
v 0.160313 -0.487815 -0.652102
v 0.187755 -0.446938 -0.594278
v 0.160589 -0.680399 -0.580632
v 0.274441 -0.739668 -0.632839
v 0.274441 -0.699006 -0.695672
v 0.187330 -0.684111 -0.653446
vt 0.0812988281 0.783203125
vt 0.078918457 0.780761719
vt 0.0788574219 0.782714844
vt 0.0822143555 0.781738281
vt 0.0782470703 0.778808594
vt 0.0823974609 0.779785156
vt 0.0827636719 0.783691406
vt 0.0806274414 0.784179688
vt 0.0817871094 0.784667969
vt 0.0845336914 0.782226562
vt 0.0855712891 0.780761719
vt 0.0855712891 0.788085938
vt 0.0835571289 0.788574219
vt 0.0853881836 0.789550781
vt 0.0902099609 0.78515625
vt 0.0859985352 0.786132812
vt 0.0906982422 0.786132812
vt 0.0855712891 0.78515625
vt 0.0906982422 0.783203125
vt 0.0864868164 0.783203125
vt 0.0902099609 0.774414062
vt 0.0902099609 0.768554688
vt 0.0887451172 0.768554688
vt 0.0887451172 0.773925781
vt 0.0887451172 0.776855469
vt 0.0868530273 0.770507812
vt 0.0876464844 0.775878906
vt 0.0868530273 0.774414062
vt 0.0832519531 0.778320312
vt 0.0782470703 0.77734375
vt 0.0784301758 0.778808594
vt 0.0833129883 0.776855469
vt 0.0864868164 0.778808594
vt 0.0786132812 0.775878906
vt 0.0868530273 0.77734375
vt 0.0833129883 0.775390625
vt 0.0858764648 0.775878906
vt 0.0935058594 0.788085938
vt 0.0906982422 0.787109375
vt 0.0921020508 0.7890625
vt 0.0927124023 0.786621094
vt 0.0916748047 0.778808594
vt 0.0935058594 0.779785156
vt 0.0725708008 0.770019531
vt 0.0697021484 0.76953125
vt 0.0698852539 0.770507812
vt 0.0723876953 0.771484375
vt 0.0694580078 0.771972656
vt 0.0723876953 0.772949219
vt 0.0735473633 0.770996094
vt 0.0737304688 0.772460938
vt 0.0754394531 0.771484375
vt 0.0772094727 0.771484375
vt 0.0782470703 0.770019531
vt 0.0755004883 0.770019531
vt 0.078125 0.769042969
vt 0.0759887695 0.768554688
vt 0.0241699219 0.893554688
vt 0.0255126953 0.894042969
vt 0.0255737305 0.893066406
vt 0.0240478516 0.89453125
vt 0.0213012695 0.892578125
vt 0.021194458 0.893554688
vt 0.0243682861 0.896484375
vt 0.0215454102 0.896972656
vt 0.0352783203 0.894042969
vt 0.0304870605 0.893554688
vt 0.0305328369 0.89453125
vt 0.0352783203 0.893066406
vt 0.0379943848 0.89453125
vt 0.0307006836 0.890625
vt 0.0381469727 0.893554688
vt 0.0354919434 0.891113281
vt 0.03125 0.888183594
vt 0.0386352539 0.892089844
vt 0.0358886719 0.889160156
vt 0.0386047363 0.890625
vt 0.0424499512 0.901855469
vt 0.0378417969 0.901855469
vt 0.0381164551 0.90234375
vt 0.0422973633 0.900878906
vt 0.0377807617 0.899902344
vt 0.0407409668 0.8984375
vt 0.0274200439 0.891601562
vt 0.0293884277 0.892578125
vt 0.0292510986 0.892089844
vt 0.0274353027 0.892578125
vt 0.0272827148 0.894042969
vt 0.030166626 0.89453125
vt 0.0258636475 0.895996094
vt 0.0269317627 0.897460938
vt 0.0243682861 0.896484375
vt 0.0244750977 0.8984375
vt 0.0215454102 0.896972656
vt 0.0207366943 0.8984375
vt 0.0395202637 0.908203125
vt 0.0391540527 0.912597656
vt 0.0400390625 0.913085938
vt 0.0387878418 0.907714844
vt 0.0401916504 0.90625
vt 0.0395202637 0.905761719
vt 0.0374755859 0.907226562
vt 0.0207366943 0.8984375
vt 0.0277099609 0.899902344
vt 0.0281219482 0.898925781
vt 0.0207672119 0.899902344
vt 0.0267486572 0.901367188
vt 0.0249938965 0.90234375
vt 0.0274505615 0.904296875
vt 0.025604248 0.904785156
vt 0.0281219482 0.908203125
vt 0.0261230469 0.908203125
vt 0.0281677246 0.8984375
vt 0.0281219482 0.900878906
vt 0.0296783447 0.900878906
vt 0.0296783447 0.8984375
vt 0.0213928223 0.778808594
vt 0.0213012695 0.779785156
vt 0.0241699219 0.780761719
vt 0.024307251 0.779785156
vt 0.0255737305 0.780273438
vt 0.0256347656 0.779296875
vt 0.0378112793 0.782714844
vt 0.0379943848 0.781738281
vt 0.0352783203 0.78125
vt 0.0352478027 0.782226562
vt 0.0305328369 0.781738281
vt 0.0305633545 0.782714844
vt 0.0402526855 0.795898438
vt 0.0400390625 0.800292969
vt 0.0408935547 0.800292969
vt 0.0395202637 0.795410156
vt 0.0408935547 0.793945312
vt 0.0401916504 0.793457031
vt 0.0273895264 0.778320312
vt 0.0274200439 0.778808594
vt 0.0292510986 0.779296875
vt 0.0291290283 0.778320312
vt 0.0426025391 0.790527344
vt 0.0424499512 0.7890625
vt 0.0381164551 0.789550781
vt 0.0383911133 0.790527344
vt 0.0812988281 0.783203125
vt 0.0788574219 0.782714844
vt 0.078918457 0.780761719
vt 0.0822143555 0.781738281
vt 0.0782470703 0.778808594
vt 0.0823974609 0.779785156
vt 0.0827636719 0.783691406
vt 0.0806274414 0.784179688
vt 0.0817871094 0.784667969
vt 0.0845336914 0.782226562
vt 0.0855712891 0.780761719
vt 0.0855712891 0.788085938
vt 0.0835571289 0.788574219
vt 0.0853881836 0.789550781
vt 0.0902099609 0.78515625
vt 0.0906982422 0.786132812
vt 0.0859985352 0.786132812
vt 0.0855712891 0.78515625
vt 0.0906982422 0.783203125
vt 0.0864868164 0.783203125
vt 0.0902099609 0.774414062
vt 0.0887451172 0.768554688
vt 0.0902099609 0.768554688
vt 0.0887451172 0.773925781
vt 0.0887451172 0.776855469
vt 0.0868530273 0.770507812
vt 0.0876464844 0.775878906
vt 0.0868530273 0.774414062
vt 0.0832519531 0.778320312
vt 0.0784301758 0.778808594
vt 0.0782470703 0.77734375
vt 0.0833129883 0.776855469
vt 0.0864868164 0.778808594
vt 0.0786132812 0.775878906
vt 0.0868530273 0.77734375
vt 0.0833129883 0.775390625
vt 0.0858764648 0.775878906
vt 0.0935058594 0.788085938
vt 0.0921020508 0.7890625
vt 0.0906982422 0.787109375
vt 0.0927124023 0.786621094
vt 0.0916748047 0.778808594
vt 0.0935058594 0.779785156
vt 0.0725708008 0.770019531
vt 0.0698852539 0.770507812
vt 0.0697021484 0.76953125
vt 0.0723876953 0.771484375
vt 0.0694580078 0.771972656
vt 0.0723876953 0.772949219
vt 0.0735473633 0.770996094
vt 0.0737304688 0.772460938
vt 0.0754394531 0.771484375
vt 0.0782470703 0.770019531
vt 0.0772094727 0.771484375
vt 0.0755004883 0.770019531
vt 0.078125 0.769042969
vt 0.0759887695 0.768554688
vt 0.0241699219 0.893554688
vt 0.0255737305 0.893066406
vt 0.0255126953 0.894042969
vt 0.0240478516 0.89453125
vt 0.0213012695 0.892578125
vt 0.021194458 0.893554688
vt 0.0243682861 0.896484375
vt 0.0215454102 0.896972656
vt 0.0352783203 0.894042969
vt 0.0305328369 0.89453125
vt 0.0304870605 0.893554688
vt 0.0352783203 0.893066406
vt 0.0379943848 0.89453125
vt 0.0307006836 0.890625
vt 0.0381469727 0.893554688
vt 0.0354919434 0.891113281
vt 0.03125 0.888183594
vt 0.0386352539 0.892089844
vt 0.0358886719 0.889160156
vt 0.0386047363 0.890625
vt 0.0424499512 0.901855469
vt 0.0381164551 0.90234375
vt 0.0378417969 0.901855469
vt 0.0422973633 0.900878906
vt 0.0377807617 0.899902344
vt 0.0407409668 0.8984375
vt 0.0274200439 0.891601562
vt 0.0292510986 0.892089844
vt 0.0293884277 0.892578125
vt 0.0274353027 0.892578125
vt 0.0272827148 0.894042969
vt 0.030166626 0.89453125
vt 0.0258636475 0.895996094
vt 0.0269317627 0.897460938
vt 0.0243682861 0.896484375
vt 0.0244750977 0.8984375
vt 0.0215454102 0.896972656
vt 0.0207366943 0.8984375
vt 0.0395202637 0.908203125
vt 0.0400390625 0.913085938
vt 0.0391540527 0.912597656
vt 0.0387878418 0.907714844
vt 0.0401916504 0.90625
vt 0.0395202637 0.905761719
vt 0.0374755859 0.907226562
vt 0.0207366943 0.8984375
vt 0.0281219482 0.898925781
vt 0.0277099609 0.899902344
vt 0.0207672119 0.899902344
vt 0.0267486572 0.901367188
vt 0.0249938965 0.90234375
vt 0.0274505615 0.904296875
vt 0.025604248 0.904785156
vt 0.0281219482 0.908203125
vt 0.0261230469 0.908203125
vt 0.0281677246 0.8984375
vt 0.0296783447 0.8984375
vt 0.0296783447 0.900878906
vt 0.0281219482 0.900878906
vt 0.0213928223 0.778808594
vt 0.0241699219 0.780761719
vt 0.0213012695 0.779785156
vt 0.024307251 0.779785156
vt 0.0255737305 0.780273438
vt 0.0256347656 0.779296875
vt 0.0378112793 0.782714844
vt 0.0352783203 0.78125
vt 0.0379943848 0.781738281
vt 0.0352478027 0.782226562
vt 0.0305328369 0.781738281
vt 0.0305633545 0.782714844
vt 0.0402526855 0.795898438
vt 0.0408935547 0.800292969
vt 0.0400390625 0.800292969
vt 0.0395202637 0.795410156
vt 0.0408935547 0.793945312
vt 0.0401916504 0.793457031
vt 0.0273895264 0.778320312
vt 0.0291290283 0.778320312
vt 0.0292510986 0.779296875
vt 0.0274200439 0.778808594
vt 0.0426025391 0.790527344
vt 0.0383911133 0.790527344
vt 0.0381164551 0.789550781
vt 0.0424499512 0.7890625
vt 0.0996704102 0.780273438
vt 0.10333252 0.766113281
vt 0.100097656 0.768554688
vt 0.102905273 0.779296875
vt 0.100463867 0.793457031
vt 0.106567383 0.768554688
vt 0.10357666 0.794433594
vt 0.106140137 0.780273438
vt 0.106567383 0.794921875
vt 0.0885620117 0.795898438
vt 0.0924682617 0.793457031
vt 0.0918579102 0.791015625
vt 0.0886230469 0.79296875
vt 0.0846557617 0.79296875
vt 0.0902709961 0.778808594
vt 0.0853271484 0.791015625
vt 0.0868530273 0.778320312
vt 0.0924682617 0.767089844
vt 0.0837402344 0.778808594
vt 0.0892944336 0.766601562
vt 0.0859985352 0.766113281
vt 0.0989379883 0.779785156
vt 0.0963745117 0.794433594
vt 0.0996704102 0.791992188
vt 0.095703125 0.78125
vt 0.0996704102 0.766113281
vt 0.0931396484 0.791992188
vt 0.0966186523 0.767089844
vt 0.0924682617 0.779785156
vt 0.0935668945 0.768066406
vt 0.0766601562 0.770996094
vt 0.0798339844 0.766113281
vt 0.0759277344 0.768554688
vt 0.0799560547 0.768554688
vt 0.0837402344 0.768554688
vt 0.083190918 0.770507812
vt 0.0814819336 0.782714844
vt 0.0780639648 0.783203125
vt 0.0837402344 0.796875
vt 0.0749511719 0.782714844
vt 0.0806274414 0.797363281
vt 0.077331543 0.797363281
vt 0.0996704102 0.780273438
vt 0.100097656 0.768554688
vt 0.10333252 0.766113281
vt 0.102905273 0.779296875
vt 0.100463867 0.793457031
vt 0.106567383 0.768554688
vt 0.10357666 0.794433594
vt 0.106140137 0.780273438
vt 0.106567383 0.794921875
vt 0.0885620117 0.795898438
vt 0.0918579102 0.791015625
vt 0.0924682617 0.793457031
vt 0.0886230469 0.79296875
vt 0.0846557617 0.79296875
vt 0.0902709961 0.778808594
vt 0.0853271484 0.791015625
vt 0.0868530273 0.778320312
vt 0.0924682617 0.767089844
vt 0.0837402344 0.778808594
vt 0.0892944336 0.766601562
vt 0.0859985352 0.766113281
vt 0.0989379883 0.779785156
vt 0.0996704102 0.791992188
vt 0.0963745117 0.794433594
vt 0.095703125 0.78125
vt 0.0996704102 0.766113281
vt 0.0931396484 0.791992188
vt 0.0966186523 0.767089844
vt 0.0924682617 0.779785156
vt 0.0935668945 0.768066406
vt 0.0766601562 0.770996094
vt 0.0759277344 0.768554688
vt 0.0798339844 0.766113281
vt 0.0799560547 0.768554688
vt 0.0837402344 0.768554688
vt 0.083190918 0.770507812
vt 0.0814819336 0.782714844
vt 0.0780639648 0.783203125
vt 0.0837402344 0.796875
vt 0.0749511719 0.782714844
vt 0.0806274414 0.797363281
vt 0.077331543 0.797363281
vt 0.0219000503 0.907083035
vt 0.0202125236 0.906983376
vt 0.0185249969 0.906883478
vt 0.0219000503 0.907083035
vt 0.0185249969 0.906883478
vt 0.0202125236 0.906983376
vt 0.0342448726 0.901708603
vt 0.0354712866 0.899215221
vt 0.0346388109 0.899082422
vt 0.0350773484 0.901841402
vt 0.0339670703 0.904346704
vt 0.0347995535 0.904479504
vt 0.033912383 0.907005668
vt 0.0347448699 0.907138705
vt 0.034153305 0.909654617
vt 0.0349857919 0.909787416
vt 0.0346388109 0.912469506
vt 0.0354712866 0.912602305
vt 0.0256086122 0.782433927
vt 0.0260861218 0.779826641
vt 0.0227110647 0.779627085
vt 0.022712091 0.782234669
vt 0.0253552087 0.785067201
vt 0.0226930715 0.784867585
vt 0.0252332278 0.787684441
vt 0.0226591825 0.787485182
vt 0.0252911262 0.790310323
vt 0.0226172563 0.790110707
vt 0.0296591595 0.782433927
vt 0.0325567015 0.779627085
vt 0.0291816443 0.779826641
vt 0.0325556621 0.782234669
vt 0.0299125575 0.785067201
vt 0.0325746909 0.784867585
vt 0.0300345421 0.787684441
vt 0.0326085724 0.787485182
vt 0.0299766306 0.790310323
vt 0.0326505005 0.790110707
vt 0.026682701 0.785619736
vt 0.0260370765 0.802898943
vt 0.025465522 0.802870393
vt 0.0261944979 0.785591185
vt 0.0271304697 0.785619736
vt 0.0276186727 0.785591185
vt 0.0268944092 0.802870393
vt 0.0263228547 0.802898943
vt 0.0242848992 0.912593365
vt 0.0249533542 0.912543416
vt 0.0250112657 0.909917593
vt 0.024367746 0.909967542
vt 0.024889281 0.907300353
vt 0.0242237356 0.907350063
vt 0.0246358812 0.90466702
vt 0.0239117462 0.904717088
vt 0.0241583679 0.902059793
vt 0.0233145952 0.902109504
vt 0.0235984176 0.89928174
vt 0.0226106048 0.899331689
vt 0.020936314 0.912593365
vt 0.0202099513 0.909917593
vt 0.0202678498 0.912543416
vt 0.0208534617 0.909967542
vt 0.0203319304 0.907300353
vt 0.0209974684 0.907350063
vt 0.0205853358 0.90466702
vt 0.0213094652 0.904717088
vt 0.0210628435 0.902059793
vt 0.0219066124 0.902109504
vt 0.0216227807 0.89928174
vt 0.0226106048 0.899331689
vt 0.0211050622 0.917566657
vt 0.0184731167 0.914741516
vt 0.018431196 0.917367101
vt 0.02104716 0.914940834
vt 0.0185070075 0.912123919
vt 0.0211691391 0.912323594
vt 0.0185260307 0.909490943
vt 0.0214225464 0.909690261
vt 0.0185249969 0.906883478
vt 0.0219000503 0.907083035
vt 0.018431196 0.917367101
vt 0.0184731167 0.914741516
vt 0.018431196 0.917367101
vt 0.0184731167 0.914741516
vt 0.0185070075 0.912123919
vt 0.0185070075 0.912123919
vt 0.0185260307 0.909490943
vt 0.0185260307 0.909490943
vt 0.0185249969 0.906883478
vt 0.0185249969 0.906883478
vt 0.0202125236 0.906983376
vt 0.0219000503 0.907083035
vt 0.0219000503 0.907083035
vt 0.0202125236 0.906983376
vt 0.0219000503 0.907083035
vt 0.0214225464 0.909690261
vt 0.0219000503 0.907083035
vt 0.0214225464 0.909690261
vt 0.0211691391 0.912323594
vt 0.0211691391 0.912323594
vt 0.02104716 0.914940834
vt 0.02104716 0.914940834
vt 0.0211050622 0.917566657
vt 0.0211050622 0.917566657
vt 0.0185249969 0.906883478
vt 0.0202125236 0.906983376
vt 0.0202125236 0.906983376
vt 0.0185249969 0.906883478
vt 0.0342448726 0.901708603
vt 0.0346388109 0.899082422
vt 0.0354712866 0.899215221
vt 0.0350773484 0.901841402
vt 0.0339670703 0.904346704
vt 0.0347995535 0.904479504
vt 0.033912383 0.907005668
vt 0.0347448699 0.907138705
vt 0.034153305 0.909654617
vt 0.0349857919 0.909787416
vt 0.0346388109 0.912469506
vt 0.0354712866 0.912602305
vt 0.0256086122 0.782433927
vt 0.0227110647 0.779627085
vt 0.0260861218 0.779826641
vt 0.022712091 0.782234669
vt 0.0253552087 0.785067201
vt 0.0226930715 0.784867585
vt 0.0252332278 0.787684441
vt 0.0226591825 0.787485182
vt 0.0252911262 0.790310323
vt 0.0226172563 0.790110707
vt 0.0296591595 0.782433927
vt 0.0291816443 0.779826641
vt 0.0325567015 0.779627085
vt 0.0325556621 0.782234669
vt 0.0299125575 0.785067201
vt 0.0325746909 0.784867585
vt 0.0300345421 0.787684441
vt 0.0326085724 0.787485182
vt 0.0299766306 0.790310323
vt 0.0326505005 0.790110707
vt 0.026682701 0.785619736
vt 0.0261944979 0.785591185
vt 0.025465522 0.802870393
vt 0.0260370765 0.802898943
vt 0.0271304697 0.785619736
vt 0.0263228547 0.802898943
vt 0.0268944092 0.802870393
vt 0.0276186727 0.785591185
vt 0.0242848992 0.912593365
vt 0.0250112657 0.909917593
vt 0.0249533542 0.912543416
vt 0.024367746 0.909967542
vt 0.024889281 0.907300353
vt 0.0242237356 0.907350063
vt 0.0246358812 0.90466702
vt 0.0239117462 0.904717088
vt 0.0241583679 0.902059793
vt 0.0233145952 0.902109504
vt 0.0235984176 0.89928174
vt 0.0226106048 0.899331689
vt 0.020936314 0.912593365
vt 0.0202678498 0.912543416
vt 0.0202099513 0.909917593
vt 0.0208534617 0.909967542
vt 0.0203319304 0.907300353
vt 0.0209974684 0.907350063
vt 0.0205853358 0.90466702
vt 0.0213094652 0.904717088
vt 0.0210628435 0.902059793
vt 0.0219066124 0.902109504
vt 0.0216227807 0.89928174
vt 0.0226106048 0.899331689
vt 0.0211050622 0.917566657
vt 0.018431196 0.917367101
vt 0.0184731167 0.914741516
vt 0.02104716 0.914940834
vt 0.0185070075 0.912123919
vt 0.0211691391 0.912323594
vt 0.0185260307 0.909490943
vt 0.0214225464 0.909690261
vt 0.0185249969 0.906883478
vt 0.0219000503 0.907083035
vt 0.018431196 0.917367101
vt 0.018431196 0.917367101
vt 0.0184731167 0.914741516
vt 0.0184731167 0.914741516
vt 0.0185070075 0.912123919
vt 0.0185070075 0.912123919
vt 0.0185260307 0.909490943
vt 0.0185260307 0.909490943
vt 0.0185249969 0.906883478
vt 0.0185249969 0.906883478
vt 0.0202125236 0.906983376
vt 0.0202125236 0.906983376
vt 0.0219000503 0.907083035
vt 0.0219000503 0.907083035
vt 0.0219000503 0.907083035
vt 0.0219000503 0.907083035
vt 0.0214225464 0.909690261
vt 0.0214225464 0.909690261
vt 0.0211691391 0.912323594
vt 0.0211691391 0.912323594
vt 0.02104716 0.914940834
vt 0.02104716 0.914940834
vt 0.0211050622 0.917566657
vt 0.0211050622 0.917566657
vt 0.0185249969 0.906883478
vt 0.0185249969 0.906883478
vt 0.0202125236 0.906983376
vt 0.0202125236 0.906983376
vt 0.237479776 0.554770589
vt -0.108939372 0.576007187
vt -0.027166985 0.488793612
vt 0.183903247 0.65018785
vt -0.0769214854 0.679444432
vt 0.186925024 0.744807184
vt 0.508407176 0.630213022
vt 0.508407176 0.732138276
vt 0.508407176 0.819125593
vt 0.829889357 0.744807184
vt 0.832911074 0.65018785
vt 1.09373569 0.679444432
vt 0.779334605 0.554770589
vt 1.12575376 0.576007187
vt 1.04398119 0.488793612
vt -0.118153118 0.322810382
vt 0.204820603 0.350720674
vt -0.056127511 0.412013859
vt 0.199623227 0.254918844
vt -0.0769214854 0.216248453
vt 0.186925024 0.153236479
vt 0.508407176 0.411717683
vt 0.508407176 0.323522538
vt 0.508407176 0.21606952
vt 0.829889357 0.153236479
vt 0.817191064 0.254918844
vt 1.09373569 0.216248453
vt 0.811993778 0.350720674
vt 1.13496733 0.322810382
vt 1.07294178 0.412013859
vt -0.155467123 0.27963075
vt -0.0850292668 0.395836264
vt -0.00631668419 0.340976924
vt -0.0579699501 0.236884743
vt 0.25588274 0.27848193
vt 0.261731327 0.167387336
vt -0.027166985 0.144457281
vt 0.237479776 0.0819682777
vt 0.508407176 0.341561168
vt 0.508407176 0.235869557
vt 0.508407176 0.142460465
vt 0.779334605 0.0819682777
vt 0.755083025 0.167387336
vt 1.04398119 0.144457281
vt 0.760931551 0.27848193
vt 1.07478416 0.236884743
vt 1.02313101 0.340976924
vt 1.1722815 0.27963075
vt 1.10184348 0.395836264
vt 0.204820603 0.676333904
vt -0.0850292668 0.493674874
vt -0.056127511 0.610473573
vt 0.20760709 0.565987766
vt -0.00631668419 0.420946687
vt 0.25588274 0.484780997
vt 0.508407176 0.750144303
vt 0.508407176 0.647198677
vt 0.508407176 0.560352266
vt 0.760931551 0.484780997
vt 0.809207261 0.565987766
vt 1.02313101 0.420946687
vt 0.811993778 0.676333904
vt 1.10184348 0.493674874
vt 1.07294178 0.610473573
vt 1.1797446 0.322810382
vt 1.13736093 0.412013859
vt 1.02056241 0.395836264
vt 1.04726672 0.27963075
vt 1.20633185 0.216248453
vt 1.10289466 0.160489798
vt 0.951345623 0.236884743
vt 1.01568115 0.144457281
vt 1.1797446 0.322810382
vt 1.02056241 0.395836264
vt 1.13736093 0.412013859
vt 1.04726672 0.27963075
vt 1.20633185 0.216248453
vt 1.10289466 0.160489798
vt 0.951345623 0.236884743
vt 1.01568115 0.144457281
vt 1.22152162 0.491822869
vt 0.870363355 0.676172614
vt 0.922607183 0.770158648
vt 0.765137792 0.861369014
vt 1.04483986 0.4747563
vt 1.14370728 0.317230314
vt 0.731205463 0.759474874
vt 0.441628247 0.889500022
vt 1.03947425 0.38841936
vt 1.00689983 0.22441417
vt 0.835796177 0.627140045
vt 0.982388437 0.320471108
vt 0.742545664 0.175450265
vt 0.991410792 0.461291701
vt 0.735169232 0.296017528
vt 0.665323377 0.156175256
vt 0.995486736 0.405127525
vt 0.951999366 0.366086185
vt 0.66082269 0.268300533
vt 0.441628426 0.189210117
vt 0.95915705 0.419806957
vt 0.753300488 0.41764462
vt 0.794890165 0.542921185
vt 0.705180526 0.66837132
vt 0.679781199 0.544793785
vt 0.666348457 0.396043241
vt 0.441628426 0.304361522
vt 0.441628337 0.773865938
vt 0.441628337 0.688054144
vt 0.441628426 0.568966269
vt 0.152051181 0.759474754
vt 0.118118674 0.861368775
vt 0.178076178 0.668371201
vt 0.0128933489 0.676172495
vt -0.0393504202 0.77015841
vt -0.338264704 0.49182263
vt 0.0474604815 0.627139807
vt -0.161582947 0.474756002
vt -0.260450602 0.317230165
vt 0.203475535 0.544793665
vt 0.441628426 0.42952618
vt 0.216908216 0.396043181
vt 0.0883665979 0.542921007
vt -0.156217277 0.388419151
vt -0.123642981 0.224414021
vt -0.108153939 0.461291403
vt 0.222434103 0.268300444
vt 0.217933536 0.156175137
vt 0.129956305 0.417644471
vt 0.148087591 0.296017408
vt 0.140711188 0.175450087
vt -0.0991317034 0.32047087
vt -0.112229943 0.405127287
vt -0.075900197 0.419806749
vt -0.0687425733 0.366086036
vn -0.317362 -0.834907 -0.449678
vn -0.000000 -0.287527 -0.957773
vn -0.000000 -0.878464 -0.477808
vn -0.038179 -0.268808 -0.962437
vn -0.000000 0.453648 -0.891181
vn 0.219101 0.454802 -0.863221
vn -0.586065 -0.460550 -0.666649
vn -0.360432 -0.857125 0.368002
vn -0.880231 -0.463793 0.100448
vn 0.046669 -0.213901 -0.975740
vn 0.573740 0.178592 -0.799329
vn -0.000000 -0.603510 -0.797356
vn -0.690301 -0.533104 -0.489167
vn -0.000000 -0.953009 -0.302942
vn -0.880231 -0.463793 0.100448
vn -0.690301 -0.533104 -0.489167
vn -0.586065 -0.460550 -0.666649
vn -0.856107 -0.466879 0.221596
vn -0.803694 -0.449941 0.389396
vn -0.914362 -0.256051 0.313656
vn 0.859254 -0.401799 0.316606
vn 0.817559 0.569458 -0.085529
vn 0.573740 0.178592 -0.799329
vn 0.690301 -0.533104 -0.489167
vn 0.021696 -0.888582 0.458205
vn 0.046669 -0.213901 -0.975740
vn -0.000000 -0.953009 -0.302942
vn -0.000000 -0.603510 -0.797356
vn 0.219101 0.454802 -0.863221
vn -0.000000 0.965987 -0.258590
vn -0.000000 0.453648 -0.891181
vn 0.323734 0.933116 -0.156496
vn 0.573740 0.178592 -0.799329
vn -0.000000 0.989355 -0.145522
vn 0.817559 0.569458 -0.085529
vn 0.347582 0.924607 -0.155850
vn 0.781758 0.601578 0.164189
vn -0.079595 -0.839413 0.537634
vn 0.859254 -0.401799 0.316606
vn 0.021696 -0.888582 0.458205
vn 0.878776 -0.264609 0.397158
vn 0.817559 0.569458 -0.085529
vn 0.781758 0.601578 0.164189
vn -0.317362 -0.834907 -0.449678
vn -0.000000 -0.878464 -0.477808
vn -0.000000 -0.962504 0.271269
vn -0.360432 -0.857125 0.368002
vn -0.000000 -0.866072 0.499920
vn -0.364209 -0.832409 0.417669
vn -0.880231 -0.463793 0.100448
vn -0.803694 -0.449941 0.389396
vn -0.914362 -0.256051 0.313656
vn -0.079595 -0.839413 0.537634
vn 0.021696 -0.888582 0.458205
vn -0.856107 -0.466879 0.221596
vn -0.000000 -0.953009 -0.302942
vn -0.690301 -0.533104 -0.489167
vn -0.390865 -0.897451 0.204466
vn -0.851066 -0.524897 0.013023
vn -0.866278 -0.490272 0.095894
vn -0.400315 -0.916331 0.009276
vn -0.000000 -0.969333 0.245752
vn -0.000000 -0.996609 0.082278
vn -0.394829 -0.907351 -0.144307
vn -0.000000 -0.990678 -0.136224
vn 0.362705 0.746401 -0.557970
vn -0.000000 0.912305 -0.409512
vn -0.000000 0.767500 -0.641048
vn 0.409268 0.853211 -0.323312
vn 0.818841 0.402585 -0.409176
vn -0.000000 0.987155 0.159766
vn 0.845023 0.459857 -0.272887
vn 0.425265 0.888126 0.174305
vn -0.000000 0.669019 0.743246
vn 0.891759 0.443926 0.087723
vn 0.399908 0.562508 0.723643
vn 0.756465 0.329397 0.565029
vn -0.866278 -0.490272 0.095894
vn -0.875560 -0.479287 0.060643
vn -0.890123 -0.455560 -0.012077
vn -0.851066 -0.524897 0.013023
vn -0.669364 -0.364464 0.647393
vn -0.876796 -0.472328 -0.090194
vn -0.890123 -0.455560 -0.012077
vn 0.016232 -0.950995 0.308780
vn -0.017132 -0.994894 -0.099465
vn -0.875560 -0.479287 0.060643
vn -0.669364 -0.364464 0.647393
vn 0.675873 -0.376028 0.633876
vn 0.057409 -0.236962 0.969821
vn 0.359097 -0.022947 0.933018
vn 0.098363 -0.320473 0.942137
vn 0.214937 -0.019590 0.976431
vn -0.000000 -0.302498 0.953150
vn -0.000000 0.052830 0.998604
vn 0.850214 -0.490302 -0.191677
vn 0.845023 0.459857 -0.272887
vn 0.818841 0.402585 -0.409176
vn 0.866802 -0.496397 -0.047369
vn -0.017132 -0.994894 -0.099465
vn 0.016232 -0.950995 0.308780
vn 0.675873 -0.376028 0.633876
vn 0.866802 -0.496397 -0.047369
vn 0.891759 0.443926 0.087723
vn 0.845023 0.459857 -0.272887
vn 0.675873 -0.376028 0.633876
vn 0.756465 0.329397 0.565029
vn 0.359097 -0.022947 0.933018
vn 0.399908 0.562508 0.723643
vn 0.214937 -0.019590 0.976431
vn -0.000000 0.669019 0.743246
vn -0.000000 0.052830 0.998604
vn -0.400315 -0.916331 0.009276
vn -0.394829 -0.907351 -0.144307
vn -0.876796 -0.472328 -0.090194
vn -0.851066 -0.524897 0.013023
vn -0.000000 -0.866072 0.499920
vn -0.000000 -0.969333 0.245752
vn -0.390865 -0.897451 0.204466
vn -0.364209 -0.832409 0.417669
vn -0.866278 -0.490272 0.095894
vn -0.803694 -0.449941 0.389396
vn 0.781758 0.601578 0.164189
vn 0.818841 0.402585 -0.409176
vn 0.362705 0.746401 -0.557970
vn 0.347582 0.924607 -0.155850
vn -0.000000 0.767500 -0.641048
vn -0.000000 0.989355 -0.145522
vn 0.878776 -0.264609 0.397158
vn 0.818841 0.402585 -0.409176
vn 0.781758 0.601578 0.164189
vn 0.850214 -0.490302 -0.191677
vn -0.079595 -0.839413 0.537634
vn -0.017132 -0.994894 -0.099465
vn -0.914362 -0.256051 0.313656
vn -0.890123 -0.455560 -0.012077
vn -0.017132 -0.994894 -0.099465
vn -0.079595 -0.839413 0.537634
vn -0.803694 -0.449941 0.389396
vn -0.866278 -0.490272 0.095894
vn -0.890123 -0.455560 -0.012077
vn -0.914362 -0.256051 0.313656
vn 0.317362 -0.834907 -0.449678
vn -0.000000 -0.878464 -0.477808
vn -0.000000 -0.287527 -0.957773
vn 0.038179 -0.268808 -0.962437
vn -0.000000 0.453648 -0.891181
vn -0.219101 0.454802 -0.863221
vn 0.586065 -0.460550 -0.666649
vn 0.360432 -0.857125 0.368002
vn 0.880231 -0.463793 0.100448
vn -0.046669 -0.213901 -0.975740
vn -0.573740 0.178592 -0.799329
vn -0.000000 -0.603510 -0.797356
vn 0.690301 -0.533104 -0.489167
vn -0.000000 -0.953009 -0.302942
vn 0.880231 -0.463793 0.100448
vn 0.586065 -0.460550 -0.666649
vn 0.690301 -0.533104 -0.489167
vn 0.856107 -0.466879 0.221596
vn 0.803694 -0.449941 0.389396
vn 0.914362 -0.256051 0.313656
vn -0.859254 -0.401799 0.316606
vn -0.573740 0.178592 -0.799329
vn -0.817559 0.569458 -0.085529
vn -0.690301 -0.533104 -0.489167
vn -0.021696 -0.888582 0.458205
vn -0.046669 -0.213901 -0.975740
vn -0.000000 -0.953009 -0.302942
vn -0.000000 -0.603510 -0.797356
vn -0.219101 0.454802 -0.863221
vn -0.000000 0.453648 -0.891181
vn -0.000000 0.965987 -0.258590
vn -0.323734 0.933116 -0.156496
vn -0.573740 0.178592 -0.799329
vn -0.000000 0.989355 -0.145522
vn -0.817559 0.569458 -0.085529
vn -0.347582 0.924607 -0.155850
vn -0.781758 0.601578 0.164189
vn 0.079595 -0.839413 0.537634
vn -0.021696 -0.888582 0.458205
vn -0.859254 -0.401799 0.316606
vn -0.878776 -0.264609 0.397158
vn -0.817559 0.569458 -0.085529
vn -0.781758 0.601578 0.164189
vn 0.317362 -0.834907 -0.449678
vn -0.000000 -0.962504 0.271269
vn -0.000000 -0.878464 -0.477808
vn 0.360432 -0.857125 0.368002
vn -0.000000 -0.866072 0.499920
vn 0.364209 -0.832409 0.417669
vn 0.880231 -0.463793 0.100448
vn 0.803694 -0.449941 0.389396
vn 0.914362 -0.256051 0.313656
vn -0.021696 -0.888582 0.458205
vn 0.079595 -0.839413 0.537634
vn 0.856107 -0.466879 0.221596
vn -0.000000 -0.953009 -0.302942
vn 0.690301 -0.533104 -0.489167
vn 0.390865 -0.897451 0.204466
vn 0.866278 -0.490272 0.095894
vn 0.851066 -0.524897 0.013023
vn 0.400315 -0.916331 0.009276
vn -0.000000 -0.969333 0.245752
vn -0.000000 -0.996609 0.082278
vn 0.394829 -0.907351 -0.144307
vn -0.000000 -0.990678 -0.136224
vn -0.362705 0.746401 -0.557970
vn -0.000000 0.767500 -0.641048
vn -0.000000 0.912305 -0.409512
vn -0.409268 0.853211 -0.323312
vn -0.818841 0.402585 -0.409176
vn -0.000000 0.987155 0.159766
vn -0.845023 0.459857 -0.272887
vn -0.425265 0.888126 0.174305
vn -0.000000 0.669019 0.743246
vn -0.891759 0.443926 0.087723
vn -0.399908 0.562508 0.723643
vn -0.756465 0.329397 0.565029
vn 0.866278 -0.490272 0.095894
vn 0.890123 -0.455560 -0.012077
vn 0.875560 -0.479287 0.060643
vn 0.851066 -0.524897 0.013023
vn 0.669364 -0.364464 0.647393
vn 0.876796 -0.472328 -0.090194
vn 0.890123 -0.455560 -0.012077
vn 0.017132 -0.994894 -0.099465
vn -0.016232 -0.950995 0.308780
vn 0.875560 -0.479287 0.060643
vn 0.669364 -0.364464 0.647393
vn -0.675873 -0.376028 0.633876
vn -0.057409 -0.236962 0.969821
vn -0.359097 -0.022947 0.933018
vn -0.098363 -0.320473 0.942137
vn -0.214937 -0.019590 0.976431
vn -0.000000 -0.302498 0.953150
vn -0.000000 0.052830 0.998604
vn -0.850214 -0.490302 -0.191677
vn -0.818841 0.402585 -0.409176
vn -0.845023 0.459857 -0.272887
vn -0.866802 -0.496397 -0.047369
vn 0.017132 -0.994894 -0.099465
vn -0.016232 -0.950995 0.308780
vn -0.675873 -0.376028 0.633876
vn -0.866802 -0.496397 -0.047369
vn -0.845023 0.459857 -0.272887
vn -0.891759 0.443926 0.087723
vn -0.675873 -0.376028 0.633876
vn -0.756465 0.329397 0.565029
vn -0.359097 -0.022947 0.933018
vn -0.399908 0.562508 0.723643
vn -0.214937 -0.019590 0.976431
vn -0.000000 0.669019 0.743246
vn -0.000000 0.052830 0.998604
vn 0.400315 -0.916331 0.009276
vn 0.851066 -0.524897 0.013023
vn 0.876796 -0.472328 -0.090194
vn 0.394829 -0.907351 -0.144307
vn -0.000000 -0.866072 0.499920
vn 0.390865 -0.897451 0.204466
vn -0.000000 -0.969333 0.245752
vn 0.364209 -0.832409 0.417669
vn 0.866278 -0.490272 0.095894
vn 0.803694 -0.449941 0.389396
vn -0.781758 0.601578 0.164189
vn -0.362705 0.746401 -0.557970
vn -0.818841 0.402585 -0.409176
vn -0.347582 0.924607 -0.155850
vn -0.000000 0.767500 -0.641048
vn -0.000000 0.989355 -0.145522
vn -0.878776 -0.264609 0.397158
vn -0.781758 0.601578 0.164189
vn -0.818841 0.402585 -0.409176
vn -0.850214 -0.490302 -0.191677
vn 0.079595 -0.839413 0.537634
vn 0.017132 -0.994894 -0.099465
vn 0.914362 -0.256051 0.313656
vn 0.079595 -0.839413 0.537634
vn 0.017132 -0.994894 -0.099465
vn 0.890123 -0.455560 -0.012077
vn 0.803694 -0.449941 0.389396
vn 0.914362 -0.256051 0.313656
vn 0.890123 -0.455560 -0.012077
vn 0.866278 -0.490272 0.095894
vn -0.114969 -0.389333 0.913894
vn 0.698247 0.083741 0.710942
vn 0.278571 -0.515150 0.810567
vn 0.119396 0.303251 0.945401
vn -0.000000 -0.323906 0.946089
vn 0.535176 0.779326 0.325940
vn -0.000000 0.394715 0.918804
vn 0.195950 0.863402 0.464909
vn -0.000000 0.941077 0.338192
vn 0.966364 -0.257095 -0.006508
vn 0.438511 -0.418246 -0.795473
vn -0.000923 -0.881784 -0.471652
vn 0.368959 -0.891752 0.262007
vn 0.698247 0.083741 0.710942
vn -0.228395 -0.901371 -0.367921
vn 0.278571 -0.515150 0.810567
vn -0.247634 -0.896805 0.366631
vn -0.000000 -0.859426 -0.511261
vn -0.114969 -0.389333 0.913894
vn -0.000000 -0.943714 0.330764
vn -0.000000 -0.323906 0.946089
vn 0.117022 0.454658 -0.882945
vn 0.438511 -0.418246 -0.795473
vn 0.259493 0.336633 -0.905175
vn -0.126592 -0.325451 -0.937046
vn -0.000000 0.465475 -0.885061
vn -0.000923 -0.881784 -0.471652
vn -0.000000 -0.322813 -0.946463
vn -0.228395 -0.901371 -0.367921
vn -0.000000 -0.859426 -0.511261
vn 0.535176 0.779326 0.325940
vn 0.966364 -0.257095 -0.006508
vn 0.698247 0.083741 0.710942
vn 0.709400 0.635677 -0.304412
vn 0.438511 -0.418246 -0.795473
vn 0.259493 0.336633 -0.905175
vn 0.117022 0.454658 -0.882945
vn 0.223328 0.924552 -0.308753
vn -0.000000 0.465475 -0.885061
vn 0.195950 0.863402 0.464909
vn -0.000000 0.935685 -0.352835
vn -0.000000 0.941077 0.338192
vn 0.114969 -0.389333 0.913894
vn -0.278571 -0.515150 0.810567
vn -0.698247 0.083741 0.710942
vn -0.119396 0.303251 0.945401
vn -0.000000 -0.323906 0.946089
vn -0.535176 0.779326 0.325940
vn -0.000000 0.394715 0.918804
vn -0.195950 0.863402 0.464909
vn -0.000000 0.941077 0.338192
vn -0.966364 -0.257095 -0.006508
vn 0.000923 -0.881784 -0.471652
vn -0.438511 -0.418246 -0.795473
vn -0.368959 -0.891752 0.262007
vn -0.698247 0.083741 0.710942
vn 0.228395 -0.901371 -0.367921
vn -0.278571 -0.515150 0.810567
vn 0.247634 -0.896805 0.366631
vn -0.000000 -0.859426 -0.511261
vn 0.114969 -0.389333 0.913894
vn -0.000000 -0.943714 0.330764
vn -0.000000 -0.323906 0.946089
vn -0.117022 0.454658 -0.882945
vn -0.259493 0.336633 -0.905175
vn -0.438511 -0.418246 -0.795473
vn 0.126592 -0.325451 -0.937046
vn -0.000000 0.465475 -0.885061
vn 0.000923 -0.881784 -0.471652
vn -0.000000 -0.322813 -0.946463
vn 0.228395 -0.901371 -0.367921
vn -0.000000 -0.859426 -0.511261
vn -0.535176 0.779326 0.325940
vn -0.698247 0.083741 0.710942
vn -0.966364 -0.257095 -0.006508
vn -0.709400 0.635677 -0.304412
vn -0.438511 -0.418246 -0.795473
vn -0.259493 0.336633 -0.905175
vn -0.117022 0.454658 -0.882945
vn -0.223328 0.924552 -0.308753
vn -0.000000 0.465475 -0.885061
vn -0.195950 0.863402 0.464909
vn -0.000000 0.935685 -0.352835
vn -0.000000 0.941077 0.338192
vn 0.267446 0.913082 -0.307820
vn 0.257731 0.916072 -0.307223
vn 0.268063 0.912889 -0.307857
vn -0.267446 0.913083 -0.307820
vn -0.268063 0.912889 -0.307857
vn -0.257731 0.916072 -0.307223
vn 0.999993 0.000075 0.003624
vn 0.999065 0.000896 0.043223
vn 0.999065 0.000896 0.043223
vn 1.000000 0.000020 0.000959
vn 0.997618 -0.001431 -0.068965
vn 0.997288 -0.001527 -0.073581
vn 0.988246 -0.003171 -0.152838
vn 0.985897 -0.003471 -0.167315
vn 0.973434 -0.004749 -0.228920
vn 0.972055 -0.004869 -0.234703
vn 0.968876 -0.005135 -0.247492
vn 0.968876 -0.005135 -0.247492
vn 0.275461 0.930281 -0.242278
vn 0.235358 0.911464 -0.337401
vn -0.000000 0.941841 -0.336060
vn -0.000000 0.969826 -0.243797
vn 0.304587 0.942240 -0.139322
vn -0.000000 0.989899 -0.141775
vn 0.314521 0.946835 -0.067672
vn -0.000000 0.997426 -0.071710
vn 0.314498 0.948430 -0.039656
vn -0.000000 0.998967 -0.045452
vn -0.275461 -0.930281 0.242278
vn -0.000000 -0.941841 0.336060
vn -0.235358 -0.911464 0.337401
vn -0.000000 -0.969826 0.243797
vn -0.304586 -0.942240 0.139321
vn -0.000000 -0.989899 0.141774
vn -0.314521 -0.946835 0.067671
vn -0.000000 -0.997426 0.071710
vn -0.314498 -0.948430 0.039656
vn -0.000000 -0.998967 0.045452
vn 0.235358 0.911464 -0.337401
vn 0.214687 0.902276 -0.373909
vn -0.000000 0.929107 -0.369811
vn -0.000000 0.941841 -0.336060
vn -0.235358 -0.911464 0.337401
vn -0.000000 -0.941841 0.336060
vn -0.000000 -0.929107 0.369810
vn -0.214687 -0.902276 0.373908
vn -0.314516 -0.948556 0.036348
vn -0.314498 -0.948430 0.039656
vn -0.314521 -0.946835 0.067671
vn -0.314525 -0.946875 0.067089
vn -0.304586 -0.942240 0.139321
vn -0.304178 -0.941423 0.145596
vn -0.275461 -0.930281 0.242278
vn -0.273649 -0.927033 0.256371
vn -0.235358 -0.911464 0.337401
vn -0.232433 -0.906279 0.353035
vn -0.214687 -0.902276 0.373908
vn -0.213703 -0.897877 0.384900
vn 0.314517 0.948556 -0.036348
vn 0.314521 0.946835 -0.067672
vn 0.314498 0.948430 -0.039656
vn 0.314526 0.946875 -0.067089
vn 0.304587 0.942240 -0.139322
vn 0.304178 0.941423 -0.145597
vn 0.275461 0.930281 -0.242278
vn 0.273650 0.927033 -0.256370
vn 0.235358 0.911464 -0.337401
vn 0.232433 0.906279 -0.353035
vn 0.214687 0.902276 -0.373909
vn 0.213703 0.897877 -0.384901
vn 0.303366 0.951854 -0.044080
vn 0.308291 0.948925 -0.067069
vn 0.303366 0.951854 -0.044080
vn 0.308179 0.948999 -0.066536
vn 0.308323 0.940850 -0.140490
vn 0.308265 0.940782 -0.141078
vn 0.288892 0.924512 -0.248633
vn 0.287969 0.923820 -0.252250
vn 0.268063 0.912889 -0.307857
vn 0.267446 0.913082 -0.307820
vn -0.798119 0.601819 -0.028648
vn -0.797937 0.601459 -0.039291
vn -0.798119 0.601819 -0.028648
vn -0.797924 0.601437 -0.039894
vn -0.797869 0.601343 -0.042333
vn -0.797900 0.601393 -0.041007
vn -0.797834 0.601285 -0.043773
vn -0.797733 0.601130 -0.047591
vn -0.797370 0.600624 -0.058746
vn -0.797370 0.600624 -0.058746
vn 0.643550 -0.296154 0.705788
vn 0.643550 -0.296154 0.705788
vn 0.643550 -0.296154 0.705788
vn 0.643550 -0.296154 0.705788
vn 0.926032 -0.375709 -0.036171
vn 0.926425 -0.375640 -0.025131
vn 0.926032 -0.375709 -0.036171
vn 0.926331 -0.375662 -0.028067
vn 0.926925 -0.375117 0.009826
vn 0.926926 -0.375199 0.005900
vn 0.926565 -0.374432 0.035742
vn 0.926569 -0.374437 0.035582
vn 0.926488 -0.374341 0.038592
vn 0.926488 -0.374341 0.038592
vn -0.607917 0.413556 0.677796
vn -0.607917 0.413556 0.677796
vn -0.607917 0.413556 0.677796
vn -0.607917 0.413556 0.677796
vn -0.999993 0.000075 0.003624
vn -0.999065 0.000896 0.043223
vn -0.999065 0.000896 0.043223
vn -1.000000 0.000020 0.000959
vn -0.997618 -0.001431 -0.068965
vn -0.997288 -0.001527 -0.073581
vn -0.988246 -0.003171 -0.152838
vn -0.985897 -0.003472 -0.167315
vn -0.973434 -0.004749 -0.228920
vn -0.972055 -0.004869 -0.234703
vn -0.968876 -0.005135 -0.247492
vn -0.968876 -0.005135 -0.247492
vn -0.275461 0.930281 -0.242278
vn -0.000000 0.941841 -0.336060
vn -0.235358 0.911464 -0.337401
vn -0.000000 0.969826 -0.243797
vn -0.304587 0.942240 -0.139322
vn -0.000000 0.989899 -0.141775
vn -0.314521 0.946835 -0.067672
vn -0.000000 0.997426 -0.071710
vn -0.314498 0.948430 -0.039656
vn -0.000000 0.998967 -0.045452
vn 0.275461 -0.930281 0.242278
vn 0.235358 -0.911464 0.337401
vn -0.000000 -0.941841 0.336060
vn -0.000000 -0.969826 0.243797
vn 0.304586 -0.942240 0.139321
vn -0.000000 -0.989899 0.141774
vn 0.314521 -0.946835 0.067671
vn -0.000000 -0.997426 0.071710
vn 0.314497 -0.948430 0.039656
vn -0.000000 -0.998967 0.045452
vn -0.235358 0.911464 -0.337401
vn -0.000000 0.941841 -0.336060
vn -0.000000 0.929107 -0.369811
vn -0.214687 0.902276 -0.373909
vn 0.235358 -0.911464 0.337401
vn 0.214687 -0.902276 0.373909
vn -0.000000 -0.929107 0.369810
vn -0.000000 -0.941841 0.336060
vn 0.314516 -0.948556 0.036348
vn 0.314521 -0.946835 0.067671
vn 0.314497 -0.948430 0.039656
vn 0.314525 -0.946875 0.067088
vn 0.304586 -0.942240 0.139321
vn 0.304178 -0.941423 0.145596
vn 0.275461 -0.930281 0.242278
vn 0.273649 -0.927033 0.256371
vn 0.235358 -0.911464 0.337401
vn 0.232432 -0.906279 0.353035
vn 0.214687 -0.902276 0.373909
vn 0.213702 -0.897877 0.384900
vn -0.314517 0.948556 -0.036348
vn -0.314498 0.948430 -0.039656
vn -0.314521 0.946835 -0.067672
vn -0.314526 0.946875 -0.067089
vn -0.304587 0.942240 -0.139322
vn -0.304178 0.941423 -0.145597
vn -0.275461 0.930281 -0.242278
vn -0.273650 0.927033 -0.256370
vn -0.235358 0.911464 -0.337401
vn -0.232433 0.906279 -0.353035
vn -0.214687 0.902276 -0.373909
vn -0.213703 0.897877 -0.384901
vn -0.303366 0.951854 -0.044080
vn -0.303366 0.951854 -0.044080
vn -0.308291 0.948925 -0.067069
vn -0.308179 0.948999 -0.066536
vn -0.308323 0.940850 -0.140490
vn -0.308265 0.940782 -0.141078
vn -0.288892 0.924512 -0.248633
vn -0.287969 0.923820 -0.252250
vn -0.268063 0.912889 -0.307857
vn -0.267446 0.913083 -0.307820
vn 0.798119 0.601819 -0.028648
vn 0.798119 0.601819 -0.028648
vn 0.797937 0.601459 -0.039291
vn 0.797924 0.601437 -0.039894
vn 0.797869 0.601343 -0.042333
vn 0.797900 0.601393 -0.041007
vn 0.797834 0.601285 -0.043773
vn 0.797733 0.601130 -0.047591
vn 0.797370 0.600624 -0.058746
vn 0.797370 0.600624 -0.058746
vn -0.643550 -0.296154 0.705787
vn -0.643550 -0.296154 0.705787
vn -0.643550 -0.296154 0.705787
vn -0.643550 -0.296154 0.705787
vn -0.926032 -0.375709 -0.036171
vn -0.926032 -0.375709 -0.036171
vn -0.926425 -0.375639 -0.025131
vn -0.926331 -0.375662 -0.028067
vn -0.926925 -0.375117 0.009826
vn -0.926926 -0.375199 0.005900
vn -0.926565 -0.374432 0.035742
vn -0.926569 -0.374437 0.035582
vn -0.926488 -0.374341 0.038592
vn -0.926488 -0.374341 0.038592
vn 0.607917 0.413556 0.677796
vn 0.607917 0.413556 0.677796
vn 0.607917 0.413556 0.677796
vn 0.607917 0.413556 0.677796
vn -0.113880 -0.389705 0.913872
vn 0.700573 0.084291 0.708585
vn 0.284589 -0.514530 0.808868
vn 0.119668 0.304165 0.945073
vn 0.539861 0.775438 0.327486
vn 0.199892 0.862672 0.464587
vn -0.000000 -0.319737 0.947506
vn -0.000000 0.401187 0.915996
vn -0.000000 0.940935 0.338588
vn -0.199892 0.862672 0.464587
vn -0.119668 0.304165 0.945073
vn -0.539861 0.775438 0.327486
vn 0.113880 -0.389705 0.913872
vn -0.700573 0.084291 0.708585
vn -0.284589 -0.514529 0.808869
vn 0.710736 0.633191 -0.306468
vn 0.119311 0.455944 -0.881975
vn 0.261773 0.336864 -0.904432
vn 0.225431 0.925094 -0.305585
vn 0.539861 0.775438 0.327486
vn 0.199892 0.862672 0.464587
vn -0.000000 0.465108 -0.885254
vn -0.000000 0.935544 -0.353209
vn -0.000000 0.940935 0.338588
vn -0.199892 0.862672 0.464587
vn -0.225431 0.925094 -0.305585
vn -0.539861 0.775438 0.327486
vn -0.119311 0.455944 -0.881975
vn -0.710736 0.633191 -0.306468
vn -0.261773 0.336864 -0.904432
vn 0.966364 -0.256941 -0.011081
vn 0.438753 -0.416367 -0.796326
vn 0.002909 -0.882802 -0.469736
vn 0.371899 -0.891578 0.258418
vn -0.227917 -0.902188 -0.366212
vn -0.247618 -0.895518 0.369774
vn 0.284589 -0.514530 0.808868
vn -0.113880 -0.389705 0.913872
vn -0.000000 -0.857479 -0.514518
vn -0.000000 -0.943764 0.330619
vn -0.000000 -0.319737 0.947506
vn 0.113880 -0.389705 0.913872
vn 0.247618 -0.895518 0.369773
vn -0.284589 -0.514529 0.808869
vn 0.227917 -0.902188 -0.366212
vn -0.371899 -0.891578 0.258419
vn -0.002909 -0.882802 -0.469736
vn -0.966364 -0.256941 -0.011081
vn -0.438753 -0.416367 -0.796326
vn 0.119311 0.455944 -0.881975
vn 0.438753 -0.416367 -0.796326
vn 0.261773 0.336864 -0.904432
vn -0.118617 -0.327367 -0.937422
vn 0.002909 -0.882802 -0.469736
vn -0.227917 -0.902188 -0.366212
vn -0.000000 0.465108 -0.885254
vn -0.000000 -0.316341 -0.948646
vn -0.000000 -0.857479 -0.514518
vn 0.227917 -0.902188 -0.366212
vn 0.118617 -0.327367 -0.937422
vn -0.002909 -0.882802 -0.469736
vn -0.119311 0.455944 -0.881975
vn -0.438753 -0.416367 -0.796326
vn -0.261773 0.336864 -0.904432
vn 0.710736 0.633191 -0.306468
vn 0.261773 0.336864 -0.904432
vn 0.438753 -0.416367 -0.796326
vn 0.966364 -0.256941 -0.011081
vn 0.539861 0.775438 0.327486
vn 0.700573 0.084291 0.708585
vn 0.371899 -0.891578 0.258418
vn 0.284589 -0.514530 0.808868
vn -0.710736 0.633191 -0.306468
vn -0.438753 -0.416367 -0.796326
vn -0.261773 0.336864 -0.904432
vn -0.966364 -0.256941 -0.011081
vn -0.539861 0.775438 0.327486
vn -0.700573 0.084291 0.708585
vn -0.371899 -0.891578 0.258419
vn -0.284589 -0.514529 0.808869
vn -0.625431 -0.043260 0.779079
vn -0.821083 0.564631 -0.083761
vn -0.603503 0.604778 0.519642
vn -0.276535 0.906348 0.319471
vn -0.858978 -0.403054 0.315759
vn 0.075565 -0.456282 0.886621
vn -0.327916 0.931152 -0.159460
vn -0.000000 0.955991 0.293396
vn -0.022271 -0.888509 0.458318
vn 0.815035 -0.135924 0.563243
vn -0.581733 0.183602 -0.792387
vn 0.854958 -0.469413 0.220675
vn 0.664129 -0.411351 0.624278
vn -0.695562 -0.533542 -0.481172
vn 0.872011 -0.482205 0.084107
vn 0.282401 -0.699812 0.656134
vn -0.000956 -0.956178 -0.292785
vn 0.691415 -0.535682 -0.484758
vn 0.343758 -0.862377 0.371667
vn -0.000000 -0.725447 0.688278
vn -0.002173 -0.602465 -0.798142
vn 0.579028 -0.459270 -0.673645
vn -0.049558 -0.210740 -0.976285
vn -0.225124 0.461272 -0.858223
vn 0.035784 -0.265756 -0.963376
vn 0.315296 -0.839003 -0.443466
vn -0.000000 -0.964754 0.263153
vn -0.000000 0.965493 -0.260429
vn -0.000000 0.459218 -0.888324
vn -0.000000 -0.284167 -0.958775
vn 0.327916 0.931152 -0.159460
vn 0.276535 0.906348 0.319471
vn 0.225124 0.461272 -0.858223
vn 0.821083 0.564631 -0.083761
vn 0.603503 0.604778 0.519642
vn 0.625431 -0.043260 0.779079
vn 0.581733 0.183602 -0.792387
vn 0.858978 -0.403054 0.315759
vn -0.075565 -0.456282 0.886621
vn -0.035784 -0.265756 -0.963376
vn -0.000000 -0.875843 -0.482596
vn -0.315296 -0.839003 -0.443466
vn 0.049557 -0.210740 -0.976285
vn 0.022271 -0.888509 0.458318
vn -0.815035 -0.135924 0.563243
vn 0.695562 -0.533542 -0.481172
vn -0.343758 -0.862377 0.371667
vn -0.282401 -0.699812 0.656134
vn -0.579028 -0.459270 -0.673645
vn -0.872011 -0.482205 0.084107
vn -0.664129 -0.411351 0.624278
vn -0.854958 -0.469413 0.220675
vn 0.000956 -0.956178 -0.292785
vn 0.002173 -0.602465 -0.798142
vn -0.691415 -0.535682 -0.484758
f 1/1/1 2/2/2 3/3/3
f 1/1/1 4/4/4 2/2/2
f 4/4/4 5/5/5 2/2/2
f 4/4/4 6/6/6 5/5/5
f 7/7/7 4/4/4 1/1/1
f 7/7/7 1/1/1 8/8/8
f 7/7/7 8/8/8 9/9/9
f 10/10/10 6/6/6 4/4/4
f 7/7/7 10/10/10 4/4/4
f 10/10/10 11/11/11 6/6/6
f 7/7/7 12/12/12 10/10/10
f 7/7/7 13/13/13 12/12/12
f 13/13/13 14/14/14 12/12/12
f 15/15/15 16/16/16 17/17/17
f 15/15/15 18/18/18 16/16/16
f 19/19/19 18/18/18 15/15/15
f 19/19/19 20/20/20 18/18/18
f 21/21/21 22/22/22 23/23/23
f 21/21/21 23/23/23 24/24/24
f 25/25/25 21/21/21 24/24/24
f 26/26/26 24/24/24 23/23/23
f 25/25/25 24/24/24 27/27/27
f 26/26/26 28/28/28 24/24/24
f 28/28/28 27/27/27 24/24/24
f 29/29/29 30/30/30 31/31/31
f 29/29/29 32/32/32 30/30/30
f 33/33/33 32/32/32 29/29/29
f 32/32/32 34/34/34 30/30/30
f 33/33/33 35/35/35 32/32/32
f 32/32/32 36/36/36 34/34/34
f 35/35/35 36/36/36 32/32/32
f 35/35/35 37/37/37 36/36/36
f 38/38/38 39/39/39 40/40/40
f 38/38/38 41/41/41 39/39/39
f 41/41/41 42/42/42 39/39/39
f 41/41/41 43/43/43 42/42/42
f 44/44/44 45/45/45 46/46/46
f 44/44/44 46/46/46 47/47/47
f 47/47/47 46/46/46 48/48/48
f 47/47/47 48/48/48 49/49/49
f 50/50/50 47/47/47 49/49/49
f 50/50/50 49/49/49 51/51/51
f 52/52/52 53/53/53 54/54/54
f 52/52/52 54/54/54 55/55/55
f 55/55/55 54/54/54 56/56/56
f 55/55/55 56/56/56 57/57/57
f 58/58/58 59/59/59 60/60/60
f 58/58/58 61/61/61 59/59/59
f 62/62/62 61/61/61 58/58/58
f 62/62/62 63/63/63 61/61/61
f 63/63/63 64/64/64 61/61/61
f 63/63/63 65/65/65 64/64/64
f 66/66/66 67/67/67 68/68/68
f 66/66/66 69/69/69 67/67/67
f 70/70/70 69/69/69 66/66/66
f 69/69/69 71/71/71 67/67/67
f 70/70/70 72/72/72 69/69/69
f 69/69/69 73/73/73 71/71/71
f 72/72/72 73/73/73 69/69/69
f 73/73/73 74/74/74 71/71/71
f 72/72/72 75/75/75 73/73/73
f 73/73/73 76/76/76 74/74/74
f 75/75/75 76/76/76 73/73/73
f 75/75/75 77/77/77 76/76/76
f 78/78/78 79/79/79 80/80/80
f 78/78/78 81/81/81 79/79/79
f 81/81/81 82/82/82 79/79/79
f 81/81/81 83/83/83 82/82/82
f 84/84/84 85/85/85 86/86/86
f 84/84/84 87/87/87 85/85/85
f 85/85/85 87/87/87 88/88/88
f 88/88/88 89/89/89 85/85/85
f 89/89/89 88/88/88 90/90/90
f 90/90/90 91/91/91 89/89/89
f 91/91/91 90/90/90 92/92/92
f 91/91/91 92/92/92 93/93/93
f 93/93/93 92/92/92 94/94/94
f 93/93/93 94/94/94 95/95/95
f 96/96/96 97/97/97 98/98/98
f 96/96/96 99/99/99 97/97/97
f 100/100/100 99/99/99 96/96/96
f 100/100/100 101/101/101 99/99/99
f 101/101/101 102/102/102 99/99/99
f 103/103/103 104/104/104 105/105/105
f 103/103/103 106/106/106 104/104/104
f 106/106/106 107/107/107 104/104/104
f 108/108/108 107/107/107 106/106/106
f 109/109/109 107/107/107 108/108/108
f 109/109/109 108/108/108 110/110/110
f 111/111/111 109/109/109 110/110/110
f 111/111/111 110/110/110 112/112/112
f 113/113/113 114/114/114 115/115/115
f 113/113/113 115/115/115 116/116/116
f 117/117/117 118/118/118 119/119/119
f 117/117/117 119/119/119 120/120/120
f 120/120/120 119/119/119 121/121/121
f 120/120/120 121/121/121 122/122/122
f 123/123/123 124/124/124 125/125/125
f 123/123/123 125/125/125 126/126/126
f 126/126/126 125/125/125 127/127/127
f 126/126/126 127/127/127 128/128/128
f 129/129/129 130/130/130 131/131/131
f 129/129/129 132/132/132 130/130/130
f 133/133/133 132/132/132 129/129/129
f 133/133/133 134/134/134 132/132/132
f 135/135/135 136/136/136 137/137/137
f 135/135/135 137/137/137 138/138/138
f 139/139/139 140/140/140 141/141/141
f 139/139/139 141/141/141 142/142/142
f 143/143/143 144/144/144 145/145/145
f 143/143/143 145/145/145 146/146/146
f 146/146/146 145/145/145 147/147/147
f 146/146/146 147/147/147 148/148/148
f 149/149/149 143/143/143 146/146/146
f 149/149/149 150/150/150 143/143/143
f 149/149/149 151/151/151 150/150/150
f 152/152/152 146/146/146 148/148/148
f 149/149/149 146/146/146 152/152/152
f 152/152/152 148/148/148 153/153/153
f 149/149/149 152/152/152 154/154/154
f 149/149/149 154/154/154 155/155/155
f 155/155/155 154/154/154 156/156/156
f 157/157/157 158/158/158 159/159/159
f 157/157/157 159/159/159 160/160/160
f 161/161/161 157/157/157 160/160/160
f 161/161/161 160/160/160 162/162/162
f 163/163/163 164/164/164 165/165/165
f 163/163/163 166/166/166 164/164/164
f 167/167/167 166/166/166 163/163/163
f 168/168/168 164/164/164 166/166/166
f 167/167/167 169/169/169 166/166/166
f 168/168/168 166/166/166 170/170/170
f 170/170/170 166/166/166 169/169/169
f 171/171/171 172/172/172 173/173/173
f 171/171/171 173/173/173 174/174/174
f 175/175/175 171/171/171 174/174/174
f 174/174/174 173/173/173 176/176/176
f 175/175/175 174/174/174 177/177/177
f 174/174/174 176/176/176 178/178/178
f 177/177/177 174/174/174 178/178/178
f 177/177/177 178/178/178 179/179/179
f 180/180/180 181/181/181 182/182/182
f 180/180/180 182/182/182 183/183/183
f 183/183/183 182/182/182 184/184/184
f 183/183/183 184/184/184 185/185/185
f 186/186/186 187/187/187 188/188/188
f 186/186/186 189/189/189 187/187/187
f 189/189/189 190/190/190 187/187/187
f 189/189/189 191/191/191 190/190/190
f 192/192/192 191/191/191 189/189/189
f 192/192/192 193/193/193 191/191/191
f 194/194/194 195/195/195 196/196/196
f 194/194/194 197/197/197 195/195/195
f 197/197/197 198/198/198 195/195/195
f 197/197/197 199/199/199 198/198/198
f 200/200/200 201/201/201 202/202/202
f 200/200/200 202/202/202 203/203/203
f 204/204/204 200/200/200 203/203/203
f 204/204/204 203/203/203 205/205/205
f 205/205/205 203/203/203 206/206/206
f 205/205/205 206/206/206 207/207/207
f 208/208/208 209/209/209 210/210/210
f 208/208/208 210/210/210 211/211/211
f 212/212/212 208/208/208 211/211/211
f 211/211/211 210/210/210 213/213/213
f 212/212/212 211/211/211 214/214/214
f 211/211/211 213/213/213 215/215/215
f 214/214/214 211/211/211 215/215/215
f 215/215/215 213/213/213 216/216/216
f 214/214/214 215/215/215 217/217/217
f 215/215/215 216/216/216 218/218/218
f 217/217/217 215/215/215 218/218/218
f 217/217/217 218/218/218 219/219/219
f 220/220/220 221/221/221 222/222/222
f 220/220/220 222/222/222 223/223/223
f 223/223/223 222/222/222 224/224/224
f 223/223/223 224/224/224 225/225/225
f 226/226/226 227/227/227 228/228/228
f 226/226/226 228/228/228 229/229/229
f 228/228/228 230/230/230 229/229/229
f 230/230/230 228/228/228 231/231/231
f 231/231/231 232/232/232 230/230/230
f 232/232/232 231/231/231 233/233/233
f 233/233/233 234/234/234 232/232/232
f 233/233/233 235/235/235 234/234/234
f 235/235/235 236/236/236 234/234/234
f 235/235/235 237/237/237 236/236/236
f 238/238/238 239/239/239 240/240/240
f 238/238/238 240/240/240 241/241/241
f 242/242/242 238/238/238 241/241/241
f 242/242/242 241/241/241 243/243/243
f 243/243/243 241/241/241 244/244/244
f 245/245/245 246/246/246 247/247/247
f 245/245/245 247/247/247 248/248/248
f 248/248/248 247/247/247 249/249/249
f 250/250/250 248/248/248 249/249/249
f 251/251/251 250/250/250 249/249/249
f 251/251/251 252/252/252 250/250/250
f 253/253/253 252/252/252 251/251/251
f 253/253/253 254/254/254 252/252/252
f 255/255/255 256/256/256 257/257/257
f 255/255/255 257/257/257 258/258/258
f 259/259/259 260/260/260 261/261/261
f 259/259/259 262/262/262 260/260/260
f 262/262/262 263/263/263 260/260/260
f 262/262/262 264/264/264 263/263/263
f 265/265/265 266/266/266 267/267/267
f 265/265/265 268/268/268 266/266/266
f 268/268/268 269/269/269 266/266/266
f 268/268/268 270/270/270 269/269/269
f 271/271/271 272/272/272 273/273/273
f 271/271/271 273/273/273 274/274/274
f 275/275/275 271/271/271 274/274/274
f 275/275/275 274/274/274 276/276/276
f 277/277/277 278/278/278 279/279/279
f 277/277/277 279/279/279 280/280/280
f 281/281/281 282/282/282 283/283/283
f 281/281/281 283/283/283 284/284/284
f 285/285/285 286/286/286 287/287/287
f 285/285/285 288/288/288 286/286/286
f 289/289/289 288/288/288 285/285/285
f 288/288/288 290/290/290 286/286/286
f 289/289/289 291/291/291 288/288/288
f 288/288/288 292/292/292 290/290/290
f 291/291/291 292/292/292 288/288/288
f 291/291/291 293/293/293 292/292/292
f 294/294/294 295/295/295 296/296/296
f 294/294/294 296/296/296 297/297/297
f 298/298/298 294/294/294 297/297/297
f 299/299/299 297/297/297 296/296/296
f 298/298/298 297/297/297 300/300/300
f 299/299/299 301/301/301 297/297/297
f 301/301/301 300/300/300 297/297/297
f 302/302/302 301/301/301 299/299/299
f 301/301/301 303/303/303 300/300/300
f 302/302/302 304/304/304 301/301/301
f 304/304/304 303/303/303 301/301/301
f 304/304/304 305/305/305 303/303/303
f 306/306/306 307/307/307 308/308/308
f 306/306/306 309/309/309 307/307/307
f 310/310/310 309/309/309 306/306/306
f 309/309/309 311/311/311 307/307/307
f 310/310/310 312/312/312 309/309/309
f 309/309/309 313/313/313 311/311/311
f 312/312/312 313/313/313 309/309/309
f 312/312/312 314/314/314 313/313/313
f 315/315/315 316/316/316 317/317/317
f 315/315/315 318/318/318 316/316/316
f 318/318/318 319/319/319 316/316/316
f 318/318/318 320/320/320 319/319/319
f 318/318/318 321/321/321 320/320/320
f 315/315/315 322/322/322 318/318/318
f 318/318/318 322/322/322 321/321/321
f 322/322/322 323/323/323 321/321/321
f 315/315/315 324/324/324 322/322/322
f 322/322/322 325/325/325 323/323/323
f 324/324/324 325/325/325 322/322/322
f 324/324/324 326/326/326 325/325/325
f 327/327/327 328/328/328 329/329/329
f 327/327/327 329/329/329 330/330/330
f 331/331/331 327/327/327 330/330/330
f 330/330/330 329/329/329 332/332/332
f 331/331/331 330/330/330 333/333/333
f 330/330/330 332/332/332 334/334/334
f 333/333/333 330/330/330 334/334/334
f 333/333/333 334/334/334 335/335/335
f 336/336/336 337/337/337 338/338/338
f 336/336/336 339/339/339 337/337/337
f 340/340/340 339/339/339 336/336/336
f 341/341/341 337/337/337 339/339/339
f 340/340/340 342/342/342 339/339/339
f 341/341/341 339/339/339 343/343/343
f 343/343/343 339/339/339 342/342/342
f 344/344/344 341/341/341 343/343/343
f 343/343/343 342/342/342 345/345/345
f 344/344/344 343/343/343 346/346/346
f 346/346/346 343/343/343 345/345/345
f 346/346/346 345/345/345 347/347/347
f 348/348/348 349/349/349 350/350/350
f 348/348/348 350/350/350 351/351/351
f 352/352/352 348/348/348 351/351/351
f 351/351/351 350/350/350 353/353/353
f 352/352/352 351/351/351 354/354/354
f 351/351/351 353/353/353 355/355/355
f 354/354/354 351/351/351 355/355/355
f 354/354/354 355/355/355 356/356/356
f 357/357/357 358/358/358 359/359/359
f 357/357/357 359/359/359 360/360/360
f 360/360/360 359/359/359 361/361/361
f 360/360/360 361/361/361 362/362/362
f 360/360/360 362/362/362 363/363/363
f 357/357/357 360/360/360 364/364/364
f 360/360/360 363/363/363 364/364/364
f 364/364/364 363/363/363 365/365/365
f 357/357/357 364/364/364 366/366/366
f 364/364/364 365/365/365 367/367/367
f 366/366/366 364/364/364 367/367/367
f 366/366/366 367/367/367 368/368/368
f 369/369/369 370/370/370 371/371/371
f 372/372/372 373/373/373 374/374/374
f 375/375/375 376/376/376 377/377/377
f 375/375/375 378/378/378 376/376/376
f 379/379/379 378/378/378 375/375/375
f 379/379/379 380/380/380 378/378/378
f 381/381/381 380/380/380 379/379/379
f 381/381/381 382/382/382 380/380/380
f 383/383/383 382/382/382 381/381/381
f 383/383/383 384/384/384 382/382/382
f 385/385/385 384/384/384 383/383/383
f 385/385/385 386/386/386 384/384/384
f 387/387/387 388/388/388 389/389/389
f 387/387/387 389/389/389 390/390/390
f 391/391/391 387/387/387 390/390/390
f 391/391/391 390/390/390 392/392/392
f 393/393/393 391/391/391 392/392/392
f 393/393/393 392/392/392 394/394/394
f 395/395/395 393/393/393 394/394/394
f 395/395/395 394/394/394 396/396/396
f 397/397/397 398/398/398 399/399/399
f 397/397/397 400/400/400 398/398/398
f 401/401/401 400/400/400 397/397/397
f 401/401/401 402/402/402 400/400/400
f 403/403/403 402/402/402 401/401/401
f 403/403/403 404/404/404 402/402/402
f 405/405/405 404/404/404 403/403/403
f 405/405/405 406/406/406 404/404/404
f 407/407/407 408/408/408 409/409/409
f 407/407/407 409/409/409 410/410/410
f 411/411/411 412/412/412 413/413/413
f 411/411/411 413/413/413 414/414/414
f 415/415/415 416/416/416 417/417/417
f 415/415/415 417/417/417 418/418/418
f 418/418/418 417/417/417 419/419/419
f 418/418/418 419/419/419 420/420/420
f 420/420/420 419/419/419 421/421/421
f 420/420/420 421/421/421 422/422/422
f 422/422/422 421/421/421 423/423/423
f 422/422/422 423/423/423 424/424/424
f 424/424/424 423/423/423 425/425/425
f 424/424/424 425/425/425 426/426/426
f 427/427/427 428/428/428 429/429/429
f 427/427/427 430/430/430 428/428/428
f 430/430/430 431/431/431 428/428/428
f 430/430/430 432/432/432 431/431/431
f 432/432/432 433/433/433 431/431/431
f 432/432/432 434/434/434 433/433/433
f 434/434/434 435/435/435 433/433/433
f 434/434/434 436/436/436 435/435/435
f 436/436/436 437/437/437 435/435/435
f 436/436/436 438/438/438 437/437/437
f 439/439/439 440/440/440 441/441/441
f 439/439/439 442/442/442 440/440/440
f 442/442/442 443/443/443 440/440/440
f 442/442/442 444/444/444 443/443/443
f 444/444/444 445/445/445 443/443/443
f 444/444/444 446/446/446 445/445/445
f 446/446/446 447/447/447 445/445/445
f 446/446/446 448/448/448 447/447/447
f 449/449/449 450/450/450 451/451/451
f 449/449/449 452/452/452 450/450/450
f 452/452/452 453/453/453 450/450/450
f 452/452/452 454/454/454 453/453/453
f 454/454/454 455/455/455 453/453/453
f 454/454/454 456/456/456 455/455/455
f 456/456/456 457/457/457 455/455/455
f 456/456/456 458/458/458 457/457/457
f 459/459/459 460/460/460 461/461/461
f 459/459/459 461/461/461 462/462/462
f 463/463/463 464/464/464 465/465/465
f 463/463/463 466/466/466 464/464/464
f 466/466/466 467/467/467 464/464/464
f 466/466/466 468/468/468 467/467/467
f 468/468/468 469/469/469 467/467/467
f 468/468/468 470/470/470 469/469/469
f 470/470/470 471/471/471 469/469/469
f 470/470/470 472/472/472 471/471/471
f 473/473/473 474/474/474 475/475/475
f 473/473/473 475/475/475 476/476/476
f 477/477/477 478/478/478 479/479/479
f 477/477/477 479/479/479 480/480/480
f 481/481/481 477/477/477 480/480/480
f 481/481/481 480/480/480 482/482/482
f 483/483/483 481/481/481 482/482/482
f 483/483/483 482/482/482 484/484/484
f 485/485/485 483/483/483 484/484/484
f 485/485/485 484/484/484 486/486/486
f 487/487/487 485/485/485 486/486/486
f 487/487/487 486/486/486 488/488/488
f 489/489/489 490/490/490 491/491/491
f 489/489/489 492/492/492 490/490/490
f 493/493/493 492/492/492 489/489/489
f 493/493/493 494/494/494 492/492/492
f 495/495/495 494/494/494 493/493/493
f 495/495/495 496/496/496 494/494/494
f 497/497/497 496/496/496 495/495/495
f 497/497/497 498/498/498 496/496/496
f 499/499/499 500/500/500 501/501/501
f 499/499/499 501/501/501 502/502/502
f 503/503/503 499/499/499 502/502/502
f 503/503/503 502/502/502 504/504/504
f 505/505/505 503/503/503 504/504/504
f 505/505/505 504/504/504 506/506/506
f 507/507/507 505/505/505 506/506/506
f 507/507/507 506/506/506 508/508/508
f 509/509/509 510/510/510 511/511/511
f 509/509/509 511/511/511 512/512/512
f 513/513/513 514/514/514 515/515/515
f 513/513/513 515/515/515 516/516/516
f 517/517/517 518/518/518 519/519/519
f 517/517/517 520/520/520 518/518/518
f 520/520/520 521/521/521 518/518/518
f 520/520/520 522/522/522 521/521/521
f 522/522/522 523/523/523 521/521/521
f 522/522/522 524/524/524 523/523/523
f 524/524/524 525/525/525 523/523/523
f 524/524/524 526/526/526 525/525/525
f 526/526/526 527/527/527 525/525/525
f 526/526/526 528/528/528 527/527/527
f 529/529/529 530/530/530 531/531/531
f 529/529/529 531/531/531 532/532/532
f 532/532/532 531/531/531 533/533/533
f 532/532/532 533/533/533 534/534/534
f 534/534/534 533/533/533 535/535/535
f 534/534/534 535/535/535 536/536/536
f 536/536/536 535/535/535 537/537/537
f 536/536/536 537/537/537 538/538/538
f 538/538/538 537/537/537 539/539/539
f 538/538/538 539/539/539 540/540/540
f 541/541/541 542/542/542 543/543/543
f 541/541/541 543/543/543 544/544/544
f 544/544/544 543/543/543 545/545/545
f 544/544/544 545/545/545 546/546/546
f 546/546/546 545/545/545 547/547/547
f 546/546/546 547/547/547 548/548/548
f 548/548/548 547/547/547 549/549/549
f 548/548/548 549/549/549 550/550/550
f 551/551/551 552/552/552 553/553/553
f 551/551/551 553/553/553 554/554/554
f 554/554/554 553/553/553 555/555/555
f 554/554/554 555/555/555 556/556/556
f 556/556/556 555/555/555 557/557/557
f 556/556/556 557/557/557 558/558/558
f 558/558/558 557/557/557 559/559/559
f 558/558/558 559/559/559 560/560/560
f 561/561/561 562/562/562 563/563/563
f 561/561/561 563/563/563 564/564/564
f 565/565/565 566/566/566 567/567/567
f 565/565/565 567/567/567 568/568/568
f 568/568/568 567/567/567 569/569/569
f 568/568/568 569/569/569 570/570/570
f 570/570/570 569/569/569 571/571/571
f 570/570/570 571/571/571 572/572/572
f 572/572/572 571/571/571 573/573/573
f 572/572/572 573/573/573 574/574/574
f 575/575/575 576/576/576 577/577/577
f 575/575/575 577/577/577 578/578/578
f 579/579/579 580/580/580 581/581/581
f 579/579/579 582/582/582 580/580/580
f 582/582/582 583/583/583 580/580/580
f 582/582/582 584/584/584 583/583/583
f 585/585/585 582/582/582 579/579/579
f 586/586/586 584/584/584 582/582/582
f 585/585/585 586/586/586 582/582/582
f 586/586/586 587/587/587 584/584/584
f 586/586/586 588/588/588 587/587/587
f 585/585/585 589/589/589 586/586/586
f 586/586/586 589/589/589 588/588/588
f 589/589/589 590/590/590 588/588/588
f 585/585/585 591/591/591 589/589/589
f 589/589/589 592/592/592 590/590/590
f 591/591/591 592/592/592 589/589/589
f 591/591/591 593/593/593 592/592/592
f 594/594/594 595/595/595 596/596/596
f 594/594/594 597/597/597 595/595/595
f 598/598/598 597/597/597 594/594/594
f 598/598/598 599/599/599 597/597/597
f 597/597/597 600/600/600 595/595/595
f 599/599/599 601/601/601 597/597/597
f 597/597/597 601/601/601 600/600/600
f 599/599/599 602/602/602 601/601/601
f 603/603/603 601/601/601 602/602/602
f 604/604/604 600/600/600 601/601/601
f 603/603/603 604/604/604 601/601/601
f 605/605/605 604/604/604 603/603/603
f 604/604/604 606/606/606 600/600/600
f 605/605/605 607/607/607 604/604/604
f 607/607/607 606/606/606 604/604/604
f 607/607/607 608/608/608 606/606/606
f 609/609/609 610/610/610 611/611/611
f 609/609/609 611/611/611 612/612/612
f 613/613/613 612/612/612 611/611/611
f 613/613/613 614/614/614 612/612/612
f 614/614/614 615/615/615 612/612/612
f 614/614/614 616/616/616 615/615/615
f 617/617/617 614/614/614 613/613/613
f 618/618/618 616/616/616 614/614/614
f 617/617/617 618/618/618 614/614/614
f 618/618/618 619/619/619 616/616/616
f 618/618/618 620/620/620 619/619/619
f 617/617/617 621/621/621 618/618/618
f 618/618/618 621/621/621 620/620/620
f 621/621/621 622/622/622 620/620/620
f 617/617/617 623/623/623 621/621/621
f 621/621/621 624/624/624 622/622/622
f 623/623/623 624/624/624 621/621/621
f 623/623/623 625/625/625 624/624/624
f 626/626/626 624/624/624 625/625/625
f 626/626/626 625/625/625 627/627/627
f 628/628/628 629/629/629 630/630/630
f 628/628/628 631/631/631 629/629/629
f 631/631/631 632/632/632 629/629/629
f 631/631/631 633/633/633 632/632/632
f 634/634/634 631/631/631 628/628/628
f 635/635/635 633/633/633 631/631/631
f 634/634/634 635/635/635 631/631/631
f 635/635/635 636/636/636 633/633/633
f 635/635/635 637/637/637 636/636/636
f 634/634/634 638/638/638 635/635/635
f 635/635/635 638/638/638 637/637/637
f 638/638/638 639/639/639 637/637/637
f 634/634/634 640/640/640 638/638/638
f 638/638/638 641/641/641 639/639/639
f 640/640/640 641/641/641 638/638/638
f 640/640/640 642/642/642 641/641/641
f 643/643/643 644/644/644 645/645/645
f 643/643/643 645/645/645 646/646/646
f 647/647/647 643/643/643 646/646/646
f 647/647/647 646/646/646 648/648/648
f 648/648/648 646/646/646 649/649/649
f 648/648/648 649/649/649 650/650/650
f 651/651/651 652/652/652 653/653/653
f 651/651/651 654/654/654 652/652/652
f 655/655/655 654/654/654 651/651/651
f 655/655/655 656/656/656 654/654/654
f 656/656/656 657/657/657 654/654/654
f 656/656/656 658/658/658 657/657/657
f 659/659/659 660/660/660 661/661/661
f 660/660/660 662/662/662 661/661/661
f 659/659/659 663/663/663 660/660/660
f 664/664/664 663/663/663 659/659/659
f 660/660/660 665/665/665 662/662/662
f 665/665/665 666/666/666 662/662/662
f 664/664/664 667/667/667 663/663/663
f 668/668/668 667/667/667 664/664/664
f 663/663/663 669/669/669 660/660/660
f 669/669/669 665/665/665 660/660/660
f 668/668/668 670/670/670 667/667/667
f 671/671/671 670/670/670 668/668/668
f 667/667/667 672/672/672 663/663/663
f 663/663/663 672/672/672 669/669/669
f 671/671/671 673/673/673 670/670/670
f 673/673/673 671/671/671 674/674/674
f 670/670/670 675/675/675 667/667/667
f 667/667/667 675/675/675 672/672/672
f 670/670/670 676/676/676 675/675/675
f 673/673/673 676/676/676 670/670/670
f 673/673/673 674/674/674 677/677/677
f 677/677/677 674/674/674 678/678/678
f 679/679/679 672/672/672 675/675/675
f 676/676/676 679/679/679 675/675/675
f 673/673/673 680/680/680 676/676/676
f 680/680/680 679/679/679 676/676/676
f 680/680/680 673/673/673 677/677/677
f 681/681/681 672/672/672 679/679/679
f 681/681/681 669/669/669 672/672/672
f 680/680/680 681/681/681 679/679/679
f 681/681/681 682/682/682 669/669/669
f 669/669/669 682/682/682 665/665/665
f 680/680/680 683/683/683 681/681/681
f 681/681/681 683/683/683 682/682/682
f 680/680/680 677/677/677 684/684/684
f 680/680/680 684/684/684 683/683/683
f 677/677/677 678/678/678 685/685/685
f 684/684/684 677/677/677 685/685/685
f 682/682/682 686/686/686 665/665/665
f 665/665/665 686/686/686 666/666/666
f 683/683/683 687/687/687 682/682/682
f 682/682/682 687/687/687 686/686/686
f 684/684/684 688/688/688 683/683/683
f 683/683/683 688/688/688 687/687/687
f 689/689/689 666/666/666 686/686/686
f 689/689/689 690/690/690 666/666/666
f 691/691/691 686/686/686 687/687/687
f 691/691/691 689/689/689 686/686/686
f 692/692/692 690/690/690 689/689/689
f 692/692/692 693/693/693 690/690/690
f 694/694/694 693/693/693 692/692/692
f 695/695/695 692/692/692 689/689/689
f 695/695/695 689/689/689 691/691/691
f 694/694/694 692/692/692 696/696/696
f 696/696/696 692/692/692 695/695/695
f 697/697/697 694/694/694 696/696/696
f 698/698/698 691/691/691 687/687/687
f 698/698/698 687/687/687 688/688/688
f 684/684/684 699/699/699 688/688/688
f 684/684/684 685/685/685 699/699/699
f 700/700/700 688/688/688 699/699/699
f 700/700/700 699/699/699 685/685/685
f 700/700/700 698/698/698 688/688/688
f 701/701/701 695/695/695 691/691/691
f 701/701/701 691/691/691 698/698/698
f 697/697/697 696/696/696 702/702/702
f 703/703/703 697/697/697 702/702/702
f 696/696/696 695/695/695 704/704/704
f 701/701/701 704/704/704 695/695/695
f 702/702/702 696/696/696 704/704/704
f 700/700/700 685/685/685 705/705/705
f 705/705/705 685/685/685 678/678/678
f 705/705/705 678/678/678 706/706/706
f 707/707/707 698/698/698 700/700/700
f 707/707/707 701/701/701 698/698/698
f 707/707/707 700/700/700 705/705/705
f 708/708/708 705/705/705 706/706/706
f 707/707/707 705/705/705 708/708/708
f 708/708/708 706/706/706 709/709/709
f 709/709/709 703/703/703 710/710/710
f 703/703/703 702/702/702 710/710/710
f 709/709/709 710/710/710 708/708/708
f 702/702/702 704/704/704 711/711/711
f 710/710/710 702/702/702 711/711/711
f 701/701/701 712/712/712 704/704/704
f 707/707/707 712/712/712 701/701/701
f 712/712/712 711/711/711 704/704/704
f 708/708/708 710/710/710 713/713/713
f 708/708/708 713/713/713 707/707/707
f 707/707/707 713/713/713 712/712/712
f 710/710/710 711/711/711 713/713/713
f 713/713/713 711/711/711 712/712/712
