# Unturned item rip -> Godot (X+Z negated, winding reversed, RH Y-up)
v -0.124920 0.189646 0.075652
v -0.000000 0.189646 0.003735
v -0.000000 0.271322 0.003735
v -0.124920 0.271322 0.075652
v -0.000000 0.271322 0.003735
v -0.089450 0.303216 0.087662
v -0.124920 0.271322 0.075652
v -0.000000 0.303216 0.036802
v -0.053670 0.303216 0.108739
v -0.000000 0.303216 0.078223
v 0.089450 0.303216 0.087662
v 0.124920 0.271322 0.075652
v 0.053670 0.303216 0.108739
v -0.166579 0.287939 0.249150
v -0.194079 0.332698 0.265441
v -0.146448 0.391121 0.185328
v -0.118948 0.346362 0.169037
v -0.309473 0.242996 0.131415
v -0.336973 0.287755 0.147706
v -0.289342 0.281014 0.246629
v -0.261842 0.236256 0.230339
v -0.166579 0.353102 0.070114
v -0.194079 0.397861 0.086405
v -0.289342 0.346178 0.067594
v -0.261842 0.301419 0.051303
v -0.118948 0.346362 0.169037
v -0.146448 0.391121 0.185328
v -0.194079 0.397861 0.086405
v -0.166579 0.353102 0.070114
v -0.261842 0.236256 0.230339
v -0.289342 0.281014 0.246629
v -0.194079 0.332698 0.265441
v -0.166579 0.287939 0.249150
v -0.261842 0.301419 0.051303
v -0.289342 0.346178 0.067594
v -0.336973 0.287755 0.147706
v -0.309473 0.242996 0.131415
v -0.270290 0.343482 0.107163
v -0.248048 0.307282 0.093988
v -0.276627 0.272228 0.142055
v -0.298868 0.308428 0.155231
v -0.213132 0.335394 0.225871
v -0.190891 0.299194 0.212696
v -0.162312 0.334248 0.164628
v -0.184553 0.370448 0.177804
v -0.298868 0.308428 0.155231
v -0.276627 0.272228 0.142055
v -0.248048 0.268184 0.201409
v -0.270290 0.304384 0.214585
v -0.213132 0.374492 0.118450
v -0.190891 0.338292 0.105274
v -0.248048 0.307282 0.093988
v -0.270290 0.343482 0.107163
v -0.184553 0.370448 0.177804
v -0.162312 0.334248 0.164628
v -0.190891 0.338292 0.105274
v -0.213132 0.374492 0.118450
v -0.270290 0.304384 0.214585
v -0.248048 0.268184 0.201409
v -0.190891 0.299194 0.212696
v -0.213132 0.335394 0.225871
v -0.120027 0.286098 0.147103
v -0.096273 0.247437 0.133031
v -0.129615 0.206540 0.189110
v -0.153369 0.245202 0.203182
v -0.220053 0.209024 0.190014
v -0.196299 0.170362 0.175942
v -0.229641 0.175080 0.106696
v -0.253395 0.213742 0.120768
v -0.220053 0.254638 0.064689
v -0.196299 0.215977 0.050617
v -0.129615 0.252155 0.063785
v -0.153369 0.290816 0.077857
v -0.153369 0.290816 0.077857
v -0.129615 0.252155 0.063785
v -0.096273 0.247437 0.133031
v -0.120027 0.286098 0.147103
v -0.153369 0.245202 0.203182
v -0.129615 0.206540 0.189110
v -0.196299 0.170362 0.175942
v -0.220053 0.209024 0.190014
v -0.253395 0.213742 0.120768
v -0.229641 0.175080 0.106696
v -0.196299 0.215977 0.050617
v -0.220053 0.254638 0.064689
v -0.174187 0.358568 0.173480
v -0.203916 0.322103 0.223482
v -0.263374 0.289845 0.211741
v -0.293103 0.294052 0.149998
v -0.203916 0.362775 0.111737
v -0.263374 0.330517 0.099996
v -0.234342 0.256660 0.035012
v -0.261842 0.301419 0.051303
v -0.309473 0.242996 0.131415
v -0.281973 0.198237 0.115124
v -0.234342 0.191497 0.214048
v -0.261842 0.236256 0.230339
v -0.166579 0.287939 0.249150
v -0.139079 0.243180 0.232859
v -0.091448 0.301603 0.152747
v -0.118948 0.346362 0.169037
v -0.166579 0.353102 0.070114
v -0.139079 0.308343 0.053823
v -0.139079 0.308343 0.053823
v -0.166579 0.353102 0.070114
v -0.261842 0.301419 0.051303
v -0.234342 0.256660 0.035012
v -0.281973 0.198237 0.115124
v -0.309473 0.242996 0.131415
v -0.261842 0.236256 0.230339
v -0.234342 0.191497 0.214048
v -0.139079 0.243180 0.232859
v -0.166579 0.287939 0.249150
v -0.118948 0.346362 0.169037
v -0.091448 0.301603 0.152747
v -0.000000 0.189646 0.256668
v -0.101707 0.189646 0.217441
v -0.101707 0.271322 0.217441
v -0.000000 0.271322 0.256668
v -0.101707 0.189646 0.217441
v -0.124920 0.271322 0.075652
v -0.124920 0.189646 0.075652
v -0.127532 0.269129 -0.017439
v -0.127532 0.230852 -0.017439
v -0.070739 0.230852 -0.017439
v -0.070739 0.269129 -0.017439
v -0.042343 0.269129 -0.066623
v -0.042343 0.230852 -0.066623
v -0.070739 0.230852 -0.115807
v -0.070739 0.269129 -0.115807
v -0.070739 0.269129 -0.115807
v -0.070739 0.230852 -0.115807
v -0.127532 0.230852 -0.115807
v -0.127532 0.269129 -0.115807
v -0.155928 0.269129 -0.066623
v -0.155928 0.230852 -0.066623
v -0.127532 0.230852 -0.017439
v -0.127532 0.269129 -0.017439
v -0.070739 0.269129 -0.017439
v -0.070739 0.230852 -0.017439
v -0.042343 0.230852 -0.066623
v -0.042343 0.269129 -0.066623
v -0.127532 0.269129 -0.115807
v -0.127532 0.230852 -0.115807
v -0.155928 0.230852 -0.066623
v -0.155928 0.269129 -0.066623
v -0.146462 0.174475 -0.148596
v -0.146462 0.269129 -0.148596
v -0.193790 0.269129 -0.066623
v -0.193790 0.174475 -0.066623
v -0.146462 0.174475 0.015350
v -0.146462 0.269129 0.015350
v -0.051808 0.269129 0.015350
v -0.051808 0.174475 0.015350
v -0.004481 0.174475 -0.066623
v -0.004481 0.269129 -0.066623
v -0.051808 0.269129 -0.148596
v -0.051808 0.174475 -0.148596
v -0.051808 0.174475 -0.148596
v -0.051808 0.269129 -0.148596
v -0.146462 0.269129 -0.148596
v -0.146462 0.174475 -0.148596
v -0.193790 0.174475 -0.066623
v -0.193790 0.269129 -0.066623
v -0.146462 0.269129 0.015350
v -0.146462 0.174475 0.015350
v -0.051808 0.174475 0.015350
v -0.051808 0.269129 0.015350
v -0.004481 0.269129 -0.066623
v -0.004481 0.174475 -0.066623
v -0.049552 0.252674 0.025801
v -0.000000 0.252674 -0.012639
v -0.000000 0.252674 0.198901
v -0.099103 0.252674 0.042338
v -0.152162 0.252674 0.042336
v -0.230079 0.252674 0.025799
v -0.230079 0.252674 0.198901
v -0.205220 0.252674 0.025799
v -0.000000 0.252674 0.198901
v -0.000000 0.078417 0.198901
v -0.230079 0.078417 0.198901
v -0.230079 0.252674 0.198901
v -0.000000 0.078417 -0.012639
v -0.000000 0.252674 -0.012639
v -0.049552 0.252674 0.025801
v -0.049552 0.078417 0.025801
v -0.099103 0.252674 0.042338
v -0.099103 0.078417 0.042338
v -0.152162 0.252674 0.042336
v -0.152162 0.078417 0.042336
v -0.205220 0.252674 0.025799
v -0.205220 0.078417 0.025799
v -0.230079 0.078417 0.025799
v -0.230079 0.252674 0.025799
v -0.216352 0.219446 -0.075554
v -0.000000 0.219446 0.054452
v -0.203817 0.219446 0.054452
v -0.000000 0.219446 -0.075554
v -0.203817 0.219446 -0.166017
v -0.000000 0.219446 -0.196015
v -0.216352 0.123070 -0.075554
v -0.203817 0.123070 0.054452
v -0.000000 0.123070 0.054452
v -0.000000 0.123070 -0.075554
v -0.203817 0.123070 -0.166017
v -0.000000 0.123070 -0.196015
v -0.216352 0.219446 -0.075554
v -0.203817 0.219446 0.054452
v -0.203817 0.123070 0.054452
v -0.216352 0.123070 -0.075554
v -0.203817 0.219446 -0.166017
v -0.203817 0.123070 -0.166017
v -0.000000 0.219446 -0.196015
v -0.203817 0.219446 -0.166017
v -0.203817 0.123070 -0.166017
v -0.000000 0.123070 -0.196015
v -0.101707 0.189646 0.217441
v -0.000000 0.189646 0.256668
v -0.000000 0.189646 0.003735
v -0.124920 0.189646 0.075652
v -0.255079 0.171984 0.155079
v -0.255079 0.250856 0.155079
v -0.225079 0.250856 0.155079
v -0.225079 0.171984 0.155079
v -0.175079 -0.165955 0.075079
v -0.175079 -0.165955 0.155079
v -0.175079 0.171984 0.155079
v -0.175079 0.171984 0.075079
v -0.255079 0.250856 0.155079
v -0.255079 0.171984 0.155079
v -0.255079 0.171984 0.075079
v -0.255079 0.250856 0.075079
v -0.230079 0.252674 0.025799
v -0.230079 0.252674 0.198901
v -0.230079 0.078417 0.198901
v -0.230079 0.078417 0.025799
v -0.255079 0.171984 0.075079
v -0.255079 0.171984 0.155079
v -0.225079 0.171984 0.155079
v -0.175079 0.171984 0.155079
v -0.175079 0.171984 0.075079
v -0.225079 0.171984 0.075079
v -0.225079 0.250856 0.075079
v -0.255079 0.250856 0.075079
v -0.255079 0.171984 0.075079
v -0.225079 0.171984 0.075079
v 0.175079 -0.165955 0.075079
v -0.225079 -0.213504 0.075079
v 0.225079 -0.213504 0.075079
v -0.175079 -0.165955 0.075079
v -0.175079 0.171984 0.075079
v -0.225079 0.171984 0.075079
v 0.175079 -0.165955 0.075079
v 0.175079 -0.165955 0.155079
v -0.175079 -0.165955 0.155079
v -0.175079 -0.165955 0.075079
v -0.225079 0.171984 0.155079
v -0.225079 -0.213504 0.155079
v -0.225079 -0.213504 0.075079
v -0.225079 0.171984 0.075079
v 0.225079 -0.213504 0.155079
v 0.225079 -0.213504 0.075079
v -0.225079 -0.213504 0.075079
v -0.225079 -0.213504 0.155079
v -0.175079 -0.165955 0.155079
v -0.225079 0.171984 0.155079
v -0.175079 0.171984 0.155079
v -0.225079 -0.213504 0.155079
v 0.225079 -0.213504 0.155079
v 0.175079 -0.165955 0.155079
v 0.124920 0.189646 0.075652
v 0.124920 0.271322 0.075652
v -0.000000 0.271322 0.003735
v -0.000000 0.189646 0.003735
v 0.166579 0.287939 0.249150
v 0.118948 0.346362 0.169037
v 0.146448 0.391121 0.185328
v 0.194079 0.332698 0.265441
v 0.309473 0.242996 0.131415
v 0.261842 0.236256 0.230339
v 0.289342 0.281014 0.246629
v 0.336973 0.287755 0.147706
v 0.166579 0.353102 0.070114
v 0.261842 0.301419 0.051303
v 0.289342 0.346178 0.067594
v 0.194079 0.397861 0.086405
v 0.118948 0.346362 0.169037
v 0.166579 0.353102 0.070114
v 0.194079 0.397861 0.086405
v 0.146448 0.391121 0.185328
v 0.261842 0.236256 0.230339
v 0.166579 0.287939 0.249150
v 0.194079 0.332698 0.265441
v 0.289342 0.281014 0.246629
v 0.261842 0.301419 0.051303
v 0.309473 0.242996 0.131415
v 0.336973 0.287755 0.147706
v 0.289342 0.346178 0.067594
v 0.270290 0.343482 0.107163
v 0.298868 0.308428 0.155231
v 0.276627 0.272228 0.142055
v 0.248048 0.307282 0.093988
v 0.213132 0.335394 0.225871
v 0.184553 0.370448 0.177804
v 0.162312 0.334248 0.164628
v 0.190891 0.299194 0.212696
v 0.298868 0.308428 0.155231
v 0.270290 0.304384 0.214585
v 0.248048 0.268184 0.201409
v 0.276627 0.272228 0.142055
v 0.213132 0.374492 0.118450
v 0.270290 0.343482 0.107163
v 0.248048 0.307282 0.093988
v 0.190891 0.338292 0.105274
v 0.184553 0.370448 0.177804
v 0.213132 0.374492 0.118450
v 0.190891 0.338292 0.105274
v 0.162312 0.334248 0.164628
v 0.270290 0.304384 0.214585
v 0.213132 0.335394 0.225871
v 0.190891 0.299194 0.212696
v 0.248048 0.268184 0.201409
v 0.120027 0.286098 0.147103
v 0.153369 0.245202 0.203182
v 0.129615 0.206540 0.189110
v 0.096273 0.247437 0.133031
v 0.220053 0.209024 0.190014
v 0.253395 0.213742 0.120768
v 0.229641 0.175080 0.106696
v 0.196299 0.170362 0.175942
v 0.220053 0.254638 0.064689
v 0.153369 0.290816 0.077857
v 0.129615 0.252155 0.063785
v 0.196299 0.215977 0.050617
v 0.153369 0.290816 0.077857
v 0.120027 0.286098 0.147103
v 0.096273 0.247437 0.133031
v 0.129615 0.252155 0.063785
v 0.153369 0.245202 0.203182
v 0.220053 0.209024 0.190014
v 0.196299 0.170362 0.175942
v 0.129615 0.206540 0.189110
v 0.253395 0.213742 0.120768
v 0.220053 0.254638 0.064689
v 0.196299 0.215977 0.050617
v 0.229641 0.175080 0.106696
v 0.263374 0.289845 0.211741
v 0.203916 0.322103 0.223482
v 0.174187 0.358568 0.173480
v 0.293103 0.294052 0.149998
v 0.203916 0.362775 0.111737
v 0.263374 0.330517 0.099996
v 0.234342 0.256660 0.035012
v 0.281973 0.198237 0.115124
v 0.309473 0.242996 0.131415
v 0.261842 0.301419 0.051303
v 0.234342 0.191497 0.214048
v 0.139079 0.243180 0.232859
v 0.166579 0.287939 0.249150
v 0.261842 0.236256 0.230339
v 0.091448 0.301603 0.152747
v 0.139079 0.308343 0.053823
v 0.166579 0.353102 0.070114
v 0.118948 0.346362 0.169037
v 0.139079 0.308343 0.053823
v 0.234342 0.256660 0.035012
v 0.261842 0.301419 0.051303
v 0.166579 0.353102 0.070114
v 0.281973 0.198237 0.115124
v 0.234342 0.191497 0.214048
v 0.261842 0.236256 0.230339
v 0.309473 0.242996 0.131415
v 0.139079 0.243180 0.232859
v 0.091448 0.301603 0.152747
v 0.118948 0.346362 0.169037
v 0.166579 0.287939 0.249150
v -0.000000 0.189646 0.256668
v -0.000000 0.271322 0.256668
v 0.101707 0.271322 0.217441
v 0.101707 0.189646 0.217441
v 0.101707 0.189646 0.217441
v 0.124920 0.271322 0.075652
v 0.124920 0.189646 0.075652
v 0.127532 0.269129 -0.017439
v 0.070739 0.269129 -0.017439
v 0.070739 0.230852 -0.017439
v 0.127532 0.230852 -0.017439
v 0.042343 0.269129 -0.066623
v 0.070739 0.269129 -0.115807
v 0.070739 0.230852 -0.115807
v 0.042343 0.230852 -0.066623
v 0.070739 0.269129 -0.115807
v 0.127532 0.269129 -0.115807
v 0.127532 0.230852 -0.115807
v 0.070739 0.230852 -0.115807
v 0.155928 0.269129 -0.066623
v 0.127532 0.269129 -0.017439
v 0.127532 0.230852 -0.017439
v 0.155928 0.230852 -0.066623
v 0.070739 0.269129 -0.017439
v 0.042343 0.269129 -0.066623
v 0.042343 0.230852 -0.066623
v 0.070739 0.230852 -0.017439
v 0.127532 0.269129 -0.115807
v 0.155928 0.269129 -0.066623
v 0.155928 0.230852 -0.066623
v 0.127532 0.230852 -0.115807
v 0.146462 0.174475 -0.148596
v 0.193790 0.174475 -0.066623
v 0.193790 0.269129 -0.066623
v 0.146462 0.269129 -0.148596
v 0.146462 0.174475 0.015350
v 0.051808 0.174475 0.015350
v 0.051808 0.269129 0.015350
v 0.146462 0.269129 0.015350
v 0.004481 0.174475 -0.066623
v 0.051808 0.174475 -0.148596
v 0.051808 0.269129 -0.148596
v 0.004481 0.269129 -0.066623
v 0.051808 0.174475 -0.148596
v 0.146462 0.174475 -0.148596
v 0.146462 0.269129 -0.148596
v 0.051808 0.269129 -0.148596
v 0.193790 0.174475 -0.066623
v 0.146462 0.174475 0.015350
v 0.146462 0.269129 0.015350
v 0.193790 0.269129 -0.066623
v 0.051808 0.174475 0.015350
v 0.004481 0.174475 -0.066623
v 0.004481 0.269129 -0.066623
v 0.051808 0.269129 0.015350
v 0.230079 0.252674 0.025799
v 0.230079 0.252674 0.198901
v -0.000000 0.252674 0.198901
v 0.152162 0.252674 0.042336
v 0.205220 0.252674 0.025799
v 0.099103 0.252674 0.042338
v 0.049552 0.252674 0.025801
v -0.000000 0.252674 -0.012639
v -0.000000 0.252674 0.198901
v 0.230079 0.252674 0.198901
v 0.230079 0.078417 0.198901
v -0.000000 0.078417 0.198901
v -0.000000 0.078417 -0.012639
v 0.049552 0.252674 0.025801
v -0.000000 0.252674 -0.012639
v 0.049552 0.078417 0.025801
v 0.099103 0.252674 0.042338
v 0.099103 0.078417 0.042338
v 0.152162 0.252674 0.042336
v 0.152162 0.078417 0.042336
v 0.205220 0.252674 0.025799
v 0.205220 0.078417 0.025799
v 0.230079 0.078417 0.025799
v 0.230079 0.252674 0.025799
v 0.216352 0.219446 -0.075554
v 0.203817 0.219446 0.054452
v -0.000000 0.219446 0.054452
v -0.000000 0.219446 -0.075554
v 0.203817 0.219446 -0.166017
v -0.000000 0.219446 -0.196015
v 0.216352 0.123070 -0.075554
v -0.000000 0.123070 0.054452
v 0.203817 0.123070 0.054452
v -0.000000 0.123070 -0.075554
v 0.203817 0.123070 -0.166017
v -0.000000 0.123070 -0.196015
v 0.216352 0.219446 -0.075554
v 0.203817 0.123070 0.054452
v 0.203817 0.219446 0.054452
v 0.216352 0.123070 -0.075554
v 0.203817 0.219446 -0.166017
v 0.203817 0.123070 -0.166017
v -0.000000 0.219446 -0.196015
v -0.000000 0.123070 -0.196015
v 0.203817 0.123070 -0.166017
v 0.203817 0.219446 -0.166017
v 0.101707 0.189646 0.217441
v 0.124920 0.189646 0.075652
v -0.000000 0.189646 0.003735
v -0.000000 0.189646 0.256668
v 0.255079 0.171984 0.155079
v 0.225079 0.171984 0.155079
v 0.225079 0.250856 0.155079
v 0.255079 0.250856 0.155079
v 0.175079 -0.165955 0.075079
v 0.175079 0.171984 0.075079
v 0.175079 0.171984 0.155079
v 0.175079 -0.165955 0.155079
v 0.255079 0.250856 0.155079
v 0.255079 0.250856 0.075079
v 0.255079 0.171984 0.075079
v 0.255079 0.171984 0.155079
v 0.230079 0.078417 0.025799
v 0.230079 0.078417 0.198901
v 0.230079 0.252674 0.198901
v 0.230079 0.252674 0.025799
v 0.049552 0.078417 0.025801
v -0.000000 0.078417 -0.012639
v -0.000000 0.078417 0.198901
v 0.099103 0.078417 0.042338
v 0.152162 0.078417 0.042336
v 0.230079 0.078417 0.025799
v 0.230079 0.078417 0.198901
v 0.205220 0.078417 0.025799
v 0.175079 0.171984 0.075079
v 0.175079 0.171984 0.155079
v 0.225079 0.171984 0.155079
v 0.255079 0.171984 0.155079
v 0.255079 0.171984 0.075079
v 0.225079 0.171984 0.075079
v 0.225079 0.250856 0.075079
v 0.225079 0.171984 0.075079
v 0.255079 0.171984 0.075079
v 0.255079 0.250856 0.075079
v 0.225079 0.171984 0.155079
v 0.225079 0.171984 0.075079
v 0.225079 -0.213504 0.075079
v 0.225079 -0.213504 0.155079
v 0.225079 -0.213504 0.075079
v 0.225079 0.171984 0.075079
v 0.175079 0.171984 0.075079
v 0.175079 -0.165955 0.075079
v 0.175079 -0.165955 0.155079
v 0.175079 0.171984 0.155079
v 0.225079 0.171984 0.155079
v 0.225079 -0.213504 0.155079
v -0.037262 -0.201670 -0.179239
v 0.037262 -0.201670 -0.211334
v -0.037262 -0.201670 -0.211334
v 0.037262 -0.201670 -0.179239
v -0.037262 -0.201670 0.155081
v 0.037262 -0.201670 0.155081
v 0.037262 -0.165955 -0.179239
v 0.037262 0.215739 -0.179239
v 0.037262 0.215739 -0.211334
v 0.037262 -0.165955 -0.211334
v 0.037262 -0.201670 -0.179239
v 0.037262 -0.201670 -0.211334
v 0.037262 -0.201670 0.155081
v 0.037262 -0.165955 0.155081
v 0.037262 0.215739 -0.179239
v -0.037262 0.215739 -0.179239
v -0.037262 0.215739 -0.211334
v 0.037262 0.215739 -0.211334
v 0.037262 -0.165955 -0.211334
v 0.037262 0.215739 -0.211334
v -0.037262 0.215739 -0.211334
v -0.037262 -0.165955 -0.211334
v 0.037262 -0.201670 -0.211334
v -0.037262 -0.201670 -0.211334
v -0.037262 -0.201670 0.155081
v -0.037262 -0.165955 0.155081
v 0.037262 -0.165955 0.155081
v 0.037262 -0.201670 0.155081
v -0.037262 0.215739 -0.179239
v -0.037262 -0.165955 -0.211334
v -0.037262 0.215739 -0.211334
v -0.037262 -0.165955 -0.179239
v -0.037262 -0.201670 -0.211334
v -0.037262 -0.201670 -0.179239
v -0.037262 -0.165955 0.155081
v -0.037262 -0.201670 0.155081
v -0.037262 -0.165955 0.155081
v -0.037262 -0.165955 -0.179239
v 0.037262 -0.165955 -0.179239
v 0.037262 -0.165955 0.155081
v -0.037262 -0.165955 -0.179239
v -0.037262 0.215739 -0.179239
v 0.037262 0.215739 -0.179239
v 0.037262 -0.165955 -0.179239
v -0.000000 0.303216 0.078223
v -0.000000 0.343216 0.078223
v -0.053670 0.343216 0.108739
v -0.053670 0.303216 0.108739
v 0.053670 0.303216 0.108739
v 0.053670 0.343216 0.108739
v -0.000000 0.343216 0.078223
v -0.000000 0.303216 0.078223
v -0.089450 0.303216 0.087662
v -0.053670 0.303216 0.108739
v -0.045090 0.303216 0.177302
v -0.075150 0.303216 0.201933
v -0.124920 0.271322 0.075652
v -0.000000 0.303216 0.191826
v -0.101707 0.271322 0.217441
v -0.000000 0.303216 0.226141
v 0.045090 0.303216 0.177302
v -0.000000 0.303216 0.226141
v -0.000000 0.271322 0.256668
v 0.101707 0.271322 0.217441
v 0.075150 0.303216 0.201933
v 0.053670 0.303216 0.108739
v 0.124920 0.271322 0.075652
v 0.089450 0.303216 0.087662
v 0.045090 0.303216 0.177302
v 0.045090 0.343216 0.177302
v 0.053670 0.343216 0.108739
v 0.053670 0.303216 0.108739
v -0.000000 0.303216 0.191826
v 0.045090 0.343216 0.177302
v 0.045090 0.303216 0.177302
v -0.000000 0.343216 0.191826
v -0.045090 0.303216 0.177302
v -0.045090 0.343216 0.177302
v -0.053670 0.303216 0.108739
v -0.053670 0.343216 0.108739
v -0.045090 0.343216 0.177302
v -0.045090 0.303216 0.177302
v -0.079086 0.386300 0.124647
v -0.054721 0.435832 0.191900
v -0.057505 0.386300 0.194034
v -0.075354 0.435832 0.126568
v -0.057504 0.386300 0.042161
v -0.041920 0.528065 0.199586
v -0.054722 0.435833 0.049275
v -0.060653 0.528065 0.147064
v -0.024524 0.592971 0.215812
v -0.041919 0.528066 0.084105
v -0.041361 0.592971 0.187630
v -0.000000 0.680076 0.251681
v -0.024525 0.592971 0.132878
v -0.000000 0.680076 0.251681
v 0.082817 0.336767 0.122725
v -0.060288 0.336767 0.196167
v 0.060288 0.336767 0.196167
v -0.082817 0.336767 0.122725
v 0.060287 0.336767 0.035047
v -0.060287 0.336767 0.035047
v 0.060288 0.336767 0.196167
v -0.060288 0.336767 0.196167
v -0.057505 0.386300 0.194034
v 0.057505 0.386300 0.194034
v 0.024524 0.592971 0.215812
v -0.024524 0.592971 0.215812
v -0.000000 0.680076 0.251681
v 0.041920 0.528065 0.199586
v -0.041920 0.528065 0.199586
v 0.054721 0.435832 0.191900
v -0.054721 0.435832 0.191900
v 0.057505 0.386300 0.194034
v -0.057505 0.386300 0.194034
v 0.054722 0.435833 0.049275
v -0.057504 0.386300 0.042161
v 0.057504 0.386300 0.042161
v -0.054722 0.435833 0.049275
v 0.041919 0.528066 0.084105
v -0.041919 0.528066 0.084105
v 0.024525 0.592971 0.132878
v -0.024525 0.592971 0.132878
v -0.000000 0.680076 0.251681
v -0.060287 0.336767 0.035047
v -0.057504 0.386300 0.042161
v -0.079086 0.386300 0.124647
v -0.082817 0.336767 0.122725
v -0.057505 0.386300 0.194034
v -0.060288 0.336767 0.196167
v 0.057504 0.386300 0.042161
v -0.057504 0.386300 0.042161
v -0.060287 0.336767 0.035047
v 0.060287 0.336767 0.035047
v 0.079086 0.386300 0.124647
v 0.057505 0.386300 0.194034
v 0.054721 0.435832 0.191900
v 0.075354 0.435832 0.126568
v 0.057504 0.386300 0.042161
v 0.041920 0.528065 0.199586
v 0.054722 0.435833 0.049275
v 0.060653 0.528065 0.147064
v 0.024524 0.592971 0.215812
v 0.041919 0.528066 0.084105
v 0.041361 0.592971 0.187630
v -0.000000 0.680076 0.251681
v 0.024525 0.592971 0.132878
v -0.000000 0.680076 0.251681
v 0.060287 0.336767 0.035047
v 0.079086 0.386300 0.124647
v 0.057504 0.386300 0.042161
v 0.082817 0.336767 0.122725
v 0.057505 0.386300 0.194034
v 0.060288 0.336767 0.196167
v -0.230079 0.078417 0.025799
v -0.230079 0.078417 0.198901
v -0.000000 0.078417 0.198901
v -0.152162 0.078417 0.042336
v -0.205220 0.078417 0.025799
v -0.099103 0.078417 0.042338
v -0.049552 0.078417 0.025801
v -0.000000 0.078417 -0.012639
v 0.004481 0.269129 -0.066623
v 0.051808 0.269129 -0.148596
v 0.070739 0.269129 -0.115807
v 0.042343 0.269129 -0.066623
v 0.127532 0.269129 -0.115807
v 0.051808 0.269129 0.015350
v 0.146462 0.269129 -0.148596
v 0.070739 0.269129 -0.017439
v 0.155928 0.269129 -0.066623
v 0.146462 0.269129 0.015350
v 0.193790 0.269129 -0.066623
v 0.127532 0.269129 -0.017439
v 0.289342 0.281014 0.246629
v 0.194079 0.332698 0.265441
v 0.213132 0.335394 0.225871
v 0.270290 0.304384 0.214585
v 0.184553 0.370448 0.177804
v 0.336973 0.287755 0.147706
v 0.146448 0.391121 0.185328
v 0.298868 0.308428 0.155231
v 0.213132 0.374492 0.118450
v 0.289342 0.346178 0.067594
v 0.194079 0.397861 0.086405
v 0.270290 0.343482 0.107163
v -0.004481 0.269129 -0.066623
v -0.042343 0.269129 -0.066623
v -0.070739 0.269129 -0.115807
v -0.051808 0.269129 0.015350
v -0.051808 0.269129 -0.148596
v -0.070739 0.269129 -0.017439
v -0.127532 0.269129 -0.115807
v -0.146462 0.269129 0.015350
v -0.146462 0.269129 -0.148596
v -0.127532 0.269129 -0.017439
v -0.155928 0.269129 -0.066623
v -0.193790 0.269129 -0.066623
v -0.289342 0.281014 0.246629
v -0.213132 0.335394 0.225871
v -0.194079 0.332698 0.265441
v -0.270290 0.304384 0.214585
v -0.184553 0.370448 0.177804
v -0.336973 0.287755 0.147706
v -0.146448 0.391121 0.185328
v -0.298868 0.308428 0.155231
v -0.213132 0.374492 0.118450
v -0.289342 0.346178 0.067594
v -0.194079 0.397861 0.086405
v -0.270290 0.343482 0.107163
v 0.091448 0.301603 0.152747
v 0.153369 0.245202 0.203182
v 0.120027 0.286098 0.147103
v 0.139079 0.243180 0.232859
v 0.139079 0.308343 0.053823
v 0.220053 0.209024 0.190014
v 0.153369 0.290816 0.077857
v 0.234342 0.191497 0.214048
v 0.234342 0.256660 0.035012
v 0.253395 0.213742 0.120768
v 0.220053 0.254638 0.064689
v 0.281973 0.198237 0.115124
v -0.091448 0.301603 0.152747
v -0.120027 0.286098 0.147103
v -0.153369 0.245202 0.203182
v -0.139079 0.243180 0.232859
v -0.139079 0.308343 0.053823
v -0.220053 0.209024 0.190014
v -0.153369 0.290816 0.077857
v -0.234342 0.191497 0.214048
v -0.234342 0.256660 0.035012
v -0.253395 0.213742 0.120768
v -0.220053 0.254638 0.064689
v -0.281973 0.198237 0.115124
v -0.161522 0.255248 -0.117787
v -0.036748 0.255248 -0.117787
v -0.036748 0.255248 -0.015460
v -0.161522 0.255248 -0.015460
v -0.245079 -0.232376 0.088201
v -0.245079 0.186218 0.088201
v -0.245079 0.186218 0.141961
v -0.245079 -0.232376 0.141961
v 0.215079 -0.203504 0.088201
v -0.245079 -0.232376 0.088201
v 0.245079 -0.232376 0.088201
v -0.215079 -0.203504 0.088201
v -0.215079 0.186218 0.088201
v -0.245079 0.186218 0.088201
v 0.215079 -0.203504 0.141961
v 0.245079 -0.232376 0.141961
v -0.245079 -0.232376 0.141961
v -0.215079 -0.203504 0.141961
v -0.215079 0.186218 0.141961
v -0.245079 0.186218 0.141961
v 0.161522 0.255248 -0.117787
v 0.161522 0.255248 -0.015460
v 0.036748 0.255248 -0.015460
v 0.036748 0.255248 -0.117787
v 0.245079 -0.232376 0.088201
v 0.245079 -0.232376 0.141961
v 0.245079 0.186218 0.141961
v 0.245079 0.186218 0.088201
v 0.245079 -0.232376 0.088201
v 0.245079 0.186218 0.088201
v 0.215079 0.186218 0.088201
v 0.215079 -0.203504 0.088201
v 0.245079 -0.232376 0.141961
v 0.215079 -0.203504 0.141961
v 0.215079 0.186218 0.141961
v 0.245079 0.186218 0.141961
v -0.245079 -0.232376 0.088201
v -0.245079 -0.232376 0.141961
v 0.245079 -0.232376 0.141961
v 0.245079 -0.232376 0.088201
v -0.279983 0.299043 0.080464
v -0.164212 0.361852 0.103325
v -0.164212 0.315989 0.229333
v -0.279983 0.253180 0.206472
v -0.161522 0.241120 -0.117787
v -0.036748 0.241120 -0.117787
v -0.036748 0.241120 -0.015460
v -0.161522 0.241120 -0.015460
v -0.237609 -0.226230 0.097466
v -0.237609 0.194751 0.097466
v -0.237609 0.194751 0.132696
v -0.237609 -0.226230 0.132696
v 0.210086 -0.199741 0.097466
v -0.237609 -0.226230 0.097466
v 0.237609 -0.226230 0.097466
v -0.210086 -0.199741 0.097466
v -0.210086 0.194751 0.097466
v -0.237609 0.194751 0.097466
v 0.210086 -0.199741 0.132696
v 0.237609 -0.226230 0.132696
v -0.237609 -0.226230 0.132696
v -0.210086 -0.199741 0.132696
v -0.210086 0.194751 0.132696
v -0.237609 0.194751 0.132696
v 0.279983 0.299043 0.080464
v 0.279983 0.253180 0.206472
v 0.164212 0.315989 0.229333
v 0.164212 0.361852 0.103325
v 0.161522 0.241120 -0.117787
v 0.161522 0.241120 -0.015460
v 0.036748 0.241120 -0.015460
v 0.036748 0.241120 -0.117787
v 0.237609 -0.226230 0.097466
v 0.237609 -0.226230 0.132696
v 0.237609 0.194751 0.132696
v 0.237609 0.194751 0.097466
v 0.237609 -0.226230 0.097466
v 0.237609 0.194751 0.097466
v 0.210086 0.194751 0.097466
v 0.210086 -0.199741 0.097466
v 0.237609 -0.226230 0.132696
v 0.210086 -0.199741 0.132696
v 0.210086 0.194751 0.132696
v 0.237609 0.194751 0.132696
v -0.237609 -0.226230 0.097466
v -0.237609 -0.226230 0.132696
v 0.237609 -0.226230 0.132696
v 0.237609 -0.226230 0.097466
vt 0.0308227539 0.788085938
vt 0.0280303955 0.789550781
vt 0.0234375 0.782714844
vt 0.0280303955 0.788085938
vt 0.0207672119 0.904296875
vt 0.0162963867 0.908203125
vt 0.0162963867 0.908203125
vt 0.0207672119 0.904296875
vt 0.0162963867 0.908203125
vt 0.0207672119 0.904296875
vt 0.0162963867 0.908203125
vt 0.0162963867 0.908203125
vt 0.0162963867 0.908203125
vt 0.0230712891 0.912597656
vt 0.020904541 0.912597656
vt 0.020904541 0.915039062
vt 0.0230712891 0.915039062
vt 0.0230712891 0.90625
vt 0.020904541 0.90625
vt 0.020904541 0.908203125
vt 0.0230712891 0.908203125
vt 0.0274047852 0.908203125
vt 0.0252380371 0.908203125
vt 0.0252380371 0.912597656
vt 0.0274047852 0.912597656
vt 0.0274047852 0.90625
vt 0.0252380371 0.90625
vt 0.0252380371 0.908203125
vt 0.0274047852 0.908203125
vt 0.0230712891 0.908203125
vt 0.020904541 0.908203125
vt 0.020904541 0.912597656
vt 0.0230712891 0.912597656
vt 0.0274047852 0.912597656
vt 0.0252380371 0.912597656
vt 0.0252380371 0.915039062
vt 0.0274047852 0.915039062
vt 0.0406799316 0.901367188
vt 0.0389099121 0.901367188
vt 0.0389099121 0.902832031
vt 0.0406799316 0.902832031
vt 0.0395812988 0.915039062
vt 0.0378112793 0.915039062
vt 0.0378112793 0.916503906
vt 0.0395812988 0.916503906
vt 0.0395812988 0.911621094
vt 0.0378112793 0.911621094
vt 0.0378112793 0.912597656
vt 0.0395812988 0.912597656
vt 0.0406799316 0.898925781
vt 0.0389099121 0.898925781
vt 0.0389099121 0.901367188
vt 0.0406799316 0.901367188
vt 0.0406799316 0.897460938
vt 0.0389099121 0.897460938
vt 0.0389099121 0.898925781
vt 0.0406799316 0.898925781
vt 0.0395812988 0.912597656
vt 0.0378112793 0.912597656
vt 0.0378112793 0.915039062
vt 0.0395812988 0.915039062
vt 0.0313110352 0.791992188
vt 0.033416748 0.791992188
vt 0.033416748 0.791015625
vt 0.0313110352 0.791015625
vt 0.0313110352 0.788574219
vt 0.033416748 0.788574219
vt 0.033416748 0.787597656
vt 0.0313110352 0.787597656
vt 0.0320739746 0.78125
vt 0.0341796875 0.78125
vt 0.0341796875 0.778808594
vt 0.0320739746 0.778808594
vt 0.0320739746 0.778808594
vt 0.0341796875 0.778808594
vt 0.0341796875 0.777832031
vt 0.0320739746 0.777832031
vt 0.0313110352 0.791015625
vt 0.033416748 0.791015625
vt 0.033416748 0.788574219
vt 0.0313110352 0.788574219
vt 0.0320739746 0.782226562
vt 0.0341796875 0.782226562
vt 0.0341796875 0.78125
vt 0.0320739746 0.78125
vt 0.14440918 0.927734375
vt 0.243408203 0.984375
vt 0.342285156 0.927734375
vt 0.342285156 0.814453125
vt 0.14440918 0.814453125
vt 0.243408203 0.7578125
vt 0.0276184082 0.788574219
vt 0.0260925293 0.788574219
vt 0.0260925293 0.790039062
vt 0.0276184082 0.790039062
vt 0.0245666504 0.785644531
vt 0.0230407715 0.785644531
vt 0.0230407715 0.788574219
vt 0.0245666504 0.788574219
vt 0.0276184082 0.784179688
vt 0.0260925293 0.784179688
vt 0.0260925293 0.785644531
vt 0.0276184082 0.785644531
vt 0.0276184082 0.785644531
vt 0.0260925293 0.785644531
vt 0.0260925293 0.788574219
vt 0.0276184082 0.788574219
vt 0.0245666504 0.784179688
vt 0.0230407715 0.784179688
vt 0.0230407715 0.785644531
vt 0.0245666504 0.785644531
vt 0.0245666504 0.788574219
vt 0.0230407715 0.788574219
vt 0.0230407715 0.790039062
vt 0.0245666504 0.790039062
vt 0.0308227539 0.78125
vt 0.0308227539 0.784667969
vt 0.0280303955 0.784667969
vt 0.0280303955 0.78125
vt 0.0308227539 0.784667969
vt 0.0280303955 0.788085938
vt 0.0308227539 0.788085938
vt 0.0395812988 0.912597656
vt 0.0378112793 0.912597656
vt 0.0378112793 0.915039062
vt 0.0395812988 0.915039062
vt 0.0406799316 0.897460938
vt 0.0389099121 0.897460938
vt 0.0389099121 0.898925781
vt 0.0406799316 0.898925781
vt 0.0406799316 0.898925781
vt 0.0389099121 0.898925781
vt 0.0389099121 0.901367188
vt 0.0406799316 0.901367188
vt 0.0395812988 0.911621094
vt 0.0378112793 0.911621094
vt 0.0378112793 0.912597656
vt 0.0395812988 0.912597656
vt 0.0395812988 0.915039062
vt 0.0378112793 0.915039062
vt 0.0378112793 0.916503906
vt 0.0395812988 0.916503906
vt 0.0406799316 0.901367188
vt 0.0389099121 0.901367188
vt 0.0389099121 0.902832031
vt 0.0406799316 0.902832031
vt 0.0295715332 0.912597656
vt 0.0252380371 0.912597656
vt 0.0252380371 0.915039062
vt 0.0295715332 0.915039062
vt 0.0252380371 0.908203125
vt 0.020904541 0.908203125
vt 0.020904541 0.912597656
vt 0.0252380371 0.912597656
vt 0.0295715332 0.90625
vt 0.0252380371 0.90625
vt 0.0252380371 0.908203125
vt 0.0295715332 0.908203125
vt 0.0295715332 0.908203125
vt 0.0252380371 0.908203125
vt 0.0252380371 0.912597656
vt 0.0295715332 0.912597656
vt 0.0252380371 0.90625
vt 0.020904541 0.90625
vt 0.020904541 0.908203125
vt 0.0252380371 0.908203125
vt 0.0252380371 0.912597656
vt 0.020904541 0.912597656
vt 0.020904541 0.915039062
vt 0.0252380371 0.915039062
vt 0.0238037109 0.895996094
vt 0.0216674805 0.89453125
vt 0.0216674805 0.903320312
vt 0.0259399414 0.896972656
vt 0.0282287598 0.896972656
vt 0.0305023193 0.896972656
vt 0.0305023193 0.903320312
vt 0.0305023193 0.896972656
vt 0.0242462158 0.912109375
vt 0.02684021 0.912109375
vt 0.02684021 0.903320312
vt 0.0242462158 0.903320312
vt 0.0242462158 0.903320312
vt 0.0216674805 0.903320312
vt 0.0216674805 0.905761719
vt 0.0242462158 0.905761719
vt 0.0216674805 0.908203125
vt 0.0242462158 0.908203125
vt 0.0216674805 0.91015625
vt 0.0242462158 0.91015625
vt 0.0216674805 0.912109375
vt 0.0242462158 0.912109375
vt 0.0242462158 0.912109375
vt 0.0216674805 0.912109375
vt 0.0356445312 0.778808594
vt 0.0279388428 0.783203125
vt 0.0351867676 0.783203125
vt 0.0279388428 0.778808594
vt 0.0351867676 0.775878906
vt 0.0279388428 0.775878906
vt 0.0202331543 0.778808594
vt 0.0206756592 0.783203125
vt 0.0279388428 0.783203125
vt 0.0279388428 0.778808594
vt 0.0206756592 0.775878906
vt 0.0279388428 0.775878906
vt 0.0236663818 0.788085938
vt 0.0236663818 0.783203125
vt 0.0202331543 0.783203125
vt 0.0202331543 0.788085938
vt 0.0236663818 0.791015625
vt 0.0202331543 0.791015625
vt 0.0236663818 0.783203125
vt 0.0236663818 0.790527344
vt 0.0270996094 0.790527344
vt 0.0270996094 0.783203125
vt 0.0308227539 0.784667969
vt 0.0308227539 0.78125
vt 0.0280303955 0.789550781
vt 0.0308227539 0.788085938
vt 0.549804688 0.239746094
vt 0.267089844 0.239746094
vt 0.267089844 0.381103516
vt 0.549804688 0.381103516
vt 0.0319213867 0.9140625
vt 0.0285949707 0.9140625
vt 0.0285949707 0.917480469
vt 0.0319213867 0.917480469
vt 0.267089844 0.522460938
vt 0.549804688 0.522460938
vt 0.549804688 0.239257812
vt 0.267089844 0.239257812
vt 0.0294189453 0.91015625
vt 0.0294189453 0.903320312
vt 0.02684021 0.903320312
vt 0.02684021 0.91015625
vt 0.0196228027 0.714355469
vt 0.0196228027 0.726074219
vt 0.0254211426 0.726074219
vt 0.0312347412 0.726074219
vt 0.0312347412 0.714355469
vt 0.0254211426 0.714355469
vt 0.267578125 0.379394531
vt 0.267578125 0.520996094
vt 0.550292969 0.520996094
vt 0.550292969 0.379394531
vt 0.0252685547 0.909667969
vt 0.0236053467 0.913085938
vt 0.0236053467 0.913085938
vt 0.0252685547 0.909667969
vt 0.0252685547 0.90625
vt 0.0236053467 0.90625
vt 0.0319213867 0.9140625
vt 0.0285949707 0.9140625
vt 0.0285949707 0.9140625
vt 0.0319213867 0.9140625
vt 0.0202789307 0.917480469
vt 0.0202789307 0.91015625
vt 0.0236053467 0.913085938
vt 0.0236053467 0.90625
vt 0.0202789307 0.91015625
vt 0.0236053467 0.913085938
vt 0.0236053467 0.913085938
vt 0.0202789307 0.91015625
vt 0.0219421387 0.9140625
vt 0.0202789307 0.917480469
vt 0.0219421387 0.917480469
vt 0.0202789307 0.91015625
vt 0.0202789307 0.91015625
vt 0.0219421387 0.9140625
vt 0.0308227539 0.788085938
vt 0.0280303955 0.788085938
vt 0.0234375 0.782714844
vt 0.0280303955 0.789550781
vt 0.0230712891 0.912597656
vt 0.0230712891 0.915039062
vt 0.020904541 0.915039062
vt 0.020904541 0.912597656
vt 0.0230712891 0.90625
vt 0.0230712891 0.908203125
vt 0.020904541 0.908203125
vt 0.020904541 0.90625
vt 0.0274047852 0.908203125
vt 0.0274047852 0.912597656
vt 0.0252380371 0.912597656
vt 0.0252380371 0.908203125
vt 0.0274047852 0.90625
vt 0.0274047852 0.908203125
vt 0.0252380371 0.908203125
vt 0.0252380371 0.90625
vt 0.0230712891 0.908203125
vt 0.0230712891 0.912597656
vt 0.020904541 0.912597656
vt 0.020904541 0.908203125
vt 0.0274047852 0.912597656
vt 0.0274047852 0.915039062
vt 0.0252380371 0.915039062
vt 0.0252380371 0.912597656
vt 0.0406799316 0.901367188
vt 0.0406799316 0.902832031
vt 0.0389099121 0.902832031
vt 0.0389099121 0.901367188
vt 0.0395812988 0.915039062
vt 0.0395812988 0.916503906
vt 0.0378112793 0.916503906
vt 0.0378112793 0.915039062
vt 0.0395812988 0.911621094
vt 0.0395812988 0.912597656
vt 0.0378112793 0.912597656
vt 0.0378112793 0.911621094
vt 0.0406799316 0.898925781
vt 0.0406799316 0.901367188
vt 0.0389099121 0.901367188
vt 0.0389099121 0.898925781
vt 0.0406799316 0.897460938
vt 0.0406799316 0.898925781
vt 0.0389099121 0.898925781
vt 0.0389099121 0.897460938
vt 0.0395812988 0.912597656
vt 0.0395812988 0.915039062
vt 0.0378112793 0.915039062
vt 0.0378112793 0.912597656
vt 0.0313110352 0.791992188
vt 0.0313110352 0.791015625
vt 0.033416748 0.791015625
vt 0.033416748 0.791992188
vt 0.0313110352 0.788574219
vt 0.0313110352 0.787597656
vt 0.033416748 0.787597656
vt 0.033416748 0.788574219
vt 0.0320739746 0.78125
vt 0.0320739746 0.778808594
vt 0.0341796875 0.778808594
vt 0.0341796875 0.78125
vt 0.0320739746 0.778808594
vt 0.0320739746 0.777832031
vt 0.0341796875 0.777832031
vt 0.0341796875 0.778808594
vt 0.0313110352 0.791015625
vt 0.0313110352 0.788574219
vt 0.033416748 0.788574219
vt 0.033416748 0.791015625
vt 0.0320739746 0.782226562
vt 0.0320739746 0.78125
vt 0.0341796875 0.78125
vt 0.0341796875 0.782226562
vt 0.342285156 0.927734375
vt 0.243408203 0.984375
vt 0.14440918 0.927734375
vt 0.342285156 0.814453125
vt 0.14440918 0.814453125
vt 0.243408203 0.7578125
vt 0.0276184082 0.788574219
vt 0.0276184082 0.790039062
vt 0.0260925293 0.790039062
vt 0.0260925293 0.788574219
vt 0.0245666504 0.785644531
vt 0.0245666504 0.788574219
vt 0.0230407715 0.788574219
vt 0.0230407715 0.785644531
vt 0.0276184082 0.784179688
vt 0.0276184082 0.785644531
vt 0.0260925293 0.785644531
vt 0.0260925293 0.784179688
vt 0.0276184082 0.785644531
vt 0.0276184082 0.788574219
vt 0.0260925293 0.788574219
vt 0.0260925293 0.785644531
vt 0.0245666504 0.784179688
vt 0.0245666504 0.785644531
vt 0.0230407715 0.785644531
vt 0.0230407715 0.784179688
vt 0.0245666504 0.788574219
vt 0.0245666504 0.790039062
vt 0.0230407715 0.790039062
vt 0.0230407715 0.788574219
vt 0.0308227539 0.78125
vt 0.0280303955 0.78125
vt 0.0280303955 0.784667969
vt 0.0308227539 0.784667969
vt 0.0308227539 0.784667969
vt 0.0280303955 0.788085938
vt 0.0308227539 0.788085938
vt 0.0395812988 0.912597656
vt 0.0395812988 0.915039062
vt 0.0378112793 0.915039062
vt 0.0378112793 0.912597656
vt 0.0406799316 0.897460938
vt 0.0406799316 0.898925781
vt 0.0389099121 0.898925781
vt 0.0389099121 0.897460938
vt 0.0406799316 0.898925781
vt 0.0406799316 0.901367188
vt 0.0389099121 0.901367188
vt 0.0389099121 0.898925781
vt 0.0395812988 0.911621094
vt 0.0395812988 0.912597656
vt 0.0378112793 0.912597656
vt 0.0378112793 0.911621094
vt 0.0395812988 0.915039062
vt 0.0395812988 0.916503906
vt 0.0378112793 0.916503906
vt 0.0378112793 0.915039062
vt 0.0406799316 0.901367188
vt 0.0406799316 0.902832031
vt 0.0389099121 0.902832031
vt 0.0389099121 0.901367188
vt 0.0295715332 0.912597656
vt 0.0295715332 0.915039062
vt 0.0252380371 0.915039062
vt 0.0252380371 0.912597656
vt 0.0252380371 0.908203125
vt 0.0252380371 0.912597656
vt 0.020904541 0.912597656
vt 0.020904541 0.908203125
vt 0.0295715332 0.90625
vt 0.0295715332 0.908203125
vt 0.0252380371 0.908203125
vt 0.0252380371 0.90625
vt 0.0295715332 0.908203125
vt 0.0295715332 0.912597656
vt 0.0252380371 0.912597656
vt 0.0252380371 0.908203125
vt 0.0252380371 0.90625
vt 0.0252380371 0.908203125
vt 0.020904541 0.908203125
vt 0.020904541 0.90625
vt 0.0252380371 0.912597656
vt 0.0252380371 0.915039062
vt 0.020904541 0.915039062
vt 0.020904541 0.912597656
vt 0.0305023193 0.896972656
vt 0.0305023193 0.903320312
vt 0.0216674805 0.903320312
vt 0.0282287598 0.896972656
vt 0.0305023193 0.896972656
vt 0.0259399414 0.896972656
vt 0.0238037109 0.895996094
vt 0.0216674805 0.89453125
vt 0.0242462158 0.912109375
vt 0.0242462158 0.903320312
vt 0.02684021 0.903320312
vt 0.02684021 0.912109375
vt 0.0242462158 0.903320312
vt 0.0216674805 0.905761719
vt 0.0216674805 0.903320312
vt 0.0242462158 0.905761719
vt 0.0216674805 0.908203125
vt 0.0242462158 0.908203125
vt 0.0216674805 0.91015625
vt 0.0242462158 0.91015625
vt 0.0216674805 0.912109375
vt 0.0242462158 0.912109375
vt 0.0242462158 0.912109375
vt 0.0216674805 0.912109375
vt 0.0356445312 0.778808594
vt 0.0351867676 0.783203125
vt 0.0279388428 0.783203125
vt 0.0279388428 0.778808594
vt 0.0351867676 0.775878906
vt 0.0279388428 0.775878906
vt 0.0202331543 0.778808594
vt 0.0279388428 0.783203125
vt 0.0206756592 0.783203125
vt 0.0279388428 0.778808594
vt 0.0206756592 0.775878906
vt 0.0279388428 0.775878906
vt 0.0236663818 0.788085938
vt 0.0202331543 0.783203125
vt 0.0236663818 0.783203125
vt 0.0202331543 0.788085938
vt 0.0236663818 0.791015625
vt 0.0202331543 0.791015625
vt 0.0236663818 0.783203125
vt 0.0270996094 0.783203125
vt 0.0270996094 0.790527344
vt 0.0236663818 0.790527344
vt 0.0308227539 0.784667969
vt 0.0308227539 0.788085938
vt 0.0280303955 0.789550781
vt 0.0308227539 0.78125
vt 0.549804688 0.239746094
vt 0.549804688 0.381103516
vt 0.267089844 0.381103516
vt 0.267089844 0.239746094
vt 0.0319213867 0.9140625
vt 0.0319213867 0.917480469
vt 0.0285949707 0.917480469
vt 0.0285949707 0.9140625
vt 0.267089844 0.522460938
vt 0.267089844 0.239257812
vt 0.549804688 0.239257812
vt 0.549804688 0.522460938
vt 0.02684021 0.91015625
vt 0.02684021 0.903320312
vt 0.0294189453 0.903320312
vt 0.0294189453 0.91015625
vt 0.0326538086 0.90234375
vt 0.0305023193 0.903320312
vt 0.0305023193 0.89453125
vt 0.0347900391 0.901367188
vt 0.0370788574 0.901367188
vt 0.0393371582 0.901367188
vt 0.0393371582 0.89453125
vt 0.0393371582 0.901367188
vt 0.0312347412 0.714355469
vt 0.0312347412 0.726074219
vt 0.0254211426 0.726074219
vt 0.0196228027 0.726074219
vt 0.0196228027 0.714355469
vt 0.0254211426 0.714355469
vt 0.267578125 0.379394531
vt 0.550292969 0.379394531
vt 0.550292969 0.520996094
vt 0.267578125 0.520996094
vt 0.0202789307 0.917480469
vt 0.0236053467 0.90625
vt 0.0236053467 0.913085938
vt 0.0202789307 0.91015625
vt 0.0236053467 0.913085938
vt 0.0236053467 0.90625
vt 0.0252685547 0.90625
vt 0.0252685547 0.909667969
vt 0.0219421387 0.9140625
vt 0.0219421387 0.917480469
vt 0.0202789307 0.917480469
vt 0.0202789307 0.91015625
vt 0.0214691162 0.912597656
vt 0.0236053467 0.907714844
vt 0.0214691162 0.907714844
vt 0.0236053467 0.912597656
vt 0.0214691162 0.917480469
vt 0.0236053467 0.917480469
vt 0.0224609375 0.901855469
vt 0.0224609375 0.895996094
vt 0.0172119141 0.895996094
vt 0.0172119141 0.901855469
vt 0.0224609375 0.907714844
vt 0.0172119141 0.907714844
vt 0.0277099609 0.907714844
vt 0.0277099609 0.901855469
vt 0.0193328857 0.912597656
vt 0.0214691162 0.912597656
vt 0.0214691162 0.907714844
vt 0.0193328857 0.907714844
vt 0.0403442383 0.901855469
vt 0.0403442383 0.895996094
vt 0.0382080078 0.895996094
vt 0.0382080078 0.901855469
vt 0.0403442383 0.907714844
vt 0.0382080078 0.907714844
vt 0.0172119141 0.907714844
vt 0.0172119141 0.913574219
vt 0.0193328857 0.913574219
vt 0.0193328857 0.907714844
vt 0.0329589844 0.907714844
vt 0.0277099609 0.901855469
vt 0.0277099609 0.907714844
vt 0.0329589844 0.901855469
vt 0.0277099609 0.895996094
vt 0.0329589844 0.895996094
vt 0.0382080078 0.901855469
vt 0.0382080078 0.895996094
vt 0.0382080078 0.901855469
vt 0.0329589844 0.901855469
vt 0.0224609375 0.901855469
vt 0.0277099609 0.901855469
vt 0.0329589844 0.901855469
vt 0.0329589844 0.907714844
vt 0.0193328857 0.912597656
vt 0.0224609375 0.901855469
vt 0.0267944336 0.782226562
vt 0.0267944336 0.782226562
vt 0.023651123 0.78515625
vt 0.023651123 0.78515625
vt 0.023651123 0.78515625
vt 0.023651123 0.78515625
vt 0.0267944336 0.782226562
vt 0.0267944336 0.782226562
vt 0.0272979736 0.912109375
vt 0.0272979736 0.912109375
vt 0.0272979736 0.907226562
vt 0.0272979736 0.907226562
vt 0.0272979736 0.912109375
vt 0.0272979736 0.90234375
vt 0.0272979736 0.907226562
vt 0.0272979736 0.90234375
vt 0.0272979736 0.907226562
vt 0.0272979736 0.90234375
vt 0.0272979736 0.90234375
vt 0.0272979736 0.907226562
vt 0.0272979736 0.907226562
vt 0.0272979736 0.912109375
vt 0.0272979736 0.912109375
vt 0.0272979736 0.912109375
vt 0.0313720703 0.784179688
vt 0.0313720703 0.784179688
vt 0.0313720703 0.787597656
vt 0.0313720703 0.787597656
vt 0.0313720703 0.780761719
vt 0.0313720703 0.784179688
vt 0.0313720703 0.784179688
vt 0.0313720703 0.780761719
vt 0.0313720703 0.784179688
vt 0.0313720703 0.784179688
vt 0.0313720703 0.787597656
vt 0.0313720703 0.787597656
vt 0.0313720703 0.784179688
vt 0.0313720703 0.784179688
vt 0.023651123 0.896972656
vt 0.0273132324 0.900390625
vt 0.0279083252 0.897949219
vt 0.0233001709 0.899414062
vt 0.0182495117 0.896484375
vt 0.0268707275 0.905761719
vt 0.0182342529 0.899414062
vt 0.0236663818 0.905273438
vt 0.0271911621 0.91015625
vt 0.0195159912 0.904785156
vt 0.0255279541 0.909667969
vt 0.0285186768 0.915527344
vt 0.0219116211 0.909179688
vt 0.0285186768 0.915527344
vt 0.0350341797 0.780273438
vt 0.0360717773 0.783203125
vt 0.0360717773 0.783203125
vt 0.0350341797 0.780273438
vt 0.0360717773 0.776855469
vt 0.0360717773 0.776855469
vt 0.0322875977 0.776855469
vt 0.0322875977 0.776855469
vt 0.0324401855 0.778808594
vt 0.0324401855 0.778808594
vt 0.0347290039 0.908203125
vt 0.0347290039 0.908203125
vt 0.036315918 0.9140625
vt 0.0335998535 0.904296875
vt 0.0335998535 0.904296875
vt 0.0327758789 0.898925781
vt 0.0327758789 0.898925781
vt 0.0325927734 0.896484375
vt 0.0325927734 0.896484375
vt 0.0288696289 0.911132812
vt 0.0287017822 0.9140625
vt 0.0287017822 0.9140625
vt 0.0288696289 0.911132812
vt 0.0297088623 0.905273438
vt 0.0297088623 0.905273438
vt 0.0308227539 0.900878906
vt 0.0308227539 0.900878906
vt 0.032409668 0.893554688
vt 0.0223388672 0.776855469
vt 0.0223388672 0.778808594
vt 0.0261383057 0.779296875
vt 0.0263824463 0.776855469
vt 0.0291290283 0.779785156
vt 0.0295562744 0.777832031
vt 0.0296783447 0.791015625
vt 0.0296783447 0.791015625
vt 0.0295562744 0.79296875
vt 0.0295562744 0.79296875
vt 0.023651123 0.896972656
vt 0.0279083252 0.897949219
vt 0.0273132324 0.900390625
vt 0.0233001709 0.899414062
vt 0.0182495117 0.896484375
vt 0.0268707275 0.905761719
vt 0.0182342529 0.899414062
vt 0.0236663818 0.905273438
vt 0.0271911621 0.91015625
vt 0.0195159912 0.904785156
vt 0.0255279541 0.909667969
vt 0.0285186768 0.915527344
vt 0.0219116211 0.909179688
vt 0.0285186768 0.915527344
vt 0.0223388672 0.776855469
vt 0.0261383057 0.779296875
vt 0.0223388672 0.778808594
vt 0.0263824463 0.776855469
vt 0.0291290283 0.779785156
vt 0.0295562744 0.777832031
vt 0.0393371582 0.901367188
vt 0.0393371582 0.89453125
vt 0.0305023193 0.89453125
vt 0.0370788574 0.901367188
vt 0.0393371582 0.901367188
vt 0.0347900391 0.901367188
vt 0.0326538086 0.90234375
vt 0.0305023193 0.903320312
vt 0.020904541 0.899902344
vt 0.0246582031 0.897460938
vt 0.0246582031 0.899414062
vt 0.0223999023 0.900878906
vt 0.0269012451 0.900878906
vt 0.020904541 0.904296875
vt 0.0284118652 0.899902344
vt 0.0223999023 0.903320312
vt 0.0269012451 0.903320312
vt 0.0246582031 0.90625
vt 0.0284118652 0.904296875
vt 0.0246582031 0.904296875
vt 0.0246582031 0.90625
vt 0.020904541 0.904296875
vt 0.0223999023 0.903320312
vt 0.0246582031 0.904296875
vt 0.0223999023 0.900878906
vt 0.0284118652 0.904296875
vt 0.020904541 0.899902344
vt 0.0269012451 0.903320312
vt 0.0246582031 0.899414062
vt 0.0284118652 0.899902344
vt 0.0246582031 0.897460938
vt 0.0269012451 0.900878906
vt 0.020904541 0.899902344
vt 0.0223999023 0.900878906
vt 0.0246582031 0.899414062
vt 0.020904541 0.904296875
vt 0.0246582031 0.897460938
vt 0.0223999023 0.903320312
vt 0.0269012451 0.900878906
vt 0.0246582031 0.90625
vt 0.0284118652 0.899902344
vt 0.0246582031 0.904296875
vt 0.0269012451 0.903320312
vt 0.0284118652 0.904296875
vt 0.0246582031 0.90625
vt 0.0223999023 0.903320312
vt 0.020904541 0.904296875
vt 0.0246582031 0.904296875
vt 0.0223999023 0.900878906
vt 0.0284118652 0.904296875
vt 0.020904541 0.899902344
vt 0.0269012451 0.903320312
vt 0.0246582031 0.899414062
vt 0.0284118652 0.899902344
vt 0.0246582031 0.897460938
vt 0.0269012451 0.900878906
vt 0.0320739746 0.779296875
vt 0.0312805176 0.782226562
vt 0.0312805176 0.779785156
vt 0.0320739746 0.782714844
vt 0.0294342041 0.777832031
vt 0.0294342041 0.783203125
vt 0.0294342041 0.778808594
vt 0.0294342041 0.784179688
vt 0.0267944336 0.779296875
vt 0.0275878906 0.782226562
vt 0.0275878906 0.779785156
vt 0.0267944336 0.782714844
vt 0.0320739746 0.779296875
vt 0.0312805176 0.779785156
vt 0.0312805176 0.782226562
vt 0.0320739746 0.782714844
vt 0.0294342041 0.777832031
vt 0.0294342041 0.783203125
vt 0.0294342041 0.778808594
vt 0.0294342041 0.784179688
vt 0.0267944336 0.779296875
vt 0.0275878906 0.782226562
vt 0.0275878906 0.779785156
vt 0.0267944336 0.782714844
vt 0.0968159586 0.972108781
vt 0.0938713849 0.973794341
vt 0.0968159735 0.978850782
vt 0.0997605473 0.977165222
vt 0.0956830531 0.97209245
vt 0.0956830531 0.976126432
vt 0.0966512039 0.976126432
vt 0.0966511965 0.97209245
vt 0.095198974 0.97491622
vt 0.0947149023 0.976933181
vt 0.0947149023 0.976933181
vt 0.095198974 0.97491622
vt 0.095198974 0.972899199
vt 0.0947149023 0.972899199
vt 0.0942308307 0.974109411
vt 0.0937467515 0.97209245
vt 0.0937467515 0.97209245
vt 0.0942308307 0.974109411
vt 0.0942308307 0.976126432
vt 0.0937467515 0.976126432
vt 0.0968159586 0.972108781
vt 0.0997605473 0.977165222
vt 0.0968159735 0.978850782
vt 0.0938713849 0.973794341
vt 0.0956830531 0.97209245
vt 0.0966511965 0.97209245
vt 0.0966512039 0.976126432
vt 0.0956830531 0.976126432
vt 0.0947149023 0.976933181
vt 0.0947149023 0.972899199
vt 0.095198974 0.972899199
vt 0.095198974 0.97491622
vt 0.0937467515 0.97209245
vt 0.0942308307 0.974109411
vt 0.0942308307 0.976126432
vt 0.0937467515 0.976126432
vt 0.0976193547 0.97209245
vt 0.0976193547 0.972910762
vt 0.0976193547 0.972910762
vt 0.0976193547 0.97209245
vt 0.024571063 0.978796721
vt 0.0289048199 0.978796721
vt 0.0289048199 0.971290469
vt 0.024571063 0.971290469
vt 0.0286058262 0.972576976
vt 0.025661245 0.974262476
vt 0.0286058374 0.979318976
vt 0.0315504149 0.977633357
vt 0.0288600065 0.973947763
vt 0.0288600102 0.977981687
vt 0.0298281573 0.977981687
vt 0.0298281573 0.973947763
vt 0.0283759348 0.976771474
vt 0.0278918594 0.978788495
vt 0.0278918594 0.978788495
vt 0.0283759348 0.976771474
vt 0.0283759348 0.974754453
vt 0.0278918594 0.974754453
vt 0.027407784 0.975964665
vt 0.0269237086 0.973947763
vt 0.0269237086 0.973947763
vt 0.027407784 0.975964665
vt 0.027407784 0.977981687
vt 0.0269237086 0.977981687
vt 0.024571063 0.978796721
vt 0.024571063 0.971290469
vt 0.0289048199 0.971290469
vt 0.0289048199 0.978796721
vt 0.0286058262 0.972576976
vt 0.0315504149 0.977633357
vt 0.0286058374 0.979318976
vt 0.025661245 0.974262476
vt 0.0288600065 0.973947763
vt 0.0298281573 0.973947763
vt 0.0298281573 0.977981687
vt 0.0288600102 0.977981687
vt 0.0278918594 0.978788495
vt 0.0278918594 0.974754453
vt 0.0283759348 0.974754453
vt 0.0283759348 0.976771474
vt 0.0269237086 0.973947763
vt 0.027407784 0.975964665
vt 0.027407784 0.977981687
vt 0.0269237086 0.977981687
vt 0.0307963081 0.973947763
vt 0.0307963081 0.974766016
vt 0.0307963081 0.974766016
vt 0.0307963081 0.973947763
vn -0.498976 0.000000 -0.866616
vn -0.498976 0.000000 -0.866616
vn -0.000000 0.349786 -0.936830
vn -0.845613 0.362266 -0.392048
vn -0.000000 0.349786 -0.936830
vn -0.404295 0.887692 -0.220336
vn -0.845613 0.362266 -0.392048
vn -0.000000 0.881371 -0.472425
vn -0.000000 1.000000 -0.000000
vn -0.000000 1.000000 -0.000000
vn 0.404295 0.887692 -0.220336
vn 0.845613 0.362266 -0.392048
vn -0.000000 1.000000 -0.000000
vn 0.749907 0.235811 0.618088
vn 0.749907 0.235811 0.618088
vn 0.749907 0.235811 0.618088
vn 0.749907 0.235811 0.618088
vn -0.749899 -0.578047 0.321734
vn -0.749899 -0.578047 0.321734
vn -0.749899 -0.578047 0.321734
vn -0.749899 -0.578047 0.321734
vn -0.000000 0.342116 -0.939658
vn -0.000000 0.342116 -0.939658
vn -0.000000 0.342116 -0.939658
vn -0.000000 0.342116 -0.939658
vn 0.749899 0.578047 -0.321734
vn 0.749899 0.578047 -0.321734
vn 0.749899 0.578047 -0.321734
vn 0.749899 0.578047 -0.321734
vn -0.000000 -0.342116 0.939658
vn -0.000000 -0.342116 0.939658
vn -0.000000 -0.342116 0.939658
vn -0.000000 -0.342116 0.939658
vn -0.749907 -0.235811 -0.618088
vn -0.749907 -0.235811 -0.618088
vn -0.749907 -0.235811 -0.618088
vn -0.749907 -0.235811 -0.618088
vn 0.749907 0.235811 0.618088
vn 0.749907 0.235811 0.618088
vn 0.749907 0.235811 0.618088
vn 0.749907 0.235811 0.618088
vn -0.749907 -0.235811 -0.618088
vn -0.749907 -0.235811 -0.618088
vn -0.749907 -0.235811 -0.618088
vn -0.749907 -0.235811 -0.618088
vn 0.749899 0.578047 -0.321734
vn 0.749899 0.578047 -0.321734
vn 0.749899 0.578047 -0.321734
vn 0.749899 0.578047 -0.321734
vn -0.000000 -0.342116 0.939658
vn -0.000000 -0.342116 0.939658
vn -0.000000 -0.342116 0.939658
vn -0.000000 -0.342116 0.939658
vn -0.749899 -0.578047 0.321734
vn -0.749899 -0.578047 0.321734
vn -0.749899 -0.578047 0.321734
vn -0.749899 -0.578047 0.321734
vn -0.000000 0.342116 -0.939658
vn -0.000000 0.342116 -0.939658
vn -0.000000 0.342116 -0.939658
vn -0.000000 0.342116 -0.939658
vn 0.749907 0.235811 0.618088
vn 0.749907 0.235811 0.618088
vn 0.749907 0.235811 0.618088
vn 0.749907 0.235811 0.618088
vn -0.749899 -0.578047 0.321734
vn -0.749899 -0.578047 0.321734
vn -0.749899 -0.578047 0.321734
vn -0.749899 -0.578047 0.321734
vn -0.000000 0.342116 -0.939658
vn -0.000000 0.342116 -0.939658
vn -0.000000 0.342116 -0.939658
vn -0.000000 0.342116 -0.939658
vn 0.749899 0.578047 -0.321734
vn 0.749899 0.578047 -0.321734
vn 0.749899 0.578047 -0.321734
vn 0.749899 0.578047 -0.321734
vn -0.000000 -0.342116 0.939658
vn -0.000000 -0.342116 0.939658
vn -0.000000 -0.342116 0.939658
vn -0.000000 -0.342116 0.939658
vn -0.749907 -0.235811 -0.618088
vn -0.749907 -0.235811 -0.618088
vn -0.749907 -0.235811 -0.618088
vn -0.749907 -0.235811 -0.618088
vn -0.499940 0.813868 0.296107
vn -0.499940 0.813868 0.296107
vn -0.499940 0.813868 0.296107
vn -0.499940 0.813868 0.296107
vn -0.499940 0.813868 0.296107
vn -0.499940 0.813868 0.296107
vn -0.749907 -0.235811 -0.618088
vn -0.749907 -0.235811 -0.618088
vn -0.749907 -0.235811 -0.618088
vn -0.749907 -0.235811 -0.618088
vn -0.000000 -0.342116 0.939658
vn -0.000000 -0.342116 0.939658
vn -0.000000 -0.342116 0.939658
vn -0.000000 -0.342116 0.939658
vn 0.749899 0.578047 -0.321734
vn 0.749899 0.578047 -0.321734
vn 0.749899 0.578047 -0.321734
vn 0.749899 0.578047 -0.321734
vn -0.000000 0.342116 -0.939658
vn -0.000000 0.342116 -0.939658
vn -0.000000 0.342116 -0.939658
vn -0.000000 0.342116 -0.939658
vn -0.749899 -0.578047 0.321734
vn -0.749899 -0.578047 0.321734
vn -0.749899 -0.578047 0.321734
vn -0.749899 -0.578047 0.321734
vn 0.749907 0.235811 0.618088
vn 0.749907 0.235811 0.618088
vn 0.749907 0.235811 0.618088
vn 0.749907 0.235811 0.618088
vn -0.000000 0.000000 1.000000
vn -0.359830 0.000000 0.933018
vn -0.730028 0.355736 0.583534
vn -0.000000 0.325953 0.945386
vn -0.986852 0.000000 0.161627
vn -0.845613 0.362266 -0.392048
vn -0.986852 0.000000 0.161627
vn -0.000000 0.000000 -1.000000
vn -0.000000 0.000000 -1.000000
vn -0.000000 0.000000 -1.000000
vn -0.000000 0.000000 -1.000000
vn -0.866072 0.000000 0.499920
vn -0.866072 0.000000 0.499920
vn -0.866072 0.000000 0.499920
vn -0.866072 0.000000 0.499920
vn -0.000000 0.000000 1.000000
vn -0.000000 0.000000 1.000000
vn -0.000000 0.000000 1.000000
vn -0.000000 0.000000 1.000000
vn 0.866072 0.000000 -0.499920
vn 0.866072 0.000000 -0.499920
vn 0.866072 0.000000 -0.499920
vn 0.866072 0.000000 -0.499920
vn -0.866072 0.000000 -0.499920
vn -0.866072 0.000000 -0.499920
vn -0.866072 0.000000 -0.499920
vn -0.866072 0.000000 -0.499920
vn 0.866072 0.000000 0.499920
vn 0.866072 0.000000 0.499920
vn 0.866072 0.000000 0.499920
vn 0.866072 0.000000 0.499920
vn -0.866072 0.000000 -0.499920
vn -0.866072 0.000000 -0.499920
vn -0.866072 0.000000 -0.499920
vn -0.866072 0.000000 -0.499920
vn -0.000000 0.000000 1.000000
vn -0.000000 0.000000 1.000000
vn -0.000000 0.000000 1.000000
vn -0.000000 0.000000 1.000000
vn 0.866072 0.000000 -0.499920
vn 0.866072 0.000000 -0.499920
vn 0.866072 0.000000 -0.499920
vn 0.866072 0.000000 -0.499920
vn -0.000000 0.000000 -1.000000
vn -0.000000 0.000000 -1.000000
vn -0.000000 0.000000 -1.000000
vn -0.000000 0.000000 -1.000000
vn -0.866072 0.000000 0.499920
vn -0.866072 0.000000 0.499920
vn -0.866072 0.000000 0.499920
vn -0.866072 0.000000 0.499920
vn 0.866072 0.000000 0.499920
vn 0.866072 0.000000 0.499920
vn 0.866072 0.000000 0.499920
vn 0.866072 0.000000 0.499920
vn -0.000000 1.000000 -0.000000
vn -0.000000 1.000000 -0.000000
vn -0.000000 1.000000 -0.000000
vn -0.000000 1.000000 -0.000000
vn -0.000000 1.000000 -0.000000
vn -0.000000 1.000000 -0.000000
vn -0.000000 1.000000 -0.000000
vn -0.000000 1.000000 -0.000000
vn -0.000000 0.000000 1.000000
vn -0.000000 0.000000 1.000000
vn -0.000000 0.000000 1.000000
vn -0.000000 0.000000 1.000000
vn -0.612892 0.000000 -0.790167
vn -0.612892 0.000000 -0.790167
vn -0.471462 0.000000 -0.881886
vn -0.471462 0.000000 -0.881886
vn -0.160360 0.000000 -0.987059
vn -0.160360 0.000000 -0.987059
vn 0.150489 0.000000 -0.988612
vn 0.150489 0.000000 -0.988612
vn 0.150489 0.000000 -0.988612
vn 0.150489 0.000000 -0.988612
vn -0.000000 0.000000 -1.000000
vn -0.000000 0.000000 -1.000000
vn -0.000000 1.000000 -0.000000
vn -0.000000 1.000000 -0.000000
vn -0.000000 1.000000 -0.000000
vn -0.000000 1.000000 -0.000000
vn -0.000000 1.000000 -0.000000
vn -0.000000 1.000000 -0.000000
vn -0.000000 -1.000000 -0.000000
vn -0.000000 -1.000000 -0.000000
vn -0.000000 -1.000000 -0.000000
vn -0.000000 -1.000000 -0.000000
vn -0.000000 -1.000000 -0.000000
vn -0.000000 -1.000000 -0.000000
vn -0.999784 0.000000 -0.020778
vn -0.995388 0.000000 0.095926
vn -0.995388 0.000000 0.095926
vn -0.999784 0.000000 -0.020778
vn -0.990546 0.000000 -0.137183
vn -0.990546 0.000000 -0.137183
vn -0.000000 0.000000 -1.000000
vn -0.145642 0.000000 -0.989337
vn -0.145642 0.000000 -0.989337
vn -0.000000 0.000000 -1.000000
vn -0.000000 -1.000000 -0.000000
vn -0.000000 -1.000000 -0.000000
vn -0.000000 -1.000000 -0.000000
vn -0.000000 -1.000000 -0.000000
vn -0.000000 0.000000 1.000000
vn -0.000000 0.000000 1.000000
vn -0.000000 0.000000 1.000000
vn -0.000000 0.000000 1.000000
vn 1.000000 0.000000 -0.000000
vn 1.000000 0.000000 -0.000000
vn 1.000000 0.000000 -0.000000
vn 1.000000 0.000000 -0.000000
vn -1.000000 0.000000 -0.000000
vn -1.000000 0.000000 -0.000000
vn -1.000000 0.000000 -0.000000
vn -1.000000 0.000000 -0.000000
vn -1.000000 0.000000 -0.000000
vn -1.000000 0.000000 -0.000000
vn -1.000000 0.000000 -0.000000
vn -1.000000 0.000000 -0.000000
vn -0.000000 -1.000000 -0.000000
vn -0.000000 -1.000000 -0.000000
vn -0.000000 -1.000000 -0.000000
vn -0.000000 -1.000000 -0.000000
vn -0.000000 -1.000000 -0.000000
vn -0.000000 -1.000000 -0.000000
vn -0.000000 0.000000 -1.000000
vn -0.000000 0.000000 -1.000000
vn -0.000000 0.000000 -1.000000
vn -0.000000 0.000000 -1.000000
vn -0.000000 0.000000 -1.000000
vn -0.000000 0.000000 -1.000000
vn -0.000000 0.000000 -1.000000
vn -0.000000 0.000000 -1.000000
vn -0.000000 0.000000 -1.000000
vn -0.000000 0.000000 -1.000000
vn -0.000000 1.000000 -0.000000
vn -0.000000 1.000000 -0.000000
vn -0.000000 1.000000 -0.000000
vn -0.000000 1.000000 -0.000000
vn -1.000000 0.000000 -0.000000
vn -1.000000 0.000000 -0.000000
vn -1.000000 0.000000 -0.000000
vn -1.000000 0.000000 -0.000000
vn -0.000000 -1.000000 -0.000000
vn -0.000000 -1.000000 -0.000000
vn -0.000000 -1.000000 -0.000000
vn -0.000000 -1.000000 -0.000000
vn -0.000000 0.000000 1.000000
vn -0.000000 0.000000 1.000000
vn -0.000000 0.000000 1.000000
vn -0.000000 0.000000 1.000000
vn -0.000000 0.000000 1.000000
vn -0.000000 0.000000 1.000000
vn 0.498976 0.000000 -0.866616
vn 0.845613 0.362266 -0.392048
vn -0.000000 0.349786 -0.936830
vn 0.498976 0.000000 -0.866616
vn -0.749907 0.235811 0.618088
vn -0.749907 0.235811 0.618088
vn -0.749907 0.235811 0.618088
vn -0.749907 0.235811 0.618088
vn 0.749899 -0.578047 0.321734
vn 0.749899 -0.578047 0.321734
vn 0.749899 -0.578047 0.321734
vn 0.749899 -0.578047 0.321734
vn -0.000000 0.342116 -0.939658
vn -0.000000 0.342116 -0.939658
vn -0.000000 0.342116 -0.939658
vn -0.000000 0.342116 -0.939658
vn -0.749899 0.578047 -0.321734
vn -0.749899 0.578047 -0.321734
vn -0.749899 0.578047 -0.321734
vn -0.749899 0.578047 -0.321734
vn -0.000000 -0.342116 0.939658
vn -0.000000 -0.342116 0.939658
vn -0.000000 -0.342116 0.939658
vn -0.000000 -0.342116 0.939658
vn 0.749907 -0.235811 -0.618088
vn 0.749907 -0.235811 -0.618088
vn 0.749907 -0.235811 -0.618088
vn 0.749907 -0.235811 -0.618088
vn -0.749907 0.235811 0.618088
vn -0.749907 0.235811 0.618088
vn -0.749907 0.235811 0.618088
vn -0.749907 0.235811 0.618088
vn 0.749907 -0.235811 -0.618088
vn 0.749907 -0.235811 -0.618088
vn 0.749907 -0.235811 -0.618088
vn 0.749907 -0.235811 -0.618088
vn -0.749899 0.578047 -0.321734
vn -0.749899 0.578047 -0.321734
vn -0.749899 0.578047 -0.321734
vn -0.749899 0.578047 -0.321734
vn -0.000000 -0.342116 0.939658
vn -0.000000 -0.342116 0.939658
vn -0.000000 -0.342116 0.939658
vn -0.000000 -0.342116 0.939658
vn 0.749899 -0.578047 0.321734
vn 0.749899 -0.578047 0.321734
vn 0.749899 -0.578047 0.321734
vn 0.749899 -0.578047 0.321734
vn -0.000000 0.342116 -0.939658
vn -0.000000 0.342116 -0.939658
vn -0.000000 0.342116 -0.939658
vn -0.000000 0.342116 -0.939658
vn -0.749907 0.235811 0.618088
vn -0.749907 0.235811 0.618088
vn -0.749907 0.235811 0.618088
vn -0.749907 0.235811 0.618088
vn 0.749899 -0.578047 0.321734
vn 0.749899 -0.578047 0.321734
vn 0.749899 -0.578047 0.321734
vn 0.749899 -0.578047 0.321734
vn -0.000000 0.342116 -0.939658
vn -0.000000 0.342116 -0.939658
vn -0.000000 0.342116 -0.939658
vn -0.000000 0.342116 -0.939658
vn -0.749899 0.578047 -0.321734
vn -0.749899 0.578047 -0.321734
vn -0.749899 0.578047 -0.321734
vn -0.749899 0.578047 -0.321734
vn -0.000000 -0.342116 0.939658
vn -0.000000 -0.342116 0.939658
vn -0.000000 -0.342116 0.939658
vn -0.000000 -0.342116 0.939658
vn 0.749907 -0.235811 -0.618088
vn 0.749907 -0.235811 -0.618088
vn 0.749907 -0.235811 -0.618088
vn 0.749907 -0.235811 -0.618088
vn 0.499940 0.813868 0.296107
vn 0.499940 0.813868 0.296107
vn 0.499940 0.813868 0.296107
vn 0.499940 0.813868 0.296107
vn 0.499940 0.813868 0.296107
vn 0.499940 0.813868 0.296107
vn 0.749907 -0.235811 -0.618088
vn 0.749907 -0.235811 -0.618088
vn 0.749907 -0.235811 -0.618088
vn 0.749907 -0.235811 -0.618088
vn -0.000000 -0.342116 0.939658
vn -0.000000 -0.342116 0.939658
vn -0.000000 -0.342116 0.939658
vn -0.000000 -0.342116 0.939658
vn -0.749899 0.578047 -0.321734
vn -0.749899 0.578047 -0.321734
vn -0.749899 0.578047 -0.321734
vn -0.749899 0.578047 -0.321734
vn -0.000000 0.342116 -0.939658
vn -0.000000 0.342116 -0.939658
vn -0.000000 0.342116 -0.939658
vn -0.000000 0.342116 -0.939658
vn 0.749899 -0.578047 0.321734
vn 0.749899 -0.578047 0.321734
vn 0.749899 -0.578047 0.321734
vn 0.749899 -0.578047 0.321734
vn -0.749907 0.235811 0.618088
vn -0.749907 0.235811 0.618088
vn -0.749907 0.235811 0.618088
vn -0.749907 0.235811 0.618088
vn -0.000000 0.000000 1.000000
vn -0.000000 0.325953 0.945386
vn 0.730028 0.355736 0.583534
vn 0.359830 0.000000 0.933018
vn 0.986852 0.000000 0.161627
vn 0.845613 0.362266 -0.392048
vn 0.986852 0.000000 0.161627
vn -0.000000 0.000000 -1.000000
vn -0.000000 0.000000 -1.000000
vn -0.000000 0.000000 -1.000000
vn -0.000000 0.000000 -1.000000
vn 0.866072 0.000000 0.499920
vn 0.866072 0.000000 0.499920
vn 0.866072 0.000000 0.499920
vn 0.866072 0.000000 0.499920
vn -0.000000 0.000000 1.000000
vn -0.000000 0.000000 1.000000
vn -0.000000 0.000000 1.000000
vn -0.000000 0.000000 1.000000
vn -0.866072 0.000000 -0.499920
vn -0.866072 0.000000 -0.499920
vn -0.866072 0.000000 -0.499920
vn -0.866072 0.000000 -0.499920
vn 0.866072 0.000000 -0.499920
vn 0.866072 0.000000 -0.499920
vn 0.866072 0.000000 -0.499920
vn 0.866072 0.000000 -0.499920
vn -0.866072 0.000000 0.499920
vn -0.866072 0.000000 0.499920
vn -0.866072 0.000000 0.499920
vn -0.866072 0.000000 0.499920
vn 0.866072 0.000000 -0.499920
vn 0.866072 0.000000 -0.499920
vn 0.866072 0.000000 -0.499920
vn 0.866072 0.000000 -0.499920
vn -0.000000 0.000000 1.000000
vn -0.000000 0.000000 1.000000
vn -0.000000 0.000000 1.000000
vn -0.000000 0.000000 1.000000
vn -0.866072 0.000000 -0.499920
vn -0.866072 0.000000 -0.499920
vn -0.866072 0.000000 -0.499920
vn -0.866072 0.000000 -0.499920
vn -0.000000 0.000000 -1.000000
vn -0.000000 0.000000 -1.000000
vn -0.000000 0.000000 -1.000000
vn -0.000000 0.000000 -1.000000
vn 0.866072 0.000000 0.499920
vn 0.866072 0.000000 0.499920
vn 0.866072 0.000000 0.499920
vn 0.866072 0.000000 0.499920
vn -0.866072 0.000000 0.499920
vn -0.866072 0.000000 0.499920
vn -0.866072 0.000000 0.499920
vn -0.866072 0.000000 0.499920
vn -0.000000 1.000000 -0.000000
vn -0.000000 1.000000 -0.000000
vn -0.000000 1.000000 -0.000000
vn -0.000000 1.000000 -0.000000
vn -0.000000 1.000000 -0.000000
vn -0.000000 1.000000 -0.000000
vn -0.000000 1.000000 -0.000000
vn -0.000000 1.000000 -0.000000
vn -0.000000 0.000000 1.000000
vn -0.000000 0.000000 1.000000
vn -0.000000 0.000000 1.000000
vn -0.000000 0.000000 1.000000
vn 0.612892 0.000000 -0.790167
vn 0.471462 0.000000 -0.881886
vn 0.612892 0.000000 -0.790167
vn 0.471462 0.000000 -0.881886
vn 0.160360 0.000000 -0.987059
vn 0.160360 0.000000 -0.987059
vn -0.150489 0.000000 -0.988612
vn -0.150489 0.000000 -0.988612
vn -0.150489 0.000000 -0.988612
vn -0.150489 0.000000 -0.988612
vn -0.000000 0.000000 -1.000000
vn -0.000000 0.000000 -1.000000
vn -0.000000 1.000000 -0.000000
vn -0.000000 1.000000 -0.000000
vn -0.000000 1.000000 -0.000000
vn -0.000000 1.000000 -0.000000
vn -0.000000 1.000000 -0.000000
vn -0.000000 1.000000 -0.000000
vn -0.000000 -1.000000 -0.000000
vn -0.000000 -1.000000 -0.000000
vn -0.000000 -1.000000 -0.000000
vn -0.000000 -1.000000 -0.000000
vn -0.000000 -1.000000 -0.000000
vn -0.000000 -1.000000 -0.000000
vn 0.999784 0.000000 -0.020778
vn 0.995388 0.000000 0.095926
vn 0.995388 0.000000 0.095926
vn 0.999784 0.000000 -0.020778
vn 0.990546 0.000000 -0.137183
vn 0.990546 0.000000 -0.137183
vn -0.000000 0.000000 -1.000000
vn -0.000000 0.000000 -1.000000
vn 0.145642 0.000000 -0.989337
vn 0.145642 0.000000 -0.989337
vn -0.000000 -1.000000 -0.000000
vn -0.000000 -1.000000 -0.000000
vn -0.000000 -1.000000 -0.000000
vn -0.000000 -1.000000 -0.000000
vn -0.000000 0.000000 1.000000
vn -0.000000 0.000000 1.000000
vn -0.000000 0.000000 1.000000
vn -0.000000 0.000000 1.000000
vn -1.000000 0.000000 -0.000000
vn -1.000000 0.000000 -0.000000
vn -1.000000 0.000000 -0.000000
vn -1.000000 0.000000 -0.000000
vn 1.000000 0.000000 -0.000000
vn 1.000000 0.000000 -0.000000
vn 1.000000 0.000000 -0.000000
vn 1.000000 0.000000 -0.000000
vn 1.000000 0.000000 -0.000000
vn 1.000000 0.000000 -0.000000
vn 1.000000 0.000000 -0.000000
vn 1.000000 0.000000 -0.000000
vn -0.000000 -1.000000 -0.000000
vn -0.000000 -1.000000 -0.000000
vn -0.000000 -1.000000 -0.000000
vn -0.000000 -1.000000 -0.000000
vn -0.000000 -1.000000 -0.000000
vn -0.000000 -1.000000 -0.000000
vn -0.000000 -1.000000 -0.000000
vn -0.000000 -1.000000 -0.000000
vn -0.000000 -1.000000 -0.000000
vn -0.000000 -1.000000 -0.000000
vn -0.000000 -1.000000 -0.000000
vn -0.000000 -1.000000 -0.000000
vn -0.000000 -1.000000 -0.000000
vn -0.000000 -1.000000 -0.000000
vn -0.000000 0.000000 -1.000000
vn -0.000000 0.000000 -1.000000
vn -0.000000 0.000000 -1.000000
vn -0.000000 0.000000 -1.000000
vn 1.000000 0.000000 -0.000000
vn 1.000000 0.000000 -0.000000
vn 1.000000 0.000000 -0.000000
vn 1.000000 0.000000 -0.000000
vn -0.000000 0.000000 -1.000000
vn -0.000000 0.000000 -1.000000
vn -0.000000 0.000000 -1.000000
vn -0.000000 0.000000 -1.000000
vn -0.000000 0.000000 1.000000
vn -0.000000 0.000000 1.000000
vn -0.000000 0.000000 1.000000
vn -0.000000 0.000000 1.000000
vn -0.000000 -1.000000 -0.000000
vn -0.000000 -1.000000 -0.000000
vn -0.000000 -1.000000 -0.000000
vn -0.000000 -1.000000 -0.000000
vn -0.000000 -1.000000 -0.000000
vn -0.000000 -1.000000 -0.000000
vn 1.000000 0.000000 -0.000000
vn 1.000000 0.000000 -0.000000
vn 1.000000 0.000000 -0.000000
vn 1.000000 0.000000 -0.000000
vn 1.000000 0.000000 -0.000000
vn 1.000000 0.000000 -0.000000
vn 1.000000 0.000000 -0.000000
vn 1.000000 0.000000 -0.000000
vn -0.000000 1.000000 -0.000000
vn -0.000000 1.000000 -0.000000
vn -0.000000 1.000000 -0.000000
vn -0.000000 1.000000 -0.000000
vn -0.000000 0.000000 -1.000000
vn -0.000000 0.000000 -1.000000
vn -0.000000 0.000000 -1.000000
vn -0.000000 0.000000 -1.000000
vn -0.000000 0.000000 -1.000000
vn -0.000000 0.000000 -1.000000
vn -0.000000 0.000000 1.000000
vn -0.000000 0.000000 1.000000
vn -0.000000 0.000000 1.000000
vn -0.000000 0.000000 1.000000
vn -1.000000 0.000000 -0.000000
vn -1.000000 0.000000 -0.000000
vn -1.000000 0.000000 -0.000000
vn -1.000000 0.000000 -0.000000
vn -1.000000 0.000000 -0.000000
vn -1.000000 0.000000 -0.000000
vn -1.000000 0.000000 -0.000000
vn -1.000000 0.000000 -0.000000
vn -0.000000 1.000000 -0.000000
vn -0.000000 1.000000 -0.000000
vn -0.000000 1.000000 -0.000000
vn -0.000000 1.000000 -0.000000
vn -0.000000 0.000000 1.000000
vn -0.000000 0.000000 1.000000
vn -0.000000 0.000000 1.000000
vn -0.000000 0.000000 1.000000
vn -0.494429 0.000000 -0.869218
vn -0.494429 0.000000 -0.869218
vn -0.494429 0.000000 -0.869218
vn -0.494429 0.000000 -0.869218
vn 0.494429 0.000000 -0.869218
vn 0.494429 0.000000 -0.869218
vn 0.494429 0.000000 -0.869218
vn 0.494429 0.000000 -0.869218
vn -0.404295 0.887692 -0.220336
vn -0.000000 1.000000 -0.000000
vn -0.000000 1.000000 -0.000000
vn -0.353223 0.878298 0.322221
vn -0.845613 0.362266 -0.392048
vn -0.000000 1.000000 -0.000000
vn -0.730028 0.355736 0.583534
vn -0.000000 1.000000 -0.000000
vn -0.000000 1.000000 -0.000000
vn -0.000000 0.656843 0.754027
vn -0.000000 0.325953 0.945386
vn 0.730028 0.355736 0.583534
vn 0.353223 0.878298 0.322221
vn -0.000000 1.000000 -0.000000
vn 0.845613 0.362266 -0.392048
vn 0.404295 0.887692 -0.220336
vn 0.992263 0.000000 0.124155
vn 0.992263 0.000000 0.124155
vn 0.992263 0.000000 0.124155
vn 0.992263 0.000000 0.124155
vn -0.000000 0.000000 1.000000
vn 0.306689 0.000000 0.951810
vn 0.306689 0.000000 0.951810
vn -0.000000 0.000000 1.000000
vn -0.306689 0.000000 0.951810
vn -0.306689 0.000000 0.951810
vn -0.992263 0.000000 0.124155
vn -0.992263 0.000000 0.124155
vn -0.992263 0.000000 0.124155
vn -0.992263 0.000000 0.124155
vn -0.996703 0.077829 0.022937
vn -0.948416 0.078384 0.307185
vn -0.952983 0.063284 0.296343
vn -0.992245 0.124031 0.008103
vn -0.963877 0.086366 -0.251956
vn -0.927090 0.086655 0.364685
vn -0.955152 0.143444 -0.259053
vn -0.970362 0.241370 0.011789
vn -0.880254 0.050012 0.471861
vn -0.918382 0.294409 -0.264383
vn -0.942410 0.321298 0.092898
vn -0.857997 0.030505 0.512747
vn -0.848778 0.461749 -0.257612
vn -0.794024 0.556696 -0.244165
vn -0.000000 -1.000000 -0.000000
vn -0.000000 -1.000000 -0.000000
vn -0.000000 -1.000000 -0.000000
vn -0.000000 -1.000000 -0.000000
vn -0.000000 -1.000000 -0.000000
vn -0.000000 -1.000000 -0.000000
vn -0.000000 0.043032 0.999074
vn -0.000000 0.043032 0.999074
vn -0.000000 0.043032 0.999074
vn -0.000000 0.043032 0.999074
vn -0.000000 -0.301248 0.953546
vn -0.000000 -0.301248 0.953546
vn -0.000000 -0.380799 0.924658
vn -0.000000 -0.152947 0.988234
vn -0.000000 -0.152947 0.988234
vn -0.000000 -0.016050 0.999871
vn -0.000000 -0.016050 0.999871
vn -0.000000 0.043032 0.999074
vn -0.000000 0.043032 0.999074
vn -0.000000 0.242765 -0.970085
vn -0.000000 0.142225 -0.989834
vn -0.000000 0.142225 -0.989834
vn -0.000000 0.242765 -0.970085
vn -0.000000 0.467798 -0.883835
vn -0.000000 0.467798 -0.883835
vn -0.000000 0.698757 -0.715359
vn -0.000000 0.698757 -0.715359
vn -0.000000 0.806514 -0.591215
vn -0.964394 0.086246 -0.250010
vn -0.963877 0.086366 -0.251956
vn -0.996703 0.077829 0.022937
vn -0.996823 0.078022 0.016026
vn -0.952983 0.063284 0.296343
vn -0.953574 0.063352 0.294421
vn -0.000000 0.142225 -0.989834
vn -0.000000 0.142225 -0.989834
vn -0.000000 0.142225 -0.989834
vn -0.000000 0.142225 -0.989834
vn 0.996703 0.077829 0.022937
vn 0.952983 0.063284 0.296343
vn 0.948416 0.078384 0.307185
vn 0.992245 0.124031 0.008103
vn 0.963877 0.086366 -0.251956
vn 0.927090 0.086655 0.364685
vn 0.955152 0.143444 -0.259053
vn 0.970362 0.241370 0.011789
vn 0.880254 0.050012 0.471861
vn 0.918382 0.294409 -0.264383
vn 0.942410 0.321298 0.092898
vn 0.857997 0.030505 0.512747
vn 0.848778 0.461749 -0.257612
vn 0.794024 0.556696 -0.244165
vn 0.964394 0.086246 -0.250010
vn 0.996703 0.077829 0.022937
vn 0.963877 0.086366 -0.251956
vn 0.996823 0.078022 0.016026
vn 0.952983 0.063284 0.296343
vn 0.953574 0.063352 0.294421
vn -0.000000 -1.000000 -0.000000
vn -0.000000 -1.000000 -0.000000
vn -0.000000 -1.000000 -0.000000
vn -0.000000 -1.000000 -0.000000
vn -0.000000 -1.000000 -0.000000
vn -0.000000 -1.000000 -0.000000
vn -0.000000 -1.000000 -0.000000
vn -0.000000 -1.000000 -0.000000
vn -0.000000 1.000000 -0.000000
vn -0.000000 1.000000 -0.000000
vn -0.000000 1.000000 -0.000000
vn -0.000000 1.000000 -0.000000
vn -0.000000 1.000000 -0.000000
vn -0.000000 1.000000 -0.000000
vn -0.000000 1.000000 -0.000000
vn -0.000000 1.000000 -0.000000
vn -0.000000 1.000000 -0.000000
vn -0.000000 1.000000 -0.000000
vn -0.000000 1.000000 -0.000000
vn -0.000000 1.000000 -0.000000
vn 0.499940 0.813868 0.296107
vn 0.499940 0.813868 0.296107
vn 0.499940 0.813868 0.296107
vn 0.499940 0.813868 0.296107
vn 0.499940 0.813868 0.296107
vn 0.499940 0.813868 0.296107
vn 0.499940 0.813868 0.296107
vn 0.499940 0.813868 0.296107
vn 0.499940 0.813868 0.296107
vn 0.499940 0.813868 0.296107
vn 0.499940 0.813868 0.296107
vn 0.499940 0.813868 0.296107
vn -0.000000 1.000000 -0.000000
vn -0.000000 1.000000 -0.000000
vn -0.000000 1.000000 -0.000000
vn -0.000000 1.000000 -0.000000
vn -0.000000 1.000000 -0.000000
vn -0.000000 1.000000 -0.000000
vn -0.000000 1.000000 -0.000000
vn -0.000000 1.000000 -0.000000
vn -0.000000 1.000000 -0.000000
vn -0.000000 1.000000 -0.000000
vn -0.000000 1.000000 -0.000000
vn -0.000000 1.000000 -0.000000
vn -0.499940 0.813868 0.296107
vn -0.499940 0.813868 0.296107
vn -0.499940 0.813868 0.296107
vn -0.499940 0.813868 0.296107
vn -0.499940 0.813868 0.296107
vn -0.499940 0.813868 0.296107
vn -0.499940 0.813868 0.296107
vn -0.499940 0.813868 0.296107
vn -0.499940 0.813868 0.296107
vn -0.499940 0.813868 0.296107
vn -0.499940 0.813868 0.296107
vn -0.499940 0.813868 0.296107
vn -0.499940 -0.813868 -0.296107
vn -0.499940 -0.813868 -0.296107
vn -0.499940 -0.813868 -0.296107
vn -0.499940 -0.813868 -0.296107
vn -0.499940 -0.813868 -0.296107
vn -0.499940 -0.813868 -0.296107
vn -0.499940 -0.813868 -0.296107
vn -0.499940 -0.813868 -0.296107
vn -0.499940 -0.813868 -0.296107
vn -0.499940 -0.813868 -0.296107
vn -0.499940 -0.813868 -0.296107
vn -0.499940 -0.813868 -0.296107
vn 0.499940 -0.813868 -0.296107
vn 0.499940 -0.813868 -0.296107
vn 0.499940 -0.813868 -0.296107
vn 0.499940 -0.813868 -0.296107
vn 0.499940 -0.813868 -0.296107
vn 0.499940 -0.813868 -0.296107
vn 0.499940 -0.813868 -0.296107
vn 0.499940 -0.813868 -0.296107
vn 0.499940 -0.813868 -0.296107
vn 0.499940 -0.813868 -0.296107
vn 0.499940 -0.813868 -0.296107
vn 0.499940 -0.813868 -0.296107
vn -0.000000 1.000000 -0.000000
vn -0.000000 1.000000 -0.000000
vn -0.000000 1.000000 -0.000000
vn -0.000000 1.000000 -0.000000
vn -1.000000 0.000000 -0.000000
vn -1.000000 0.000000 -0.000000
vn -1.000000 0.000000 -0.000000
vn -1.000000 0.000000 -0.000000
vn -0.000000 0.000000 -1.000000
vn -0.000000 0.000000 -1.000000
vn -0.000000 0.000000 -1.000000
vn -0.000000 0.000000 -1.000000
vn -0.000000 0.000000 -1.000000
vn -0.000000 0.000000 -1.000000
vn -0.000000 0.000000 1.000000
vn -0.000000 0.000000 1.000000
vn -0.000000 0.000000 1.000000
vn -0.000000 0.000000 1.000000
vn -0.000000 0.000000 1.000000
vn -0.000000 0.000000 1.000000
vn -0.000000 1.000000 -0.000000
vn -0.000000 1.000000 -0.000000
vn -0.000000 1.000000 -0.000000
vn -0.000000 1.000000 -0.000000
vn 1.000000 0.000000 -0.000000
vn 1.000000 0.000000 -0.000000
vn 1.000000 0.000000 -0.000000
vn 1.000000 0.000000 -0.000000
vn -0.000000 0.000000 -1.000000
vn -0.000000 0.000000 -1.000000
vn -0.000000 0.000000 -1.000000
vn -0.000000 0.000000 -1.000000
vn -0.000000 0.000000 1.000000
vn -0.000000 0.000000 1.000000
vn -0.000000 0.000000 1.000000
vn -0.000000 0.000000 1.000000
vn -0.000000 -1.000000 -0.000000
vn -0.000000 -1.000000 -0.000000
vn -0.000000 -1.000000 -0.000000
vn -0.000000 -1.000000 -0.000000
vn -0.500000 0.813798 0.296198
vn -0.500000 0.813798 0.296198
vn -0.500000 0.813798 0.296198
vn -0.500000 0.813798 0.296198
vn -0.000000 1.000000 -0.000000
vn -0.000000 1.000000 -0.000000
vn -0.000000 1.000000 -0.000000
vn -0.000000 1.000000 -0.000000
vn -1.000000 0.000000 -0.000000
vn -1.000000 0.000000 -0.000000
vn -1.000000 0.000000 -0.000000
vn -1.000000 0.000000 -0.000000
vn -0.000000 0.000000 -1.000000
vn -0.000000 0.000000 -1.000000
vn -0.000000 0.000000 -1.000000
vn -0.000000 0.000000 -1.000000
vn -0.000000 0.000000 -1.000000
vn -0.000000 0.000000 -1.000000
vn -0.000000 0.000000 1.000000
vn -0.000000 0.000000 1.000000
vn -0.000000 0.000000 1.000000
vn -0.000000 0.000000 1.000000
vn -0.000000 0.000000 1.000000
vn -0.000000 0.000000 1.000000
vn 0.500000 0.813798 0.296198
vn 0.500000 0.813798 0.296198
vn 0.500000 0.813798 0.296198
vn 0.500000 0.813798 0.296198
vn -0.000000 1.000000 -0.000000
vn -0.000000 1.000000 -0.000000
vn -0.000000 1.000000 -0.000000
vn -0.000000 1.000000 -0.000000
vn 1.000000 0.000000 -0.000000
vn 1.000000 0.000000 -0.000000
vn 1.000000 0.000000 -0.000000
vn 1.000000 0.000000 -0.000000
vn -0.000000 0.000000 -1.000000
vn -0.000000 0.000000 -1.000000
vn -0.000000 0.000000 -1.000000
vn -0.000000 0.000000 -1.000000
vn -0.000000 0.000000 1.000000
vn -0.000000 0.000000 1.000000
vn -0.000000 0.000000 1.000000
vn -0.000000 0.000000 1.000000
vn -0.000000 -1.000000 -0.000000
vn -0.000000 -1.000000 -0.000000
vn -0.000000 -1.000000 -0.000000
vn -0.000000 -1.000000 -0.000000
f 1/1/1 2/2/2 3/3/3
f 1/1/1 3/3/3 4/4/4
f 5/5/5 6/6/6 7/7/7
f 5/5/5 8/8/8 6/6/6
f 8/8/8 9/9/9 6/6/6
f 8/8/8 10/10/10 9/9/9
f 5/5/5 11/11/11 8/8/8
f 11/11/11 10/10/10 8/8/8
f 5/5/5 12/12/12 11/11/11
f 11/11/11 13/13/13 10/10/10
f 14/14/14 15/15/15 16/16/16
f 14/14/14 16/16/16 17/17/17
f 18/18/18 19/19/19 20/20/20
f 18/18/18 20/20/20 21/21/21
f 22/22/22 23/23/23 24/24/24
f 22/22/22 24/24/24 25/25/25
f 26/26/26 27/27/27 28/28/28
f 26/26/26 28/28/28 29/29/29
f 30/30/30 31/31/31 32/32/32
f 30/30/30 32/32/32 33/33/33
f 34/34/34 35/35/35 36/36/36
f 34/34/34 36/36/36 37/37/37
f 38/38/38 39/39/39 40/40/40
f 38/38/38 40/40/40 41/41/41
f 42/42/42 43/43/43 44/44/44
f 42/42/42 44/44/44 45/45/45
f 46/46/46 47/47/47 48/48/48
f 46/46/46 48/48/48 49/49/49
f 50/50/50 51/51/51 52/52/52
f 50/50/50 52/52/52 53/53/53
f 54/54/54 55/55/55 56/56/56
f 54/54/54 56/56/56 57/57/57
f 58/58/58 59/59/59 60/60/60
f 58/58/58 60/60/60 61/61/61
f 62/62/62 63/63/63 64/64/64
f 62/62/62 64/64/64 65/65/65
f 66/66/66 67/67/67 68/68/68
f 66/66/66 68/68/68 69/69/69
f 70/70/70 71/71/71 72/72/72
f 70/70/70 72/72/72 73/73/73
f 74/74/74 75/75/75 76/76/76
f 74/74/74 76/76/76 77/77/77
f 78/78/78 79/79/79 80/80/80
f 78/78/78 80/80/80 81/81/81
f 82/82/82 83/83/83 84/84/84
f 82/82/82 84/84/84 85/85/85
f 86/86/86 87/87/87 88/88/88
f 88/88/88 89/89/89 86/86/86
f 89/89/89 90/90/90 86/86/86
f 89/89/89 91/91/91 90/90/90
f 92/92/92 93/93/93 94/94/94
f 92/92/92 94/94/94 95/95/95
f 96/96/96 97/97/97 98/98/98
f 96/96/96 98/98/98 99/99/99
f 100/100/100 101/101/101 102/102/102
f 100/100/100 102/102/102 103/103/103
f 104/104/104 105/105/105 106/106/106
f 104/104/104 106/106/106 107/107/107
f 108/108/108 109/109/109 110/110/110
f 108/108/108 110/110/110 111/111/111
f 112/112/112 113/113/113 114/114/114
f 112/112/112 114/114/114 115/115/115
f 116/116/116 117/117/117 118/118/118
f 116/116/116 118/118/118 119/119/119
f 120/120/120 121/121/121 118/118/118
f 120/120/120 122/122/122 121/121/121
f 123/123/123 124/124/124 125/125/125
f 123/123/123 125/125/125 126/126/126
f 127/127/127 128/128/128 129/129/129
f 127/127/127 129/129/129 130/130/130
f 131/131/131 132/132/132 133/133/133
f 131/131/131 133/133/133 134/134/134
f 135/135/135 136/136/136 137/137/137
f 135/135/135 137/137/137 138/138/138
f 139/139/139 140/140/140 141/141/141
f 139/139/139 141/141/141 142/142/142
f 143/143/143 144/144/144 145/145/145
f 143/143/143 145/145/145 146/146/146
f 147/147/147 148/148/148 149/149/149
f 147/147/147 149/149/149 150/150/150
f 151/151/151 152/152/152 153/153/153
f 151/151/151 153/153/153 154/154/154
f 155/155/155 156/156/156 157/157/157
f 155/155/155 157/157/157 158/158/158
f 159/159/159 160/160/160 161/161/161
f 159/159/159 161/161/161 162/162/162
f 163/163/163 164/164/164 165/165/165
f 163/163/163 165/165/165 166/166/166
f 167/167/167 168/168/168 169/169/169
f 167/167/167 169/169/169 170/170/170
f 171/171/171 172/172/172 173/173/173
f 173/173/173 174/174/174 171/171/171
f 175/175/175 174/174/174 173/173/173
f 176/176/176 175/175/175 173/173/173
f 173/173/173 177/177/177 176/176/176
f 176/176/176 178/178/178 175/175/175
f 179/179/179 180/180/180 181/181/181
f 179/179/179 181/181/181 182/182/182
f 183/183/183 184/184/184 185/185/185
f 183/183/183 185/185/185 186/186/186
f 186/186/186 185/185/185 187/187/187
f 186/186/186 187/187/187 188/188/188
f 188/188/188 187/187/187 189/189/189
f 188/188/188 189/189/189 190/190/190
f 190/190/190 189/189/189 191/191/191
f 190/190/190 191/191/191 192/192/192
f 191/191/191 193/193/193 192/192/192
f 191/191/191 194/194/194 193/193/193
f 195/195/195 196/196/196 197/197/197
f 195/195/195 198/198/198 196/196/196
f 199/199/199 198/198/198 195/195/195
f 199/199/199 200/200/200 198/198/198
f 201/201/201 202/202/202 203/203/203
f 201/201/201 203/203/203 204/204/204
f 205/205/205 201/201/201 204/204/204
f 205/205/205 204/204/204 206/206/206
f 207/207/207 208/208/208 209/209/209
f 207/207/207 209/209/209 210/210/210
f 211/211/211 207/207/207 210/210/210
f 211/211/211 210/210/210 212/212/212
f 213/213/213 214/214/214 215/215/215
f 213/213/213 215/215/215 216/216/216
f 217/217/217 218/218/218 219/219/219
f 217/217/217 219/219/219 220/220/220
f 221/221/221 222/222/222 223/223/223
f 221/221/221 223/223/223 224/224/224
f 225/225/225 226/226/226 227/227/227
f 225/225/225 227/227/227 228/228/228
f 229/229/229 230/230/230 231/231/231
f 229/229/229 231/231/231 232/232/232
f 233/233/233 234/234/234 235/235/235
f 233/233/233 235/235/235 236/236/236
f 237/237/237 238/238/238 239/239/239
f 239/239/239 240/240/240 237/237/237
f 240/240/240 241/241/241 237/237/237
f 241/241/241 242/242/242 237/237/237
f 243/243/243 244/244/244 245/245/245
f 243/243/243 245/245/245 246/246/246
f 247/247/247 248/248/248 249/249/249
f 247/247/247 250/250/250 248/248/248
f 248/248/248 250/250/250 251/251/251
f 248/248/248 251/251/251 252/252/252
f 253/253/253 254/254/254 255/255/255
f 253/253/253 255/255/255 256/256/256
f 257/257/257 258/258/258 259/259/259
f 257/257/257 259/259/259 260/260/260
f 261/261/261 262/262/262 263/263/263
f 261/261/261 263/263/263 264/264/264
f 265/265/265 266/266/266 267/267/267
f 265/265/265 268/268/268 266/266/266
f 269/269/269 268/268/268 265/265/265
f 269/269/269 265/265/265 270/270/270
f 271/271/271 272/272/272 273/273/273
f 271/271/271 273/273/273 274/274/274
f 275/275/275 276/276/276 277/277/277
f 275/275/275 277/277/277 278/278/278
f 279/279/279 280/280/280 281/281/281
f 279/279/279 281/281/281 282/282/282
f 283/283/283 284/284/284 285/285/285
f 283/283/283 285/285/285 286/286/286
f 287/287/287 288/288/288 289/289/289
f 287/287/287 289/289/289 290/290/290
f 291/291/291 292/292/292 293/293/293
f 291/291/291 293/293/293 294/294/294
f 295/295/295 296/296/296 297/297/297
f 295/295/295 297/297/297 298/298/298
f 299/299/299 300/300/300 301/301/301
f 299/299/299 301/301/301 302/302/302
f 303/303/303 304/304/304 305/305/305
f 303/303/303 305/305/305 306/306/306
f 307/307/307 308/308/308 309/309/309
f 307/307/307 309/309/309 310/310/310
f 311/311/311 312/312/312 313/313/313
f 311/311/311 313/313/313 314/314/314
f 315/315/315 316/316/316 317/317/317
f 315/315/315 317/317/317 318/318/318
f 319/319/319 320/320/320 321/321/321
f 319/319/319 321/321/321 322/322/322
f 323/323/323 324/324/324 325/325/325
f 323/323/323 325/325/325 326/326/326
f 327/327/327 328/328/328 329/329/329
f 327/327/327 329/329/329 330/330/330
f 331/331/331 332/332/332 333/333/333
f 331/331/331 333/333/333 334/334/334
f 335/335/335 336/336/336 337/337/337
f 335/335/335 337/337/337 338/338/338
f 339/339/339 340/340/340 341/341/341
f 339/339/339 341/341/341 342/342/342
f 343/343/343 344/344/344 345/345/345
f 343/343/343 345/345/345 346/346/346
f 347/347/347 348/348/348 349/349/349
f 349/349/349 350/350/350 347/347/347
f 349/349/349 351/351/351 350/350/350
f 351/351/351 352/352/352 350/350/350
f 353/353/353 354/354/354 355/355/355
f 353/353/353 355/355/355 356/356/356
f 357/357/357 358/358/358 359/359/359
f 357/357/357 359/359/359 360/360/360
f 361/361/361 362/362/362 363/363/363
f 361/361/361 363/363/363 364/364/364
f 365/365/365 366/366/366 367/367/367
f 365/365/365 367/367/367 368/368/368
f 369/369/369 370/370/370 371/371/371
f 369/369/369 371/371/371 372/372/372
f 373/373/373 374/374/374 375/375/375
f 373/373/373 375/375/375 376/376/376
f 377/377/377 378/378/378 379/379/379
f 377/377/377 379/379/379 380/380/380
f 381/381/381 379/379/379 382/382/382
f 381/381/381 382/382/382 383/383/383
f 384/384/384 385/385/385 386/386/386
f 384/384/384 386/386/386 387/387/387
f 388/388/388 389/389/389 390/390/390
f 388/388/388 390/390/390 391/391/391
f 392/392/392 393/393/393 394/394/394
f 392/392/392 394/394/394 395/395/395
f 396/396/396 397/397/397 398/398/398
f 396/396/396 398/398/398 399/399/399
f 400/400/400 401/401/401 402/402/402
f 400/400/400 402/402/402 403/403/403
f 404/404/404 405/405/405 406/406/406
f 404/404/404 406/406/406 407/407/407
f 408/408/408 409/409/409 410/410/410
f 408/408/408 410/410/410 411/411/411
f 412/412/412 413/413/413 414/414/414
f 412/412/412 414/414/414 415/415/415
f 416/416/416 417/417/417 418/418/418
f 416/416/416 418/418/418 419/419/419
f 420/420/420 421/421/421 422/422/422
f 420/420/420 422/422/422 423/423/423
f 424/424/424 425/425/425 426/426/426
f 424/424/424 426/426/426 427/427/427
f 428/428/428 429/429/429 430/430/430
f 428/428/428 430/430/430 431/431/431
f 432/432/432 433/433/433 434/434/434
f 434/434/434 435/435/435 432/432/432
f 435/435/435 436/436/436 432/432/432
f 434/434/434 437/437/437 435/435/435
f 438/438/438 437/437/437 434/434/434
f 434/434/434 439/439/439 438/438/438
f 440/440/440 441/441/441 442/442/442
f 440/440/440 442/442/442 443/443/443
f 444/444/444 445/445/445 446/446/446
f 444/444/444 447/447/447 445/445/445
f 447/447/447 448/448/448 445/445/445
f 447/447/447 449/449/449 448/448/448
f 449/449/449 450/450/450 448/448/448
f 449/449/449 451/451/451 450/450/450
f 451/451/451 452/452/452 450/450/450
f 451/451/451 453/453/453 452/452/452
f 452/452/452 453/453/453 454/454/454
f 452/452/452 454/454/454 455/455/455
f 456/456/456 457/457/457 458/458/458
f 456/456/456 458/458/458 459/459/459
f 460/460/460 456/456/456 459/459/459
f 460/460/460 459/459/459 461/461/461
f 462/462/462 463/463/463 464/464/464
f 462/462/462 465/465/465 463/463/463
f 466/466/466 465/465/465 462/462/462
f 466/466/466 467/467/467 465/465/465
f 468/468/468 469/469/469 470/470/470
f 468/468/468 471/471/471 469/469/469
f 472/472/472 471/471/471 468/468/468
f 472/472/472 473/473/473 471/471/471
f 474/474/474 475/475/475 476/476/476
f 474/474/474 476/476/476 477/477/477
f 478/478/478 479/479/479 480/480/480
f 478/478/478 480/480/480 481/481/481
f 482/482/482 483/483/483 484/484/484
f 482/482/482 484/484/484 485/485/485
f 486/486/486 487/487/487 488/488/488
f 486/486/486 488/488/488 489/489/489
f 490/490/490 491/491/491 492/492/492
f 490/490/490 492/492/492 493/493/493
f 494/494/494 495/495/495 496/496/496
f 494/494/494 496/496/496 497/497/497
f 498/498/498 499/499/499 500/500/500
f 500/500/500 501/501/501 498/498/498
f 502/502/502 501/501/501 500/500/500
f 503/503/503 502/502/502 500/500/500
f 500/500/500 504/504/504 503/503/503
f 503/503/503 505/505/505 502/502/502
f 506/506/506 507/507/507 508/508/508
f 508/508/508 509/509/509 506/506/506
f 509/509/509 510/510/510 506/506/506
f 510/510/510 511/511/511 506/506/506
f 512/512/512 513/513/513 514/514/514
f 512/512/512 514/514/514 515/515/515
f 516/516/516 517/517/517 518/518/518
f 516/516/516 518/518/518 519/519/519
f 520/520/520 521/521/521 522/522/522
f 520/520/520 522/522/522 523/523/523
f 524/524/524 525/525/525 526/526/526
f 524/524/524 526/526/526 527/527/527
f 528/528/528 529/529/529 530/530/530
f 528/528/528 531/531/531 529/529/529
f 532/532/532 531/531/531 528/528/528
f 532/532/532 533/533/533 531/531/531
f 534/534/534 535/535/535 536/536/536
f 534/534/534 536/536/536 537/537/537
f 538/538/538 534/534/534 537/537/537
f 538/538/538 537/537/537 539/539/539
f 540/540/540 534/534/534 538/538/538
f 540/540/540 541/541/541 534/534/534
f 542/542/542 543/543/543 544/544/544
f 542/542/542 544/544/544 545/545/545
f 546/546/546 547/547/547 548/548/548
f 546/546/546 548/548/548 549/549/549
f 550/550/550 546/546/546 549/549/549
f 550/550/550 549/549/549 551/551/551
f 552/552/552 553/553/553 554/554/554
f 552/552/552 554/554/554 555/555/555
f 556/556/556 557/557/557 558/558/558
f 556/556/556 559/559/559 557/557/557
f 559/559/559 560/560/560 557/557/557
f 559/559/559 561/561/561 560/560/560
f 562/562/562 561/561/561 559/559/559
f 562/562/562 563/563/563 561/561/561
f 564/564/564 565/565/565 566/566/566
f 564/564/564 566/566/566 567/567/567
f 568/568/568 569/569/569 570/570/570
f 568/568/568 570/570/570 571/571/571
f 572/572/572 573/573/573 574/574/574
f 572/572/572 574/574/574 575/575/575
f 576/576/576 577/577/577 578/578/578
f 576/576/576 578/578/578 579/579/579
f 580/580/580 581/581/581 582/582/582
f 580/580/580 582/582/582 583/583/583
f 584/584/584 580/580/580 583/583/583
f 583/583/583 582/582/582 585/585/585
f 584/584/584 583/583/583 586/586/586
f 583/583/583 585/585/585 587/587/587
f 587/587/587 585/585/585 588/588/588
f 586/586/586 583/583/583 589/589/589
f 586/586/586 589/589/589 590/590/590
f 591/591/591 590/590/590 589/589/589
f 587/587/587 588/588/588 592/592/592
f 591/591/591 589/589/589 592/592/592
f 592/592/592 588/588/588 593/593/593
f 594/594/594 591/591/591 592/592/592
f 592/592/592 593/593/593 595/595/595
f 594/594/594 592/592/592 595/595/595
f 596/596/596 597/597/597 598/598/598
f 596/596/596 598/598/598 599/599/599
f 600/600/600 601/601/601 602/602/602
f 600/600/600 603/603/603 601/601/601
f 604/604/604 603/603/603 600/600/600
f 604/604/604 605/605/605 603/603/603
f 606/606/606 607/607/607 608/608/608
f 606/606/606 608/608/608 609/609/609
f 610/610/610 611/611/611 612/612/612
f 610/610/610 613/613/613 611/611/611
f 614/614/614 613/613/613 610/610/610
f 613/613/613 615/615/615 611/611/611
f 614/614/614 616/616/616 613/613/613
f 613/613/613 617/617/617 615/615/615
f 616/616/616 617/617/617 613/613/613
f 618/618/618 615/615/615 617/617/617
f 616/616/616 619/619/619 617/617/617
f 618/618/618 617/617/617 620/620/620
f 620/620/620 617/617/617 619/619/619
f 620/620/620 621/621/621 618/618/618
f 620/620/620 619/619/619 622/622/622
f 623/623/623 620/620/620 622/622/622
f 624/624/624 625/625/625 626/626/626
f 624/624/624 627/627/627 625/625/625
f 628/628/628 627/627/627 624/624/624
f 628/628/628 629/629/629 627/627/627
f 630/630/630 631/631/631 632/632/632
f 630/630/630 632/632/632 633/633/633
f 634/634/634 635/635/635 636/636/636
f 637/637/637 635/635/635 634/634/634
f 637/637/637 638/638/638 635/635/635
f 639/639/639 638/638/638 637/637/637
f 639/639/639 640/640/640 638/638/638
f 641/641/641 640/640/640 639/639/639
f 641/641/641 642/642/642 640/640/640
f 643/643/643 644/644/644 645/645/645
f 643/643/643 646/646/646 644/644/644
f 647/647/647 646/646/646 643/643/643
f 647/647/647 648/648/648 646/646/646
f 649/649/649 648/648/648 647/647/647
f 649/649/649 650/650/650 648/648/648
f 649/649/649 651/651/651 650/650/650
f 652/652/652 653/653/653 654/654/654
f 652/652/652 654/654/654 655/655/655
f 655/655/655 654/654/654 656/656/656
f 655/655/655 656/656/656 657/657/657
f 658/658/658 659/659/659 660/660/660
f 658/658/658 660/660/660 661/661/661
f 662/662/662 663/663/663 664/664/664
f 662/662/662 664/664/664 665/665/665
f 666/666/666 662/662/662 665/665/665
f 665/665/665 664/664/664 667/667/667
f 666/666/666 665/665/665 668/668/668
f 665/665/665 667/667/667 669/669/669
f 668/668/668 665/665/665 669/669/669
f 670/670/670 669/669/669 667/667/667
f 668/668/668 669/669/669 671/671/671
f 670/670/670 672/672/672 669/669/669
f 672/672/672 671/671/671 669/669/669
f 672/672/672 670/670/670 673/673/673
f 672/672/672 674/674/674 671/671/671
f 675/675/675 674/674/674 672/672/672
f 676/676/676 677/677/677 678/678/678
f 676/676/676 679/679/679 677/677/677
f 679/679/679 680/680/680 677/677/677
f 679/679/679 681/681/681 680/680/680
f 682/682/682 683/683/683 684/684/684
f 684/684/684 685/685/685 682/682/682
f 685/685/685 686/686/686 682/682/682
f 684/684/684 687/687/687 685/685/685
f 688/688/688 687/687/687 684/684/684
f 684/684/684 689/689/689 688/688/688
f 690/690/690 691/691/691 692/692/692
f 690/690/690 692/692/692 693/693/693
f 691/691/691 694/694/694 692/692/692
f 695/695/695 690/690/690 693/693/693
f 691/691/691 696/696/696 694/694/694
f 695/695/695 693/693/693 697/697/697
f 696/696/696 698/698/698 694/694/694
f 699/699/699 695/695/695 697/697/697
f 696/696/696 700/700/700 698/698/698
f 699/699/699 697/697/697 701/701/701
f 700/700/700 699/699/699 701/701/701
f 700/700/700 701/701/701 698/698/698
f 702/702/702 703/703/703 704/704/704
f 702/702/702 704/704/704 705/705/705
f 703/703/703 706/706/706 704/704/704
f 707/707/707 702/702/702 705/705/705
f 703/703/703 708/708/708 706/706/706
f 707/707/707 705/705/705 709/709/709
f 708/708/708 710/710/710 706/706/706
f 711/711/711 707/707/707 709/709/709
f 708/708/708 712/712/712 710/710/710
f 711/711/711 709/709/709 713/713/713
f 712/712/712 711/711/711 713/713/713
f 712/712/712 713/713/713 710/710/710
f 714/714/714 715/715/715 716/716/716
f 717/717/717 715/715/715 714/714/714
f 714/714/714 716/716/716 718/718/718
f 717/717/717 719/719/719 715/715/715
f 718/718/718 716/716/716 720/720/720
f 721/721/721 719/719/719 717/717/717
f 718/718/718 720/720/720 722/722/722
f 721/721/721 723/723/723 719/719/719
f 722/722/722 720/720/720 724/724/724
f 725/725/725 723/723/723 721/721/721
f 722/722/722 724/724/724 725/725/725
f 725/725/725 724/724/724 723/723/723
f 726/726/726 727/727/727 728/728/728
f 726/726/726 729/729/729 727/727/727
f 728/728/728 727/727/727 730/730/730
f 731/731/731 729/729/729 726/726/726
f 728/728/728 730/730/730 732/732/732
f 731/731/731 733/733/733 729/729/729
f 732/732/732 730/730/730 734/734/734
f 735/735/735 733/733/733 731/731/731
f 732/732/732 734/734/734 736/736/736
f 735/735/735 737/737/737 733/733/733
f 736/736/736 734/734/734 737/737/737
f 736/736/736 737/737/737 735/735/735
f 738/738/738 739/739/739 740/740/740
f 738/738/738 741/741/741 739/739/739
f 742/742/742 738/738/738 740/740/740
f 741/741/741 743/743/743 739/739/739
f 742/742/742 740/740/740 744/744/744
f 741/741/741 745/745/745 743/743/743
f 746/746/746 742/742/742 744/744/744
f 745/745/745 747/747/747 743/743/743
f 746/746/746 744/744/744 748/748/748
f 745/745/745 749/749/749 747/747/747
f 749/749/749 746/746/746 748/748/748
f 749/749/749 748/748/748 747/747/747
f 750/750/750 751/751/751 752/752/752
f 750/750/750 752/752/752 753/753/753
f 754/754/754 751/751/751 750/750/750
f 753/753/753 752/752/752 755/755/755
f 754/754/754 756/756/756 751/751/751
f 753/753/753 755/755/755 757/757/757
f 758/758/758 756/756/756 754/754/754
f 757/757/757 755/755/755 759/759/759
f 758/758/758 760/760/760 756/756/756
f 757/757/757 759/759/759 761/761/761
f 761/761/761 760/760/760 758/758/758
f 761/761/761 759/759/759 760/760/760
f 762/762/762 763/763/763 764/764/764
f 762/762/762 764/764/764 765/765/765
f 766/766/766 767/767/767 768/768/768
f 766/766/766 768/768/768 769/769/769
f 770/770/770 771/771/771 772/772/772
f 770/770/770 773/773/773 771/771/771
f 771/771/771 773/773/773 774/774/774
f 771/771/771 774/774/774 775/775/775
f 776/776/776 777/777/777 778/778/778
f 776/776/776 778/778/778 779/779/779
f 778/778/778 780/780/780 779/779/779
f 778/778/778 781/781/781 780/780/780
f 782/782/782 783/783/783 784/784/784
f 782/782/782 784/784/784 785/785/785
f 786/786/786 787/787/787 788/788/788
f 786/786/786 788/788/788 789/789/789
f 790/790/790 791/791/791 792/792/792
f 790/790/790 792/792/792 793/793/793
f 794/794/794 795/795/795 796/796/796
f 794/794/794 796/796/796 797/797/797
f 798/798/798 799/799/799 800/800/800
f 798/798/798 800/800/800 801/801/801
f 802/802/802 803/803/803 804/804/804
f 802/802/802 804/804/804 805/805/805
f 806/806/806 807/807/807 808/808/808
f 806/806/806 808/808/808 809/809/809
f 810/810/810 811/811/811 812/812/812
f 810/810/810 812/812/812 813/813/813
f 814/814/814 815/815/815 816/816/816
f 814/814/814 817/817/817 815/815/815
f 815/815/815 817/817/817 818/818/818
f 815/815/815 818/818/818 819/819/819
f 820/820/820 821/821/821 822/822/822
f 820/820/820 822/822/822 823/823/823
f 822/822/822 824/824/824 823/823/823
f 822/822/822 825/825/825 824/824/824
f 826/826/826 827/827/827 828/828/828
f 826/826/826 828/828/828 829/829/829
f 830/830/830 831/831/831 832/832/832
f 830/830/830 832/832/832 833/833/833
f 834/834/834 835/835/835 836/836/836
f 834/834/834 836/836/836 837/837/837
f 838/838/838 839/839/839 840/840/840
f 838/838/838 840/840/840 841/841/841
f 842/842/842 843/843/843 844/844/844
f 842/842/842 844/844/844 845/845/845
f 846/846/846 847/847/847 848/848/848
f 846/846/846 848/848/848 849/849/849
