# Unturned item rip -> Godot (X+Z negated, winding reversed, RH Y-up)
v -0.256873 0.199313 0.063042
v -0.220710 0.254935 0.227266
v -0.175774 0.199313 0.063042
v -0.325245 -0.045889 0.163876
v -0.246520 0.073966 0.352517
v -0.117299 -0.009054 0.161862
v -0.117299 -0.009054 0.161862
v -0.246520 0.073966 0.352517
v -0.100856 0.156986 0.128448
v -0.235058 0.204107 -0.013916
v -0.337924 0.202402 0.244574
v -0.276644 0.008717 -0.042013
v -0.208617 0.058023 0.132179
v -0.337924 0.202402 0.244574
v -0.089549 0.199284 0.092510
v -0.276644 0.008717 -0.042013
v -0.337924 0.202402 0.244574
v -0.208617 0.058023 0.132179
v -0.089549 0.199284 0.092510
v -0.337924 0.202402 0.244574
v -0.235058 0.204107 -0.013916
v -0.306075 -0.101017 0.188570
v -0.423835 -0.059782 0.167994
v -0.311945 0.003358 0.144184
v -0.113426 0.211920 -0.202036
v -0.232675 0.211920 -0.131879
v -0.232674 -0.010679 -0.138997
v -0.092545 -0.010430 -0.226000
v -0.216429 -0.171992 -0.131879
v -0.000424 -0.010430 -0.226000
v -0.030001 0.220977 -0.202036
v -0.003905 -0.191174 -0.174380
v -0.092618 -0.191174 -0.174380
v -0.248524 -0.231726 0.012435
v -0.097853 -0.251586 -0.038662
v 0.002136 -0.251586 -0.038662
v -0.035602 -0.270032 0.137517
v -0.233030 -0.243986 0.128448
v -0.192477 -0.193361 0.373080
v 0.002853 -0.198536 0.303200
v -0.180800 0.274465 0.049014
v -0.220710 0.254935 0.227266
v -0.258275 0.274464 0.049014
v -0.251115 0.239952 -0.066999
v -0.088281 0.239952 -0.081917
v -0.232675 0.211920 -0.131879
v -0.113426 0.211920 -0.202036
v -0.085401 0.145502 -0.029703
v -0.180800 0.274465 0.049014
v -0.088281 0.239952 -0.081917
v -0.175774 0.199313 0.063042
v -0.220710 0.254935 0.227266
v 0.014254 0.232949 0.064273
v 0.024894 0.242418 0.124950
v 0.017138 0.305593 0.114845
v 0.006498 0.286359 0.054167
v -0.016014 0.282392 -0.088295
v 0.006498 0.294622 0.054167
v -0.258275 0.274464 0.049014
v -0.220710 0.254935 0.227266
v -0.256873 0.199313 0.063042
v -0.251115 0.239952 -0.066999
v -0.270448 0.145502 -0.029703
v -0.232675 0.211920 -0.131879
v -0.283816 0.156986 0.128448
v -0.232674 -0.010679 -0.138997
v -0.325245 -0.045889 0.163876
v -0.246520 0.073966 0.352517
v -0.301916 -0.010679 -0.029703
v -0.216429 -0.171992 -0.131879
v -0.248524 -0.231726 0.012435
v -0.288563 -0.128665 0.158422
v -0.233030 -0.243986 0.128448
v -0.261454 -0.124623 0.280784
v -0.192477 -0.193361 0.373080
v 0.006498 0.294622 0.054167
v 0.017138 0.305593 0.114845
v -0.065443 0.285177 0.044996
v -0.112661 0.264041 -0.081917
v -0.016014 0.282392 -0.088295
v -0.118515 0.236010 -0.210802
v -0.003109 0.246892 -0.224377
v -0.017086 0.138183 -0.246413
v -0.078268 -0.011462 -0.215910
v -0.004075 0.015925 -0.221493
v -0.118515 0.134607 -0.226594
v -0.118515 0.236010 -0.210802
v -0.003109 0.246892 -0.224377
v -0.100856 0.156986 0.128448
v -0.246520 0.073966 0.352517
v -0.283816 0.156986 0.128448
v -0.256873 0.199313 0.063042
v -0.175774 0.199313 0.063042
v 0.074300 0.182698 -0.029703
v 0.081982 0.179118 0.128448
v -0.120930 0.207040 -0.078336
v -0.065443 0.285177 0.044996
v 0.017138 0.305593 0.114845
v 0.024894 0.242418 0.124950
v -0.058403 0.211592 0.061206
v -0.112661 0.264041 -0.081917
v -0.108708 0.179288 -0.027033
v -0.118515 0.236010 -0.210802
v -0.118515 0.134607 -0.226594
v -0.078268 -0.011462 -0.215910
v 0.002853 -0.198536 0.303200
v -0.117299 -0.009054 0.161862
v 0.049372 -0.009054 0.128448
v -0.192477 -0.193361 0.373080
v -0.261454 -0.124623 0.280784
v -0.288563 -0.128665 0.158422
v -0.316704 -0.158265 0.124398
v -0.423835 -0.059782 0.167994
v -0.306075 -0.101017 0.188570
v -0.162686 -0.173336 0.077021
v -0.311945 0.003358 0.144184
v -0.423835 -0.059782 0.167994
v -0.331563 -0.059977 0.035014
v -0.210245 0.042854 -0.092205
v -0.228023 -0.143062 -0.100575
v -0.331563 -0.059977 0.035014
v -0.423835 -0.059782 0.167994
v -0.316704 -0.158265 0.124398
v -0.228023 -0.143062 -0.100575
v -0.162686 -0.173336 0.077021
v -0.275864 -0.006905 -0.027547
v -0.139039 0.001127 0.014825
v -0.204981 -0.043752 0.186594
v -0.312706 -0.097070 0.170416
v -0.269503 -0.130675 0.356322
v -0.277987 -0.206545 0.168211
v -0.147386 -0.177405 0.215607
v -0.242319 -0.227549 -0.001731
v -0.269503 -0.130675 0.356322
v -0.312706 -0.097070 0.170416
v -0.269503 -0.130675 0.356322
v -0.277987 -0.206545 0.168211
v -0.242319 -0.227549 -0.001731
v -0.275864 -0.006905 -0.027547
v -0.147386 -0.177405 0.215607
v -0.269503 -0.130675 0.356322
v -0.204981 -0.043752 0.186594
v -0.139039 0.001127 0.014825
v -0.032739 -0.280798 0.523961
v -0.015242 -0.287233 0.526079
v -0.003370 -0.318789 0.632599
v -0.037364 -0.284384 0.327648
v -0.084250 -0.276122 0.340491
v -0.020342 -0.229152 0.136663
v -0.124054 -0.221280 0.162839
v -0.092232 -0.097325 -0.136841
v -0.038750 -0.328098 -0.080128
v 0.000330 -0.110233 -0.132171
v -0.001549 -0.333494 -0.067103
v -0.475186 -0.010678 0.178313
v -0.344919 -0.010678 0.034435
v -0.315469 0.089538 0.083254
v -0.221507 0.161791 -0.062729
v -0.239456 -0.010678 -0.115517
v -0.252029 0.109981 0.187497
v -0.475186 -0.010678 0.178313
v -0.481037 -0.010678 0.249106
v -0.475186 -0.010678 0.178313
v -0.315469 -0.110895 0.083254
v -0.344919 -0.010678 0.034435
v -0.239456 -0.010678 -0.115517
v -0.252029 -0.131338 0.187497
v -0.315469 -0.110895 0.083254
v -0.475186 -0.010678 0.178313
v -0.481037 -0.010678 0.249106
v -0.252026 -0.085442 0.187496
v -0.421514 -0.010678 0.238164
v -0.395380 -0.010678 0.210764
v -0.200936 -0.097883 0.148843
v -0.395380 -0.010678 0.210764
v -0.421514 -0.010678 0.238164
v -0.252026 0.064085 0.187496
v -0.200936 0.076526 0.148843
v -0.421514 -0.010678 0.238164
v -0.252029 0.109981 0.187497
v -0.252026 0.064085 0.187496
v -0.481037 -0.010678 0.249106
v -0.252029 -0.131338 0.187497
v -0.252026 -0.085442 0.187496
v 0.049372 -0.009054 0.128448
v -0.117299 -0.009054 0.161862
v -0.100856 0.156986 0.128448
v 0.081982 0.179118 0.128448
v -0.092232 -0.097325 -0.136841
v -0.089076 -0.390050 0.039173
v -0.038750 -0.328098 -0.080128
v -0.124054 -0.221280 0.162839
v -0.136701 -0.385884 0.136902
v -0.084250 -0.276122 0.340491
v -0.107943 -0.386265 0.340887
v -0.066879 -0.341992 0.528404
v -0.032739 -0.280798 0.523961
v -0.003370 -0.318789 0.632599
v 0.002846 -0.353233 0.688355
v -0.014255 -0.362778 0.534942
v -0.066879 -0.341992 0.528404
v 0.002846 -0.353233 0.688355
v -0.107943 -0.386265 0.340887
v -0.037689 -0.392719 0.324738
v -0.011943 -0.388326 0.045594
v -0.136701 -0.385884 0.136902
v -0.089076 -0.390050 0.039173
v -0.001549 -0.333494 -0.067103
v -0.038750 -0.328098 -0.080128
v 0.163116 0.212764 0.060579
v 0.207146 0.260046 0.242024
v 0.267789 0.224085 0.049269
v 0.081982 0.179118 0.128448
v 0.238755 0.085032 0.305375
v 0.049372 -0.009054 0.128448
v 0.049372 -0.009054 0.128448
v 0.238755 0.085032 0.305375
v 0.320661 -0.034133 0.128448
v 0.243575 0.080055 0.139841
v 0.365766 0.103092 0.207471
v 0.283175 0.032589 0.102430
v 0.303810 -0.036782 0.103721
v 0.409173 -0.081402 0.199366
v 0.273489 -0.125140 0.161497
v 0.407818 -0.010678 0.210764
v 0.264464 -0.085442 0.160096
v 0.264464 0.064085 0.160096
v 0.333794 0.035029 0.244056
v 0.282235 -0.012950 0.210709
v 0.189711 0.021957 0.136460
v 0.333794 0.035029 0.244056
v 0.305047 0.035310 0.165743
v 0.317288 -0.014225 0.178929
v 0.305047 0.035310 0.165743
v 0.333794 0.035029 0.244056
v 0.189711 0.021957 0.136460
v 0.394236 -0.013930 0.234552
v 0.359891 0.022343 0.182586
v 0.367220 -0.031767 0.161900
v 0.334294 -0.044251 0.187424
v 0.394236 -0.013930 0.234552
v 0.367220 -0.031767 0.161900
v 0.334294 -0.044251 0.187424
v 0.367220 -0.031767 0.161900
v 0.283690 -0.018527 0.182693
v -0.395380 -0.010678 0.210764
v -0.200936 0.076526 0.148843
v -0.200936 -0.097883 0.148843
v -0.350965 -0.002962 0.244056
v -0.191529 -0.027133 0.136460
v -0.299405 -0.050941 0.210709
v -0.350965 -0.002962 0.244056
v -0.334458 -0.052215 0.178929
v -0.322218 -0.002681 0.165743
v -0.322218 -0.002681 0.165743
v -0.191529 -0.027133 0.136460
v -0.350965 -0.002962 0.244056
v -0.389014 -0.013367 0.238028
v -0.358309 -0.023629 0.165377
v -0.365193 0.030540 0.186063
v -0.003370 -0.318789 0.632599
v 0.026163 -0.356992 0.741845
v 0.002846 -0.353233 0.688355
v 0.163116 0.212764 0.060579
v 0.267789 0.224085 0.049269
v 0.281263 0.160122 0.128448
v 0.081982 0.179118 0.128448
v 0.238755 0.085032 0.305375
v 0.074300 0.182698 -0.029703
v 0.070044 0.276414 -0.094591
v 0.153783 0.300889 0.025215
v 0.207146 0.260046 0.242024
v 0.267789 0.224085 0.049269
v 0.207146 0.260046 0.242024
v 0.252901 0.300889 0.013316
v 0.284530 0.194020 -0.029703
v 0.236756 0.276414 -0.079672
v 0.228886 0.234053 -0.133492
v 0.228886 -0.010430 -0.185113
v 0.281263 0.160122 0.128448
v 0.310111 -0.010679 -0.039657
v 0.196651 -0.189984 -0.133492
v 0.253483 -0.231726 0.012435
v 0.320661 -0.034133 0.128448
v 0.238755 0.085032 0.305375
v 0.276757 -0.236922 0.128448
v 0.174324 -0.201493 0.404946
v 0.252901 0.300889 0.013316
v 0.207146 0.260046 0.242024
v 0.153783 0.300889 0.025215
v 0.236756 0.276414 -0.079672
v 0.070044 0.276414 -0.094591
v 0.228886 0.234053 -0.133492
v 0.090436 0.234052 -0.202036
v 0.228886 -0.010430 -0.185113
v 0.091696 -0.010430 -0.226000
v -0.000424 -0.010430 -0.226000
v -0.030001 0.220977 -0.202036
v 0.091624 -0.191174 -0.174380
v -0.003905 -0.191174 -0.174380
v 0.196651 -0.189984 -0.133492
v 0.002136 -0.251586 -0.038662
v 0.126094 -0.251586 -0.038662
v 0.253483 -0.231726 0.012435
v 0.276757 -0.236922 0.128448
v -0.035602 -0.270032 0.137517
v 0.174324 -0.201493 0.404946
v 0.002853 -0.198536 0.303200
v 0.100779 0.201420 -0.027033
v 0.118721 0.141881 -0.222834
v 0.075947 -0.011462 -0.215910
v 0.094937 0.300504 -0.094591
v 0.118721 0.258142 -0.205806
v 0.006498 0.286359 0.054167
v 0.014254 0.232949 0.064273
v -0.016014 0.282392 -0.088295
v -0.003109 0.246892 -0.224377
v 0.118721 0.258142 -0.205806
v 0.094937 0.300504 -0.094591
v 0.006498 0.286359 0.054167
v 0.320661 -0.034133 0.128448
v 0.174324 -0.201493 0.404946
v 0.049372 -0.009054 0.128448
v 0.002853 -0.198536 0.303200
v -0.003109 0.246892 -0.224377
v 0.118721 0.141881 -0.222834
v 0.118721 0.258142 -0.205806
v -0.017086 0.138183 -0.246413
v 0.075947 -0.011462 -0.215910
v -0.004075 0.015925 -0.221493
v 0.263239 -0.008887 0.001974
v 0.217170 -0.032059 0.257392
v 0.124834 0.021751 0.049617
v 0.329009 -0.070479 0.198546
v 0.286125 -0.111820 0.371616
v 0.282056 -0.199032 0.197548
v 0.250382 -0.230718 0.019613
v 0.157085 -0.155932 0.250022
v 0.286125 -0.111820 0.371616
v 0.329009 -0.070479 0.198546
v 0.282056 -0.199032 0.197548
v 0.286125 -0.111820 0.371616
v 0.250382 -0.230718 0.019613
v 0.263239 -0.008887 0.001974
v 0.157085 -0.155932 0.250022
v 0.217170 -0.032059 0.257392
v 0.286125 -0.111820 0.371616
v 0.124834 0.021751 0.049617
v 0.243575 0.080055 0.139841
v 0.247165 0.211825 0.000325
v 0.288805 0.169262 0.106585
v 0.365766 0.103092 0.207471
v 0.247165 0.211825 0.000325
v 0.285305 0.088809 -0.026595
v 0.323178 0.103984 0.064066
v 0.288805 0.169262 0.106585
v 0.365766 0.103092 0.207471
v -0.015242 -0.287233 0.526079
v 0.026163 -0.356992 0.741845
v -0.003370 -0.318789 0.632599
v 0.062490 -0.315819 0.535488
v 0.080491 -0.305152 0.295363
v -0.037364 -0.284384 0.327648
v 0.111349 -0.239149 0.103426
v -0.020342 -0.229152 0.136663
v 0.017467 -0.375308 0.538883
v 0.002846 -0.353233 0.688355
v 0.026163 -0.356992 0.741845
v -0.014255 -0.362778 0.534942
v -0.037689 -0.392719 0.324738
v 0.056413 -0.401364 0.303106
v 0.060821 -0.386700 0.051651
v -0.011943 -0.388326 0.045594
v 0.075349 -0.344649 -0.040181
v -0.001549 -0.333494 -0.067103
v 0.062490 -0.315819 0.535488
v 0.017467 -0.375308 0.538883
v 0.026163 -0.356992 0.741845
v 0.056413 -0.401364 0.303106
v 0.080491 -0.305152 0.295363
v 0.060821 -0.386700 0.051651
v 0.111349 -0.239149 0.103426
v 0.075349 -0.344649 -0.040181
v 0.103708 -0.125215 -0.114192
v 0.264829 -0.158881 -0.012178
v 0.253202 -0.218595 0.079204
v 0.310964 -0.177903 0.123009
v 0.336723 -0.109050 0.064125
v 0.409173 -0.081402 0.199366
v 0.253202 -0.218595 0.079204
v 0.273489 -0.125140 0.161497
v 0.310964 -0.177903 0.123009
v 0.409173 -0.081402 0.199366
v 0.336723 -0.109050 0.064125
v 0.303810 -0.036782 0.103721
v 0.264829 -0.158881 -0.012178
v 0.409173 -0.081402 0.199366
v 0.487624 -0.010678 0.178313
v 0.327907 0.089538 0.083254
v 0.357358 -0.010678 0.034435
v 0.233946 0.161791 -0.062729
v 0.251894 -0.010678 -0.115517
v 0.487624 -0.010678 0.178313
v 0.357358 -0.010678 0.034435
v 0.327907 -0.110895 0.083254
v 0.273783 -0.152514 -0.000836
v 0.251894 -0.010678 -0.115517
v 0.327907 -0.110895 0.083254
v 0.264467 -0.131338 0.187497
v 0.493475 -0.010678 0.249106
v 0.487624 -0.010678 0.178313
v 0.487624 -0.010678 0.178313
v 0.493475 -0.010678 0.249106
v 0.264467 0.109981 0.187497
v 0.327907 0.089538 0.083254
v 0.233946 0.161791 -0.062729
v 0.493475 -0.010678 0.249106
v 0.264464 0.064085 0.187496
v 0.264467 0.109981 0.187497
v 0.433953 -0.010678 0.238164
v 0.264467 -0.131338 0.187497
v 0.264464 -0.085442 0.187496
v 0.264464 -0.085442 0.187496
v 0.264464 -0.085442 0.160096
v 0.407818 -0.010678 0.210764
v 0.433953 -0.010678 0.238164
v 0.433953 -0.010678 0.238164
v 0.407818 -0.010678 0.210764
v 0.264464 0.064085 0.160096
v 0.264464 0.064085 0.187496
v 0.282235 -0.012950 0.210709
v 0.333794 0.035029 0.244056
v 0.317288 -0.014225 0.178929
v 0.189711 0.021957 0.136460
v 0.334294 -0.044251 0.187424
v 0.326965 0.009859 0.208110
v 0.394236 -0.013930 0.234552
v 0.283690 -0.018527 0.182693
v 0.394236 -0.013930 0.234552
v 0.326965 0.009859 0.208110
v 0.359891 0.022343 0.182586
v 0.293420 0.012564 0.170676
v 0.274804 -0.040336 0.191607
v 0.276294 0.012235 0.193832
v 0.336931 -0.031733 0.214029
v 0.187169 -0.030204 0.080788
v 0.274804 -0.040336 0.191607
v 0.336931 -0.031733 0.214029
v 0.329178 -0.072644 0.170866
v 0.187169 -0.030204 0.080788
v 0.336931 -0.031733 0.214029
v 0.276294 0.012235 0.193832
v 0.313114 -0.002660 0.169360
v 0.329178 -0.072644 0.170866
v 0.315979 -0.076651 0.154623
v 0.299915 -0.006667 0.153117
v -0.323277 -0.027192 0.197882
v -0.389014 -0.013367 0.238028
v -0.330161 0.026976 0.218568
v -0.281026 0.010719 0.186170
v -0.298450 0.038247 0.194449
v -0.299405 -0.050941 0.210709
v -0.334458 -0.052215 0.178929
v -0.350965 -0.002962 0.244056
v -0.191529 -0.027133 0.136460
v -0.323277 -0.027192 0.197882
v -0.358309 -0.023629 0.165377
v -0.389014 -0.013367 0.238028
v -0.281026 0.010719 0.186170
v -0.389014 -0.013367 0.238028
v -0.365193 0.030540 0.186063
v -0.330161 0.026976 0.218568
v -0.298450 0.038247 0.194449
v 0.285305 0.088809 -0.026595
v 0.283175 0.032589 0.102430
v 0.365766 0.103092 0.207471
v 0.323178 0.103984 0.064066
v 0.075349 -0.344649 -0.040181
v 0.103708 -0.125215 -0.114192
v -0.001549 -0.333494 -0.067103
v 0.000330 -0.110233 -0.132171
vt 0.34702602 0.300570697
vt 0.34702602 0.300570697
vt 0.34702602 0.300570697
vt 0.34702602 0.300570697
vt 0.34702602 0.300570697
vt 0.34702602 0.300570697
vt 0.34702602 0.300570697
vt 0.34702602 0.300570697
vt 0.34702602 0.300570697
vt 0.34702602 0.300570697
vt 0.34702602 0.300570697
vt 0.34702602 0.300570697
vt 0.34702602 0.300570697
vt 0.34702602 0.300570697
vt 0.34702602 0.300570697
vt 0.34702602 0.300570697
vt 0.34702602 0.300570697
vt 0.34702602 0.300570697
vt 0.34702602 0.300570697
vt 0.34702602 0.300570697
vt 0.34702602 0.300570697
vt 0.34702602 0.300570697
vt 0.34702602 0.300570697
vt 0.34702602 0.300570697
vt 0.34702602 0.300570697
vt 0.34702602 0.300570697
vt 0.34702602 0.300570697
vt 0.34702602 0.300570697
vt 0.34702602 0.300570697
vt 0.34702602 0.300570697
vt 0.34702602 0.300570697
vt 0.34702602 0.300570697
vt 0.34702602 0.300570697
vt 0.34702602 0.300570697
vt 0.34702602 0.300570697
vt 0.34702602 0.300570697
vt 0.34702602 0.300570697
vt 0.34702602 0.300570697
vt 0.34702602 0.300570697
vt 0.34702602 0.300570697
vt 0.34702602 0.300570697
vt 0.34702602 0.300570697
vt 0.34702602 0.300570697
vt 0.34702602 0.300570697
vt 0.34702602 0.300570697
vt 0.34702602 0.300570697
vt 0.34702602 0.300570697
vt 0.34702602 0.300570697
vt 0.34702602 0.300570697
vt 0.34702602 0.300570697
vt 0.34702602 0.300570697
vt 0.34702602 0.300570697
vt 0.34702602 0.300570697
vt 0.34702602 0.300570697
vt 0.34702602 0.300570697
vt 0.34702602 0.300570697
vt 0.34702602 0.300570697
vt 0.34702602 0.300570697
vt 0.34702602 0.300570697
vt 0.34702602 0.300570697
vt 0.34702602 0.300570697
vt 0.34702602 0.300570697
vt 0.34702602 0.300570697
vt 0.34702602 0.300570697
vt 0.34702602 0.300570697
vt 0.34702602 0.300570697
vt 0.34702602 0.300570697
vt 0.34702602 0.300570697
vt 0.34702602 0.300570697
vt 0.34702602 0.300570697
vt 0.34702602 0.300570697
vt 0.34702602 0.300570697
vt 0.34702602 0.300570697
vt 0.34702602 0.300570697
vt 0.34702602 0.300570697
vt 0.34702602 0.300570697
vt 0.34702602 0.300570697
vt 0.34702602 0.300570697
vt 0.34702602 0.300570697
vt 0.34702602 0.300570697
vt 0.34702602 0.300570697
vt 0.34702602 0.300570697
vt 0.34702602 0.300570697
vt 0.34702602 0.300570697
vt 0.34702602 0.300570697
vt 0.34702602 0.300570697
vt 0.34702602 0.300570697
vt 0.34702602 0.300570697
vt 0.34702602 0.300570697
vt 0.34702602 0.300570697
vt 0.34702602 0.300570697
vt 0.34702602 0.300570697
vt 0.34702602 0.300570697
vt 0.34702602 0.300570697
vt 0.34702602 0.300570697
vt 0.34702602 0.300570697
vt 0.34702602 0.300570697
vt 0.34702602 0.300570697
vt 0.34702602 0.300570697
vt 0.34702602 0.300570697
vt 0.34702602 0.300570697
vt 0.34702602 0.300570697
vt 0.34702602 0.300570697
vt 0.34702602 0.300570697
vt 0.34702602 0.300570697
vt 0.34702602 0.300570697
vt 0.34702602 0.300570697
vt 0.34702602 0.300570697
vt 0.34702602 0.300570697
vt 0.34702602 0.300570697
vt 0.34702602 0.300570697
vt 0.34702602 0.300570697
vt 0.34702602 0.300570697
vt 0.34702602 0.300570697
vt 0.34702602 0.300570697
vt 0.34702602 0.300570697
vt 0.34702602 0.300570697
vt 0.34702602 0.300570697
vt 0.34702602 0.300570697
vt 0.34702602 0.300570697
vt 0.34702602 0.300570697
vt 0.34702602 0.300570697
vt 0.34702602 0.300570697
vt 0.34702602 0.300570697
vt 0.34702602 0.300570697
vt 0.34702602 0.300570697
vt 0.34702602 0.300570697
vt 0.34702602 0.300570697
vt 0.34702602 0.300570697
vt 0.34702602 0.300570697
vt 0.34702602 0.300570697
vt 0.34702602 0.300570697
vt 0.34702602 0.300570697
vt 0.34702602 0.300570697
vt 0.34702602 0.300570697
vt 0.34702602 0.300570697
vt 0.34702602 0.300570697
vt 0.34702602 0.300570697
vt 0.34702602 0.300570697
vt 0.34702602 0.300570697
vt 0.34702602 0.300570697
vt 0.34702602 0.300570697
vt 0.34702602 0.300570697
vt 0.34702602 0.300570697
vt 0.34702602 0.300570697
vt 0.34702602 0.300570697
vt 0.34702602 0.300570697
vt 0.34702602 0.300570697
vt 0.34702602 0.300570697
vt 0.34702602 0.300570697
vt 0.34702602 0.300570697
vt 0.34702602 0.300570697
vt 0.34702602 0.300570697
vt 0.34702602 0.300570697
vt 0.34702602 0.300570697
vt 0.34702602 0.300570697
vt 0.34702602 0.300570697
vt 0.34702602 0.300570697
vt 0.34702602 0.300570697
vt 0.34702602 0.300570697
vt 0.34702602 0.300570697
vt 0.34702602 0.300570697
vt 0.34702602 0.300570697
vt 0.34702602 0.300570697
vt 0.34702602 0.300570697
vt 0.34702602 0.300570697
vt 0.34702602 0.300570697
vt 0.34702602 0.300570697
vt 0.34702602 0.300570697
vt 0.34702602 0.300570697
vt 0.34702602 0.300570697
vt 0.34702602 0.300570697
vt 0.34702602 0.300570697
vt 0.34702602 0.300570697
vt 0.34702602 0.300570697
vt 0.34702602 0.300570697
vt 0.34702602 0.300570697
vt 0.34702602 0.300570697
vt 0.34702602 0.300570697
vt 0.34702602 0.300570697
vt 0.34702602 0.300570697
vt 0.34702602 0.300570697
vt 0.34702602 0.300570697
vt 0.34702602 0.300570697
vt 0.34702602 0.300570697
vt 0.34702602 0.300570697
vt 0.34702602 0.300570697
vt 0.34702602 0.300570697
vt 0.34702602 0.300570697
vt 0.34702602 0.300570697
vt 0.34702602 0.300570697
vt 0.34702602 0.300570697
vt 0.34702602 0.300570697
vt 0.34702602 0.300570697
vt 0.34702602 0.300570697
vt 0.34702602 0.300570697
vt 0.34702602 0.300570697
vt 0.34702602 0.300570697
vt 0.34702602 0.300570697
vt 0.34702602 0.300570697
vt 0.34702602 0.300570697
vt 0.34702602 0.300570697
vt 0.34702602 0.300570697
vt 0.34702602 0.300570697
vt 0.34702602 0.300570697
vt 0.34702602 0.300570697
vt 0.34702602 0.300570697
vt 0.34702602 0.300570697
vt 0.34702602 0.300570697
vt 0.778628945 0.290047258
vt 0.778628945 0.290047258
vt 0.778628945 0.290047258
vt 0.778628945 0.290047258
vt 0.778628945 0.290047258
vt 0.778628945 0.290047258
vt 0.778628945 0.290047258
vt 0.778628945 0.290047258
vt 0.778628945 0.290047258
vt 0.778628945 0.290047258
vt 0.778628945 0.290047258
vt 0.778628945 0.290047258
vt 0.778628945 0.290047258
vt 0.778628945 0.290047258
vt 0.778628945 0.290047258
vt 0.141238317 0.561280012
vt 0.141238317 0.561280012
vt 0.141238317 0.561280012
vt 0.141238317 0.561280012
vt 0.141238317 0.561280012
vt 0.141238317 0.561280012
vt 0.141238317 0.561280012
vt 0.141238317 0.561280012
vt 0.141238317 0.561280012
vt 0.141238317 0.561280012
vt 0.141238317 0.561280012
vt 0.141238317 0.561280012
vt 0.141238317 0.561280012
vt 0.141238317 0.561280012
vt 0.141238317 0.561280012
vt 0.141238317 0.561280012
vt 0.141238317 0.561280012
vt 0.141238317 0.561280012
vt 0.141238317 0.561280012
vt 0.141238317 0.561280012
vt 0.141238317 0.561280012
vt 0.141238317 0.561280012
vt 0.141238317 0.561280012
vt 0.141238317 0.561280012
vt 0.141238317 0.561280012
vt 0.141238317 0.561280012
vt 0.141238317 0.561280012
vt 0.141238317 0.561280012
vt 0.141238317 0.561280012
vt 0.141238317 0.561280012
vt 0.141238317 0.561280012
vt 0.141238317 0.561280012
vt 0.141238317 0.561280012
vt 0.141238317 0.561280012
vt 0.141238317 0.561280012
vt 0.141238317 0.561280012
vt 0.778628945 0.290047258
vt 0.778628945 0.290047258
vt 0.778628945 0.290047258
vt 0.778628945 0.290047258
vt 0.778628945 0.290047258
vt 0.778628945 0.290047258
vt 0.778628945 0.290047258
vt 0.778628945 0.290047258
vt 0.778628945 0.290047258
vt 0.778628945 0.290047258
vt 0.778628945 0.290047258
vt 0.778628945 0.290047258
vt 0.778628945 0.290047258
vt 0.778628945 0.290047258
vt 0.778628945 0.290047258
vt 0.778628945 0.290047258
vt 0.778628945 0.290047258
vt 0.778628945 0.290047258
vt 0.778628945 0.290047258
vt 0.778628945 0.290047258
vt 0.778628945 0.290047258
vt 0.778628945 0.290047258
vt 0.778628945 0.290047258
vt 0.778628945 0.290047258
vt 0.778628945 0.290047258
vt 0.778628945 0.290047258
vt 0.778628945 0.290047258
vt 0.778628945 0.290047258
vt 0.778628945 0.290047258
vt 0.778628945 0.290047258
vt 0.778628945 0.290047258
vt 0.778628945 0.290047258
vt 0.778628945 0.290047258
vt 0.778628945 0.290047258
vt 0.778628945 0.290047258
vt 0.778628945 0.290047258
vt 0.778628945 0.290047258
vt 0.778628945 0.290047258
vt 0.778628945 0.290047258
vt 0.778628945 0.290047258
vt 0.778628945 0.290047258
vt 0.778628945 0.290047258
vt 0.778628945 0.290047258
vt 0.778628945 0.290047258
vt 0.778628945 0.290047258
vt 0.778628945 0.290047258
vt 0.778628945 0.290047258
vt 0.778628945 0.290047258
vt 0.778628945 0.290047258
vt 0.778628945 0.290047258
vt 0.778628945 0.290047258
vt 0.778628945 0.290047258
vt 0.778628945 0.290047258
vt 0.778628945 0.290047258
vt 0.778628945 0.290047258
vt 0.778628945 0.290047258
vt 0.778628945 0.290047258
vt 0.778628945 0.290047258
vt 0.778628945 0.290047258
vt 0.778628945 0.290047258
vt 0.778628945 0.290047258
vt 0.778628945 0.290047258
vt 0.778628945 0.290047258
vt 0.778628945 0.290047258
vt 0.778628945 0.290047258
vt 0.778628945 0.290047258
vt 0.778628945 0.290047258
vt 0.778628945 0.290047258
vt 0.778628945 0.290047258
vt 0.778628945 0.290047258
vt 0.778628945 0.290047258
vt 0.778628945 0.290047258
vt 0.778628945 0.290047258
vt 0.778628945 0.290047258
vt 0.778628945 0.290047258
vt 0.778628945 0.290047258
vt 0.778628945 0.290047258
vt 0.778628945 0.290047258
vt 0.778628945 0.290047258
vt 0.778628945 0.290047258
vt 0.778628945 0.290047258
vt 0.778628945 0.290047258
vt 0.778628945 0.290047258
vt 0.778628945 0.290047258
vt 0.778628945 0.290047258
vt 0.778628945 0.290047258
vt 0.778628945 0.290047258
vt 0.778628945 0.290047258
vt 0.778628945 0.290047258
vt 0.778628945 0.290047258
vt 0.778628945 0.290047258
vt 0.778628945 0.290047258
vt 0.778628945 0.290047258
vt 0.778628945 0.290047258
vt 0.778628945 0.290047258
vt 0.778628945 0.290047258
vt 0.778628945 0.290047258
vt 0.778628945 0.290047258
vt 0.778628945 0.290047258
vt 0.778628945 0.290047258
vt 0.778628945 0.290047258
vt 0.778628945 0.290047258
vt 0.778628945 0.290047258
vt 0.778628945 0.290047258
vt 0.778628945 0.290047258
vt 0.778628945 0.290047258
vt 0.778628945 0.290047258
vt 0.778628945 0.290047258
vt 0.778628945 0.290047258
vt 0.778628945 0.290047258
vt 0.778628945 0.290047258
vt 0.778628945 0.290047258
vt 0.778628945 0.290047258
vt 0.778628945 0.290047258
vt 0.778628945 0.290047258
vt 0.778628945 0.290047258
vt 0.778628945 0.290047258
vt 0.778628945 0.290047258
vt 0.778628945 0.290047258
vt 0.778628945 0.290047258
vt 0.778628945 0.290047258
vt 0.778628945 0.290047258
vt 0.778628945 0.290047258
vt 0.778628945 0.290047258
vt 0.778628945 0.290047258
vt 0.778628945 0.290047258
vt 0.778628945 0.290047258
vt 0.778628945 0.290047258
vt 0.778628945 0.290047258
vt 0.778628945 0.290047258
vt 0.778628945 0.290047258
vt 0.778628945 0.290047258
vt 0.778628945 0.290047258
vt 0.778628945 0.290047258
vt 0.778628945 0.290047258
vt 0.778628945 0.290047258
vt 0.778628945 0.290047258
vt 0.778628945 0.290047258
vt 0.778628945 0.290047258
vt 0.778628945 0.290047258
vt 0.778628945 0.290047258
vt 0.778628945 0.290047258
vt 0.778628945 0.290047258
vt 0.778628945 0.290047258
vt 0.778628945 0.290047258
vt 0.778628945 0.290047258
vt 0.778628945 0.290047258
vt 0.778628945 0.290047258
vt 0.778628945 0.290047258
vt 0.778628945 0.290047258
vt 0.778628945 0.290047258
vt 0.778628945 0.290047258
vt 0.778628945 0.290047258
vt 0.778628945 0.290047258
vt 0.778628945 0.290047258
vt 0.778628945 0.290047258
vt 0.778628945 0.290047258
vt 0.778628945 0.290047258
vt 0.778628945 0.290047258
vt 0.778628945 0.290047258
vt 0.778628945 0.290047258
vt 0.778628945 0.290047258
vt 0.778628945 0.290047258
vt 0.778628945 0.290047258
vt 0.778628945 0.290047258
vt 0.778628945 0.290047258
vt 0.778628945 0.290047258
vt 0.778628945 0.290047258
vt 0.778628945 0.290047258
vt 0.778628945 0.290047258
vt 0.141238317 0.561280012
vt 0.141238317 0.561280012
vt 0.141238317 0.561280012
vt 0.141238317 0.561280012
vt 0.141238317 0.561280012
vt 0.141238317 0.561280012
vt 0.141238317 0.561280012
vt 0.141238317 0.561280012
vt 0.141238317 0.561280012
vt 0.141238317 0.561280012
vt 0.141238317 0.561280012
vt 0.141238317 0.561280012
vt 0.141238317 0.561280012
vt 0.141238317 0.561280012
vt 0.141238317 0.561280012
vt 0.141238317 0.561280012
vt 0.141238317 0.561280012
vt 0.141238317 0.561280012
vt 0.141238317 0.561280012
vt 0.141238317 0.561280012
vt 0.141238317 0.561280012
vt 0.141238317 0.561280012
vt 0.141238317 0.561280012
vt 0.141238317 0.561280012
vt 0.141238317 0.561280012
vt 0.141238317 0.561280012
vt 0.141238317 0.561280012
vt 0.141238317 0.561280012
vt 0.141238317 0.561280012
vt 0.141238317 0.561280012
vt 0.141238317 0.561280012
vt 0.141238317 0.561280012
vt 0.141238317 0.561280012
vt 0.141238317 0.561280012
vt 0.141238317 0.561280012
vt 0.141238317 0.561280012
vt 0.141238317 0.561280012
vt 0.141238317 0.561280012
vt 0.141238317 0.561280012
vt 0.141238317 0.561280012
vt 0.141238317 0.561280012
vt 0.141238317 0.561280012
vt 0.141238317 0.561280012
vt 0.778628945 0.290047258
vt 0.778628945 0.290047258
vt 0.778628945 0.290047258
vt 0.778628945 0.290047258
vt 0.778628945 0.290047258
vt 0.778628945 0.290047258
vt 0.778628945 0.290047258
vt 0.778628945 0.290047258
vn -0.000000 -0.947150 0.320792
vn -0.000000 -0.947150 0.320792
vn -0.000000 -0.947150 0.320792
vn 0.157350 -0.861939 0.481977
vn 0.157350 -0.861939 0.481977
vn 0.157350 -0.861939 0.481977
vn 0.833188 0.028624 0.552249
vn 0.833188 0.028624 0.552249
vn 0.833188 0.028624 0.552249
vn -0.901764 0.243299 -0.357249
vn -0.901764 0.243299 -0.357249
vn -0.901764 0.243299 -0.357249
vn 0.510348 -0.194960 0.837577
vn 0.510348 -0.194960 0.837577
vn 0.510348 -0.194960 0.837577
vn -0.496909 -0.764583 0.410480
vn -0.496909 -0.764583 0.410480
vn -0.496909 -0.764583 0.410480
vn 0.021931 0.999642 0.015321
vn 0.021931 0.999642 0.015321
vn 0.021931 0.999642 0.015321
vn -0.024247 0.390070 0.920466
vn -0.024247 0.390070 0.920466
vn -0.024247 0.390070 0.920466
vn -0.279576 0.070100 -0.957561
vn -0.506889 0.027551 -0.861571
vn -0.523597 -0.025167 -0.851594
vn -0.242046 -0.074199 -0.967424
vn -0.379809 -0.604432 -0.700290
vn -0.002950 -0.087925 -0.996123
vn -0.005760 0.102155 -0.994752
vn -0.000000 -0.655691 -0.755029
vn -0.162217 -0.635720 -0.754682
vn -0.190895 -0.960011 -0.204786
vn -0.116524 -0.956926 -0.265922
vn -0.000000 -0.965988 -0.258586
vn -0.024029 -0.993750 0.109013
vn -0.139484 -0.988310 0.061540
vn -0.019644 -0.954493 0.297585
vn -0.111238 -0.902811 0.415401
vn -0.008090 0.991238 -0.131838
vn -0.000000 0.994051 0.108911
vn -0.000000 0.994968 -0.100190
vn -0.025104 0.943389 -0.330736
vn -0.067844 0.960813 -0.268766
vn -0.068371 0.941313 -0.330537
vn -0.118837 0.972151 -0.201989
vn 0.795547 0.252249 0.550887
vn 0.893571 0.187991 0.407665
vn 0.795547 0.252249 0.550887
vn 0.886631 0.193546 0.420031
vn 0.967629 0.107354 0.228407
vn 0.948278 0.182214 0.259938
vn 0.976273 0.096262 -0.193969
vn 0.977509 0.088557 -0.191397
vn 0.992555 0.115979 0.037207
vn 0.986943 -0.000000 -0.161067
vn 0.986943 -0.000000 -0.161067
vn -0.993763 0.064211 0.091165
vn -0.977840 0.020639 0.208335
vn -0.979892 0.199118 0.012821
vn -0.982365 0.088715 -0.164586
vn -0.965973 0.142639 -0.215755
vn -0.925582 0.079311 -0.370144
vn -0.967747 0.251585 0.013057
vn -0.904061 -0.068478 -0.421882
vn -0.999975 0.003918 -0.005810
vn -0.941048 0.234708 0.243599
vn -0.962048 -0.043125 -0.269451
vn -0.888663 -0.214086 -0.405518
vn -0.933146 -0.314126 -0.174827
vn -0.921503 -0.387234 0.029714
vn -0.874611 -0.465187 0.136593
vn -0.837685 -0.494734 0.231348
vn -0.827938 -0.505943 0.241950
vn -0.124423 0.983446 -0.131727
vn -0.108656 0.981381 -0.158384
vn -0.112796 0.985110 -0.129751
vn -0.183883 0.972288 -0.144372
vn -0.158188 0.975701 -0.151606
vn -0.150298 0.959669 -0.237583
vn -0.084326 0.962189 -0.259001
vn -0.016130 0.019490 -0.999680
vn -0.082992 -0.166351 -0.982568
vn -0.000000 -0.199727 -0.979852
vn -0.175103 0.042917 -0.983614
vn -0.161632 0.185267 -0.969304
vn 0.015838 0.173037 -0.984788
vn 0.056699 0.937423 0.343546
vn -0.000000 0.937706 0.347430
vn -0.000000 0.897291 0.441439
vn -0.000000 0.839535 0.543306
vn 0.071307 0.906248 0.416689
vn -0.445594 0.823364 0.351451
vn -0.103953 0.969359 0.222568
vn 0.100329 0.990593 0.093057
vn -0.804424 0.097397 0.586017
vn -0.639821 0.077897 0.764566
vn -0.639821 0.077897 0.764566
vn -0.806566 0.097649 0.583023
vn -0.982954 0.035620 0.180369
vn -0.972681 0.009167 0.231966
vn -0.998692 -0.010710 0.049991
vn -0.984198 -0.156523 0.082793
vn -0.960703 -0.257048 0.104764
vn -0.058428 0.705902 0.705896
vn 0.001724 0.768830 0.639451
vn 0.023024 0.746800 0.664650
vn 0.114658 0.727930 0.675997
vn -0.294879 0.838786 0.457694
vn -0.571080 0.814829 0.099606
vn -0.047177 -0.741492 0.669301
vn -0.349063 -0.669818 0.655361
vn -0.172718 -0.720619 0.671473
vn 0.126099 -0.750545 0.648676
vn -0.617257 0.723596 -0.308875
vn -0.515478 0.778159 -0.358820
vn -0.738739 0.548621 -0.391510
vn -0.798366 0.286899 -0.529434
vn -0.759664 0.101558 -0.642337
vn -0.774942 -0.485338 -0.404860
vn -0.691702 -0.540325 -0.479163
vn -0.610896 -0.703959 -0.362281
vn -0.490886 -0.834614 -0.249902
vn -0.132845 -0.983984 -0.118862
vn -0.246616 0.938139 0.243057
vn -0.121136 0.970783 0.207139
vn -0.390334 0.881391 0.266062
vn -0.459302 0.843489 0.278510
vn -0.459407 0.849236 0.260276
vn 0.127082 -0.962086 0.241333
vn 0.107160 -0.951157 0.289511
vn 0.161467 -0.974732 0.154359
vn 0.072265 -0.926111 0.370266
vn -0.962745 -0.264121 -0.057979
vn -0.939375 -0.301210 0.163853
vn -0.952958 -0.301613 -0.029998
vn -0.950173 -0.215860 -0.224891
vn -0.950677 -0.174536 -0.256419
vn 0.766881 0.433253 0.473482
vn 0.747294 0.431691 0.505168
vn 0.778956 0.433942 0.452684
vn 0.797005 0.434516 0.419499
vn 0.322055 0.944042 0.071176
vn 0.314787 0.940514 0.127836
vn 0.309694 0.920521 0.238183
vn 0.205738 0.967356 0.147968
vn 0.190795 0.972711 0.132028
vn 0.149363 0.948526 0.279267
vn 0.138981 0.954582 0.263547
vn 0.016257 -0.235066 -0.971843
vn 0.231991 -0.265172 -0.935876
vn 0.080069 -0.257283 -0.963013
vn 0.253841 -0.301367 -0.919099
vn -0.650966 0.478404 -0.589384
vn -0.755117 0.404530 -0.515900
vn -0.682195 0.708286 -0.181497
vn -0.793306 0.493792 -0.356141
vn -0.791405 0.252720 -0.556607
vn -0.477877 0.872860 0.098736
vn -0.475989 0.879451 -0.001004
vn -0.474008 0.879648 -0.039179
vn -0.650966 -0.478404 -0.589383
vn -0.684189 -0.471922 -0.556035
vn -0.693286 -0.469900 -0.546396
vn -0.725524 -0.461777 -0.510272
vn -0.476607 -0.875019 0.084777
vn -0.476032 -0.871364 0.118820
vn -0.475580 -0.879671 -0.001292
vn -0.474009 -0.879648 -0.039179
vn 0.475699 0.794921 0.376577
vn 0.469528 0.760909 0.447839
vn 0.470008 0.763212 0.443397
vn 0.475946 0.796603 0.372691
vn 0.470007 -0.763212 0.443396
vn 0.469528 -0.760910 0.447839
vn 0.475699 -0.794923 0.376574
vn 0.475945 -0.796605 0.372687
vn 0.188634 0.000000 0.982047
vn 0.274205 0.018585 0.961492
vn 0.286419 0.000000 0.958105
vn 0.180788 0.000000 0.983522
vn 0.274206 -0.018585 0.961492
vn 0.286420 0.000000 0.958104
vn 0.089759 0.081211 0.992647
vn 0.089759 0.081211 0.992647
vn 0.089759 0.081211 0.992647
vn 0.089759 0.081211 0.992647
vn -0.942949 -0.178975 -0.280741
vn -0.938656 -0.073726 -0.336881
vn -0.807370 -0.310427 -0.501786
vn -0.999580 -0.000036 -0.028977
vn -0.978992 0.126496 -0.159919
vn -0.962917 0.200846 0.180142
vn -0.966722 0.208483 0.148269
vn -0.850120 0.435977 0.295329
vn -0.820272 0.480199 0.310746
vn -0.795754 0.471551 0.380020
vn -0.795754 0.471551 0.380020
vn -0.363256 -0.918581 0.155736
vn -0.381914 -0.897380 0.221023
vn -0.376197 -0.921208 0.099253
vn -0.092814 -0.992353 0.081364
vn -0.084531 -0.995406 0.044971
vn 0.027570 -0.975786 -0.216985
vn -0.011932 -0.999874 0.010449
vn 0.031801 -0.988662 -0.146749
vn 0.030684 -0.896663 -0.441650
vn 0.028567 -0.891988 -0.451155
vn 0.128429 -0.966831 0.220781
vn 0.128429 -0.966831 0.220781
vn 0.128429 -0.966831 0.220781
vn -0.709416 0.122942 0.693984
vn -0.709416 0.122942 0.693984
vn -0.709416 0.122942 0.693984
vn -0.077954 -0.843238 0.531858
vn -0.077954 -0.843238 0.531858
vn -0.077954 -0.843238 0.531858
vn -0.231249 -0.713886 0.660976
vn -0.231249 -0.713886 0.660976
vn -0.231249 -0.713886 0.660976
vn -0.388137 0.593961 0.704670
vn -0.388137 0.593961 0.704670
vn -0.388137 0.593961 0.704670
vn -0.333244 0.000000 0.942841
vn -0.333244 0.000000 0.942841
vn -0.333244 0.000000 0.942841
vn -0.601154 0.094479 0.793529
vn -0.601154 0.094479 0.793529
vn -0.601154 0.094479 0.793529
vn 0.929795 0.139040 -0.340807
vn 0.929795 0.139040 -0.340807
vn 0.929795 0.139040 -0.340807
vn -0.127462 0.990565 0.050347
vn -0.127462 0.990565 0.050347
vn -0.127462 0.990565 0.050347
vn 0.879180 0.269341 -0.393062
vn 0.879180 0.269341 -0.393062
vn 0.879180 0.269341 -0.393062
vn 0.403195 -0.912116 0.074013
vn 0.403195 -0.912116 0.074013
vn 0.403195 -0.912116 0.074013
vn -0.277430 -0.672042 -0.686580
vn -0.277430 -0.672042 -0.686580
vn -0.277430 -0.672042 -0.686580
vn 0.303438 0.000000 0.952851
vn 0.303438 0.000000 0.952851
vn 0.303438 0.000000 0.952851
vn 0.562243 0.029792 0.826435
vn 0.562243 0.029792 0.826435
vn 0.562243 0.029792 0.826435
vn -0.929795 0.139040 -0.340807
vn -0.929795 0.139040 -0.340807
vn -0.929795 0.139040 -0.340807
vn 0.199996 0.976772 0.076923
vn 0.199996 0.976772 0.076923
vn 0.199996 0.976772 0.076923
vn -0.918908 0.033325 -0.393062
vn -0.918908 0.033325 -0.393062
vn -0.918908 0.033325 -0.393062
vn -0.795754 0.471551 0.380020
vn -0.795754 0.471551 0.380020
vn -0.795754 0.471551 0.380020
vn -0.566228 0.668071 0.482770
vn 0.041848 0.823446 0.565850
vn 0.064640 0.870381 0.488118
vn -0.103953 0.969359 0.222568
vn 0.086689 0.909402 0.406784
vn -0.445594 0.823364 0.351451
vn -0.778422 0.257462 0.572514
vn -0.870072 0.166438 0.463975
vn -0.971320 -0.007501 0.237659
vn 0.948097 0.306853 0.083385
vn 0.926882 0.290777 0.237357
vn 0.949609 0.312451 0.024849
vn 0.955388 0.218852 -0.198336
vn 0.919433 0.307909 -0.244614
vn 0.894185 0.179122 -0.410302
vn 0.873931 -0.086636 -0.478267
vn 0.973332 0.193108 0.123834
vn 0.957241 -0.055330 -0.283952
vn 0.844910 -0.304482 -0.439793
vn 0.926176 -0.277074 -0.255789
vn 0.995321 -0.041599 0.087208
vn 0.933469 0.189320 0.304622
vn 0.967018 -0.228709 0.112109
vn 0.910808 -0.197193 0.362689
vn -0.006761 0.998390 -0.056316
vn 0.021602 0.983440 0.179943
vn 0.009136 0.998161 -0.059918
vn 0.022875 0.912164 -0.409186
vn 0.093603 0.934174 -0.344322
vn 0.260704 0.621609 -0.738672
vn 0.217775 0.423586 -0.879289
vn 0.327961 -0.069353 -0.942142
vn 0.140130 -0.086939 -0.986309
vn -0.002950 -0.087925 -0.996123
vn -0.005760 0.102155 -0.994752
vn 0.141136 -0.634960 -0.759543
vn -0.000000 -0.655691 -0.755029
vn 0.305728 -0.697703 -0.647874
vn -0.000000 -0.965988 -0.258586
vn 0.120489 -0.961155 -0.248322
vn 0.159097 -0.977716 -0.136969
vn 0.116222 -0.991119 0.064612
vn -0.024029 -0.993750 0.109013
vn -0.004313 -0.967864 0.251437
vn -0.111238 -0.902811 0.415401
vn 0.926890 0.157068 0.340889
vn 0.979155 -0.138568 0.148508
vn 0.951825 -0.258029 0.165684
vn 0.947278 0.180834 0.264506
vn 0.991675 0.054300 0.116758
vn 0.992555 0.115979 0.037207
vn 0.948278 0.182214 0.259938
vn -0.158188 0.975701 -0.151606
vn -0.084326 0.962189 -0.259001
vn -0.101327 0.944936 -0.311173
vn -0.169817 0.952893 -0.251312
vn -0.161226 0.986916 -0.002010
vn 0.077131 0.834337 0.545832
vn -0.150927 0.778092 0.609749
vn 0.023024 0.746800 0.664650
vn -0.058428 0.705902 0.705896
vn 0.015838 0.173037 -0.984788
vn 0.161528 0.048871 -0.985657
vn 0.150320 0.160063 -0.975594
vn -0.016130 0.019490 -0.999680
vn 0.095109 -0.141716 -0.985328
vn -0.000000 -0.199727 -0.979852
vn 0.302272 0.942876 0.140057
vn 0.394914 0.890923 0.224272
vn 0.257732 0.956977 0.133302
vn 0.415964 0.883986 0.213407
vn 0.451214 0.836263 0.311560
vn -0.194681 -0.933000 0.302672
vn -0.238241 -0.947960 0.211218
vn -0.164325 -0.917490 0.362229
vn -0.118105 -0.886696 0.447014
vn 0.961287 -0.264882 -0.075932
vn 0.939297 -0.343009 -0.008114
vn 0.928480 -0.340277 0.148782
vn 0.949749 -0.180348 -0.255835
vn 0.937247 -0.081280 -0.339059
vn -0.765319 0.338652 0.547359
vn -0.767407 0.339885 0.543658
vn -0.706295 0.304567 0.639051
vn -0.811339 0.366442 0.455465
vn -0.563064 0.523788 0.639222
vn -0.693609 0.532521 0.485106
vn -0.624352 0.530360 0.573500
vn -0.487970 0.511176 0.707520
vn 0.854671 0.434138 -0.284713
vn 0.854671 0.434138 -0.284713
vn 0.833035 0.485391 -0.265419
vn 0.827306 0.497668 -0.260561
vn 0.790621 0.566952 -0.231268
vn 0.314787 0.940514 0.127836
vn 0.309694 0.920521 0.238183
vn 0.309694 0.920521 0.238183
vn 0.324363 0.933108 0.155238
vn 0.243788 0.944194 0.221508
vn 0.205738 0.967356 0.147968
vn 0.184935 0.932329 0.310745
vn 0.149363 0.948526 0.279267
vn -0.341842 -0.931136 0.127004
vn -0.376197 -0.921208 0.099253
vn -0.376197 -0.921208 0.099253
vn -0.363256 -0.918581 0.155736
vn -0.084531 -0.995406 0.044971
vn -0.090895 -0.995857 0.002562
vn 0.026604 -0.974929 -0.220920
vn 0.027570 -0.975786 -0.216985
vn 0.032790 -0.903738 -0.426829
vn 0.030684 -0.896663 -0.441650
vn 0.827278 -0.552044 0.104203
vn 0.795684 -0.596050 0.107756
vn 0.797769 -0.602625 0.020206
vn 0.959604 -0.277239 0.047936
vn 0.965172 -0.259366 0.034246
vn 0.948508 -0.316482 0.013093
vn 0.960575 -0.276891 -0.025041
vn 0.967957 -0.242736 -0.064329
vn 0.978262 -0.167612 -0.122102
vn 0.727295 -0.600307 -0.332675
vn 0.727295 -0.600307 -0.332675
vn 0.748419 -0.580333 -0.321065
vn 0.750934 -0.577869 -0.319634
vn 0.777409 -0.550720 -0.303880
vn -0.123509 -0.640566 0.757905
vn -0.059160 -0.615368 0.786017
vn -0.086247 -0.626377 0.774735
vn -0.028542 -0.602227 0.797814
vn 0.497239 0.579992 -0.645261
vn 0.585435 0.578062 -0.568428
vn 0.377546 0.571247 -0.728790
vn 0.672247 0.566980 -0.476043
vn 0.650966 0.478405 -0.589383
vn 0.776897 0.445193 -0.445235
vn 0.755117 0.404530 -0.515900
vn 0.818309 0.314512 -0.481095
vn 0.791405 0.252720 -0.556607
vn 0.650966 -0.478404 -0.589384
vn 0.742479 -0.415046 -0.525797
vn 0.776897 -0.445193 -0.445235
vn 0.808657 -0.360975 -0.464511
vn 0.774676 -0.320976 -0.544841
vn 0.476649 -0.877412 0.054346
vn 0.476649 -0.877412 0.054346
vn 0.476649 -0.877412 0.054346
vn 0.476649 -0.877412 0.054346
vn 0.476648 0.877413 0.054346
vn 0.476648 0.877413 0.054346
vn 0.478022 0.874713 0.079827
vn 0.478497 0.873431 0.090330
vn 0.479591 0.869049 0.121439
vn -0.236750 0.000000 0.971571
vn -0.236080 0.075216 0.968818
vn -0.236080 0.075216 0.968818
vn -0.236750 0.000000 0.971571
vn -0.236079 -0.075216 0.968818
vn -0.236079 -0.075216 0.968818
vn -0.479087 0.847510 0.228478
vn -0.479087 0.847510 0.228478
vn -0.479087 0.847510 0.228478
vn -0.479087 0.847510 0.228478
vn -0.479087 -0.847510 0.228478
vn -0.479087 -0.847510 0.228478
vn -0.479087 -0.847510 0.228478
vn -0.479087 -0.847510 0.228478
vn 0.074463 -0.989754 0.121833
vn 0.409014 -0.774708 0.482218
vn 0.128426 -0.975105 0.180767
vn -0.208338 -0.959161 -0.191324
vn -0.365928 -0.375153 0.851679
vn -0.373828 -0.374944 0.848334
vn -0.450464 -0.371388 0.811883
vn -0.273686 -0.375574 0.885460
vn 0.090345 0.843682 0.529187
vn -0.068628 0.928282 0.365490
vn -0.012950 0.904728 0.425793
vn -0.182175 0.955433 0.232293
vn -0.594552 -0.017159 0.803874
vn -0.605924 -0.016477 0.795352
vn -0.335590 -0.030323 0.941520
vn -0.784550 -0.003997 0.620053
vn -0.343165 -0.843210 0.413805
vn -0.153122 -0.703351 0.694155
vn -0.283494 -0.808354 0.515940
vn -0.420939 -0.871022 0.253241
vn 0.873864 0.455730 -0.169327
vn 0.507163 0.820535 0.263645
vn 0.818320 0.514040 -0.257128
vn 0.817514 0.175857 -0.548402
vn 0.746999 0.157573 -0.645882
vn 0.746999 0.157573 -0.645882
vn 0.464740 -0.263728 0.845260
vn 0.464740 -0.263728 0.845260
vn 0.492308 -0.191181 0.849166
vn 0.519058 -0.110505 0.847566
vn 0.573788 0.119528 0.810235
vn -0.108779 -0.981212 0.159341
vn -0.167458 -0.960275 0.223224
vn -0.409015 -0.774708 0.482218
vn 0.138853 -0.983765 -0.113694
vn 0.234204 -0.906318 -0.351762
vn 0.061244 -0.982883 -0.173753
vn -0.164516 -0.983927 0.069440
vn 0.457054 -0.684750 -0.567644
vn -0.376038 0.785580 0.491385
vn -0.301919 0.856199 0.419247
vn -0.242858 0.900604 0.360463
vn -0.142817 0.955356 0.258649
vn 0.788063 -0.568474 -0.236209
vn 0.788063 -0.568474 -0.236209
vn 0.788063 -0.568474 -0.236209
vn 0.788063 -0.568474 -0.236209
vn 0.266746 -0.338791 -0.902257
vn 0.155721 -0.292041 -0.943644
vn 0.253841 -0.301367 -0.919099
vn 0.080069 -0.257283 -0.963013
f 1/1/1 2/2/2 3/3/3
f 4/4/4 5/5/5 6/6/6
f 7/7/7 8/8/8 9/9/9
f 10/10/10 11/11/11 12/12/12
f 13/13/13 14/14/14 15/15/15
f 16/16/16 17/17/17 18/18/18
f 19/19/19 20/20/20 21/21/21
f 22/22/22 23/23/23 24/24/24
f 25/25/25 26/26/26 27/27/27
f 25/25/25 27/27/27 28/28/28
f 28/28/28 27/27/27 29/29/29
f 25/25/25 28/28/28 30/30/30
f 25/25/25 30/30/30 31/31/31
f 28/28/28 32/32/32 30/30/30
f 28/28/28 29/29/29 33/33/33
f 28/28/28 33/33/33 32/32/32
f 33/33/33 29/29/29 34/34/34
f 32/32/32 33/33/33 35/35/35
f 33/33/33 34/34/34 35/35/35
f 32/32/32 35/35/35 36/36/36
f 35/35/35 37/37/37 36/36/36
f 34/34/34 37/37/37 35/35/35
f 34/34/34 38/38/38 37/37/37
f 38/38/38 39/39/39 37/37/37
f 37/37/37 39/39/39 40/40/40
f 41/41/41 42/42/42 43/43/43
f 44/44/44 41/41/41 43/43/43
f 44/44/44 45/45/45 41/41/41
f 45/45/45 44/44/44 46/46/46
f 45/45/45 46/46/46 47/47/47
f 48/48/48 49/49/49 50/50/50
f 48/48/48 51/51/51 49/49/49
f 51/51/51 52/52/52 49/49/49
f 53/53/53 54/54/54 55/55/55
f 53/53/53 55/55/55 56/56/56
f 55/55/55 57/57/57 56/56/56
f 55/55/55 58/58/58 57/57/57
f 59/59/59 60/60/60 61/61/61
f 62/62/62 59/59/59 61/61/61
f 62/62/62 61/61/61 63/63/63
f 63/63/63 64/64/64 62/62/62
f 65/65/65 63/63/63 61/61/61
f 63/63/63 66/66/66 64/64/64
f 63/63/63 65/65/65 67/67/67
f 65/65/65 68/68/68 67/67/67
f 63/63/63 69/69/69 66/66/66
f 63/63/63 67/67/67 69/69/69
f 69/69/69 70/70/70 66/66/66
f 69/69/69 71/71/71 70/70/70
f 69/69/69 67/67/67 72/72/72
f 69/69/69 72/72/72 71/71/71
f 71/71/71 72/72/72 73/73/73
f 73/73/73 72/72/72 74/74/74
f 73/73/73 74/74/74 75/75/75
f 76/76/76 77/77/77 78/78/78
f 79/79/79 76/76/76 78/78/78
f 76/76/76 79/79/79 80/80/80
f 80/80/80 79/79/79 81/81/81
f 80/80/80 81/81/81 82/82/82
f 83/83/83 84/84/84 85/85/85
f 86/86/86 84/84/84 83/83/83
f 87/87/87 86/86/86 83/83/83
f 87/87/87 83/83/83 88/88/88
f 89/89/89 90/90/90 91/91/91
f 92/92/92 89/89/89 91/91/91
f 92/92/92 93/93/93 89/89/89
f 89/89/89 93/93/93 94/94/94
f 89/89/89 94/94/94 95/95/95
f 93/93/93 96/96/96 94/94/94
f 97/97/97 98/98/98 99/99/99
f 97/97/97 99/99/99 100/100/100
f 101/101/101 97/97/97 100/100/100
f 101/101/101 100/100/100 102/102/102
f 102/102/102 103/103/103 101/101/101
f 102/102/102 104/104/104 103/103/103
f 102/102/102 105/105/105 104/104/104
f 106/106/106 107/107/107 108/108/108
f 109/109/109 107/107/107 106/106/106
f 107/107/107 109/109/109 110/110/110
f 107/107/107 110/110/110 111/111/111
f 112/112/112 113/113/113 114/114/114
f 115/115/115 112/112/112 114/114/114
f 116/116/116 117/117/117 118/118/118
f 119/119/119 116/116/116 118/118/118
f 119/119/119 118/118/118 120/120/120
f 121/121/121 122/122/122 123/123/123
f 124/124/124 121/121/121 123/123/123
f 124/124/124 123/123/123 125/125/125
f 126/126/126 127/127/127 128/128/128
f 128/128/128 129/129/129 126/126/126
f 128/128/128 130/130/130 129/129/129
f 131/131/131 132/132/132 133/133/133
f 131/131/131 134/134/134 132/132/132
f 135/135/135 136/136/136 137/137/137
f 135/135/135 137/137/137 138/138/138
f 135/135/135 138/138/138 139/139/139
f 140/140/140 141/141/141 142/142/142
f 140/140/140 142/142/142 143/143/143
f 144/144/144 145/145/145 146/146/146
f 144/144/144 147/147/147 145/145/145
f 144/144/144 148/148/148 147/147/147
f 148/148/148 149/149/149 147/147/147
f 148/148/148 150/150/150 149/149/149
f 151/151/151 152/152/152 153/153/153
f 153/153/153 152/152/152 154/154/154
f 155/155/155 156/156/156 157/157/157
f 156/156/156 158/158/158 157/157/157
f 156/156/156 159/159/159 158/158/158
f 160/160/160 157/157/157 158/158/158
f 160/160/160 161/161/161 157/157/157
f 161/161/161 160/160/160 162/162/162
f 163/163/163 164/164/164 165/165/165
f 164/164/164 166/166/166 165/165/165
f 167/167/167 168/168/168 169/169/169
f 167/167/167 169/169/169 170/170/170
f 171/171/171 172/172/172 173/173/173
f 171/171/171 173/173/173 174/174/174
f 175/175/175 176/176/176 177/177/177
f 175/175/175 177/177/177 178/178/178
f 179/179/179 180/180/180 181/181/181
f 179/179/179 182/182/182 180/180/180
f 183/183/183 182/182/182 179/179/179
f 183/183/183 179/179/179 184/184/184
f 185/185/185 186/186/186 187/187/187
f 185/185/185 187/187/187 188/188/188
f 189/189/189 190/190/190 191/191/191
f 190/190/190 189/189/189 192/192/192
f 193/193/193 190/190/190 192/192/192
f 193/193/193 192/192/192 194/194/194
f 193/193/193 194/194/194 195/195/195
f 196/196/196 195/195/195 194/194/194
f 196/196/196 194/194/194 197/197/197
f 196/196/196 197/197/197 198/198/198
f 196/196/196 198/198/198 199/199/199
f 200/200/200 201/201/201 202/202/202
f 200/200/200 203/203/203 201/201/201
f 204/204/204 203/203/203 200/200/200
f 205/205/205 203/203/203 204/204/204
f 205/205/205 206/206/206 203/203/203
f 207/207/207 206/206/206 205/205/205
f 207/207/207 205/205/205 208/208/208
f 207/207/207 208/208/208 209/209/209
f 210/210/210 211/211/211 212/212/212
f 213/213/213 214/214/214 215/215/215
f 216/216/216 217/217/217 218/218/218
f 219/219/219 220/220/220 221/221/221
f 222/222/222 223/223/223 224/224/224
f 225/225/225 226/226/226 227/227/227
f 228/228/228 229/229/229 230/230/230
f 231/231/231 232/232/232 233/233/233
f 234/234/234 235/235/235 236/236/236
f 237/237/237 238/238/238 239/239/239
f 240/240/240 241/241/241 242/242/242
f 243/243/243 244/244/244 245/245/245
f 246/246/246 247/247/247 248/248/248
f 249/249/249 250/250/250 251/251/251
f 252/252/252 253/253/253 254/254/254
f 255/255/255 256/256/256 257/257/257
f 258/258/258 259/259/259 260/260/260
f 261/261/261 262/262/262 263/263/263
f 264/264/264 265/265/265 266/266/266
f 264/264/264 266/266/266 267/267/267
f 266/266/266 268/268/268 267/267/267
f 269/269/269 264/264/264 267/267/267
f 270/270/270 264/264/264 269/269/269
f 270/270/270 271/271/271 264/264/264
f 271/271/271 272/272/272 264/264/264
f 273/273/273 274/274/274 275/275/275
f 276/276/276 273/273/273 275/275/275
f 276/276/276 275/275/275 277/277/277
f 277/277/277 278/278/278 276/276/276
f 276/276/276 278/278/278 279/279/279
f 276/276/276 280/280/280 273/273/273
f 276/276/276 279/279/279 281/281/281
f 281/281/281 280/280/280 276/276/276
f 281/281/281 279/279/279 282/282/282
f 281/281/281 282/282/282 283/283/283
f 281/281/281 284/284/284 280/280/280
f 283/283/283 284/284/284 281/281/281
f 284/284/284 285/285/285 280/280/280
f 283/283/283 286/286/286 284/284/284
f 286/286/286 287/287/287 284/284/284
f 288/288/288 289/289/289 290/290/290
f 291/291/291 288/288/288 290/290/290
f 291/291/291 290/290/290 292/292/292
f 292/292/292 293/293/293 291/291/291
f 292/292/292 294/294/294 293/293/293
f 294/294/294 295/295/295 293/293/293
f 294/294/294 296/296/296 295/295/295
f 297/297/297 296/296/296 294/294/294
f 297/297/297 294/294/294 298/298/298
f 295/295/295 296/296/296 299/299/299
f 297/297/297 299/299/299 296/296/296
f 297/297/297 300/300/300 299/299/299
f 295/295/295 299/299/299 301/301/301
f 299/299/299 300/300/300 302/302/302
f 303/303/303 301/301/301 299/299/299
f 299/299/299 302/302/302 303/303/303
f 303/303/303 304/304/304 301/301/301
f 303/303/303 305/305/305 304/304/304
f 302/302/302 306/306/306 303/303/303
f 303/303/303 306/306/306 305/305/305
f 306/306/306 307/307/307 305/305/305
f 306/306/306 308/308/308 307/307/307
f 309/309/309 310/310/310 311/311/311
f 312/312/312 310/310/310 309/309/309
f 312/312/312 313/313/313 310/310/310
f 314/314/314 312/312/312 309/309/309
f 314/314/314 309/309/309 315/315/315
f 316/316/316 317/317/317 318/318/318
f 316/316/316 318/318/318 319/319/319
f 320/320/320 316/316/316 319/319/319
f 321/321/321 322/322/322 323/323/323
f 324/324/324 323/323/323 322/322/322
f 325/325/325 326/326/326 327/327/327
f 325/325/325 328/328/328 326/326/326
f 328/328/328 329/329/329 326/326/326
f 328/328/328 330/330/330 329/329/329
f 331/331/331 332/332/332 333/333/333
f 332/332/332 331/331/331 334/334/334
f 332/332/332 334/334/334 335/335/335
f 336/336/336 337/337/337 338/338/338
f 336/336/336 338/338/338 339/339/339
f 340/340/340 341/341/341 342/342/342
f 340/340/340 343/343/343 341/341/341
f 340/340/340 344/344/344 343/343/343
f 345/345/345 346/346/346 347/347/347
f 345/345/345 348/348/348 346/346/346
f 349/349/349 350/350/350 351/351/351
f 351/351/351 352/352/352 349/349/349
f 353/353/353 354/354/354 355/355/355
f 353/353/353 355/355/355 356/356/356
f 355/355/355 357/357/357 356/356/356
f 358/358/358 359/359/359 360/360/360
f 358/358/358 361/361/361 359/359/359
f 358/358/358 362/362/362 361/361/361
f 363/363/363 362/362/362 358/358/358
f 363/363/363 364/364/364 362/362/362
f 365/365/365 364/364/364 363/363/363
f 366/366/366 367/367/367 368/368/368
f 366/366/366 369/369/369 367/367/367
f 366/366/366 370/370/370 369/369/369
f 366/366/366 371/371/371 370/370/370
f 372/372/372 370/370/370 371/371/371
f 372/372/372 373/373/373 370/370/370
f 373/373/373 372/372/372 374/374/374
f 373/373/373 374/374/374 375/375/375
f 376/376/376 377/377/377 378/378/378
f 376/376/376 379/379/379 377/377/377
f 379/379/379 376/376/376 380/380/380
f 381/381/381 379/379/379 380/380/380
f 381/381/381 380/380/380 382/382/382
f 382/382/382 383/383/383 381/381/381
f 382/382/382 384/384/384 383/383/383
f 385/385/385 386/386/386 387/387/387
f 385/385/385 387/387/387 388/388/388
f 387/387/387 389/389/389 388/388/388
f 390/390/390 391/391/391 392/392/392
f 391/391/391 393/393/393 392/392/392
f 394/394/394 395/395/395 396/396/396
f 394/394/394 397/397/397 395/395/395
f 398/398/398 399/399/399 400/400/400
f 400/400/400 399/399/399 401/401/401
f 400/400/400 401/401/401 402/402/402
f 403/403/403 404/404/404 405/405/405
f 406/406/406 405/405/405 404/404/404
f 406/406/406 404/404/404 407/407/407
f 408/408/408 409/409/409 410/410/410
f 408/408/408 410/410/410 411/411/411
f 412/412/412 413/413/413 414/414/414
f 412/412/412 414/414/414 415/415/415
f 416/416/416 415/415/415 414/414/414
f 417/417/417 418/418/418 419/419/419
f 417/417/417 420/420/420 418/418/418
f 421/421/421 420/420/420 417/417/417
f 421/421/421 422/422/422 420/420/420
f 423/423/423 424/424/424 425/425/425
f 423/423/423 425/425/425 426/426/426
f 427/427/427 428/428/428 429/429/429
f 427/427/427 429/429/429 430/430/430
f 431/431/431 432/432/432 433/433/433
f 431/431/431 433/433/433 434/434/434
f 435/435/435 436/436/436 437/437/437
f 436/436/436 435/435/435 438/438/438
f 439/439/439 440/440/440 441/441/441
f 440/440/440 442/442/442 441/441/441
f 443/443/443 444/444/444 445/445/445
f 443/443/443 446/446/446 444/444/444
f 447/447/447 448/448/448 449/449/449
f 449/449/449 450/450/450 447/447/447
f 451/451/451 452/452/452 453/453/453
f 451/451/451 453/453/453 454/454/454
f 453/453/453 455/455/455 454/454/454
f 453/453/453 456/456/456 455/455/455
f 457/457/457 458/458/458 459/459/459
f 457/457/457 459/459/459 460/460/460
f 459/459/459 461/461/461 460/460/460
f 462/462/462 463/463/463 464/464/464
f 462/462/462 465/465/465 463/463/463
f 466/466/466 467/467/467 468/468/468
f 466/466/466 469/469/469 467/467/467
f 470/470/470 471/471/471 472/472/472
f 472/472/472 471/471/471 473/473/473
f 474/474/474 475/475/475 476/476/476
f 474/474/474 476/476/476 477/477/477
f 478/478/478 479/479/479 480/480/480
f 480/480/480 479/479/479 481/481/481
