# Unturned item rip -> Godot (X+Z negated, winding reversed, RH Y-up)
v 0.187712 0.167182 -0.196533
v 0.104742 0.214140 -0.087051
v 0.152797 0.238459 -0.107367
v 0.218054 0.211339 -0.215079
v 0.210100 0.156316 -0.454907
v 0.220178 0.208734 -0.523226
v 0.206326 -0.097670 -0.523226
v 0.199319 -0.097670 -0.454907
v -0.163988 0.161833 -0.215329
v -0.111883 0.218648 -0.133519
v -0.150601 0.243795 -0.151116
v -0.174595 0.214741 -0.243714
v -0.180318 0.208734 -0.523226
v -0.174939 0.156316 -0.454907
v -0.166290 -0.042317 -0.523226
v -0.163817 -0.042317 -0.454907
v 0.003126 0.306248 -0.067263
v -0.020072 0.289528 -0.067936
v -0.042902 0.306248 -0.072103
v -0.033814 0.333302 -0.074007
v -0.005367 0.333302 -0.071016
v 0.159727 0.277560 -0.040804
v 0.154286 0.266755 -0.195827
v 0.147593 0.224528 -0.192068
v 0.153316 0.235263 -0.037007
v 0.125731 0.202350 -0.036430
v 0.116805 0.197828 -0.192484
v 0.032557 0.332365 -0.059968
v -0.000269 0.259743 -0.055745
v 0.019483 0.250804 -0.208316
v 0.048562 0.316279 -0.212178
v -0.070328 0.293459 -0.084792
v -0.022960 0.301045 -0.080613
v -0.020529 0.298602 -0.103729
v -0.067897 0.291016 -0.107908
v -0.012172 0.298602 -0.102850
v -0.014603 0.301045 -0.079734
v 0.032598 0.293459 -0.073969
v 0.035029 0.291016 -0.097085
v -0.029555 0.250804 -0.213473
v -0.041970 0.259743 -0.060129
v -0.073199 0.332365 -0.071088
v -0.057194 0.316279 -0.223298
v -0.128041 0.197828 -0.218230
v -0.169232 0.202350 -0.067446
v -0.073473 0.226640 -0.059944
v -0.058057 0.217618 -0.212962
v -0.041970 0.259743 -0.060129
v -0.029555 0.250804 -0.213473
v -0.158242 0.224528 -0.224227
v -0.102644 0.315607 -0.228007
v -0.164007 0.266755 -0.229296
v -0.058057 0.217618 -0.212962
v -0.128041 0.197828 -0.218230
v -0.029555 0.250804 -0.213473
v -0.057194 0.316279 -0.223298
v -0.196093 0.235263 -0.073749
v -0.073473 0.226640 -0.059944
v -0.169232 0.202350 -0.067446
v -0.118649 0.331693 -0.075796
v -0.201574 0.277560 -0.078795
v -0.073199 0.332365 -0.071088
v -0.041970 0.259743 -0.060129
v 0.147593 0.224528 -0.192068
v 0.154286 0.266755 -0.195827
v 0.093997 0.315607 -0.207329
v 0.047256 0.217618 -0.201888
v 0.116805 0.197828 -0.192484
v 0.019483 0.250804 -0.208316
v 0.048562 0.316279 -0.212178
v 0.153316 0.235263 -0.037007
v 0.125731 0.202350 -0.036430
v 0.030506 0.226640 -0.049010
v 0.077991 0.331693 -0.055119
v 0.159727 0.277560 -0.040804
v 0.032557 0.332365 -0.059968
v -0.000269 0.259743 -0.055745
v -0.087783 0.226888 -0.276218
v -0.106105 0.267657 -0.282453
v -0.106810 0.242753 -0.279895
v -0.051913 0.254259 -0.275339
v -0.063352 0.232009 -0.274190
v -0.062081 0.276884 -0.278799
v -0.086199 0.282847 -0.281965
v -0.005367 0.333302 -0.071016
v -0.033814 0.333302 -0.074007
v -0.019241 0.318656 -0.212598
v 0.009206 0.318656 -0.209606
v -0.102644 0.315607 -0.228007
v -0.057194 0.316279 -0.223298
v -0.073199 0.332365 -0.071088
v -0.118649 0.331693 -0.075796
v -0.164007 0.266755 -0.229296
v -0.201574 0.277560 -0.078795
v -0.020072 0.289528 -0.067936
v -0.005499 0.274881 -0.206526
v -0.028328 0.291601 -0.210694
v -0.042902 0.306248 -0.072103
v -0.014680 0.313225 -0.200388
v -0.066260 0.304523 -0.204892
v -0.058050 0.281119 -0.201555
v -0.010682 0.288705 -0.197376
v 0.017699 0.291601 -0.205854
v -0.005499 0.274881 -0.206526
v -0.020072 0.289528 -0.067936
v 0.003126 0.306248 -0.067263
v -0.002325 0.288705 -0.196497
v -0.004755 0.291148 -0.173381
v 0.042445 0.283562 -0.167616
v 0.044876 0.281119 -0.190732
v 0.009206 0.318656 -0.209606
v -0.019241 0.318656 -0.212598
v 0.017699 0.291601 -0.205854
v -0.028328 0.291601 -0.210694
v -0.005499 0.274881 -0.206526
v -0.229661 0.156316 -0.454907
v -0.163988 0.161833 -0.215329
v -0.174939 0.156316 -0.454907
v -0.212229 0.161523 -0.194638
v -0.137948 0.212677 -0.077644
v -0.111883 0.218648 -0.133519
v -0.163817 -0.042317 -0.454907
v -0.166290 -0.042317 -0.523226
v -0.036109 -0.081762 -0.523226
v -0.036109 -0.081762 -0.454907
v 0.142790 -0.042317 -0.454907
v 0.149797 -0.042317 -0.523226
v 0.044876 0.281119 -0.190732
v 0.053601 0.304523 -0.192288
v 0.002213 0.313225 -0.198611
v -0.002325 0.288705 -0.196497
v -0.185266 0.237388 -0.106882
v -0.137948 0.212677 -0.077644
v -0.212229 0.161523 -0.194638
v -0.222608 0.214457 -0.221060
v -0.229661 0.156316 -0.454907
v -0.234525 0.208734 -0.523226
v -0.223319 -0.097670 -0.523226
v -0.220846 -0.097670 -0.454907
v -0.067897 0.291016 -0.107908
v -0.020529 0.298602 -0.103729
v -0.024528 0.323122 -0.106741
v -0.076107 0.314420 -0.111245
v -0.007635 0.323122 -0.104965
v -0.012172 0.298602 -0.102850
v 0.035029 0.291016 -0.097085
v 0.043754 0.314420 -0.098641
v -0.024528 0.323122 -0.106741
v -0.026958 0.325565 -0.083625
v -0.078538 0.316863 -0.088129
v -0.076107 0.314420 -0.111245
v 0.009206 0.318656 -0.209606
v 0.017699 0.291601 -0.205854
v 0.003126 0.306248 -0.067263
v -0.005367 0.333302 -0.071016
v 0.054221 0.254259 -0.264178
v 0.089135 0.282847 -0.263528
v 0.064886 0.276884 -0.265448
v 0.108708 0.267657 -0.259865
v 0.065171 0.232009 -0.260675
v 0.108866 0.242753 -0.257216
v 0.089490 0.226888 -0.257577
v -0.033814 0.333302 -0.074007
v -0.042902 0.306248 -0.072103
v -0.028328 0.291601 -0.210694
v -0.019241 0.318656 -0.212598
v -0.026958 0.325565 -0.083625
v -0.022960 0.301045 -0.080613
v -0.070328 0.293459 -0.084792
v -0.078538 0.316863 -0.088129
v -0.017111 0.315668 -0.177272
v -0.013113 0.291148 -0.174260
v -0.060480 0.283562 -0.178439
v -0.068691 0.306966 -0.181776
v 0.032598 0.293459 -0.073969
v -0.014603 0.301045 -0.079734
v -0.010065 0.325565 -0.081848
v 0.041323 0.316863 -0.075525
v 0.123639 0.239992 -0.149780
v 0.081870 0.215745 -0.138523
v 0.146922 0.186465 -0.219088
v 0.176956 0.231324 -0.240429
v 0.155379 0.156316 -0.454907
v 0.165971 0.208734 -0.523226
v 0.149797 -0.042317 -0.523226
v 0.142790 -0.042317 -0.454907
v -0.068691 0.306966 -0.181776
v -0.066260 0.304523 -0.204892
v -0.014680 0.313225 -0.200388
v -0.017111 0.315668 -0.177272
v -0.060480 0.283562 -0.178439
v -0.013113 0.291148 -0.174260
v -0.010682 0.288705 -0.197376
v -0.058050 0.281119 -0.201555
v 0.051170 0.306966 -0.169172
v -0.000218 0.315668 -0.175495
v 0.002213 0.313225 -0.198611
v 0.053601 0.304523 -0.192288
v 0.042445 0.283562 -0.167616
v -0.004755 0.291148 -0.173381
v -0.000218 0.315668 -0.175495
v 0.051170 0.306966 -0.169172
v 0.041323 0.316863 -0.075525
v -0.010065 0.325565 -0.081848
v -0.007635 0.323122 -0.104965
v 0.043754 0.314420 -0.098641
v -0.163817 -0.042317 -0.454907
v -0.229661 0.156316 -0.454907
v -0.174939 0.156316 -0.454907
v -0.220846 -0.097670 -0.454907
v -0.036417 -0.153213 -0.454907
v -0.036109 -0.081762 -0.454907
v 0.142790 -0.042317 -0.454907
v 0.199319 -0.097670 -0.454907
v 0.210100 0.156316 -0.454907
v 0.155379 0.156316 -0.454907
v 0.165971 0.208734 -0.523226
v 0.149797 -0.042317 -0.523226
v 0.220178 0.208734 -0.523226
v 0.206326 -0.097670 -0.523226
v -0.036417 -0.153213 -0.523226
v -0.036109 -0.081762 -0.523226
v -0.166290 -0.042317 -0.523226
v -0.223319 -0.097670 -0.523226
v -0.234525 0.208734 -0.523226
v -0.180318 0.208734 -0.523226
v 0.199319 -0.097670 -0.454907
v 0.206326 -0.097670 -0.523226
v -0.036417 -0.153213 -0.523226
v -0.036417 -0.153213 -0.454907
v -0.220846 -0.097670 -0.454907
v -0.223319 -0.097670 -0.523226
v -0.162758 0.036632 -0.448962
v -0.167018 0.133117 -0.447538
v -0.168198 0.134110 -0.528739
v -0.163938 0.037625 -0.530163
v -0.168198 0.134110 -0.528739
v -0.167018 0.133117 -0.447538
v -0.237788 0.129976 -0.447384
v -0.238968 0.130968 -0.527604
v -0.238968 0.130968 -0.527604
v -0.237788 0.129976 -0.447384
v -0.233528 0.033491 -0.448807
v -0.234708 0.034484 -0.529027
v -0.233528 0.033491 -0.448807
v -0.162758 0.036632 -0.448962
v -0.163938 0.037625 -0.530163
v -0.234708 0.034484 -0.529027
v -0.237788 0.129976 -0.447384
v -0.167018 0.133117 -0.447538
v -0.162758 0.036632 -0.448962
v -0.233528 0.033491 -0.448807
v -0.168198 0.134110 -0.528739
v -0.238968 0.130968 -0.527604
v -0.234708 0.034484 -0.529027
v -0.163938 0.037625 -0.530163
v 0.152797 0.238459 -0.107367
v 0.123639 0.239992 -0.149780
v 0.176956 0.231324 -0.240429
v 0.218054 0.211339 -0.215079
v 0.220178 0.208734 -0.523226
v 0.165971 0.208734 -0.523226
v 0.187712 0.167182 -0.196533
v 0.081870 0.215745 -0.138523
v 0.104742 0.214140 -0.087051
v 0.146922 0.186465 -0.219088
v 0.210100 0.156316 -0.454907
v 0.155379 0.156316 -0.454907
v -0.222608 0.214457 -0.221060
v -0.150601 0.243795 -0.151116
v -0.185266 0.237388 -0.106882
v -0.174595 0.214741 -0.243714
v -0.234525 0.208734 -0.523226
v -0.180318 0.208734 -0.523226
v 0.077991 0.331693 -0.055119
v 0.154286 0.266755 -0.195827
v 0.159727 0.277560 -0.040804
v 0.093997 0.315607 -0.207329
v 0.048562 0.316279 -0.212178
v 0.032557 0.332365 -0.059968
v -0.201574 0.277560 -0.078795
v -0.158242 0.224528 -0.224227
v -0.164007 0.266755 -0.229296
v -0.196093 0.235263 -0.073749
v -0.169232 0.202350 -0.067446
v -0.128041 0.197828 -0.218230
v -0.000269 0.259743 -0.055745
v 0.047256 0.217618 -0.201888
v 0.019483 0.250804 -0.208316
v 0.030506 0.226640 -0.049010
v 0.116805 0.197828 -0.192484
v 0.125731 0.202350 -0.036430
v -0.125241 0.235678 0.046748
v -0.105880 0.265614 0.023539
v -0.106131 0.267733 0.045370
v -0.119117 0.302384 0.040342
v -0.124084 0.235078 0.024852
v -0.118251 0.298622 0.018750
v -0.151880 0.309248 0.014091
v -0.154420 0.313538 0.035451
v -0.181445 0.289488 0.013070
v -0.185456 0.292796 0.034380
v -0.184682 0.254224 0.016457
v -0.188854 0.255777 0.037935
v -0.159154 0.230009 0.021700
v -0.162056 0.230357 0.043439
v -0.087974 0.262371 0.006885
v -0.117187 0.223700 0.045342
v -0.091826 0.266242 0.043513
v -0.109060 0.312229 0.036841
v -0.113335 0.219829 0.008714
v -0.105209 0.308358 0.000212
v -0.166046 0.216638 0.040951
v -0.155912 0.327032 0.030350
v -0.162194 0.212767 0.004323
v -0.152060 0.323160 -0.006279
v -0.197101 0.299503 0.028928
v -0.193249 0.295632 -0.007700
v -0.201611 0.250374 0.033646
v -0.197759 0.246503 -0.002982
v 0.045183 0.312229 0.053060
v 0.040544 0.267733 0.060793
v 0.026938 0.266242 0.056002
v 0.051364 0.223700 0.063066
v 0.054292 0.302384 0.058577
v 0.058949 0.235678 0.066116
v 0.100067 0.216638 0.068934
v 0.095647 0.230357 0.070538
v 0.136374 0.250374 0.069186
v 0.123004 0.255777 0.070728
v 0.089840 0.313538 0.061136
v 0.092360 0.327032 0.056456
v 0.132944 0.299503 0.063633
v 0.120420 0.292796 0.066544
v 0.136374 0.250374 0.069186
v 0.103919 0.212767 0.032305
v 0.100067 0.216638 0.068934
v 0.051364 0.223700 0.063066
v 0.140226 0.246503 0.032558
v 0.055215 0.219829 0.026438
v 0.136796 0.295632 0.027005
v 0.030790 0.262371 0.019373
v 0.132944 0.299503 0.063633
v 0.026938 0.266242 0.056002
v 0.096212 0.323160 0.019828
v 0.092360 0.327032 0.056456
v 0.049035 0.308358 0.016432
v 0.045183 0.312229 0.053060
v -0.048668 0.253205 -0.284714
v -0.060998 0.229222 -0.283476
v -0.053118 0.218742 -0.278701
v -0.087331 0.223703 -0.285662
v -0.035371 0.253262 -0.280483
v -0.091022 0.210798 -0.281847
v -0.107839 0.240802 -0.289625
v -0.120542 0.235411 -0.287552
v -0.051146 0.288364 -0.285851
v -0.059628 0.277591 -0.288444
v -0.085623 0.284017 -0.291856
v -0.088564 0.297614 -0.290764
v -0.107079 0.267645 -0.292382
v -0.119447 0.274048 -0.291520
v 0.111726 0.267645 -0.269374
v 0.111896 0.240802 -0.266520
v 0.123889 0.235411 -0.261850
v 0.091012 0.223703 -0.266908
v 0.123644 0.274048 -0.265959
v 0.093829 0.210798 -0.262409
v 0.090630 0.284017 -0.273323
v 0.093278 0.297614 -0.271642
v 0.064493 0.277591 -0.275392
v 0.055658 0.288364 -0.274621
v 0.052998 0.253205 -0.274024
v 0.039111 0.253262 -0.272651
v 0.064800 0.229222 -0.270248
v 0.056099 0.218742 -0.267216
v -0.119117 0.302384 0.040342
v -0.154420 0.313538 0.035451
v -0.155912 0.327032 0.030350
v -0.185456 0.292796 0.034380
v -0.109060 0.312229 0.036841
v -0.197101 0.299503 0.028928
v -0.188854 0.255777 0.037935
v -0.201611 0.250374 0.033646
v -0.162056 0.230357 0.043439
v -0.166046 0.216638 0.040951
v -0.125241 0.235678 0.046748
v -0.117187 0.223700 0.045342
v -0.106131 0.267733 0.045370
v -0.091826 0.266242 0.043513
v -0.107079 0.267645 -0.292382
v -0.107839 0.240802 -0.289625
v -0.106810 0.242753 -0.279895
v -0.087331 0.223703 -0.285662
v -0.106105 0.267657 -0.282453
v -0.087783 0.226888 -0.276218
v -0.086199 0.282847 -0.281965
v -0.063352 0.232009 -0.274190
v -0.085623 0.284017 -0.291856
v -0.060998 0.229222 -0.283476
v -0.051913 0.254259 -0.275339
v -0.048668 0.253205 -0.284714
v -0.062081 0.276884 -0.278799
v -0.059628 0.277591 -0.288444
v 0.090630 0.284017 -0.273323
v 0.064493 0.277591 -0.275392
v 0.064886 0.276884 -0.265448
v 0.052998 0.253205 -0.274024
v 0.089135 0.282847 -0.263528
v 0.054221 0.254259 -0.264178
v 0.108708 0.267657 -0.259865
v 0.111726 0.267645 -0.269374
v 0.064800 0.229222 -0.270248
v 0.065171 0.232009 -0.260675
v 0.089490 0.226888 -0.257577
v 0.091012 0.223703 -0.266908
v 0.108866 0.242753 -0.257216
v 0.111896 0.240802 -0.266520
v 0.050893 0.228539 -0.198781
v 0.093829 0.210798 -0.262409
v 0.056099 0.218742 -0.267216
v 0.039111 0.253262 -0.272651
v 0.085888 0.221170 -0.194323
v 0.035136 0.260557 -0.203822
v 0.123889 0.235411 -0.261850
v 0.050484 0.293114 -0.205649
v 0.113770 0.243999 -0.193803
v 0.055658 0.288364 -0.274621
v 0.123644 0.274048 -0.265959
v 0.085378 0.301694 -0.202886
v 0.113543 0.279836 -0.197615
v 0.093278 0.297614 -0.271642
v -0.105209 0.308358 0.000212
v -0.093870 0.255339 -0.066345
v -0.087974 0.262371 0.006885
v -0.113335 0.219829 0.008714
v -0.108134 0.293401 -0.071868
v -0.114860 0.220129 -0.064831
v -0.152060 0.323160 -0.006279
v -0.162194 0.212767 0.004323
v -0.146912 0.305653 -0.077240
v -0.155299 0.214284 -0.068466
v -0.193249 0.295632 -0.007700
v -0.181003 0.282869 -0.078417
v -0.197759 0.246503 -0.002982
v -0.184735 0.242206 -0.074512
v 0.051788 0.255339 -0.051029
v 0.030790 0.262371 0.019373
v 0.055215 0.219829 0.026438
v 0.049035 0.308358 0.016432
v 0.072005 0.220129 -0.045182
v 0.066889 0.293401 -0.053464
v 0.103919 0.212767 0.032305
v 0.096212 0.323160 0.019828
v 0.112315 0.214284 -0.040325
v 0.105936 0.305653 -0.050652
v 0.136796 0.295632 0.027005
v 0.139526 0.282869 -0.044712
v 0.140226 0.246503 0.032558
v 0.142365 0.242206 -0.040116
v 0.091799 0.309248 0.039714
v 0.057936 0.298622 0.037276
v 0.054292 0.302384 0.058577
v 0.044840 0.265614 0.039388
v 0.089840 0.313538 0.061136
v 0.040544 0.267733 0.060793
v 0.120929 0.289488 0.044866
v 0.062372 0.235078 0.044459
v 0.120420 0.292796 0.066544
v 0.058949 0.235678 0.066116
v 0.123391 0.254224 0.048851
v 0.123004 0.255777 0.070728
v 0.097331 0.230009 0.048670
v 0.095647 0.230357 0.070538
v 0.097331 0.230009 0.048670
v 0.062372 0.235078 0.044459
v 0.084679 0.269736 0.051254
v 0.123391 0.254224 0.048851
v 0.044840 0.265614 0.039388
v 0.120929 0.289488 0.044866
v 0.057936 0.298622 0.037276
v 0.091799 0.309248 0.039714
v -0.151880 0.309248 0.014091
v -0.118251 0.298622 0.018750
v -0.147317 0.269736 0.026859
v -0.181445 0.289488 0.013070
v -0.105880 0.265614 0.023539
v -0.184682 0.254224 0.016457
v -0.124084 0.235078 0.024852
v -0.159154 0.230009 0.021700
v -0.045800 0.260557 -0.212333
v -0.035371 0.253262 -0.280483
v -0.053118 0.218742 -0.278701
v -0.051146 0.288364 -0.285851
v -0.062261 0.228539 -0.210680
v -0.060432 0.293114 -0.217312
v -0.091022 0.210798 -0.281847
v -0.095137 0.301694 -0.221868
v -0.097418 0.221170 -0.213598
v -0.088564 0.297614 -0.290764
v -0.120542 0.235411 -0.287552
v -0.123783 0.279836 -0.222570
v -0.124798 0.243999 -0.218890
v -0.119447 0.274048 -0.291520
vt 0.15625 0.0937490016
vt 0.15625 0.0937490016
vt 0.15625 0.0937490016
vt 0.15625 0.0937490016
vt 0.15625 0.0937490016
vt 0.15625 0.0937490016
vt 0.15625 0.0937490016
vt 0.15625 0.0937490016
vt 0.15625 0.0937490016
vt 0.15625 0.0937490016
vt 0.15625 0.0937490016
vt 0.15625 0.0937490016
vt 0.15625 0.0937490016
vt 0.15625 0.0937490016
vt 0.15625 0.0937490016
vt 0.15625 0.0937490016
vt 0.09375 0.0937490016
vt 0.09375 0.0937490016
vt 0.09375 0.0937490016
vt 0.09375 0.0937490016
vt 0.09375 0.0937490016
vt 0.09375 0.0937490016
vt 0.09375 0.0937490016
vt 0.09375 0.0937490016
vt 0.09375 0.0937490016
vt 0.09375 0.0937490016
vt 0.09375 0.0937490016
vt 0.09375 0.0937490016
vt 0.09375 0.0937490016
vt 0.09375 0.0937490016
vt 0.09375 0.0937490016
vt 0.09375 0.156249002
vt 0.09375 0.156249002
vt 0.09375 0.156249002
vt 0.09375 0.156249002
vt 0.09375 0.156249002
vt 0.09375 0.156249002
vt 0.09375 0.156249002
vt 0.09375 0.156249002
vt 0.09375 0.0937490016
vt 0.09375 0.0937490016
vt 0.09375 0.0937490016
vt 0.09375 0.0937490016
vt 0.09375 0.0937490016
vt 0.09375 0.0937490016
vt 0.09375 0.0937490016
vt 0.09375 0.0937490016
vt 0.09375 0.0937490016
vt 0.09375 0.0937490016
vt 0.09375 0.0937490016
vt 0.09375 0.0937490016
vt 0.09375 0.0937490016
vt 0.09375 0.0937490016
vt 0.09375 0.0937490016
vt 0.09375 0.0937490016
vt 0.09375 0.0937490016
vt 0.09375 0.0937490016
vt 0.09375 0.0937490016
vt 0.09375 0.0937490016
vt 0.09375 0.0937490016
vt 0.09375 0.0937490016
vt 0.09375 0.0937490016
vt 0.09375 0.0937490016
vt 0.09375 0.0937490016
vt 0.09375 0.0937490016
vt 0.09375 0.0937490016
vt 0.09375 0.0937490016
vt 0.09375 0.0937490016
vt 0.09375 0.0937490016
vt 0.09375 0.0937490016
vt 0.09375 0.0937490016
vt 0.09375 0.0937490016
vt 0.09375 0.0937490016
vt 0.09375 0.0937490016
vt 0.09375 0.0937490016
vt 0.09375 0.0937490016
vt 0.09375 0.0937490016
vt 0.09375 0.0312489998
vt 0.09375 0.0312489998
vt 0.09375 0.0312489998
vt 0.09375 0.0312489998
vt 0.09375 0.0312489998
vt 0.09375 0.0312489998
vt 0.09375 0.0312489998
vt 0.09375 0.0937490016
vt 0.09375 0.0937490016
vt 0.09375 0.0937490016
vt 0.09375 0.0937490016
vt 0.09375 0.0937490016
vt 0.09375 0.0937490016
vt 0.09375 0.0937490016
vt 0.09375 0.0937490016
vt 0.09375 0.0937490016
vt 0.09375 0.0937490016
vt 0.09375 0.0937490016
vt 0.09375 0.0937490016
vt 0.09375 0.0937490016
vt 0.09375 0.0937490016
vt 0.09375 0.156249002
vt 0.09375 0.156249002
vt 0.09375 0.156249002
vt 0.09375 0.156249002
vt 0.09375 0.0937490016
vt 0.09375 0.0937490016
vt 0.09375 0.0937490016
vt 0.09375 0.0937490016
vt 0.09375 0.156249002
vt 0.09375 0.156249002
vt 0.09375 0.156249002
vt 0.09375 0.156249002
vt 0.09375 0.0937490016
vt 0.09375 0.0937490016
vt 0.09375 0.0937490016
vt 0.09375 0.0937490016
vt 0.09375 0.0937490016
vt 0.15625 0.0937490016
vt 0.15625 0.0937490016
vt 0.15625 0.0937490016
vt 0.15625 0.0937490016
vt 0.15625 0.0937490016
vt 0.15625 0.0937490016
vt 0.15625 0.0937490016
vt 0.15625 0.0937490016
vt 0.15625 0.0937490016
vt 0.15625 0.0937490016
vt 0.15625 0.0937490016
vt 0.15625 0.0937490016
vt 0.09375 0.156249002
vt 0.09375 0.156249002
vt 0.09375 0.156249002
vt 0.09375 0.156249002
vt 0.15625 0.0937490016
vt 0.15625 0.0937490016
vt 0.15625 0.0937490016
vt 0.15625 0.0937490016
vt 0.15625 0.0937490016
vt 0.15625 0.0937490016
vt 0.15625 0.0937490016
vt 0.15625 0.0937490016
vt 0.09375 0.156249002
vt 0.09375 0.156249002
vt 0.09375 0.156249002
vt 0.09375 0.156249002
vt 0.09375 0.156249002
vt 0.09375 0.156249002
vt 0.09375 0.156249002
vt 0.09375 0.156249002
vt 0.09375 0.156249002
vt 0.09375 0.156249002
vt 0.09375 0.156249002
vt 0.09375 0.156249002
vt 0.09375 0.0937490016
vt 0.09375 0.0937490016
vt 0.09375 0.0937490016
vt 0.09375 0.0937490016
vt 0.09375 0.0312489998
vt 0.09375 0.0312489998
vt 0.09375 0.0312489998
vt 0.09375 0.0312489998
vt 0.09375 0.0312489998
vt 0.09375 0.0312489998
vt 0.09375 0.0312489998
vt 0.09375 0.0937490016
vt 0.09375 0.0937490016
vt 0.09375 0.0937490016
vt 0.09375 0.0937490016
vt 0.09375 0.156249002
vt 0.09375 0.156249002
vt 0.09375 0.156249002
vt 0.09375 0.156249002
vt 0.09375 0.156249002
vt 0.09375 0.156249002
vt 0.09375 0.156249002
vt 0.09375 0.156249002
vt 0.09375 0.156249002
vt 0.09375 0.156249002
vt 0.09375 0.156249002
vt 0.09375 0.156249002
vt 0.15625 0.0937490016
vt 0.15625 0.0937490016
vt 0.15625 0.0937490016
vt 0.15625 0.0937490016
vt 0.15625 0.0937490016
vt 0.15625 0.0937490016
vt 0.15625 0.0937490016
vt 0.15625 0.0937490016
vt 0.09375 0.156249002
vt 0.09375 0.156249002
vt 0.09375 0.156249002
vt 0.09375 0.156249002
vt 0.09375 0.156249002
vt 0.09375 0.156249002
vt 0.09375 0.156249002
vt 0.09375 0.156249002
vt 0.09375 0.156249002
vt 0.09375 0.156249002
vt 0.09375 0.156249002
vt 0.09375 0.156249002
vt 0.09375 0.156249002
vt 0.09375 0.156249002
vt 0.09375 0.156249002
vt 0.09375 0.156249002
vt 0.09375 0.156249002
vt 0.09375 0.156249002
vt 0.09375 0.156249002
vt 0.09375 0.156249002
vt 0.15625 0.0937490016
vt 0.15625 0.0937490016
vt 0.15625 0.0937490016
vt 0.15625 0.0937490016
vt 0.15625 0.0937490016
vt 0.15625 0.0937490016
vt 0.15625 0.0937490016
vt 0.15625 0.0937490016
vt 0.15625 0.0937490016
vt 0.15625 0.0937490016
vt 0.15625 0.0937490016
vt 0.15625 0.0937490016
vt 0.15625 0.0937490016
vt 0.15625 0.0937490016
vt 0.15625 0.0937490016
vt 0.15625 0.0937490016
vt 0.15625 0.0937490016
vt 0.15625 0.0937490016
vt 0.15625 0.0937490016
vt 0.15625 0.0937490016
vt 0.15625 0.0937490016
vt 0.15625 0.0937490016
vt 0.15625 0.0937490016
vt 0.15625 0.0937490016
vt 0.15625 0.0937490016
vt 0.15625 0.0937490016
vt 0.15625 0.156249002
vt 0.15625 0.156249002
vt 0.15625 0.156249002
vt 0.15625 0.156249002
vt 0.15625 0.156249002
vt 0.15625 0.156249002
vt 0.15625 0.156249002
vt 0.15625 0.156249002
vt 0.15625 0.156249002
vt 0.15625 0.156249002
vt 0.15625 0.156249002
vt 0.15625 0.156249002
vt 0.15625 0.156249002
vt 0.15625 0.156249002
vt 0.15625 0.156249002
vt 0.15625 0.156249002
vt 0.15625 0.156249002
vt 0.15625 0.156249002
vt 0.15625 0.156249002
vt 0.15625 0.156249002
vt 0.15625 0.156249002
vt 0.15625 0.156249002
vt 0.15625 0.156249002
vt 0.15625 0.156249002
vt 0.15625 0.0937490016
vt 0.15625 0.0937490016
vt 0.15625 0.0937490016
vt 0.15625 0.0937490016
vt 0.15625 0.0937490016
vt 0.15625 0.0937490016
vt 0.15625 0.0937490016
vt 0.15625 0.0937490016
vt 0.15625 0.0937490016
vt 0.15625 0.0937490016
vt 0.15625 0.0937490016
vt 0.15625 0.0937490016
vt 0.15625 0.0937490016
vt 0.15625 0.0937490016
vt 0.15625 0.0937490016
vt 0.15625 0.0937490016
vt 0.15625 0.0937490016
vt 0.15625 0.0937490016
vt 0.09375 0.0937490016
vt 0.09375 0.0937490016
vt 0.09375 0.0937490016
vt 0.09375 0.0937490016
vt 0.09375 0.0937490016
vt 0.09375 0.0937490016
vt 0.09375 0.0937490016
vt 0.09375 0.0937490016
vt 0.09375 0.0937490016
vt 0.09375 0.0937490016
vt 0.09375 0.0937490016
vt 0.09375 0.0937490016
vt 0.09375 0.0937490016
vt 0.09375 0.0937490016
vt 0.09375 0.0937490016
vt 0.09375 0.0937490016
vt 0.09375 0.0937490016
vt 0.09375 0.0937490016
vt 0.15625 0.0312489998
vt 0.15625 0.0312489998
vt 0.15625 0.0312489998
vt 0.15625 0.0312489998
vt 0.15625 0.0312489998
vt 0.15625 0.0312489998
vt 0.15625 0.0312489998
vt 0.15625 0.0312489998
vt 0.15625 0.0312489998
vt 0.15625 0.0312489998
vt 0.15625 0.0312489998
vt 0.15625 0.0312489998
vt 0.15625 0.0312489998
vt 0.15625 0.0312489998
vt 0.15625 0.0312489998
vt 0.15625 0.0312489998
vt 0.15625 0.0312489998
vt 0.15625 0.0312489998
vt 0.15625 0.0312489998
vt 0.15625 0.0312489998
vt 0.15625 0.0312489998
vt 0.15625 0.0312489998
vt 0.15625 0.0312489998
vt 0.15625 0.0312489998
vt 0.15625 0.0312489998
vt 0.15625 0.0312489998
vt 0.15625 0.0312489998
vt 0.15625 0.0312489998
vt 0.15625 0.0312489998
vt 0.15625 0.0312489998
vt 0.15625 0.0312489998
vt 0.15625 0.0312489998
vt 0.15625 0.0312489998
vt 0.15625 0.0312489998
vt 0.15625 0.0312489998
vt 0.15625 0.0312489998
vt 0.15625 0.0312489998
vt 0.15625 0.0312489998
vt 0.15625 0.0312489998
vt 0.15625 0.0312489998
vt 0.15625 0.0312489998
vt 0.15625 0.0312489998
vt 0.15625 0.0312489998
vt 0.15625 0.0312489998
vt 0.15625 0.0312489998
vt 0.15625 0.0312489998
vt 0.15625 0.0312489998
vt 0.15625 0.0312489998
vt 0.15625 0.0312489998
vt 0.15625 0.0312489998
vt 0.15625 0.0312489998
vt 0.15625 0.0312489998
vt 0.15625 0.0312489998
vt 0.15625 0.0312489998
vt 0.15625 0.0312489998
vt 0.15625 0.0312489998
vt 0.15625 0.0312489998
vt 0.15625 0.0312489998
vt 0.15625 0.0312489998
vt 0.15625 0.0312489998
vt 0.15625 0.0312489998
vt 0.15625 0.0312489998
vt 0.15625 0.0312489998
vt 0.15625 0.0312489998
vt 0.15625 0.0312489998
vt 0.15625 0.0312489998
vt 0.15625 0.0312489998
vt 0.15625 0.0312489998
vt 0.15625 0.0312489998
vt 0.15625 0.0312489998
vt 0.15625 0.0312489998
vt 0.15625 0.0312489998
vt 0.15625 0.0312489998
vt 0.15625 0.0312489998
vt 0.15625 0.0312489998
vt 0.15625 0.0312489998
vt 0.15625 0.0312489998
vt 0.15625 0.0312489998
vt 0.15625 0.0312489998
vt 0.15625 0.0312489998
vt 0.15625 0.0312489998
vt 0.15625 0.0312489998
vt 0.15625 0.0312489998
vt 0.15625 0.0312489998
vt 0.15625 0.0312489998
vt 0.15625 0.0312489998
vt 0.15625 0.0312489998
vt 0.15625 0.0312489998
vt 0.15625 0.0312489998
vt 0.15625 0.0312489998
vt 0.15625 0.0312489998
vt 0.15625 0.0312489998
vt 0.15625 0.0312489998
vt 0.15625 0.0312489998
vt 0.15625 0.0312489998
vt 0.15625 0.0312489998
vt 0.15625 0.0312489998
vt 0.15625 0.0312489998
vt 0.15625 0.0312489998
vt 0.15625 0.0312489998
vt 0.15625 0.0312489998
vt 0.15625 0.0312489998
vt 0.15625 0.0312489998
vt 0.15625 0.0312489998
vt 0.15625 0.0312489998
vt 0.15625 0.0312489998
vt 0.15625 0.0312489998
vt 0.15625 0.0312489998
vt 0.15625 0.0312489998
vt 0.15625 0.0312489998
vt 0.15625 0.0312489998
vt 0.15625 0.0312489998
vt 0.15625 0.0312489998
vt 0.15625 0.0312489998
vt 0.15625 0.0312489998
vt 0.15625 0.0312489998
vt 0.15625 0.0312489998
vt 0.15625 0.0312489998
vt 0.15625 0.0312489998
vt 0.15625 0.0312489998
vt 0.15625 0.0312489998
vt 0.15625 0.0312489998
vt 0.15625 0.0312489998
vt 0.15625 0.0312489998
vt 0.15625 0.0312489998
vt 0.15625 0.0312489998
vt 0.03125 0.106326997
vt 0.03125 0.0309820008
vt 0.03125 0.0309820008
vt 0.03125 0.0309820008
vt 0.03125 0.106326997
vt 0.03125 0.106326997
vt 0.03125 0.0309820008
vt 0.03125 0.106326997
vt 0.03125 0.106326997
vt 0.03125 0.0309820008
vt 0.03125 0.0309820008
vt 0.03125 0.106326997
vt 0.03125 0.106326997
vt 0.03125 0.0309820008
vt 0.03125 0.0365049988
vt 0.03125 0.115437999
vt 0.03125 0.0365049988
vt 0.03125 0.0365049988
vt 0.03125 0.115437999
vt 0.03125 0.115437999
vt 0.03125 0.0365049988
vt 0.03125 0.0365049988
vt 0.03125 0.115437999
vt 0.03125 0.115437999
vt 0.03125 0.0365049988
vt 0.03125 0.115437999
vt 0.03125 0.0365049988
vt 0.03125 0.115437999
vt 0.03125 0.115437999
vt 0.03125 0.0365049988
vt 0.03125 0.0365049988
vt 0.03125 0.0365049988
vt 0.03125 0.115437999
vt 0.03125 0.115437999
vt 0.03125 0.0365049988
vt 0.03125 0.0365049988
vt 0.03125 0.115437999
vt 0.03125 0.115437999
vt 0.03125 0.0365049988
vt 0.03125 0.115437999
vt 0.03125 0.0365049988
vt 0.03125 0.115437999
vt 0.15625 0.0312489998
vt 0.15625 0.0312489998
vt 0.15625 0.0312489998
vt 0.15625 0.0312489998
vt 0.15625 0.0312489998
vt 0.15625 0.0312489998
vt 0.15625 0.0312489998
vt 0.15625 0.0312489998
vt 0.15625 0.0312489998
vt 0.15625 0.0312489998
vt 0.15625 0.0312489998
vt 0.15625 0.0312489998
vt 0.15625 0.0312489998
vt 0.15625 0.0312489998
vt 0.09375 0.0312489998
vt 0.09375 0.0312489998
vt 0.09375 0.0312489998
vt 0.09375 0.0312489998
vt 0.09375 0.0312489998
vt 0.09375 0.0312489998
vt 0.09375 0.0312489998
vt 0.09375 0.0312489998
vt 0.09375 0.0312489998
vt 0.09375 0.0312489998
vt 0.09375 0.0312489998
vt 0.09375 0.0312489998
vt 0.09375 0.0312489998
vt 0.09375 0.0312489998
vt 0.09375 0.0312489998
vt 0.09375 0.0312489998
vt 0.03125 0.106326997
vt 0.03125 0.0309820008
vt 0.03125 0.0309820008
vt 0.03125 0.0309820008
vt 0.03125 0.106326997
vt 0.03125 0.106326997
vt 0.03125 0.0309820008
vt 0.03125 0.106326997
vt 0.03125 0.106326997
vt 0.03125 0.0309820008
vt 0.03125 0.0309820008
vt 0.03125 0.106326997
vt 0.03125 0.106326997
vt 0.03125 0.0309820008
vn 0.803804 -0.441978 0.398190
vn 0.544381 -0.538217 0.643406
vn 0.596687 -0.496436 0.630489
vn 0.856867 -0.438331 0.271378
vn 0.989259 -0.132639 0.061423
vn 0.992465 -0.101652 0.068412
vn 0.993702 -0.042641 0.103629
vn 0.993896 -0.042189 0.101938
vn 0.956188 0.148218 -0.252460
vn 0.591278 0.435306 -0.678895
vn 0.733345 0.341007 -0.588150
vn 0.987547 0.092394 -0.127335
vn 0.995954 0.082656 -0.035264
vn 0.995411 0.088996 -0.035160
vn 0.997788 0.055847 -0.036049
vn 0.997784 0.055871 -0.036119
vn -0.104003 0.104528 0.989069
vn -0.104003 0.104528 0.989069
vn -0.104003 0.104528 0.989069
vn -0.104003 0.104529 0.989069
vn -0.104003 0.104529 0.989069
vn 0.987869 -0.153177 -0.025537
vn 0.987071 -0.158538 -0.023593
vn 0.876616 -0.480852 -0.018042
vn 0.912815 -0.408337 -0.005418
vn 0.749981 -0.661367 0.011109
vn 0.655199 -0.755296 -0.015590
vn -0.906063 0.399402 -0.139741
vn -0.905216 0.400987 -0.140687
vn -0.907340 0.396995 -0.138306
vn -0.908248 0.395273 -0.137279
vn 0.146748 -0.981964 0.119209
vn 0.146749 -0.981964 0.119208
vn 0.146749 -0.981964 0.119208
vn 0.146748 -0.981964 0.119209
vn -0.168335 -0.981965 0.086075
vn -0.168335 -0.981965 0.086074
vn -0.168335 -0.981964 0.086076
vn -0.168334 -0.981965 0.086077
vn 0.916263 0.396995 0.053451
vn 0.914681 0.400987 0.050680
vn 0.915312 0.399402 0.051781
vn 0.916937 0.395273 0.054645
vn 0.255748 -0.962813 0.087090
vn 0.237867 -0.966741 0.093969
vn 0.499328 -0.859913 0.105932
vn 0.532800 -0.840711 0.096591
vn 0.726446 -0.678284 0.110489
vn 0.755649 -0.647464 0.098920
vn 0.104003 -0.104528 -0.989069
vn 0.104003 -0.104528 -0.989069
vn 0.104002 -0.104529 -0.989069
vn 0.104003 -0.104528 -0.989069
vn 0.104003 -0.104528 -0.989069
vn 0.104003 -0.104528 -0.989069
vn 0.104003 -0.104528 -0.989069
vn -0.104003 0.104529 0.989069
vn -0.104003 0.104529 0.989069
vn -0.104003 0.104528 0.989069
vn -0.104004 0.104529 0.989069
vn -0.104003 0.104529 0.989069
vn -0.104004 0.104528 0.989069
vn -0.104003 0.104528 0.989069
vn 0.104003 -0.104528 -0.989069
vn 0.104003 -0.104528 -0.989069
vn 0.104003 -0.104528 -0.989069
vn 0.104003 -0.104529 -0.989069
vn 0.104004 -0.104528 -0.989069
vn 0.104004 -0.104529 -0.989069
vn 0.104003 -0.104528 -0.989069
vn -0.104003 0.104529 0.989069
vn -0.104003 0.104528 0.989069
vn -0.104003 0.104529 0.989069
vn -0.104003 0.104529 0.989069
vn -0.104003 0.104529 0.989069
vn -0.104003 0.104529 0.989069
vn -0.104004 0.104528 0.989069
vn 0.104003 -0.104528 -0.989069
vn 0.104003 -0.104529 -0.989069
vn 0.104002 -0.104528 -0.989069
vn 0.104003 -0.104529 -0.989069
vn 0.104000 -0.104526 -0.989069
vn 0.104003 -0.104530 -0.989069
vn 0.104001 -0.104528 -0.989069
vn 0.010931 0.994522 -0.103956
vn 0.010931 0.994522 -0.103956
vn 0.010931 0.994522 -0.103956
vn 0.010931 0.994522 -0.103955
vn -0.326727 0.935679 -0.133242
vn -0.003774 0.994413 -0.105490
vn -0.003774 0.994413 -0.105490
vn -0.293371 0.944384 -0.148568
vn -0.585670 0.794022 -0.162848
vn -0.531592 0.824971 -0.191920
vn -0.593406 -0.804585 0.022633
vn -0.593406 -0.804585 0.022633
vn -0.593406 -0.804585 0.022633
vn -0.593406 -0.804585 0.022633
vn 0.104003 -0.104528 -0.989069
vn 0.104003 -0.104529 -0.989069
vn 0.104003 -0.104529 -0.989069
vn 0.104003 -0.104528 -0.989069
vn 0.575719 -0.804585 0.145571
vn 0.575719 -0.804585 0.145571
vn 0.575719 -0.804585 0.145571
vn 0.575719 -0.804585 0.145569
vn -0.168335 -0.981964 0.086077
vn -0.168334 -0.981965 0.086076
vn -0.168335 -0.981964 0.086078
vn -0.168335 -0.981964 0.086079
vn 0.104003 -0.104528 -0.989069
vn 0.104003 -0.104528 -0.989069
vn 0.104003 -0.104528 -0.989069
vn 0.104003 -0.104528 -0.989069
vn 0.104003 -0.104528 -0.989069
vn 0.007239 -0.999753 0.021036
vn 0.120813 -0.980838 0.152846
vn 0.007239 -0.999753 0.021036
vn 0.080910 -0.979782 0.182977
vn 0.449917 -0.862073 0.233250
vn 0.577557 -0.795244 0.184431
vn 0.291486 0.956546 -0.007407
vn 0.289967 0.956979 -0.010497
vn 0.041362 0.999136 -0.004133
vn 0.041267 0.999148 -0.000000
vn -0.209188 0.977732 -0.016737
vn -0.207511 0.978001 -0.021283
vn 0.104003 -0.104528 -0.989069
vn 0.104003 -0.104528 -0.989069
vn 0.104004 -0.104528 -0.989069
vn 0.104005 -0.104528 -0.989069
vn -0.721500 -0.398536 0.566222
vn -0.628772 -0.482178 0.610041
vn -0.956284 -0.122590 0.265505
vn -0.985201 -0.070183 0.156375
vn -0.996551 -0.067465 0.048309
vn -0.996969 -0.061534 0.047608
vn -0.998692 -0.034971 0.037312
vn -0.998745 -0.034661 0.036154
vn 0.104003 -0.104528 -0.989069
vn 0.104003 -0.104528 -0.989069
vn 0.104003 -0.104528 -0.989069
vn 0.104003 -0.104529 -0.989069
vn 0.104004 -0.104529 -0.989069
vn 0.104004 -0.104529 -0.989069
vn 0.104003 -0.104529 -0.989069
vn 0.104003 -0.104529 -0.989069
vn -0.154969 0.980613 -0.119931
vn -0.154969 0.980613 -0.119930
vn -0.154969 0.980613 -0.119932
vn -0.154969 0.980613 -0.119932
vn 0.949220 0.307324 0.067334
vn 0.949220 0.307324 0.067334
vn 0.949220 0.307324 0.067334
vn 0.949220 0.307324 0.067334
vn 0.104003 -0.104529 -0.989069
vn 0.104003 -0.104528 -0.989069
vn 0.104005 -0.104529 -0.989069
vn 0.104003 -0.104528 -0.989069
vn 0.104003 -0.104528 -0.989069
vn 0.104004 -0.104528 -0.989069
vn 0.104003 -0.104527 -0.989069
vn -0.942464 0.307324 -0.131582
vn -0.942464 0.307324 -0.131582
vn -0.942464 0.307324 -0.131582
vn -0.942464 0.307324 -0.131582
vn -0.104003 0.104528 0.989069
vn -0.104003 0.104528 0.989069
vn -0.104003 0.104528 0.989069
vn -0.104003 0.104528 0.989069
vn -0.104003 0.104529 0.989069
vn -0.104003 0.104529 0.989069
vn -0.104004 0.104529 0.989069
vn -0.104003 0.104528 0.989069
vn -0.104003 0.104528 0.989069
vn -0.104003 0.104529 0.989069
vn -0.104003 0.104529 0.989069
vn -0.104003 0.104528 0.989069
vn -0.598471 0.524166 -0.605873
vn -0.510692 0.588918 -0.626393
vn -0.811587 0.445807 -0.377601
vn -0.871244 0.429207 -0.238150
vn -0.985441 0.163433 -0.046863
vn -0.989455 0.136378 -0.048780
vn -0.992732 0.063134 -0.102459
vn -0.992810 0.062919 -0.101827
vn -0.154969 0.980613 -0.119930
vn -0.154969 0.980613 -0.119930
vn -0.154969 0.980613 -0.119930
vn -0.154969 0.980613 -0.119930
vn 0.146748 -0.981964 0.119212
vn 0.146748 -0.981965 0.119207
vn 0.146748 -0.981964 0.119209
vn 0.146748 -0.981964 0.119214
vn 0.176526 0.980613 -0.085074
vn 0.176525 0.980613 -0.085074
vn 0.176525 0.980613 -0.085074
vn 0.176526 0.980613 -0.085074
vn -0.104004 0.104528 0.989069
vn -0.104004 0.104529 0.989069
vn -0.104004 0.104529 0.989069
vn -0.104004 0.104528 0.989069
vn 0.176526 0.980613 -0.085074
vn 0.176526 0.980613 -0.085073
vn 0.176526 0.980613 -0.085073
vn 0.176525 0.980613 -0.085074
vn -0.000000 0.000000 1.000000
vn -0.000000 0.000000 1.000000
vn -0.000000 0.000000 1.000000
vn -0.000000 0.000000 1.000000
vn -0.000000 0.000000 1.000000
vn -0.000000 0.000000 1.000000
vn -0.000000 0.000000 1.000000
vn -0.000000 0.000000 1.000000
vn -0.000000 0.000000 1.000000
vn -0.000000 0.000000 1.000000
vn -0.000000 -0.000000 -1.000000
vn -0.000000 -0.000000 -1.000000
vn -0.000000 -0.000000 -1.000000
vn -0.000000 -0.000000 -1.000000
vn -0.000000 -0.000000 -1.000000
vn -0.000000 -0.000000 -1.000000
vn -0.000000 -0.000000 -1.000000
vn -0.000000 -0.000000 -1.000000
vn -0.000000 -0.000000 -1.000000
vn -0.000000 -0.000000 -1.000000
vn 0.224042 -0.974392 0.019107
vn 0.222989 -0.974553 0.022871
vn -0.030726 -0.999523 0.003230
vn -0.030558 -0.999533 0.000000
vn -0.285595 -0.958316 0.008122
vn -0.284846 -0.958518 0.010311
vn 0.998920 0.044310 -0.013979
vn 0.998920 0.044310 -0.013979
vn 0.998920 0.044310 -0.013979
vn 0.998920 0.044311 -0.013979
vn -0.044313 0.998935 0.012857
vn -0.044313 0.998935 0.012857
vn -0.044313 0.998935 0.012857
vn -0.044133 0.998941 0.013011
vn -0.998917 -0.044313 0.014150
vn -0.998917 -0.044313 0.014150
vn -0.998917 -0.044313 0.014150
vn -0.998918 -0.044312 0.014150
vn 0.044313 -0.998935 -0.012857
vn 0.044313 -0.998935 -0.012857
vn 0.044313 -0.998935 -0.012857
vn 0.044133 -0.998941 -0.013011
vn 0.002828 -0.014624 0.999889
vn 0.002828 -0.014624 0.999889
vn 0.002828 -0.014624 0.999889
vn 0.002829 -0.014625 0.999889
vn -0.016661 0.014012 -0.999763
vn -0.016661 0.014012 -0.999763
vn -0.016661 0.014012 -0.999763
vn -0.016662 0.014011 -0.999763
vn 0.212562 0.977050 -0.013796
vn 0.102692 0.994109 -0.034659
vn 0.382961 0.923764 -0.000208
vn 0.430002 0.902711 0.014539
vn 0.045160 0.996332 -0.072686
vn -0.000000 0.996825 -0.079628
vn -0.414847 -0.909741 0.016524
vn -0.368026 -0.924181 0.102205
vn -0.354467 -0.926181 0.128617
vn -0.402176 -0.915559 0.002410
vn -0.055427 -0.992162 0.111994
vn -0.000000 -0.991927 0.126813
vn -0.109435 0.984263 -0.138748
vn -0.257306 0.956660 -0.136366
vn -0.295826 0.950589 -0.094164
vn -0.058725 0.990756 -0.122286
vn -0.007191 0.999775 -0.019944
vn -0.007191 0.999775 -0.019944
vn 0.317857 0.944384 -0.084296
vn 0.606733 0.794022 -0.037463
vn 0.559885 0.824971 -0.077149
vn 0.347296 0.935679 -0.062366
vn 0.025634 0.994413 -0.102397
vn 0.025634 0.994413 -0.102398
vn -0.960950 -0.153176 -0.230461
vn -0.853689 -0.480852 -0.199989
vn -0.960574 -0.158539 -0.228393
vn -0.891722 -0.408338 -0.195171
vn -0.735887 -0.661367 -0.145134
vn -0.637626 -0.755295 -0.151534
vn -0.733539 -0.678283 -0.043032
vn -0.541238 -0.840711 -0.016347
vn -0.759697 -0.647464 -0.060423
vn -0.510441 -0.859913 -0.000248
vn -0.268269 -0.962813 0.031988
vn -0.252211 -0.966741 0.042436
vn -0.553668 0.831111 -0.052019
vn -0.995785 0.089477 -0.020131
vn -0.995785 0.089477 -0.020130
vn -0.695340 -0.712215 0.096187
vn -0.553668 0.831111 -0.052020
vn -0.695340 -0.712215 0.096187
vn 0.121426 -0.970274 0.209344
vn 0.121426 -0.970273 0.209345
vn 0.839473 -0.490375 0.234132
vn 0.839473 -0.490375 0.234132
vn 0.918095 0.366106 0.151884
vn 0.918095 0.366106 0.151884
vn 0.298089 0.954223 0.024534
vn 0.298089 0.954223 0.024534
vn 0.990405 -0.080102 0.112609
vn 0.546363 -0.824965 0.144637
vn 0.990405 -0.080102 0.112610
vn 0.688653 0.725079 -0.004216
vn 0.546363 -0.824965 0.144637
vn 0.688652 0.725079 -0.004216
vn -0.309101 -0.948613 0.067750
vn -0.131669 0.984262 -0.117865
vn -0.309101 -0.948613 0.067749
vn -0.131670 0.984262 -0.117864
vn -0.852842 0.502275 -0.142761
vn -0.852842 0.502274 -0.142761
vn -0.931806 -0.357936 -0.060154
vn -0.931806 -0.357936 -0.060155
vn -0.262396 0.275472 0.924805
vn -0.339055 0.082252 0.937164
vn -0.339055 0.082252 0.937164
vn -0.236428 -0.096494 0.966846
vn -0.262396 0.275472 0.924804
vn -0.236428 -0.096494 0.966846
vn -0.031793 -0.126166 0.991500
vn -0.031793 -0.126166 0.991500
vn 0.120754 0.015580 0.992560
vn 0.120753 0.015580 0.992560
vn -0.064175 0.337668 0.939075
vn -0.064175 0.337668 0.939075
vn 0.106342 0.222005 0.969229
vn 0.106342 0.222006 0.969229
vn 0.923938 -0.357936 0.134983
vn 0.288248 -0.948613 0.130563
vn 0.288248 -0.948613 0.130563
vn -0.564498 -0.824965 0.027827
vn 0.923938 -0.357935 0.134983
vn -0.564498 -0.824965 0.027826
vn 0.863883 0.502275 0.037758
vn -0.992166 -0.080102 -0.095864
vn 0.863883 0.502275 0.037758
vn -0.992166 -0.080102 -0.095864
vn 0.153307 0.984262 -0.087899
vn 0.153307 0.984261 -0.087900
vn -0.672713 0.725079 -0.147367
vn -0.672713 0.725079 -0.147368
vn 0.301935 -0.105858 -0.947433
vn 0.222180 -0.260996 -0.939424
vn 0.222180 -0.260996 -0.939424
vn 0.051832 -0.296699 -0.953563
vn 0.301935 -0.105858 -0.947433
vn 0.051833 -0.296698 -0.953564
vn -0.080830 -0.186085 -0.979203
vn -0.080830 -0.186084 -0.979203
vn 0.231041 0.051890 -0.971559
vn 0.231040 0.051890 -0.971560
vn 0.062884 0.093462 -0.993635
vn 0.062884 0.093462 -0.993635
vn -0.075914 -0.012447 -0.997037
vn -0.075914 -0.012446 -0.997037
vn 0.281642 -0.012448 -0.959439
vn 0.282741 -0.186086 -0.940973
vn 0.282741 -0.186086 -0.940973
vn 0.147647 -0.296699 -0.943488
vn 0.281641 -0.012447 -0.959439
vn 0.147647 -0.296699 -0.943488
vn 0.145173 0.093462 -0.984982
vn 0.145173 0.093462 -0.984982
vn -0.023897 0.051890 -0.998367
vn -0.023896 0.051890 -0.998367
vn -0.098256 -0.105858 -0.989515
vn -0.098256 -0.105858 -0.989515
vn -0.021914 -0.260995 -0.965091
vn -0.021914 -0.260995 -0.965091
vn 0.064293 0.275472 0.959157
vn -0.132562 0.337669 0.931883
vn -0.132562 0.337669 0.931884
vn -0.305621 0.222005 0.925910
vn 0.064293 0.275472 0.959157
vn -0.305621 0.222005 0.925910
vn -0.324570 0.015581 0.945733
vn -0.324570 0.015580 0.945733
vn -0.175140 -0.126166 0.976426
vn -0.175140 -0.126166 0.976426
vn 0.030148 -0.096494 0.994877
vn 0.030148 -0.096494 0.994877
vn 0.136704 0.082252 0.987191
vn 0.136704 0.082252 0.987191
vn 0.884232 -0.459025 -0.086192
vn 0.908042 0.381694 -0.172538
vn 0.908043 0.381693 -0.172537
vn 0.265714 0.917266 -0.296680
vn 0.884233 -0.459024 -0.086192
vn 0.265713 0.917267 -0.296678
vn 0.212213 -0.971816 -0.102664
vn -0.559064 0.744392 -0.365141
vn 0.212213 -0.971816 -0.102663
vn -0.559064 0.744392 -0.365141
vn -0.945221 -0.006748 -0.326362
vn -0.945221 -0.006750 -0.326361
vn -0.601969 -0.770534 -0.209547
vn -0.601970 -0.770534 -0.209547
vn -0.186218 -0.971816 -0.144558
vn 0.632390 -0.770534 -0.079750
vn 0.632390 -0.770534 -0.079750
vn 0.992432 -0.006750 -0.122612
vn -0.186217 -0.971816 -0.144556
vn 0.992432 -0.006748 -0.122613
vn -0.846962 -0.459026 -0.268235
vn -0.846962 -0.459025 -0.268236
vn 0.622788 0.744392 -0.240864
vn 0.622788 0.744391 -0.240865
vn -0.198192 0.917265 -0.345463
vn -0.198192 0.917265 -0.345463
vn -0.852292 0.381693 -0.357643
vn -0.852292 0.381694 -0.357643
vn -0.619362 -0.782419 0.064887
vn 0.222337 -0.959656 0.172125
vn -0.619363 -0.782419 0.064886
vn -0.998335 -0.012320 -0.056350
vn 0.222337 -0.959656 0.172125
vn -0.998335 -0.012321 -0.056350
vn 0.892946 -0.410568 0.184611
vn -0.629206 0.770740 -0.100292
vn 0.892946 -0.410567 0.184611
vn -0.629207 0.770740 -0.100292
vn 0.887483 0.451370 0.092944
vn 0.210061 0.977102 -0.033850
vn 0.887483 0.451371 0.092944
vn 0.210061 0.977102 -0.033849
vn 0.702577 0.690557 -0.171801
vn 0.992500 -0.100007 -0.070300
vn 0.992859 -0.096081 -0.070705
vn 0.565222 -0.824801 -0.015085
vn 0.689027 0.703552 -0.173947
vn 0.545323 -0.838096 -0.014727
vn -0.103913 0.963853 -0.245335
vn -0.283043 -0.957966 -0.046777
vn -0.131480 0.960200 -0.246433
vn -0.307872 -0.950167 -0.048967
vn -0.835585 0.496854 -0.234381
vn -0.843702 0.483434 -0.233364
vn -0.917895 -0.369407 -0.144938
vn -0.920849 -0.361575 -0.145946
vn -0.956169 -0.100007 -0.275208
vn -0.956436 -0.096081 -0.275679
vn -0.549721 -0.824801 -0.132324
vn -0.651475 0.690557 -0.314184
vn -0.530333 -0.838096 -0.127835
vn -0.637774 0.703551 -0.313464
vn 0.286582 -0.957966 0.013121
vn 0.152671 0.963853 -0.218355
vn 0.311323 -0.950167 0.016144
vn 0.179864 0.960200 -0.213695
vn 0.866061 0.496854 -0.055448
vn 0.873789 0.483434 -0.052765
vn 0.927966 -0.369407 0.049160
vn 0.931066 -0.361575 0.048788
vn -0.162315 -0.970273 0.179509
vn 0.660124 -0.712215 0.238716
vn 0.660124 -0.712215 0.238717
vn 0.978192 0.089477 0.187439
vn -0.162315 -0.970273 0.179509
vn 0.978192 0.089477 0.187439
vn -0.869812 -0.490376 0.054396
vn 0.552378 0.831111 0.064285
vn -0.869812 -0.490375 0.054396
vn 0.552378 0.831111 0.064285
vn -0.929606 0.366106 -0.042406
vn -0.929606 0.366106 -0.042406
vn -0.296672 0.954223 -0.038006
vn -0.296672 0.954223 -0.038006
vn -0.046700 -0.079629 0.995730
vn -0.210497 -0.055879 0.975996
vn -0.104003 0.104528 0.989069
vn 0.075405 0.033829 0.996579
vn -0.292644 0.087196 0.952238
vn 0.063869 0.199060 0.977904
vn -0.231283 0.241856 0.942345
vn -0.072619 0.291640 0.953768
vn -0.127358 0.291640 0.948012
vn 0.030211 0.241857 0.969842
vn -0.104003 0.104528 0.989069
vn -0.265882 0.199060 0.943230
vn 0.088172 0.087196 0.992281
vn -0.281049 0.033829 0.959097
vn 0.002880 -0.055879 0.998433
vn -0.161439 -0.079629 0.983665
vn 0.988220 -0.012320 0.152542
vn 0.988220 -0.012320 0.152541
vn 0.592319 -0.782419 0.192298
vn 0.636306 0.770740 0.032780
vn 0.592319 -0.782419 0.192298
vn 0.636306 0.770740 0.032780
vn -0.253277 -0.959656 0.122113
vn -0.198426 0.977102 -0.076803
vn -0.253277 -0.959656 0.122113
vn -0.198425 0.977102 -0.076803
vn -0.911815 -0.410568 -0.005165
vn -0.887404 0.451371 -0.093690
vn -0.911816 -0.410567 -0.005165
vn -0.887405 0.451370 -0.093691
f 1/1/1 2/2/2 3/3/3
f 1/1/1 3/3/3 4/4/4
f 4/4/4 5/5/5 1/1/1
f 4/4/4 6/6/6 5/5/5
f 5/5/5 6/6/6 7/7/7
f 5/5/5 7/7/7 8/8/8
f 9/9/9 10/10/10 11/11/11
f 9/9/9 11/11/11 12/12/12
f 13/13/13 9/9/9 12/12/12
f 13/13/13 14/14/14 9/9/9
f 15/15/15 14/14/14 13/13/13
f 15/15/15 16/16/16 14/14/14
f 17/17/17 18/18/18 19/19/19
f 17/17/17 19/19/19 20/20/20
f 17/17/17 20/20/20 21/21/21
f 22/22/22 23/23/23 24/24/24
f 22/22/22 24/24/24 25/25/25
f 24/24/24 26/26/26 25/25/25
f 24/24/24 27/27/27 26/26/26
f 28/28/28 29/29/29 30/30/30
f 28/28/28 30/30/30 31/31/31
f 32/32/32 33/33/33 34/34/34
f 32/32/32 34/34/34 35/35/35
f 36/36/36 37/37/37 38/38/38
f 36/36/36 38/38/38 39/39/39
f 40/40/40 41/41/41 42/42/42
f 40/40/40 42/42/42 43/43/43
f 44/44/44 45/45/45 46/46/46
f 44/44/44 46/46/46 47/47/47
f 47/47/47 46/46/46 48/48/48
f 47/47/47 48/48/48 49/49/49
f 50/50/50 51/51/51 52/52/52
f 53/53/53 51/51/51 50/50/50
f 53/53/53 50/50/50 54/54/54
f 53/53/53 55/55/55 51/51/51
f 51/51/51 55/55/55 56/56/56
f 57/57/57 58/58/58 59/59/59
f 60/60/60 58/58/58 57/57/57
f 60/60/60 57/57/57 61/61/61
f 58/58/58 60/60/60 62/62/62
f 58/58/58 62/62/62 63/63/63
f 64/64/64 65/65/65 66/66/66
f 66/66/66 67/67/67 64/64/64
f 67/67/67 68/68/68 64/64/64
f 66/66/66 69/69/69 67/67/67
f 66/66/66 70/70/70 69/69/69
f 71/71/71 72/72/72 73/73/73
f 71/71/71 73/73/73 74/74/74
f 71/71/71 74/74/74 75/75/75
f 76/76/76 74/74/74 73/73/73
f 76/76/76 73/73/73 77/77/77
f 78/78/78 79/79/79 80/80/80
f 78/78/78 81/81/81 79/79/79
f 78/78/78 82/82/82 81/81/81
f 83/83/83 79/79/79 81/81/81
f 83/83/83 84/84/84 79/79/79
f 85/85/85 86/86/86 87/87/87
f 85/85/85 87/87/87 88/88/88
f 89/89/89 90/90/90 91/91/91
f 89/89/89 91/91/91 92/92/92
f 93/93/93 89/89/89 92/92/92
f 93/93/93 92/92/92 94/94/94
f 95/95/95 96/96/96 97/97/97
f 95/95/95 97/97/97 98/98/98
f 99/99/99 100/100/100 101/101/101
f 99/99/99 101/101/101 102/102/102
f 103/103/103 104/104/104 105/105/105
f 103/103/103 105/105/105 106/106/106
f 107/107/107 108/108/108 109/109/109
f 107/107/107 109/109/109 110/110/110
f 111/111/111 112/112/112 113/113/113
f 114/114/114 113/113/113 112/112/112
f 114/114/114 115/115/115 113/113/113
f 116/116/116 117/117/117 118/118/118
f 116/116/116 119/119/119 117/117/117
f 119/119/119 120/120/120 117/117/117
f 121/121/121 117/117/117 120/120/120
f 122/122/122 123/123/123 124/124/124
f 122/122/122 124/124/124 125/125/125
f 126/126/126 125/125/125 124/124/124
f 126/126/126 124/124/124 127/127/127
f 128/128/128 129/129/129 130/130/130
f 128/128/128 130/130/130 131/131/131
f 132/132/132 133/133/133 134/134/134
f 132/132/132 134/134/134 135/135/135
f 136/136/136 135/135/135 134/134/134
f 136/136/136 137/137/137 135/135/135
f 138/138/138 137/137/137 136/136/136
f 138/138/138 136/136/136 139/139/139
f 140/140/140 141/141/141 142/142/142
f 140/140/140 142/142/142 143/143/143
f 144/144/144 145/145/145 146/146/146
f 144/144/144 146/146/146 147/147/147
f 148/148/148 149/149/149 150/150/150
f 148/148/148 150/150/150 151/151/151
f 152/152/152 153/153/153 154/154/154
f 152/152/152 154/154/154 155/155/155
f 156/156/156 157/157/157 158/158/158
f 156/156/156 159/159/159 157/157/157
f 156/156/156 160/160/160 159/159/159
f 161/161/161 159/159/159 160/160/160
f 161/161/161 160/160/160 162/162/162
f 163/163/163 164/164/164 165/165/165
f 163/163/163 165/165/165 166/166/166
f 167/167/167 168/168/168 169/169/169
f 167/167/167 169/169/169 170/170/170
f 171/171/171 172/172/172 173/173/173
f 171/171/171 173/173/173 174/174/174
f 175/175/175 176/176/176 177/177/177
f 175/175/175 177/177/177 178/178/178
f 179/179/179 180/180/180 181/181/181
f 179/179/179 181/181/181 182/182/182
f 183/183/183 182/182/182 181/181/181
f 183/183/183 184/184/184 182/182/182
f 183/183/183 185/185/185 184/184/184
f 183/183/183 186/186/186 185/185/185
f 187/187/187 188/188/188 189/189/189
f 187/187/187 189/189/189 190/190/190
f 191/191/191 192/192/192 193/193/193
f 191/191/191 193/193/193 194/194/194
f 195/195/195 196/196/196 197/197/197
f 195/195/195 197/197/197 198/198/198
f 199/199/199 200/200/200 201/201/201
f 199/199/199 201/201/201 202/202/202
f 203/203/203 204/204/204 205/205/205
f 203/203/203 205/205/205 206/206/206
f 207/207/207 208/208/208 209/209/209
f 207/207/207 210/210/210 208/208/208
f 207/207/207 211/211/211 210/210/210
f 207/207/207 212/212/212 211/211/211
f 211/211/211 212/212/212 213/213/213
f 211/211/211 213/213/213 214/214/214
f 214/214/214 213/213/213 215/215/215
f 215/215/215 213/213/213 216/216/216
f 217/217/217 218/218/218 219/219/219
f 219/219/219 218/218/218 220/220/220
f 218/218/218 221/221/221 220/220/220
f 218/218/218 222/222/222 221/221/221
f 221/221/221 222/222/222 223/223/223
f 221/221/221 223/223/223 224/224/224
f 224/224/224 223/223/223 225/225/225
f 225/225/225 223/223/223 226/226/226
f 227/227/227 228/228/228 229/229/229
f 227/227/227 229/229/229 230/230/230
f 231/231/231 230/230/230 229/229/229
f 231/231/231 229/229/229 232/232/232
f 233/233/233 234/234/234 235/235/235
f 233/233/233 235/235/235 236/236/236
f 237/237/237 238/238/238 239/239/239
f 237/237/237 239/239/239 240/240/240
f 241/241/241 242/242/242 243/243/243
f 241/241/241 243/243/243 244/244/244
f 245/245/245 246/246/246 247/247/247
f 245/245/245 247/247/247 248/248/248
f 249/249/249 250/250/250 251/251/251
f 249/249/249 251/251/251 252/252/252
f 253/253/253 254/254/254 255/255/255
f 253/253/253 255/255/255 256/256/256
f 257/257/257 258/258/258 259/259/259
f 259/259/259 260/260/260 257/257/257
f 261/261/261 260/260/260 259/259/259
f 261/261/261 259/259/259 262/262/262
f 263/263/263 264/264/264 265/265/265
f 263/263/263 266/266/266 264/264/264
f 266/266/266 263/263/263 267/267/267
f 266/266/266 267/267/267 268/268/268
f 269/269/269 270/270/270 271/271/271
f 269/269/269 272/272/272 270/270/270
f 273/273/273 272/272/272 269/269/269
f 273/273/273 274/274/274 272/272/272
f 275/275/275 276/276/276 277/277/277
f 275/275/275 278/278/278 276/276/276
f 279/279/279 278/278/278 275/275/275
f 279/279/279 275/275/275 280/280/280
f 281/281/281 282/282/282 283/283/283
f 281/281/281 284/284/284 282/282/282
f 282/282/282 284/284/284 285/285/285
f 282/282/282 285/285/285 286/286/286
f 287/287/287 288/288/288 289/289/289
f 287/287/287 290/290/290 288/288/288
f 291/291/291 288/288/288 290/290/290
f 291/291/291 290/290/290 292/292/292
f 293/293/293 294/294/294 295/295/295
f 294/294/294 296/296/296 295/295/295
f 293/293/293 297/297/297 294/294/294
f 294/294/294 298/298/298 296/296/296
f 296/296/296 298/298/298 299/299/299
f 296/296/296 299/299/299 300/300/300
f 301/301/301 300/300/300 299/299/299
f 301/301/301 302/302/302 300/300/300
f 303/303/303 302/302/302 301/301/301
f 303/303/303 304/304/304 302/302/302
f 305/305/305 297/297/297 293/293/293
f 305/305/305 304/304/304 303/303/303
f 305/305/305 293/293/293 306/306/306
f 305/305/305 306/306/306 304/304/304
f 307/307/307 308/308/308 309/309/309
f 310/310/310 307/307/307 309/309/309
f 307/307/307 311/311/311 308/308/308
f 310/310/310 312/312/312 307/307/307
f 313/313/313 308/308/308 311/311/311
f 314/314/314 312/312/312 310/310/310
f 313/313/313 311/311/311 315/315/315
f 314/314/314 316/316/316 312/312/312
f 317/317/317 316/316/316 314/314/314
f 317/317/317 318/318/318 316/316/316
f 319/319/319 313/313/313 315/315/315
f 319/319/319 318/318/318 317/317/317
f 319/319/319 315/315/315 320/320/320
f 319/319/319 320/320/320 318/318/318
f 321/321/321 322/322/322 323/323/323
f 322/322/322 324/324/324 323/323/323
f 321/321/321 325/325/325 322/322/322
f 322/322/322 326/326/326 324/324/324
f 326/326/326 327/327/327 324/324/324
f 326/326/326 328/328/328 327/327/327
f 328/328/328 329/329/329 327/327/327
f 328/328/328 330/330/330 329/329/329
f 321/321/321 331/331/331 325/325/325
f 321/321/321 332/332/332 331/331/331
f 330/330/330 333/333/333 329/329/329
f 333/333/333 331/331/331 332/332/332
f 330/330/330 334/334/334 333/333/333
f 333/333/333 334/334/334 331/331/331
f 335/335/335 336/336/336 337/337/337
f 336/336/336 338/338/338 337/337/337
f 335/335/335 339/339/339 336/336/336
f 336/336/336 340/340/340 338/338/338
f 341/341/341 339/339/339 335/335/335
f 342/342/342 338/338/338 340/340/340
f 341/341/341 335/335/335 343/343/343
f 342/342/342 344/344/344 338/338/338
f 345/345/345 341/341/341 343/343/343
f 345/345/345 343/343/343 346/346/346
f 347/347/347 344/344/344 342/342/342
f 347/347/347 345/345/345 346/346/346
f 347/347/347 348/348/348 344/344/344
f 347/347/347 346/346/346 348/348/348
f 349/349/349 350/350/350 351/351/351
f 351/351/351 350/350/350 352/352/352
f 349/349/349 351/351/351 353/353/353
f 351/351/351 352/352/352 354/354/354
f 354/354/354 352/352/352 355/355/355
f 354/354/354 355/355/355 356/356/356
f 349/349/349 353/353/353 357/357/357
f 349/349/349 357/357/357 358/358/358
f 359/359/359 358/358/358 357/357/357
f 359/359/359 357/357/357 360/360/360
f 356/356/356 355/355/355 361/361/361
f 360/360/360 361/361/361 359/359/359
f 356/356/356 361/361/361 362/362/362
f 360/360/360 362/362/362 361/361/361
f 363/363/363 364/364/364 365/365/365
f 366/366/366 365/365/365 364/364/364
f 363/363/363 365/365/365 367/367/367
f 366/366/366 368/368/368 365/365/365
f 367/367/367 369/369/369 363/363/363
f 367/367/367 370/370/370 369/369/369
f 371/371/371 369/369/369 370/370/370
f 371/371/371 370/370/370 372/372/372
f 373/373/373 371/371/371 372/372/372
f 373/373/373 372/372/372 374/374/374
f 375/375/375 368/368/368 366/366/366
f 375/375/375 373/373/373 374/374/374
f 375/375/375 376/376/376 368/368/368
f 375/375/375 374/374/374 376/376/376
f 377/377/377 378/378/378 379/379/379
f 380/380/380 379/379/379 378/378/378
f 377/377/377 379/379/379 381/381/381
f 380/380/380 382/382/382 379/379/379
f 383/383/383 382/382/382 380/380/380
f 383/383/383 384/384/384 382/382/382
f 384/384/384 383/383/383 385/385/385
f 384/384/384 385/385/385 386/386/386
f 387/387/387 386/386/386 385/385/385
f 387/387/387 388/388/388 386/386/386
f 389/389/389 377/377/377 381/381/381
f 388/388/388 387/387/387 389/389/389
f 389/389/389 381/381/381 390/390/390
f 388/388/388 389/389/389 390/390/390
f 391/391/391 392/392/392 393/393/393
f 393/393/393 392/392/392 394/394/394
f 391/391/391 393/393/393 395/395/395
f 393/393/393 394/394/394 396/396/396
f 397/397/397 391/391/391 395/395/395
f 398/398/398 396/396/396 394/394/394
f 397/397/397 399/399/399 391/391/391
f 398/398/398 394/394/394 400/400/400
f 400/400/400 401/401/401 398/398/398
f 400/400/400 402/402/402 401/401/401
f 399/399/399 397/397/397 403/403/403
f 402/402/402 403/403/403 401/401/401
f 399/399/399 403/403/403 404/404/404
f 402/402/402 404/404/404 403/403/403
f 405/405/405 406/406/406 407/407/407
f 407/407/407 406/406/406 408/408/408
f 405/405/405 407/407/407 409/409/409
f 407/407/407 408/408/408 410/410/410
f 405/405/405 409/409/409 411/411/411
f 405/405/405 411/411/411 412/412/412
f 410/410/410 408/408/408 413/413/413
f 410/410/410 413/413/413 414/414/414
f 415/415/415 414/414/414 413/413/413
f 415/415/415 413/413/413 416/416/416
f 417/417/417 412/412/412 411/411/411
f 416/416/416 417/417/417 415/415/415
f 417/417/417 418/418/418 412/412/412
f 416/416/416 418/418/418 417/417/417
f 419/419/419 420/420/420 421/421/421
f 422/422/422 419/419/419 421/421/421
f 419/419/419 423/423/423 420/420/420
f 422/422/422 424/424/424 419/419/419
f 425/425/425 420/420/420 423/423/423
f 426/426/426 424/424/424 422/422/422
f 425/425/425 423/423/423 427/427/427
f 426/426/426 422/422/422 428/428/428
f 429/429/429 425/425/425 427/427/427
f 428/428/428 430/430/430 426/426/426
f 429/429/429 427/427/427 431/431/431
f 428/428/428 432/432/432 430/430/430
f 431/431/431 432/432/432 429/429/429
f 431/431/431 430/430/430 432/432/432
f 433/433/433 434/434/434 435/435/435
f 434/434/434 436/436/436 435/435/435
f 433/433/433 437/437/437 434/434/434
f 434/434/434 438/438/438 436/436/436
f 439/439/439 437/437/437 433/433/433
f 438/438/438 440/440/440 436/436/436
f 439/439/439 441/441/441 437/437/437
f 438/438/438 442/442/442 440/440/440
f 443/443/443 441/441/441 439/439/439
f 443/443/443 444/444/444 441/441/441
f 442/442/442 445/445/445 440/440/440
f 445/445/445 444/444/444 443/443/443
f 442/442/442 446/446/446 445/445/445
f 445/445/445 446/446/446 444/444/444
f 447/447/447 448/448/448 449/449/449
f 447/447/447 450/450/450 448/448/448
f 447/447/447 449/449/449 451/451/451
f 447/447/447 452/452/452 450/450/450
f 451/451/451 449/449/449 453/453/453
f 452/452/452 454/454/454 450/450/450
f 451/451/451 453/453/453 455/455/455
f 452/452/452 456/456/456 454/454/454
f 456/456/456 457/457/457 454/454/454
f 456/456/456 458/458/458 457/457/457
f 455/455/455 453/453/453 459/459/459
f 458/458/458 459/459/459 457/457/457
f 455/455/455 459/459/459 460/460/460
f 458/458/458 460/460/460 459/459/459
f 461/461/461 462/462/462 463/463/463
f 463/463/463 462/462/462 464/464/464
f 461/461/461 463/463/463 465/465/465
f 463/463/463 464/464/464 466/466/466
f 467/467/467 461/461/461 465/465/465
f 466/466/466 464/464/464 468/468/468
f 467/467/467 465/465/465 469/469/469
f 466/466/466 468/468/468 470/470/470
f 471/471/471 467/467/467 469/469/469
f 471/471/471 469/469/469 472/472/472
f 470/470/470 468/468/468 473/473/473
f 472/472/472 473/473/473 471/471/471
f 470/470/470 473/473/473 474/474/474
f 472/472/472 474/474/474 473/473/473
f 475/475/475 476/476/476 477/477/477
f 477/477/477 478/478/478 475/475/475
f 477/477/477 476/476/476 479/479/479
f 477/477/477 480/480/480 478/478/478
f 477/477/477 479/479/479 481/481/481
f 477/477/477 482/482/482 480/480/480
f 477/477/477 481/481/481 482/482/482
f 483/483/483 484/484/484 485/485/485
f 483/483/483 485/485/485 486/486/486
f 487/487/487 485/485/485 484/484/484
f 488/488/488 486/486/486 485/485/485
f 487/487/487 489/489/489 485/485/485
f 488/488/488 485/485/485 490/490/490
f 490/490/490 485/485/485 489/489/489
f 491/491/491 492/492/492 493/493/493
f 491/491/491 494/494/494 492/492/492
f 491/491/491 493/493/493 495/495/495
f 491/491/491 496/496/496 494/494/494
f 497/497/497 495/495/495 493/493/493
f 494/494/494 496/496/496 498/498/498
f 497/497/497 499/499/499 495/495/495
f 494/494/494 498/498/498 500/500/500
f 499/499/499 497/497/497 501/501/501
f 500/500/500 498/498/498 502/502/502
f 499/499/499 501/501/501 503/503/503
f 500/500/500 502/502/502 504/504/504
f 504/504/504 503/503/503 501/501/501
f 504/504/504 502/502/502 503/503/503
