# Unturned item rip -> Godot (X+Z negated, winding reversed, RH Y-up)
v -0.193855 0.020998 -0.071456
v -0.193764 -0.023183 -0.070042
v -0.193685 -0.062152 -0.090908
v -0.193932 0.058553 -0.094772
v -0.193639 -0.085467 -0.128463
v -0.193976 0.079419 -0.133741
v -0.193638 -0.086881 -0.172645
v -0.193974 0.078005 -0.177922
v -0.193682 -0.066015 -0.211614
v -0.193928 0.054690 -0.215477
v -0.193759 -0.028460 -0.234929
v -0.193849 0.015721 -0.236343
v 0.183676 -0.061388 -0.090921
v 0.183597 -0.022419 -0.070055
v 0.183507 0.021762 -0.071469
v 0.183429 0.059317 -0.094784
v 0.183722 -0.084703 -0.128476
v 0.183385 0.080183 -0.133753
v 0.183724 -0.086117 -0.172657
v 0.183387 0.078769 -0.177934
v 0.183680 -0.065251 -0.211626
v 0.183433 0.055454 -0.215489
v 0.183602 -0.027696 -0.234941
v 0.183512 0.016485 -0.236355
v -0.187043 -0.144293 0.218301
v -0.186943 -0.188495 0.218603
v -0.186855 -0.226927 0.196762
v -0.187128 -0.106163 0.195938
v -0.186803 -0.249289 0.158633
v -0.187175 -0.084323 0.157507
v -0.186800 -0.249591 0.114430
v -0.187172 -0.084624 0.113304
v -0.186848 -0.227751 0.075998
v -0.187120 -0.106987 0.075174
v -0.186932 -0.189621 0.053636
v -0.187032 -0.145418 0.053334
v 0.188373 -0.226078 0.196780
v 0.188286 -0.187647 0.218621
v 0.188186 -0.143444 0.218319
v 0.188101 -0.105314 0.195956
v 0.188426 -0.248441 0.158651
v 0.188053 -0.083474 0.157525
v 0.188428 -0.248742 0.114448
v 0.188056 -0.083776 0.113322
v 0.188381 -0.226902 0.076016
v 0.188109 -0.106138 0.075192
v 0.188296 -0.188773 0.053654
v 0.188196 -0.144570 0.053352
v -0.185902 -0.286157 0.203513
v -0.185911 -0.327707 0.218599
v -0.185920 -0.371233 0.210889
v -0.185927 -0.405073 0.182449
v -0.185896 -0.257717 0.169674
v -0.185930 -0.420159 0.140899
v -0.185895 -0.250007 0.126147
v -0.185928 -0.412449 0.097373
v -0.185898 -0.265093 0.084598
v -0.185922 -0.384008 0.063533
v -0.185905 -0.298932 0.056157
v -0.185914 -0.342458 0.048447
v 0.192493 -0.371310 0.210889
v 0.192502 -0.327784 0.218599
v 0.192510 -0.286234 0.203513
v 0.192486 -0.405150 0.182448
v 0.192516 -0.257794 0.169673
v 0.192482 -0.420236 0.140899
v 0.192518 -0.250084 0.126147
v 0.192484 -0.412526 0.097372
v 0.192514 -0.265169 0.084597
v 0.192490 -0.384085 0.063533
v 0.192507 -0.299009 0.056157
v 0.192498 -0.342535 0.048447
v -0.175938 0.218774 0.204127
v -0.175865 0.177006 0.218597
v -0.175788 0.133598 0.210243
v -0.175729 0.100183 0.181305
v -0.175990 0.247712 0.170712
v -0.175703 0.085714 0.139537
v -0.176004 0.256066 0.127305
v -0.175718 0.094068 0.096129
v -0.175979 0.241596 0.085536
v -0.175769 0.123006 0.062714
v -0.175920 0.208181 0.056598
v -0.175843 0.164774 0.048245
v 0.193774 0.134274 0.210243
v 0.193697 0.177681 0.218597
v 0.193623 0.219450 0.204128
v 0.193833 0.100859 0.181305
v 0.193572 0.248388 0.170713
v 0.193859 0.086390 0.139537
v 0.193558 0.256741 0.127305
v 0.193844 0.094743 0.096129
v 0.193583 0.242272 0.085537
v 0.193793 0.123681 0.062714
v 0.193642 0.208857 0.056599
v 0.193719 0.165450 0.048245
v -0.190233 0.033809 0.212744
v -0.190141 -0.010003 0.218618
v -0.190056 -0.050882 0.201798
v -0.190308 0.068815 0.185752
v -0.190001 -0.077874 0.166793
v -0.190345 0.085634 0.144873
v -0.189991 -0.083747 0.122981
v -0.190335 0.079761 0.101061
v -0.190029 -0.066928 0.082102
v -0.190280 0.052768 0.066056
v -0.190103 -0.031922 0.055110
v -0.190195 0.011889 0.049236
v 0.186950 -0.050097 0.201779
v 0.186866 -0.009218 0.218599
v 0.186774 0.034593 0.212725
v 0.186699 0.069599 0.185733
v 0.187005 -0.077089 0.166774
v 0.186661 0.086418 0.144854
v 0.187015 -0.082963 0.122962
v 0.186671 0.080545 0.101042
v 0.186978 -0.066143 0.082083
v 0.186726 0.053553 0.066036
v 0.186903 -0.031138 0.055090
v 0.186811 0.012674 0.049217
v -0.185496 0.397966 0.197434
v -0.185401 0.359150 0.218584
v -0.185293 0.314960 0.217492
v -0.185200 0.277236 0.194451
v -0.185553 0.421007 0.159710
v -0.185149 0.256087 0.155635
v -0.185555 0.422099 0.115520
v -0.185151 0.257179 0.111444
v -0.185504 0.400950 0.076704
v -0.185208 0.280220 0.073720
v -0.185411 0.363226 0.053663
v -0.185303 0.319036 0.052571
v 0.194974 0.315869 0.217491
v 0.194865 0.360059 0.218583
v 0.194770 0.398875 0.197433
v 0.195066 0.278145 0.194450
v 0.194714 0.421916 0.159709
v 0.195118 0.256996 0.155634
v 0.194711 0.423008 0.115519
v 0.195115 0.258088 0.111443
v 0.194762 0.401859 0.076703
v 0.195058 0.281129 0.073719
v 0.194855 0.364135 0.053662
v 0.194963 0.319945 0.052570
v -0.192462 -0.202248 0.048832
v -0.192189 -0.242231 0.067682
v -0.191713 -0.286280 0.064015
v -0.191160 -0.322592 0.038814
v -0.192458 -0.177045 0.012517
v -0.190680 -0.341438 -0.001168
v -0.192179 -0.173375 -0.031533
v -0.190401 -0.337768 -0.045218
v -0.191698 -0.192221 -0.071515
v -0.190397 -0.312565 -0.081534
v -0.191146 -0.228534 -0.096716
v -0.190670 -0.272583 -0.100383
v 0.184314 -0.282446 0.066715
v 0.183838 -0.238397 0.070382
v 0.183565 -0.198415 0.051532
v 0.184866 -0.318759 0.041514
v 0.183569 -0.173212 0.015217
v 0.185347 -0.337605 0.001532
v 0.183848 -0.169542 -0.028833
v 0.185626 -0.333935 -0.042519
v 0.184328 -0.188388 -0.068815
v 0.185630 -0.308732 -0.078834
v 0.184881 -0.224700 -0.094016
v 0.185357 -0.268749 -0.097683
v -0.193403 0.112144 0.069165
v -0.193312 0.068068 0.072527
v -0.193232 0.028216 0.053400
v -0.193480 0.148634 0.044216
v -0.193182 0.003267 0.016910
v -0.193522 0.167760 0.004364
v -0.193178 -0.000094 -0.027166
v -0.193517 0.164398 -0.039712
v -0.193220 0.019032 -0.067017
v -0.193468 0.139449 -0.076202
v -0.193296 0.055522 -0.091967
v -0.193387 0.099598 -0.095328
v 0.185423 0.028983 0.053378
v 0.185342 0.068835 0.072504
v 0.185251 0.112910 0.069143
v 0.185175 0.149400 0.044193
v 0.185472 0.004034 0.016888
v 0.185133 0.168527 0.004342
v 0.185476 0.000672 -0.027188
v 0.185137 0.165165 -0.039734
v 0.185435 0.019799 -0.067040
v 0.185186 0.140216 -0.076224
v 0.185358 0.056289 -0.091989
v 0.185267 0.100364 -0.095350
v -0.192905 -0.065829 0.072207
v -0.192625 -0.110031 0.072517
v -0.192327 -0.148466 0.050685
v -0.193094 -0.027704 0.049836
v -0.192091 -0.170835 0.012560
v -0.193140 -0.005872 0.011400
v -0.191982 -0.171145 -0.031643
v -0.193030 -0.006182 -0.032802
v -0.192028 -0.149313 -0.070078
v -0.192795 -0.028551 -0.070927
v -0.192216 -0.111188 -0.092449
v -0.192497 -0.066986 -0.092760
v 0.181675 -0.146062 0.051603
v 0.181377 -0.107627 0.073435
v 0.181097 -0.063425 0.073124
v 0.180908 -0.025300 0.050754
v 0.181911 -0.168431 0.013478
v 0.180862 -0.003468 0.012318
v 0.182020 -0.168741 -0.030725
v 0.180972 -0.003778 -0.031884
v 0.181975 -0.146909 -0.069161
v 0.181207 -0.026147 -0.070010
v 0.181786 -0.108784 -0.091531
v 0.181505 -0.064582 -0.091842
v -0.194669 0.315351 0.053690
v -0.194587 0.275889 0.073609
v -0.194492 0.231755 0.071128
v -0.194410 0.194775 0.046912
v -0.194717 0.339567 0.016710
v -0.194363 0.174856 0.007450
v -0.194717 0.342048 -0.027425
v -0.194363 0.177337 -0.036684
v -0.194670 0.322129 -0.066886
v -0.194410 0.201553 -0.073665
v -0.194588 0.285149 -0.091102
v -0.194493 0.241015 -0.093583
v 0.188386 0.232545 0.071170
v 0.188291 0.276679 0.073651
v 0.188208 0.316141 0.053733
v 0.188468 0.195565 0.046954
v 0.188161 0.340357 0.016752
v 0.188515 0.175646 0.007493
v 0.188161 0.342838 -0.027382
v 0.188515 0.178127 -0.036641
v 0.188208 0.322919 -0.066844
v 0.188467 0.202343 -0.073622
v 0.188290 0.285939 -0.091060
v 0.188385 0.241805 -0.093541
v -0.186474 -0.116498 -0.093346
v -0.186422 -0.156491 -0.074517
v -0.186330 -0.200540 -0.078207
v -0.186224 -0.236843 -0.103428
v -0.186474 -0.091277 -0.129649
v -0.186132 -0.255672 -0.143421
v -0.186420 -0.087587 -0.173698
v -0.186078 -0.251981 -0.187470
v -0.186328 -0.106416 -0.213691
v -0.186077 -0.226761 -0.223773
v -0.186222 -0.142718 -0.238912
v -0.186130 -0.186768 -0.242602
v 0.192436 -0.199808 -0.077692
v 0.192344 -0.155759 -0.074002
v 0.192292 -0.115766 -0.092831
v 0.192542 -0.236111 -0.102913
v 0.192292 -0.090545 -0.129134
v 0.192634 -0.254940 -0.142906
v 0.192346 -0.086855 -0.173183
v 0.192688 -0.251249 -0.186955
v 0.192438 -0.105683 -0.213176
v 0.192689 -0.226029 -0.223258
v 0.192544 -0.141986 -0.238397
v 0.192636 -0.186035 -0.242087
v -0.184173 0.198950 -0.072988
v -0.184095 0.154873 -0.069643
v -0.184028 0.115029 -0.088785
v -0.184242 0.235450 -0.097922
v -0.183990 0.090094 -0.125285
v -0.184282 0.254592 -0.137767
v -0.183992 0.086750 -0.169362
v -0.184284 0.251248 -0.181844
v -0.184033 0.105892 -0.209206
v -0.184247 0.226313 -0.218343
v -0.184102 0.142392 -0.234141
v -0.184180 0.186469 -0.237486
v 0.185990 0.115701 -0.088853
v 0.185923 0.155545 -0.069710
v 0.185845 0.199622 -0.073055
v 0.185777 0.236122 -0.097990
v 0.186028 0.090766 -0.125352
v 0.185736 0.255264 -0.137834
v 0.186026 0.087422 -0.169429
v 0.185734 0.251920 -0.181911
v 0.185985 0.106564 -0.209273
v 0.185771 0.226985 -0.218410
v 0.185916 0.143064 -0.234208
v 0.185838 0.187141 -0.237553
v -0.184242 0.235450 -0.097922
v 0.185736 0.255264 -0.137834
v 0.185777 0.236122 -0.097990
v -0.184282 0.254592 -0.137767
v -0.184173 0.198950 -0.072988
v 0.185734 0.251920 -0.181911
v 0.185845 0.199622 -0.073055
v -0.184284 0.251248 -0.181844
v -0.184095 0.154873 -0.069643
v 0.185771 0.226985 -0.218410
v 0.185923 0.155545 -0.069710
v -0.184247 0.226313 -0.218343
v -0.184028 0.115029 -0.088785
v 0.185838 0.187141 -0.237553
v 0.185990 0.115701 -0.088853
v -0.184180 0.186469 -0.237486
v -0.183990 0.090094 -0.125285
v 0.185916 0.143064 -0.234208
v 0.186028 0.090766 -0.125352
v -0.184102 0.142392 -0.234141
v -0.183992 0.086750 -0.169362
v 0.185985 0.106564 -0.209273
v 0.186026 0.087422 -0.169429
v -0.184033 0.105892 -0.209206
v -0.186474 -0.091277 -0.129649
v 0.192346 -0.086855 -0.173183
v 0.192292 -0.090545 -0.129134
v -0.186420 -0.087587 -0.173698
v -0.186474 -0.116498 -0.093346
v 0.192438 -0.105683 -0.213176
v 0.192292 -0.115766 -0.092831
v -0.186328 -0.106416 -0.213691
v -0.186422 -0.156491 -0.074517
v 0.192544 -0.141986 -0.238397
v 0.192344 -0.155759 -0.074002
v -0.186222 -0.142718 -0.238912
v -0.186330 -0.200540 -0.078207
v 0.192636 -0.186035 -0.242087
v 0.192436 -0.199808 -0.077692
v -0.186130 -0.186768 -0.242602
v -0.186224 -0.236843 -0.103428
v 0.192689 -0.226029 -0.223258
v 0.192542 -0.236111 -0.102913
v -0.186077 -0.226761 -0.223773
v -0.186132 -0.255672 -0.143421
v 0.192688 -0.251249 -0.186955
v 0.192634 -0.254940 -0.142906
v -0.186078 -0.251981 -0.187470
v -0.194587 0.275889 0.073609
v 0.188208 0.316141 0.053733
v 0.188291 0.276679 0.073651
v -0.194669 0.315351 0.053690
v -0.194492 0.231755 0.071128
v 0.188161 0.340357 0.016752
v 0.188386 0.232545 0.071170
v -0.194717 0.339567 0.016710
v -0.194410 0.194775 0.046912
v 0.188161 0.342838 -0.027382
v 0.188468 0.195565 0.046954
v -0.194717 0.342048 -0.027425
v -0.194363 0.174856 0.007450
v 0.188208 0.322919 -0.066844
v 0.188515 0.175646 0.007493
v -0.194670 0.322129 -0.066886
v -0.194363 0.177337 -0.036684
v 0.188290 0.285939 -0.091060
v 0.188515 0.178127 -0.036641
v -0.194588 0.285149 -0.091102
v -0.194410 0.201553 -0.073665
v 0.188385 0.241805 -0.093541
v 0.188467 0.202343 -0.073622
v -0.194493 0.241015 -0.093583
v -0.192905 -0.065829 0.072207
v 0.180908 -0.025300 0.050754
v 0.181097 -0.063425 0.073124
v -0.193094 -0.027704 0.049836
v -0.192625 -0.110031 0.072517
v 0.180862 -0.003468 0.012318
v 0.181377 -0.107627 0.073435
v -0.193140 -0.005872 0.011400
v -0.192327 -0.148466 0.050685
v 0.180972 -0.003778 -0.031884
v 0.181675 -0.146062 0.051603
v -0.193030 -0.006182 -0.032802
v -0.192091 -0.170835 0.012560
v 0.181207 -0.026147 -0.070010
v 0.181911 -0.168431 0.013478
v -0.192795 -0.028551 -0.070927
v -0.191982 -0.171145 -0.031643
v 0.181505 -0.064582 -0.091842
v 0.182020 -0.168741 -0.030725
v -0.192497 -0.066986 -0.092760
v -0.192028 -0.149313 -0.070078
v 0.181786 -0.108784 -0.091531
v 0.181975 -0.146909 -0.069161
v -0.192216 -0.111188 -0.092449
v -0.193403 0.112144 0.069165
v 0.185175 0.149400 0.044193
v 0.185251 0.112910 0.069143
v -0.193480 0.148634 0.044216
v -0.193312 0.068068 0.072527
v 0.185133 0.168527 0.004342
v 0.185342 0.068835 0.072504
v -0.193522 0.167760 0.004364
v -0.193232 0.028216 0.053400
v 0.185137 0.165165 -0.039734
v 0.185423 0.028983 0.053378
v -0.193517 0.164398 -0.039712
v -0.193182 0.003267 0.016910
v 0.185186 0.140216 -0.076224
v 0.185472 0.004034 0.016888
v -0.193468 0.139449 -0.076202
v -0.193178 -0.000094 -0.027166
v 0.185267 0.100364 -0.095350
v 0.185476 0.000672 -0.027188
v -0.193387 0.099598 -0.095328
v -0.193220 0.019032 -0.067017
v 0.185358 0.056289 -0.091989
v 0.185435 0.019799 -0.067040
v -0.193296 0.055522 -0.091967
v -0.192189 -0.242231 0.067682
v 0.183565 -0.198415 0.051532
v 0.183838 -0.238397 0.070382
v -0.192462 -0.202248 0.048832
v -0.191713 -0.286280 0.064015
v 0.183569 -0.173212 0.015217
v 0.184314 -0.282446 0.066715
v -0.192458 -0.177045 0.012517
v -0.191160 -0.322592 0.038814
v 0.183848 -0.169542 -0.028833
v 0.184866 -0.318759 0.041514
v -0.192179 -0.173375 -0.031533
v -0.190680 -0.341438 -0.001168
v 0.184328 -0.188388 -0.068815
v 0.185347 -0.337605 0.001532
v -0.191698 -0.192221 -0.071515
v -0.190401 -0.337768 -0.045218
v 0.184881 -0.224700 -0.094016
v 0.185626 -0.333935 -0.042519
v -0.191146 -0.228534 -0.096716
v -0.190397 -0.312565 -0.081534
v 0.185357 -0.268749 -0.097683
v 0.185630 -0.308732 -0.078834
v -0.190670 -0.272583 -0.100383
v -0.185496 0.397966 0.197434
v 0.194714 0.421916 0.159709
v 0.194770 0.398875 0.197433
v -0.185553 0.421007 0.159710
v -0.185401 0.359150 0.218584
v 0.194711 0.423008 0.115519
v 0.194865 0.360059 0.218583
v -0.185555 0.422099 0.115520
v -0.185293 0.314960 0.217492
v 0.194762 0.401859 0.076703
v 0.194974 0.315869 0.217491
v -0.185504 0.400950 0.076704
v -0.185200 0.277236 0.194451
v 0.194855 0.364135 0.053662
v 0.195066 0.278145 0.194450
v -0.185411 0.363226 0.053663
v -0.185149 0.256087 0.155635
v 0.194963 0.319945 0.052570
v 0.195118 0.256996 0.155634
v -0.185303 0.319036 0.052571
v -0.185151 0.257179 0.111444
v 0.195058 0.281129 0.073719
v 0.195115 0.258088 0.111443
v -0.185208 0.280220 0.073720
v -0.190308 0.068815 0.185752
v 0.186661 0.086418 0.144854
v 0.186699 0.069599 0.185733
v -0.190345 0.085634 0.144873
v -0.190233 0.033809 0.212744
v 0.186671 0.080545 0.101042
v 0.186774 0.034593 0.212725
v -0.190335 0.079761 0.101061
v -0.190141 -0.010003 0.218618
v 0.186726 0.053553 0.066036
v 0.186866 -0.009218 0.218599
v -0.190280 0.052768 0.066056
v -0.190056 -0.050882 0.201798
v 0.186811 0.012674 0.049217
v 0.186950 -0.050097 0.201779
v -0.190195 0.011889 0.049236
v -0.190001 -0.077874 0.166793
v 0.186903 -0.031138 0.055090
v 0.187005 -0.077089 0.166774
v -0.190103 -0.031922 0.055110
v -0.189991 -0.083747 0.122981
v 0.186978 -0.066143 0.082083
v 0.187015 -0.082963 0.122962
v -0.190029 -0.066928 0.082102
v -0.175990 0.247712 0.170712
v 0.193558 0.256741 0.127305
v 0.193572 0.248388 0.170713
v -0.176004 0.256066 0.127305
v -0.175938 0.218774 0.204127
v 0.193583 0.242272 0.085537
v 0.193623 0.219450 0.204128
v -0.175979 0.241596 0.085536
v -0.175865 0.177006 0.218597
v 0.193642 0.208857 0.056599
v 0.193697 0.177681 0.218597
v -0.175920 0.208181 0.056598
v -0.175788 0.133598 0.210243
v 0.193719 0.165450 0.048245
v 0.193774 0.134274 0.210243
v -0.175843 0.164774 0.048245
v -0.175729 0.100183 0.181305
v 0.193793 0.123681 0.062714
v 0.193833 0.100859 0.181305
v -0.175769 0.123006 0.062714
v -0.175703 0.085714 0.139537
v 0.193844 0.094743 0.096129
v 0.193859 0.086390 0.139537
v -0.175718 0.094068 0.096129
v -0.185902 -0.286157 0.203513
v 0.192516 -0.257794 0.169673
v 0.192510 -0.286234 0.203513
v -0.185896 -0.257717 0.169674
v -0.185911 -0.327707 0.218599
v 0.192518 -0.250084 0.126147
v 0.192502 -0.327784 0.218599
v -0.185895 -0.250007 0.126147
v -0.185920 -0.371233 0.210889
v 0.192514 -0.265169 0.084597
v 0.192493 -0.371310 0.210889
v -0.185898 -0.265093 0.084598
v -0.185927 -0.405073 0.182449
v 0.192507 -0.299009 0.056157
v 0.192486 -0.405150 0.182448
v -0.185905 -0.298932 0.056157
v -0.185930 -0.420159 0.140899
v 0.192498 -0.342535 0.048447
v 0.192482 -0.420236 0.140899
v -0.185914 -0.342458 0.048447
v -0.185928 -0.412449 0.097373
v 0.192490 -0.384085 0.063533
v 0.192484 -0.412526 0.097372
v -0.185922 -0.384008 0.063533
v -0.187128 -0.106163 0.195938
v 0.188053 -0.083474 0.157525
v 0.188101 -0.105314 0.195956
v -0.187175 -0.084323 0.157507
v -0.187043 -0.144293 0.218301
v 0.188056 -0.083776 0.113322
v 0.188186 -0.143444 0.218319
v -0.187172 -0.084624 0.113304
v -0.186943 -0.188495 0.218603
v 0.188109 -0.106138 0.075192
v 0.188286 -0.187647 0.218621
v -0.187120 -0.106987 0.075174
v -0.186855 -0.226927 0.196762
v 0.188196 -0.144570 0.053352
v 0.188373 -0.226078 0.196780
v -0.187032 -0.145418 0.053334
v -0.186803 -0.249289 0.158633
v 0.188296 -0.188773 0.053654
v 0.188426 -0.248441 0.158651
v -0.186932 -0.189621 0.053636
v -0.186800 -0.249591 0.114430
v 0.188381 -0.226902 0.076016
v 0.188428 -0.248742 0.114448
v -0.186848 -0.227751 0.075998
v -0.193932 0.058553 -0.094772
v 0.183385 0.080183 -0.133753
v 0.183429 0.059317 -0.094784
v -0.193976 0.079419 -0.133741
v -0.193855 0.020998 -0.071456
v 0.183387 0.078769 -0.177934
v 0.183507 0.021762 -0.071469
v -0.193974 0.078005 -0.177922
v -0.193764 -0.023183 -0.070042
v 0.183433 0.055454 -0.215489
v 0.183597 -0.022419 -0.070055
v -0.193928 0.054690 -0.215477
v -0.193685 -0.062152 -0.090908
v 0.183512 0.016485 -0.236355
v 0.183676 -0.061388 -0.090921
v -0.193849 0.015721 -0.236343
v -0.193639 -0.085467 -0.128463
v 0.183602 -0.027696 -0.234941
v 0.183722 -0.084703 -0.128476
v -0.193759 -0.028460 -0.234929
v -0.193638 -0.086881 -0.172645
v 0.183680 -0.065251 -0.211626
v 0.183724 -0.086117 -0.172657
v -0.193682 -0.066015 -0.211614
vt 0.0537500009 0.953125
vt 0.0537500009 0.953125
vt 0.0537500009 0.953125
vt 0.0537500009 0.953125
vt 0.0537500009 0.953125
vt 0.0537500009 0.953125
vt 0.0537500009 0.953125
vt 0.0537500009 0.953125
vt 0.0537500009 0.953125
vt 0.0537500009 0.953125
vt 0.0537500009 0.953125
vt 0.0537500009 0.953125
vt 0.0537500009 0.953125
vt 0.0537500009 0.953125
vt 0.0537500009 0.953125
vt 0.0537500009 0.953125
vt 0.0537500009 0.953125
vt 0.0537500009 0.953125
vt 0.0537500009 0.953125
vt 0.0537500009 0.953125
vt 0.0537500009 0.953125
vt 0.0537500009 0.953125
vt 0.0537500009 0.953125
vt 0.0537500009 0.953125
vt 0.0706250072 0.953125
vt 0.0706250072 0.953125
vt 0.0706250072 0.953125
vt 0.0706250072 0.953125
vt 0.0706250072 0.953125
vt 0.0706250072 0.953125
vt 0.0706250072 0.953125
vt 0.0706250072 0.953125
vt 0.0706250072 0.953125
vt 0.0706250072 0.953125
vt 0.0706250072 0.953125
vt 0.0706250072 0.953125
vt 0.0706250072 0.953125
vt 0.0706250072 0.953125
vt 0.0706250072 0.953125
vt 0.0706250072 0.953125
vt 0.0706250072 0.953125
vt 0.0706250072 0.953125
vt 0.0706250072 0.953125
vt 0.0706250072 0.953125
vt 0.0706250072 0.953125
vt 0.0706250072 0.953125
vt 0.0706250072 0.953125
vt 0.0706250072 0.953125
vt 0.015625 0.953125
vt 0.015625 0.953125
vt 0.015625 0.953125
vt 0.015625 0.953125
vt 0.015625 0.953125
vt 0.015625 0.953125
vt 0.015625 0.953125
vt 0.015625 0.953125
vt 0.015625 0.953125
vt 0.015625 0.953125
vt 0.015625 0.953125
vt 0.015625 0.953125
vt 0.015625 0.953125
vt 0.015625 0.953125
vt 0.015625 0.953125
vt 0.015625 0.953125
vt 0.015625 0.953125
vt 0.015625 0.953125
vt 0.015625 0.953125
vt 0.015625 0.953125
vt 0.015625 0.953125
vt 0.015625 0.953125
vt 0.015625 0.953125
vt 0.015625 0.953125
vt 0.0406249985 0.953125
vt 0.0406249985 0.953125
vt 0.0406249985 0.953125
vt 0.0406249985 0.953125
vt 0.0406249985 0.953125
vt 0.0406249985 0.953125
vt 0.0406249985 0.953125
vt 0.0406249985 0.953125
vt 0.0406249985 0.953125
vt 0.0406249985 0.953125
vt 0.0406249985 0.953125
vt 0.0406249985 0.953125
vt 0.0406249985 0.953125
vt 0.0406249985 0.953125
vt 0.0406249985 0.953125
vt 0.0406249985 0.953125
vt 0.0406249985 0.953125
vt 0.0406249985 0.953125
vt 0.0406249985 0.953125
vt 0.0406249985 0.953125
vt 0.0406249985 0.953125
vt 0.0406249985 0.953125
vt 0.0406249985 0.953125
vt 0.0406249985 0.953125
vt 0.015625 0.953125
vt 0.015625 0.953125
vt 0.015625 0.953125
vt 0.015625 0.953125
vt 0.015625 0.953125
vt 0.015625 0.953125
vt 0.015625 0.953125
vt 0.015625 0.953125
vt 0.015625 0.953125
vt 0.015625 0.953125
vt 0.015625 0.953125
vt 0.015625 0.953125
vt 0.015625 0.953125
vt 0.015625 0.953125
vt 0.015625 0.953125
vt 0.015625 0.953125
vt 0.015625 0.953125
vt 0.015625 0.953125
vt 0.015625 0.953125
vt 0.015625 0.953125
vt 0.015625 0.953125
vt 0.015625 0.953125
vt 0.015625 0.953125
vt 0.015625 0.953125
vt 0.0868749991 0.953125
vt 0.0868749991 0.953125
vt 0.0868749991 0.953125
vt 0.0868749991 0.953125
vt 0.0868749991 0.953125
vt 0.0868749991 0.953125
vt 0.0868749991 0.953125
vt 0.0868749991 0.953125
vt 0.0868749991 0.953125
vt 0.0868749991 0.953125
vt 0.0868749991 0.953125
vt 0.0868749991 0.953125
vt 0.0868749991 0.953125
vt 0.0868749991 0.953125
vt 0.0868749991 0.953125
vt 0.0868749991 0.953125
vt 0.0868749991 0.953125
vt 0.0868749991 0.953125
vt 0.0868749991 0.953125
vt 0.0868749991 0.953125
vt 0.0868749991 0.953125
vt 0.0868749991 0.953125
vt 0.0868749991 0.953125
vt 0.0868749991 0.953125
vt 0.0862500072 0.953125
vt 0.0862500072 0.953125
vt 0.0862500072 0.953125
vt 0.0862500072 0.953125
vt 0.0862500072 0.953125
vt 0.0862500072 0.953125
vt 0.0862500072 0.953125
vt 0.0862500072 0.953125
vt 0.0862500072 0.953125
vt 0.0862500072 0.953125
vt 0.0862500072 0.953125
vt 0.0862500072 0.953125
vt 0.0862500072 0.953125
vt 0.0862500072 0.953125
vt 0.0862500072 0.953125
vt 0.0862500072 0.953125
vt 0.0862500072 0.953125
vt 0.0862500072 0.953125
vt 0.0862500072 0.953125
vt 0.0862500072 0.953125
vt 0.0862500072 0.953125
vt 0.0862500072 0.953125
vt 0.0862500072 0.953125
vt 0.0862500072 0.953125
vt 0.0550000034 0.953125
vt 0.0550000034 0.953125
vt 0.0550000034 0.953125
vt 0.0550000034 0.953125
vt 0.0550000034 0.953125
vt 0.0550000034 0.953125
vt 0.0550000034 0.953125
vt 0.0550000034 0.953125
vt 0.0550000034 0.953125
vt 0.0550000034 0.953125
vt 0.0550000034 0.953125
vt 0.0550000034 0.953125
vt 0.0550000034 0.953125
vt 0.0550000034 0.953125
vt 0.0550000034 0.953125
vt 0.0550000034 0.953125
vt 0.0550000034 0.953125
vt 0.0550000034 0.953125
vt 0.0550000034 0.953125
vt 0.0550000034 0.953125
vt 0.0550000034 0.953125
vt 0.0550000034 0.953125
vt 0.0550000034 0.953125
vt 0.0550000034 0.953125
vt 0.0375000015 0.953125
vt 0.0375000015 0.953125
vt 0.0375000015 0.953125
vt 0.0375000015 0.953125
vt 0.0375000015 0.953125
vt 0.0375000015 0.953125
vt 0.0375000015 0.953125
vt 0.0375000015 0.953125
vt 0.0375000015 0.953125
vt 0.0375000015 0.953125
vt 0.0375000015 0.953125
vt 0.0375000015 0.953125
vt 0.0375000015 0.953125
vt 0.0375000015 0.953125
vt 0.0375000015 0.953125
vt 0.0375000015 0.953125
vt 0.0375000015 0.953125
vt 0.0375000015 0.953125
vt 0.0375000015 0.953125
vt 0.0375000015 0.953125
vt 0.0375000015 0.953125
vt 0.0375000015 0.953125
vt 0.0375000015 0.953125
vt 0.0375000015 0.953125
vt 0.015625 0.953125
vt 0.015625 0.953125
vt 0.015625 0.953125
vt 0.015625 0.953125
vt 0.015625 0.953125
vt 0.015625 0.953125
vt 0.015625 0.953125
vt 0.015625 0.953125
vt 0.015625 0.953125
vt 0.015625 0.953125
vt 0.015625 0.953125
vt 0.015625 0.953125
vt 0.015625 0.953125
vt 0.015625 0.953125
vt 0.015625 0.953125
vt 0.015625 0.953125
vt 0.015625 0.953125
vt 0.015625 0.953125
vt 0.015625 0.953125
vt 0.015625 0.953125
vt 0.015625 0.953125
vt 0.015625 0.953125
vt 0.015625 0.953125
vt 0.015625 0.953125
vt 0.015625 0.953125
vt 0.015625 0.953125
vt 0.015625 0.953125
vt 0.015625 0.953125
vt 0.015625 0.953125
vt 0.015625 0.953125
vt 0.015625 0.953125
vt 0.015625 0.953125
vt 0.015625 0.953125
vt 0.015625 0.953125
vt 0.015625 0.953125
vt 0.015625 0.953125
vt 0.015625 0.953125
vt 0.015625 0.953125
vt 0.015625 0.953125
vt 0.015625 0.953125
vt 0.015625 0.953125
vt 0.015625 0.953125
vt 0.015625 0.953125
vt 0.015625 0.953125
vt 0.015625 0.953125
vt 0.015625 0.953125
vt 0.015625 0.953125
vt 0.015625 0.953125
vt 0.0862500072 0.953125
vt 0.0862500072 0.953125
vt 0.0862500072 0.953125
vt 0.0862500072 0.953125
vt 0.0862500072 0.953125
vt 0.0862500072 0.953125
vt 0.0862500072 0.953125
vt 0.0862500072 0.953125
vt 0.0862500072 0.953125
vt 0.0862500072 0.953125
vt 0.0862500072 0.953125
vt 0.0862500072 0.953125
vt 0.0862500072 0.953125
vt 0.0862500072 0.953125
vt 0.0862500072 0.953125
vt 0.0862500072 0.953125
vt 0.0862500072 0.953125
vt 0.0862500072 0.953125
vt 0.0862500072 0.953125
vt 0.0862500072 0.953125
vt 0.0862500072 0.953125
vt 0.0862500072 0.953125
vt 0.0862500072 0.953125
vt 0.0862500072 0.953125
vt 0.0862500072 0.984375
vt 0.0862500072 0.984375
vt 0.0862500072 0.984375
vt 0.0862500072 0.984375
vt 0.0862500072 0.984375
vt 0.0862500072 0.984375
vt 0.0862500072 0.984375
vt 0.0862500072 0.984375
vt 0.0862500072 0.984375
vt 0.0862500072 0.984375
vt 0.0862500072 0.984375
vt 0.0862500072 0.984375
vt 0.0862500072 0.984375
vt 0.0862500072 0.984375
vt 0.0862500072 0.984375
vt 0.0862500072 0.984375
vt 0.0862500072 0.984375
vt 0.0862500072 0.984375
vt 0.0862500072 0.984375
vt 0.0862500072 0.984375
vt 0.0862500072 0.984375
vt 0.0862500072 0.984375
vt 0.0862500072 0.984375
vt 0.0862500072 0.984375
vt 0.015625 0.984375
vt 0.015625 0.984375
vt 0.015625 0.984375
vt 0.015625 0.984375
vt 0.015625 0.984375
vt 0.015625 0.984375
vt 0.015625 0.984375
vt 0.015625 0.984375
vt 0.015625 0.984375
vt 0.015625 0.984375
vt 0.015625 0.984375
vt 0.015625 0.984375
vt 0.015625 0.984375
vt 0.015625 0.984375
vt 0.015625 0.984375
vt 0.015625 0.984375
vt 0.015625 0.984375
vt 0.015625 0.984375
vt 0.015625 0.984375
vt 0.015625 0.984375
vt 0.015625 0.984375
vt 0.015625 0.984375
vt 0.015625 0.984375
vt 0.015625 0.984375
vt 0.015625 0.984375
vt 0.015625 0.984375
vt 0.015625 0.984375
vt 0.015625 0.984375
vt 0.015625 0.984375
vt 0.015625 0.984375
vt 0.015625 0.984375
vt 0.015625 0.984375
vt 0.015625 0.984375
vt 0.015625 0.984375
vt 0.015625 0.984375
vt 0.015625 0.984375
vt 0.015625 0.984375
vt 0.015625 0.984375
vt 0.015625 0.984375
vt 0.015625 0.984375
vt 0.015625 0.984375
vt 0.015625 0.984375
vt 0.015625 0.984375
vt 0.015625 0.984375
vt 0.015625 0.984375
vt 0.015625 0.984375
vt 0.015625 0.984375
vt 0.015625 0.984375
vt 0.0375000015 0.984375
vt 0.0375000015 0.984375
vt 0.0375000015 0.984375
vt 0.0375000015 0.984375
vt 0.0375000015 0.984375
vt 0.0375000015 0.984375
vt 0.0375000015 0.984375
vt 0.0375000015 0.984375
vt 0.0375000015 0.984375
vt 0.0375000015 0.984375
vt 0.0375000015 0.984375
vt 0.0375000015 0.984375
vt 0.0375000015 0.984375
vt 0.0375000015 0.984375
vt 0.0375000015 0.984375
vt 0.0375000015 0.984375
vt 0.0375000015 0.984375
vt 0.0375000015 0.984375
vt 0.0375000015 0.984375
vt 0.0375000015 0.984375
vt 0.0375000015 0.984375
vt 0.0375000015 0.984375
vt 0.0375000015 0.984375
vt 0.0375000015 0.984375
vt 0.0550000034 0.984375
vt 0.0550000034 0.984375
vt 0.0550000034 0.984375
vt 0.0550000034 0.984375
vt 0.0550000034 0.984375
vt 0.0550000034 0.984375
vt 0.0550000034 0.984375
vt 0.0550000034 0.984375
vt 0.0550000034 0.984375
vt 0.0550000034 0.984375
vt 0.0550000034 0.984375
vt 0.0550000034 0.984375
vt 0.0550000034 0.984375
vt 0.0550000034 0.984375
vt 0.0550000034 0.984375
vt 0.0550000034 0.984375
vt 0.0550000034 0.984375
vt 0.0550000034 0.984375
vt 0.0550000034 0.984375
vt 0.0550000034 0.984375
vt 0.0550000034 0.984375
vt 0.0550000034 0.984375
vt 0.0550000034 0.984375
vt 0.0550000034 0.984375
vt 0.0862500072 0.984375
vt 0.0862500072 0.984375
vt 0.0862500072 0.984375
vt 0.0862500072 0.984375
vt 0.0862500072 0.984375
vt 0.0862500072 0.984375
vt 0.0862500072 0.984375
vt 0.0862500072 0.984375
vt 0.0862500072 0.984375
vt 0.0862500072 0.984375
vt 0.0862500072 0.984375
vt 0.0862500072 0.984375
vt 0.0862500072 0.984375
vt 0.0862500072 0.984375
vt 0.0862500072 0.984375
vt 0.0862500072 0.984375
vt 0.0862500072 0.984375
vt 0.0862500072 0.984375
vt 0.0862500072 0.984375
vt 0.0862500072 0.984375
vt 0.0862500072 0.984375
vt 0.0862500072 0.984375
vt 0.0862500072 0.984375
vt 0.0862500072 0.984375
vt 0.0868749991 0.984375
vt 0.0868749991 0.984375
vt 0.0868749991 0.984375
vt 0.0868749991 0.984375
vt 0.0868749991 0.984375
vt 0.0868749991 0.984375
vt 0.0868749991 0.984375
vt 0.0868749991 0.984375
vt 0.0868749991 0.984375
vt 0.0868749991 0.984375
vt 0.0868749991 0.984375
vt 0.0868749991 0.984375
vt 0.0868749991 0.984375
vt 0.0868749991 0.984375
vt 0.0868749991 0.984375
vt 0.0868749991 0.984375
vt 0.0868749991 0.984375
vt 0.0868749991 0.984375
vt 0.0868749991 0.984375
vt 0.0868749991 0.984375
vt 0.0868749991 0.984375
vt 0.0868749991 0.984375
vt 0.0868749991 0.984375
vt 0.0868749991 0.984375
vt 0.015625 0.984375
vt 0.015625 0.984375
vt 0.015625 0.984375
vt 0.015625 0.984375
vt 0.015625 0.984375
vt 0.015625 0.984375
vt 0.015625 0.984375
vt 0.015625 0.984375
vt 0.015625 0.984375
vt 0.015625 0.984375
vt 0.015625 0.984375
vt 0.015625 0.984375
vt 0.015625 0.984375
vt 0.015625 0.984375
vt 0.015625 0.984375
vt 0.015625 0.984375
vt 0.015625 0.984375
vt 0.015625 0.984375
vt 0.015625 0.984375
vt 0.015625 0.984375
vt 0.015625 0.984375
vt 0.015625 0.984375
vt 0.015625 0.984375
vt 0.015625 0.984375
vt 0.0406249985 0.984375
vt 0.0406249985 0.984375
vt 0.0406249985 0.984375
vt 0.0406249985 0.984375
vt 0.0406249985 0.984375
vt 0.0406249985 0.984375
vt 0.0406249985 0.984375
vt 0.0406249985 0.984375
vt 0.0406249985 0.984375
vt 0.0406249985 0.984375
vt 0.0406249985 0.984375
vt 0.0406249985 0.984375
vt 0.0406249985 0.984375
vt 0.0406249985 0.984375
vt 0.0406249985 0.984375
vt 0.0406249985 0.984375
vt 0.0406249985 0.984375
vt 0.0406249985 0.984375
vt 0.0406249985 0.984375
vt 0.0406249985 0.984375
vt 0.0406249985 0.984375
vt 0.0406249985 0.984375
vt 0.0406249985 0.984375
vt 0.0406249985 0.984375
vt 0.015625 0.984375
vt 0.015625 0.984375
vt 0.015625 0.984375
vt 0.015625 0.984375
vt 0.015625 0.984375
vt 0.015625 0.984375
vt 0.015625 0.984375
vt 0.015625 0.984375
vt 0.015625 0.984375
vt 0.015625 0.984375
vt 0.015625 0.984375
vt 0.015625 0.984375
vt 0.015625 0.984375
vt 0.015625 0.984375
vt 0.015625 0.984375
vt 0.015625 0.984375
vt 0.015625 0.984375
vt 0.015625 0.984375
vt 0.015625 0.984375
vt 0.015625 0.984375
vt 0.015625 0.984375
vt 0.015625 0.984375
vt 0.015625 0.984375
vt 0.015625 0.984375
vt 0.0706250072 0.984375
vt 0.0706250072 0.984375
vt 0.0706250072 0.984375
vt 0.0706250072 0.984375
vt 0.0706250072 0.984375
vt 0.0706250072 0.984375
vt 0.0706250072 0.984375
vt 0.0706250072 0.984375
vt 0.0706250072 0.984375
vt 0.0706250072 0.984375
vt 0.0706250072 0.984375
vt 0.0706250072 0.984375
vt 0.0706250072 0.984375
vt 0.0706250072 0.984375
vt 0.0706250072 0.984375
vt 0.0706250072 0.984375
vt 0.0706250072 0.984375
vt 0.0706250072 0.984375
vt 0.0706250072 0.984375
vt 0.0706250072 0.984375
vt 0.0706250072 0.984375
vt 0.0706250072 0.984375
vt 0.0706250072 0.984375
vt 0.0706250072 0.984375
vt 0.0537500009 0.984375
vt 0.0537500009 0.984375
vt 0.0537500009 0.984375
vt 0.0537500009 0.984375
vt 0.0537500009 0.984375
vt 0.0537500009 0.984375
vt 0.0537500009 0.984375
vt 0.0537500009 0.984375
vt 0.0537500009 0.984375
vt 0.0537500009 0.984375
vt 0.0537500009 0.984375
vt 0.0537500009 0.984375
vt 0.0537500009 0.984375
vt 0.0537500009 0.984375
vt 0.0537500009 0.984375
vt 0.0537500009 0.984375
vt 0.0537500009 0.984375
vt 0.0537500009 0.984375
vt 0.0537500009 0.984375
vt 0.0537500009 0.984375
vt 0.0537500009 0.984375
vt 0.0537500009 0.984375
vt 0.0537500009 0.984375
vt 0.0537500009 0.984375
vn -0.999998 -0.002042 0.000032
vn -0.999998 -0.002042 0.000032
vn -0.999998 -0.002042 0.000032
vn -0.999998 -0.002042 0.000032
vn -0.999998 -0.002042 0.000032
vn -0.999998 -0.002042 0.000032
vn -0.999998 -0.002042 0.000032
vn -0.999998 -0.002042 0.000032
vn -0.999998 -0.002042 0.000032
vn -0.999998 -0.002042 0.000032
vn -0.999998 -0.002042 0.000032
vn -0.999998 -0.002042 0.000032
vn 0.999998 0.002042 -0.000032
vn 0.999998 0.002042 -0.000032
vn 0.999998 0.002042 -0.000032
vn 0.999998 0.002042 -0.000032
vn 0.999998 0.002042 -0.000032
vn 0.999998 0.002042 -0.000032
vn 0.999998 0.002042 -0.000032
vn 0.999998 0.002042 -0.000032
vn 0.999998 0.002042 -0.000032
vn 0.999998 0.002042 -0.000032
vn 0.999998 0.002042 -0.000032
vn 0.999998 0.002042 -0.000032
vn -0.999997 -0.002256 -0.000048
vn -0.999997 -0.002256 -0.000048
vn -0.999997 -0.002256 -0.000048
vn -0.999997 -0.002256 -0.000048
vn -0.999997 -0.002256 -0.000048
vn -0.999997 -0.002256 -0.000048
vn -0.999997 -0.002256 -0.000048
vn -0.999997 -0.002256 -0.000048
vn -0.999997 -0.002256 -0.000048
vn -0.999997 -0.002256 -0.000048
vn -0.999997 -0.002256 -0.000048
vn -0.999997 -0.002256 -0.000048
vn 0.999997 0.002256 0.000048
vn 0.999997 0.002256 0.000048
vn 0.999997 0.002256 0.000048
vn 0.999997 0.002256 0.000048
vn 0.999997 0.002256 0.000048
vn 0.999997 0.002256 0.000048
vn 0.999997 0.002256 0.000048
vn 0.999997 0.002256 0.000048
vn 0.999997 0.002256 0.000048
vn 0.999997 0.002256 0.000048
vn 0.999997 0.002256 0.000048
vn 0.999997 0.002256 0.000048
vn -1.000000 0.000206 -0.000000
vn -1.000000 0.000206 -0.000000
vn -1.000000 0.000206 -0.000000
vn -1.000000 0.000206 -0.000000
vn -1.000000 0.000206 -0.000000
vn -1.000000 0.000206 -0.000000
vn -1.000000 0.000206 -0.000000
vn -1.000000 0.000206 -0.000000
vn -1.000000 0.000206 -0.000000
vn -1.000000 0.000206 -0.000000
vn -1.000000 0.000206 -0.000000
vn -1.000000 0.000206 -0.000000
vn 1.000000 -0.000206 0.000000
vn 1.000000 -0.000206 0.000000
vn 1.000000 -0.000206 0.000000
vn 1.000000 -0.000206 0.000000
vn 1.000000 -0.000206 0.000000
vn 1.000000 -0.000206 0.000000
vn 1.000000 -0.000206 0.000000
vn 1.000000 -0.000206 0.000000
vn 1.000000 -0.000206 0.000000
vn 1.000000 -0.000206 0.000000
vn 1.000000 -0.000206 0.000000
vn 1.000000 -0.000206 0.000000
vn -0.999998 -0.001769 0.000000
vn -0.999998 -0.001769 0.000000
vn -0.999998 -0.001769 0.000000
vn -0.999998 -0.001769 0.000000
vn -0.999998 -0.001769 0.000000
vn -0.999998 -0.001769 0.000000
vn -0.999998 -0.001769 0.000000
vn -0.999998 -0.001769 0.000000
vn -0.999998 -0.001769 0.000000
vn -0.999998 -0.001769 0.000000
vn -0.999998 -0.001769 0.000000
vn -0.999998 -0.001769 0.000000
vn 0.999998 0.001769 -0.000000
vn 0.999998 0.001769 -0.000000
vn 0.999998 0.001769 -0.000000
vn 0.999998 0.001769 -0.000000
vn 0.999998 0.001769 -0.000000
vn 0.999998 0.001769 -0.000000
vn 0.999998 0.001769 -0.000000
vn 0.999998 0.001769 -0.000000
vn 0.999998 0.001769 -0.000000
vn 0.999998 0.001769 -0.000000
vn 0.999998 0.001769 -0.000000
vn 0.999998 0.001769 -0.000000
vn -0.999998 -0.002095 0.000051
vn -0.999998 -0.002095 0.000051
vn -0.999998 -0.002095 0.000051
vn -0.999998 -0.002095 0.000051
vn -0.999998 -0.002095 0.000051
vn -0.999998 -0.002095 0.000051
vn -0.999998 -0.002095 0.000051
vn -0.999998 -0.002095 0.000051
vn -0.999998 -0.002095 0.000051
vn -0.999998 -0.002095 0.000051
vn -0.999998 -0.002095 0.000051
vn -0.999998 -0.002095 0.000051
vn 0.999998 0.002095 -0.000051
vn 0.999998 0.002095 -0.000051
vn 0.999998 0.002095 -0.000051
vn 0.999998 0.002095 -0.000051
vn 0.999998 0.002095 -0.000051
vn 0.999998 0.002095 -0.000051
vn 0.999998 0.002095 -0.000051
vn 0.999998 0.002095 -0.000051
vn 0.999998 0.002095 -0.000051
vn 0.999998 0.002095 -0.000051
vn 0.999998 0.002095 -0.000051
vn 0.999998 0.002095 -0.000051
vn -0.999997 -0.002450 0.000000
vn -0.999997 -0.002450 0.000000
vn -0.999997 -0.002450 0.000000
vn -0.999997 -0.002450 0.000000
vn -0.999997 -0.002450 0.000000
vn -0.999997 -0.002450 0.000000
vn -0.999997 -0.002450 0.000000
vn -0.999997 -0.002450 0.000000
vn -0.999997 -0.002450 0.000000
vn -0.999997 -0.002450 0.000000
vn -0.999997 -0.002450 0.000000
vn -0.999997 -0.002450 0.000000
vn 0.999997 0.002450 -0.000000
vn 0.999997 0.002450 -0.000000
vn 0.999997 0.002450 -0.000000
vn 0.999997 0.002450 -0.000000
vn 0.999997 0.002450 -0.000000
vn 0.999997 0.002450 -0.000000
vn 0.999997 0.002450 -0.000000
vn 0.999997 0.002450 -0.000000
vn 0.999997 0.002450 -0.000000
vn 0.999997 0.002450 -0.000000
vn 0.999997 0.002450 -0.000000
vn 0.999997 0.002450 -0.000000
vn -0.999922 -0.010214 -0.007194
vn -0.999922 -0.010214 -0.007194
vn -0.999922 -0.010214 -0.007194
vn -0.999922 -0.010214 -0.007194
vn -0.999922 -0.010214 -0.007194
vn -0.999922 -0.010214 -0.007194
vn -0.999922 -0.010214 -0.007194
vn -0.999922 -0.010214 -0.007194
vn -0.999922 -0.010214 -0.007194
vn -0.999922 -0.010214 -0.007194
vn -0.999922 -0.010214 -0.007194
vn -0.999922 -0.010214 -0.007194
vn 0.999922 0.010214 0.007194
vn 0.999922 0.010214 0.007194
vn 0.999922 0.010214 0.007194
vn 0.999922 0.010214 0.007194
vn 0.999922 0.010214 0.007194
vn 0.999922 0.010214 0.007194
vn 0.999922 0.010214 0.007194
vn 0.999922 0.010214 0.007194
vn 0.999922 0.010214 0.007194
vn 0.999922 0.010214 0.007194
vn 0.999922 0.010214 0.007194
vn 0.999922 0.010214 0.007194
vn -0.999998 -0.002057 0.000059
vn -0.999998 -0.002057 0.000059
vn -0.999998 -0.002057 0.000059
vn -0.999998 -0.002057 0.000059
vn -0.999998 -0.002057 0.000059
vn -0.999998 -0.002057 0.000059
vn -0.999998 -0.002057 0.000059
vn -0.999998 -0.002057 0.000059
vn -0.999998 -0.002057 0.000059
vn -0.999998 -0.002057 0.000059
vn -0.999998 -0.002057 0.000059
vn -0.999998 -0.002057 0.000059
vn 0.999998 0.002057 -0.000060
vn 0.999998 0.002057 -0.000060
vn 0.999998 0.002057 -0.000060
vn 0.999998 0.002057 -0.000060
vn 0.999998 0.002057 -0.000060
vn 0.999998 0.002057 -0.000060
vn 0.999998 0.002057 -0.000060
vn 0.999998 0.002057 -0.000060
vn 0.999998 0.002057 -0.000060
vn 0.999998 0.002057 -0.000060
vn 0.999998 0.002057 -0.000060
vn 0.999998 0.002057 -0.000060
vn -0.999977 -0.006371 -0.002432
vn -0.999977 -0.006371 -0.002432
vn -0.999977 -0.006371 -0.002432
vn -0.999977 -0.006371 -0.002432
vn -0.999977 -0.006371 -0.002432
vn -0.999977 -0.006371 -0.002432
vn -0.999977 -0.006371 -0.002432
vn -0.999977 -0.006371 -0.002432
vn -0.999977 -0.006371 -0.002432
vn -0.999977 -0.006371 -0.002432
vn -0.999977 -0.006371 -0.002432
vn -0.999977 -0.006371 -0.002432
vn 0.999977 0.006371 0.002432
vn 0.999977 0.006371 0.002432
vn 0.999977 0.006371 0.002432
vn 0.999977 0.006371 0.002432
vn 0.999977 0.006371 0.002432
vn 0.999977 0.006371 0.002432
vn 0.999977 0.006371 0.002432
vn 0.999977 0.006371 0.002432
vn 0.999977 0.006371 0.002432
vn 0.999977 0.006371 0.002432
vn 0.999977 0.006371 0.002432
vn 0.999977 0.006371 0.002432
vn -0.999998 -0.002143 -0.000115
vn -0.999998 -0.002143 -0.000115
vn -0.999998 -0.002143 -0.000115
vn -0.999998 -0.002143 -0.000115
vn -0.999998 -0.002143 -0.000115
vn -0.999998 -0.002143 -0.000115
vn -0.999998 -0.002143 -0.000115
vn -0.999998 -0.002143 -0.000115
vn -0.999998 -0.002143 -0.000115
vn -0.999998 -0.002143 -0.000115
vn -0.999998 -0.002143 -0.000115
vn -0.999998 -0.002143 -0.000115
vn 0.999998 0.002143 0.000115
vn 0.999998 0.002143 0.000115
vn 0.999998 0.002143 0.000115
vn 0.999998 0.002143 0.000115
vn 0.999998 0.002143 0.000115
vn 0.999998 0.002143 0.000115
vn 0.999998 0.002143 0.000115
vn 0.999998 0.002143 0.000115
vn 0.999998 0.002143 0.000115
vn 0.999998 0.002143 0.000115
vn 0.999998 0.002143 0.000115
vn 0.999998 0.002143 0.000115
vn -0.999997 -0.001965 -0.001382
vn -0.999997 -0.001965 -0.001382
vn -0.999997 -0.001965 -0.001382
vn -0.999997 -0.001965 -0.001382
vn -0.999997 -0.001965 -0.001382
vn -0.999997 -0.001965 -0.001382
vn -0.999997 -0.001965 -0.001382
vn -0.999997 -0.001965 -0.001382
vn -0.999997 -0.001965 -0.001382
vn -0.999997 -0.001965 -0.001382
vn -0.999997 -0.001965 -0.001382
vn -0.999997 -0.001965 -0.001382
vn 0.999997 0.001965 0.001382
vn 0.999997 0.001965 0.001382
vn 0.999997 0.001965 0.001382
vn 0.999997 0.001965 0.001382
vn 0.999997 0.001965 0.001382
vn 0.999997 0.001965 0.001382
vn 0.999997 0.001965 0.001382
vn 0.999997 0.001965 0.001382
vn 0.999997 0.001965 0.001382
vn 0.999997 0.001965 0.001382
vn 0.999997 0.001965 0.001382
vn 0.999997 0.001965 0.001382
vn -0.999998 -0.001762 0.000176
vn -0.999998 -0.001762 0.000176
vn -0.999998 -0.001762 0.000176
vn -0.999998 -0.001762 0.000176
vn -0.999998 -0.001762 0.000176
vn -0.999998 -0.001762 0.000176
vn -0.999998 -0.001762 0.000176
vn -0.999998 -0.001762 0.000176
vn -0.999998 -0.001762 0.000176
vn -0.999998 -0.001762 0.000176
vn -0.999998 -0.001762 0.000176
vn -0.999998 -0.001762 0.000176
vn 0.999998 0.001762 -0.000176
vn 0.999998 0.001762 -0.000176
vn 0.999998 0.001762 -0.000176
vn 0.999998 0.001762 -0.000176
vn 0.999998 0.001762 -0.000176
vn 0.999998 0.001762 -0.000176
vn 0.999998 0.001762 -0.000176
vn 0.999998 0.001762 -0.000176
vn 0.999998 0.001762 -0.000176
vn 0.999998 0.001762 -0.000176
vn 0.999998 0.001762 -0.000176
vn 0.999998 0.001762 -0.000176
vn -0.001259 0.758573 0.651587
vn -0.001751 0.982738 0.184995
vn -0.001259 0.758581 0.651577
vn -0.001751 0.982737 0.185000
vn -0.000430 0.331149 0.943579
vn -0.001774 0.943575 -0.331155
vn -0.000430 0.331165 0.943573
vn -0.001774 0.943573 -0.331159
vn 0.000514 -0.185005 0.982737
vn -0.001321 0.651585 -0.758574
vn 0.000514 -0.184988 0.982741
vn -0.001321 0.651576 -0.758582
vn 0.001321 -0.651585 0.758574
vn -0.000514 0.185005 -0.982738
vn 0.001321 -0.651576 0.758583
vn -0.000514 0.184988 -0.982741
vn 0.001773 -0.943575 0.331155
vn 0.000430 -0.331149 -0.943578
vn 0.001773 -0.943573 0.331159
vn 0.000430 -0.331165 -0.943573
vn 0.001751 -0.982738 -0.184995
vn 0.001259 -0.758573 -0.651587
vn 0.001751 -0.982737 -0.185000
vn 0.001259 -0.758581 -0.651577
vn -0.002279 0.940944 0.338554
vn -0.001661 0.984159 -0.177283
vn -0.002279 0.940945 0.338551
vn -0.001661 0.984160 -0.177274
vn -0.002286 0.645606 0.763667
vn -0.000598 0.763665 -0.645612
vn -0.002286 0.645603 0.763669
vn -0.000598 0.763673 -0.645603
vn -0.001681 0.177280 0.984159
vn 0.000625 0.338549 -0.940949
vn -0.001681 0.177271 0.984161
vn 0.000625 0.338561 -0.940944
vn -0.000625 -0.338549 0.940949
vn 0.001681 -0.177280 -0.984159
vn -0.000625 -0.338561 0.940944
vn 0.001681 -0.177271 -0.984161
vn 0.000598 -0.763665 0.645612
vn 0.002286 -0.645606 -0.763667
vn 0.000598 -0.763673 0.645603
vn 0.002286 -0.645603 -0.763669
vn 0.001661 -0.984159 0.177283
vn 0.002279 -0.940944 -0.338554
vn 0.001661 -0.984160 0.177274
vn 0.002279 -0.940945 -0.338551
vn -0.000530 0.204208 0.978927
vn -0.001457 0.666296 0.745686
vn -0.000530 0.204183 0.978933
vn -0.001457 0.666310 0.745674
vn 0.000540 -0.312613 0.949880
vn -0.001994 0.949873 0.312629
vn 0.000540 -0.312637 0.949872
vn -0.001994 0.949875 0.312622
vn 0.001465 -0.745672 0.666312
vn -0.001997 0.978927 -0.204200
vn 0.001465 -0.745685 0.666298
vn -0.001997 0.978929 -0.204193
vn 0.001997 -0.978927 0.204200
vn -0.001465 0.745672 -0.666311
vn 0.001997 -0.978929 0.204193
vn -0.001465 0.745684 -0.666298
vn 0.001994 -0.949873 -0.312629
vn -0.000540 0.312613 -0.949880
vn 0.001994 -0.949875 -0.312622
vn -0.000540 0.312637 -0.949872
vn 0.001457 -0.666296 -0.745686
vn 0.000530 -0.204208 -0.978927
vn 0.001457 -0.666310 -0.745674
vn 0.000530 -0.204183 -0.978933
vn -0.004073 0.265573 0.964082
vn -0.006300 0.712037 0.702114
vn -0.004073 0.265589 0.964078
vn -0.006300 0.712031 0.702120
vn -0.000754 -0.252043 0.967716
vn -0.006839 0.967697 0.252024
vn -0.000754 -0.252024 0.967721
vn -0.006839 0.967697 0.252022
vn 0.002766 -0.702122 0.712051
vn -0.005546 0.964069 -0.265595
vn 0.002766 -0.702109 0.712064
vn -0.005545 0.964065 -0.265607
vn 0.005546 -0.964069 0.265595
vn -0.002766 0.702122 -0.712051
vn 0.005545 -0.964065 0.265607
vn -0.002766 0.702109 -0.712064
vn 0.006839 -0.967697 -0.252024
vn 0.000754 0.252043 -0.967716
vn 0.006839 -0.967697 -0.252022
vn 0.000754 0.252024 -0.967721
vn 0.006300 -0.712036 -0.702114
vn 0.004073 -0.265573 -0.964082
vn 0.006300 -0.712031 -0.702120
vn 0.004073 -0.265589 -0.964078
vn -0.000616 0.331532 0.943444
vn -0.001498 0.758831 0.651286
vn -0.000616 0.331522 0.943447
vn -0.001498 0.758835 0.651281
vn 0.000431 -0.184605 0.982813
vn -0.001979 0.982809 0.184612
vn 0.000431 -0.184615 0.982811
vn -0.001979 0.982810 0.184610
vn 0.001363 -0.651279 0.758837
vn -0.001930 0.943443 -0.331530
vn 0.001363 -0.651285 0.758832
vn -0.001930 0.943444 -0.331526
vn 0.001930 -0.943443 0.331530
vn -0.001363 0.651279 -0.758837
vn 0.001930 -0.943444 0.331526
vn -0.001363 0.651285 -0.758832
vn 0.001979 -0.982809 -0.184612
vn -0.000431 0.184605 -0.982813
vn 0.001979 -0.982810 -0.184610
vn -0.000431 0.184616 -0.982811
vn 0.001498 -0.758831 -0.651286
vn 0.000616 -0.331532 -0.943444
vn 0.001498 -0.758835 -0.651281
vn 0.000616 -0.331522 -0.943447
vn -0.008877 0.177717 0.984042
vn -0.012066 0.645919 0.763310
vn -0.008877 0.177712 0.984043
vn -0.012066 0.645921 0.763309
vn -0.003310 -0.338105 0.941102
vn -0.012021 0.941052 0.338048
vn -0.003310 -0.338113 0.941100
vn -0.012021 0.941051 0.338050
vn 0.003144 -0.763334 0.645996
vn -0.008755 0.984029 -0.177794
vn 0.003144 -0.763339 0.645990
vn -0.008755 0.984030 -0.177789
vn 0.008755 -0.984029 0.177794
vn -0.003143 0.763334 -0.645996
vn 0.008755 -0.984030 0.177788
vn -0.003144 0.763339 -0.645990
vn 0.012021 -0.941052 -0.338048
vn 0.003310 0.338105 -0.941102
vn 0.012021 -0.941051 -0.338050
vn 0.003310 0.338113 -0.941100
vn 0.012066 -0.645919 -0.763310
vn 0.008877 -0.177717 -0.984042
vn 0.012066 -0.645921 -0.763309
vn 0.008877 -0.177712 -0.984043
vn -0.001647 0.689425 0.724355
vn -0.002293 0.959233 0.282606
vn -0.001647 0.689415 0.724365
vn -0.002293 0.959235 0.282601
vn -0.000559 0.234885 0.972023
vn -0.002325 0.972022 -0.234879
vn -0.000559 0.234867 0.972027
vn -0.002325 0.972023 -0.234874
vn 0.000678 -0.282594 0.959240
vn -0.001734 0.724354 -0.689426
vn 0.000678 -0.282611 0.959234
vn -0.001734 0.724363 -0.689417
vn 0.001734 -0.724353 0.689427
vn -0.000678 0.282594 -0.959240
vn 0.001734 -0.724363 0.689417
vn -0.000678 0.282611 -0.959234
vn 0.002325 -0.972022 0.234879
vn 0.000559 -0.234885 -0.972023
vn 0.002325 -0.972023 0.234874
vn 0.000559 -0.234867 -0.972027
vn 0.002293 -0.959233 -0.282606
vn 0.001646 -0.689425 -0.724356
vn 0.002293 -0.959235 -0.282601
vn 0.001646 -0.689414 -0.724365
vn -0.001623 0.794790 0.606883
vn -0.002057 0.991749 0.128182
vn -0.001623 0.794788 0.606885
vn -0.002057 0.991749 0.128181
vn -0.000753 0.384869 0.922971
vn -0.001940 0.922970 -0.384868
vn -0.000753 0.384865 0.922973
vn -0.001940 0.922970 -0.384866
vn 0.000317 -0.128178 0.991751
vn -0.001303 0.606880 -0.794792
vn 0.000318 -0.128183 0.991750
vn -0.001303 0.606884 -0.794790
vn 0.001303 -0.606881 0.794792
vn -0.000317 0.128178 -0.991751
vn 0.001303 -0.606884 0.794790
vn -0.000318 0.128183 -0.991750
vn 0.001940 -0.922970 0.384868
vn 0.000753 -0.384869 -0.922971
vn 0.001940 -0.922970 0.384866
vn 0.000753 -0.384864 -0.922973
vn 0.002057 -0.991749 -0.128182
vn 0.001623 -0.794790 -0.606883
vn 0.002057 -0.991749 -0.128181
vn 0.001623 -0.794788 -0.606885
vn -0.001645 0.899607 0.436698
vn -0.001823 0.997431 -0.071616
vn -0.001645 0.899610 0.436690
vn -0.001823 0.997430 -0.071618
vn -0.001026 0.560730 0.827998
vn -0.001513 0.827995 -0.560734
vn -0.001026 0.560744 0.827989
vn -0.001513 0.827989 -0.560743
vn -0.000132 0.071608 0.997433
vn -0.000798 0.436701 -0.899606
vn -0.000132 0.071627 0.997431
vn -0.000798 0.436685 -0.899614
vn 0.000798 -0.436701 0.899606
vn 0.000132 -0.071607 -0.997433
vn 0.000797 -0.436685 0.899614
vn 0.000132 -0.071627 -0.997431
vn 0.001513 -0.827995 0.560734
vn 0.001026 -0.560731 -0.827998
vn 0.001513 -0.827989 0.560743
vn 0.001026 -0.560744 -0.827989
vn 0.001823 -0.997431 0.071616
vn 0.001645 -0.899607 -0.436698
vn 0.001823 -0.997430 0.071618
vn 0.001645 -0.899610 -0.436690
vn 0.000117 0.572930 0.819604
vn 0.000184 0.905975 0.423332
vn 0.000117 0.572931 0.819604
vn 0.000184 0.905974 0.423333
vn 0.000018 0.086370 0.996263
vn 0.000202 0.996263 -0.086371
vn 0.000018 0.086371 0.996263
vn 0.000202 0.996263 -0.086371
vn -0.000086 -0.423333 0.905974
vn 0.000166 0.819604 -0.572930
vn -0.000086 -0.423332 0.905975
vn 0.000166 0.819604 -0.572931
vn -0.000166 -0.819604 0.572930
vn 0.000086 0.423333 -0.905974
vn -0.000166 -0.819604 0.572931
vn 0.000086 0.423332 -0.905975
vn -0.000202 -0.996263 0.086371
vn -0.000018 -0.086370 -0.996263
vn -0.000202 -0.996263 0.086371
vn -0.000018 -0.086371 -0.996263
vn -0.000184 -0.905975 -0.423332
vn -0.000117 -0.572930 -0.819604
vn -0.000184 -0.905974 -0.423333
vn -0.000117 -0.572931 -0.819604
vn -0.001644 0.711913 0.702266
vn -0.002200 0.967667 0.252222
vn -0.001644 0.711914 0.702265
vn -0.002200 0.967667 0.252222
vn -0.000646 0.265402 0.964138
vn -0.002167 0.964135 -0.265404
vn -0.000646 0.265404 0.964137
vn -0.002167 0.964135 -0.265404
vn 0.000524 -0.252222 0.967669
vn -0.001554 0.702264 -0.711915
vn 0.000524 -0.252221 0.967670
vn -0.001554 0.702263 -0.711916
vn 0.001554 -0.702264 0.711915
vn -0.000524 0.252222 -0.967669
vn 0.001554 -0.702263 0.711916
vn -0.000524 0.252220 -0.967670
vn 0.002168 -0.964135 0.265404
vn 0.000646 -0.265402 -0.964138
vn 0.002168 -0.964135 0.265404
vn 0.000646 -0.265404 -0.964137
vn 0.002200 -0.967667 -0.252222
vn 0.001644 -0.711913 -0.702266
vn 0.002200 -0.967667 -0.252222
vn 0.001644 -0.711914 -0.702265
vn -0.001454 0.729364 0.684124
vn -0.001963 0.973709 0.227788
vn -0.001454 0.729361 0.684127
vn -0.001963 0.973709 0.227787
vn -0.000555 0.289588 0.957151
vn -0.001946 0.957150 -0.289586
vn -0.000555 0.289582 0.957153
vn -0.001946 0.957150 -0.289585
vn 0.000492 -0.227784 0.973712
vn -0.001408 0.684122 -0.729366
vn 0.000492 -0.227790 0.973710
vn -0.001408 0.684125 -0.729363
vn 0.001408 -0.684122 0.729366
vn -0.000492 0.227784 -0.973712
vn 0.001408 -0.684125 0.729363
vn -0.000492 0.227790 -0.973710
vn 0.001946 -0.957150 0.289586
vn 0.000555 -0.289588 -0.957151
vn 0.001946 -0.957150 0.289585
vn 0.000555 -0.289582 -0.957153
vn 0.001963 -0.973709 -0.227788
vn 0.001454 -0.729364 -0.684124
vn 0.001963 -0.973709 -0.227787
vn 0.001454 -0.729361 -0.684127
f 1/1/1 2/2/2 3/3/3
f 3/3/3 4/4/4 1/1/1
f 3/3/3 5/5/5 4/4/4
f 5/5/5 6/6/6 4/4/4
f 5/5/5 7/7/7 6/6/6
f 7/7/7 8/8/8 6/6/6
f 7/7/7 9/9/9 8/8/8
f 9/9/9 10/10/10 8/8/8
f 9/9/9 11/11/11 10/10/10
f 11/11/11 12/12/12 10/10/10
f 13/13/13 14/14/14 15/15/15
f 15/15/15 16/16/16 13/13/13
f 16/16/16 17/17/17 13/13/13
f 16/16/16 18/18/18 17/17/17
f 18/18/18 19/19/19 17/17/17
f 18/18/18 20/20/20 19/19/19
f 20/20/20 21/21/21 19/19/19
f 20/20/20 22/22/22 21/21/21
f 22/22/22 23/23/23 21/21/21
f 22/22/22 24/24/24 23/23/23
f 25/25/25 26/26/26 27/27/27
f 27/27/27 28/28/28 25/25/25
f 27/27/27 29/29/29 28/28/28
f 29/29/29 30/30/30 28/28/28
f 29/29/29 31/31/31 30/30/30
f 31/31/31 32/32/32 30/30/30
f 31/31/31 33/33/33 32/32/32
f 33/33/33 34/34/34 32/32/32
f 33/33/33 35/35/35 34/34/34
f 35/35/35 36/36/36 34/34/34
f 37/37/37 38/38/38 39/39/39
f 39/39/39 40/40/40 37/37/37
f 40/40/40 41/41/41 37/37/37
f 40/40/40 42/42/42 41/41/41
f 42/42/42 43/43/43 41/41/41
f 42/42/42 44/44/44 43/43/43
f 44/44/44 45/45/45 43/43/43
f 44/44/44 46/46/46 45/45/45
f 46/46/46 47/47/47 45/45/45
f 46/46/46 48/48/48 47/47/47
f 49/49/49 50/50/50 51/51/51
f 51/51/51 52/52/52 49/49/49
f 52/52/52 53/53/53 49/49/49
f 52/52/52 54/54/54 53/53/53
f 54/54/54 55/55/55 53/53/53
f 54/54/54 56/56/56 55/55/55
f 56/56/56 57/57/57 55/55/55
f 56/56/56 58/58/58 57/57/57
f 58/58/58 59/59/59 57/57/57
f 58/58/58 60/60/60 59/59/59
f 61/61/61 62/62/62 63/63/63
f 63/63/63 64/64/64 61/61/61
f 63/63/63 65/65/65 64/64/64
f 65/65/65 66/66/66 64/64/64
f 65/65/65 67/67/67 66/66/66
f 67/67/67 68/68/68 66/66/66
f 67/67/67 69/69/69 68/68/68
f 69/69/69 70/70/70 68/68/68
f 69/69/69 71/71/71 70/70/70
f 71/71/71 72/72/72 70/70/70
f 73/73/73 74/74/74 75/75/75
f 75/75/75 76/76/76 73/73/73
f 76/76/76 77/77/77 73/73/73
f 76/76/76 78/78/78 77/77/77
f 78/78/78 79/79/79 77/77/77
f 78/78/78 80/80/80 79/79/79
f 80/80/80 81/81/81 79/79/79
f 80/80/80 82/82/82 81/81/81
f 82/82/82 83/83/83 81/81/81
f 82/82/82 84/84/84 83/83/83
f 85/85/85 86/86/86 87/87/87
f 87/87/87 88/88/88 85/85/85
f 87/87/87 89/89/89 88/88/88
f 89/89/89 90/90/90 88/88/88
f 89/89/89 91/91/91 90/90/90
f 91/91/91 92/92/92 90/90/90
f 91/91/91 93/93/93 92/92/92
f 93/93/93 94/94/94 92/92/92
f 93/93/93 95/95/95 94/94/94
f 95/95/95 96/96/96 94/94/94
f 97/97/97 98/98/98 99/99/99
f 99/99/99 100/100/100 97/97/97
f 99/99/99 101/101/101 100/100/100
f 101/101/101 102/102/102 100/100/100
f 101/101/101 103/103/103 102/102/102
f 103/103/103 104/104/104 102/102/102
f 103/103/103 105/105/105 104/104/104
f 105/105/105 106/106/106 104/104/104
f 105/105/105 107/107/107 106/106/106
f 107/107/107 108/108/108 106/106/106
f 109/109/109 110/110/110 111/111/111
f 111/111/111 112/112/112 109/109/109
f 112/112/112 113/113/113 109/109/109
f 112/112/112 114/114/114 113/113/113
f 114/114/114 115/115/115 113/113/113
f 114/114/114 116/116/116 115/115/115
f 116/116/116 117/117/117 115/115/115
f 116/116/116 118/118/118 117/117/117
f 118/118/118 119/119/119 117/117/117
f 118/118/118 120/120/120 119/119/119
f 121/121/121 122/122/122 123/123/123
f 123/123/123 124/124/124 121/121/121
f 124/124/124 125/125/125 121/121/121
f 124/124/124 126/126/126 125/125/125
f 126/126/126 127/127/127 125/125/125
f 126/126/126 128/128/128 127/127/127
f 128/128/128 129/129/129 127/127/127
f 128/128/128 130/130/130 129/129/129
f 130/130/130 131/131/131 129/129/129
f 130/130/130 132/132/132 131/131/131
f 133/133/133 134/134/134 135/135/135
f 135/135/135 136/136/136 133/133/133
f 135/135/135 137/137/137 136/136/136
f 137/137/137 138/138/138 136/136/136
f 137/137/137 139/139/139 138/138/138
f 139/139/139 140/140/140 138/138/138
f 139/139/139 141/141/141 140/140/140
f 141/141/141 142/142/142 140/140/140
f 141/141/141 143/143/143 142/142/142
f 143/143/143 144/144/144 142/142/142
f 145/145/145 146/146/146 147/147/147
f 147/147/147 148/148/148 145/145/145
f 148/148/148 149/149/149 145/145/145
f 148/148/148 150/150/150 149/149/149
f 150/150/150 151/151/151 149/149/149
f 150/150/150 152/152/152 151/151/151
f 152/152/152 153/153/153 151/151/151
f 152/152/152 154/154/154 153/153/153
f 154/154/154 155/155/155 153/153/153
f 154/154/154 156/156/156 155/155/155
f 157/157/157 158/158/158 159/159/159
f 159/159/159 160/160/160 157/157/157
f 159/159/159 161/161/161 160/160/160
f 161/161/161 162/162/162 160/160/160
f 161/161/161 163/163/163 162/162/162
f 163/163/163 164/164/164 162/162/162
f 163/163/163 165/165/165 164/164/164
f 165/165/165 166/166/166 164/164/164
f 165/165/165 167/167/167 166/166/166
f 167/167/167 168/168/168 166/166/166
f 169/169/169 170/170/170 171/171/171
f 171/171/171 172/172/172 169/169/169
f 171/171/171 173/173/173 172/172/172
f 173/173/173 174/174/174 172/172/172
f 173/173/173 175/175/175 174/174/174
f 175/175/175 176/176/176 174/174/174
f 175/175/175 177/177/177 176/176/176
f 177/177/177 178/178/178 176/176/176
f 177/177/177 179/179/179 178/178/178
f 179/179/179 180/180/180 178/178/178
f 181/181/181 182/182/182 183/183/183
f 183/183/183 184/184/184 181/181/181
f 184/184/184 185/185/185 181/181/181
f 184/184/184 186/186/186 185/185/185
f 186/186/186 187/187/187 185/185/185
f 186/186/186 188/188/188 187/187/187
f 188/188/188 189/189/189 187/187/187
f 188/188/188 190/190/190 189/189/189
f 190/190/190 191/191/191 189/189/189
f 190/190/190 192/192/192 191/191/191
f 193/193/193 194/194/194 195/195/195
f 195/195/195 196/196/196 193/193/193
f 195/195/195 197/197/197 196/196/196
f 197/197/197 198/198/198 196/196/196
f 197/197/197 199/199/199 198/198/198
f 199/199/199 200/200/200 198/198/198
f 199/199/199 201/201/201 200/200/200
f 201/201/201 202/202/202 200/200/200
f 201/201/201 203/203/203 202/202/202
f 203/203/203 204/204/204 202/202/202
f 205/205/205 206/206/206 207/207/207
f 207/207/207 208/208/208 205/205/205
f 208/208/208 209/209/209 205/205/205
f 208/208/208 210/210/210 209/209/209
f 210/210/210 211/211/211 209/209/209
f 210/210/210 212/212/212 211/211/211
f 212/212/212 213/213/213 211/211/211
f 212/212/212 214/214/214 213/213/213
f 214/214/214 215/215/215 213/213/213
f 214/214/214 216/216/216 215/215/215
f 217/217/217 218/218/218 219/219/219
f 219/219/219 220/220/220 217/217/217
f 220/220/220 221/221/221 217/217/217
f 220/220/220 222/222/222 221/221/221
f 222/222/222 223/223/223 221/221/221
f 222/222/222 224/224/224 223/223/223
f 224/224/224 225/225/225 223/223/223
f 224/224/224 226/226/226 225/225/225
f 226/226/226 227/227/227 225/225/225
f 226/226/226 228/228/228 227/227/227
f 229/229/229 230/230/230 231/231/231
f 231/231/231 232/232/232 229/229/229
f 231/231/231 233/233/233 232/232/232
f 233/233/233 234/234/234 232/232/232
f 233/233/233 235/235/235 234/234/234
f 235/235/235 236/236/236 234/234/234
f 235/235/235 237/237/237 236/236/236
f 237/237/237 238/238/238 236/236/236
f 237/237/237 239/239/239 238/238/238
f 239/239/239 240/240/240 238/238/238
f 241/241/241 242/242/242 243/243/243
f 243/243/243 244/244/244 241/241/241
f 244/244/244 245/245/245 241/241/241
f 244/244/244 246/246/246 245/245/245
f 246/246/246 247/247/247 245/245/245
f 246/246/246 248/248/248 247/247/247
f 248/248/248 249/249/249 247/247/247
f 248/248/248 250/250/250 249/249/249
f 250/250/250 251/251/251 249/249/249
f 250/250/250 252/252/252 251/251/251
f 253/253/253 254/254/254 255/255/255
f 255/255/255 256/256/256 253/253/253
f 255/255/255 257/257/257 256/256/256
f 257/257/257 258/258/258 256/256/256
f 257/257/257 259/259/259 258/258/258
f 259/259/259 260/260/260 258/258/258
f 259/259/259 261/261/261 260/260/260
f 261/261/261 262/262/262 260/260/260
f 261/261/261 263/263/263 262/262/262
f 263/263/263 264/264/264 262/262/262
f 265/265/265 266/266/266 267/267/267
f 267/267/267 268/268/268 265/265/265
f 267/267/267 269/269/269 268/268/268
f 269/269/269 270/270/270 268/268/268
f 269/269/269 271/271/271 270/270/270
f 271/271/271 272/272/272 270/270/270
f 271/271/271 273/273/273 272/272/272
f 273/273/273 274/274/274 272/272/272
f 273/273/273 275/275/275 274/274/274
f 275/275/275 276/276/276 274/274/274
f 277/277/277 278/278/278 279/279/279
f 279/279/279 280/280/280 277/277/277
f 280/280/280 281/281/281 277/277/277
f 280/280/280 282/282/282 281/281/281
f 282/282/282 283/283/283 281/281/281
f 282/282/282 284/284/284 283/283/283
f 284/284/284 285/285/285 283/283/283
f 284/284/284 286/286/286 285/285/285
f 286/286/286 287/287/287 285/285/285
f 286/286/286 288/288/288 287/287/287
f 289/289/289 290/290/290 291/291/291
f 289/289/289 292/292/292 290/290/290
f 293/293/293 289/289/289 291/291/291
f 292/292/292 294/294/294 290/290/290
f 293/293/293 291/291/291 295/295/295
f 292/292/292 296/296/296 294/294/294
f 297/297/297 293/293/293 295/295/295
f 296/296/296 298/298/298 294/294/294
f 297/297/297 295/295/295 299/299/299
f 296/296/296 300/300/300 298/298/298
f 301/301/301 297/297/297 299/299/299
f 300/300/300 302/302/302 298/298/298
f 301/301/301 299/299/299 303/303/303
f 300/300/300 304/304/304 302/302/302
f 305/305/305 301/301/301 303/303/303
f 304/304/304 306/306/306 302/302/302
f 305/305/305 303/303/303 307/307/307
f 304/304/304 308/308/308 306/306/306
f 309/309/309 305/305/305 307/307/307
f 308/308/308 310/310/310 306/306/306
f 309/309/309 307/307/307 311/311/311
f 308/308/308 312/312/312 310/310/310
f 312/312/312 309/309/309 311/311/311
f 312/312/312 311/311/311 310/310/310
f 313/313/313 314/314/314 315/315/315
f 313/313/313 316/316/316 314/314/314
f 317/317/317 313/313/313 315/315/315
f 316/316/316 318/318/318 314/314/314
f 317/317/317 315/315/315 319/319/319
f 316/316/316 320/320/320 318/318/318
f 321/321/321 317/317/317 319/319/319
f 320/320/320 322/322/322 318/318/318
f 321/321/321 319/319/319 323/323/323
f 320/320/320 324/324/324 322/322/322
f 325/325/325 321/321/321 323/323/323
f 324/324/324 326/326/326 322/322/322
f 325/325/325 323/323/323 327/327/327
f 324/324/324 328/328/328 326/326/326
f 329/329/329 325/325/325 327/327/327
f 328/328/328 330/330/330 326/326/326
f 329/329/329 327/327/327 331/331/331
f 328/328/328 332/332/332 330/330/330
f 333/333/333 329/329/329 331/331/331
f 332/332/332 334/334/334 330/330/330
f 333/333/333 331/331/331 335/335/335
f 332/332/332 336/336/336 334/334/334
f 336/336/336 333/333/333 335/335/335
f 336/336/336 335/335/335 334/334/334
f 337/337/337 338/338/338 339/339/339
f 337/337/337 340/340/340 338/338/338
f 341/341/341 337/337/337 339/339/339
f 340/340/340 342/342/342 338/338/338
f 341/341/341 339/339/339 343/343/343
f 340/340/340 344/344/344 342/342/342
f 345/345/345 341/341/341 343/343/343
f 344/344/344 346/346/346 342/342/342
f 345/345/345 343/343/343 347/347/347
f 344/344/344 348/348/348 346/346/346
f 349/349/349 345/345/345 347/347/347
f 348/348/348 350/350/350 346/346/346
f 349/349/349 347/347/347 351/351/351
f 348/348/348 352/352/352 350/350/350
f 353/353/353 349/349/349 351/351/351
f 352/352/352 354/354/354 350/350/350
f 353/353/353 351/351/351 355/355/355
f 352/352/352 356/356/356 354/354/354
f 357/357/357 353/353/353 355/355/355
f 356/356/356 358/358/358 354/354/354
f 357/357/357 355/355/355 359/359/359
f 356/356/356 360/360/360 358/358/358
f 360/360/360 357/357/357 359/359/359
f 360/360/360 359/359/359 358/358/358
f 361/361/361 362/362/362 363/363/363
f 361/361/361 364/364/364 362/362/362
f 365/365/365 361/361/361 363/363/363
f 364/364/364 366/366/366 362/362/362
f 365/365/365 363/363/363 367/367/367
f 364/364/364 368/368/368 366/366/366
f 369/369/369 365/365/365 367/367/367
f 368/368/368 370/370/370 366/366/366
f 369/369/369 367/367/367 371/371/371
f 368/368/368 372/372/372 370/370/370
f 373/373/373 369/369/369 371/371/371
f 372/372/372 374/374/374 370/370/370
f 373/373/373 371/371/371 375/375/375
f 372/372/372 376/376/376 374/374/374
f 377/377/377 373/373/373 375/375/375
f 376/376/376 378/378/378 374/374/374
f 377/377/377 375/375/375 379/379/379
f 376/376/376 380/380/380 378/378/378
f 381/381/381 377/377/377 379/379/379
f 380/380/380 382/382/382 378/378/378
f 381/381/381 379/379/379 383/383/383
f 380/380/380 384/384/384 382/382/382
f 384/384/384 381/381/381 383/383/383
f 384/384/384 383/383/383 382/382/382
f 385/385/385 386/386/386 387/387/387
f 385/385/385 388/388/388 386/386/386
f 389/389/389 385/385/385 387/387/387
f 388/388/388 390/390/390 386/386/386
f 389/389/389 387/387/387 391/391/391
f 388/388/388 392/392/392 390/390/390
f 393/393/393 389/389/389 391/391/391
f 392/392/392 394/394/394 390/390/390
f 393/393/393 391/391/391 395/395/395
f 392/392/392 396/396/396 394/394/394
f 397/397/397 393/393/393 395/395/395
f 396/396/396 398/398/398 394/394/394
f 397/397/397 395/395/395 399/399/399
f 396/396/396 400/400/400 398/398/398
f 401/401/401 397/397/397 399/399/399
f 400/400/400 402/402/402 398/398/398
f 401/401/401 399/399/399 403/403/403
f 400/400/400 404/404/404 402/402/402
f 405/405/405 401/401/401 403/403/403
f 404/404/404 406/406/406 402/402/402
f 405/405/405 403/403/403 407/407/407
f 404/404/404 408/408/408 406/406/406
f 408/408/408 405/405/405 407/407/407
f 408/408/408 407/407/407 406/406/406
f 409/409/409 410/410/410 411/411/411
f 409/409/409 412/412/412 410/410/410
f 413/413/413 409/409/409 411/411/411
f 412/412/412 414/414/414 410/410/410
f 413/413/413 411/411/411 415/415/415
f 412/412/412 416/416/416 414/414/414
f 417/417/417 413/413/413 415/415/415
f 416/416/416 418/418/418 414/414/414
f 417/417/417 415/415/415 419/419/419
f 416/416/416 420/420/420 418/418/418
f 421/421/421 417/417/417 419/419/419
f 420/420/420 422/422/422 418/418/418
f 421/421/421 419/419/419 423/423/423
f 420/420/420 424/424/424 422/422/422
f 425/425/425 421/421/421 423/423/423
f 424/424/424 426/426/426 422/422/422
f 425/425/425 423/423/423 427/427/427
f 424/424/424 428/428/428 426/426/426
f 429/429/429 425/425/425 427/427/427
f 428/428/428 430/430/430 426/426/426
f 429/429/429 427/427/427 431/431/431
f 428/428/428 432/432/432 430/430/430
f 432/432/432 429/429/429 431/431/431
f 432/432/432 431/431/431 430/430/430
f 433/433/433 434/434/434 435/435/435
f 433/433/433 436/436/436 434/434/434
f 437/437/437 433/433/433 435/435/435
f 436/436/436 438/438/438 434/434/434
f 437/437/437 435/435/435 439/439/439
f 436/436/436 440/440/440 438/438/438
f 441/441/441 437/437/437 439/439/439
f 440/440/440 442/442/442 438/438/438
f 441/441/441 439/439/439 443/443/443
f 440/440/440 444/444/444 442/442/442
f 445/445/445 441/441/441 443/443/443
f 444/444/444 446/446/446 442/442/442
f 445/445/445 443/443/443 447/447/447
f 444/444/444 448/448/448 446/446/446
f 449/449/449 445/445/445 447/447/447
f 448/448/448 450/450/450 446/446/446
f 449/449/449 447/447/447 451/451/451
f 448/448/448 452/452/452 450/450/450
f 453/453/453 449/449/449 451/451/451
f 452/452/452 454/454/454 450/450/450
f 453/453/453 451/451/451 455/455/455
f 452/452/452 456/456/456 454/454/454
f 456/456/456 453/453/453 455/455/455
f 456/456/456 455/455/455 454/454/454
f 457/457/457 458/458/458 459/459/459
f 457/457/457 460/460/460 458/458/458
f 461/461/461 457/457/457 459/459/459
f 460/460/460 462/462/462 458/458/458
f 461/461/461 459/459/459 463/463/463
f 460/460/460 464/464/464 462/462/462
f 465/465/465 461/461/461 463/463/463
f 464/464/464 466/466/466 462/462/462
f 465/465/465 463/463/463 467/467/467
f 464/464/464 468/468/468 466/466/466
f 469/469/469 465/465/465 467/467/467
f 468/468/468 470/470/470 466/466/466
f 469/469/469 467/467/467 471/471/471
f 468/468/468 472/472/472 470/470/470
f 473/473/473 469/469/469 471/471/471
f 472/472/472 474/474/474 470/470/470
f 473/473/473 471/471/471 475/475/475
f 472/472/472 476/476/476 474/474/474
f 477/477/477 473/473/473 475/475/475
f 476/476/476 478/478/478 474/474/474
f 477/477/477 475/475/475 479/479/479
f 476/476/476 480/480/480 478/478/478
f 480/480/480 477/477/477 479/479/479
f 480/480/480 479/479/479 478/478/478
f 481/481/481 482/482/482 483/483/483
f 481/481/481 484/484/484 482/482/482
f 485/485/485 481/481/481 483/483/483
f 484/484/484 486/486/486 482/482/482
f 485/485/485 483/483/483 487/487/487
f 484/484/484 488/488/488 486/486/486
f 489/489/489 485/485/485 487/487/487
f 488/488/488 490/490/490 486/486/486
f 489/489/489 487/487/487 491/491/491
f 488/488/488 492/492/492 490/490/490
f 493/493/493 489/489/489 491/491/491
f 492/492/492 494/494/494 490/490/490
f 493/493/493 491/491/491 495/495/495
f 492/492/492 496/496/496 494/494/494
f 497/497/497 493/493/493 495/495/495
f 496/496/496 498/498/498 494/494/494
f 497/497/497 495/495/495 499/499/499
f 496/496/496 500/500/500 498/498/498
f 501/501/501 497/497/497 499/499/499
f 500/500/500 502/502/502 498/498/498
f 501/501/501 499/499/499 503/503/503
f 500/500/500 504/504/504 502/502/502
f 504/504/504 501/501/501 503/503/503
f 504/504/504 503/503/503 502/502/502
f 505/505/505 506/506/506 507/507/507
f 505/505/505 508/508/508 506/506/506
f 509/509/509 505/505/505 507/507/507
f 508/508/508 510/510/510 506/506/506
f 509/509/509 507/507/507 511/511/511
f 508/508/508 512/512/512 510/510/510
f 513/513/513 509/509/509 511/511/511
f 512/512/512 514/514/514 510/510/510
f 513/513/513 511/511/511 515/515/515
f 512/512/512 516/516/516 514/514/514
f 517/517/517 513/513/513 515/515/515
f 516/516/516 518/518/518 514/514/514
f 517/517/517 515/515/515 519/519/519
f 516/516/516 520/520/520 518/518/518
f 521/521/521 517/517/517 519/519/519
f 520/520/520 522/522/522 518/518/518
f 521/521/521 519/519/519 523/523/523
f 520/520/520 524/524/524 522/522/522
f 525/525/525 521/521/521 523/523/523
f 524/524/524 526/526/526 522/522/522
f 525/525/525 523/523/523 527/527/527
f 524/524/524 528/528/528 526/526/526
f 528/528/528 525/525/525 527/527/527
f 528/528/528 527/527/527 526/526/526
f 529/529/529 530/530/530 531/531/531
f 529/529/529 532/532/532 530/530/530
f 533/533/533 529/529/529 531/531/531
f 532/532/532 534/534/534 530/530/530
f 533/533/533 531/531/531 535/535/535
f 532/532/532 536/536/536 534/534/534
f 537/537/537 533/533/533 535/535/535
f 536/536/536 538/538/538 534/534/534
f 537/537/537 535/535/535 539/539/539
f 536/536/536 540/540/540 538/538/538
f 541/541/541 537/537/537 539/539/539
f 540/540/540 542/542/542 538/538/538
f 541/541/541 539/539/539 543/543/543
f 540/540/540 544/544/544 542/542/542
f 545/545/545 541/541/541 543/543/543
f 544/544/544 546/546/546 542/542/542
f 545/545/545 543/543/543 547/547/547
f 544/544/544 548/548/548 546/546/546
f 549/549/549 545/545/545 547/547/547
f 548/548/548 550/550/550 546/546/546
f 549/549/549 547/547/547 551/551/551
f 548/548/548 552/552/552 550/550/550
f 552/552/552 549/549/549 551/551/551
f 552/552/552 551/551/551 550/550/550
f 553/553/553 554/554/554 555/555/555
f 553/553/553 556/556/556 554/554/554
f 557/557/557 553/553/553 555/555/555
f 556/556/556 558/558/558 554/554/554
f 557/557/557 555/555/555 559/559/559
f 556/556/556 560/560/560 558/558/558
f 561/561/561 557/557/557 559/559/559
f 560/560/560 562/562/562 558/558/558
f 561/561/561 559/559/559 563/563/563
f 560/560/560 564/564/564 562/562/562
f 565/565/565 561/561/561 563/563/563
f 564/564/564 566/566/566 562/562/562
f 565/565/565 563/563/563 567/567/567
f 564/564/564 568/568/568 566/566/566
f 569/569/569 565/565/565 567/567/567
f 568/568/568 570/570/570 566/566/566
f 569/569/569 567/567/567 571/571/571
f 568/568/568 572/572/572 570/570/570
f 573/573/573 569/569/569 571/571/571
f 572/572/572 574/574/574 570/570/570
f 573/573/573 571/571/571 575/575/575
f 572/572/572 576/576/576 574/574/574
f 576/576/576 573/573/573 575/575/575
f 576/576/576 575/575/575 574/574/574
