# Unturned item rip -> Godot (X+Z negated, winding reversed, RH Y-up)
v -0.050231 -0.106374 -0.154894
v -0.016561 -0.105720 -0.154780
v -0.016698 -0.093190 -0.186038
v -0.050369 -0.093844 -0.186153
v -0.016561 -0.105720 -0.154780
v -0.017211 -0.074468 -0.142250
v -0.017348 -0.061938 -0.173508
v -0.016698 -0.093190 -0.186038
v -0.017211 -0.074468 -0.142250
v -0.050881 -0.075122 -0.142364
v -0.051018 -0.062592 -0.173623
v -0.017348 -0.061938 -0.173508
v -0.050881 -0.075122 -0.142364
v -0.050231 -0.106374 -0.154894
v -0.050369 -0.093844 -0.186153
v -0.051018 -0.062592 -0.173623
v -0.016561 -0.105720 -0.154780
v -0.050231 -0.106374 -0.154894
v -0.050881 -0.075122 -0.142364
v -0.017211 -0.074468 -0.142250
v -0.017348 -0.061938 -0.173508
v -0.051018 -0.062592 -0.173623
v -0.050369 -0.093844 -0.186153
v -0.016698 -0.093190 -0.186038
v -0.026741 -0.083677 -0.145899
v -0.026330 -0.121306 -0.052023
v -0.040564 -0.121583 -0.052072
v -0.040976 -0.083953 -0.145948
v -0.040701 -0.097166 -0.151245
v -0.040290 -0.134795 -0.057369
v -0.026055 -0.134519 -0.057321
v -0.026467 -0.096889 -0.151196
v -0.040976 -0.083953 -0.145948
v -0.040564 -0.121583 -0.052072
v -0.040290 -0.134795 -0.057369
v -0.040701 -0.097166 -0.151245
v -0.026467 -0.096889 -0.151196
v -0.026055 -0.134519 -0.057321
v -0.026330 -0.121306 -0.052023
v -0.026741 -0.083677 -0.145899
v 0.027781 -0.241090 -0.145635
v 0.027206 -0.210213 -0.159066
v 0.027756 -0.223636 -0.189947
v 0.028330 -0.254513 -0.176516
v 0.027206 -0.210213 -0.159066
v -0.006461 -0.210959 -0.159341
v -0.005912 -0.224382 -0.190222
v 0.027756 -0.223636 -0.189947
v -0.006461 -0.210959 -0.159341
v -0.005886 -0.241836 -0.145909
v -0.005337 -0.255259 -0.176790
v -0.005912 -0.224382 -0.190222
v -0.005886 -0.241836 -0.145909
v 0.027781 -0.241090 -0.145635
v 0.028330 -0.254513 -0.176516
v -0.005337 -0.255259 -0.176790
v 0.027206 -0.210213 -0.159066
v 0.027781 -0.241090 -0.145635
v -0.005886 -0.241836 -0.145909
v -0.006461 -0.210959 -0.159341
v -0.005912 -0.224382 -0.190222
v -0.005337 -0.255259 -0.176790
v 0.028330 -0.254513 -0.176516
v 0.027756 -0.223636 -0.189947
v 0.003422 -0.219656 -0.155385
v 0.001772 -0.179343 -0.062643
v 0.002015 -0.192397 -0.056965
v 0.003665 -0.232709 -0.149707
v 0.017898 -0.232394 -0.149590
v 0.016248 -0.192082 -0.056849
v 0.016005 -0.179028 -0.062527
v 0.017655 -0.219340 -0.155269
v 0.003665 -0.232709 -0.149707
v 0.002015 -0.192397 -0.056965
v 0.016248 -0.192082 -0.056849
v 0.017898 -0.232394 -0.149590
v 0.017655 -0.219340 -0.155269
v 0.016005 -0.179028 -0.062527
v 0.001772 -0.179343 -0.062643
v 0.003422 -0.219656 -0.155385
v 0.012708 -0.149290 -0.178909
v 0.046384 -0.149390 -0.179046
v 0.046263 -0.144827 -0.212412
v 0.012586 -0.144727 -0.212275
v 0.046384 -0.149390 -0.179046
v 0.046502 -0.116024 -0.174483
v 0.046381 -0.111461 -0.207849
v 0.046263 -0.144827 -0.212412
v 0.046502 -0.116024 -0.174483
v 0.012826 -0.115924 -0.174347
v 0.012705 -0.111361 -0.207713
v 0.046381 -0.111461 -0.207849
v 0.012826 -0.115924 -0.174347
v 0.012708 -0.149290 -0.178909
v 0.012586 -0.144727 -0.212275
v 0.012705 -0.111361 -0.207713
v 0.046384 -0.149390 -0.179046
v 0.012708 -0.149290 -0.178909
v 0.012826 -0.115924 -0.174347
v 0.046502 -0.116024 -0.174483
v 0.046381 -0.111461 -0.207849
v 0.012705 -0.111361 -0.207713
v 0.012586 -0.144727 -0.212275
v 0.046263 -0.144827 -0.212412
v 0.036749 -0.125625 -0.175761
v 0.037114 -0.139329 -0.075557
v 0.022877 -0.139287 -0.075499
v 0.022512 -0.125583 -0.175703
v 0.022462 -0.139689 -0.177632
v 0.022827 -0.153393 -0.077428
v 0.037064 -0.153435 -0.077486
v 0.036699 -0.139731 -0.177690
v 0.022512 -0.125583 -0.175703
v 0.022877 -0.139287 -0.075499
v 0.022827 -0.153393 -0.077428
v 0.022462 -0.139689 -0.177632
v 0.036699 -0.139731 -0.177690
v 0.037064 -0.153435 -0.077486
v 0.037114 -0.139329 -0.075557
v 0.036749 -0.125625 -0.175761
v -0.060966 -0.194483 -0.158193
v -0.027290 -0.194322 -0.158280
v -0.027370 -0.195566 -0.191933
v -0.061046 -0.195726 -0.191847
v -0.027290 -0.194322 -0.158280
v -0.027453 -0.160669 -0.159523
v -0.027534 -0.161913 -0.193176
v -0.027370 -0.195566 -0.191933
v -0.027453 -0.160669 -0.159523
v -0.061129 -0.160830 -0.159436
v -0.061210 -0.162073 -0.193090
v -0.027534 -0.161913 -0.193176
v -0.061129 -0.160830 -0.159436
v -0.060966 -0.194483 -0.158193
v -0.061046 -0.195726 -0.191847
v -0.061210 -0.162073 -0.193090
v -0.027290 -0.194322 -0.158280
v -0.060966 -0.194483 -0.158193
v -0.061129 -0.160830 -0.159436
v -0.027453 -0.160669 -0.159523
v -0.027534 -0.161913 -0.193176
v -0.061210 -0.162073 -0.193090
v -0.061046 -0.195726 -0.191847
v -0.027370 -0.195566 -0.191933
v -0.037125 -0.170428 -0.159139
v -0.036883 -0.166694 -0.058071
v -0.051120 -0.166762 -0.058034
v -0.051363 -0.170496 -0.159102
v -0.051293 -0.184724 -0.158577
v -0.051051 -0.180989 -0.057508
v -0.036814 -0.180921 -0.057545
v -0.037056 -0.184656 -0.158613
v -0.051363 -0.170496 -0.159102
v -0.051120 -0.166762 -0.058034
v -0.051051 -0.180989 -0.057508
v -0.051293 -0.184724 -0.158577
v -0.037056 -0.184656 -0.158613
v -0.036814 -0.180921 -0.057545
v -0.036883 -0.166694 -0.058071
v -0.037125 -0.170428 -0.159139
v -0.196031 -0.297413 0.027274
v 0.196031 -0.297413 0.027274
v 0.196031 -0.297413 -0.013566
v -0.196031 -0.297413 -0.013566
v 0.196031 -0.297413 0.027274
v 0.196031 0.297413 0.027274
v 0.196031 0.297413 -0.013566
v 0.196031 -0.297413 -0.013566
v 0.196031 0.297413 0.027274
v -0.196031 0.297413 0.027274
v -0.196031 0.297413 -0.013566
v 0.196031 0.297413 -0.013566
v -0.196031 0.297413 0.027274
v -0.196031 -0.297413 0.027274
v -0.196031 -0.297413 -0.013566
v -0.196031 0.297413 -0.013566
v 0.196031 0.297413 -0.013566
v -0.196031 0.297413 -0.013566
v -0.196031 -0.297413 -0.013566
v 0.196031 -0.297413 -0.013566
v 0.130001 -0.231383 0.338793
v 0.196031 -0.231383 0.338793
v 0.196031 -0.231383 0.027274
v 0.130001 -0.231383 0.027274
v 0.196031 -0.231383 0.338793
v 0.196031 -0.165353 0.338793
v 0.196031 -0.165353 0.027274
v 0.196031 -0.231383 0.027274
v 0.196031 -0.165353 0.338793
v 0.130001 -0.165353 0.338793
v 0.130001 -0.165353 0.027274
v 0.196031 -0.165353 0.027274
v 0.130001 -0.165353 0.338793
v 0.130001 -0.231383 0.338793
v 0.130001 -0.231383 0.027274
v 0.130001 -0.165353 0.027274
v 0.196031 -0.231383 0.338793
v 0.130001 -0.231383 0.338793
v 0.130001 -0.165353 0.338793
v 0.196031 -0.165353 0.338793
v -0.196031 -0.165353 0.338793
v -0.196031 -0.231383 0.338793
v -0.196031 -0.231383 0.027274
v -0.196031 -0.165353 0.027274
v -0.196031 -0.231383 0.338793
v -0.130001 -0.231383 0.338793
v -0.130001 -0.231383 0.027274
v -0.196031 -0.231383 0.027274
v -0.130001 -0.231383 0.338793
v -0.130001 -0.165353 0.338793
v -0.130001 -0.165353 0.027274
v -0.130001 -0.231383 0.027274
v -0.130001 -0.165353 0.338793
v -0.196031 -0.165353 0.338793
v -0.196031 -0.165353 0.027274
v -0.130001 -0.165353 0.027274
v -0.196031 -0.231383 0.338793
v -0.196031 -0.165353 0.338793
v -0.130001 -0.165353 0.338793
v -0.130001 -0.231383 0.338793
v -0.130001 0.231383 0.338793
v -0.196031 0.231383 0.338793
v -0.196031 0.231383 0.027274
v -0.130001 0.231383 0.027274
v -0.196031 0.231383 0.338793
v -0.196031 0.165353 0.338793
v -0.196031 0.165353 0.027274
v -0.196031 0.231383 0.027274
v -0.196031 0.165353 0.338793
v -0.130001 0.165353 0.338793
v -0.130001 0.165353 0.027274
v -0.196031 0.165353 0.027274
v -0.130001 0.165353 0.338793
v -0.130001 0.231383 0.338793
v -0.130001 0.231383 0.027274
v -0.130001 0.165353 0.027274
v -0.196031 0.231383 0.338793
v -0.130001 0.231383 0.338793
v -0.130001 0.165353 0.338793
v -0.196031 0.165353 0.338793
v 0.196031 0.165353 0.338793
v 0.196031 0.231383 0.338793
v 0.196031 0.231383 0.027274
v 0.196031 0.165353 0.027274
v 0.196031 0.231383 0.338793
v 0.130001 0.231383 0.338793
v 0.130001 0.231383 0.027274
v 0.196031 0.231383 0.027274
v 0.130001 0.231383 0.338793
v 0.130001 0.165353 0.338793
v 0.130001 0.165353 0.027274
v 0.130001 0.231383 0.027274
v 0.130001 0.165353 0.338793
v 0.196031 0.165353 0.338793
v 0.196031 0.165353 0.027274
v 0.130001 0.165353 0.027274
v 0.196031 0.231383 0.338793
v 0.196031 0.165353 0.338793
v 0.130001 0.165353 0.338793
v 0.130001 0.231383 0.338793
v -0.179187 0.214539 0.027274
v -0.179187 0.214539 0.306010
v -0.179187 -0.214539 0.306010
v -0.179187 -0.214539 0.027274
v 0.179187 -0.214539 0.306010
v -0.179187 -0.214539 0.306010
v -0.179187 0.214539 0.306010
v 0.179187 0.214539 0.306010
v 0.193210 -0.016063 0.057407
v 0.193210 -0.016063 0.089533
v 0.193210 0.016063 0.089533
v 0.193210 0.016063 0.057407
v 0.193210 0.016063 0.057407
v 0.193210 0.016063 0.089533
v 0.179187 0.016063 0.089533
v 0.179187 0.016063 0.057407
v 0.193210 -0.016063 0.089533
v 0.193210 -0.016063 0.057407
v 0.179187 -0.016063 0.057407
v 0.179187 -0.016063 0.089533
v 0.193210 0.016063 0.089533
v 0.193210 -0.016063 0.089533
v 0.179187 -0.016063 0.089533
v 0.179187 0.016063 0.089533
v 0.193210 -0.016063 0.057407
v 0.193210 0.016063 0.057407
v 0.179187 0.016063 0.057407
v 0.179187 -0.016063 0.057407
v 0.193210 0.016063 0.182445
v 0.193210 -0.016063 0.182445
v 0.179187 -0.016063 0.182445
v 0.179187 0.016063 0.182445
v 0.193210 0.016063 0.150319
v 0.193210 0.016063 0.182445
v 0.179187 0.016063 0.182445
v 0.179187 0.016063 0.150319
v 0.193210 -0.016063 0.150319
v 0.193210 0.016063 0.150319
v 0.179187 0.016063 0.150319
v 0.179187 -0.016063 0.150319
v 0.193210 -0.016063 0.150319
v 0.193210 -0.016063 0.182445
v 0.193210 0.016063 0.182445
v 0.193210 0.016063 0.150319
v 0.193210 -0.016063 0.182445
v 0.193210 -0.016063 0.150319
v 0.179187 -0.016063 0.150319
v 0.179187 -0.016063 0.182445
v 0.193210 -0.016063 0.243231
v 0.193210 -0.016063 0.275357
v 0.193210 0.016063 0.275357
v 0.193210 0.016063 0.243231
v 0.193210 0.016063 0.243231
v 0.193210 0.016063 0.275357
v 0.179187 0.016063 0.275357
v 0.179187 0.016063 0.243231
v 0.193210 -0.016063 0.275357
v 0.193210 -0.016063 0.243231
v 0.179187 -0.016063 0.243231
v 0.179187 -0.016063 0.275357
v 0.193210 0.016063 0.275357
v 0.193210 -0.016063 0.275357
v 0.179187 -0.016063 0.275357
v 0.179187 0.016063 0.275357
v 0.193210 -0.016063 0.243231
v 0.193210 0.016063 0.243231
v 0.179187 0.016063 0.243231
v 0.179187 -0.016063 0.243231
v 0.179187 0.214539 0.027274
v 0.179187 0.214539 0.306010
v -0.179187 0.214539 0.306010
v -0.179187 0.214539 0.027274
v 0.179187 -0.214539 0.027274
v 0.179187 -0.214539 0.306010
v 0.179187 0.214539 0.306010
v 0.179187 0.214539 0.027274
v -0.179187 -0.214539 0.306010
v 0.179187 -0.214539 0.306010
v 0.179187 -0.214539 0.027274
v -0.179187 -0.214539 0.027274
v 0.043170 0.103213 -0.139965
v 0.035031 0.117310 -0.139965
v 0.018753 0.117310 -0.139965
v 0.010614 0.103213 -0.139965
v 0.018753 0.089115 -0.139965
v 0.035031 0.089115 -0.139965
v 0.043170 0.000343 -0.139965
v 0.035031 0.014440 -0.139965
v 0.018753 0.014440 -0.139965
v 0.010614 0.000343 -0.139965
v 0.035031 -0.013755 -0.139965
v 0.018753 -0.013755 -0.139965
v 0.043171 0.205682 -0.139965
v 0.035031 0.219780 -0.139965
v 0.018753 0.219780 -0.139965
v 0.010614 0.205682 -0.139965
v 0.035031 0.191585 -0.139965
v 0.018753 0.191585 -0.139965
v -0.087494 0.159514 -0.322766
v -0.097215 0.176352 -0.322766
v -0.116658 0.176352 -0.322766
v -0.126380 0.159514 -0.322766
v -0.097215 0.142676 -0.322766
v -0.116658 0.142676 -0.322766
v -0.074338 0.215977 -0.033748
v -0.059246 0.159514 -0.310491
v -0.041739 0.159514 -0.033748
v -0.074338 0.103051 -0.033748
v -0.083091 0.200816 -0.310491
v -0.083091 0.118213 -0.310491
v -0.139536 0.215977 -0.033748
v -0.130782 0.118213 -0.310491
v -0.130782 0.200816 -0.310491
v -0.139536 0.103051 -0.033748
v -0.172135 0.159514 -0.033748
v -0.154628 0.159514 -0.310491
v -0.179187 0.214539 0.027274
v -0.196031 0.297413 0.027274
v 0.196031 0.297413 0.027274
v 0.179187 0.214539 0.027274
v -0.179187 -0.214539 0.027274
v 0.196031 -0.297413 0.027274
v -0.196031 -0.297413 0.027274
v 0.179187 -0.214539 0.027274
v -0.116658 0.142676 -0.322766
v -0.130782 0.118213 -0.310491
v -0.083091 0.118213 -0.310491
v -0.126380 0.159514 -0.322766
v -0.097215 0.142676 -0.322766
v -0.154628 0.159514 -0.310491
v -0.059246 0.159514 -0.310491
v -0.116658 0.176352 -0.322766
v -0.087494 0.159514 -0.322766
v -0.130782 0.200816 -0.310491
v -0.083091 0.200816 -0.310491
v -0.097215 0.176352 -0.322766
v 0.018753 0.191585 -0.139965
v -0.000401 0.158409 -0.139965
v 0.054185 0.158409 -0.139965
v 0.010614 0.205682 -0.139965
v 0.035031 0.191585 -0.139965
v -0.027694 0.205682 -0.139965
v 0.081478 0.205682 -0.139965
v 0.018753 0.219780 -0.139965
v 0.043171 0.205682 -0.139965
v -0.000401 0.252955 -0.139965
v 0.054185 0.252955 -0.139965
v 0.035031 0.219780 -0.139965
v 0.018753 -0.013755 -0.139965
v -0.000401 -0.046930 -0.139965
v 0.054185 -0.046930 -0.139965
v 0.010614 0.000343 -0.139965
v 0.035031 -0.013755 -0.139965
v -0.027694 0.000343 -0.139965
v 0.081478 0.000343 -0.139965
v 0.018753 0.014440 -0.139965
v 0.043170 0.000343 -0.139965
v -0.000401 0.047616 -0.139965
v 0.054185 0.047616 -0.139965
v 0.035031 0.014440 -0.139965
v 0.018753 0.089115 -0.139965
v -0.000401 0.055940 -0.139965
v 0.054185 0.055940 -0.139965
v 0.010614 0.103213 -0.139965
v 0.035031 0.089115 -0.139965
v -0.027694 0.103213 -0.139965
v 0.081478 0.103213 -0.139965
v 0.018753 0.117310 -0.139965
v 0.043170 0.103213 -0.139965
v -0.000401 0.150485 -0.139965
v 0.054185 0.150485 -0.139965
v 0.035031 0.117310 -0.139965
v 0.054185 0.252955 -0.119783
v 0.054185 0.252955 -0.033748
v -0.000401 0.252955 -0.033748
v -0.000401 0.252955 -0.119783
v 0.081478 0.205682 -0.119783
v -0.027694 0.205682 -0.033748
v 0.081478 0.205682 -0.033748
v -0.027694 0.205682 -0.119783
v 0.054185 0.158409 -0.119783
v -0.000401 0.158409 -0.033748
v 0.054185 0.158409 -0.033748
v -0.000401 0.158409 -0.119783
v 0.054185 0.047616 -0.119783
v 0.054185 0.047616 -0.033748
v -0.000401 0.047616 -0.033748
v -0.000401 0.047616 -0.119783
v 0.081478 0.000343 -0.119783
v -0.027694 0.000343 -0.033748
v 0.081478 0.000343 -0.033748
v -0.027694 0.000343 -0.119783
v 0.054185 -0.046930 -0.119783
v -0.000401 -0.046930 -0.033748
v 0.054185 -0.046930 -0.033748
v -0.000401 -0.046930 -0.119783
v 0.054185 0.150485 -0.119783
v 0.054185 0.150485 -0.033748
v -0.000401 0.150485 -0.033748
v -0.000401 0.150485 -0.119783
v 0.081478 0.103213 -0.119783
v -0.027694 0.103213 -0.033748
v 0.081478 0.103213 -0.033748
v -0.027694 0.103213 -0.119783
v 0.054185 0.055940 -0.119783
v -0.000401 0.055940 -0.033748
v 0.054185 0.055940 -0.033748
v -0.000401 0.055940 -0.119783
v -0.074338 0.103051 -0.013566
v -0.041739 0.159514 -0.033748
v -0.074338 0.103051 -0.033748
v -0.041739 0.159514 -0.013566
v -0.139536 0.103051 -0.013566
v -0.074338 0.215977 -0.033748
v -0.139536 0.103051 -0.033748
v -0.074338 0.215977 -0.013566
v -0.172135 0.159514 -0.013566
v -0.139536 0.215977 -0.033748
v -0.172135 0.159514 -0.033748
v -0.139536 0.215977 -0.013566
v -0.000401 0.158409 -0.119783
v 0.054185 0.158409 -0.119783
v 0.054185 0.158409 -0.139965
v -0.000401 0.158409 -0.139965
v 0.081478 0.205682 -0.139965
v -0.027694 0.205682 -0.119783
v 0.081478 0.205682 -0.119783
v -0.027694 0.205682 -0.139965
v 0.054185 0.252955 -0.139965
v -0.000401 0.252955 -0.119783
v 0.054185 0.252955 -0.119783
v -0.000401 0.252955 -0.139965
v 0.054185 0.158409 -0.013566
v 0.081478 0.205682 -0.033748
v 0.054185 0.158409 -0.033748
v 0.081478 0.205682 -0.013566
v -0.000401 0.158409 -0.013566
v 0.054185 0.252955 -0.033748
v -0.000401 0.158409 -0.033748
v 0.054185 0.252955 -0.013566
v -0.027694 0.205682 -0.013566
v -0.000401 0.252955 -0.033748
v -0.027694 0.205682 -0.033748
v -0.000401 0.252955 -0.013566
v -0.000401 -0.046930 -0.119783
v 0.054185 -0.046930 -0.119783
v 0.054185 -0.046930 -0.139965
v -0.000401 -0.046930 -0.139965
v 0.081478 0.000343 -0.139965
v -0.027694 0.000343 -0.119783
v 0.081478 0.000343 -0.119783
v -0.027694 0.000343 -0.139965
v 0.054185 0.047616 -0.139965
v -0.000401 0.047616 -0.119783
v 0.054185 0.047616 -0.119783
v -0.000401 0.047616 -0.139965
v 0.054185 -0.046930 -0.013566
v 0.081478 0.000343 -0.033748
v 0.054185 -0.046930 -0.033748
v 0.081478 0.000343 -0.013566
v -0.000401 -0.046930 -0.013566
v 0.054185 0.047616 -0.033748
v -0.000401 -0.046930 -0.033748
v 0.054185 0.047616 -0.013566
v -0.027694 0.000343 -0.013566
v -0.000401 0.047616 -0.033748
v -0.027694 0.000343 -0.033748
v -0.000401 0.047616 -0.013566
v -0.000401 0.055940 -0.119783
v 0.054185 0.055940 -0.119783
v 0.054185 0.055940 -0.139965
v -0.000401 0.055940 -0.139965
v 0.081478 0.103213 -0.139965
v -0.027694 0.103213 -0.119783
v 0.081478 0.103213 -0.119783
v -0.027694 0.103213 -0.139965
v 0.054185 0.150485 -0.139965
v -0.000401 0.150485 -0.119783
v 0.054185 0.150485 -0.119783
v -0.000401 0.150485 -0.139965
v 0.054185 0.055940 -0.013566
v 0.081478 0.103213 -0.033748
v 0.054185 0.055940 -0.033748
v 0.081478 0.103213 -0.013566
v -0.000401 0.055940 -0.013566
v 0.054185 0.150485 -0.033748
v -0.000401 0.055940 -0.033748
v 0.054185 0.150485 -0.013566
v -0.027694 0.103213 -0.013566
v -0.000401 0.150485 -0.033748
v -0.027694 0.103213 -0.033748
v -0.000401 0.150485 -0.013566
v -0.011877 -0.251623 -0.013566
v 0.065491 -0.206979 -0.013566
v 0.077615 -0.213982 -0.067609
v -0.011880 -0.265623 -0.067609
v -0.089223 -0.206942 -0.013566
v 0.077639 -0.110657 -0.067609
v 0.065512 -0.117654 -0.013566
v -0.101350 -0.213939 -0.067609
v -0.089202 -0.117617 -0.013566
v -0.011831 -0.058973 -0.067609
v -0.011834 -0.072973 -0.013566
v -0.101326 -0.110614 -0.067609
v 0.053413 -0.200001 -0.101301
v 0.053431 -0.124626 -0.101301
v -0.011873 -0.237674 -0.101301
v -0.077142 -0.199970 -0.101301
v -0.077124 -0.124595 -0.101301
v -0.011837 -0.086922 -0.101301
vt 0.265625 0.953125
vt 0.265625 0.953125
vt 0.265625 0.953125
vt 0.265625 0.953125
vt 0.265625 0.953125
vt 0.265625 0.953125
vt 0.265625 0.953125
vt 0.265625 0.953125
vt 0.265625 0.953125
vt 0.265625 0.953125
vt 0.265625 0.953125
vt 0.265625 0.953125
vt 0.265625 0.953125
vt 0.265625 0.953125
vt 0.265625 0.953125
vt 0.265625 0.953125
vt 0.265625 0.953125
vt 0.265625 0.953125
vt 0.265625 0.953125
vt 0.265625 0.953125
vt 0.265625 0.953125
vt 0.265625 0.953125
vt 0.265625 0.953125
vt 0.265625 0.953125
vt 0.0859375 0.60937494
vt 0.0859375 0.60937494
vt 0.0859375 0.60937494
vt 0.0859375 0.60937494
vt 0.0859375 0.60937494
vt 0.0859375 0.60937494
vt 0.0859375 0.60937494
vt 0.0859375 0.60937494
vt 0.0859375 0.60937494
vt 0.0859375 0.60937494
vt 0.0859375 0.60937494
vt 0.0859375 0.60937494
vt 0.0859375 0.60937494
vt 0.0859375 0.60937494
vt 0.0859375 0.60937494
vt 0.0859375 0.60937494
vt 0.296875 0.890625
vt 0.296875 0.890625
vt 0.296875 0.890625
vt 0.296875 0.890625
vt 0.296875 0.890625
vt 0.296875 0.890625
vt 0.296875 0.890625
vt 0.296875 0.890625
vt 0.296875 0.890625
vt 0.296875 0.890625
vt 0.296875 0.890625
vt 0.296875 0.890625
vt 0.296875 0.890625
vt 0.296875 0.890625
vt 0.296875 0.890625
vt 0.296875 0.890625
vt 0.296875 0.890625
vt 0.296875 0.890625
vt 0.296875 0.890625
vt 0.296875 0.890625
vt 0.296875 0.890625
vt 0.296875 0.890625
vt 0.296875 0.890625
vt 0.296875 0.890625
vt 0.0859375 0.60937494
vt 0.0859375 0.60937494
vt 0.0859375 0.60937494
vt 0.0859375 0.60937494
vt 0.0859375 0.60937494
vt 0.0859375 0.60937494
vt 0.0859375 0.60937494
vt 0.0859375 0.60937494
vt 0.0859375 0.60937494
vt 0.0859375 0.60937494
vt 0.0859375 0.60937494
vt 0.0859375 0.60937494
vt 0.0859375 0.60937494
vt 0.0859375 0.60937494
vt 0.0859375 0.60937494
vt 0.0859375 0.60937494
vt 0.328125 0.828125
vt 0.328125 0.828125
vt 0.328125 0.828125
vt 0.328125 0.828125
vt 0.328125 0.828125
vt 0.328125 0.828125
vt 0.328125 0.828125
vt 0.328125 0.828125
vt 0.328125 0.828125
vt 0.328125 0.828125
vt 0.328125 0.828125
vt 0.328125 0.828125
vt 0.328125 0.828125
vt 0.328125 0.828125
vt 0.328125 0.828125
vt 0.328125 0.828125
vt 0.328125 0.828125
vt 0.328125 0.828125
vt 0.328125 0.828125
vt 0.328125 0.828125
vt 0.328125 0.828125
vt 0.328125 0.828125
vt 0.328125 0.828125
vt 0.328125 0.828125
vt 0.0859375 0.60937494
vt 0.0859375 0.60937494
vt 0.0859375 0.60937494
vt 0.0859375 0.60937494
vt 0.0859375 0.60937494
vt 0.0859375 0.60937494
vt 0.0859375 0.60937494
vt 0.0859375 0.60937494
vt 0.0859375 0.60937494
vt 0.0859375 0.60937494
vt 0.0859375 0.60937494
vt 0.0859375 0.60937494
vt 0.0859375 0.60937494
vt 0.0859375 0.60937494
vt 0.0859375 0.60937494
vt 0.0859375 0.60937494
vt 0.359375 0.828125
vt 0.359375 0.828125
vt 0.359375 0.828125
vt 0.359375 0.828125
vt 0.359375 0.828125
vt 0.359375 0.828125
vt 0.359375 0.828125
vt 0.359375 0.828125
vt 0.359375 0.828125
vt 0.359375 0.828125
vt 0.359375 0.828125
vt 0.359375 0.828125
vt 0.359375 0.828125
vt 0.359375 0.828125
vt 0.359375 0.828125
vt 0.359375 0.828125
vt 0.359375 0.828125
vt 0.359375 0.828125
vt 0.359375 0.828125
vt 0.359375 0.828125
vt 0.359375 0.828125
vt 0.359375 0.828125
vt 0.359375 0.828125
vt 0.359375 0.828125
vt 0.0859375 0.60937494
vt 0.0859375 0.60937494
vt 0.0859375 0.60937494
vt 0.0859375 0.60937494
vt 0.0859375 0.60937494
vt 0.0859375 0.60937494
vt 0.0859375 0.60937494
vt 0.0859375 0.60937494
vt 0.0859375 0.60937494
vt 0.0859375 0.60937494
vt 0.0859375 0.60937494
vt 0.0859375 0.60937494
vt 0.0859375 0.60937494
vt 0.0859375 0.60937494
vt 0.0859375 0.60937494
vt 0.0859375 0.60937494
vt 0.2265625 0.921875
vt 0.2265625 0.921875
vt 0.2265625 0.921875
vt 0.2265625 0.921875
vt 0.2265625 0.921875
vt 0.2265625 0.921875
vt 0.2265625 0.921875
vt 0.2265625 0.921875
vt 0.2265625 0.921875
vt 0.2265625 0.921875
vt 0.2265625 0.921875
vt 0.2265625 0.921875
vt 0.2265625 0.921875
vt 0.2265625 0.921875
vt 0.2265625 0.921875
vt 0.2265625 0.921875
vt 0.2109375 0.921875
vt 0.2109375 0.921875
vt 0.2109375 0.921875
vt 0.2109375 0.921875
vt 0.1953125 0.703125
vt 0.1953125 0.703125
vt 0.1953125 0.703125
vt 0.1953125 0.703125
vt 0.1953125 0.703125
vt 0.1953125 0.703125
vt 0.1953125 0.703125
vt 0.1953125 0.703125
vt 0.2109375 0.703125
vt 0.2109375 0.703125
vt 0.2109375 0.703125
vt 0.2109375 0.703125
vt 0.2109375 0.703125
vt 0.2109375 0.703125
vt 0.2109375 0.703125
vt 0.2109375 0.703125
vt 0.2265625 0.703125
vt 0.2265625 0.703125
vt 0.2265625 0.703125
vt 0.2265625 0.703125
vt 0.1953125 0.703125
vt 0.1953125 0.703125
vt 0.1953125 0.703125
vt 0.1953125 0.703125
vt 0.1953125 0.703125
vt 0.1953125 0.703125
vt 0.1953125 0.703125
vt 0.1953125 0.703125
vt 0.2109375 0.703125
vt 0.2109375 0.703125
vt 0.2109375 0.703125
vt 0.2109375 0.703125
vt 0.2109375 0.703125
vt 0.2109375 0.703125
vt 0.2109375 0.703125
vt 0.2109375 0.703125
vt 0.2265625 0.703125
vt 0.2265625 0.703125
vt 0.2265625 0.703125
vt 0.2265625 0.703125
vt 0.1953125 0.703125
vt 0.1953125 0.703125
vt 0.1953125 0.703125
vt 0.1953125 0.703125
vt 0.1953125 0.703125
vt 0.1953125 0.703125
vt 0.1953125 0.703125
vt 0.1953125 0.703125
vt 0.2109375 0.703125
vt 0.2109375 0.703125
vt 0.2109375 0.703125
vt 0.2109375 0.703125
vt 0.2109375 0.703125
vt 0.2109375 0.703125
vt 0.2109375 0.703125
vt 0.2109375 0.703125
vt 0.2265625 0.703125
vt 0.2265625 0.703125
vt 0.2265625 0.703125
vt 0.2265625 0.703125
vt 0.1953125 0.703125
vt 0.1953125 0.703125
vt 0.1953125 0.703125
vt 0.1953125 0.703125
vt 0.1953125 0.703125
vt 0.1953125 0.703125
vt 0.1953125 0.703125
vt 0.1953125 0.703125
vt 0.2109375 0.703125
vt 0.2109375 0.703125
vt 0.2109375 0.703125
vt 0.2109375 0.703125
vt 0.2109375 0.703125
vt 0.2109375 0.703125
vt 0.2109375 0.703125
vt 0.2109375 0.703125
vt 0.2265625 0.703125
vt 0.2265625 0.703125
vt 0.2265625 0.703125
vt 0.2265625 0.703125
vt 0.328125 0.671875
vt 0.328125 0.671875
vt 0.328125 0.671875
vt 0.328125 0.671875
vt 0.328125 0.671875
vt 0.328125 0.671875
vt 0.328125 0.671875
vt 0.328125 0.671875
vt 0.1953125 0.73437494
vt 0.1953125 0.73437494
vt 0.1953125 0.73437494
vt 0.1953125 0.73437494
vt 0.1953125 0.73437494
vt 0.1953125 0.73437494
vt 0.1953125 0.73437494
vt 0.1953125 0.73437494
vt 0.1953125 0.73437494
vt 0.1953125 0.73437494
vt 0.1953125 0.73437494
vt 0.1953125 0.73437494
vt 0.1953125 0.73437494
vt 0.1953125 0.73437494
vt 0.1953125 0.73437494
vt 0.1953125 0.73437494
vt 0.1953125 0.73437494
vt 0.1953125 0.73437494
vt 0.1953125 0.73437494
vt 0.1953125 0.73437494
vt 0.1953125 0.73437494
vt 0.1953125 0.73437494
vt 0.1953125 0.73437494
vt 0.1953125 0.73437494
vt 0.1953125 0.73437494
vt 0.1953125 0.73437494
vt 0.1953125 0.73437494
vt 0.1953125 0.73437494
vt 0.1953125 0.73437494
vt 0.1953125 0.73437494
vt 0.1953125 0.73437494
vt 0.1953125 0.73437494
vt 0.1953125 0.73437494
vt 0.1953125 0.73437494
vt 0.1953125 0.73437494
vt 0.1953125 0.73437494
vt 0.1953125 0.73437494
vt 0.1953125 0.73437494
vt 0.1953125 0.73437494
vt 0.1953125 0.73437494
vt 0.1953125 0.73437494
vt 0.1953125 0.73437494
vt 0.1953125 0.73437494
vt 0.1953125 0.73437494
vt 0.1953125 0.73437494
vt 0.1953125 0.73437494
vt 0.1953125 0.73437494
vt 0.1953125 0.73437494
vt 0.1953125 0.73437494
vt 0.1953125 0.73437494
vt 0.1953125 0.73437494
vt 0.1953125 0.73437494
vt 0.1953125 0.73437494
vt 0.1953125 0.73437494
vt 0.1953125 0.73437494
vt 0.1953125 0.73437494
vt 0.1953125 0.73437494
vt 0.1953125 0.73437494
vt 0.1953125 0.73437494
vt 0.1953125 0.73437494
vt 0.328125 0.671875
vt 0.328125 0.671875
vt 0.328125 0.671875
vt 0.328125 0.671875
vt 0.328125 0.671875
vt 0.328125 0.671875
vt 0.328125 0.671875
vt 0.328125 0.671875
vt 0.328125 0.671875
vt 0.328125 0.671875
vt 0.328125 0.671875
vt 0.328125 0.671875
vt 0.296875 0.703125
vt 0.296875 0.703125
vt 0.296875 0.703125
vt 0.296875 0.70312494
vt 0.296875 0.70312494
vt 0.296875 0.703124881
vt 0.296875 0.703125
vt 0.296875 0.703125
vt 0.296875 0.703125
vt 0.296875 0.70312494
vt 0.296875 0.703124881
vt 0.296875 0.70312494
vt 0.296875 0.703125
vt 0.296875 0.703125
vt 0.296875 0.703125
vt 0.296875 0.70312494
vt 0.296875 0.703124881
vt 0.296875 0.70312494
vt 0.296875 0.703125
vt 0.296875 0.703125
vt 0.296875 0.703125
vt 0.296875 0.70312494
vt 0.296875 0.703124881
vt 0.296875 0.70312494
vt 0.0859375 0.57812494
vt 0.0390624963 0.57812494
vt 0.0859375 0.57812494
vt 0.0859375 0.57812494
vt 0.0390624963 0.57812494
vt 0.0390624963 0.57812494
vt 0.0859375 0.57812494
vt 0.0390624963 0.57812494
vt 0.0390624963 0.57812494
vt 0.0859375 0.57812494
vt 0.0859375 0.57812494
vt 0.0390624963 0.57812494
vt 0.2265625 0.92187494
vt 0.2265625 0.92187494
vt 0.2265625 0.92187494
vt 0.2265625 0.92187494
vt 0.2265625 0.92187494
vt 0.2265625 0.92187494
vt 0.2265625 0.92187494
vt 0.2265625 0.92187494
vt 0.0390624963 0.57812494
vt 0.0390624963 0.57812494
vt 0.0390624963 0.57812494
vt 0.0390624963 0.57812494
vt 0.0390624963 0.57812494
vt 0.0390624963 0.57812494
vt 0.0390624963 0.57812494
vt 0.0390624963 0.57812494
vt 0.0390624963 0.57812494
vt 0.0390624963 0.57812494
vt 0.0390624963 0.57812494
vt 0.0390624963 0.57812494
vt 0.1484375 0.70312494
vt 0.1484375 0.70312494
vt 0.1484375 0.70312494
vt 0.1484375 0.70312494
vt 0.1484375 0.703124881
vt 0.1484375 0.70312494
vt 0.1484375 0.70312494
vt 0.1484375 0.703125
vt 0.1484375 0.703125
vt 0.1484375 0.70312494
vt 0.1484375 0.70312494
vt 0.1484375 0.703125
vt 0.1484375 0.70312494
vt 0.1484375 0.70312494
vt 0.1484375 0.70312494
vt 0.1484375 0.70312494
vt 0.1484375 0.703124881
vt 0.1484375 0.70312494
vt 0.1484375 0.70312494
vt 0.1484375 0.703125
vt 0.1484375 0.703125
vt 0.1484375 0.70312494
vt 0.1484375 0.70312494
vt 0.1484375 0.703125
vt 0.1484375 0.70312494
vt 0.1484375 0.70312494
vt 0.1484375 0.70312494
vt 0.1484375 0.70312494
vt 0.1484375 0.703124881
vt 0.1484375 0.70312494
vt 0.1484375 0.70312494
vt 0.1484375 0.703125
vt 0.1484375 0.703125
vt 0.1484375 0.70312494
vt 0.1484375 0.70312494
vt 0.1484375 0.703125
vt 0.328125 0.82812494
vt 0.328125 0.82812494
vt 0.328125 0.82812494
vt 0.328125 0.82812494
vt 0.328125 0.82812494
vt 0.328125 0.82812494
vt 0.328125 0.82812494
vt 0.328125 0.82812494
vt 0.328125 0.82812494
vt 0.328125 0.82812494
vt 0.328125 0.82812494
vt 0.328125 0.82812494
vt 0.296875 0.82812494
vt 0.296875 0.82812494
vt 0.296875 0.82812494
vt 0.296875 0.82812494
vt 0.296875 0.82812494
vt 0.296875 0.82812494
vt 0.296875 0.82812494
vt 0.296875 0.82812494
vt 0.296875 0.82812494
vt 0.296875 0.82812494
vt 0.296875 0.82812494
vt 0.296875 0.82812494
vt 0.265625 0.82812494
vt 0.265625 0.82812494
vt 0.265625 0.82812494
vt 0.265625 0.82812494
vt 0.265625 0.82812494
vt 0.265625 0.82812494
vt 0.265625 0.82812494
vt 0.265625 0.82812494
vt 0.265625 0.82812494
vt 0.265625 0.82812494
vt 0.265625 0.82812494
vt 0.265625 0.82812494
vt 0.2265625 0.70312494
vt 0.2265625 0.70312494
vt 0.2265625 0.70312494
vt 0.2265625 0.70312494
vt 0.2265625 0.70312494
vt 0.2265625 0.70312494
vt 0.2265625 0.70312494
vt 0.2265625 0.70312494
vt 0.2265625 0.70312494
vt 0.2265625 0.70312494
vt 0.2265625 0.70312494
vt 0.2265625 0.70312494
vt 0.1484375 0.70312494
vt 0.1484375 0.70312494
vt 0.1484375 0.70312494
vt 0.1484375 0.70312494
vt 0.1484375 0.70312494
vt 0.1484375 0.70312494
vt 0.1484375 0.70312494
vt 0.1484375 0.70312494
vt 0.1484375 0.70312494
vt 0.1484375 0.70312494
vt 0.1484375 0.70312494
vt 0.1484375 0.70312494
vt 0.1484375 0.70312494
vt 0.1484375 0.70312494
vt 0.1484375 0.70312494
vt 0.1484375 0.70312494
vt 0.1484375 0.70312494
vt 0.1484375 0.70312494
vt 0.1484375 0.70312494
vt 0.1484375 0.70312494
vt 0.1484375 0.70312494
vt 0.1484375 0.70312494
vt 0.1484375 0.70312494
vt 0.1484375 0.70312494
vt 0.1484375 0.70312494
vt 0.1484375 0.70312494
vt 0.1484375 0.70312494
vt 0.1484375 0.70312494
vt 0.1484375 0.70312494
vt 0.1484375 0.70312494
vt 0.1484375 0.70312494
vt 0.1484375 0.70312494
vt 0.1484375 0.70312494
vt 0.1484375 0.70312494
vt 0.1484375 0.70312494
vt 0.1484375 0.70312494
vt 0.1484375 0.70312494
vt 0.1484375 0.70312494
vt 0.1484375 0.70312494
vt 0.1484375 0.70312494
vt 0.1484375 0.70312494
vt 0.1484375 0.70312494
vt 0.1484375 0.70312494
vt 0.1484375 0.70312494
vt 0.1484375 0.70312494
vt 0.1484375 0.70312494
vt 0.1484375 0.70312494
vt 0.1484375 0.70312494
vt 0.1484375 0.70312494
vt 0.1484375 0.70312494
vt 0.1484375 0.70312494
vt 0.1484375 0.70312494
vt 0.1484375 0.70312494
vt 0.1484375 0.70312494
vt 0.1484375 0.70312494
vt 0.1484375 0.70312494
vt 0.1484375 0.70312494
vt 0.1484375 0.70312494
vt 0.1484375 0.70312494
vt 0.1484375 0.70312494
vt 0.1484375 0.70312494
vt 0.1484375 0.70312494
vt 0.1484375 0.70312494
vt 0.1484375 0.70312494
vt 0.1484375 0.70312494
vt 0.1484375 0.70312494
vt 0.1484375 0.70312494
vt 0.1484375 0.70312494
vt 0.1484375 0.70312494
vt 0.1484375 0.70312494
vt 0.1484375 0.70312494
vt 0.1484375 0.70312494
vt 0.328125 0.921875
vt 0.328125 0.921875
vt 0.328125 0.921875
vt 0.328125 0.921875
vt 0.328125 0.921875
vt 0.328125 0.921875
vt 0.328125 0.921875
vt 0.328125 0.921875
vt 0.328125 0.921875
vt 0.328125 0.921875
vt 0.328125 0.921875
vt 0.328125 0.921875
vt 0.328125 0.921875
vt 0.328125 0.921875
vt 0.328125 0.921875
vt 0.328125 0.921875
vt 0.328125 0.921875
vt 0.328125 0.921875
vn 0.019291 -0.928004 -0.372071
vn 0.019291 -0.928004 -0.372071
vn 0.019291 -0.928004 -0.372071
vn 0.019291 -0.928004 -0.372071
vn 0.999806 0.019420 0.003402
vn 0.999806 0.019420 0.003402
vn 0.999806 0.019420 0.003402
vn 0.999806 0.019420 0.003402
vn -0.019291 0.928004 0.372071
vn -0.019291 0.928004 0.372071
vn -0.019291 0.928004 0.372071
vn -0.019291 0.928004 0.372071
vn -0.999806 -0.019420 -0.003402
vn -0.999806 -0.019420 -0.003402
vn -0.999806 -0.019420 -0.003402
vn -0.999806 -0.019420 -0.003402
vn 0.004069 -0.372065 0.928198
vn 0.004069 -0.372065 0.928198
vn 0.004069 -0.372065 0.928198
vn 0.004069 -0.372065 0.928198
vn -0.004068 0.372064 -0.928198
vn -0.004068 0.372064 -0.928198
vn -0.004068 0.372064 -0.928198
vn -0.004068 0.372064 -0.928198
vn -0.019290 0.928004 0.372071
vn -0.019290 0.928004 0.372071
vn -0.019290 0.928004 0.372071
vn -0.019290 0.928004 0.372071
vn 0.019291 -0.928004 -0.372071
vn 0.019291 -0.928004 -0.372071
vn 0.019291 -0.928004 -0.372071
vn 0.019291 -0.928004 -0.372071
vn -0.999806 -0.019420 -0.003402
vn -0.999806 -0.019420 -0.003402
vn -0.999806 -0.019420 -0.003402
vn -0.999806 -0.019420 -0.003402
vn 0.999806 0.019420 0.003402
vn 0.999806 0.019420 0.003402
vn 0.999806 0.019420 0.003402
vn 0.999806 0.019420 0.003402
vn 0.999721 0.022160 0.008156
vn 0.999721 0.022160 0.008156
vn 0.999721 0.022160 0.008156
vn 0.999721 0.022160 0.008156
vn -0.017070 0.916862 -0.398838
vn -0.017070 0.916862 -0.398838
vn -0.017070 0.916862 -0.398838
vn -0.017070 0.916862 -0.398838
vn -0.999721 -0.022161 -0.008156
vn -0.999721 -0.022161 -0.008156
vn -0.999721 -0.022161 -0.008156
vn -0.999721 -0.022161 -0.008156
vn 0.017070 -0.916863 0.398838
vn 0.017070 -0.916863 0.398838
vn 0.017070 -0.916863 0.398838
vn 0.017070 -0.916863 0.398838
vn -0.016317 0.398587 0.916985
vn -0.016317 0.398587 0.916985
vn -0.016317 0.398587 0.916985
vn -0.016317 0.398587 0.916985
vn 0.016316 -0.398588 -0.916985
vn 0.016316 -0.398588 -0.916985
vn 0.016316 -0.398588 -0.916985
vn 0.016316 -0.398588 -0.916985
vn -0.999721 -0.022160 -0.008156
vn -0.999721 -0.022160 -0.008156
vn -0.999721 -0.022160 -0.008156
vn -0.999721 -0.022160 -0.008156
vn 0.999721 0.022160 0.008156
vn 0.999721 0.022160 0.008156
vn 0.999721 0.022160 0.008156
vn 0.999721 0.022160 0.008156
vn 0.017070 -0.916863 0.398838
vn 0.017070 -0.916863 0.398838
vn 0.017070 -0.916863 0.398838
vn 0.017070 -0.916863 0.398838
vn -0.017069 0.916863 -0.398838
vn -0.017069 0.916863 -0.398838
vn -0.017069 0.916863 -0.398838
vn -0.017069 0.916863 -0.398838
vn -0.003507 -0.990773 -0.135484
vn -0.003507 -0.990773 -0.135484
vn -0.003507 -0.990773 -0.135484
vn -0.003507 -0.990773 -0.135484
vn 0.999987 -0.002985 -0.004056
vn 0.999987 -0.002985 -0.004056
vn 0.999987 -0.002985 -0.004056
vn 0.999987 -0.002985 -0.004056
vn 0.003507 0.990773 0.135484
vn 0.003507 0.990773 0.135484
vn 0.003507 0.990773 0.135484
vn 0.003507 0.990773 0.135484
vn -0.999987 0.002985 0.004056
vn -0.999987 0.002985 0.004056
vn -0.999987 0.002985 0.004056
vn -0.999987 0.002985 0.004056
vn 0.003614 -0.135496 0.990771
vn 0.003614 -0.135496 0.990771
vn 0.003614 -0.135496 0.990771
vn 0.003614 -0.135496 0.990771
vn -0.003614 0.135498 -0.990771
vn -0.003614 0.135498 -0.990771
vn -0.003614 0.135498 -0.990771
vn -0.003614 0.135498 -0.990771
vn 0.003507 0.990773 0.135484
vn 0.003507 0.990773 0.135484
vn 0.003507 0.990773 0.135484
vn 0.003507 0.990773 0.135484
vn -0.003506 -0.990773 -0.135484
vn -0.003506 -0.990773 -0.135484
vn -0.003506 -0.990773 -0.135484
vn -0.003506 -0.990773 -0.135484
vn -0.999987 0.002984 0.004056
vn -0.999987 0.002984 0.004056
vn -0.999987 0.002984 0.004056
vn -0.999987 0.002984 0.004056
vn 0.999987 -0.002984 -0.004056
vn 0.999987 -0.002984 -0.004056
vn 0.999987 -0.002984 -0.004056
vn 0.999987 -0.002984 -0.004056
vn 0.004855 -0.999307 0.036910
vn 0.004855 -0.999307 0.036910
vn 0.004855 -0.999307 0.036910
vn 0.004855 -0.999307 0.036910
vn 0.999985 0.004764 -0.002575
vn 0.999985 0.004764 -0.002575
vn 0.999985 0.004764 -0.002575
vn 0.999985 0.004764 -0.002575
vn -0.004856 0.999307 -0.036910
vn -0.004856 0.999307 -0.036910
vn -0.004856 0.999307 -0.036910
vn -0.004856 0.999307 -0.036910
vn -0.999985 -0.004764 0.002575
vn -0.999985 -0.004764 0.002575
vn -0.999985 -0.004764 0.002575
vn -0.999985 -0.004764 0.002575
vn 0.002398 0.036921 0.999315
vn 0.002398 0.036921 0.999315
vn 0.002398 0.036921 0.999315
vn 0.002398 0.036921 0.999315
vn -0.002397 -0.036922 -0.999315
vn -0.002397 -0.036922 -0.999315
vn -0.002397 -0.036922 -0.999315
vn -0.002397 -0.036922 -0.999315
vn -0.004855 0.999307 -0.036910
vn -0.004855 0.999307 -0.036910
vn -0.004855 0.999307 -0.036910
vn -0.004855 0.999307 -0.036910
vn 0.004857 -0.999307 0.036910
vn 0.004857 -0.999307 0.036910
vn 0.004857 -0.999307 0.036910
vn 0.004857 -0.999307 0.036910
vn -0.999985 -0.004765 0.002575
vn -0.999985 -0.004765 0.002575
vn -0.999985 -0.004765 0.002575
vn -0.999985 -0.004765 0.002575
vn 0.999985 0.004765 -0.002575
vn 0.999985 0.004765 -0.002575
vn 0.999985 0.004765 -0.002575
vn 0.999985 0.004765 -0.002575
vn -0.000000 -1.000000 0.000000
vn -0.000000 -1.000000 0.000000
vn -0.000000 -1.000000 0.000000
vn -0.000000 -1.000000 0.000000
vn 1.000000 -0.000000 0.000000
vn 1.000000 -0.000000 0.000000
vn 1.000000 -0.000000 0.000000
vn 1.000000 -0.000000 0.000000
vn 0.000000 1.000000 -0.000000
vn 0.000000 1.000000 -0.000000
vn 0.000000 1.000000 -0.000000
vn 0.000000 1.000000 -0.000000
vn -1.000000 0.000000 -0.000000
vn -1.000000 0.000000 -0.000000
vn -1.000000 0.000000 -0.000000
vn -1.000000 0.000000 -0.000000
vn -0.000000 -0.000000 -1.000000
vn -0.000000 -0.000000 -1.000000
vn -0.000000 -0.000000 -1.000000
vn -0.000000 -0.000000 -1.000000
vn -0.000000 -1.000000 0.000000
vn -0.000000 -1.000000 0.000000
vn -0.000000 -1.000000 0.000000
vn -0.000000 -1.000000 0.000000
vn 1.000000 -0.000000 0.000000
vn 1.000000 -0.000000 0.000000
vn 1.000000 -0.000000 0.000000
vn 1.000000 -0.000000 0.000000
vn 0.000000 1.000000 -0.000000
vn 0.000000 1.000000 -0.000000
vn 0.000000 1.000000 -0.000000
vn 0.000000 1.000000 -0.000000
vn -1.000000 0.000000 -0.000000
vn -1.000000 0.000000 -0.000000
vn -1.000000 0.000000 -0.000000
vn -1.000000 0.000000 -0.000000
vn 0.000000 0.000000 1.000000
vn 0.000000 0.000000 1.000000
vn 0.000000 0.000000 1.000000
vn 0.000000 0.000000 1.000000
vn -1.000000 0.000000 -0.000000
vn -1.000000 0.000000 -0.000000
vn -1.000000 0.000000 -0.000000
vn -1.000000 0.000000 -0.000000
vn -0.000000 -1.000000 0.000000
vn -0.000000 -1.000000 0.000000
vn -0.000000 -1.000000 0.000000
vn -0.000000 -1.000000 0.000000
vn 1.000000 -0.000000 0.000000
vn 1.000000 -0.000000 0.000000
vn 1.000000 -0.000000 0.000000
vn 1.000000 -0.000000 0.000000
vn 0.000000 1.000000 -0.000000
vn 0.000000 1.000000 -0.000000
vn 0.000000 1.000000 -0.000000
vn 0.000000 1.000000 -0.000000
vn 0.000000 0.000000 1.000000
vn 0.000000 0.000000 1.000000
vn 0.000000 0.000000 1.000000
vn 0.000000 0.000000 1.000000
vn 0.000000 1.000000 -0.000000
vn 0.000000 1.000000 -0.000000
vn 0.000000 1.000000 -0.000000
vn 0.000000 1.000000 -0.000000
vn -1.000000 0.000000 -0.000000
vn -1.000000 0.000000 -0.000000
vn -1.000000 0.000000 -0.000000
vn -1.000000 0.000000 -0.000000
vn -0.000000 -1.000000 0.000000
vn -0.000000 -1.000000 0.000000
vn -0.000000 -1.000000 0.000000
vn -0.000000 -1.000000 0.000000
vn 1.000000 -0.000000 0.000000
vn 1.000000 -0.000000 0.000000
vn 1.000000 -0.000000 0.000000
vn 1.000000 -0.000000 0.000000
vn 0.000000 0.000000 1.000000
vn 0.000000 0.000000 1.000000
vn 0.000000 0.000000 1.000000
vn 0.000000 0.000000 1.000000
vn 1.000000 -0.000000 0.000000
vn 1.000000 -0.000000 0.000000
vn 1.000000 -0.000000 0.000000
vn 1.000000 -0.000000 0.000000
vn 0.000000 1.000000 -0.000000
vn 0.000000 1.000000 -0.000000
vn 0.000000 1.000000 -0.000000
vn 0.000000 1.000000 -0.000000
vn -1.000000 0.000000 -0.000000
vn -1.000000 0.000000 -0.000000
vn -1.000000 0.000000 -0.000000
vn -1.000000 0.000000 -0.000000
vn -0.000000 -1.000000 0.000000
vn -0.000000 -1.000000 0.000000
vn -0.000000 -1.000000 0.000000
vn -0.000000 -1.000000 0.000000
vn 0.000000 0.000000 1.000000
vn 0.000000 0.000000 1.000000
vn 0.000000 0.000000 1.000000
vn 0.000000 0.000000 1.000000
vn -1.000000 0.000000 -0.000000
vn -1.000000 0.000000 -0.000000
vn -1.000000 0.000000 -0.000000
vn -1.000000 0.000000 -0.000000
vn 0.000000 0.000000 1.000000
vn 0.000000 0.000000 1.000000
vn 0.000000 0.000000 1.000000
vn 0.000000 0.000000 1.000000
vn 1.000000 -0.000000 0.000000
vn 1.000000 -0.000000 0.000000
vn 1.000000 -0.000000 0.000000
vn 1.000000 -0.000000 0.000000
vn 0.000000 1.000000 -0.000000
vn 0.000000 1.000000 -0.000000
vn 0.000000 1.000000 -0.000000
vn 0.000000 1.000000 -0.000000
vn -0.000000 -1.000000 0.000000
vn -0.000000 -1.000000 0.000000
vn -0.000000 -1.000000 0.000000
vn -0.000000 -1.000000 0.000000
vn 0.000000 0.000000 1.000000
vn 0.000000 0.000000 1.000000
vn 0.000000 0.000000 1.000000
vn 0.000000 0.000000 1.000000
vn -0.000000 -0.000000 -1.000000
vn -0.000000 -0.000000 -1.000000
vn -0.000000 -0.000000 -1.000000
vn -0.000000 -0.000000 -1.000000
vn 0.000000 0.000000 1.000000
vn 0.000000 0.000000 1.000000
vn 0.000000 0.000000 1.000000
vn 0.000000 0.000000 1.000000
vn 0.000000 1.000000 -0.000000
vn 0.000000 1.000000 -0.000000
vn 0.000000 1.000000 -0.000000
vn 0.000000 1.000000 -0.000000
vn -0.000000 -0.000000 -1.000000
vn -0.000000 -0.000000 -1.000000
vn -0.000000 -0.000000 -1.000000
vn -0.000000 -0.000000 -1.000000
vn 1.000000 -0.000000 0.000000
vn 1.000000 -0.000000 0.000000
vn 1.000000 -0.000000 0.000000
vn 1.000000 -0.000000 0.000000
vn -0.000000 -1.000000 0.000000
vn -0.000000 -1.000000 0.000000
vn -0.000000 -1.000000 0.000000
vn -0.000000 -1.000000 0.000000
vn 1.000000 -0.000000 0.000000
vn 1.000000 -0.000000 0.000000
vn 1.000000 -0.000000 0.000000
vn 1.000000 -0.000000 0.000000
vn 0.000000 1.000000 -0.000000
vn 0.000000 1.000000 -0.000000
vn 0.000000 1.000000 -0.000000
vn 0.000000 1.000000 -0.000000
vn -0.000000 -1.000000 0.000000
vn -0.000000 -1.000000 0.000000
vn -0.000000 -1.000000 0.000000
vn -0.000000 -1.000000 0.000000
vn 0.000000 0.000000 1.000000
vn 0.000000 0.000000 1.000000
vn 0.000000 0.000000 1.000000
vn 0.000000 0.000000 1.000000
vn -0.000000 -0.000000 -1.000000
vn -0.000000 -0.000000 -1.000000
vn -0.000000 -0.000000 -1.000000
vn -0.000000 -0.000000 -1.000000
vn 0.000000 1.000000 -0.000000
vn 0.000000 1.000000 -0.000000
vn 0.000000 1.000000 -0.000000
vn 0.000000 1.000000 -0.000000
vn 1.000000 -0.000000 0.000000
vn 1.000000 -0.000000 0.000000
vn 1.000000 -0.000000 0.000000
vn 1.000000 -0.000000 0.000000
vn -0.000000 -1.000000 0.000000
vn -0.000000 -1.000000 0.000000
vn -0.000000 -1.000000 0.000000
vn -0.000000 -1.000000 0.000000
vn -0.000000 -0.000000 -1.000000
vn -0.000000 -0.000000 -1.000000
vn -0.000000 -0.000000 -1.000000
vn -0.000000 -0.000000 -1.000000
vn -0.000000 -0.000000 -1.000000
vn -0.000000 -0.000000 -1.000000
vn -0.000000 -0.000000 -1.000000
vn -0.000000 -0.000000 -1.000000
vn -0.000000 -0.000000 -1.000000
vn -0.000000 -0.000000 -1.000000
vn -0.000000 -0.000000 -1.000000
vn -0.000000 -0.000000 -1.000000
vn -0.000000 -0.000000 -1.000000
vn -0.000000 -0.000000 -1.000000
vn -0.000000 -0.000000 -1.000000
vn -0.000000 -0.000000 -1.000000
vn -0.000000 -0.000000 -1.000000
vn -0.000000 -0.000000 -1.000000
vn -0.000000 -0.000000 -1.000000
vn -0.000000 -0.000000 -1.000000
vn -0.000000 -0.000000 -1.000000
vn -0.000000 -0.000000 -1.000000
vn -0.000000 -0.000000 -1.000000
vn -0.000000 -0.000000 -1.000000
vn 0.499755 0.865602 -0.031270
vn 0.998005 -0.000000 -0.063135
vn 0.999511 -0.000000 -0.031270
vn 0.499755 -0.865602 -0.031270
vn 0.499002 0.864298 -0.063135
vn 0.499002 -0.864298 -0.063135
vn -0.499756 0.865602 -0.031270
vn -0.499003 -0.864298 -0.063135
vn -0.499003 0.864298 -0.063135
vn -0.499756 -0.865602 -0.031270
vn -0.999511 0.000000 -0.031270
vn -0.998005 0.000000 -0.063135
vn 0.000000 0.000000 1.000000
vn 0.000000 0.000000 1.000000
vn 0.000000 0.000000 1.000000
vn 0.000000 0.000000 1.000000
vn 0.000000 0.000000 1.000000
vn 0.000000 0.000000 1.000000
vn 0.000000 0.000000 1.000000
vn 0.000000 0.000000 1.000000
vn -0.199276 -0.345155 -0.917146
vn -0.199276 -0.345155 -0.917146
vn 0.199276 -0.345156 -0.917146
vn -0.398551 0.000000 -0.917146
vn 0.199276 -0.345156 -0.917146
vn -0.398551 0.000000 -0.917146
vn 0.398552 -0.000000 -0.917146
vn -0.199276 0.345156 -0.917146
vn 0.398552 -0.000000 -0.917146
vn -0.199276 0.345156 -0.917146
vn 0.199276 0.345155 -0.917146
vn 0.199276 0.345155 -0.917146
vn -0.000000 -0.000000 -1.000000
vn -0.000000 -0.000000 -1.000000
vn -0.000000 -0.000000 -1.000000
vn -0.000000 -0.000000 -1.000000
vn -0.000000 -0.000000 -1.000000
vn -0.000000 -0.000000 -1.000000
vn -0.000000 -0.000000 -1.000000
vn -0.000000 -0.000000 -1.000000
vn -0.000000 -0.000000 -1.000000
vn -0.000000 -0.000000 -1.000000
vn -0.000000 -0.000000 -1.000000
vn -0.000000 -0.000000 -1.000000
vn -0.000000 -0.000000 -1.000000
vn -0.000000 -0.000000 -1.000000
vn -0.000000 -0.000000 -1.000000
vn -0.000000 -0.000000 -1.000000
vn -0.000000 -0.000000 -1.000000
vn -0.000000 -0.000000 -1.000000
vn -0.000000 -0.000000 -1.000000
vn -0.000000 -0.000000 -1.000000
vn -0.000000 -0.000000 -1.000000
vn -0.000000 -0.000000 -1.000000
vn -0.000000 -0.000000 -1.000000
vn -0.000000 -0.000000 -1.000000
vn -0.000000 -0.000000 -1.000000
vn -0.000000 -0.000000 -1.000000
vn -0.000000 -0.000000 -1.000000
vn -0.000000 -0.000000 -1.000000
vn -0.000000 -0.000000 -1.000000
vn -0.000000 -0.000000 -1.000000
vn -0.000000 -0.000000 -1.000000
vn -0.000000 -0.000000 -1.000000
vn -0.000000 -0.000000 -1.000000
vn -0.000000 -0.000000 -1.000000
vn -0.000000 -0.000000 -1.000000
vn -0.000000 -0.000000 -1.000000
vn 0.500000 0.866025 -0.000000
vn 0.500000 0.866025 -0.000000
vn -0.500000 0.866025 -0.000000
vn -0.500000 0.866025 -0.000000
vn 1.000000 -0.000000 0.000000
vn -1.000000 0.000000 -0.000000
vn 1.000000 -0.000000 0.000000
vn -1.000000 0.000000 -0.000000
vn 0.500000 -0.866026 0.000000
vn -0.500000 -0.866025 0.000000
vn 0.500000 -0.866026 0.000000
vn -0.500000 -0.866025 0.000000
vn 0.500000 0.866025 -0.000000
vn 0.500000 0.866025 -0.000000
vn -0.500000 0.866025 -0.000000
vn -0.500000 0.866025 -0.000000
vn 1.000000 -0.000000 0.000000
vn -1.000000 0.000000 -0.000000
vn 1.000000 -0.000000 0.000000
vn -1.000000 0.000000 -0.000000
vn 0.500000 -0.866025 0.000000
vn -0.500000 -0.866025 0.000000
vn 0.500000 -0.866025 0.000000
vn -0.500000 -0.866025 0.000000
vn 0.500000 0.866025 -0.000000
vn 0.500000 0.866025 -0.000000
vn -0.500000 0.866025 -0.000000
vn -0.500000 0.866025 -0.000000
vn 1.000000 -0.000000 0.000000
vn -1.000000 0.000000 -0.000000
vn 1.000000 -0.000000 0.000000
vn -1.000000 0.000000 -0.000000
vn 0.500000 -0.866025 0.000000
vn -0.500000 -0.866025 0.000000
vn 0.500000 -0.866025 0.000000
vn -0.500000 -0.866025 0.000000
vn 0.500000 -0.866026 0.000000
vn 0.999511 -0.000000 -0.031270
vn 0.499755 -0.865602 -0.031270
vn 1.000000 -0.000000 0.000000
vn -0.500000 -0.866025 0.000000
vn 0.499755 0.865602 -0.031270
vn -0.499756 -0.865602 -0.031270
vn 0.500000 0.866025 -0.000000
vn -1.000000 0.000000 -0.000000
vn -0.499756 0.865602 -0.031270
vn -0.999511 0.000000 -0.031270
vn -0.500000 0.866025 -0.000000
vn -0.500000 -0.866025 0.000000
vn 0.500000 -0.866026 0.000000
vn 0.500000 -0.866026 0.000000
vn -0.500000 -0.866025 0.000000
vn 1.000000 -0.000000 0.000000
vn -1.000000 0.000000 -0.000000
vn 1.000000 -0.000000 0.000000
vn -1.000000 0.000000 -0.000000
vn 0.500000 0.866025 -0.000000
vn -0.500000 0.866025 -0.000000
vn 0.500000 0.866025 -0.000000
vn -0.500000 0.866025 -0.000000
vn 0.500000 -0.866026 0.000000
vn 1.000000 -0.000000 0.000000
vn 0.500000 -0.866026 0.000000
vn 1.000000 -0.000000 0.000000
vn -0.500000 -0.866025 0.000000
vn 0.500000 0.866025 -0.000000
vn -0.500000 -0.866025 0.000000
vn 0.500000 0.866025 -0.000000
vn -1.000000 0.000000 -0.000000
vn -0.500000 0.866025 -0.000000
vn -1.000000 0.000000 -0.000000
vn -0.500000 0.866025 -0.000000
vn -0.500000 -0.866025 0.000000
vn 0.500000 -0.866025 0.000000
vn 0.500000 -0.866025 0.000000
vn -0.500000 -0.866025 0.000000
vn 1.000000 -0.000000 0.000000
vn -1.000000 0.000000 -0.000000
vn 1.000000 -0.000000 0.000000
vn -1.000000 0.000000 -0.000000
vn 0.500000 0.866025 -0.000000
vn -0.500000 0.866025 -0.000000
vn 0.500000 0.866025 -0.000000
vn -0.500000 0.866025 -0.000000
vn 0.500000 -0.866026 0.000000
vn 1.000000 -0.000000 0.000000
vn 0.500000 -0.866025 0.000000
vn 1.000000 -0.000000 0.000000
vn -0.500000 -0.866025 0.000000
vn 0.500000 0.866025 -0.000000
vn -0.500000 -0.866025 0.000000
vn 0.500000 0.866025 -0.000000
vn -1.000000 0.000000 -0.000000
vn -0.500000 0.866025 -0.000000
vn -1.000000 0.000000 -0.000000
vn -0.500000 0.866025 -0.000000
vn -0.500000 -0.866025 0.000000
vn 0.500000 -0.866025 0.000000
vn 0.500000 -0.866025 0.000000
vn -0.500000 -0.866025 0.000000
vn 1.000000 -0.000000 0.000000
vn -1.000000 0.000000 -0.000000
vn 1.000000 -0.000000 0.000000
vn -1.000000 0.000000 -0.000000
vn 0.500000 0.866025 -0.000000
vn -0.500000 0.866025 -0.000000
vn 0.500000 0.866025 -0.000000
vn -0.500000 0.866026 -0.000000
vn 0.500000 -0.866025 0.000000
vn 1.000000 -0.000000 0.000000
vn 0.500000 -0.866025 0.000000
vn 1.000000 -0.000000 0.000000
vn -0.500000 -0.866025 0.000000
vn 0.500000 0.866025 -0.000000
vn -0.500000 -0.866025 0.000000
vn 0.500000 0.866025 -0.000000
vn -1.000000 0.000000 -0.000000
vn -0.500000 0.866025 -0.000000
vn -1.000000 0.000000 -0.000000
vn -0.500000 0.866026 -0.000000
vn -0.000231 -0.968042 0.250790
vn 0.838233 -0.484220 0.250790
vn 0.849779 -0.490890 -0.192102
vn -0.000234 -0.981375 -0.192102
vn -0.838464 -0.483821 0.250790
vn 0.850013 0.490485 -0.192102
vn 0.838464 0.483821 0.250790
vn -0.850013 -0.490485 -0.192102
vn -0.838233 0.484220 0.250790
vn 0.000234 0.981375 -0.192102
vn 0.000230 0.968042 0.250790
vn -0.849779 0.490890 -0.192102
vn 0.455864 -0.263338 -0.850201
vn 0.455989 0.263120 -0.850201
vn -0.000125 -0.526458 -0.850201
vn -0.455989 -0.263121 -0.850201
vn -0.455864 0.263338 -0.850201
vn 0.000125 0.526458 -0.850201
f 1/1/1 2/2/2 3/3/3
f 1/1/1 3/3/3 4/4/4
f 5/5/5 6/6/6 7/7/7
f 5/5/5 7/7/7 8/8/8
f 9/9/9 10/10/10 11/11/11
f 9/9/9 11/11/11 12/12/12
f 13/13/13 14/14/14 15/15/15
f 13/13/13 15/15/15 16/16/16
f 17/17/17 18/18/18 19/19/19
f 17/17/17 19/19/19 20/20/20
f 21/21/21 22/22/22 23/23/23
f 21/21/21 23/23/23 24/24/24
f 25/25/25 26/26/26 27/27/27
f 25/25/25 27/27/27 28/28/28
f 29/29/29 30/30/30 31/31/31
f 29/29/29 31/31/31 32/32/32
f 33/33/33 34/34/34 35/35/35
f 33/33/33 35/35/35 36/36/36
f 37/37/37 38/38/38 39/39/39
f 37/37/37 39/39/39 40/40/40
f 41/41/41 42/42/42 43/43/43
f 41/41/41 43/43/43 44/44/44
f 45/45/45 46/46/46 47/47/47
f 45/45/45 47/47/47 48/48/48
f 49/49/49 50/50/50 51/51/51
f 49/49/49 51/51/51 52/52/52
f 53/53/53 54/54/54 55/55/55
f 53/53/53 55/55/55 56/56/56
f 57/57/57 58/58/58 59/59/59
f 57/57/57 59/59/59 60/60/60
f 61/61/61 62/62/62 63/63/63
f 61/61/61 63/63/63 64/64/64
f 65/65/65 66/66/66 67/67/67
f 65/65/65 67/67/67 68/68/68
f 69/69/69 70/70/70 71/71/71
f 69/69/69 71/71/71 72/72/72
f 73/73/73 74/74/74 75/75/75
f 73/73/73 75/75/75 76/76/76
f 77/77/77 78/78/78 79/79/79
f 77/77/77 79/79/79 80/80/80
f 81/81/81 82/82/82 83/83/83
f 81/81/81 83/83/83 84/84/84
f 85/85/85 86/86/86 87/87/87
f 85/85/85 87/87/87 88/88/88
f 89/89/89 90/90/90 91/91/91
f 89/89/89 91/91/91 92/92/92
f 93/93/93 94/94/94 95/95/95
f 93/93/93 95/95/95 96/96/96
f 97/97/97 98/98/98 99/99/99
f 97/97/97 99/99/99 100/100/100
f 101/101/101 102/102/102 103/103/103
f 101/101/101 103/103/103 104/104/104
f 105/105/105 106/106/106 107/107/107
f 105/105/105 107/107/107 108/108/108
f 109/109/109 110/110/110 111/111/111
f 109/109/109 111/111/111 112/112/112
f 113/113/113 114/114/114 115/115/115
f 113/113/113 115/115/115 116/116/116
f 117/117/117 118/118/118 119/119/119
f 117/117/117 119/119/119 120/120/120
f 121/121/121 122/122/122 123/123/123
f 121/121/121 123/123/123 124/124/124
f 125/125/125 126/126/126 127/127/127
f 125/125/125 127/127/127 128/128/128
f 129/129/129 130/130/130 131/131/131
f 129/129/129 131/131/131 132/132/132
f 133/133/133 134/134/134 135/135/135
f 133/133/133 135/135/135 136/136/136
f 137/137/137 138/138/138 139/139/139
f 137/137/137 139/139/139 140/140/140
f 141/141/141 142/142/142 143/143/143
f 141/141/141 143/143/143 144/144/144
f 145/145/145 146/146/146 147/147/147
f 145/145/145 147/147/147 148/148/148
f 149/149/149 150/150/150 151/151/151
f 149/149/149 151/151/151 152/152/152
f 153/153/153 154/154/154 155/155/155
f 153/153/153 155/155/155 156/156/156
f 157/157/157 158/158/158 159/159/159
f 157/157/157 159/159/159 160/160/160
f 161/161/161 162/162/162 163/163/163
f 161/161/161 163/163/163 164/164/164
f 165/165/165 166/166/166 167/167/167
f 165/165/165 167/167/167 168/168/168
f 169/169/169 170/170/170 171/171/171
f 169/169/169 171/171/171 172/172/172
f 173/173/173 174/174/174 175/175/175
f 173/173/173 175/175/175 176/176/176
f 177/177/177 178/178/178 179/179/179
f 177/177/177 179/179/179 180/180/180
f 181/181/181 182/182/182 183/183/183
f 181/181/181 183/183/183 184/184/184
f 185/185/185 186/186/186 187/187/187
f 185/185/185 187/187/187 188/188/188
f 189/189/189 190/190/190 191/191/191
f 189/189/189 191/191/191 192/192/192
f 193/193/193 194/194/194 195/195/195
f 193/193/193 195/195/195 196/196/196
f 197/197/197 198/198/198 199/199/199
f 197/197/197 199/199/199 200/200/200
f 201/201/201 202/202/202 203/203/203
f 201/201/201 203/203/203 204/204/204
f 205/205/205 206/206/206 207/207/207
f 205/205/205 207/207/207 208/208/208
f 209/209/209 210/210/210 211/211/211
f 209/209/209 211/211/211 212/212/212
f 213/213/213 214/214/214 215/215/215
f 213/213/213 215/215/215 216/216/216
f 217/217/217 218/218/218 219/219/219
f 217/217/217 219/219/219 220/220/220
f 221/221/221 222/222/222 223/223/223
f 221/221/221 223/223/223 224/224/224
f 225/225/225 226/226/226 227/227/227
f 225/225/225 227/227/227 228/228/228
f 229/229/229 230/230/230 231/231/231
f 229/229/229 231/231/231 232/232/232
f 233/233/233 234/234/234 235/235/235
f 233/233/233 235/235/235 236/236/236
f 237/237/237 238/238/238 239/239/239
f 237/237/237 239/239/239 240/240/240
f 241/241/241 242/242/242 243/243/243
f 241/241/241 243/243/243 244/244/244
f 245/245/245 246/246/246 247/247/247
f 245/245/245 247/247/247 248/248/248
f 249/249/249 250/250/250 251/251/251
f 249/249/249 251/251/251 252/252/252
f 253/253/253 254/254/254 255/255/255
f 253/253/253 255/255/255 256/256/256
f 257/257/257 258/258/258 259/259/259
f 257/257/257 259/259/259 260/260/260
f 261/261/261 262/262/262 263/263/263
f 261/261/261 263/263/263 264/264/264
f 265/265/265 266/266/266 267/267/267
f 265/265/265 267/267/267 268/268/268
f 269/269/269 270/270/270 271/271/271
f 269/269/269 271/271/271 272/272/272
f 273/273/273 274/274/274 275/275/275
f 273/273/273 275/275/275 276/276/276
f 277/277/277 278/278/278 279/279/279
f 277/277/277 279/279/279 280/280/280
f 281/281/281 282/282/282 283/283/283
f 281/281/281 283/283/283 284/284/284
f 285/285/285 286/286/286 287/287/287
f 285/285/285 287/287/287 288/288/288
f 289/289/289 290/290/290 291/291/291
f 289/289/289 291/291/291 292/292/292
f 293/293/293 294/294/294 295/295/295
f 293/293/293 295/295/295 296/296/296
f 297/297/297 298/298/298 299/299/299
f 297/297/297 299/299/299 300/300/300
f 301/301/301 302/302/302 303/303/303
f 301/301/301 303/303/303 304/304/304
f 305/305/305 306/306/306 307/307/307
f 305/305/305 307/307/307 308/308/308
f 309/309/309 310/310/310 311/311/311
f 309/309/309 311/311/311 312/312/312
f 313/313/313 314/314/314 315/315/315
f 313/313/313 315/315/315 316/316/316
f 317/317/317 318/318/318 319/319/319
f 317/317/317 319/319/319 320/320/320
f 321/321/321 322/322/322 323/323/323
f 321/321/321 323/323/323 324/324/324
f 325/325/325 326/326/326 327/327/327
f 325/325/325 327/327/327 328/328/328
f 329/329/329 330/330/330 331/331/331
f 329/329/329 331/331/331 332/332/332
f 333/333/333 334/334/334 335/335/335
f 333/333/333 335/335/335 336/336/336
f 337/337/337 338/338/338 339/339/339
f 337/337/337 339/339/339 340/340/340
f 341/341/341 342/342/342 343/343/343
f 343/343/343 344/344/344 341/341/341
f 344/344/344 345/345/345 341/341/341
f 345/345/345 346/346/346 341/341/341
f 347/347/347 348/348/348 349/349/349
f 349/349/349 350/350/350 347/347/347
f 350/350/350 351/351/351 347/347/347
f 350/350/350 352/352/352 351/351/351
f 353/353/353 354/354/354 355/355/355
f 355/355/355 356/356/356 353/353/353
f 356/356/356 357/357/357 353/353/353
f 356/356/356 358/358/358 357/357/357
f 359/359/359 360/360/360 361/361/361
f 361/361/361 362/362/362 359/359/359
f 362/362/362 363/363/363 359/359/359
f 362/362/362 364/364/364 363/363/363
f 365/365/365 366/366/366 367/367/367
f 368/368/368 367/367/367 366/366/366
f 365/365/365 369/369/369 366/366/366
f 368/368/368 366/366/366 370/370/370
f 371/371/371 369/369/369 365/365/365
f 368/368/368 370/370/370 372/372/372
f 371/371/371 373/373/373 369/369/369
f 368/368/368 372/372/372 374/374/374
f 375/375/375 373/373/373 371/371/371
f 374/374/374 372/372/372 376/376/376
f 374/374/374 376/376/376 375/375/375
f 375/375/375 376/376/376 373/373/373
f 377/377/377 378/378/378 379/379/379
f 377/377/377 379/379/379 380/380/380
f 381/381/381 378/378/378 377/377/377
f 380/380/380 379/379/379 382/382/382
f 381/381/381 383/383/383 378/378/378
f 380/380/380 382/382/382 384/384/384
f 384/384/384 383/383/383 381/381/381
f 384/384/384 382/382/382 383/383/383
f 385/385/385 386/386/386 387/387/387
f 388/388/388 386/386/386 385/385/385
f 385/385/385 387/387/387 389/389/389
f 388/388/388 390/390/390 386/386/386
f 389/389/389 387/387/387 391/391/391
f 392/392/392 390/390/390 388/388/388
f 389/389/389 391/391/391 393/393/393
f 392/392/392 394/394/394 390/390/390
f 393/393/393 391/391/391 395/395/395
f 396/396/396 394/394/394 392/392/392
f 393/393/393 395/395/395 396/396/396
f 396/396/396 395/395/395 394/394/394
f 397/397/397 398/398/398 399/399/399
f 400/400/400 398/398/398 397/397/397
f 397/397/397 399/399/399 401/401/401
f 400/400/400 402/402/402 398/398/398
f 401/401/401 399/399/399 403/403/403
f 404/404/404 402/402/402 400/400/400
f 401/401/401 403/403/403 405/405/405
f 404/404/404 406/406/406 402/402/402
f 405/405/405 403/403/403 407/407/407
f 408/408/408 406/406/406 404/404/404
f 405/405/405 407/407/407 408/408/408
f 408/408/408 407/407/407 406/406/406
f 409/409/409 410/410/410 411/411/411
f 412/412/412 410/410/410 409/409/409
f 409/409/409 411/411/411 413/413/413
f 412/412/412 414/414/414 410/410/410
f 413/413/413 411/411/411 415/415/415
f 416/416/416 414/414/414 412/412/412
f 413/413/413 415/415/415 417/417/417
f 416/416/416 418/418/418 414/414/414
f 417/417/417 415/415/415 419/419/419
f 420/420/420 418/418/418 416/416/416
f 417/417/417 419/419/419 420/420/420
f 420/420/420 419/419/419 418/418/418
f 421/421/421 422/422/422 423/423/423
f 424/424/424 422/422/422 421/421/421
f 421/421/421 423/423/423 425/425/425
f 424/424/424 426/426/426 422/422/422
f 425/425/425 423/423/423 427/427/427
f 428/428/428 426/426/426 424/424/424
f 425/425/425 427/427/427 429/429/429
f 428/428/428 430/430/430 426/426/426
f 429/429/429 427/427/427 431/431/431
f 432/432/432 430/430/430 428/428/428
f 429/429/429 431/431/431 432/432/432
f 432/432/432 431/431/431 430/430/430
f 433/433/433 434/434/434 435/435/435
f 433/433/433 435/435/435 436/436/436
f 437/437/437 434/434/434 433/433/433
f 436/436/436 435/435/435 438/438/438
f 437/437/437 439/439/439 434/434/434
f 436/436/436 438/438/438 440/440/440
f 441/441/441 439/439/439 437/437/437
f 440/440/440 438/438/438 442/442/442
f 441/441/441 443/443/443 439/439/439
f 440/440/440 442/442/442 444/444/444
f 444/444/444 443/443/443 441/441/441
f 444/444/444 442/442/442 443/443/443
f 445/445/445 446/446/446 447/447/447
f 445/445/445 447/447/447 448/448/448
f 449/449/449 446/446/446 445/445/445
f 448/448/448 447/447/447 450/450/450
f 449/449/449 451/451/451 446/446/446
f 448/448/448 450/450/450 452/452/452
f 453/453/453 451/451/451 449/449/449
f 452/452/452 450/450/450 454/454/454
f 453/453/453 455/455/455 451/451/451
f 452/452/452 454/454/454 456/456/456
f 456/456/456 455/455/455 453/453/453
f 456/456/456 454/454/454 455/455/455
f 457/457/457 458/458/458 459/459/459
f 457/457/457 459/459/459 460/460/460
f 461/461/461 458/458/458 457/457/457
f 460/460/460 459/459/459 462/462/462
f 461/461/461 463/463/463 458/458/458
f 460/460/460 462/462/462 464/464/464
f 465/465/465 463/463/463 461/461/461
f 464/464/464 462/462/462 466/466/466
f 465/465/465 467/467/467 463/463/463
f 464/464/464 466/466/466 468/468/468
f 468/468/468 467/467/467 465/465/465
f 468/468/468 466/466/466 467/467/467
f 469/469/469 470/470/470 471/471/471
f 469/469/469 472/472/472 470/470/470
f 473/473/473 469/469/469 471/471/471
f 472/472/472 474/474/474 470/470/470
f 473/473/473 471/471/471 475/475/475
f 472/472/472 476/476/476 474/474/474
f 477/477/477 473/473/473 475/475/475
f 476/476/476 478/478/478 474/474/474
f 477/477/477 475/475/475 479/479/479
f 476/476/476 480/480/480 478/478/478
f 480/480/480 477/477/477 479/479/479
f 480/480/480 479/479/479 478/478/478
f 481/481/481 482/482/482 483/483/483
f 481/481/481 483/483/483 484/484/484
f 482/482/482 485/485/485 483/483/483
f 486/486/486 481/481/481 484/484/484
f 482/482/482 487/487/487 485/485/485
f 486/486/486 484/484/484 488/488/488
f 487/487/487 489/489/489 485/485/485
f 490/490/490 486/486/486 488/488/488
f 487/487/487 491/491/491 489/489/489
f 490/490/490 488/488/488 492/492/492
f 491/491/491 490/490/490 492/492/492
f 491/491/491 492/492/492 489/489/489
f 493/493/493 494/494/494 495/495/495
f 493/493/493 496/496/496 494/494/494
f 497/497/497 493/493/493 495/495/495
f 496/496/496 498/498/498 494/494/494
f 497/497/497 495/495/495 499/499/499
f 496/496/496 500/500/500 498/498/498
f 501/501/501 497/497/497 499/499/499
f 500/500/500 502/502/502 498/498/498
f 501/501/501 499/499/499 503/503/503
f 500/500/500 504/504/504 502/502/502
f 504/504/504 501/501/501 503/503/503
f 504/504/504 503/503/503 502/502/502
f 505/505/505 506/506/506 507/507/507
f 505/505/505 507/507/507 508/508/508
f 506/506/506 509/509/509 507/507/507
f 510/510/510 505/505/505 508/508/508
f 506/506/506 511/511/511 509/509/509
f 510/510/510 508/508/508 512/512/512
f 511/511/511 513/513/513 509/509/509
f 514/514/514 510/510/510 512/512/512
f 511/511/511 515/515/515 513/513/513
f 514/514/514 512/512/512 516/516/516
f 515/515/515 514/514/514 516/516/516
f 515/515/515 516/516/516 513/513/513
f 517/517/517 518/518/518 519/519/519
f 517/517/517 520/520/520 518/518/518
f 521/521/521 517/517/517 519/519/519
f 520/520/520 522/522/522 518/518/518
f 521/521/521 519/519/519 523/523/523
f 520/520/520 524/524/524 522/522/522
f 525/525/525 521/521/521 523/523/523
f 524/524/524 526/526/526 522/522/522
f 525/525/525 523/523/523 527/527/527
f 524/524/524 528/528/528 526/526/526
f 528/528/528 525/525/525 527/527/527
f 528/528/528 527/527/527 526/526/526
f 529/529/529 530/530/530 531/531/531
f 529/529/529 531/531/531 532/532/532
f 530/530/530 533/533/533 531/531/531
f 534/534/534 529/529/529 532/532/532
f 530/530/530 535/535/535 533/533/533
f 534/534/534 532/532/532 536/536/536
f 535/535/535 537/537/537 533/533/533
f 538/538/538 534/534/534 536/536/536
f 535/535/535 539/539/539 537/537/537
f 538/538/538 536/536/536 540/540/540
f 539/539/539 538/538/538 540/540/540
f 539/539/539 540/540/540 537/537/537
f 541/541/541 542/542/542 543/543/543
f 541/541/541 544/544/544 542/542/542
f 545/545/545 541/541/541 543/543/543
f 544/544/544 546/546/546 542/542/542
f 545/545/545 543/543/543 547/547/547
f 544/544/544 548/548/548 546/546/546
f 549/549/549 545/545/545 547/547/547
f 548/548/548 550/550/550 546/546/546
f 549/549/549 547/547/547 551/551/551
f 548/548/548 552/552/552 550/550/550
f 552/552/552 549/549/549 551/551/551
f 552/552/552 551/551/551 550/550/550
f 553/553/553 554/554/554 555/555/555
f 553/553/553 555/555/555 556/556/556
f 557/557/557 553/553/553 556/556/556
f 554/554/554 558/558/558 555/555/555
f 554/554/554 559/559/559 558/558/558
f 557/557/557 556/556/556 560/560/560
f 561/561/561 557/557/557 560/560/560
f 559/559/559 562/562/562 558/558/558
f 559/559/559 563/563/563 562/562/562
f 563/563/563 561/561/561 564/564/564
f 561/561/561 560/560/560 564/564/564
f 563/563/563 564/564/564 562/562/562
f 556/556/556 555/555/555 565/565/565
f 555/555/555 558/558/558 566/566/566
f 555/555/555 566/566/566 565/565/565
f 560/560/560 556/556/556 567/567/567
f 556/556/556 565/565/565 567/567/567
f 560/560/560 567/567/567 568/568/568
f 568/568/568 567/567/567 565/565/565
f 564/564/564 560/560/560 568/568/568
f 568/568/568 565/565/565 566/566/566
f 564/564/564 568/568/568 569/569/569
f 562/562/562 564/564/564 569/569/569
f 569/569/569 568/568/568 566/566/566
f 558/558/558 562/562/562 570/570/570
f 562/562/562 569/569/569 570/570/570
f 558/558/558 570/570/570 566/566/566
f 566/566/566 570/570/570 569/569/569
