# Unturned item rip -> Godot (X+Z negated, winding reversed, RH Y-up)
v 0.035846 -0.157156 -0.506103
v 0.038105 -0.157036 -0.431137
v 0.039113 -0.082043 -0.431287
v 0.036854 -0.082163 -0.506253
v 0.036854 -0.082163 -0.506253
v 0.039113 -0.082043 -0.431287
v -0.035846 -0.081031 -0.429030
v -0.038105 -0.081150 -0.503996
v -0.038105 -0.081150 -0.503996
v -0.035846 -0.081031 -0.429030
v -0.036854 -0.156024 -0.428879
v -0.039113 -0.156144 -0.503845
v -0.039113 -0.156144 -0.503845
v -0.036854 -0.156024 -0.428879
v 0.038105 -0.157036 -0.431137
v 0.035846 -0.157156 -0.506103
v 0.038105 -0.157036 -0.431137
v -0.036854 -0.156024 -0.428879
v -0.035846 -0.081031 -0.429030
v 0.039113 -0.082043 -0.431287
v -0.039113 -0.156144 -0.503845
v 0.035846 -0.157156 -0.506103
v 0.036854 -0.082163 -0.506253
v -0.038105 -0.081150 -0.503996
v 0.138162 -0.138638 -0.475052
v 0.096320 -0.149821 -0.413821
v 0.072827 -0.078662 -0.416878
v 0.114668 -0.067479 -0.478109
v 0.114668 -0.067479 -0.478109
v 0.072827 -0.078662 -0.416878
v 0.015187 -0.099548 -0.460080
v 0.057028 -0.088365 -0.521311
v 0.057028 -0.088365 -0.521311
v 0.015187 -0.099548 -0.460080
v 0.038681 -0.170708 -0.457023
v 0.080522 -0.159525 -0.518254
v 0.080522 -0.159525 -0.518254
v 0.038681 -0.170708 -0.457023
v 0.096320 -0.149821 -0.413821
v 0.138162 -0.138638 -0.475052
v 0.096320 -0.149821 -0.413821
v 0.038681 -0.170708 -0.457023
v 0.015187 -0.099548 -0.460080
v 0.072827 -0.078662 -0.416878
v 0.080522 -0.159525 -0.518254
v 0.138162 -0.138638 -0.475052
v 0.114668 -0.067479 -0.478109
v 0.057028 -0.088365 -0.521311
v -0.125920 -0.166469 -0.482276
v -0.068762 -0.172643 -0.434112
v -0.023779 -0.137895 -0.483041
v -0.080937 -0.131721 -0.531205
v -0.080937 -0.131721 -0.531205
v -0.023779 -0.137895 -0.483041
v -0.042066 -0.071718 -0.452856
v -0.099224 -0.065544 -0.501021
v -0.099224 -0.065544 -0.501021
v -0.042066 -0.071718 -0.452856
v -0.087049 -0.106465 -0.403927
v -0.144207 -0.100291 -0.452091
v -0.144207 -0.100291 -0.452091
v -0.087049 -0.106465 -0.403927
v -0.068762 -0.172643 -0.434112
v -0.125920 -0.166469 -0.482276
v -0.068762 -0.172643 -0.434112
v -0.087049 -0.106465 -0.403927
v -0.042066 -0.071718 -0.452856
v -0.023779 -0.137895 -0.483041
v -0.144207 -0.100291 -0.452091
v -0.125920 -0.166469 -0.482276
v -0.080937 -0.131721 -0.531205
v -0.099224 -0.065544 -0.501021
v -0.212002 -0.111236 -0.414761
v -0.160612 -0.165075 -0.424008
v -0.186249 -0.177633 -0.493363
v -0.237638 -0.123794 -0.484116
v -0.237638 -0.123794 -0.484116
v -0.186249 -0.177633 -0.493363
v -0.138011 -0.126951 -0.520371
v -0.189401 -0.073112 -0.511124
v -0.189401 -0.073112 -0.511124
v -0.138011 -0.126951 -0.520371
v -0.112374 -0.114393 -0.451017
v -0.163764 -0.060554 -0.441769
v -0.163764 -0.060554 -0.441769
v -0.112374 -0.114393 -0.451017
v -0.160612 -0.165075 -0.424008
v -0.212002 -0.111236 -0.414761
v -0.160612 -0.165075 -0.424008
v -0.112374 -0.114393 -0.451017
v -0.138011 -0.126951 -0.520371
v -0.186249 -0.177633 -0.493363
v -0.163764 -0.060554 -0.441769
v -0.212002 -0.111236 -0.414761
v -0.237638 -0.123794 -0.484116
v -0.189401 -0.073112 -0.511124
v 0.092846 -0.131463 -0.481691
v 0.129877 -0.158178 -0.422193
v 0.188385 -0.174804 -0.466073
v 0.151353 -0.148088 -0.525571
v 0.151353 -0.148088 -0.525571
v 0.188385 -0.174804 -0.466073
v 0.217204 -0.106724 -0.453441
v 0.180173 -0.080008 -0.512939
v 0.180173 -0.080008 -0.512939
v 0.217204 -0.106724 -0.453441
v 0.158696 -0.090098 -0.409561
v 0.121665 -0.063383 -0.469059
v 0.121665 -0.063383 -0.469059
v 0.158696 -0.090098 -0.409561
v 0.129877 -0.158178 -0.422193
v 0.092846 -0.131463 -0.481691
v 0.129877 -0.158178 -0.422193
v 0.158696 -0.090098 -0.409561
v 0.217204 -0.106724 -0.453441
v 0.188385 -0.174804 -0.466073
v 0.121665 -0.063383 -0.469059
v 0.092846 -0.131463 -0.481691
v 0.151353 -0.148088 -0.525571
v 0.180173 -0.080008 -0.512939
v 0.192615 -0.088520 -0.409989
v 0.213961 -0.155682 -0.435653
v 0.183467 -0.139894 -0.502331
v 0.162122 -0.072733 -0.476666
v 0.162122 -0.072733 -0.476666
v 0.183467 -0.139894 -0.502331
v 0.248579 -0.110483 -0.525144
v 0.227234 -0.043321 -0.499479
v 0.227234 -0.043321 -0.499479
v 0.248579 -0.110483 -0.525144
v 0.279072 -0.126271 -0.458466
v 0.257727 -0.059109 -0.432802
v 0.257727 -0.059109 -0.432802
v 0.279072 -0.126271 -0.458466
v 0.213961 -0.155682 -0.435653
v 0.192615 -0.088520 -0.409989
v 0.213961 -0.155682 -0.435653
v 0.279072 -0.126271 -0.458466
v 0.248579 -0.110483 -0.525144
v 0.183467 -0.139894 -0.502331
v 0.257727 -0.059109 -0.432802
v 0.192615 -0.088520 -0.409989
v 0.162122 -0.072733 -0.476666
v 0.227234 -0.043321 -0.499479
v -0.261594 -0.106886 -0.526305
v -0.196633 -0.127799 -0.495197
v -0.184230 -0.057071 -0.473547
v -0.249192 -0.036158 -0.504655
v -0.249192 -0.036158 -0.504655
v -0.184230 -0.057071 -0.473547
v -0.219603 -0.070679 -0.408828
v -0.284564 -0.049765 -0.439935
v -0.284564 -0.049765 -0.439935
v -0.219603 -0.070679 -0.408828
v -0.232006 -0.141407 -0.430477
v -0.296967 -0.120493 -0.461585
v -0.296967 -0.120493 -0.461585
v -0.232006 -0.141407 -0.430477
v -0.196633 -0.127799 -0.495197
v -0.261594 -0.106886 -0.526305
v -0.196633 -0.127799 -0.495197
v -0.232006 -0.141407 -0.430477
v -0.219603 -0.070679 -0.408828
v -0.184230 -0.057071 -0.473547
v -0.296967 -0.120493 -0.461585
v -0.261594 -0.106886 -0.526305
v -0.249192 -0.036158 -0.504655
v -0.284564 -0.049765 -0.439935
v -0.245429 0.014068 -0.526687
v -0.189983 -0.030951 -0.503793
v -0.185466 0.007330 -0.439457
v -0.240912 0.052348 -0.462350
v -0.240912 0.052348 -0.462350
v -0.185466 0.007330 -0.439457
v -0.235768 -0.038854 -0.408446
v -0.291214 0.006164 -0.431339
v -0.291214 0.006164 -0.431339
v -0.235768 -0.038854 -0.408446
v -0.240285 -0.077135 -0.472782
v -0.295731 -0.032116 -0.495676
v -0.295731 -0.032116 -0.495676
v -0.240285 -0.077135 -0.472782
v -0.189983 -0.030951 -0.503793
v -0.245429 0.014068 -0.526687
v -0.189983 -0.030951 -0.503793
v -0.240285 -0.077135 -0.472782
v -0.235768 -0.038854 -0.408446
v -0.185466 0.007330 -0.439457
v -0.295731 -0.032116 -0.495676
v -0.245429 0.014068 -0.526687
v -0.240912 0.052348 -0.462350
v -0.291214 0.006164 -0.431339
v -0.293430 0.098203 -0.482518
v -0.231595 0.125352 -0.449892
v -0.230188 0.066422 -0.403520
v -0.292023 0.039273 -0.436146
v -0.292023 0.039273 -0.436146
v -0.230188 0.066422 -0.403520
v -0.187768 0.028803 -0.452615
v -0.249602 0.001654 -0.485241
v -0.249602 0.001654 -0.485241
v -0.187768 0.028803 -0.452615
v -0.189174 0.087733 -0.498986
v -0.251009 0.060584 -0.531612
v -0.251009 0.060584 -0.531612
v -0.189174 0.087733 -0.498986
v -0.231595 0.125352 -0.449892
v -0.293430 0.098203 -0.482518
v -0.231595 0.125352 -0.449892
v -0.189174 0.087733 -0.498986
v -0.187768 0.028803 -0.452615
v -0.230188 0.066422 -0.403520
v -0.251009 0.060584 -0.531612
v -0.293430 0.098203 -0.482518
v -0.292023 0.039273 -0.436146
v -0.249602 0.001654 -0.485241
v -0.218827 0.174550 -0.524799
v -0.179973 0.131630 -0.477120
v -0.202188 0.174922 -0.420047
v -0.241041 0.217842 -0.467726
v -0.241041 0.217842 -0.467726
v -0.202188 0.174922 -0.420047
v -0.262371 0.131233 -0.410333
v -0.301224 0.174153 -0.458012
v -0.301224 0.174153 -0.458012
v -0.262371 0.131233 -0.410333
v -0.240156 0.087941 -0.467406
v -0.279009 0.130862 -0.515085
v -0.279009 0.130862 -0.515085
v -0.240156 0.087941 -0.467406
v -0.179973 0.131630 -0.477120
v -0.218827 0.174550 -0.524799
v -0.179973 0.131630 -0.477120
v -0.240156 0.087941 -0.467406
v -0.262371 0.131233 -0.410333
v -0.202188 0.174922 -0.420047
v -0.279009 0.130862 -0.515085
v -0.218827 0.174550 -0.524799
v -0.241041 0.217842 -0.467726
v -0.301224 0.174153 -0.458012
v 0.253735 0.212756 -0.492188
v 0.218123 0.195130 -0.428579
v 0.185574 0.136941 -0.462925
v 0.221186 0.154567 -0.526534
v 0.221186 0.154567 -0.526534
v 0.185574 0.136941 -0.462925
v 0.242997 0.093028 -0.442944
v 0.278609 0.110653 -0.506553
v 0.278609 0.110653 -0.506553
v 0.242997 0.093028 -0.442944
v 0.275546 0.151217 -0.408598
v 0.311158 0.168842 -0.472207
v 0.311158 0.168842 -0.472207
v 0.275546 0.151217 -0.408598
v 0.218123 0.195130 -0.428579
v 0.253735 0.212756 -0.492188
v 0.218123 0.195130 -0.428579
v 0.275546 0.151217 -0.408598
v 0.242997 0.093028 -0.442944
v 0.185574 0.136941 -0.462925
v 0.311158 0.168842 -0.472207
v 0.253735 0.212756 -0.492188
v 0.221186 0.154567 -0.526534
v 0.278609 0.110653 -0.506553
v 0.308174 0.069049 -0.492718
v 0.290644 0.055863 -0.420998
v 0.246914 0.116793 -0.420484
v 0.264444 0.129979 -0.492205
v 0.264444 0.129979 -0.492205
v 0.246914 0.116793 -0.420484
v 0.188558 0.075096 -0.442414
v 0.206088 0.088282 -0.514134
v 0.206088 0.088282 -0.514134
v 0.188558 0.075096 -0.442414
v 0.232288 0.014166 -0.442928
v 0.249818 0.027352 -0.514648
v 0.249818 0.027352 -0.514648
v 0.232288 0.014166 -0.442928
v 0.290644 0.055863 -0.420998
v 0.308174 0.069049 -0.492718
v 0.290644 0.055863 -0.420998
v 0.232288 0.014166 -0.442928
v 0.188558 0.075096 -0.442414
v 0.246914 0.116793 -0.420484
v 0.249818 0.027352 -0.514648
v 0.308174 0.069049 -0.492718
v 0.264444 0.129979 -0.492205
v 0.206088 0.088282 -0.514134
v 0.233138 0.008551 -0.407505
v 0.279354 0.044590 -0.454305
v 0.312492 -0.020420 -0.471644
v 0.266276 -0.056459 -0.424844
v 0.266276 -0.056459 -0.424844
v 0.312492 -0.020420 -0.471644
v 0.263594 -0.030413 -0.527627
v 0.217378 -0.066453 -0.480827
v 0.217378 -0.066453 -0.480827
v 0.263594 -0.030413 -0.527627
v 0.230456 0.034597 -0.510288
v 0.184240 -0.001443 -0.463488
v 0.184240 -0.001443 -0.463488
v 0.230456 0.034597 -0.510288
v 0.279354 0.044590 -0.454305
v 0.233138 0.008551 -0.407505
v 0.279354 0.044590 -0.454305
v 0.230456 0.034597 -0.510288
v 0.263594 -0.030413 -0.527627
v 0.312492 -0.020420 -0.471644
v 0.184240 -0.001443 -0.463488
v 0.233138 0.008551 -0.407505
v 0.266276 -0.056459 -0.424844
v 0.217378 -0.066453 -0.480827
v 0.209563 0.213118 -0.466338
v 0.248536 0.261032 -0.423790
v 0.223590 0.226505 -0.362059
v 0.184618 0.178591 -0.404608
v 0.184618 0.178591 -0.404608
v 0.223590 0.226505 -0.362059
v 0.282614 0.180277 -0.364064
v 0.243642 0.132362 -0.406612
v 0.243642 0.132362 -0.406612
v 0.282614 0.180277 -0.364064
v 0.307560 0.214803 -0.425794
v 0.268588 0.166889 -0.468342
v 0.268588 0.166889 -0.468342
v 0.307560 0.214803 -0.425794
v 0.248536 0.261032 -0.423790
v 0.209563 0.213118 -0.466338
v 0.248536 0.261032 -0.423790
v 0.307560 0.214803 -0.425794
v 0.282614 0.180277 -0.364064
v 0.223590 0.226505 -0.362059
v 0.268588 0.166889 -0.468342
v 0.209563 0.213118 -0.466338
v 0.184618 0.178591 -0.404608
v 0.243642 0.132362 -0.406612
v -0.280609 0.228543 -0.373196
v -0.268733 0.248458 -0.444522
v -0.195282 0.236094 -0.435744
v -0.207158 0.216179 -0.364418
v -0.207158 0.216179 -0.364418
v -0.195282 0.236094 -0.435744
v -0.204710 0.164851 -0.457206
v -0.216586 0.144936 -0.385880
v -0.216586 0.144936 -0.385880
v -0.204710 0.164851 -0.457206
v -0.278161 0.177215 -0.465983
v -0.290037 0.157300 -0.394657
v -0.290037 0.157300 -0.394657
v -0.278161 0.177215 -0.465983
v -0.268733 0.248458 -0.444522
v -0.280609 0.228543 -0.373196
v -0.268733 0.248458 -0.444522
v -0.278161 0.177215 -0.465983
v -0.204710 0.164851 -0.457206
v -0.195282 0.236094 -0.435744
v -0.290037 0.157300 -0.394657
v -0.280609 0.228543 -0.373196
v -0.207158 0.216179 -0.364418
v -0.216586 0.144936 -0.385880
v -0.165848 0.221339 -0.348639
v -0.211881 0.251085 -0.297442
v -0.270126 0.240008 -0.343376
v -0.224093 0.210261 -0.394573
v -0.224093 0.210261 -0.394573
v -0.270126 0.240008 -0.343376
v -0.280782 0.172056 -0.313476
v -0.234749 0.142309 -0.364673
v -0.234749 0.142309 -0.364673
v -0.280782 0.172056 -0.313476
v -0.222538 0.183133 -0.267543
v -0.176505 0.153387 -0.318740
v -0.176505 0.153387 -0.318740
v -0.222538 0.183133 -0.267543
v -0.211881 0.251085 -0.297442
v -0.165848 0.221339 -0.348639
v -0.211881 0.251085 -0.297442
v -0.222538 0.183133 -0.267543
v -0.280782 0.172056 -0.313476
v -0.270126 0.240008 -0.343376
v -0.176505 0.153387 -0.318740
v -0.165848 0.221339 -0.348639
v -0.224093 0.210261 -0.394573
v -0.234749 0.142309 -0.364673
v 0.248205 0.236058 -0.285589
v 0.199755 0.256556 -0.339044
v 0.239924 0.218831 -0.389919
v 0.288374 0.198333 -0.336464
v 0.288374 0.198333 -0.336464
v 0.239924 0.218831 -0.389919
v 0.199131 0.157336 -0.376526
v 0.247581 0.136838 -0.323071
v 0.247581 0.136838 -0.323071
v 0.199131 0.157336 -0.376526
v 0.158962 0.195061 -0.325652
v 0.207412 0.174563 -0.272197
v 0.207412 0.174563 -0.272197
v 0.158962 0.195061 -0.325652
v 0.199755 0.256556 -0.339044
v 0.248205 0.236058 -0.285589
v 0.199755 0.256556 -0.339044
v 0.158962 0.195061 -0.325652
v 0.199131 0.157336 -0.376526
v 0.239924 0.218831 -0.389919
v 0.207412 0.174563 -0.272197
v 0.248205 0.236058 -0.285589
v 0.288374 0.198333 -0.336464
v 0.247581 0.136838 -0.323071
v 0.161422 0.254030 -0.263267
v 0.229923 0.236080 -0.287974
v 0.245891 0.205413 -0.221419
v 0.177390 0.223362 -0.196713
v 0.177390 0.223362 -0.196713
v 0.245891 0.205413 -0.221419
v 0.219861 0.139365 -0.245607
v 0.151359 0.157314 -0.220901
v 0.151359 0.157314 -0.220901
v 0.219861 0.139365 -0.245607
v 0.203892 0.170032 -0.312162
v 0.135391 0.187982 -0.287456
v 0.135391 0.187982 -0.287456
v 0.203892 0.170032 -0.312162
v 0.229923 0.236080 -0.287974
v 0.161422 0.254030 -0.263267
v 0.229923 0.236080 -0.287974
v 0.203892 0.170032 -0.312162
v 0.219861 0.139365 -0.245607
v 0.245891 0.205413 -0.221419
v 0.135391 0.187982 -0.287456
v 0.161422 0.254030 -0.263267
v 0.177390 0.223362 -0.196713
v 0.151359 0.157314 -0.220901
v -0.215778 0.258026 -0.272397
v -0.202537 0.200961 -0.319229
v -0.145580 0.178589 -0.275864
v -0.158822 0.235655 -0.229033
v -0.158822 0.235655 -0.229033
v -0.145580 0.178589 -0.275864
v -0.192545 0.135368 -0.236477
v -0.205786 0.192434 -0.189646
v -0.205786 0.192434 -0.189646
v -0.192545 0.135368 -0.236477
v -0.249501 0.157740 -0.279842
v -0.262743 0.214805 -0.233011
v -0.262743 0.214805 -0.233011
v -0.249501 0.157740 -0.279842
v -0.202537 0.200961 -0.319229
v -0.215778 0.258026 -0.272397
v -0.202537 0.200961 -0.319229
v -0.249501 0.157740 -0.279842
v -0.192545 0.135368 -0.236477
v -0.145580 0.178589 -0.275864
v -0.262743 0.214805 -0.233011
v -0.215778 0.258026 -0.272397
v -0.158822 0.235655 -0.229033
v -0.205786 0.192434 -0.189646
v -0.173521 0.252694 -0.190367
v -0.167279 0.197824 -0.139619
v -0.183235 0.147095 -0.192506
v -0.189477 0.201965 -0.243254
v -0.189477 0.201965 -0.243254
v -0.183235 0.147095 -0.192506
v -0.110218 0.140700 -0.208401
v -0.116460 0.195570 -0.259149
v -0.116460 0.195570 -0.259149
v -0.110218 0.140700 -0.208401
v -0.094262 0.191429 -0.155514
v -0.100504 0.246299 -0.206263
v -0.100504 0.246299 -0.206263
v -0.094262 0.191429 -0.155514
v -0.167279 0.197824 -0.139619
v -0.173521 0.252694 -0.190367
v -0.167279 0.197824 -0.139619
v -0.094262 0.191429 -0.155514
v -0.110218 0.140700 -0.208401
v -0.183235 0.147095 -0.192506
v -0.100504 0.246299 -0.206263
v -0.173521 0.252694 -0.190367
v -0.189477 0.201965 -0.243254
v -0.116460 0.195570 -0.259149
v 0.160521 0.253407 -0.189903
v 0.175468 0.213849 -0.251844
v 0.179054 0.151107 -0.210910
v 0.164107 0.190665 -0.148969
v 0.164107 0.190665 -0.148969
v 0.179054 0.151107 -0.210910
v 0.105646 0.139988 -0.221523
v 0.090699 0.179546 -0.159581
v 0.090699 0.179546 -0.159581
v 0.105646 0.139988 -0.221523
v 0.102060 0.202729 -0.262457
v 0.087113 0.242287 -0.200516
v 0.087113 0.242287 -0.200516
v 0.102060 0.202729 -0.262457
v 0.175468 0.213849 -0.251844
v 0.160521 0.253407 -0.189903
v 0.175468 0.213849 -0.251844
v 0.102060 0.202729 -0.262457
v 0.105646 0.139988 -0.221523
v 0.179054 0.151107 -0.210910
v 0.087113 0.242287 -0.200516
v 0.160521 0.253407 -0.189903
v 0.164107 0.190665 -0.148969
v 0.090699 0.179546 -0.159581
v 0.059569 0.256771 -0.180383
v 0.016236 0.204546 -0.148449
v 0.042320 0.153397 -0.196703
v 0.085653 0.205622 -0.228637
v 0.085653 0.205622 -0.228637
v 0.042320 0.153397 -0.196703
v 0.097699 0.136623 -0.148987
v 0.141032 0.188848 -0.180922
v 0.141032 0.188848 -0.180922
v 0.097699 0.136623 -0.148987
v 0.071615 0.187772 -0.100733
v 0.114948 0.239997 -0.132668
v 0.114948 0.239997 -0.132668
v 0.071615 0.187772 -0.100733
v 0.016236 0.204546 -0.148449
v 0.059569 0.256771 -0.180383
v 0.016236 0.204546 -0.148449
v 0.071615 0.187772 -0.100733
v 0.097699 0.136623 -0.148987
v 0.042320 0.153397 -0.196703
v 0.114948 0.239997 -0.132668
v 0.059569 0.256771 -0.180383
v 0.085653 0.205622 -0.228637
v 0.141032 0.188848 -0.180922
v -0.126571 0.249014 -0.155798
v -0.073170 0.220225 -0.111701
v -0.100042 0.151319 -0.124146
v -0.153442 0.180108 -0.168243
v -0.153442 0.180108 -0.168243
v -0.100042 0.151319 -0.124146
v -0.054750 0.144380 -0.183522
v -0.108151 0.173169 -0.227620
v -0.108151 0.173169 -0.227620
v -0.054750 0.144380 -0.183522
v -0.027879 0.213286 -0.171077
v -0.081279 0.242075 -0.215175
v -0.081279 0.242075 -0.215175
v -0.027879 0.213286 -0.171077
v -0.073170 0.220225 -0.111701
v -0.126571 0.249014 -0.155798
v -0.073170 0.220225 -0.111701
v -0.027879 0.213286 -0.171077
v -0.054750 0.144380 -0.183522
v -0.100042 0.151319 -0.124146
v -0.081279 0.242075 -0.215175
v -0.126571 0.249014 -0.155798
v -0.153442 0.180108 -0.168243
v -0.108151 0.173169 -0.227620
v 0.038542 0.203131 -0.103586
v 0.048676 0.189387 -0.176617
v -0.005618 0.137692 -0.174421
v -0.015752 0.151437 -0.101391
v -0.015752 0.151437 -0.101391
v -0.005618 0.137692 -0.174421
v -0.056357 0.190263 -0.191356
v -0.066491 0.204008 -0.118326
v -0.066491 0.204008 -0.118326
v -0.056357 0.190263 -0.191356
v -0.002064 0.241958 -0.193552
v -0.012198 0.255703 -0.120521
v -0.012198 0.255703 -0.120521
v -0.002064 0.241958 -0.193552
v 0.048676 0.189387 -0.176617
v 0.038542 0.203131 -0.103586
v 0.048676 0.189387 -0.176617
v -0.002064 0.241958 -0.193552
v -0.056357 0.190263 -0.191356
v -0.005618 0.137692 -0.174421
v -0.012198 0.255703 -0.120521
v 0.038542 0.203131 -0.103586
v -0.015752 0.151437 -0.101391
v -0.066491 0.204008 -0.118326
vt 0 0
vt 0 0
vt 0 0
vt 0 0
vt 0 0
vt 0 0
vt 0 0
vt 0 0
vt 0 0
vt 0 0
vt 0 0
vt 0 0
vt 0 0
vt 0 0
vt 0 0
vt 0 0
vt 0 0
vt 0 0
vt 0 0
vt 0 0
vt 0 0
vt 0 0
vt 0 0
vt 0 0
vt 0 0
vt 0 0
vt 0 0
vt 0 0
vt 0 0
vt 0 0
vt 0 0
vt 0 0
vt 0 0
vt 0 0
vt 0 0
vt 0 0
vt 0 0
vt 0 0
vt 0 0
vt 0 0
vt 0 0
vt 0 0
vt 0 0
vt 0 0
vt 0 0
vt 0 0
vt 0 0
vt 0 0
vt 0 0
vt 0 0
vt 0 0
vt 0 0
vt 0 0
vt 0 0
vt 0 0
vt 0 0
vt 0 0
vt 0 0
vt 0 0
vt 0 0
vt 0 0
vt 0 0
vt 0 0
vt 0 0
vt 0 0
vt 0 0
vt 0 0
vt 0 0
vt 0 0
vt 0 0
vt 0 0
vt 0 0
vt 0 0
vt 0 0
vt 0 0
vt 0 0
vt 0 0
vt 0 0
vt 0 0
vt 0 0
vt 0 0
vt 0 0
vt 0 0
vt 0 0
vt 0 0
vt 0 0
vt 0 0
vt 0 0
vt 0 0
vt 0 0
vt 0 0
vt 0 0
vt 0 0
vt 0 0
vt 0 0
vt 0 0
vt 0 0
vt 0 0
vt 0 0
vt 0 0
vt 0 0
vt 0 0
vt 0 0
vt 0 0
vt 0 0
vt 0 0
vt 0 0
vt 0 0
vt 0 0
vt 0 0
vt 0 0
vt 0 0
vt 0 0
vt 0 0
vt 0 0
vt 0 0
vt 0 0
vt 0 0
vt 0 0
vt 0 0
vt 0 0
vt 0 0
vt 0 0
vt 0 0
vt 0 0
vt 0 0
vt 0 0
vt 0 0
vt 0 0
vt 0 0
vt 0 0
vt 0 0
vt 0 0
vt 0 0
vt 0 0
vt 0 0
vt 0 0
vt 0 0
vt 0 0
vt 0 0
vt 0 0
vt 0 0
vt 0 0
vt 0 0
vt 0 0
vt 0 0
vt 0 0
vt 0 0
vt 0 0
vt 0 0
vt 0 0
vt 0 0
vt 0 0
vt 0 0
vt 0 0
vt 0 0
vt 0 0
vt 0 0
vt 0 0
vt 0 0
vt 0 0
vt 0 0
vt 0 0
vt 0 0
vt 0 0
vt 0 0
vt 0 0
vt 0 0
vt 0 0
vt 0 0
vt 0 0
vt 0 0
vt 0 0
vt 0 0
vt 0 0
vt 0 0
vt 0 0
vt 0 0
vt 0 0
vt 0 0
vt 0 0
vt 0 0
vt 0 0
vt 0 0
vt 0 0
vt 0 0
vt 0 0
vt 0 0
vt 0 0
vt 0 0
vt 0 0
vt 0 0
vt 0 0
vt 0 0
vt 0 0
vt 0 0
vt 0 0
vt 0 0
vt 0 0
vt 0 0
vt 0 0
vt 0 0
vt 0 0
vt 0 0
vt 0 0
vt 0 0
vt 0 0
vt 0 0
vt 0 0
vt 0 0
vt 0 0
vt 0 0
vt 0 0
vt 0 0
vt 0 0
vt 0 0
vt 0 0
vt 0 0
vt 0 0
vt 0 0
vt 0 0
vt 0 0
vt 0 0
vt 0 0
vt 0 0
vt 0 0
vt 0 0
vt 0 0
vt 0 0
vt 0 0
vt 0 0
vt 0 0
vt 0 0
vt 0 0
vt 0 0
vt 0 0
vt 0 0
vt 0 0
vt 0 0
vt 0 0
vt 0 0
vt 0 0
vt 0 0
vt 0 0
vt 0 0
vt 0 0
vt 0 0
vt 0 0
vt 0 0
vt 0 0
vt 0 0
vt 0 0
vt 0 0
vt 0 0
vt 0 0
vt 0 0
vt 0 0
vt 0 0
vt 0 0
vt 0 0
vt 0 0
vt 0 0
vt 0 0
vt 0 0
vt 0 0
vt 0 0
vt 0 0
vt 0 0
vt 0 0
vt 0 0
vt 0 0
vt 0 0
vt 0 0
vt 0 0
vt 0 0
vt 0 0
vt 0 0
vt 0 0
vt 0 0
vt 0 0
vt 0 0
vt 0 0
vt 0 0
vt 0 0
vt 0 0
vt 0 0
vt 0 0
vt 0 0
vt 0 0
vt 0 0
vt 0 0
vt 0 0
vt 0 0
vt 0 0
vt 0 0
vt 0 0
vt 0 0
vt 0 0
vt 0 0
vt 0 0
vt 0 0
vt 0 0
vt 0 0
vt 0 0
vt 0 0
vt 0 0
vt 0 0
vt 0 0
vt 0 0
vt 0 0
vt 0 0
vt 0 0
vt 0 0
vt 0 0
vt 0 0
vt 0 0
vt 0 0
vt 0 0
vt 0 0
vt 0 0
vt 0 0
vt 0 0
vt 0 0
vt 0 0
vt 0 0
vt 0 0
vt 0 0
vt 0 0
vt 0 0
vt 0 0
vt 0 0
vt 0 0
vt 0 0
vt 0 0
vt 0 0
vt 0 0
vt 0 0
vt 0 0
vt 0 0
vt 0 0
vt 0 0
vt 0 0
vt 0 0
vt 0 0
vt 0 0
vt 0 0
vt 0 0
vt 0 0
vt 0 0
vt 0 0
vt 0 0
vt 0 0
vt 0 0
vt 0 0
vt 0 0
vt 0 0
vt 0 0
vt 0 0
vt 0 0
vt 0 0
vt 0 0
vt 0 0
vt 0 0
vt 0 0
vt 0 0
vt 0 0
vt 0 0
vt 0 0
vt 0 0
vt 0 0
vt 0 0
vt 0 0
vt 0 0
vt 0 0
vt 0 0
vt 0 0
vt 0 0
vt 0 0
vt 0 0
vt 0 0
vt 0 0
vt 0 0
vt 0 0
vt 0 0
vt 0 0
vt 0 0
vt 0 0
vt 0 0
vt 0 0
vt 0 0
vt 0 0
vt 0 0
vt 0 0
vt 0 0
vt 0 0
vt 0 0
vt 0 0
vt 0 0
vt 0 0
vt 0 0
vt 0 0
vt 0 0
vt 0 0
vt 0 0
vt 0 0
vt 0 0
vt 0 0
vt 0 0
vt 0 0
vt 0 0
vt 0 0
vt 0 0
vt 0 0
vt 0 0
vt 0 0
vt 0 0
vt 0 0
vt 0 0
vt 0 0
vt 0 0
vt 0 0
vt 0 0
vt 0 0
vt 0 0
vt 0 0
vt 0 0
vt 0 0
vt 0 0
vt 0 0
vt 0 0
vt 0 0
vt 0 0
vt 0 0
vt 0 0
vt 0 0
vt 0 0
vt 0 0
vt 0 0
vt 0 0
vt 0 0
vt 0 0
vt 0 0
vt 0 0
vt 0 0
vt 0 0
vt 0 0
vt 0 0
vt 0 0
vt 0 0
vt 0 0
vt 0 0
vt 0 0
vt 0 0
vt 0 0
vt 0 0
vt 0 0
vt 0 0
vt 0 0
vt 0 0
vt 0 0
vt 0 0
vt 0 0
vt 0 0
vt 0 0
vt 0 0
vt 0 0
vt 0 0
vt 0 0
vt 0 0
vt 0 0
vt 0 0
vt 0 0
vt 0 0
vt 0 0
vt 0 0
vt 0 0
vt 0 0
vt 0 0
vt 0 0
vt 0 0
vt 0 0
vt 0 0
vt 0 0
vt 0 0
vt 0 0
vt 0 0
vt 0 0
vt 0 0
vt 0 0
vt 0 0
vt 0 0
vt 0 0
vt 0 0
vt 0 0
vt 0 0
vt 0 0
vt 0 0
vt 0 0
vt 0 0
vt 0 0
vt 0 0
vt 0 0
vt 0 0
vt 0 0
vt 0 0
vt 0 0
vt 0 0
vt 0 0
vt 0 0
vt 0 0
vt 0 0
vt 0 0
vt 0 0
vt 0 0
vt 0 0
vt 0 0
vt 0 0
vt 0 0
vt 0 0
vt 0 0
vt 0 0
vt 0 0
vt 0 0
vt 0 0
vt 0 0
vt 0 0
vt 0 0
vt 0 0
vt 0 0
vt 0 0
vt 0 0
vt 0 0
vt 0 0
vt 0 0
vt 0 0
vt 0 0
vt 0 0
vt 0 0
vt 0 0
vt 0 0
vt 0 0
vt 0 0
vt 0 0
vt 0 0
vt 0 0
vt 0 0
vt 0 0
vt 0 0
vt 0 0
vt 0 0
vt 0 0
vt 0 0
vt 0 0
vt 0 0
vt 0 0
vt 0 0
vt 0 0
vt 0 0
vt 0 0
vt 0 0
vt 0 0
vt 0 0
vt 0 0
vt 0 0
vt 0 0
vt 0 0
vt 0 0
vt 0 0
vt 0 0
vt 0 0
vt 0 0
vt 0 0
vt 0 0
vt 0 0
vt 0 0
vt 0 0
vn 0.999456 -0.013500 -0.030099
vn 0.999456 -0.013500 -0.030099
vn 0.999456 -0.013500 -0.030099
vn 0.999456 -0.013500 -0.030099
vn 0.013445 0.999908 -0.002005
vn 0.013445 0.999908 -0.002005
vn 0.013445 0.999908 -0.002005
vn 0.013445 0.999908 -0.002005
vn -0.999456 0.013500 0.030099
vn -0.999456 0.013500 0.030099
vn -0.999456 0.013500 0.030099
vn -0.999456 0.013500 0.030099
vn -0.013445 -0.999908 0.002005
vn -0.013445 -0.999908 0.002005
vn -0.013445 -0.999908 0.002005
vn -0.013445 -0.999908 0.002005
vn 0.030123 0.001600 0.999545
vn 0.030123 0.001600 0.999545
vn 0.030123 0.001600 0.999545
vn 0.030123 0.001600 0.999545
vn -0.030123 -0.001599 -0.999545
vn -0.030123 -0.001599 -0.999545
vn -0.030123 -0.001599 -0.999545
vn -0.030123 -0.001599 -0.999545
vn 0.768530 0.278487 0.576027
vn 0.768530 0.278487 0.576027
vn 0.768530 0.278487 0.576027
vn 0.768530 0.278487 0.576027
vn -0.313251 0.948795 -0.040769
vn -0.313251 0.948795 -0.040769
vn -0.313251 0.948795 -0.040769
vn -0.313251 0.948795 -0.040769
vn -0.768530 -0.278486 -0.576027
vn -0.768530 -0.278486 -0.576027
vn -0.768530 -0.278486 -0.576027
vn -0.768530 -0.278486 -0.576027
vn 0.313250 -0.948795 0.040770
vn 0.313250 -0.948795 0.040770
vn 0.313250 -0.948795 0.040770
vn 0.313250 -0.948795 0.040770
vn -0.557885 -0.149108 0.816413
vn -0.557885 -0.149108 0.816413
vn -0.557885 -0.149108 0.816413
vn -0.557885 -0.149108 0.816413
vn 0.557885 0.149109 -0.816413
vn 0.557885 0.149109 -0.816413
vn 0.557885 0.149109 -0.816413
vn 0.557885 0.149109 -0.816413
vn 0.243826 -0.882367 -0.402463
vn 0.243826 -0.882367 -0.402463
vn 0.243826 -0.882367 -0.402463
vn 0.243826 -0.882367 -0.402463
vn 0.599779 0.463305 -0.652391
vn 0.599779 0.463305 -0.652391
vn 0.599779 0.463305 -0.652391
vn 0.599779 0.463305 -0.652391
vn -0.243826 0.882368 0.402462
vn -0.243826 0.882368 0.402462
vn -0.243826 0.882368 0.402462
vn -0.243826 0.882368 0.402462
vn -0.599779 -0.463305 0.652391
vn -0.599779 -0.463305 0.652391
vn -0.599779 -0.463305 0.652391
vn -0.599779 -0.463305 0.652391
vn 0.762112 -0.082318 0.642191
vn 0.762112 -0.082318 0.642191
vn 0.762112 -0.082318 0.642191
vn 0.762112 -0.082318 0.642191
vn -0.762111 0.082319 -0.642192
vn -0.762111 0.082319 -0.642192
vn -0.762111 0.082319 -0.642192
vn -0.762111 0.082319 -0.642192
vn -0.643170 -0.675761 0.360110
vn -0.643170 -0.675761 0.360110
vn -0.643170 -0.675761 0.360110
vn -0.643170 -0.675761 0.360110
vn -0.341825 -0.167443 -0.924726
vn -0.341825 -0.167443 -0.924726
vn -0.341825 -0.167443 -0.924726
vn -0.341825 -0.167443 -0.924726
vn 0.643170 0.675761 -0.360110
vn 0.643170 0.675761 -0.360110
vn 0.643170 0.675761 -0.360110
vn 0.643170 0.675761 -0.360110
vn 0.341826 0.167443 0.924726
vn 0.341826 0.167443 0.924726
vn 0.341826 0.167443 0.924726
vn 0.341826 0.167443 0.924726
vn 0.685192 -0.717851 -0.123298
vn 0.685192 -0.717851 -0.123298
vn 0.685192 -0.717851 -0.123298
vn 0.685192 -0.717851 -0.123298
vn -0.685192 0.717851 0.123298
vn -0.685192 0.717851 0.123298
vn -0.685192 0.717851 0.123298
vn -0.685192 0.717851 0.123298
vn -0.384256 -0.907734 -0.168423
vn -0.384256 -0.907734 -0.168423
vn -0.384256 -0.907734 -0.168423
vn -0.384256 -0.907734 -0.168423
vn 0.780102 -0.221673 -0.585066
vn 0.780102 -0.221673 -0.585066
vn 0.780102 -0.221673 -0.585066
vn 0.780102 -0.221673 -0.585066
vn 0.384256 0.907734 0.168423
vn 0.384256 0.907734 0.168423
vn 0.384256 0.907734 0.168423
vn 0.384256 0.907734 0.168423
vn -0.780102 0.221673 0.585066
vn -0.780102 0.221673 0.585066
vn -0.780102 0.221673 0.585066
vn -0.780102 0.221673 0.585066
vn 0.493749 -0.356202 0.793304
vn 0.493749 -0.356202 0.793304
vn 0.493749 -0.356202 0.793304
vn 0.493749 -0.356202 0.793304
vn -0.493749 0.356202 -0.793305
vn -0.493749 0.356202 -0.793305
vn -0.493749 0.356202 -0.793305
vn -0.493749 0.356202 -0.793305
vn -0.868157 -0.392152 0.304172
vn -0.868157 -0.392152 0.304172
vn -0.868157 -0.392152 0.304172
vn -0.868157 -0.392152 0.304172
vn -0.406575 0.210507 -0.889035
vn -0.406575 0.210507 -0.889035
vn -0.406575 0.210507 -0.889035
vn -0.406575 0.210507 -0.889035
vn 0.868157 0.392152 -0.304172
vn 0.868157 0.392152 -0.304172
vn 0.868157 0.392152 -0.304172
vn 0.868157 0.392152 -0.304172
vn 0.406574 -0.210507 0.889035
vn 0.406574 -0.210507 0.889035
vn 0.406574 -0.210507 0.889035
vn 0.406574 -0.210507 0.889035
vn 0.284607 -0.895491 -0.342192
vn 0.284607 -0.895491 -0.342192
vn 0.284607 -0.895491 -0.342192
vn 0.284607 -0.895491 -0.342192
vn -0.284607 0.895491 0.342191
vn -0.284607 0.895491 0.342191
vn -0.284607 0.895491 0.342191
vn -0.284607 0.895491 0.342191
vn 0.471635 0.181436 -0.862926
vn 0.471635 0.181436 -0.862926
vn 0.471635 0.181436 -0.862926
vn 0.471635 0.181436 -0.862926
vn 0.165368 0.943042 0.288662
vn 0.165368 0.943042 0.288662
vn 0.165368 0.943042 0.288662
vn 0.165368 0.943042 0.288662
vn -0.471635 -0.181435 0.862926
vn -0.471635 -0.181435 0.862926
vn -0.471635 -0.181435 0.862926
vn -0.471635 -0.181435 0.862926
vn -0.165368 -0.943042 -0.288663
vn -0.165368 -0.943042 -0.288663
vn -0.165368 -0.943042 -0.288663
vn -0.165368 -0.943042 -0.288663
vn 0.866149 -0.278843 0.414768
vn 0.866149 -0.278843 0.414768
vn 0.866149 -0.278843 0.414768
vn 0.866149 -0.278843 0.414768
vn -0.866149 0.278844 -0.414767
vn -0.866149 0.278844 -0.414767
vn -0.866149 0.278844 -0.414767
vn -0.866149 0.278844 -0.414767
vn 0.670700 0.615789 -0.413479
vn 0.670700 0.615789 -0.413479
vn 0.670700 0.615789 -0.413479
vn 0.670700 0.615789 -0.413479
vn 0.060223 0.510403 0.857824
vn 0.060223 0.510403 0.857824
vn 0.060223 0.510403 0.857824
vn 0.060223 0.510403 0.857824
vn -0.670700 -0.615789 0.413480
vn -0.670700 -0.615789 0.413480
vn -0.670700 -0.615789 0.413480
vn -0.670700 -0.615789 0.413480
vn -0.060223 -0.510403 -0.857824
vn -0.060223 -0.510403 -0.857824
vn -0.060223 -0.510403 -0.857824
vn -0.060223 -0.510403 -0.857824
vn 0.739280 -0.600243 0.305243
vn 0.739280 -0.600243 0.305243
vn 0.739280 -0.600243 0.305243
vn 0.739280 -0.600243 0.305243
vn -0.739280 0.600244 -0.305242
vn -0.739280 0.600244 -0.305242
vn -0.739280 0.600244 -0.305242
vn -0.739280 0.600244 -0.305242
vn -0.565611 0.501591 0.654592
vn -0.565611 0.501591 0.654592
vn -0.565611 0.501591 0.654592
vn -0.565611 0.501591 0.654592
vn 0.018755 -0.785731 0.618284
vn 0.018755 -0.785731 0.618284
vn 0.018755 -0.785731 0.618284
vn 0.018755 -0.785731 0.618284
vn 0.565611 -0.501591 -0.654592
vn 0.565611 -0.501591 -0.654592
vn 0.565611 -0.501591 -0.654592
vn 0.565611 -0.501591 -0.654592
vn -0.018755 0.785731 -0.618284
vn -0.018755 0.785731 -0.618284
vn -0.018755 0.785731 -0.618284
vn -0.018755 0.785731 -0.618284
vn 0.824459 0.361985 0.435011
vn 0.824459 0.361985 0.435011
vn 0.824459 0.361985 0.435011
vn 0.824459 0.361985 0.435011
vn -0.824459 -0.361986 -0.435010
vn -0.824459 -0.361986 -0.435010
vn -0.824459 -0.361986 -0.435010
vn -0.824459 -0.361986 -0.435010
vn 0.802433 0.582517 -0.129521
vn 0.802433 0.582517 -0.129521
vn 0.802433 0.582517 -0.129521
vn 0.802433 0.582517 -0.129521
vn -0.296198 0.577222 0.760974
vn -0.296198 0.577222 0.760974
vn -0.296198 0.577222 0.760974
vn -0.296198 0.577222 0.760974
vn -0.802433 -0.582516 0.129521
vn -0.802433 -0.582516 0.129521
vn -0.802433 -0.582516 0.129521
vn -0.802433 -0.582516 0.129521
vn 0.296198 -0.577222 -0.760974
vn 0.296198 -0.577222 -0.760974
vn 0.296198 -0.577222 -0.760974
vn 0.296198 -0.577222 -0.760974
vn 0.518042 -0.572267 0.635722
vn 0.518042 -0.572267 0.635722
vn 0.518042 -0.572267 0.635722
vn 0.518042 -0.572267 0.635722
vn -0.518042 0.572268 -0.635721
vn -0.518042 0.572268 -0.635721
vn -0.518042 0.572268 -0.635721
vn -0.518042 0.572268 -0.635721
vn -0.765639 0.585511 -0.266410
vn -0.765639 0.585511 -0.266410
vn -0.765639 0.585511 -0.266410
vn -0.765639 0.585511 -0.266410
vn -0.433978 -0.775853 -0.457946
vn -0.433978 -0.775853 -0.457946
vn -0.433978 -0.775853 -0.457946
vn -0.433978 -0.775853 -0.457946
vn 0.765639 -0.585511 0.266409
vn 0.765639 -0.585511 0.266409
vn 0.765639 -0.585511 0.266409
vn 0.765639 -0.585511 0.266409
vn 0.433978 0.775853 0.457946
vn 0.433978 0.775853 0.457946
vn 0.433978 0.775853 0.457946
vn 0.433978 0.775853 0.457946
vn -0.474827 -0.235005 0.848122
vn -0.474827 -0.235005 0.848122
vn -0.474827 -0.235005 0.848122
vn -0.474827 -0.235005 0.848122
vn 0.474827 0.235005 -0.848123
vn 0.474827 0.235005 -0.848123
vn 0.474827 0.235005 -0.848123
vn 0.474827 0.235005 -0.848123
vn 0.778080 0.555965 0.292395
vn 0.778080 0.555965 0.292395
vn 0.778080 0.555965 0.292395
vn 0.778080 0.555965 0.292395
vn -0.583061 0.812399 0.006850
vn -0.583061 0.812399 0.006850
vn -0.583061 0.812399 0.006850
vn -0.583061 0.812399 0.006850
vn -0.778080 -0.555965 -0.292396
vn -0.778080 -0.555965 -0.292396
vn -0.778080 -0.555965 -0.292396
vn -0.778080 -0.555965 -0.292396
vn 0.583061 -0.812399 -0.006850
vn 0.583061 -0.812399 -0.006850
vn 0.583061 -0.812399 -0.006850
vn 0.583061 -0.812399 -0.006850
vn -0.233734 -0.175814 0.956273
vn -0.233734 -0.175814 0.956273
vn -0.233734 -0.175814 0.956273
vn -0.233734 -0.175814 0.956273
vn 0.233733 0.175815 -0.956273
vn 0.233733 0.175815 -0.956273
vn 0.233733 0.175815 -0.956273
vn 0.233733 0.175815 -0.956273
vn 0.651973 0.133245 0.746443
vn 0.651973 0.133245 0.746443
vn 0.651973 0.133245 0.746443
vn 0.651973 0.133245 0.746443
vn 0.441832 -0.866798 -0.231184
vn 0.441832 -0.866798 -0.231184
vn 0.441832 -0.866798 -0.231184
vn 0.441832 -0.866798 -0.231184
vn -0.651973 -0.133245 -0.746443
vn -0.651973 -0.133245 -0.746443
vn -0.651973 -0.133245 -0.746443
vn -0.651973 -0.133245 -0.746443
vn -0.441833 0.866797 0.231184
vn -0.441833 0.866797 0.231184
vn -0.441833 0.866797 0.231184
vn -0.441833 0.866797 0.231184
vn 0.616211 0.480528 -0.624001
vn 0.616211 0.480528 -0.624001
vn 0.616211 0.480528 -0.624001
vn 0.616211 0.480528 -0.624001
vn -0.616211 -0.480529 0.624000
vn -0.616211 -0.480529 0.624000
vn -0.616211 -0.480529 0.624000
vn -0.616211 -0.480529 0.624000
vn -0.786992 0.616384 0.026724
vn -0.786992 0.616384 0.026724
vn -0.786992 0.616384 0.026724
vn -0.786992 0.616384 0.026724
vn -0.332610 -0.460357 0.823069
vn -0.332610 -0.460357 0.823069
vn -0.332610 -0.460357 0.823069
vn -0.332610 -0.460357 0.823069
vn 0.786991 -0.616385 -0.026724
vn 0.786991 -0.616385 -0.026724
vn 0.786991 -0.616385 -0.026724
vn 0.786991 -0.616385 -0.026724
vn 0.332610 0.460357 -0.823069
vn 0.332610 0.460357 -0.823069
vn 0.332610 0.460357 -0.823069
vn 0.332610 0.460357 -0.823069
vn 0.519630 0.638859 0.567313
vn 0.519630 0.638859 0.567313
vn 0.519630 0.638859 0.567313
vn 0.519630 0.638859 0.567313
vn -0.519630 -0.638860 -0.567312
vn -0.519630 -0.638860 -0.567312
vn -0.519630 -0.638860 -0.567312
vn -0.519630 -0.638860 -0.567312
vn 0.125706 0.949902 0.286155
vn 0.125706 0.949902 0.286155
vn 0.125706 0.949902 0.286155
vn 0.125706 0.949902 0.286155
vn 0.979350 -0.164857 0.117032
vn 0.979350 -0.164857 0.117032
vn 0.979350 -0.164857 0.117032
vn 0.979350 -0.164857 0.117032
vn -0.125705 -0.949902 -0.286154
vn -0.125705 -0.949902 -0.286154
vn -0.125705 -0.949902 -0.286154
vn -0.125705 -0.949902 -0.286154
vn -0.979350 0.164857 -0.117032
vn -0.979350 0.164857 -0.117032
vn -0.979350 0.164857 -0.117032
vn -0.979350 0.164857 -0.117032
vn 0.158343 0.265533 -0.951010
vn 0.158343 0.265533 -0.951010
vn 0.158343 0.265533 -0.951010
vn 0.158343 0.265533 -0.951010
vn -0.158343 -0.265534 0.951010
vn -0.158343 -0.265534 0.951010
vn -0.158343 -0.265534 0.951010
vn -0.158343 -0.265534 0.951010
vn 0.142084 0.906026 -0.398660
vn 0.142084 0.906026 -0.398660
vn 0.142084 0.906026 -0.398660
vn 0.142084 0.906026 -0.398660
vn -0.776592 -0.147696 -0.612447
vn -0.776592 -0.147696 -0.612447
vn -0.776592 -0.147696 -0.612447
vn -0.776592 -0.147696 -0.612447
vn -0.142084 -0.906026 0.398659
vn -0.142084 -0.906026 0.398659
vn -0.142084 -0.906026 0.398659
vn -0.142084 -0.906026 0.398659
vn 0.776592 0.147696 0.612447
vn 0.776592 0.147696 0.612447
vn 0.776592 0.147696 0.612447
vn 0.776592 0.147696 0.612447
vn -0.613773 0.396614 0.682627
vn -0.613773 0.396614 0.682627
vn -0.613773 0.396614 0.682627
vn -0.613773 0.396614 0.682627
vn 0.613773 -0.396614 -0.682628
vn 0.613773 -0.396614 -0.682628
vn 0.613773 -0.396614 -0.682628
vn 0.613773 -0.396614 -0.682628
vn 0.543902 0.819930 -0.178563
vn 0.543902 0.819930 -0.178563
vn 0.543902 0.819930 -0.178563
vn 0.543902 0.819930 -0.178563
vn 0.535589 -0.503008 -0.678327
vn 0.535589 -0.503008 -0.678327
vn 0.535589 -0.503008 -0.678327
vn 0.535589 -0.503008 -0.678327
vn -0.543901 -0.819931 0.178562
vn -0.543901 -0.819931 0.178562
vn -0.543901 -0.819931 0.178562
vn -0.543901 -0.819931 0.178562
vn -0.535589 0.503007 0.678327
vn -0.535589 0.503007 0.678327
vn -0.535589 0.503007 0.678327
vn -0.535589 0.503007 0.678327
vn -0.646000 0.273307 -0.712732
vn -0.646000 0.273307 -0.712732
vn -0.646000 0.273307 -0.712732
vn -0.646000 0.273307 -0.712732
vn 0.646000 -0.273308 0.712732
vn 0.646000 -0.273308 0.712732
vn 0.646000 -0.273308 0.712732
vn 0.646000 -0.273308 0.712732
vn 0.347074 0.880639 0.322514
vn 0.347074 0.880639 0.322514
vn 0.347074 0.880639 0.322514
vn 0.347074 0.880639 0.322514
vn 0.212910 -0.408899 0.887396
vn 0.212910 -0.408899 0.887396
vn 0.212910 -0.408899 0.887396
vn 0.212910 -0.408899 0.887396
vn -0.347074 -0.880639 -0.322513
vn -0.347074 -0.880639 -0.322513
vn -0.347074 -0.880639 -0.322513
vn -0.347074 -0.880639 -0.322513
vn -0.212910 0.408898 -0.887396
vn -0.212910 0.408898 -0.887396
vn -0.212910 0.408898 -0.887396
vn -0.212910 0.408898 -0.887396
vn 0.913350 -0.239326 -0.329415
vn 0.913350 -0.239326 -0.329415
vn 0.913350 -0.239326 -0.329415
vn 0.913350 -0.239326 -0.329415
vn -0.913350 0.239326 0.329415
vn -0.913350 0.239326 0.329415
vn -0.913350 0.239326 0.329415
vn -0.913350 0.239326 0.329415
vn 0.626189 0.576279 -0.525157
vn 0.626189 0.576279 -0.525157
vn 0.626189 0.576279 -0.525157
vn 0.626189 0.576279 -0.525157
vn 0.759418 -0.298285 0.578195
vn 0.759418 -0.298285 0.578195
vn 0.759418 -0.298285 0.578195
vn 0.759418 -0.298285 0.578195
vn -0.626189 -0.576279 0.525158
vn -0.626189 -0.576279 0.525158
vn -0.626189 -0.576279 0.525158
vn -0.626189 -0.576279 0.525158
vn -0.759419 0.298285 -0.578195
vn -0.759419 0.298285 -0.578195
vn -0.759419 0.298285 -0.578195
vn -0.759419 0.298285 -0.578195
vn 0.176554 -0.760874 -0.624420
vn 0.176554 -0.760874 -0.624420
vn 0.176554 -0.760874 -0.624420
vn 0.176554 -0.760874 -0.624420
vn -0.176554 0.760873 0.624420
vn -0.176554 0.760873 0.624420
vn -0.176554 0.760873 0.624420
vn -0.176554 0.760873 0.624420
vn -0.973557 0.085267 0.211936
vn -0.973557 0.085267 0.211936
vn -0.973557 0.085267 0.211936
vn -0.973557 0.085267 0.211936
vn -0.212748 -0.676387 -0.705152
vn -0.212748 -0.676387 -0.705152
vn -0.212748 -0.676387 -0.705152
vn -0.212748 -0.676387 -0.705152
vn 0.973556 -0.085267 -0.211937
vn 0.973556 -0.085267 -0.211937
vn 0.973556 -0.085267 -0.211937
vn 0.973556 -0.085267 -0.211937
vn 0.212748 0.676387 0.705152
vn 0.212748 0.676387 0.705152
vn 0.212748 0.676387 0.705152
vn 0.212748 0.676387 0.705152
vn 0.083225 -0.731594 0.676641
vn 0.083225 -0.731594 0.676641
vn 0.083225 -0.731594 0.676641
vn 0.083225 -0.731594 0.676641
vn -0.083225 0.731594 -0.676642
vn -0.083225 0.731594 -0.676642
vn -0.083225 0.731594 -0.676642
vn -0.083225 0.731594 -0.676642
vn 0.978773 0.148256 0.141504
vn 0.978773 0.148256 0.141504
vn 0.978773 0.148256 0.141504
vn 0.978773 0.148256 0.141504
vn 0.047810 -0.836557 0.545790
vn 0.047810 -0.836557 0.545790
vn 0.047810 -0.836557 0.545790
vn 0.047810 -0.836557 0.545790
vn -0.978773 -0.148257 -0.141503
vn -0.978773 -0.148257 -0.141503
vn -0.978773 -0.148257 -0.141503
vn -0.978773 -0.148257 -0.141503
vn -0.047810 0.836557 -0.545790
vn -0.047810 0.836557 -0.545790
vn -0.047810 0.836557 -0.545790
vn -0.047810 0.836557 -0.545790
vn 0.199292 -0.527439 -0.825888
vn 0.199292 -0.527439 -0.825888
vn 0.199292 -0.527439 -0.825888
vn 0.199292 -0.527439 -0.825888
vn -0.199293 0.527439 0.825888
vn -0.199293 0.527439 0.825888
vn -0.199293 0.527439 0.825888
vn -0.199293 0.527439 0.825888
vn -0.738393 0.223647 -0.636206
vn -0.738393 0.223647 -0.636206
vn -0.738393 0.223647 -0.636206
vn -0.738393 0.223647 -0.636206
vn 0.347785 -0.681982 -0.643386
vn 0.347785 -0.681982 -0.643386
vn 0.347785 -0.681982 -0.643386
vn 0.347785 -0.681982 -0.643386
vn 0.738393 -0.223647 0.636205
vn 0.738393 -0.223647 0.636205
vn 0.738393 -0.223647 0.636205
vn 0.738393 -0.223647 0.636205
vn -0.347785 0.681982 0.643386
vn -0.347785 0.681982 0.643386
vn -0.347785 0.681982 0.643386
vn -0.347785 0.681982 0.643386
vn -0.577773 -0.696334 0.425790
vn -0.577773 -0.696334 0.425790
vn -0.577773 -0.696334 0.425790
vn -0.577773 -0.696334 0.425790
vn 0.577773 0.696334 -0.425790
vn 0.577773 0.696334 -0.425790
vn 0.577773 0.696334 -0.425790
vn 0.577773 0.696334 -0.425790
vn -0.603887 0.092515 0.791683
vn -0.603887 0.092515 0.791683
vn -0.603887 0.092515 0.791683
vn -0.603887 0.092515 0.791683
vn -0.358286 -0.918748 -0.165932
vn -0.358286 -0.918748 -0.165932
vn -0.358286 -0.918748 -0.165932
vn -0.358286 -0.918748 -0.165932
vn 0.603886 -0.092515 -0.791683
vn 0.603886 -0.092515 -0.791683
vn 0.603886 -0.092515 -0.791683
vn 0.603886 -0.092515 -0.791683
vn 0.358286 0.918748 0.165932
vn 0.358286 0.918748 0.165932
vn 0.358286 0.918748 0.165932
vn 0.358286 0.918748 0.165932
vn 0.712006 -0.383852 0.587967
vn 0.712006 -0.383852 0.587967
vn 0.712006 -0.383852 0.587967
vn 0.712006 -0.383852 0.587967
vn -0.712006 0.383852 -0.587967
vn -0.712006 0.383852 -0.587967
vn -0.712006 0.383852 -0.587967
vn -0.712006 0.383852 -0.587967
vn 0.676525 -0.700948 0.225801
vn 0.676525 -0.700948 0.225801
vn 0.676525 -0.700948 0.225801
vn 0.676525 -0.700948 0.225801
vn -0.723917 -0.689266 0.029271
vn -0.723917 -0.689266 0.029271
vn -0.723917 -0.689266 0.029271
vn -0.723917 -0.689266 0.029271
vn -0.676526 0.700947 -0.225801
vn -0.676526 0.700947 -0.225801
vn -0.676526 0.700947 -0.225801
vn -0.676526 0.700947 -0.225801
vn 0.723917 0.689266 -0.029271
vn 0.723917 0.689266 -0.029271
vn 0.723917 0.689266 -0.029271
vn 0.723917 0.689266 -0.029271
vn 0.135120 -0.183263 -0.973734
vn 0.135120 -0.183263 -0.973734
vn 0.135120 -0.183263 -0.973734
vn 0.135120 -0.183263 -0.973734
vn -0.135121 0.183263 0.973734
vn -0.135121 0.183263 0.973734
vn -0.135121 0.183263 0.973734
vn -0.135121 0.183263 0.973734
f 1/1/1 2/2/2 3/3/3
f 1/1/1 3/3/3 4/4/4
f 5/5/5 6/6/6 7/7/7
f 5/5/5 7/7/7 8/8/8
f 9/9/9 10/10/10 11/11/11
f 9/9/9 11/11/11 12/12/12
f 13/13/13 14/14/14 15/15/15
f 13/13/13 15/15/15 16/16/16
f 17/17/17 18/18/18 19/19/19
f 17/17/17 19/19/19 20/20/20
f 21/21/21 22/22/22 23/23/23
f 21/21/21 23/23/23 24/24/24
f 25/25/25 26/26/26 27/27/27
f 25/25/25 27/27/27 28/28/28
f 29/29/29 30/30/30 31/31/31
f 29/29/29 31/31/31 32/32/32
f 33/33/33 34/34/34 35/35/35
f 33/33/33 35/35/35 36/36/36
f 37/37/37 38/38/38 39/39/39
f 37/37/37 39/39/39 40/40/40
f 41/41/41 42/42/42 43/43/43
f 41/41/41 43/43/43 44/44/44
f 45/45/45 46/46/46 47/47/47
f 45/45/45 47/47/47 48/48/48
f 49/49/49 50/50/50 51/51/51
f 49/49/49 51/51/51 52/52/52
f 53/53/53 54/54/54 55/55/55
f 53/53/53 55/55/55 56/56/56
f 57/57/57 58/58/58 59/59/59
f 57/57/57 59/59/59 60/60/60
f 61/61/61 62/62/62 63/63/63
f 61/61/61 63/63/63 64/64/64
f 65/65/65 66/66/66 67/67/67
f 65/65/65 67/67/67 68/68/68
f 69/69/69 70/70/70 71/71/71
f 69/69/69 71/71/71 72/72/72
f 73/73/73 74/74/74 75/75/75
f 73/73/73 75/75/75 76/76/76
f 77/77/77 78/78/78 79/79/79
f 77/77/77 79/79/79 80/80/80
f 81/81/81 82/82/82 83/83/83
f 81/81/81 83/83/83 84/84/84
f 85/85/85 86/86/86 87/87/87
f 85/85/85 87/87/87 88/88/88
f 89/89/89 90/90/90 91/91/91
f 89/89/89 91/91/91 92/92/92
f 93/93/93 94/94/94 95/95/95
f 93/93/93 95/95/95 96/96/96
f 97/97/97 98/98/98 99/99/99
f 97/97/97 99/99/99 100/100/100
f 101/101/101 102/102/102 103/103/103
f 101/101/101 103/103/103 104/104/104
f 105/105/105 106/106/106 107/107/107
f 105/105/105 107/107/107 108/108/108
f 109/109/109 110/110/110 111/111/111
f 109/109/109 111/111/111 112/112/112
f 113/113/113 114/114/114 115/115/115
f 113/113/113 115/115/115 116/116/116
f 117/117/117 118/118/118 119/119/119
f 117/117/117 119/119/119 120/120/120
f 121/121/121 122/122/122 123/123/123
f 121/121/121 123/123/123 124/124/124
f 125/125/125 126/126/126 127/127/127
f 125/125/125 127/127/127 128/128/128
f 129/129/129 130/130/130 131/131/131
f 129/129/129 131/131/131 132/132/132
f 133/133/133 134/134/134 135/135/135
f 133/133/133 135/135/135 136/136/136
f 137/137/137 138/138/138 139/139/139
f 137/137/137 139/139/139 140/140/140
f 141/141/141 142/142/142 143/143/143
f 141/141/141 143/143/143 144/144/144
f 145/145/145 146/146/146 147/147/147
f 145/145/145 147/147/147 148/148/148
f 149/149/149 150/150/150 151/151/151
f 149/149/149 151/151/151 152/152/152
f 153/153/153 154/154/154 155/155/155
f 153/153/153 155/155/155 156/156/156
f 157/157/157 158/158/158 159/159/159
f 157/157/157 159/159/159 160/160/160
f 161/161/161 162/162/162 163/163/163
f 161/161/161 163/163/163 164/164/164
f 165/165/165 166/166/166 167/167/167
f 165/165/165 167/167/167 168/168/168
f 169/169/169 170/170/170 171/171/171
f 169/169/169 171/171/171 172/172/172
f 173/173/173 174/174/174 175/175/175
f 173/173/173 175/175/175 176/176/176
f 177/177/177 178/178/178 179/179/179
f 177/177/177 179/179/179 180/180/180
f 181/181/181 182/182/182 183/183/183
f 181/181/181 183/183/183 184/184/184
f 185/185/185 186/186/186 187/187/187
f 185/185/185 187/187/187 188/188/188
f 189/189/189 190/190/190 191/191/191
f 189/189/189 191/191/191 192/192/192
f 193/193/193 194/194/194 195/195/195
f 193/193/193 195/195/195 196/196/196
f 197/197/197 198/198/198 199/199/199
f 197/197/197 199/199/199 200/200/200
f 201/201/201 202/202/202 203/203/203
f 201/201/201 203/203/203 204/204/204
f 205/205/205 206/206/206 207/207/207
f 205/205/205 207/207/207 208/208/208
f 209/209/209 210/210/210 211/211/211
f 209/209/209 211/211/211 212/212/212
f 213/213/213 214/214/214 215/215/215
f 213/213/213 215/215/215 216/216/216
f 217/217/217 218/218/218 219/219/219
f 217/217/217 219/219/219 220/220/220
f 221/221/221 222/222/222 223/223/223
f 221/221/221 223/223/223 224/224/224
f 225/225/225 226/226/226 227/227/227
f 225/225/225 227/227/227 228/228/228
f 229/229/229 230/230/230 231/231/231
f 229/229/229 231/231/231 232/232/232
f 233/233/233 234/234/234 235/235/235
f 233/233/233 235/235/235 236/236/236
f 237/237/237 238/238/238 239/239/239
f 237/237/237 239/239/239 240/240/240
f 241/241/241 242/242/242 243/243/243
f 241/241/241 243/243/243 244/244/244
f 245/245/245 246/246/246 247/247/247
f 245/245/245 247/247/247 248/248/248
f 249/249/249 250/250/250 251/251/251
f 249/249/249 251/251/251 252/252/252
f 253/253/253 254/254/254 255/255/255
f 253/253/253 255/255/255 256/256/256
f 257/257/257 258/258/258 259/259/259
f 257/257/257 259/259/259 260/260/260
f 261/261/261 262/262/262 263/263/263
f 261/261/261 263/263/263 264/264/264
f 265/265/265 266/266/266 267/267/267
f 265/265/265 267/267/267 268/268/268
f 269/269/269 270/270/270 271/271/271
f 269/269/269 271/271/271 272/272/272
f 273/273/273 274/274/274 275/275/275
f 273/273/273 275/275/275 276/276/276
f 277/277/277 278/278/278 279/279/279
f 277/277/277 279/279/279 280/280/280
f 281/281/281 282/282/282 283/283/283
f 281/281/281 283/283/283 284/284/284
f 285/285/285 286/286/286 287/287/287
f 285/285/285 287/287/287 288/288/288
f 289/289/289 290/290/290 291/291/291
f 289/289/289 291/291/291 292/292/292
f 293/293/293 294/294/294 295/295/295
f 293/293/293 295/295/295 296/296/296
f 297/297/297 298/298/298 299/299/299
f 297/297/297 299/299/299 300/300/300
f 301/301/301 302/302/302 303/303/303
f 301/301/301 303/303/303 304/304/304
f 305/305/305 306/306/306 307/307/307
f 305/305/305 307/307/307 308/308/308
f 309/309/309 310/310/310 311/311/311
f 309/309/309 311/311/311 312/312/312
f 313/313/313 314/314/314 315/315/315
f 313/313/313 315/315/315 316/316/316
f 317/317/317 318/318/318 319/319/319
f 317/317/317 319/319/319 320/320/320
f 321/321/321 322/322/322 323/323/323
f 321/321/321 323/323/323 324/324/324
f 325/325/325 326/326/326 327/327/327
f 325/325/325 327/327/327 328/328/328
f 329/329/329 330/330/330 331/331/331
f 329/329/329 331/331/331 332/332/332
f 333/333/333 334/334/334 335/335/335
f 333/333/333 335/335/335 336/336/336
f 337/337/337 338/338/338 339/339/339
f 337/337/337 339/339/339 340/340/340
f 341/341/341 342/342/342 343/343/343
f 341/341/341 343/343/343 344/344/344
f 345/345/345 346/346/346 347/347/347
f 345/345/345 347/347/347 348/348/348
f 349/349/349 350/350/350 351/351/351
f 349/349/349 351/351/351 352/352/352
f 353/353/353 354/354/354 355/355/355
f 353/353/353 355/355/355 356/356/356
f 357/357/357 358/358/358 359/359/359
f 357/357/357 359/359/359 360/360/360
f 361/361/361 362/362/362 363/363/363
f 361/361/361 363/363/363 364/364/364
f 365/365/365 366/366/366 367/367/367
f 365/365/365 367/367/367 368/368/368
f 369/369/369 370/370/370 371/371/371
f 369/369/369 371/371/371 372/372/372
f 373/373/373 374/374/374 375/375/375
f 373/373/373 375/375/375 376/376/376
f 377/377/377 378/378/378 379/379/379
f 377/377/377 379/379/379 380/380/380
f 381/381/381 382/382/382 383/383/383
f 381/381/381 383/383/383 384/384/384
f 385/385/385 386/386/386 387/387/387
f 385/385/385 387/387/387 388/388/388
f 389/389/389 390/390/390 391/391/391
f 389/389/389 391/391/391 392/392/392
f 393/393/393 394/394/394 395/395/395
f 393/393/393 395/395/395 396/396/396
f 397/397/397 398/398/398 399/399/399
f 397/397/397 399/399/399 400/400/400
f 401/401/401 402/402/402 403/403/403
f 401/401/401 403/403/403 404/404/404
f 405/405/405 406/406/406 407/407/407
f 405/405/405 407/407/407 408/408/408
f 409/409/409 410/410/410 411/411/411
f 409/409/409 411/411/411 412/412/412
f 413/413/413 414/414/414 415/415/415
f 413/413/413 415/415/415 416/416/416
f 417/417/417 418/418/418 419/419/419
f 417/417/417 419/419/419 420/420/420
f 421/421/421 422/422/422 423/423/423
f 421/421/421 423/423/423 424/424/424
f 425/425/425 426/426/426 427/427/427
f 425/425/425 427/427/427 428/428/428
f 429/429/429 430/430/430 431/431/431
f 429/429/429 431/431/431 432/432/432
f 433/433/433 434/434/434 435/435/435
f 433/433/433 435/435/435 436/436/436
f 437/437/437 438/438/438 439/439/439
f 437/437/437 439/439/439 440/440/440
f 441/441/441 442/442/442 443/443/443
f 441/441/441 443/443/443 444/444/444
f 445/445/445 446/446/446 447/447/447
f 445/445/445 447/447/447 448/448/448
f 449/449/449 450/450/450 451/451/451
f 449/449/449 451/451/451 452/452/452
f 453/453/453 454/454/454 455/455/455
f 453/453/453 455/455/455 456/456/456
f 457/457/457 458/458/458 459/459/459
f 457/457/457 459/459/459 460/460/460
f 461/461/461 462/462/462 463/463/463
f 461/461/461 463/463/463 464/464/464
f 465/465/465 466/466/466 467/467/467
f 465/465/465 467/467/467 468/468/468
f 469/469/469 470/470/470 471/471/471
f 469/469/469 471/471/471 472/472/472
f 473/473/473 474/474/474 475/475/475
f 473/473/473 475/475/475 476/476/476
f 477/477/477 478/478/478 479/479/479
f 477/477/477 479/479/479 480/480/480
f 481/481/481 482/482/482 483/483/483
f 481/481/481 483/483/483 484/484/484
f 485/485/485 486/486/486 487/487/487
f 485/485/485 487/487/487 488/488/488
f 489/489/489 490/490/490 491/491/491
f 489/489/489 491/491/491 492/492/492
f 493/493/493 494/494/494 495/495/495
f 493/493/493 495/495/495 496/496/496
f 497/497/497 498/498/498 499/499/499
f 497/497/497 499/499/499 500/500/500
f 501/501/501 502/502/502 503/503/503
f 501/501/501 503/503/503 504/504/504
f 505/505/505 506/506/506 507/507/507
f 505/505/505 507/507/507 508/508/508
f 509/509/509 510/510/510 511/511/511
f 509/509/509 511/511/511 512/512/512
f 513/513/513 514/514/514 515/515/515
f 513/513/513 515/515/515 516/516/516
f 517/517/517 518/518/518 519/519/519
f 517/517/517 519/519/519 520/520/520
f 521/521/521 522/522/522 523/523/523
f 521/521/521 523/523/523 524/524/524
f 525/525/525 526/526/526 527/527/527
f 525/525/525 527/527/527 528/528/528
f 529/529/529 530/530/530 531/531/531
f 529/529/529 531/531/531 532/532/532
f 533/533/533 534/534/534 535/535/535
f 533/533/533 535/535/535 536/536/536
f 537/537/537 538/538/538 539/539/539
f 537/537/537 539/539/539 540/540/540
f 541/541/541 542/542/542 543/543/543
f 541/541/541 543/543/543 544/544/544
f 545/545/545 546/546/546 547/547/547
f 545/545/545 547/547/547 548/548/548
f 549/549/549 550/550/550 551/551/551
f 549/549/549 551/551/551 552/552/552
f 553/553/553 554/554/554 555/555/555
f 553/553/553 555/555/555 556/556/556
f 557/557/557 558/558/558 559/559/559
f 557/557/557 559/559/559 560/560/560
f 561/561/561 562/562/562 563/563/563
f 561/561/561 563/563/563 564/564/564
f 565/565/565 566/566/566 567/567/567
f 565/565/565 567/567/567 568/568/568
f 569/569/569 570/570/570 571/571/571
f 569/569/569 571/571/571 572/572/572
f 573/573/573 574/574/574 575/575/575
f 573/573/573 575/575/575 576/576/576
