# Unturned item rip -> Godot (X+Z negated, winding reversed, RH Y-up)
v -0.175000 0.068211 -0.529866
v -0.225000 0.068211 -0.529866
v -0.225000 -0.331789 -0.529866
v -0.175000 -0.331789 -0.529866
v 0.123750 0.342104 0.206666
v 0.123750 0.276952 0.181070
v -0.123750 0.276952 0.181070
v -0.123750 0.342104 0.206666
v -0.337500 0.268789 0.175530
v 0.337500 0.268788 0.175530
v 0.337500 0.098122 0.203924
v -0.337500 0.098122 0.203924
v 0.193242 0.384485 -0.179982
v 0.193242 0.267410 -0.153650
v 0.201102 0.312732 -0.039779
v 0.201102 0.429807 -0.066111
v -0.139219 0.425417 0.025281
v 0.139219 0.425417 0.025281
v 0.123750 0.375508 0.117501
v -0.123750 0.375508 0.117501
v -0.051758 0.384485 -0.179982
v -0.051758 0.267410 -0.153650
v -0.043898 0.312732 -0.039779
v -0.043898 0.429807 -0.066111
v -0.043898 0.429807 -0.066111
v -0.043898 0.312732 -0.039779
v -0.201102 0.312732 -0.039779
v -0.201102 0.429807 -0.066111
v -0.245000 0.319746 0.224797
v -0.307500 0.299746 0.224797
v -0.307500 0.388615 -0.014844
v -0.245000 0.408615 -0.014844
v 0.245000 0.408615 -0.014844
v 0.245000 0.319746 0.224797
v -0.245000 0.298402 -0.504866
v -0.307500 0.278402 -0.504866
v 0.245000 0.298402 -0.504866
v 0.307500 0.388615 -0.014844
v 0.307500 0.299746 0.224797
v 0.307500 0.278402 -0.504866
v -0.307500 0.050695 0.265222
v -0.307500 0.388615 -0.014844
v -0.307500 0.299746 0.224797
v -0.307500 0.052307 -0.504866
v -0.307500 0.278402 -0.504866
v 0.175000 -0.287044 -0.114890
v 0.225000 -0.287044 -0.114890
v 0.225000 0.073635 0.142686
v 0.175000 0.073635 0.142686
v 0.043898 0.312732 -0.039779
v 0.051758 0.267410 -0.153650
v 0.051758 0.384485 -0.179982
v 0.043898 0.429807 -0.066111
v 0.139219 0.325549 0.090483
v 0.123750 0.276952 0.181070
v 0.123750 0.342104 0.206666
v 0.139219 0.390702 0.116079
v -0.337500 0.098122 0.203924
v 0.337500 0.098122 0.203924
v 0.337500 0.098553 0.003165
v -0.337500 0.098554 0.003165
v -0.175000 0.068211 -0.529866
v -0.175000 0.068211 -0.479866
v -0.225000 0.068211 -0.479866
v -0.225000 0.068211 -0.529866
v 0.175000 0.068211 -0.529866
v 0.175000 -0.331789 -0.529866
v 0.225000 -0.331789 -0.529866
v 0.225000 0.068211 -0.529866
v -0.225000 -0.281789 -0.479866
v -0.175000 -0.281789 -0.479866
v -0.175000 -0.287044 -0.114890
v -0.225000 -0.287044 -0.114890
v 0.175000 -0.281789 -0.479866
v 0.225000 -0.281789 -0.479866
v 0.225000 -0.287044 -0.114890
v 0.175000 -0.287044 -0.114890
v -0.225000 0.068211 -0.479866
v -0.175000 0.068211 -0.479866
v -0.175000 -0.281789 -0.479866
v -0.225000 -0.281789 -0.479866
v 0.225000 -0.326534 -0.084222
v 0.225000 -0.331789 -0.529866
v 0.175000 -0.331789 -0.529866
v 0.175000 -0.326534 -0.084222
v 0.175000 0.068211 -0.479866
v 0.225000 0.068211 -0.479866
v 0.225000 -0.281789 -0.479866
v 0.175000 -0.281789 -0.479866
v 0.225000 -0.326534 -0.084222
v 0.175000 -0.326534 -0.084222
v 0.175000 0.073635 0.192686
v 0.225000 0.073635 0.192686
v 0.225000 0.068211 -0.529866
v 0.225000 0.068211 -0.479866
v 0.175000 0.068211 -0.479866
v 0.175000 0.068211 -0.529866
v 0.307500 0.050695 0.265222
v 0.307500 0.052307 -0.504866
v -0.307500 0.052307 -0.504866
v -0.307500 0.050695 0.265222
v -0.175000 -0.326534 -0.084222
v -0.175000 -0.331789 -0.529866
v -0.225000 -0.331789 -0.529866
v -0.225000 -0.326534 -0.084222
v -0.225000 -0.287044 -0.114890
v -0.175000 -0.287044 -0.114890
v -0.175000 0.073635 0.142686
v -0.225000 0.073635 0.142686
v -0.175000 -0.326534 -0.084222
v -0.225000 -0.326534 -0.084222
v -0.225000 0.073635 0.192686
v -0.175000 0.073635 0.192686
v -0.337500 0.268789 0.175530
v -0.337500 0.098122 0.203924
v -0.337500 0.098554 0.003165
v -0.337500 0.334710 0.003165
v 0.337500 0.098553 0.003165
v 0.337500 0.098122 0.203924
v 0.337500 0.268788 0.175530
v 0.337500 0.334710 0.003165
v -0.201102 0.312732 -0.039779
v -0.193242 0.267410 -0.153650
v -0.193242 0.384485 -0.179982
v -0.201102 0.429807 -0.066111
v 0.201102 0.312732 -0.039779
v 0.043898 0.312732 -0.039779
v 0.043898 0.429807 -0.066111
v 0.201102 0.429807 -0.066111
v -0.337500 0.334710 0.003165
v 0.337500 0.334710 0.003165
v 0.337500 0.268788 0.175530
v -0.337500 0.268789 0.175530
v -0.201102 0.429807 -0.066111
v -0.193242 0.384485 -0.179982
v -0.051758 0.384485 -0.179982
v -0.043898 0.429807 -0.066111
v 0.043898 0.429807 -0.066111
v 0.051758 0.384485 -0.179982
v 0.193242 0.384485 -0.179982
v 0.201102 0.429807 -0.066111
v 0.337500 0.244199 -0.453304
v -0.337500 0.244199 -0.453304
v -0.337500 0.098122 -0.455535
v 0.337500 0.098122 -0.455535
v 0.337500 0.098122 -0.455535
v -0.337500 0.098122 -0.455535
v -0.337500 0.098553 -0.043624
v 0.337500 0.098554 -0.043624
v 0.337500 0.244199 -0.453304
v 0.337500 0.098122 -0.455535
v 0.337500 0.098554 -0.043624
v 0.337500 0.334710 -0.043624
v -0.337500 0.098553 -0.043624
v -0.337500 0.098122 -0.455535
v -0.337500 0.244199 -0.453304
v -0.337500 0.334710 -0.043624
v 0.337500 0.334710 -0.043624
v -0.337500 0.334710 -0.043624
v -0.337500 0.244199 -0.453304
v 0.337500 0.244199 -0.453304
v 0.337500 0.334710 0.003165
v -0.337500 0.334710 0.003165
v -0.337500 0.098554 0.003165
v 0.337500 0.098553 0.003165
v -0.337500 0.334710 -0.043624
v 0.337500 0.334710 -0.043624
v 0.337500 0.098554 -0.043624
v -0.337500 0.098553 -0.043624
v 0.322890 0.247607 -0.188494
v 0.322890 0.147607 -0.188494
v 0.440568 0.279930 -0.163494
v 0.405213 0.315285 -0.163494
v 0.440568 0.279930 -0.163494
v 0.440568 0.279930 -0.113494
v 0.405213 0.315285 -0.113494
v 0.405213 0.315285 -0.163494
v -0.322891 0.247607 -0.088494
v -0.405213 0.315285 -0.113494
v -0.405213 0.315285 -0.163494
v -0.322891 0.247607 -0.188494
v 0.322890 0.247607 -0.088494
v 0.405213 0.315285 -0.113494
v 0.440568 0.279930 -0.113494
v 0.322890 0.147607 -0.088494
v 0.322890 0.247607 -0.188494
v 0.405213 0.315285 -0.163494
v 0.405213 0.315285 -0.113494
v 0.322890 0.247607 -0.088494
v 0.322890 0.147607 -0.188494
v 0.322890 0.147607 -0.088494
v 0.440568 0.279930 -0.113494
v 0.440568 0.279930 -0.163494
v -0.440568 0.279930 -0.113494
v -0.440568 0.279929 -0.163494
v -0.405213 0.315285 -0.163494
v -0.405213 0.315285 -0.113494
v -0.322891 0.247607 -0.088494
v -0.322891 0.147607 -0.088494
v -0.440568 0.279930 -0.113494
v -0.405213 0.315285 -0.113494
v -0.322891 0.247607 -0.188494
v -0.405213 0.315285 -0.163494
v -0.440568 0.279929 -0.163494
v -0.322891 0.147607 -0.188494
v -0.322891 0.147607 -0.088494
v -0.322891 0.147607 -0.188494
v -0.440568 0.279929 -0.163494
v -0.440568 0.279930 -0.113494
v -0.322891 0.116992 -0.288970
v -0.322891 0.116992 -0.388970
v -0.440568 0.249314 -0.363970
v -0.440568 0.249314 -0.313970
v -0.322891 0.216992 -0.388970
v -0.405213 0.284670 -0.363970
v -0.440568 0.249314 -0.363970
v -0.322891 0.116992 -0.388970
v -0.322891 0.216992 -0.288970
v -0.322891 0.116992 -0.288970
v -0.440568 0.249314 -0.313970
v -0.405213 0.284670 -0.313970
v -0.405213 0.284670 -0.313970
v -0.440568 0.249314 -0.313970
v -0.440568 0.249314 -0.363970
v -0.405213 0.284670 -0.363970
v 0.322890 0.116992 -0.388970
v 0.322890 0.116992 -0.288970
v 0.440568 0.249315 -0.313969
v 0.440568 0.249315 -0.363969
v 0.322890 0.216992 -0.388970
v 0.405213 0.284670 -0.363969
v 0.405213 0.284670 -0.313969
v 0.322890 0.216992 -0.288970
v 0.322890 0.216992 -0.288970
v 0.405213 0.284670 -0.313969
v 0.440568 0.249315 -0.313969
v 0.322890 0.116992 -0.288970
v -0.322891 0.216992 -0.388970
v -0.322891 0.216992 -0.288970
v -0.405213 0.284670 -0.313970
v -0.405213 0.284670 -0.363970
v 0.405213 0.284670 -0.363969
v 0.440568 0.249315 -0.363969
v 0.440568 0.249315 -0.313969
v 0.405213 0.284670 -0.313969
v 0.322890 0.216992 -0.388970
v 0.322890 0.116992 -0.388970
v 0.440568 0.249315 -0.363969
v 0.405213 0.284670 -0.363969
v 0.322890 0.253557 0.085943
v 0.322890 0.182846 0.015232
v 0.440568 0.258734 0.126476
v 0.405213 0.283734 0.151476
v 0.405213 0.283734 0.151476
v 0.440568 0.258734 0.126476
v 0.440568 0.223379 0.161832
v 0.405213 0.248379 0.186832
v -0.322891 0.182846 0.156654
v -0.405213 0.248379 0.186831
v -0.405213 0.283734 0.151476
v -0.322891 0.253557 0.085943
v 0.322890 0.182846 0.156654
v 0.405213 0.248379 0.186832
v 0.440568 0.223379 0.161832
v 0.322890 0.112135 0.085943
v 0.322890 0.253557 0.085943
v 0.405213 0.283734 0.151476
v 0.405213 0.248379 0.186832
v 0.322890 0.182846 0.156654
v 0.322890 0.182846 0.015232
v 0.322890 0.112135 0.085943
v 0.440568 0.223379 0.161832
v 0.440568 0.258734 0.126476
v -0.405213 0.248379 0.186831
v -0.440568 0.223379 0.161831
v -0.440568 0.258734 0.126476
v -0.405213 0.283734 0.151476
v -0.322891 0.182846 0.156654
v -0.322891 0.112135 0.085943
v -0.440568 0.223379 0.161831
v -0.405213 0.248379 0.186831
v -0.322891 0.253557 0.085943
v -0.405213 0.283734 0.151476
v -0.440568 0.258734 0.126476
v -0.322891 0.182846 0.015232
v -0.322891 0.112135 0.085943
v -0.322891 0.182846 0.015232
v -0.440568 0.258734 0.126476
v -0.440568 0.223379 0.161831
v 0.193242 0.363521 -0.279894
v 0.193242 0.246445 -0.253562
v 0.201102 0.291767 -0.139691
v 0.201102 0.408843 -0.166023
v -0.051758 0.363521 -0.279894
v -0.051758 0.246445 -0.253562
v -0.043898 0.291767 -0.139691
v -0.043898 0.408843 -0.166023
v -0.123750 0.342104 0.206666
v -0.139219 0.390701 0.116079
v 0.139219 0.390702 0.116079
v 0.123750 0.342104 0.206666
v -0.043898 0.291767 -0.139691
v -0.201102 0.291767 -0.139691
v -0.201102 0.408843 -0.166023
v -0.043898 0.408843 -0.166023
v 0.043898 0.291767 -0.139691
v 0.051758 0.246445 -0.253562
v 0.051758 0.363521 -0.279894
v 0.043898 0.408843 -0.166023
v -0.123750 0.342104 0.206666
v -0.123750 0.276952 0.181070
v -0.139219 0.325549 0.090483
v -0.139219 0.390701 0.116079
v -0.201102 0.291767 -0.139691
v -0.193242 0.246445 -0.253562
v -0.193242 0.363521 -0.279894
v -0.201102 0.408843 -0.166023
v 0.201102 0.291767 -0.139691
v 0.043898 0.291767 -0.139691
v 0.043898 0.408843 -0.166023
v 0.201102 0.408843 -0.166023
v -0.201102 0.408843 -0.166023
v -0.193242 0.363521 -0.279894
v -0.051758 0.363521 -0.279894
v -0.043898 0.408843 -0.166023
v 0.043898 0.408843 -0.166023
v 0.051758 0.363521 -0.279894
v 0.193242 0.363521 -0.279894
v 0.201102 0.408843 -0.166023
v 0.193242 0.341907 -0.377931
v 0.193242 0.224831 -0.351600
v 0.201102 0.270153 -0.237729
v 0.201102 0.387229 -0.264061
v -0.051758 0.341907 -0.377931
v -0.051758 0.224832 -0.351600
v -0.043898 0.270153 -0.237729
v -0.043898 0.387229 -0.264061
v -0.139219 0.390701 0.116079
v -0.139219 0.325549 0.090483
v 0.139219 0.325549 0.090483
v 0.139219 0.390702 0.116079
v -0.043898 0.387229 -0.264061
v -0.043898 0.270153 -0.237729
v -0.201102 0.270153 -0.237729
v -0.201102 0.387229 -0.264061
v 0.043898 0.270153 -0.237729
v 0.051758 0.224832 -0.351600
v 0.051758 0.341907 -0.377931
v 0.043898 0.387229 -0.264061
v -0.201102 0.270153 -0.237729
v -0.193242 0.224832 -0.351600
v -0.193242 0.341907 -0.377931
v -0.201102 0.387229 -0.264061
v 0.201102 0.387229 -0.264061
v 0.201102 0.270153 -0.237729
v 0.043898 0.270153 -0.237729
v 0.043898 0.387229 -0.264061
v -0.201102 0.387229 -0.264061
v -0.193242 0.341907 -0.377931
v -0.051758 0.341907 -0.377931
v -0.043898 0.387229 -0.264061
v 0.043898 0.387229 -0.264061
v 0.051758 0.341907 -0.377931
v 0.193242 0.341907 -0.377931
v 0.201102 0.387229 -0.264061
v 0.193242 0.324313 -0.477631
v 0.193242 0.207238 -0.451299
v 0.201102 0.252560 -0.337429
v 0.201102 0.369635 -0.363760
v -0.051758 0.324313 -0.477631
v -0.051758 0.207238 -0.451299
v -0.043898 0.252560 -0.337429
v -0.043898 0.369635 -0.363760
v 0.051758 0.324313 -0.477631
v 0.051758 0.207238 -0.451299
v 0.193242 0.207238 -0.451299
v 0.193242 0.324313 -0.477631
v -0.043898 0.369635 -0.363760
v -0.043898 0.252560 -0.337429
v -0.201102 0.252560 -0.337429
v -0.201102 0.369635 -0.363760
v 0.043898 0.252560 -0.337429
v 0.051758 0.207238 -0.451299
v 0.051758 0.324313 -0.477631
v 0.043898 0.369635 -0.363760
v -0.193242 0.324313 -0.477631
v -0.193242 0.207238 -0.451299
v -0.051758 0.207238 -0.451299
v -0.051758 0.324313 -0.477631
v -0.201102 0.252560 -0.337429
v -0.193242 0.207238 -0.451299
v -0.193242 0.324313 -0.477631
v -0.201102 0.369635 -0.363760
v 0.201102 0.369635 -0.363760
v 0.201102 0.252560 -0.337429
v 0.043898 0.252560 -0.337429
v 0.043898 0.369635 -0.363760
v -0.201102 0.369635 -0.363760
v -0.193242 0.324313 -0.477631
v -0.051758 0.324313 -0.477631
v -0.043898 0.369635 -0.363760
v 0.043898 0.369635 -0.363760
v 0.051758 0.324313 -0.477631
v 0.193242 0.324313 -0.477631
v 0.201102 0.369635 -0.363760
v 0.139219 0.360265 -0.000315
v 0.123750 0.310356 0.091904
v 0.123750 0.375508 0.117501
v 0.139219 0.425417 0.025281
v -0.123750 0.375508 0.117501
v -0.123750 0.310356 0.091904
v -0.139219 0.360265 -0.000315
v -0.139219 0.425417 0.025281
v -0.139219 0.425417 0.025281
v -0.139219 0.360265 -0.000315
v 0.139219 0.360265 -0.000315
v 0.139219 0.425417 0.025281
v 0.123750 0.375508 0.117501
v 0.123750 0.310356 0.091904
v -0.123750 0.310356 0.091904
v -0.123750 0.375508 0.117501
v -0.307500 0.299746 0.224797
v -0.245000 0.319746 0.224797
v -0.307500 0.050695 0.265222
v 0.307500 0.050695 0.265222
v 0.245000 0.319746 0.224797
v 0.307500 0.299746 0.224797
v 0.307500 0.278402 -0.504866
v 0.245000 0.298402 -0.504866
v 0.307500 0.052307 -0.504866
v -0.307500 0.052307 -0.504866
v -0.245000 0.298402 -0.504866
v -0.307500 0.278402 -0.504866
v 0.307500 0.299746 0.224797
v 0.307500 0.388615 -0.014844
v 0.307500 0.050695 0.265222
v 0.307500 0.052307 -0.504866
v 0.307500 0.278402 -0.504866
v 0.175000 -0.326534 -0.084222
v 0.175000 0.073635 0.142686
v 0.175000 0.073635 0.192686
v 0.175000 -0.287044 -0.114890
v 0.175000 -0.281789 -0.479866
v 0.175000 -0.331789 -0.529866
v 0.175000 0.068211 -0.529866
v 0.175000 0.068211 -0.479866
v -0.225000 -0.326534 -0.084222
v -0.225000 0.073635 0.142686
v -0.225000 0.073635 0.192686
v -0.225000 -0.287044 -0.114890
v -0.225000 -0.281789 -0.479866
v -0.225000 -0.331789 -0.529866
v -0.225000 0.068211 -0.529866
v -0.225000 0.068211 -0.479866
v 0.225000 0.068211 -0.529866
v 0.225000 -0.281789 -0.479866
v 0.225000 0.068211 -0.479866
v 0.225000 -0.331789 -0.529866
v 0.225000 -0.326534 -0.084222
v 0.225000 -0.287044 -0.114890
v 0.225000 0.073635 0.142686
v 0.225000 0.073635 0.192686
v -0.175000 0.068211 -0.529866
v -0.175000 -0.281789 -0.479866
v -0.175000 0.068211 -0.479866
v -0.175000 -0.331789 -0.529866
v -0.175000 -0.326534 -0.084222
v -0.175000 -0.287044 -0.114890
v -0.175000 0.073635 0.142686
v -0.175000 0.073635 0.192686
vt 0.771174252 0.227698743
vt 0.771174014 0.227698743
vt 0.771174014 0.22769922
vt 0.771174252 0.22769922
vt 0.228300914 0.749676347
vt 0.228300914 0.74967587
vt 0.228300437 0.74967587
vt 0.228300437 0.749676347
vt 0.228300437 0.749676347
vt 0.228300914 0.749676347
vt 0.228300914 0.74967587
vt 0.228300437 0.74967587
vt 0.228300437 0.74967587
vt 0.228300437 0.749676347
vt 0.228300914 0.749676347
vt 0.228300914 0.74967587
vt 0.228300437 0.749676347
vt 0.228300914 0.749676347
vt 0.228300437 0.749676347
vt 0.228300437 0.749676347
vt 0.228300437 0.74967587
vt 0.228300437 0.749676347
vt 0.228300914 0.749676347
vt 0.228300914 0.74967587
vt 0.228300914 0.749676347
vt 0.228300914 0.74967587
vt 0.228300437 0.74967587
vt 0.228300437 0.749676347
vt 0.758862615 0.74967587
vt 0.758862138 0.749676347
vt 0.758862615 0.749676347
vt 0.758862138 0.74967587
vt 0.758862138 0.74967587
vt 0.758862615 0.74967587
vt 0.758862138 0.749676347
vt 0.758862615 0.749676347
vt 0.758862138 0.74967587
vt 0.758862138 0.749676347
vt 0.758862615 0.749676347
vt 0.758862138 0.749676347
vt 0.758862615 0.74967593
vt 0.758862138 0.749676168
vt 0.758862376 0.74967593
vt 0.758862615 0.749676168
vt 0.758862376 0.749676347
vt 0.771174252 0.227698743
vt 0.771174014 0.227698743
vt 0.771174014 0.22769922
vt 0.771174252 0.22769922
vt 0.228300914 0.74967587
vt 0.228300437 0.74967587
vt 0.228300437 0.749676347
vt 0.228300914 0.749676347
vt 0.228300914 0.74967587
vt 0.228300437 0.74967587
vt 0.228300437 0.749676347
vt 0.228300914 0.749676347
vt 0.228300437 0.749676347
vt 0.228300914 0.749676347
vt 0.228300914 0.74967587
vt 0.228300437 0.74967587
vt 0.771174252 0.227698743
vt 0.771174014 0.227698743
vt 0.771174014 0.22769922
vt 0.771174252 0.22769922
vt 0.771174014 0.227698743
vt 0.771174014 0.22769922
vt 0.771174252 0.22769922
vt 0.771174252 0.227698743
vt 0.771174252 0.227698743
vt 0.771174014 0.227698743
vt 0.771174014 0.22769922
vt 0.771174252 0.22769922
vt 0.771174252 0.227698743
vt 0.771174014 0.227698743
vt 0.771174014 0.22769922
vt 0.771174252 0.22769922
vt 0.771174252 0.227698743
vt 0.771174014 0.227698743
vt 0.771174014 0.22769922
vt 0.771174252 0.22769922
vt 0.771174252 0.227698743
vt 0.771174014 0.227698743
vt 0.771174014 0.22769922
vt 0.771174252 0.22769922
vt 0.771174252 0.227698743
vt 0.771174014 0.227698743
vt 0.771174014 0.22769922
vt 0.771174252 0.22769922
vt 0.771174252 0.227698743
vt 0.771174014 0.227698743
vt 0.771174014 0.22769922
vt 0.771174252 0.22769922
vt 0.771174252 0.227698743
vt 0.771174014 0.227698743
vt 0.771174014 0.22769922
vt 0.771174252 0.22769922
vt 0.758862138 0.749676228
vt 0.758862138 0.749675989
vt 0.758862376 0.74967587
vt 0.758862615 0.749675989
vt 0.771174252 0.227698743
vt 0.771174014 0.227698743
vt 0.771174014 0.22769922
vt 0.771174252 0.22769922
vt 0.771174252 0.227698743
vt 0.771174014 0.227698743
vt 0.771174014 0.22769922
vt 0.771174252 0.22769922
vt 0.771174252 0.227698743
vt 0.771174014 0.227698743
vt 0.771174014 0.22769922
vt 0.771174252 0.22769922
vt 0.228300437 0.74967587
vt 0.228300437 0.749676347
vt 0.228300914 0.749676347
vt 0.228300914 0.74967587
vt 0.228300914 0.74967587
vt 0.228300437 0.74967587
vt 0.228300437 0.749676347
vt 0.228300914 0.749676347
vt 0.228300914 0.74967587
vt 0.228300437 0.74967587
vt 0.228300437 0.749676347
vt 0.228300914 0.749676347
vt 0.228300914 0.74967587
vt 0.228300437 0.74967587
vt 0.228300437 0.749676347
vt 0.228300914 0.749676347
vt 0.228300437 0.749676347
vt 0.228300914 0.749676347
vt 0.228300914 0.74967587
vt 0.228300437 0.74967587
vt 0.228300914 0.74967587
vt 0.228300437 0.74967587
vt 0.228300437 0.749676347
vt 0.228300914 0.749676347
vt 0.228300914 0.74967587
vt 0.228300437 0.74967587
vt 0.228300437 0.749676347
vt 0.228300914 0.749676347
vt 0.228300437 0.749676347
vt 0.228300914 0.749676347
vt 0.228300914 0.74967587
vt 0.228300437 0.74967587
vt 0.228300437 0.749676347
vt 0.228300914 0.749676347
vt 0.228300914 0.74967587
vt 0.228300437 0.74967587
vt 0.228300437 0.74967587
vt 0.228300437 0.749676347
vt 0.228300914 0.749676347
vt 0.228300914 0.74967587
vt 0.228300914 0.74967587
vt 0.228300437 0.74967587
vt 0.228300437 0.749676347
vt 0.228300914 0.749676347
vt 0.228300437 0.749676347
vt 0.228300914 0.749676347
vt 0.228300914 0.74967587
vt 0.228300437 0.74967587
vt 0.228300914 0.749676347
vt 0.228300437 0.749676347
vt 0.228300437 0.74967587
vt 0.228300914 0.74967587
vt 0.228300914 0.749676347
vt 0.228300437 0.749676347
vt 0.228300437 0.74967587
vt 0.228300914 0.74967587
vt 0.769616961 0.232626006
vt 0.769607186 0.232626006
vt 0.76961422 0.232636198
vt 0.769614398 0.232636318
vt 0.76961422 0.232636198
vt 0.7696141 0.232636616
vt 0.769614339 0.232636675
vt 0.769614398 0.232636318
vt 0.769626737 0.232646272
vt 0.769624114 0.232656613
vt 0.769624114 0.232656971
vt 0.76962626 0.232666478
vt 0.769616485 0.232646182
vt 0.769614339 0.232636675
vt 0.7696141 0.232636616
vt 0.769607544 0.232646272
vt 0.769616961 0.232626006
vt 0.769614398 0.232636318
vt 0.769614339 0.232636675
vt 0.769616485 0.232646182
vt 0.769607186 0.232626006
vt 0.769607544 0.232646272
vt 0.7696141 0.232636616
vt 0.76961422 0.232636198
vt 0.769623995 0.232656494
vt 0.769623876 0.232656911
vt 0.769624114 0.232656971
vt 0.769624114 0.232656613
vt 0.769626737 0.232646272
vt 0.769616961 0.232646272
vt 0.769623995 0.232656494
vt 0.769624114 0.232656613
vt 0.76962626 0.232666478
vt 0.769624114 0.232656971
vt 0.769623876 0.232656911
vt 0.769617319 0.232666537
vt 0.769616961 0.232646272
vt 0.769617319 0.232666537
vt 0.769623876 0.232656911
vt 0.769623995 0.232656494
vt 0.769616961 0.232626006
vt 0.769617319 0.232646272
vt 0.769623876 0.232636616
vt 0.769623995 0.232636198
vt 0.76962626 0.232646182
vt 0.769624114 0.232636675
vt 0.769623876 0.232636616
vt 0.769617319 0.232646272
vt 0.769626737 0.232626006
vt 0.769616961 0.232626006
vt 0.769623995 0.232636198
vt 0.769624114 0.232636318
vt 0.769624114 0.232636318
vt 0.769623995 0.232636198
vt 0.769623876 0.232636616
vt 0.769624114 0.232636675
vt 0.769607186 0.232646272
vt 0.769607544 0.232666537
vt 0.7696141 0.232656911
vt 0.76961422 0.232656494
vt 0.769616961 0.232646272
vt 0.769614398 0.232656613
vt 0.769614339 0.232656971
vt 0.769616485 0.232666478
vt 0.769616485 0.232666478
vt 0.769614339 0.232656971
vt 0.7696141 0.232656911
vt 0.769607544 0.232666537
vt 0.76962626 0.232646182
vt 0.769626737 0.232626006
vt 0.769624114 0.232636318
vt 0.769624114 0.232636675
vt 0.769614398 0.232656613
vt 0.76961422 0.232656494
vt 0.7696141 0.232656911
vt 0.769614339 0.232656971
vt 0.769616961 0.232646272
vt 0.769607186 0.232646272
vt 0.76961422 0.232656494
vt 0.769614398 0.232656613
vt 0.769636869 0.232666537
vt 0.769636869 0.232647017
vt 0.769631743 0.232660994
vt 0.769631684 0.232661411
vt 0.769631684 0.232661411
vt 0.769631743 0.232660994
vt 0.769631565 0.232660905
vt 0.769631505 0.232661262
vt 0.769636869 0.232626751
vt 0.769634306 0.232637063
vt 0.769634247 0.23263742
vt 0.769636393 0.232646927
vt 0.769626737 0.232665613
vt 0.769631505 0.232661262
vt 0.769631565 0.232660905
vt 0.769626737 0.232647762
vt 0.769636869 0.232666537
vt 0.769631684 0.232661411
vt 0.769631505 0.232661262
vt 0.769626737 0.232665613
vt 0.769636869 0.232647017
vt 0.769626737 0.232647762
vt 0.769631565 0.232660905
vt 0.769631743 0.232660994
vt 0.769634306 0.232637063
vt 0.769634128 0.232636943
vt 0.769634008 0.232637361
vt 0.769634247 0.23263742
vt 0.769636869 0.232626751
vt 0.769627094 0.232626751
vt 0.769634128 0.232636943
vt 0.769634306 0.232637063
vt 0.769636393 0.232646927
vt 0.769634247 0.23263742
vt 0.769634008 0.232637361
vt 0.769627452 0.232647017
vt 0.769627094 0.232626751
vt 0.769627452 0.232647017
vt 0.769634008 0.232637361
vt 0.769634128 0.232636943
vt 0.228300437 0.74967587
vt 0.228300437 0.749676347
vt 0.228300914 0.749676347
vt 0.228300914 0.74967587
vt 0.228300437 0.74967587
vt 0.228300437 0.749676347
vt 0.228300914 0.749676347
vt 0.228300914 0.74967587
vt 0.228300914 0.74967587
vt 0.228300437 0.74967587
vt 0.228300437 0.749676347
vt 0.228300914 0.749676347
vt 0.228300914 0.74967587
vt 0.228300437 0.74967587
vt 0.228300437 0.749676347
vt 0.228300914 0.749676347
vt 0.228300914 0.74967587
vt 0.228300437 0.74967587
vt 0.228300437 0.749676347
vt 0.228300914 0.749676347
vt 0.228300914 0.749676347
vt 0.228300914 0.74967587
vt 0.228300437 0.74967587
vt 0.228300437 0.749676347
vt 0.228300914 0.74967587
vt 0.228300437 0.74967587
vt 0.228300437 0.749676347
vt 0.228300914 0.749676347
vt 0.228300914 0.74967587
vt 0.228300437 0.74967587
vt 0.228300437 0.749676347
vt 0.228300914 0.749676347
vt 0.228300914 0.74967587
vt 0.228300437 0.74967587
vt 0.228300437 0.749676347
vt 0.228300914 0.749676347
vt 0.228300914 0.74967587
vt 0.228300437 0.74967587
vt 0.228300437 0.749676347
vt 0.228300914 0.749676347
vt 0.228300437 0.74967587
vt 0.228300437 0.749676347
vt 0.228300914 0.749676347
vt 0.228300914 0.74967587
vt 0.228300437 0.74967587
vt 0.228300437 0.749676347
vt 0.228300914 0.749676347
vt 0.228300914 0.74967587
vt 0.228300914 0.749676347
vt 0.228300914 0.74967587
vt 0.228300437 0.74967587
vt 0.228300437 0.749676347
vt 0.228300914 0.749676347
vt 0.228300914 0.74967587
vt 0.228300437 0.74967587
vt 0.228300437 0.749676347
vt 0.228300914 0.74967587
vt 0.228300437 0.74967587
vt 0.228300437 0.749676347
vt 0.228300914 0.749676347
vt 0.228300914 0.74967587
vt 0.228300437 0.74967587
vt 0.228300437 0.749676347
vt 0.228300914 0.749676347
vt 0.228300914 0.749676347
vt 0.228300914 0.74967587
vt 0.228300437 0.74967587
vt 0.228300437 0.749676347
vt 0.228300914 0.74967587
vt 0.228300437 0.74967587
vt 0.228300437 0.749676347
vt 0.228300914 0.749676347
vt 0.228300914 0.74967587
vt 0.228300437 0.74967587
vt 0.228300437 0.749676347
vt 0.228300914 0.749676347
vt 0.228300437 0.74967587
vt 0.228300437 0.749676347
vt 0.228300914 0.749676347
vt 0.228300914 0.74967587
vt 0.228300437 0.74967587
vt 0.228300437 0.749676347
vt 0.228300914 0.749676347
vt 0.228300914 0.74967587
vt 0.228300914 0.749676347
vt 0.228300914 0.74967587
vt 0.228300437 0.74967587
vt 0.228300437 0.749676347
vt 0.228300914 0.749676347
vt 0.228300914 0.74967587
vt 0.228300437 0.74967587
vt 0.228300437 0.749676347
vt 0.228300914 0.74967587
vt 0.228300437 0.74967587
vt 0.228300437 0.749676347
vt 0.228300914 0.749676347
vt 0.228300914 0.749676347
vt 0.228300914 0.74967587
vt 0.228300437 0.74967587
vt 0.228300437 0.749676347
vt 0.228300914 0.74967587
vt 0.228300437 0.74967587
vt 0.228300437 0.749676347
vt 0.228300914 0.749676347
vt 0.228300914 0.749676347
vt 0.228300914 0.74967587
vt 0.228300437 0.74967587
vt 0.228300437 0.749676347
vt 0.228300914 0.74967587
vt 0.228300437 0.74967587
vt 0.228300437 0.749676347
vt 0.228300914 0.749676347
vt 0.228300914 0.74967587
vt 0.228300437 0.74967587
vt 0.228300437 0.749676347
vt 0.228300914 0.749676347
vt 0.228300914 0.74967587
vt 0.228300437 0.74967587
vt 0.228300437 0.749676347
vt 0.228300914 0.749676347
vt 0.228300914 0.749676347
vt 0.228300914 0.74967587
vt 0.228300437 0.74967587
vt 0.228300437 0.749676347
vt 0.228300914 0.749676347
vt 0.228300914 0.74967587
vt 0.228300437 0.74967587
vt 0.228300437 0.749676347
vt 0.228300914 0.749676347
vt 0.228300914 0.74967587
vt 0.228300437 0.74967587
vt 0.228300437 0.749676347
vt 0.758862615 0.749676347
vt 0.758862138 0.74967587
vt 0.758862138 0.74967587
vt 0.758862138 0.74967587
vt 0.758862615 0.749676347
vt 0.758862615 0.74967587
vt 0.758862138 0.749676228
vt 0.758862138 0.749675989
vt 0.758862376 0.749676347
vt 0.758862615 0.749676228
vt 0.758862376 0.74967587
vt 0.758862615 0.749675989
vt 0.758862138 0.749676168
vt 0.758862376 0.74967593
vt 0.758862376 0.749676347
vt 0.758862615 0.749676168
vt 0.758862615 0.74967593
vt 0.771174133 0.22769922
vt 0.771174252 0.227698982
vt 0.771174252 0.227699161
vt 0.771174252 0.227698803
vt 0.771174133 0.227698743
vt 0.771174073 0.227699161
vt 0.771174014 0.227698982
vt 0.771174073 0.227698803
vt 0.771174133 0.22769922
vt 0.771174252 0.227698982
vt 0.771174252 0.227699161
vt 0.771174252 0.227698803
vt 0.771174133 0.227698743
vt 0.771174073 0.227699161
vt 0.771174014 0.227698982
vt 0.771174073 0.227698803
vt 0.771174252 0.227699161
vt 0.771174252 0.227698803
vt 0.771174252 0.227698982
vt 0.771174133 0.22769922
vt 0.771174073 0.227699161
vt 0.771174133 0.227698743
vt 0.771174073 0.227698803
vt 0.771174014 0.227698982
vt 0.771174252 0.227699161
vt 0.771174252 0.227698803
vt 0.771174252 0.227698982
vt 0.771174133 0.22769922
vt 0.771174073 0.227699161
vt 0.771174133 0.227698743
vt 0.771174073 0.227698803
vt 0.771174014 0.227698982
vn -0.000000 -0.000000 -1.000000
vn -0.000000 -0.000000 -1.000000
vn -0.000000 -0.000000 -1.000000
vn -0.000000 -0.000000 -1.000000
vn -0.000000 -0.365662 0.930748
vn -0.000000 -0.365662 0.930748
vn -0.000000 -0.365662 0.930748
vn -0.000000 -0.365662 0.930748
vn -0.000000 0.164117 0.986441
vn -0.000000 0.164117 0.986441
vn -0.000000 0.164117 0.986441
vn -0.000000 0.164117 0.986441
vn 0.997898 -0.014220 -0.063223
vn 0.997898 -0.014220 -0.063223
vn 0.997898 -0.014220 -0.063223
vn 0.997898 -0.014220 -0.063223
vn -0.000000 0.879462 0.475969
vn -0.000000 0.879462 0.475970
vn -0.000000 0.879462 0.475969
vn -0.000000 0.879462 0.475969
vn 0.997898 -0.014220 -0.063223
vn 0.997898 -0.014220 -0.063223
vn 0.997898 -0.014220 -0.063223
vn 0.997898 -0.014220 -0.063223
vn -0.000000 0.219433 0.975628
vn -0.000000 0.219433 0.975628
vn -0.000000 0.219433 0.975628
vn -0.000000 0.219433 0.975628
vn -0.145228 0.927665 0.344016
vn -0.287378 0.898054 0.333035
vn -0.304147 0.950459 0.064204
vn -0.154194 0.985811 0.066336
vn 0.102724 0.992471 0.066701
vn 0.193407 0.919902 0.341137
vn -0.150729 0.964481 -0.216926
vn -0.298014 0.931297 -0.209462
vn 0.200715 0.955773 -0.214967
vn 0.304148 0.950459 0.064204
vn 0.287377 0.898055 0.333035
vn 0.298016 0.931296 -0.209462
vn -1.000000 0.000000 -0.000000
vn -1.000000 0.000000 -0.000000
vn -1.000000 0.000000 -0.000000
vn -1.000000 0.000000 -0.000000
vn -1.000000 0.000000 -0.000000
vn -0.000000 0.581161 -0.813789
vn -0.000000 0.581161 -0.813789
vn -0.000000 0.581161 -0.813789
vn -0.000000 0.581161 -0.813789
vn -0.997898 -0.014219 -0.063222
vn -0.997898 -0.014219 -0.063222
vn -0.997898 -0.014219 -0.063222
vn -0.997898 -0.014219 -0.063222
vn 0.988713 -0.054783 0.139445
vn 0.988713 -0.054783 0.139445
vn 0.988713 -0.054783 0.139445
vn 0.988713 -0.054784 0.139445
vn -0.000000 -0.999998 -0.002149
vn -0.000000 -0.999998 -0.002149
vn -0.000000 -0.999998 -0.002149
vn -0.000000 -0.999998 -0.002149
vn -0.000000 1.000000 -0.000000
vn -0.000000 1.000000 -0.000000
vn -0.000000 1.000000 -0.000000
vn -0.000000 1.000000 -0.000000
vn -0.000000 -0.000000 -1.000000
vn -0.000000 -0.000000 -1.000000
vn -0.000000 -0.000000 -1.000000
vn -0.000000 -0.000000 -1.000000
vn -0.000000 0.999896 0.014397
vn -0.000000 0.999896 0.014397
vn -0.000000 0.999896 0.014397
vn -0.000000 0.999896 0.014397
vn -0.000000 0.999896 0.014397
vn -0.000000 0.999896 0.014397
vn -0.000000 0.999896 0.014397
vn -0.000000 0.999896 0.014397
vn -0.000000 0.000000 1.000000
vn -0.000000 0.000000 1.000000
vn -0.000000 0.000000 1.000000
vn -0.000000 0.000000 1.000000
vn -0.000000 -0.999930 0.011791
vn -0.000000 -0.999930 0.011791
vn -0.000000 -0.999930 0.011791
vn -0.000000 -0.999930 0.011791
vn -0.000000 0.000000 1.000000
vn -0.000000 0.000000 1.000000
vn -0.000000 0.000000 1.000000
vn -0.000000 0.000000 1.000000
vn -0.000000 -0.569026 0.822320
vn -0.000000 -0.569026 0.822320
vn -0.000000 -0.569026 0.822320
vn -0.000000 -0.569026 0.822320
vn -0.000000 1.000000 -0.000000
vn -0.000000 1.000000 -0.000000
vn -0.000000 1.000000 -0.000000
vn -0.000000 1.000000 -0.000000
vn -0.000000 -0.999998 -0.002093
vn -0.000000 -0.999998 -0.002093
vn -0.000000 -0.999998 -0.002093
vn -0.000000 -0.999998 -0.002093
vn -0.000000 -0.999930 0.011791
vn -0.000000 -0.999930 0.011791
vn -0.000000 -0.999930 0.011791
vn -0.000000 -0.999930 0.011791
vn -0.000000 0.581161 -0.813789
vn -0.000000 0.581161 -0.813789
vn -0.000000 0.581161 -0.813789
vn -0.000000 0.581161 -0.813789
vn -0.000000 -0.569026 0.822320
vn -0.000000 -0.569026 0.822320
vn -0.000000 -0.569026 0.822320
vn -0.000000 -0.569026 0.822320
vn -1.000000 0.000000 -0.000000
vn -1.000000 0.000000 -0.000000
vn -1.000000 0.000000 -0.000000
vn -1.000000 0.000000 -0.000000
vn 1.000000 0.000000 -0.000000
vn 1.000000 0.000000 -0.000000
vn 1.000000 0.000000 -0.000000
vn 1.000000 0.000000 -0.000000
vn -0.997898 -0.014219 -0.063222
vn -0.997898 -0.014219 -0.063222
vn -0.997898 -0.014219 -0.063222
vn -0.997898 -0.014220 -0.063223
vn -0.000000 0.219433 0.975628
vn -0.000000 0.219433 0.975627
vn -0.000000 0.219433 0.975628
vn -0.000000 0.219433 0.975628
vn -0.000000 0.934021 0.357219
vn -0.000000 0.934021 0.357219
vn -0.000000 0.934021 0.357219
vn -0.000000 0.934021 0.357219
vn -0.000000 0.929112 -0.369797
vn -0.000000 0.929112 -0.369797
vn -0.000000 0.929112 -0.369797
vn -0.000000 0.929112 -0.369797
vn -0.000000 0.929113 -0.369797
vn -0.000000 0.929113 -0.369797
vn -0.000000 0.929113 -0.369797
vn -0.000000 0.929112 -0.369797
vn -0.000000 0.015270 -0.999883
vn -0.000000 0.015270 -0.999883
vn -0.000000 0.015270 -0.999883
vn -0.000000 0.015270 -0.999883
vn -0.000000 -0.999999 0.001047
vn -0.000000 -0.999999 0.001047
vn -0.000000 -0.999999 0.001047
vn -0.000000 -0.999999 0.001047
vn 1.000000 0.000000 -0.000000
vn 1.000000 0.000000 -0.000000
vn 1.000000 0.000000 -0.000000
vn 1.000000 0.000000 -0.000000
vn -1.000000 0.000000 -0.000000
vn -1.000000 0.000000 -0.000000
vn -1.000000 0.000000 -0.000000
vn -1.000000 0.000000 -0.000000
vn -0.000000 0.976453 -0.215729
vn -0.000000 0.976453 -0.215729
vn -0.000000 0.976453 -0.215729
vn -0.000000 0.976453 -0.215729
vn -0.000000 -0.000000 -1.000000
vn -0.000000 -0.000000 -1.000000
vn -0.000000 -0.000000 -1.000000
vn -0.000000 -0.000000 -1.000000
vn -0.000000 0.000000 1.000000
vn -0.000000 0.000000 1.000000
vn -0.000000 0.000000 1.000000
vn -0.000000 0.000000 1.000000
vn 0.185676 0.081401 -0.979233
vn 0.207808 -0.000000 -0.978170
vn 0.185676 0.081401 -0.979233
vn 0.162223 0.162222 -0.973328
vn 0.707106 0.707107 -0.000000
vn 0.707106 0.707107 -0.000000
vn 0.707106 0.707107 -0.000000
vn 0.707106 0.707107 -0.000000
vn 0.635051 0.772470 -0.000000
vn 0.635052 0.772470 -0.000000
vn 0.635051 0.772470 -0.000000
vn 0.635051 0.772470 -0.000000
vn 0.185673 0.081400 0.979234
vn 0.162220 0.162220 0.973329
vn 0.185673 0.081400 0.979234
vn 0.207805 0.000000 0.978170
vn -0.635052 0.772469 -0.000000
vn -0.635052 0.772469 -0.000000
vn -0.635052 0.772469 -0.000000
vn -0.635052 0.772470 -0.000000
vn 0.747247 -0.664546 0.000000
vn 0.747247 -0.664546 0.000000
vn 0.747247 -0.664546 0.000000
vn 0.747247 -0.664546 0.000000
vn -0.707107 0.707106 -0.000000
vn -0.707107 0.707106 -0.000000
vn -0.707107 0.707106 -0.000000
vn -0.707107 0.707106 -0.000000
vn -0.185676 0.081401 0.979233
vn -0.207809 0.000000 0.978170
vn -0.185676 0.081401 0.979233
vn -0.162223 0.162223 0.973328
vn -0.185674 0.081400 -0.979234
vn -0.162220 0.162220 -0.973329
vn -0.185674 0.081400 -0.979234
vn -0.207806 -0.000000 -0.978170
vn -0.747247 -0.664546 0.000000
vn -0.747247 -0.664547 0.000000
vn -0.747247 -0.664546 0.000000
vn -0.747247 -0.664546 0.000000
vn -0.747247 -0.664546 0.000000
vn -0.747247 -0.664547 0.000000
vn -0.747247 -0.664546 0.000000
vn -0.747247 -0.664546 0.000000
vn -0.185674 0.081400 -0.979234
vn -0.162220 0.162220 -0.973329
vn -0.185674 0.081400 -0.979234
vn -0.207806 -0.000000 -0.978170
vn -0.185676 0.081401 0.979233
vn -0.207809 0.000000 0.978170
vn -0.185676 0.081401 0.979233
vn -0.162223 0.162223 0.973328
vn -0.707107 0.707106 -0.000000
vn -0.707107 0.707106 -0.000000
vn -0.707107 0.707106 -0.000000
vn -0.707107 0.707107 -0.000000
vn 0.747247 -0.664546 0.000000
vn 0.747247 -0.664546 0.000000
vn 0.747247 -0.664546 0.000000
vn 0.747247 -0.664546 0.000000
vn -0.635052 0.772469 -0.000000
vn -0.635052 0.772469 -0.000000
vn -0.635052 0.772469 -0.000000
vn -0.635052 0.772470 -0.000000
vn 0.185673 0.081400 0.979234
vn 0.162220 0.162220 0.973329
vn 0.185673 0.081400 0.979234
vn 0.207805 0.000000 0.978170
vn 0.635051 0.772470 -0.000000
vn 0.635051 0.772470 -0.000000
vn 0.635051 0.772470 -0.000000
vn 0.635051 0.772470 -0.000000
vn 0.707106 0.707107 -0.000000
vn 0.707106 0.707107 -0.000000
vn 0.707106 0.707107 -0.000000
vn 0.707106 0.707107 -0.000000
vn 0.185676 0.081401 -0.979233
vn 0.207808 -0.000000 -0.978170
vn 0.185676 0.081401 -0.979233
vn 0.162223 0.162222 -0.973328
vn 0.185676 0.749982 -0.634864
vn 0.207808 0.691670 -0.691670
vn 0.185676 0.749982 -0.634864
vn 0.162223 0.802955 -0.573539
vn 0.707107 0.499999 0.500002
vn 0.707107 0.499999 0.500002
vn 0.707107 0.499999 0.500002
vn 0.707106 0.499998 0.500002
vn 0.635051 0.546218 0.546219
vn 0.635052 0.546218 0.546219
vn 0.635051 0.546218 0.546219
vn 0.635051 0.546218 0.546219
vn 0.185674 -0.634865 0.749981
vn 0.162221 -0.573541 0.802954
vn 0.185674 -0.634865 0.749981
vn 0.207806 -0.691671 0.691671
vn -0.635052 0.546219 0.546218
vn -0.635052 0.546218 0.546218
vn -0.635052 0.546219 0.546218
vn -0.635052 0.546219 0.546218
vn 0.747247 -0.469906 -0.469905
vn 0.747247 -0.469906 -0.469904
vn 0.747247 -0.469906 -0.469905
vn 0.747247 -0.469905 -0.469905
vn -0.707107 0.500001 0.499998
vn -0.707107 0.500001 0.499998
vn -0.707107 0.500001 0.499998
vn -0.707107 0.500001 0.499998
vn -0.185676 -0.634864 0.749982
vn -0.207808 -0.691670 0.691670
vn -0.185676 -0.634864 0.749982
vn -0.162222 -0.573538 0.802956
vn -0.185674 0.749981 -0.634865
vn -0.162221 0.802954 -0.573541
vn -0.185674 0.749981 -0.634865
vn -0.207806 0.691671 -0.691671
vn -0.747247 -0.469905 -0.469906
vn -0.747247 -0.469905 -0.469906
vn -0.747247 -0.469905 -0.469906
vn -0.747247 -0.469905 -0.469905
vn 0.997898 -0.014220 -0.063223
vn 0.997898 -0.014220 -0.063223
vn 0.997898 -0.014220 -0.063223
vn 0.997898 -0.014220 -0.063223
vn 0.997898 -0.014220 -0.063223
vn 0.997898 -0.014220 -0.063223
vn 0.997898 -0.014220 -0.063223
vn 0.997898 -0.014220 -0.063223
vn -0.000000 0.881203 0.472739
vn -0.000000 0.881203 0.472739
vn -0.000000 0.881203 0.472739
vn -0.000000 0.881202 0.472739
vn -0.000000 0.219433 0.975628
vn -0.000000 0.219433 0.975628
vn -0.000000 0.219433 0.975628
vn -0.000000 0.219433 0.975628
vn -0.997898 -0.014219 -0.063222
vn -0.997898 -0.014219 -0.063222
vn -0.997898 -0.014219 -0.063222
vn -0.997898 -0.014219 -0.063222
vn -0.988713 -0.054784 0.139445
vn -0.988713 -0.054784 0.139445
vn -0.988713 -0.054784 0.139445
vn -0.988713 -0.054784 0.139445
vn -0.997898 -0.014219 -0.063223
vn -0.997898 -0.014219 -0.063222
vn -0.997898 -0.014219 -0.063223
vn -0.997898 -0.014219 -0.063223
vn -0.000000 0.219433 0.975628
vn -0.000000 0.219433 0.975628
vn -0.000000 0.219433 0.975628
vn -0.000000 0.219433 0.975628
vn -0.000000 0.929112 -0.369797
vn -0.000000 0.929112 -0.369797
vn -0.000000 0.929112 -0.369797
vn -0.000000 0.929112 -0.369797
vn -0.000000 0.929113 -0.369797
vn -0.000000 0.929113 -0.369797
vn -0.000000 0.929113 -0.369797
vn -0.000000 0.929112 -0.369797
vn 0.997898 -0.014220 -0.063223
vn 0.997898 -0.014220 -0.063223
vn 0.997898 -0.014220 -0.063223
vn 0.997898 -0.014220 -0.063223
vn 0.997898 -0.014220 -0.063223
vn 0.997898 -0.014220 -0.063223
vn 0.997898 -0.014220 -0.063223
vn 0.997898 -0.014220 -0.063223
vn -0.000000 0.365662 -0.930748
vn -0.000000 0.365662 -0.930748
vn -0.000000 0.365662 -0.930748
vn -0.000000 0.365662 -0.930748
vn -0.000000 0.219433 0.975628
vn -0.000000 0.219433 0.975628
vn -0.000000 0.219433 0.975628
vn -0.000000 0.219433 0.975628
vn -0.997898 -0.014219 -0.063222
vn -0.997898 -0.014219 -0.063222
vn -0.997898 -0.014219 -0.063222
vn -0.997898 -0.014220 -0.063222
vn -0.997898 -0.014220 -0.063222
vn -0.997898 -0.014219 -0.063222
vn -0.997898 -0.014220 -0.063222
vn -0.997898 -0.014220 -0.063223
vn -0.000000 0.219433 0.975628
vn -0.000000 0.219433 0.975628
vn -0.000000 0.219433 0.975628
vn -0.000000 0.219433 0.975628
vn -0.000000 0.929112 -0.369797
vn -0.000000 0.929112 -0.369797
vn -0.000000 0.929112 -0.369797
vn -0.000000 0.929112 -0.369797
vn -0.000000 0.929113 -0.369797
vn -0.000000 0.929113 -0.369797
vn -0.000000 0.929113 -0.369797
vn -0.000000 0.929112 -0.369797
vn 0.997898 -0.014220 -0.063223
vn 0.997898 -0.014220 -0.063223
vn 0.997898 -0.014220 -0.063223
vn 0.997898 -0.014220 -0.063223
vn 0.997898 -0.014220 -0.063223
vn 0.997898 -0.014220 -0.063223
vn 0.997898 -0.014220 -0.063223
vn 0.997898 -0.014220 -0.063223
vn -0.000000 -0.219432 -0.975628
vn -0.000000 -0.219432 -0.975628
vn -0.000000 -0.219432 -0.975628
vn -0.000000 -0.219432 -0.975628
vn -0.000000 0.219433 0.975628
vn -0.000000 0.219433 0.975628
vn -0.000000 0.219433 0.975628
vn -0.000000 0.219433 0.975628
vn -0.997898 -0.014219 -0.063222
vn -0.997898 -0.014219 -0.063222
vn -0.997898 -0.014219 -0.063222
vn -0.997898 -0.014219 -0.063222
vn -0.000000 -0.219432 -0.975628
vn -0.000000 -0.219432 -0.975628
vn -0.000000 -0.219432 -0.975628
vn -0.000000 -0.219432 -0.975628
vn -0.997898 -0.014219 -0.063222
vn -0.997898 -0.014219 -0.063222
vn -0.997898 -0.014219 -0.063222
vn -0.997898 -0.014220 -0.063223
vn -0.000000 0.219433 0.975628
vn -0.000000 0.219433 0.975628
vn -0.000000 0.219433 0.975628
vn -0.000000 0.219433 0.975628
vn -0.000000 0.929112 -0.369797
vn -0.000000 0.929112 -0.369797
vn -0.000000 0.929112 -0.369797
vn -0.000000 0.929112 -0.369797
vn -0.000000 0.929113 -0.369797
vn -0.000000 0.929113 -0.369797
vn -0.000000 0.929113 -0.369797
vn -0.000000 0.929113 -0.369797
vn 0.989136 -0.053754 0.136824
vn 0.989136 -0.053754 0.136824
vn 0.989136 -0.053754 0.136824
vn 0.989136 -0.053754 0.136824
vn -0.989136 -0.053754 0.136824
vn -0.989136 -0.053754 0.136824
vn -0.989136 -0.053754 0.136824
vn -0.989136 -0.053754 0.136824
vn -0.000000 0.365662 -0.930748
vn -0.000000 0.365662 -0.930748
vn -0.000000 0.365662 -0.930748
vn -0.000000 0.365662 -0.930748
vn -0.000000 -0.365662 0.930748
vn -0.000000 -0.365662 0.930748
vn -0.000000 -0.365662 0.930748
vn -0.000000 -0.365662 0.930748
vn -0.051203 0.160009 0.985787
vn -0.017073 0.152438 0.988166
vn -0.025610 0.154349 0.987684
vn 0.017073 0.152438 0.988166
vn 0.025610 0.154349 0.987684
vn 0.051203 0.160008 0.985787
vn -0.000000 -0.000000 -1.000000
vn -0.000000 -0.000000 -1.000000
vn -0.000000 -0.000000 -1.000000
vn -0.000000 -0.000000 -1.000000
vn -0.000000 -0.000000 -1.000000
vn -0.000000 -0.000000 -1.000000
vn 1.000000 0.000000 -0.000000
vn 1.000000 0.000000 -0.000000
vn 1.000000 0.000000 -0.000000
vn 1.000000 0.000000 -0.000000
vn 1.000000 0.000000 -0.000000
vn -1.000000 0.000000 -0.000000
vn -1.000000 0.000000 -0.000000
vn -1.000000 0.000000 -0.000000
vn -1.000000 0.000000 -0.000000
vn -1.000000 0.000000 -0.000000
vn -1.000000 0.000000 -0.000000
vn -1.000000 0.000000 -0.000000
vn -1.000000 0.000000 -0.000000
vn -1.000000 0.000000 -0.000000
vn -1.000000 0.000000 -0.000000
vn -1.000000 0.000000 -0.000000
vn -1.000000 0.000000 -0.000000
vn -1.000000 0.000000 -0.000000
vn -1.000000 0.000000 -0.000000
vn -1.000000 0.000000 -0.000000
vn -1.000000 0.000000 -0.000000
vn 1.000000 0.000000 -0.000000
vn 1.000000 0.000000 -0.000000
vn 1.000000 0.000000 -0.000000
vn 1.000000 0.000000 -0.000000
vn 1.000000 0.000000 -0.000000
vn 1.000000 0.000000 -0.000000
vn 1.000000 0.000000 -0.000000
vn 1.000000 0.000000 -0.000000
vn 1.000000 0.000000 -0.000000
vn 1.000000 0.000000 -0.000000
vn 1.000000 0.000000 -0.000000
vn 1.000000 0.000000 -0.000000
vn 1.000000 0.000000 -0.000000
vn 1.000000 0.000000 -0.000000
vn 1.000000 0.000000 -0.000000
vn 1.000000 0.000000 -0.000000
f 1/1/1 2/2/2 3/3/3
f 1/1/1 3/3/3 4/4/4
f 5/5/5 6/6/6 7/7/7
f 5/5/5 7/7/7 8/8/8
f 9/9/9 10/10/10 11/11/11
f 9/9/9 11/11/11 12/12/12
f 13/13/13 14/14/14 15/15/15
f 13/13/13 15/15/15 16/16/16
f 17/17/17 18/18/18 19/19/19
f 17/17/17 19/19/19 20/20/20
f 21/21/21 22/22/22 23/23/23
f 21/21/21 23/23/23 24/24/24
f 25/25/25 26/26/26 27/27/27
f 25/25/25 27/27/27 28/28/28
f 29/29/29 30/30/30 31/31/31
f 29/29/29 31/31/31 32/32/32
f 29/29/29 32/32/32 33/33/33
f 29/29/29 33/33/33 34/34/34
f 35/35/35 32/32/32 31/31/31
f 33/33/33 32/32/32 35/35/35
f 35/35/35 31/31/31 36/36/36
f 33/33/33 35/35/35 37/37/37
f 34/34/34 33/33/33 38/38/38
f 37/37/37 38/38/38 33/33/33
f 34/34/34 38/38/38 39/39/39
f 37/37/37 40/40/40 38/38/38
f 41/41/41 42/42/42 43/43/43
f 44/44/44 42/42/42 41/41/41
f 42/42/42 44/44/44 45/45/45
f 46/46/46 47/47/47 48/48/48
f 46/46/46 48/48/48 49/49/49
f 50/50/50 51/51/51 52/52/52
f 50/50/50 52/52/52 53/53/53
f 54/54/54 55/55/55 56/56/56
f 54/54/54 56/56/56 57/57/57
f 58/58/58 59/59/59 60/60/60
f 58/58/58 60/60/60 61/61/61
f 62/62/62 63/63/63 64/64/64
f 62/62/62 64/64/64 65/65/65
f 66/66/66 67/67/67 68/68/68
f 66/66/66 68/68/68 69/69/69
f 70/70/70 71/71/71 72/72/72
f 70/70/70 72/72/72 73/73/73
f 74/74/74 75/75/75 76/76/76
f 74/74/74 76/76/76 77/77/77
f 78/78/78 79/79/79 80/80/80
f 78/78/78 80/80/80 81/81/81
f 82/82/82 83/83/83 84/84/84
f 82/82/82 84/84/84 85/85/85
f 86/86/86 87/87/87 88/88/88
f 86/86/86 88/88/88 89/89/89
f 90/90/90 91/91/91 92/92/92
f 90/90/90 92/92/92 93/93/93
f 94/94/94 95/95/95 96/96/96
f 94/94/94 96/96/96 97/97/97
f 98/98/98 99/99/99 100/100/100
f 98/98/98 100/100/100 101/101/101
f 102/102/102 103/103/103 104/104/104
f 102/102/102 104/104/104 105/105/105
f 106/106/106 107/107/107 108/108/108
f 106/106/106 108/108/108 109/109/109
f 110/110/110 111/111/111 112/112/112
f 110/110/110 112/112/112 113/113/113
f 114/114/114 115/115/115 116/116/116
f 114/114/114 116/116/116 117/117/117
f 118/118/118 119/119/119 120/120/120
f 118/118/118 120/120/120 121/121/121
f 122/122/122 123/123/123 124/124/124
f 122/122/122 124/124/124 125/125/125
f 126/126/126 127/127/127 128/128/128
f 126/126/126 128/128/128 129/129/129
f 130/130/130 131/131/131 132/132/132
f 130/130/130 132/132/132 133/133/133
f 134/134/134 135/135/135 136/136/136
f 134/134/134 136/136/136 137/137/137
f 138/138/138 139/139/139 140/140/140
f 138/138/138 140/140/140 141/141/141
f 142/142/142 143/143/143 144/144/144
f 142/142/142 144/144/144 145/145/145
f 146/146/146 147/147/147 148/148/148
f 146/146/146 148/148/148 149/149/149
f 150/150/150 151/151/151 152/152/152
f 150/150/150 152/152/152 153/153/153
f 154/154/154 155/155/155 156/156/156
f 154/154/154 156/156/156 157/157/157
f 158/158/158 159/159/159 160/160/160
f 158/158/158 160/160/160 161/161/161
f 162/162/162 163/163/163 164/164/164
f 162/162/162 164/164/164 165/165/165
f 166/166/166 167/167/167 168/168/168
f 166/166/166 168/168/168 169/169/169
f 170/170/170 171/171/171 172/172/172
f 170/170/170 172/172/172 173/173/173
f 174/174/174 175/175/175 176/176/176
f 174/174/174 176/176/176 177/177/177
f 178/178/178 179/179/179 180/180/180
f 178/178/178 180/180/180 181/181/181
f 182/182/182 183/183/183 184/184/184
f 182/182/182 184/184/184 185/185/185
f 186/186/186 187/187/187 188/188/188
f 186/186/186 188/188/188 189/189/189
f 190/190/190 191/191/191 192/192/192
f 190/190/190 192/192/192 193/193/193
f 194/194/194 195/195/195 196/196/196
f 194/194/194 196/196/196 197/197/197
f 198/198/198 199/199/199 200/200/200
f 198/198/198 200/200/200 201/201/201
f 202/202/202 203/203/203 204/204/204
f 202/202/202 204/204/204 205/205/205
f 206/206/206 207/207/207 208/208/208
f 206/206/206 208/208/208 209/209/209
f 210/210/210 211/211/211 212/212/212
f 210/210/210 212/212/212 213/213/213
f 214/214/214 215/215/215 216/216/216
f 214/214/214 216/216/216 217/217/217
f 218/218/218 219/219/219 220/220/220
f 218/218/218 220/220/220 221/221/221
f 222/222/222 223/223/223 224/224/224
f 222/222/222 224/224/224 225/225/225
f 226/226/226 227/227/227 228/228/228
f 226/226/226 228/228/228 229/229/229
f 230/230/230 231/231/231 232/232/232
f 230/230/230 232/232/232 233/233/233
f 234/234/234 235/235/235 236/236/236
f 234/234/234 236/236/236 237/237/237
f 238/238/238 239/239/239 240/240/240
f 238/238/238 240/240/240 241/241/241
f 242/242/242 243/243/243 244/244/244
f 242/242/242 244/244/244 245/245/245
f 246/246/246 247/247/247 248/248/248
f 246/246/246 248/248/248 249/249/249
f 250/250/250 251/251/251 252/252/252
f 250/250/250 252/252/252 253/253/253
f 254/254/254 255/255/255 256/256/256
f 254/254/254 256/256/256 257/257/257
f 258/258/258 259/259/259 260/260/260
f 258/258/258 260/260/260 261/261/261
f 262/262/262 263/263/263 264/264/264
f 262/262/262 264/264/264 265/265/265
f 266/266/266 267/267/267 268/268/268
f 266/266/266 268/268/268 269/269/269
f 270/270/270 271/271/271 272/272/272
f 270/270/270 272/272/272 273/273/273
f 274/274/274 275/275/275 276/276/276
f 274/274/274 276/276/276 277/277/277
f 278/278/278 279/279/279 280/280/280
f 278/278/278 280/280/280 281/281/281
f 282/282/282 283/283/283 284/284/284
f 282/282/282 284/284/284 285/285/285
f 286/286/286 287/287/287 288/288/288
f 286/286/286 288/288/288 289/289/289
f 290/290/290 291/291/291 292/292/292
f 290/290/290 292/292/292 293/293/293
f 294/294/294 295/295/295 296/296/296
f 294/294/294 296/296/296 297/297/297
f 298/298/298 299/299/299 300/300/300
f 298/298/298 300/300/300 301/301/301
f 302/302/302 303/303/303 304/304/304
f 302/302/302 304/304/304 305/305/305
f 306/306/306 307/307/307 308/308/308
f 306/306/306 308/308/308 309/309/309
f 310/310/310 311/311/311 312/312/312
f 310/310/310 312/312/312 313/313/313
f 314/314/314 315/315/315 316/316/316
f 314/314/314 316/316/316 317/317/317
f 318/318/318 319/319/319 320/320/320
f 318/318/318 320/320/320 321/321/321
f 322/322/322 323/323/323 324/324/324
f 322/322/322 324/324/324 325/325/325
f 326/326/326 327/327/327 328/328/328
f 326/326/326 328/328/328 329/329/329
f 330/330/330 331/331/331 332/332/332
f 330/330/330 332/332/332 333/333/333
f 334/334/334 335/335/335 336/336/336
f 334/334/334 336/336/336 337/337/337
f 338/338/338 339/339/339 340/340/340
f 338/338/338 340/340/340 341/341/341
f 342/342/342 343/343/343 344/344/344
f 342/342/342 344/344/344 345/345/345
f 346/346/346 347/347/347 348/348/348
f 346/346/346 348/348/348 349/349/349
f 350/350/350 351/351/351 352/352/352
f 350/350/350 352/352/352 353/353/353
f 354/354/354 355/355/355 356/356/356
f 354/354/354 356/356/356 357/357/357
f 358/358/358 359/359/359 360/360/360
f 358/358/358 360/360/360 361/361/361
f 362/362/362 363/363/363 364/364/364
f 362/362/362 364/364/364 365/365/365
f 366/366/366 367/367/367 368/368/368
f 366/366/366 368/368/368 369/369/369
f 370/370/370 371/371/371 372/372/372
f 370/370/370 372/372/372 373/373/373
f 374/374/374 375/375/375 376/376/376
f 374/374/374 376/376/376 377/377/377
f 378/378/378 379/379/379 380/380/380
f 378/378/378 380/380/380 381/381/381
f 382/382/382 383/383/383 384/384/384
f 382/382/382 384/384/384 385/385/385
f 386/386/386 387/387/387 388/388/388
f 386/386/386 388/388/388 389/389/389
f 390/390/390 391/391/391 392/392/392
f 390/390/390 392/392/392 393/393/393
f 394/394/394 395/395/395 396/396/396
f 394/394/394 396/396/396 397/397/397
f 398/398/398 399/399/399 400/400/400
f 398/398/398 400/400/400 401/401/401
f 402/402/402 403/403/403 404/404/404
f 402/402/402 404/404/404 405/405/405
f 406/406/406 407/407/407 408/408/408
f 406/406/406 408/408/408 409/409/409
f 410/410/410 411/411/411 412/412/412
f 410/410/410 412/412/412 413/413/413
f 414/414/414 415/415/415 416/416/416
f 414/414/414 416/416/416 417/417/417
f 418/418/418 419/419/419 420/420/420
f 418/418/418 420/420/420 421/421/421
f 422/422/422 423/423/423 424/424/424
f 425/425/425 424/424/424 423/423/423
f 426/426/426 425/425/425 423/423/423
f 425/425/425 426/426/426 427/427/427
f 428/428/428 429/429/429 430/430/430
f 431/431/431 430/430/430 429/429/429
f 432/432/432 431/431/431 429/429/429
f 431/431/431 432/432/432 433/433/433
f 434/434/434 435/435/435 436/436/436
f 437/437/437 436/436/436 435/435/435
f 437/437/437 435/435/435 438/438/438
f 439/439/439 440/440/440 441/441/441
f 439/439/439 442/442/442 440/440/440
f 439/439/439 443/443/443 442/442/442
f 439/439/439 444/444/444 443/443/443
f 443/443/443 444/444/444 445/445/445
f 446/446/446 443/443/443 445/445/445
f 447/447/447 448/448/448 449/449/449
f 447/447/447 450/450/450 448/448/448
f 447/447/447 451/451/451 450/450/450
f 447/447/447 452/452/452 451/451/451
f 451/451/451 452/452/452 453/453/453
f 454/454/454 451/451/451 453/453/453
f 455/455/455 456/456/456 457/457/457
f 458/458/458 456/456/456 455/455/455
f 458/458/458 459/459/459 456/456/456
f 456/456/456 459/459/459 460/460/460
f 460/460/460 459/459/459 461/461/461
f 461/461/461 459/459/459 462/462/462
f 463/463/463 464/464/464 465/465/465
f 466/466/466 464/464/464 463/463/463
f 466/466/466 467/467/467 464/464/464
f 464/464/464 467/467/467 468/468/468
f 468/468/468 467/467/467 469/469/469
f 469/469/469 467/467/467 470/470/470
