# Unturned item rip -> Godot (X+Z negated, winding reversed, RH Y-up)
v -0.185251 -0.185250 -0.140710
v -0.185250 0.185250 -0.140710
v 0.185251 0.185250 -0.140710
v 0.185250 -0.185250 -0.140710
v -0.093460 -0.216492 -0.224369
v -0.042505 -0.216492 -0.284183
v -0.042505 -0.166492 -0.284183
v -0.093460 -0.166492 -0.224369
v -0.093460 0.216492 -0.224369
v -0.093460 0.166492 -0.224369
v -0.042505 0.166492 -0.284183
v -0.042505 0.216492 -0.284183
v 0.119328 -0.166492 -0.224369
v 0.166492 -0.166492 -0.258722
v 0.166492 -0.166492 -0.122374
v -0.166492 -0.166492 -0.122374
v -0.119328 -0.166492 -0.224369
v -0.166492 -0.166492 -0.258722
v 0.093459 -0.166492 -0.224369
v -0.093460 -0.166492 -0.224369
v 0.042504 -0.166492 -0.284183
v -0.042505 -0.166492 -0.284183
v -0.216492 0.166492 -0.258723
v -0.166492 0.166492 -0.258722
v -0.166492 0.216492 -0.258723
v -0.216492 0.216492 -0.258723
v -0.166492 0.166492 -0.258722
v -0.216492 0.119328 -0.224369
v -0.166492 0.119328 -0.224369
v -0.216492 0.093460 -0.224369
v -0.166492 0.093460 -0.224369
v -0.216492 0.025000 -0.258723
v -0.166492 0.025000 -0.258722
v -0.166492 -0.025000 -0.258722
v -0.216492 -0.025000 -0.258723
v -0.166492 -0.093460 -0.224369
v -0.216492 -0.093460 -0.224369
v -0.166492 -0.119328 -0.224369
v -0.216492 -0.119328 -0.224369
v -0.166492 -0.166492 -0.258722
v -0.216492 -0.166492 -0.258723
v -0.216492 -0.216492 -0.258723
v -0.166492 -0.216492 -0.258723
v -0.166492 -0.166492 -0.258722
v -0.119328 -0.166492 -0.224369
v -0.166492 -0.166492 -0.258722
v -0.119328 -0.216492 -0.224369
v -0.093460 -0.166492 -0.224369
v -0.093460 -0.216492 -0.224369
v 0.166492 -0.216492 -0.258723
v 0.216492 -0.216492 -0.258723
v 0.216492 -0.166492 -0.258723
v 0.166492 -0.166492 -0.258722
v 0.119328 -0.216492 -0.224369
v 0.166492 -0.166492 -0.258722
v 0.119328 -0.166492 -0.224369
v 0.093459 -0.216492 -0.224369
v 0.093459 -0.166492 -0.224369
v 0.166492 -0.119328 -0.224369
v 0.166492 -0.166492 -0.258722
v 0.216492 -0.119328 -0.224369
v 0.166492 -0.093460 -0.224369
v 0.216492 -0.093460 -0.224369
v 0.166492 -0.025000 -0.258722
v 0.216492 -0.025000 -0.258723
v 0.166492 0.025000 -0.258722
v 0.216492 0.025000 -0.258723
v 0.166492 0.093460 -0.224369
v 0.216492 0.093460 -0.224369
v 0.166492 0.119328 -0.224369
v 0.216492 0.119328 -0.224369
v 0.166492 0.166492 -0.258722
v 0.216492 0.166492 -0.258723
v 0.166492 0.166492 -0.258722
v 0.216492 0.216492 -0.258723
v 0.166492 0.216492 -0.258723
v 0.119328 0.166492 -0.224369
v 0.166492 0.166492 -0.258722
v 0.119328 0.216492 -0.224369
v 0.093459 0.166492 -0.224369
v 0.093459 0.216492 -0.224369
v -0.119328 0.166492 -0.224369
v -0.166492 0.166492 -0.258722
v -0.166492 0.166492 -0.122374
v 0.166492 0.166492 -0.122374
v 0.119328 0.166492 -0.224369
v 0.166492 0.166492 -0.258722
v -0.042505 0.166492 -0.284183
v -0.093460 0.166492 -0.224369
v 0.093459 0.166492 -0.224369
v 0.042504 0.166492 -0.284183
v 0.119328 0.166492 -0.224369
v -0.093460 0.166492 -0.224369
v -0.119328 0.166492 -0.224369
v 0.093459 0.166492 -0.224369
v -0.042505 -0.216492 -0.284183
v 0.042504 -0.216492 -0.284183
v 0.042504 -0.166492 -0.284183
v -0.042505 -0.166492 -0.284183
v -0.042505 0.166492 -0.284183
v 0.042504 0.166492 -0.284183
v 0.042504 0.216492 -0.284183
v -0.042505 0.216492 -0.284183
v 0.042504 -0.216492 -0.284183
v 0.093459 -0.216492 -0.224369
v 0.093459 -0.166492 -0.224369
v 0.042504 -0.166492 -0.284183
v -0.216492 -0.216492 -0.258723
v -0.216492 -0.166492 -0.258723
v -0.216492 -0.119328 -0.224369
v -0.216492 -0.216492 -0.122374
v -0.216492 0.216492 -0.122374
v -0.216492 -0.093460 -0.224369
v -0.216492 -0.025000 -0.258723
v -0.216492 0.025000 -0.258723
v -0.216492 0.093460 -0.224369
v -0.216492 0.119328 -0.224369
v -0.216492 0.166492 -0.258723
v -0.216492 0.216492 -0.258723
v -0.166492 -0.119328 -0.224369
v -0.166492 -0.166492 -0.258722
v -0.166492 -0.166492 -0.122374
v -0.166492 0.166492 -0.122374
v -0.166492 -0.093460 -0.224369
v -0.166492 -0.025000 -0.258722
v -0.166492 0.025000 -0.258722
v -0.166492 0.093460 -0.224369
v -0.166492 0.119328 -0.224369
v -0.166492 0.166492 -0.258722
v 0.166492 -0.166492 -0.122374
v 0.166492 -0.166492 -0.258722
v 0.166492 -0.119328 -0.224369
v 0.166492 0.166492 -0.122374
v 0.166492 -0.093460 -0.224369
v 0.166492 -0.025000 -0.258722
v 0.166492 0.025000 -0.258722
v 0.166492 0.093460 -0.224369
v 0.166492 0.119328 -0.224369
v 0.166492 0.166492 -0.258722
v -0.119328 -0.216492 -0.224369
v -0.166492 -0.216492 -0.258723
v -0.216492 -0.216492 -0.258723
v -0.216492 -0.216492 -0.122374
v 0.216492 -0.216492 -0.122374
v 0.119328 -0.216492 -0.224369
v 0.216492 -0.216492 -0.258723
v 0.166492 -0.216492 -0.258723
v -0.042505 -0.216492 -0.284183
v -0.093460 -0.216492 -0.224369
v 0.093459 -0.216492 -0.224369
v 0.042504 -0.216492 -0.284183
v 0.119328 -0.216492 -0.224369
v -0.093460 -0.216492 -0.224369
v -0.119328 -0.216492 -0.224369
v 0.093459 -0.216492 -0.224369
v 0.216492 -0.166492 -0.258723
v 0.216492 -0.216492 -0.258723
v 0.216492 -0.216492 -0.122374
v 0.216492 -0.119328 -0.224369
v 0.216492 0.216492 -0.122374
v 0.216492 -0.093460 -0.224369
v 0.216492 -0.025000 -0.258723
v 0.216492 0.025000 -0.258723
v 0.216492 0.093460 -0.224369
v 0.216492 0.119328 -0.224369
v 0.216492 0.166492 -0.258723
v 0.216492 0.216492 -0.258723
v -0.166492 0.166492 -0.258722
v -0.119328 0.166492 -0.224369
v -0.119328 0.216492 -0.224369
v -0.093460 0.166492 -0.224369
v -0.093460 0.216492 -0.224369
v 0.042504 0.166492 -0.284183
v 0.093459 0.166492 -0.224369
v 0.093459 0.216492 -0.224369
v 0.042504 0.216492 -0.284183
v -0.093460 0.216492 -0.224369
v -0.042505 0.216492 -0.284183
v 0.042504 0.216492 -0.284183
v 0.093459 0.216492 -0.224369
v -0.119328 0.216492 -0.224369
v 0.119328 0.216492 -0.224369
v -0.216492 0.216492 -0.122374
v -0.216492 0.216492 -0.258723
v -0.166492 0.216492 -0.258723
v 0.216492 0.216492 -0.122374
v 0.216492 0.216492 -0.258723
v 0.166492 0.216492 -0.258723
v -0.018524 -0.171774 -0.204187
v -0.018524 -0.185760 -0.243196
v -0.018524 -0.074596 -0.297370
v -0.018524 -0.061929 -0.258361
v -0.018524 0.074596 -0.297370
v -0.018524 0.061929 -0.258361
v -0.018524 0.171774 -0.204187
v -0.018524 0.185760 -0.243196
v 0.018524 0.074596 -0.297370
v 0.018524 0.185760 -0.243196
v -0.018524 0.185760 -0.243196
v -0.018524 0.074596 -0.297370
v 0.018524 -0.074596 -0.297370
v -0.018524 -0.074596 -0.297370
v 0.018524 -0.185760 -0.243196
v -0.018524 -0.185760 -0.243196
v 0.018524 -0.074596 -0.297370
v 0.018524 -0.185760 -0.243196
v 0.018524 -0.171774 -0.204187
v 0.018524 -0.061929 -0.258361
v 0.018524 0.074596 -0.297370
v 0.018524 0.061929 -0.258361
v 0.018524 0.171774 -0.204187
v 0.018524 0.185760 -0.243196
v 0.018524 -0.061929 -0.258361
v 0.018524 -0.171774 -0.204187
v -0.018524 -0.171774 -0.204187
v -0.018524 -0.061929 -0.258361
v 0.018524 0.061929 -0.258361
v -0.018524 0.061929 -0.258361
v 0.018524 0.171774 -0.204187
v -0.018524 0.171774 -0.204187
v -0.018067 -0.217018 -0.268707
v -0.018067 -0.217018 -0.232572
v 0.018068 -0.217018 -0.232572
v 0.018068 -0.217018 -0.268707
v -0.015483 -0.217018 -0.168511
v -0.015483 -0.217018 -0.137546
v 0.015483 -0.217018 -0.137546
v 0.015483 -0.217018 -0.168511
v -0.038646 -0.217018 -0.207650
v -0.038646 -0.217018 -0.193130
v -0.024126 -0.217018 -0.193130
v -0.024126 -0.217018 -0.207650
v 0.024126 -0.217018 -0.207650
v 0.024126 -0.217018 -0.193130
v 0.038646 -0.217018 -0.193130
v 0.038646 -0.217018 -0.207650
v -0.185046 0.217663 -0.153820
v -0.185046 0.217663 -0.137407
v -0.201459 0.217663 -0.137407
v -0.201459 0.217663 -0.153820
v -0.201459 -0.217663 -0.153820
v -0.201459 -0.217663 -0.137407
v -0.185046 -0.217663 -0.137407
v -0.185046 -0.217663 -0.153820
v 0.185046 -0.217663 -0.153820
v 0.185046 -0.217663 -0.137407
v 0.201460 -0.217663 -0.137407
v 0.201460 -0.217663 -0.153820
v 0.134361 -0.217663 -0.216369
v 0.134361 -0.217663 -0.199956
v 0.150775 -0.217663 -0.199956
v 0.150775 -0.217663 -0.216369
v -0.217663 0.201460 -0.243690
v -0.217663 0.201460 -0.227276
v -0.217663 0.185046 -0.227276
v -0.217663 0.185046 -0.243690
v -0.217663 -0.185046 -0.243690
v -0.217663 -0.185046 -0.227276
v -0.217663 -0.201459 -0.227276
v -0.217663 -0.201459 -0.243690
v -0.217663 0.201459 -0.153820
v -0.217663 0.201459 -0.137407
v -0.217663 0.185046 -0.137407
v -0.217663 0.185046 -0.153820
v 0.217663 -0.078428 -0.216369
v 0.217663 -0.078428 -0.199956
v 0.217663 -0.062014 -0.199956
v 0.217663 -0.062014 -0.216369
v -0.062014 0.217663 -0.216369
v -0.062014 0.217663 -0.199956
v -0.078427 0.217663 -0.199956
v -0.078427 0.217663 -0.216369
v 0.078428 0.217663 -0.153821
v 0.078428 0.217663 -0.137407
v 0.062014 0.217663 -0.137407
v 0.062014 0.217663 -0.153821
v 0.217663 0.062014 -0.153821
v 0.217663 0.062014 -0.137407
v 0.217663 0.078427 -0.137407
v 0.217663 0.078427 -0.153821
v -0.217663 -0.062014 -0.153821
v -0.217663 -0.062014 -0.137407
v -0.217663 -0.078427 -0.137407
v -0.217663 -0.078427 -0.153821
v 0.217018 0.041904 -0.197170
v 0.217018 0.041904 -0.183926
v 0.217018 0.055148 -0.183926
v 0.217018 0.055148 -0.197170
v -0.217018 0.015483 -0.243551
v -0.217018 0.015483 -0.212585
v -0.217018 -0.015483 -0.212585
v -0.217018 -0.015483 -0.243551
v -0.217018 0.015483 -0.168511
v -0.217018 0.015483 -0.137546
v -0.217018 -0.015483 -0.137546
v -0.217018 -0.015483 -0.168511
v -0.217018 0.008207 -0.198755
v -0.217018 0.008207 -0.182342
v -0.217018 -0.008207 -0.182342
v -0.217018 -0.008207 -0.198755
v -0.217018 0.045799 -0.217383
v -0.217018 0.045799 -0.204139
v -0.217018 0.032555 -0.204139
v -0.217018 0.032555 -0.217383
v 0.018067 0.217018 -0.268707
v 0.018067 0.217018 -0.232572
v -0.018068 0.217018 -0.232572
v -0.018068 0.217018 -0.268707
v 0.018067 0.217018 -0.218457
v 0.018067 0.217018 -0.182322
v -0.018068 0.217018 -0.182322
v -0.018068 0.217018 -0.218457
v -0.026443 0.217018 -0.182279
v -0.026443 0.217018 -0.162042
v -0.046680 0.217018 -0.162042
v -0.046680 0.217018 -0.182279
v -0.046680 -0.217018 -0.182279
v -0.046680 -0.217018 -0.162042
v -0.026442 -0.217018 -0.162042
v -0.026442 -0.217018 -0.182279
v -0.035757 -0.217018 -0.156920
v -0.035757 -0.217018 -0.142400
v -0.021237 -0.217018 -0.142400
v -0.021237 -0.217018 -0.156920
v 0.021237 -0.217018 -0.156920
v 0.021237 -0.217018 -0.142400
v 0.035757 -0.217018 -0.142400
v 0.035757 -0.217018 -0.156920
v -0.038646 -0.217018 -0.258380
v -0.038646 -0.217018 -0.243860
v -0.024126 -0.217018 -0.243860
v -0.024126 -0.217018 -0.258380
v 0.217663 -0.201460 -0.243690
v 0.217663 -0.201460 -0.227276
v 0.217663 -0.185046 -0.227276
v 0.217663 -0.185046 -0.243690
v 0.217663 0.185046 -0.243690
v 0.217663 0.185046 -0.227276
v 0.217663 0.201459 -0.227276
v 0.217663 0.201459 -0.243690
v 0.217663 0.134361 -0.153821
v 0.217663 0.134361 -0.137407
v 0.217663 0.150775 -0.137407
v 0.217663 0.150775 -0.153821
v 0.217663 -0.150775 -0.153821
v 0.217663 -0.150775 -0.137407
v 0.217663 -0.134362 -0.137407
v 0.217663 -0.134362 -0.153821
v 0.217018 -0.150775 -0.216370
v 0.217018 -0.150775 -0.199956
v 0.217018 -0.134362 -0.199956
v 0.217018 -0.134362 -0.216370
v 0.201459 0.217663 -0.153820
v 0.201459 0.217663 -0.137407
v 0.185046 0.217663 -0.137407
v 0.185046 0.217663 -0.153820
v -0.134361 0.217663 -0.216369
v -0.134361 0.217663 -0.199956
v -0.150775 0.217663 -0.199956
v -0.150775 0.217663 -0.216369
v 0.150775 0.217018 -0.216370
v 0.150775 0.217018 -0.199956
v 0.134362 0.217018 -0.199956
v 0.134362 0.217018 -0.216370
v -0.150775 -0.217663 -0.153821
v -0.150775 -0.217663 -0.137407
v -0.134362 -0.217663 -0.137407
v -0.134362 -0.217663 -0.153821
v -0.217018 0.150775 -0.216370
v -0.217018 0.150775 -0.199956
v -0.217018 0.134362 -0.199956
v -0.217018 0.134362 -0.216370
v 0.078428 0.217663 -0.216369
v 0.078428 0.217663 -0.199956
v 0.062014 0.217663 -0.199956
v 0.062014 0.217663 -0.216369
v -0.078428 -0.217663 -0.216369
v -0.078428 -0.217663 -0.199956
v -0.062014 -0.217663 -0.199956
v -0.062014 -0.217663 -0.216369
v -0.217663 -0.062014 -0.216369
v -0.217663 -0.062014 -0.199956
v -0.217663 -0.078427 -0.199956
v -0.217663 -0.078427 -0.216369
v -0.217663 0.078428 -0.153821
v -0.217663 0.078428 -0.137407
v -0.217663 0.062014 -0.137407
v -0.217663 0.062014 -0.153821
v 0.217018 -0.015483 -0.243551
v 0.217018 -0.015483 -0.212585
v 0.217018 0.015483 -0.212585
v 0.217018 0.015483 -0.243551
v 0.217018 -0.008207 -0.198755
v 0.217018 -0.008207 -0.182342
v 0.217018 0.008207 -0.182342
v 0.217018 0.008207 -0.198755
v 0.217018 0.032555 -0.217383
v 0.217018 0.032555 -0.204139
v 0.217018 0.045798 -0.204139
v 0.217018 0.045798 -0.217383
v -0.217018 -0.032555 -0.217383
v -0.217018 -0.032555 -0.204139
v -0.217018 -0.045798 -0.204139
v -0.217018 -0.045798 -0.217383
v -0.217018 -0.041904 -0.197170
v -0.217018 -0.041904 -0.183926
v -0.217018 -0.055148 -0.183926
v -0.217018 -0.055148 -0.197170
v 0.015483 0.217018 -0.168511
v 0.015483 0.217018 -0.137546
v -0.015483 0.217018 -0.137546
v -0.015483 0.217018 -0.168511
v -0.026443 0.217018 -0.238737
v -0.026443 0.217018 -0.218500
v -0.046680 0.217018 -0.218500
v -0.046680 0.217018 -0.238737
v -0.046680 -0.217018 -0.238737
v -0.046680 -0.217018 -0.218500
v -0.026442 -0.217018 -0.218500
v -0.026442 -0.217018 -0.238737
v 0.026443 -0.217018 -0.238737
v 0.026443 -0.217018 -0.218500
v 0.046680 -0.217018 -0.218500
v 0.046680 -0.217018 -0.238737
v 0.024126 -0.217018 -0.258380
v 0.024126 -0.217018 -0.243860
v 0.038646 -0.217018 -0.243860
v 0.038646 -0.217018 -0.258380
v 0.217663 -0.201459 -0.153820
v 0.217663 -0.201459 -0.137407
v 0.217663 -0.185046 -0.137407
v 0.217663 -0.185046 -0.153820
v 0.217663 0.134361 -0.216369
v 0.217663 0.134361 -0.199956
v 0.217663 0.150775 -0.199956
v 0.217663 0.150775 -0.216369
v 0.201460 0.217663 -0.243690
v 0.201460 0.217663 -0.227276
v 0.185046 0.217663 -0.227276
v 0.185046 0.217663 -0.243690
v -0.185046 0.217663 -0.243690
v -0.185046 0.217663 -0.227276
v -0.201459 0.217663 -0.227276
v -0.201459 0.217663 -0.243690
v -0.201460 -0.217663 -0.243690
v -0.201460 -0.217663 -0.227276
v -0.185046 -0.217663 -0.227276
v -0.185046 -0.217663 -0.243690
v 0.185046 -0.217663 -0.243690
v 0.185046 -0.217663 -0.227276
v 0.201460 -0.217663 -0.227276
v 0.201460 -0.217663 -0.243690
v 0.134361 -0.217663 -0.153821
v 0.134361 -0.217663 -0.137407
v 0.150775 -0.217663 -0.137407
v 0.150775 -0.217663 -0.153821
v -0.150775 -0.217018 -0.216370
v -0.150775 -0.217018 -0.199956
v -0.134362 -0.217018 -0.199956
v -0.134362 -0.217018 -0.216370
v -0.217663 -0.134361 -0.153821
v -0.217663 -0.134361 -0.137407
v -0.217663 -0.150775 -0.137407
v -0.217663 -0.150775 -0.153821
v 0.217663 -0.078428 -0.153821
v 0.217663 -0.078428 -0.137407
v 0.217663 -0.062014 -0.137407
v 0.217663 -0.062014 -0.153821
v -0.062014 0.217663 -0.153821
v -0.062014 0.217663 -0.137407
v -0.078427 0.217663 -0.137407
v -0.078427 0.217663 -0.153821
v 0.062014 -0.217663 -0.153821
v 0.062014 -0.217663 -0.137407
v 0.078427 -0.217663 -0.137407
v 0.078427 -0.217663 -0.153821
v 0.217018 -0.015483 -0.168511
v 0.217018 -0.015483 -0.137546
v 0.217018 0.015483 -0.137546
v 0.217018 0.015483 -0.168511
v 0.217018 -0.045799 -0.176957
v 0.217018 -0.045799 -0.163713
v 0.217018 -0.032555 -0.163713
v 0.217018 -0.032555 -0.176957
v 0.217018 0.032555 -0.176957
v 0.217018 0.032555 -0.163713
v 0.217018 0.045798 -0.163713
v 0.217018 0.045798 -0.176957
v -0.217018 0.045799 -0.176957
v -0.217018 0.045799 -0.163713
v -0.217018 0.032555 -0.163713
v -0.217018 0.032555 -0.176957
v -0.217018 -0.032555 -0.176957
v -0.217018 -0.032555 -0.163713
v -0.217018 -0.045798 -0.163713
v -0.217018 -0.045798 -0.176957
v 0.038646 0.217018 -0.207650
v 0.038646 0.217018 -0.193130
v 0.024126 0.217018 -0.193130
v 0.024126 0.217018 -0.207650
v 0.046680 0.217018 -0.238737
v 0.046680 0.217018 -0.218500
v 0.026442 0.217018 -0.218500
v 0.026442 0.217018 -0.238737
v -0.024126 0.217018 -0.207650
v -0.024126 0.217018 -0.193130
v -0.038646 0.217018 -0.193130
v -0.038646 0.217018 -0.207650
v -0.018067 -0.217018 -0.218457
v -0.018067 -0.217018 -0.182322
v 0.018068 -0.217018 -0.182322
v 0.018068 -0.217018 -0.218457
v 0.026443 -0.217018 -0.182279
v 0.026443 -0.217018 -0.162042
v 0.046680 -0.217018 -0.162042
v 0.046680 -0.217018 -0.182279
v 0.217663 0.185046 -0.153820
v 0.217663 0.185046 -0.137407
v 0.217663 0.201459 -0.137407
v 0.217663 0.201459 -0.153820
v -0.134361 0.217663 -0.153821
v -0.134361 0.217663 -0.137407
v -0.150775 0.217663 -0.137407
v -0.150775 0.217663 -0.153821
v 0.150775 0.217663 -0.153821
v 0.150775 0.217663 -0.137407
v 0.134362 0.217663 -0.137407
v 0.134362 0.217663 -0.153821
v -0.217663 -0.185046 -0.153820
v -0.217663 -0.185046 -0.137407
v -0.217663 -0.201459 -0.137407
v -0.217663 -0.201459 -0.153820
v -0.217663 -0.134361 -0.216369
v -0.217663 -0.134361 -0.199956
v -0.217663 -0.150775 -0.199956
v -0.217663 -0.150775 -0.216369
v -0.217663 0.150775 -0.153821
v -0.217663 0.150775 -0.137407
v -0.217663 0.134362 -0.137407
v -0.217663 0.134362 -0.153821
v 0.217663 0.062014 -0.216369
v 0.217663 0.062014 -0.199956
v 0.217663 0.078427 -0.199956
v 0.217663 0.078427 -0.216369
v 0.062014 -0.217663 -0.216369
v 0.062014 -0.217663 -0.199956
v 0.078427 -0.217663 -0.199956
v 0.078427 -0.217663 -0.216369
v -0.078428 -0.217663 -0.153821
v -0.078428 -0.217663 -0.137407
v -0.062014 -0.217663 -0.137407
v -0.062014 -0.217663 -0.153821
v -0.217663 0.078428 -0.216369
v -0.217663 0.078428 -0.199956
v -0.217663 0.062014 -0.199956
v -0.217663 0.062014 -0.216369
v 0.217018 -0.045799 -0.217383
v 0.217018 -0.045799 -0.204139
v 0.217018 -0.032555 -0.204139
v 0.217018 -0.032555 -0.217383
v 0.217018 -0.055148 -0.197170
v 0.217018 -0.055148 -0.183926
v 0.217018 -0.041904 -0.183926
v 0.217018 -0.041904 -0.197170
v -0.217018 0.055148 -0.197170
v -0.217018 0.055148 -0.183926
v -0.217018 0.041904 -0.183926
v -0.217018 0.041904 -0.197170
v 0.046680 0.217018 -0.182279
v 0.046680 0.217018 -0.162042
v 0.026442 0.217018 -0.162042
v 0.026442 0.217018 -0.182279
v 0.035757 0.217018 -0.156920
v 0.035757 0.217018 -0.142400
v 0.021237 0.217018 -0.142400
v 0.021237 0.217018 -0.156920
v -0.021237 0.217018 -0.156920
v -0.021237 0.217018 -0.142400
v -0.035757 0.217018 -0.142400
v -0.035757 0.217018 -0.156920
v 0.038646 0.217018 -0.258380
v 0.038646 0.217018 -0.243860
v 0.024126 0.217018 -0.243860
v 0.024126 0.217018 -0.258380
v -0.024126 0.217018 -0.258380
v -0.024126 0.217018 -0.243860
v -0.038646 0.217018 -0.243860
v -0.038646 0.217018 -0.258380
v -0.166492 -0.166492 -0.122374
v 0.166492 -0.166492 -0.122374
v 0.216492 -0.216492 -0.122374
v 0.166492 0.166492 -0.122374
v -0.216492 -0.216492 -0.122374
v 0.216492 0.216492 -0.122374
v -0.166492 0.166492 -0.122374
v -0.216492 0.216492 -0.122374
v 0.174101 -0.174101 -0.206242
v 0.174101 0.174101 -0.206242
v 0.108956 0.108956 -0.236878
v 0.108956 -0.108956 -0.236878
v -0.174101 -0.174101 -0.206242
v -0.108956 0.108956 -0.236878
v -0.174101 0.174101 -0.206242
v -0.108956 -0.108956 -0.236878
vt 0.00488272309 0.000976651907
vt 0.0048828125 0.000976651907
vt 0.0048828125 0.000976592302
vt 0.00488272309 0.000976592302
vt 0.25551188 0.695076287
vt 0.25551188 0.695076287
vt 0.25551188 0.695076287
vt 0.25551188 0.695076287
vt 0.25551188 0.695076287
vt 0.25551188 0.695076287
vt 0.25551188 0.695076287
vt 0.25551188 0.695076287
vt 0.25551188 0.695076287
vt 0.25551188 0.695076287
vt 0.25551188 0.695076287
vt 0.25551188 0.695076287
vt 0.25551188 0.695076287
vt 0.25551188 0.695076287
vt 0.25551188 0.695076287
vt 0.25551188 0.695076287
vt 0.25551188 0.695076287
vt 0.25551188 0.695076287
vt 0.25551188 0.695076287
vt 0.25551188 0.695076287
vt 0.25551188 0.695076287
vt 0.25551188 0.695076287
vt 0.25551188 0.695076287
vt 0.25551188 0.695076287
vt 0.25551188 0.695076287
vt 0.25551188 0.695076287
vt 0.25551188 0.695076287
vt 0.25551188 0.695076287
vt 0.25551188 0.695076287
vt 0.25551188 0.695076287
vt 0.25551188 0.695076287
vt 0.25551188 0.695076287
vt 0.25551188 0.695076287
vt 0.25551188 0.695076287
vt 0.25551188 0.695076287
vt 0.25551188 0.695076287
vt 0.25551188 0.695076287
vt 0.25551188 0.695076287
vt 0.25551188 0.695076287
vt 0.25551188 0.695076287
vt 0.25551188 0.695076287
vt 0.25551188 0.695076287
vt 0.25551188 0.695076287
vt 0.25551188 0.695076287
vt 0.25551188 0.695076287
vt 0.25551188 0.695076287
vt 0.25551188 0.695076287
vt 0.25551188 0.695076287
vt 0.25551188 0.695076287
vt 0.25551188 0.695076287
vt 0.25551188 0.695076287
vt 0.25551188 0.695076287
vt 0.25551188 0.695076287
vt 0.25551188 0.695076287
vt 0.25551188 0.695076287
vt 0.25551188 0.695076287
vt 0.25551188 0.695076287
vt 0.25551188 0.695076287
vt 0.25551188 0.695076287
vt 0.25551188 0.695076287
vt 0.25551188 0.695076287
vt 0.25551188 0.695076287
vt 0.25551188 0.695076287
vt 0.25551188 0.695076287
vt 0.25551188 0.695076287
vt 0.25551188 0.695076287
vt 0.25551188 0.695076287
vt 0.25551188 0.695076287
vt 0.25551188 0.695076287
vt 0.25551188 0.695076287
vt 0.25551188 0.695076287
vt 0.25551188 0.695076287
vt 0.25551188 0.695076287
vt 0.25551188 0.695076287
vt 0.25551188 0.695076287
vt 0.25551188 0.695076287
vt 0.25551188 0.695076287
vt 0.25551188 0.695076287
vt 0.25551188 0.695076287
vt 0.25551188 0.695076287
vt 0.25551188 0.695076287
vt 0.25551188 0.695076287
vt 0.25551188 0.695076287
vt 0.25551188 0.695076287
vt 0.25551188 0.695076287
vt 0.25551188 0.695076287
vt 0.25551188 0.695076287
vt 0.25551188 0.695076287
vt 0.25551188 0.695076287
vt 0.25551188 0.695076287
vt 0.25551188 0.695076287
vt 0.25551188 0.695076287
vt 0.25551188 0.695076287
vt 0.25551188 0.695076287
vt 0.25551188 0.695076287
vt 0.25551188 0.695076287
vt 0.25551188 0.695076287
vt 0.25551188 0.695076287
vt 0.25551188 0.695076287
vt 0.25551188 0.695076287
vt 0.25551188 0.695076287
vt 0.25551188 0.695076287
vt 0.25551188 0.695076287
vt 0.834494412 0.658765972
vt 0.74080348 0.658765972
vt 0.65242672 0.594393611
vt 0.834494412 0.403273404
vt 0.0231594592 0.403273404
vt 0.603954732 0.594393611
vt 0.475671887 0.658765972
vt 0.381982088 0.658765972
vt 0.253699273 0.594393611
vt 0.205227435 0.594393611
vt 0.116850361 0.658765972
vt 0.0231594592 0.658765972
vt 0.25551188 0.695076287
vt 0.25551188 0.695076287
vt 0.25551188 0.695076287
vt 0.25551188 0.695076287
vt 0.25551188 0.695076287
vt 0.25551188 0.695076287
vt 0.25551188 0.695076287
vt 0.25551188 0.695076287
vt 0.25551188 0.695076287
vt 0.25551188 0.695076287
vt 0.25551188 0.695076287
vt 0.25551188 0.695076287
vt 0.25551188 0.695076287
vt 0.25551188 0.695076287
vt 0.25551188 0.695076287
vt 0.25551188 0.695076287
vt 0.25551188 0.695076287
vt 0.25551188 0.695076287
vt 0.25551188 0.695076287
vt 0.25551188 0.695076287
vt 0.205111384 0.863786042
vt 0.116734535 0.928158343
vt 0.0230435729 0.928158343
vt 0.0230435729 0.672665715
vt 0.834378839 0.672665715
vt 0.65231055 0.863786042
vt 0.834378839 0.928158343
vt 0.740687907 0.928158343
vt 0.349065185 0.975867033
vt 0.253584146 0.863786042
vt 0.603836536 0.863786042
vt 0.508356035 0.975867033
vt 0.65231055 0.863786042
vt 0.253584146 0.863786042
vt 0.205111384 0.863786042
vt 0.603836536 0.863786042
vt 0.74080348 0.658765972
vt 0.834494412 0.658765972
vt 0.834494412 0.403273404
vt 0.65242672 0.594393611
vt 0.0231594592 0.403273404
vt 0.603954732 0.594393611
vt 0.475671887 0.658765972
vt 0.381982088 0.658765972
vt 0.253699273 0.594393611
vt 0.205227196 0.594393611
vt 0.116850153 0.658765972
vt 0.0231594592 0.658765972
vt 0.25551188 0.695076287
vt 0.25551188 0.695076287
vt 0.25551188 0.695076287
vt 0.25551188 0.695076287
vt 0.25551188 0.695076287
vt 0.25551188 0.695076287
vt 0.25551188 0.695076287
vt 0.25551188 0.695076287
vt 0.25551188 0.695076287
vt 0.253584266 0.863786042
vt 0.349065274 0.975867033
vt 0.508356035 0.975867033
vt 0.603836656 0.863786042
vt 0.205111474 0.863786042
vt 0.65231055 0.863786042
vt 0.0230435729 0.672665715
vt 0.0230435729 0.928158343
vt 0.116734535 0.928158343
vt 0.834378839 0.672665715
vt 0.834378839 0.928158343
vt 0.740687907 0.928158343
vt 0.000976622105 0.0009765625
vt 0.000976622105 0.0009765625
vt 0.000976622105 0.0009765625
vt 0.000976622105 0.0009765625
vt 0.000976622105 0.0009765625
vt 0.000976622105 0.0009765625
vt 0.000976622105 0.0009765625
vt 0.000976622105 0.0009765625
vt 0.000976622105 0.0009765625
vt 0.000976622105 0.0009765625
vt 0.000976622105 0.0009765625
vt 0.000976622105 0.0009765625
vt 0.000976622105 0.0009765625
vt 0.000976622105 0.0009765625
vt 0.000976622105 0.0009765625
vt 0.000976622105 0.0009765625
vt 0.000976622105 0.0009765625
vt 0.000976622105 0.0009765625
vt 0.000976622105 0.0009765625
vt 0.000976622105 0.0009765625
vt 0.000976622105 0.0009765625
vt 0.000976622105 0.0009765625
vt 0.000976622105 0.0009765625
vt 0.000976622105 0.0009765625
vt 0.000976622105 0.0009765625
vt 0.000976622105 0.0009765625
vt 0.000976622105 0.0009765625
vt 0.000976622105 0.0009765625
vt 0.000976622105 0.0009765625
vt 0.000976622105 0.0009765625
vt 0.000976622105 0.0009765625
vt 0.000976622105 0.0009765625
vt 0.219677001 0.117961116
vt 0.219677001 0.117961116
vt 0.219677001 0.117961116
vt 0.219677001 0.117961116
vt 0.234404966 0.144471452
vt 0.234404966 0.144471452
vt 0.234404966 0.144471452
vt 0.234404966 0.144471452
vt 0.219677001 0.115015522
vt 0.219677001 0.115015522
vt 0.219677001 0.115015522
vt 0.219677001 0.115015522
vt 0.184329748 0.11943391
vt 0.184329748 0.11943391
vt 0.184329748 0.11943391
vt 0.184329748 0.11943391
vt 0.252078533 0.116488315
vt 0.252078533 0.116488315
vt 0.252078533 0.116488315
vt 0.252078533 0.116488315
vt 0.184329748 0.11943391
vt 0.184329748 0.11943391
vt 0.184329748 0.11943391
vt 0.184329748 0.11943391
vt 0.184329748 0.11943391
vt 0.184329748 0.11943391
vt 0.184329748 0.11943391
vt 0.184329748 0.11943391
vt 0.232932031 0.144471452
vt 0.232932031 0.144471452
vt 0.232932031 0.144471452
vt 0.232932031 0.144471452
vt 0.184329748 0.11943391
vt 0.184329748 0.11943391
vt 0.184329748 0.11943391
vt 0.184329748 0.11943391
vt 0.219677001 0.115015522
vt 0.219677001 0.115015522
vt 0.219677001 0.115015522
vt 0.219677001 0.115015522
vt 0.219677001 0.115015522
vt 0.219677001 0.115015522
vt 0.219677001 0.115015522
vt 0.219677001 0.115015522
vt 0.234404966 0.144471452
vt 0.234404966 0.144471452
vt 0.234404966 0.144471452
vt 0.234404966 0.144471452
vt 0.184329748 0.11943391
vt 0.184329748 0.11943391
vt 0.184329748 0.11943391
vt 0.184329748 0.11943391
vt 0.234404966 0.144471452
vt 0.234404966 0.144471452
vt 0.234404966 0.144471452
vt 0.234404966 0.144471452
vt 0.234404966 0.144471452
vt 0.234404966 0.144471452
vt 0.234404966 0.144471452
vt 0.234404966 0.144471452
vt 0.219677001 0.115015522
vt 0.219677001 0.115015522
vt 0.219677001 0.115015522
vt 0.219677001 0.115015522
vt 0.247660011 0.112069927
vt 0.247660011 0.112069927
vt 0.247660011 0.112069927
vt 0.247660011 0.112069927
vt 0.219677001 0.115015522
vt 0.219677001 0.115015522
vt 0.219677001 0.115015522
vt 0.219677001 0.115015522
vt 0.235877767 0.0870323852
vt 0.235877767 0.0870323852
vt 0.235877767 0.0870323852
vt 0.235877767 0.0870323852
vt 0.234404966 0.144471452
vt 0.234404966 0.144471452
vt 0.234404966 0.144471452
vt 0.234404966 0.144471452
vt 0.184329748 0.11943391
vt 0.184329748 0.11943391
vt 0.184329748 0.11943391
vt 0.184329748 0.11943391
vt 0.219677001 0.115015522
vt 0.219677001 0.115015522
vt 0.219677001 0.115015522
vt 0.219677001 0.115015522
vt 0.184329748 0.11943391
vt 0.184329748 0.11943391
vt 0.184329748 0.11943391
vt 0.184329748 0.11943391
vt 0.234404966 0.144471452
vt 0.234404966 0.144471452
vt 0.234404966 0.144471452
vt 0.234404966 0.144471452
vt 0.184329748 0.11943391
vt 0.184329748 0.11943391
vt 0.184329748 0.11943391
vt 0.184329748 0.11943391
vt 0.184329748 0.11943391
vt 0.184329748 0.11943391
vt 0.184329748 0.11943391
vt 0.184329748 0.11943391
vt 0.184329748 0.11943391
vt 0.184329748 0.11943391
vt 0.184329748 0.11943391
vt 0.184329748 0.11943391
vt 0.184329748 0.11943391
vt 0.184329748 0.11943391
vt 0.184329748 0.11943391
vt 0.184329748 0.11943391
vt 0.234404698 0.0855595842
vt 0.234404698 0.0855595842
vt 0.234404698 0.0855595842
vt 0.234404698 0.0855595842
vt 0.184329748 0.11943391
vt 0.184329748 0.11943391
vt 0.184329748 0.11943391
vt 0.184329748 0.11943391
vt 0.219676867 0.120906703
vt 0.219676867 0.120906703
vt 0.219676867 0.120906703
vt 0.219676867 0.120906703
vt 0.184329748 0.11943391
vt 0.184329748 0.11943391
vt 0.184329748 0.11943391
vt 0.184329748 0.11943391
vt 0.249132663 0.113542721
vt 0.249132663 0.113542721
vt 0.249132663 0.113542721
vt 0.249132663 0.113542721
vt 0.221149653 0.117961116
vt 0.221149653 0.117961116
vt 0.221149653 0.117961116
vt 0.221149653 0.117961116
vt 0.224095121 0.11943391
vt 0.224095121 0.11943391
vt 0.224095121 0.11943391
vt 0.224095121 0.11943391
vt 0.187275201 0.116488315
vt 0.187275201 0.116488315
vt 0.187275201 0.116488315
vt 0.187275201 0.116488315
vt 0.234404698 0.0855595842
vt 0.234404698 0.0855595842
vt 0.234404698 0.0855595842
vt 0.234404698 0.0855595842
vt 0.232932031 0.141525865
vt 0.232932031 0.141525865
vt 0.232932031 0.141525865
vt 0.232932031 0.141525865
vt 0.234404698 0.0855595842
vt 0.234404698 0.0855595842
vt 0.234404698 0.0855595842
vt 0.234404698 0.0855595842
vt 0.234404698 0.0855595842
vt 0.234404698 0.0855595842
vt 0.234404698 0.0855595842
vt 0.234404698 0.0855595842
vt 0.184329748 0.11943391
vt 0.184329748 0.11943391
vt 0.184329748 0.11943391
vt 0.184329748 0.11943391
vt 0.184329748 0.11943391
vt 0.184329748 0.11943391
vt 0.184329748 0.11943391
vt 0.184329748 0.11943391
vt 0.184329748 0.11943391
vt 0.184329748 0.11943391
vt 0.184329748 0.11943391
vt 0.184329748 0.11943391
vt 0.249132663 0.113542721
vt 0.249132663 0.113542721
vt 0.249132663 0.113542721
vt 0.249132663 0.113542721
vt 0.184329748 0.11943391
vt 0.184329748 0.11943391
vt 0.184329748 0.11943391
vt 0.184329748 0.11943391
vt 0.229986459 0.138580233
vt 0.229986459 0.138580233
vt 0.229986459 0.138580233
vt 0.229986459 0.138580233
vt 0.234404698 0.0855595842
vt 0.234404698 0.0855595842
vt 0.234404698 0.0855595842
vt 0.234404698 0.0855595842
vt 0.184329748 0.11943391
vt 0.184329748 0.11943391
vt 0.184329748 0.11943391
vt 0.184329748 0.11943391
vt 0.184329748 0.11943391
vt 0.184329748 0.11943391
vt 0.184329748 0.11943391
vt 0.184329748 0.11943391
vt 0.234404966 0.144471452
vt 0.234404966 0.144471452
vt 0.234404966 0.144471452
vt 0.234404966 0.144471452
vt 0.234404966 0.144471452
vt 0.234404966 0.144471452
vt 0.234404966 0.144471452
vt 0.234404966 0.144471452
vt 0.24766013 0.113542721
vt 0.24766013 0.113542721
vt 0.24766013 0.113542721
vt 0.24766013 0.113542721
vt 0.234404966 0.144471452
vt 0.234404966 0.144471452
vt 0.234404966 0.144471452
vt 0.234404966 0.144471452
vt 0.234404966 0.144471452
vt 0.234404966 0.144471452
vt 0.234404966 0.144471452
vt 0.234404966 0.144471452
vt 0.234404966 0.144471452
vt 0.234404966 0.144471452
vt 0.234404966 0.144471452
vt 0.234404966 0.144471452
vt 0.234404966 0.144471452
vt 0.234404966 0.144471452
vt 0.234404966 0.144471452
vt 0.234404966 0.144471452
vt 0.24766013 0.112069927
vt 0.24766013 0.112069927
vt 0.24766013 0.112069927
vt 0.24766013 0.112069927
vt 0.219677001 0.115015522
vt 0.219677001 0.115015522
vt 0.219677001 0.115015522
vt 0.219677001 0.115015522
vt 0.252078533 0.112069927
vt 0.252078533 0.112069927
vt 0.252078533 0.112069927
vt 0.252078533 0.112069927
vt 0.219677001 0.115015522
vt 0.219677001 0.115015522
vt 0.219677001 0.115015522
vt 0.219677001 0.115015522
vt 0.187275469 0.11943391
vt 0.187275469 0.11943391
vt 0.187275469 0.11943391
vt 0.187275469 0.11943391
vt 0.219677001 0.115015522
vt 0.219677001 0.115015522
vt 0.219677001 0.115015522
vt 0.219677001 0.115015522
vt 0.219677001 0.115015522
vt 0.219677001 0.115015522
vt 0.219677001 0.115015522
vt 0.219677001 0.115015522
vt 0.234404966 0.144471452
vt 0.234404966 0.144471452
vt 0.234404966 0.144471452
vt 0.234404966 0.144471452
vt 0.219677001 0.115015522
vt 0.219677001 0.115015522
vt 0.219677001 0.115015522
vt 0.219677001 0.115015522
vt 0.2182042 0.117961116
vt 0.2182042 0.117961116
vt 0.2182042 0.117961116
vt 0.2182042 0.117961116
vt 0.219677001 0.11943391
vt 0.219677001 0.11943391
vt 0.219677001 0.11943391
vt 0.219677001 0.11943391
vt 0.234404966 0.144471452
vt 0.234404966 0.144471452
vt 0.234404966 0.144471452
vt 0.234404966 0.144471452
vt 0.249132782 0.113542765
vt 0.249132782 0.113542765
vt 0.249132782 0.113542765
vt 0.249132782 0.113542765
vt 0.219677001 0.115015522
vt 0.219677001 0.115015522
vt 0.219677001 0.115015522
vt 0.219677001 0.115015522
vt 0.219677001 0.115015522
vt 0.219677001 0.115015522
vt 0.219677001 0.115015522
vt 0.219677001 0.115015522
vt 0.234404966 0.144471452
vt 0.234404966 0.144471452
vt 0.234404966 0.144471452
vt 0.234404966 0.144471452
vt 0.234404698 0.0855595842
vt 0.234404698 0.0855595842
vt 0.234404698 0.0855595842
vt 0.234404698 0.0855595842
vt 0.234404698 0.0855595842
vt 0.234404698 0.0855595842
vt 0.234404698 0.0855595842
vt 0.234404698 0.0855595842
vt 0.249132663 0.113542721
vt 0.249132663 0.113542721
vt 0.249132663 0.113542721
vt 0.249132663 0.113542721
vt 0.234404698 0.0855595842
vt 0.234404698 0.0855595842
vt 0.234404698 0.0855595842
vt 0.234404698 0.0855595842
vt 0.249132663 0.113542721
vt 0.249132663 0.113542721
vt 0.249132663 0.113542721
vt 0.249132663 0.113542721
vt 0.234404698 0.0855595842
vt 0.234404698 0.0855595842
vt 0.234404698 0.0855595842
vt 0.234404698 0.0855595842
vt 0.249132663 0.113542721
vt 0.249132663 0.113542721
vt 0.249132663 0.113542721
vt 0.249132663 0.113542721
vt 0.234404698 0.0855595842
vt 0.234404698 0.0855595842
vt 0.234404698 0.0855595842
vt 0.234404698 0.0855595842
vt 0.234404698 0.0855595842
vt 0.234404698 0.0855595842
vt 0.234404698 0.0855595842
vt 0.234404698 0.0855595842
vt 0.234404698 0.0855595842
vt 0.234404698 0.0855595842
vt 0.234404698 0.0855595842
vt 0.234404698 0.0855595842
vt 0.250605464 0.115015514
vt 0.250605464 0.115015514
vt 0.250605464 0.115015514
vt 0.250605464 0.115015514
vt 0.234404698 0.0855595842
vt 0.234404698 0.0855595842
vt 0.234404698 0.0855595842
vt 0.234404698 0.0855595842
vt 0.234404698 0.0855595842
vt 0.234404698 0.0855595842
vt 0.234404698 0.0855595842
vt 0.234404698 0.0855595842
vt 0.187275201 0.11943391
vt 0.187275201 0.11943391
vt 0.187275201 0.11943391
vt 0.187275201 0.11943391
vt 0.249132663 0.113542721
vt 0.249132663 0.113542721
vt 0.249132663 0.113542721
vt 0.249132663 0.113542721
vt 0.234404698 0.0855595842
vt 0.234404698 0.0855595842
vt 0.234404698 0.0855595842
vt 0.234404698 0.0855595842
vt 0.249132663 0.113542721
vt 0.249132663 0.113542721
vt 0.249132663 0.113542721
vt 0.249132663 0.113542721
vt 0.234404698 0.0855595842
vt 0.234404698 0.0855595842
vt 0.234404698 0.0855595842
vt 0.234404698 0.0855595842
vt 0.234404698 0.0855595842
vt 0.234404698 0.0855595842
vt 0.234404698 0.0855595842
vt 0.234404698 0.0855595842
vt 0.234404698 0.0855595842
vt 0.234404698 0.0855595842
vt 0.234404698 0.0855595842
vt 0.234404698 0.0855595842
vt 0.25551188 0.695076287
vt 0.25551188 0.695076287
vt 0.25551188 0.695076287
vt 0.25551188 0.695076287
vt 0.25551188 0.695076287
vt 0.25551188 0.695076287
vt 0.25551188 0.695076287
vt 0.25551188 0.695076287
vt 0.0048828125 0.000976592302
vt 0.0048828125 0.000976592302
vt 0.0048828125 0.000976592302
vt 0.0048828125 0.000976592302
vt 0.0048828125 0.000976651907
vt 0.0048828125 0.000976651907
vt 0.0048828125 0.000976651907
vt 0.0048828125 0.000976651907
vn -0.000000 0.000000 1.000000
vn -0.000000 0.000000 1.000000
vn -0.000000 0.000000 1.000000
vn -0.000000 0.000000 1.000000
vn -0.761229 -0.000000 -0.648483
vn -0.761229 -0.000000 -0.648483
vn -0.761229 -0.000000 -0.648483
vn -0.761229 -0.000000 -0.648483
vn -0.761229 -0.000000 -0.648483
vn -0.761229 -0.000000 -0.648483
vn -0.761229 -0.000000 -0.648483
vn -0.761229 -0.000000 -0.648483
vn -0.000000 1.000000 -0.000000
vn -0.000000 1.000000 -0.000000
vn -0.000000 1.000000 -0.000000
vn -0.000000 1.000000 -0.000000
vn -0.000000 1.000000 -0.000000
vn -0.000000 1.000000 -0.000000
vn -0.000000 1.000000 -0.000000
vn -0.000000 1.000000 -0.000000
vn -0.000000 1.000000 -0.000000
vn -0.000000 1.000000 -0.000000
vn -0.000000 -0.309589 -0.950870
vn 0.214414 -0.214414 -0.952918
vn 0.309589 -0.000000 -0.950870
vn -0.000000 -0.000000 -1.000000
vn -0.000000 -0.309589 -0.950870
vn -0.000000 -0.309589 -0.950870
vn -0.000000 -0.309589 -0.950870
vn -0.000000 0.230453 -0.973083
vn -0.000000 0.230453 -0.973083
vn -0.000000 0.230453 -0.973083
vn -0.000000 0.230453 -0.973083
vn -0.000000 -0.230453 -0.973084
vn -0.000000 -0.230453 -0.973084
vn -0.000000 -0.230453 -0.973084
vn -0.000000 -0.230453 -0.973084
vn -0.000000 0.309590 -0.950870
vn -0.000000 0.309590 -0.950870
vn -0.000000 0.309590 -0.950870
vn -0.000000 0.309590 -0.950870
vn -0.000000 -0.000000 -1.000000
vn 0.309589 -0.000000 -0.950870
vn 0.214414 0.214414 -0.952918
vn 0.309589 -0.000000 -0.950870
vn 0.309589 -0.000000 -0.950870
vn 0.309589 -0.000000 -0.950870
vn -0.000000 -0.000000 -1.000000
vn -0.000000 -0.000000 -1.000000
vn -0.309589 -0.000000 -0.950871
vn -0.000000 -0.000000 -1.000000
vn -0.000000 0.309589 -0.950870
vn -0.214413 0.214414 -0.952918
vn -0.309589 -0.000000 -0.950871
vn -0.309589 -0.000000 -0.950871
vn -0.309589 -0.000000 -0.950871
vn -0.000000 -0.000000 -1.000000
vn -0.000000 -0.000000 -1.000000
vn -0.000000 0.309589 -0.950870
vn -0.000000 0.309589 -0.950870
vn -0.000000 0.309589 -0.950870
vn -0.000000 -0.230453 -0.973084
vn -0.000000 -0.230453 -0.973084
vn -0.000000 -0.230453 -0.973084
vn -0.000000 -0.230453 -0.973084
vn -0.000000 0.230453 -0.973083
vn -0.000000 0.230453 -0.973083
vn -0.000000 0.230453 -0.973083
vn -0.000000 0.230453 -0.973083
vn -0.000000 -0.309589 -0.950870
vn -0.000000 -0.309589 -0.950870
vn -0.000000 -0.309589 -0.950870
vn -0.000000 -0.309589 -0.950870
vn -0.214413 -0.214414 -0.952918
vn -0.000000 -0.000000 -1.000000
vn -0.309589 -0.000000 -0.950871
vn -0.309589 -0.000000 -0.950871
vn -0.309589 -0.000000 -0.950871
vn -0.309589 -0.000000 -0.950871
vn -0.000000 -0.000000 -1.000000
vn -0.000000 -0.000000 -1.000000
vn -0.000000 -1.000000 0.000000
vn -0.000000 -1.000000 0.000000
vn -0.000000 -1.000000 0.000000
vn -0.000000 -1.000000 0.000000
vn -0.000000 -1.000000 0.000000
vn -0.000000 -1.000000 0.000000
vn -0.000000 -1.000000 0.000000
vn -0.000000 -1.000000 0.000000
vn -0.000000 -1.000000 0.000000
vn -0.000000 -1.000000 0.000000
vn -0.000000 1.000000 -0.000000
vn -0.000000 1.000000 -0.000000
vn -0.000000 1.000000 -0.000000
vn -0.000000 1.000000 -0.000000
vn -0.000000 -0.000000 -1.000000
vn -0.000000 -0.000000 -1.000000
vn -0.000000 -0.000000 -1.000000
vn -0.000000 -0.000000 -1.000000
vn -0.000000 -0.000000 -1.000000
vn -0.000000 -0.000000 -1.000000
vn -0.000000 -0.000000 -1.000000
vn -0.000000 -0.000000 -1.000000
vn 0.761231 -0.000000 -0.648481
vn 0.761231 -0.000000 -0.648481
vn 0.761231 -0.000000 -0.648481
vn 0.761231 -0.000000 -0.648481
vn -1.000000 0.000000 -0.000000
vn -1.000000 0.000000 -0.000000
vn -1.000000 0.000000 -0.000000
vn -1.000000 0.000000 -0.000000
vn -1.000000 0.000000 -0.000000
vn -1.000000 0.000000 -0.000000
vn -1.000000 0.000000 -0.000000
vn -1.000000 0.000000 -0.000000
vn -1.000000 0.000000 -0.000000
vn -1.000000 0.000000 -0.000000
vn -1.000000 0.000000 -0.000000
vn -1.000000 0.000000 -0.000000
vn 1.000000 0.000000 -0.000000
vn 1.000000 0.000000 -0.000000
vn 1.000000 0.000000 -0.000000
vn 1.000000 0.000000 -0.000000
vn 1.000000 0.000000 -0.000000
vn 1.000000 0.000000 -0.000000
vn 1.000000 0.000000 -0.000000
vn 1.000000 0.000000 -0.000000
vn 1.000000 0.000000 -0.000000
vn 1.000000 0.000000 -0.000000
vn -1.000000 0.000000 -0.000000
vn -1.000000 0.000000 -0.000000
vn -1.000000 0.000000 -0.000000
vn -1.000000 0.000000 -0.000000
vn -1.000000 0.000000 -0.000000
vn -1.000000 0.000000 -0.000000
vn -1.000000 0.000000 -0.000000
vn -1.000000 0.000000 -0.000000
vn -1.000000 0.000000 -0.000000
vn -1.000000 0.000000 -0.000000
vn -0.000000 -1.000000 0.000000
vn -0.000000 -1.000000 0.000000
vn -0.000000 -1.000000 0.000000
vn -0.000000 -1.000000 0.000000
vn -0.000000 -1.000000 0.000000
vn -0.000000 -1.000000 0.000000
vn -0.000000 -1.000000 0.000000
vn -0.000000 -1.000000 0.000000
vn -0.000000 -1.000000 0.000000
vn -0.000000 -1.000000 0.000000
vn -0.000000 -1.000000 0.000000
vn -0.000000 -1.000000 0.000000
vn -0.000000 1.000000 -0.000000
vn -0.000000 1.000000 -0.000000
vn -0.000000 1.000000 -0.000000
vn -0.000000 1.000000 -0.000000
vn 1.000000 0.000000 -0.000000
vn 1.000000 0.000000 -0.000000
vn 1.000000 0.000000 -0.000000
vn 1.000000 0.000000 -0.000000
vn 1.000000 0.000000 -0.000000
vn 1.000000 0.000000 -0.000000
vn 1.000000 0.000000 -0.000000
vn 1.000000 0.000000 -0.000000
vn 1.000000 0.000000 -0.000000
vn 1.000000 0.000000 -0.000000
vn 1.000000 0.000000 -0.000000
vn 1.000000 0.000000 -0.000000
vn 0.309589 -0.000000 -0.950870
vn 0.309589 -0.000000 -0.950870
vn 0.309589 -0.000000 -0.950870
vn -0.000000 -0.000000 -1.000000
vn -0.000000 -0.000000 -1.000000
vn 0.761231 -0.000000 -0.648481
vn 0.761231 -0.000000 -0.648481
vn 0.761231 -0.000000 -0.648481
vn 0.761231 -0.000000 -0.648481
vn -0.000000 1.000000 -0.000000
vn -0.000000 1.000000 -0.000000
vn -0.000000 1.000000 -0.000000
vn -0.000000 1.000000 -0.000000
vn -0.000000 1.000000 -0.000000
vn -0.000000 1.000000 -0.000000
vn -0.000000 1.000000 -0.000000
vn -0.000000 1.000000 -0.000000
vn -0.000000 1.000000 -0.000000
vn -0.000000 1.000000 -0.000000
vn -0.000000 1.000000 -0.000000
vn -0.000000 1.000000 -0.000000
vn -1.000000 0.000000 -0.000000
vn -1.000000 0.000000 -0.000000
vn -1.000000 0.000000 -0.000000
vn -1.000000 0.000000 -0.000000
vn -1.000000 0.000000 -0.000000
vn -1.000000 0.000000 -0.000000
vn -1.000000 0.000000 -0.000000
vn -1.000000 0.000000 -0.000000
vn -0.000000 0.224795 -0.974406
vn -0.000000 0.438083 -0.898935
vn -0.000000 0.438083 -0.898935
vn -0.000000 0.224795 -0.974406
vn -0.000000 -0.224795 -0.974406
vn -0.000000 -0.224795 -0.974406
vn -0.000000 -0.438083 -0.898935
vn -0.000000 -0.438083 -0.898935
vn 1.000000 0.000000 -0.000000
vn 1.000000 0.000000 -0.000000
vn 1.000000 0.000000 -0.000000
vn 1.000000 0.000000 -0.000000
vn 1.000000 0.000000 -0.000000
vn 1.000000 0.000000 -0.000000
vn 1.000000 0.000000 -0.000000
vn 1.000000 0.000000 -0.000000
vn -0.000000 0.227091 0.973874
vn -0.000000 0.442315 0.896860
vn -0.000000 0.442315 0.896860
vn -0.000000 0.227091 0.973874
vn -0.000000 -0.227091 0.973874
vn -0.000000 -0.227091 0.973874
vn -0.000000 -0.442315 0.896860
vn -0.000000 -0.442315 0.896860
vn -0.000000 -1.000000 0.000000
vn -0.000000 -1.000000 0.000000
vn -0.000000 -1.000000 0.000000
vn -0.000000 -1.000000 0.000000
vn -0.000000 -1.000000 0.000000
vn -0.000000 -1.000000 0.000000
vn -0.000000 -1.000000 0.000000
vn -0.000000 -1.000000 0.000000
vn -0.000000 -1.000000 0.000000
vn -0.000000 -1.000000 0.000000
vn -0.000000 -1.000000 0.000000
vn -0.000000 -1.000000 0.000000
vn -0.000000 -1.000000 0.000000
vn -0.000000 -1.000000 0.000000
vn -0.000000 -1.000000 0.000000
vn -0.000000 -1.000000 0.000000
vn -0.000000 1.000000 -0.000000
vn -0.000000 1.000000 -0.000000
vn -0.000000 1.000000 -0.000000
vn -0.000000 1.000000 -0.000000
vn -0.000000 -1.000000 0.000000
vn -0.000000 -1.000000 0.000000
vn -0.000000 -1.000000 0.000000
vn -0.000000 -1.000000 0.000000
vn -0.000000 -1.000000 0.000000
vn -0.000000 -1.000000 0.000000
vn -0.000000 -1.000000 0.000000
vn -0.000000 -1.000000 0.000000
vn -0.000000 -1.000000 0.000000
vn -0.000000 -1.000000 0.000000
vn -0.000000 -1.000000 0.000000
vn -0.000000 -1.000000 0.000000
vn -1.000000 0.000000 -0.000000
vn -1.000000 0.000000 -0.000000
vn -1.000000 0.000000 -0.000000
vn -1.000000 0.000000 -0.000000
vn -1.000000 0.000000 -0.000000
vn -1.000000 0.000000 -0.000000
vn -1.000000 0.000000 -0.000000
vn -1.000000 0.000000 -0.000000
vn -1.000000 0.000000 -0.000000
vn -1.000000 0.000000 -0.000000
vn -1.000000 0.000000 -0.000000
vn -1.000000 0.000000 -0.000000
vn 1.000000 0.000000 -0.000000
vn 1.000000 0.000000 -0.000000
vn 1.000000 0.000000 -0.000000
vn 1.000000 0.000000 -0.000000
vn -0.000000 1.000000 -0.000000
vn -0.000000 1.000000 -0.000000
vn -0.000000 1.000000 -0.000000
vn -0.000000 1.000000 -0.000000
vn -0.000000 1.000000 -0.000000
vn -0.000000 1.000000 -0.000000
vn -0.000000 1.000000 -0.000000
vn -0.000000 1.000000 -0.000000
vn 1.000000 0.000000 -0.000000
vn 1.000000 0.000000 -0.000000
vn 1.000000 0.000000 -0.000000
vn 1.000000 0.000000 -0.000000
vn -1.000000 0.000000 -0.000000
vn -1.000000 0.000000 -0.000000
vn -1.000000 0.000000 -0.000000
vn -1.000000 0.000000 -0.000000
vn 1.000000 0.000000 -0.000000
vn 1.000000 0.000000 -0.000000
vn 1.000000 0.000000 -0.000000
vn 1.000000 0.000000 -0.000000
vn -1.000000 0.000000 -0.000000
vn -1.000000 0.000000 -0.000000
vn -1.000000 0.000000 -0.000000
vn -1.000000 0.000000 -0.000000
vn -1.000000 0.000000 -0.000000
vn -1.000000 0.000000 -0.000000
vn -1.000000 0.000000 -0.000000
vn -1.000000 0.000000 -0.000000
vn -1.000000 0.000000 -0.000000
vn -1.000000 0.000000 -0.000000
vn -1.000000 0.000000 -0.000000
vn -1.000000 0.000000 -0.000000
vn -1.000000 0.000000 -0.000000
vn -1.000000 0.000000 -0.000000
vn -1.000000 0.000000 -0.000000
vn -1.000000 0.000000 -0.000000
vn -0.000000 1.000000 -0.000000
vn -0.000000 1.000000 -0.000000
vn -0.000000 1.000000 -0.000000
vn -0.000000 1.000000 -0.000000
vn -0.000000 1.000000 -0.000000
vn -0.000000 1.000000 -0.000000
vn -0.000000 1.000000 -0.000000
vn -0.000000 1.000000 -0.000000
vn -0.000000 1.000000 -0.000000
vn -0.000000 1.000000 -0.000000
vn -0.000000 1.000000 -0.000000
vn -0.000000 1.000000 -0.000000
vn -0.000000 -1.000000 0.000000
vn -0.000000 -1.000000 0.000000
vn -0.000000 -1.000000 0.000000
vn -0.000000 -1.000000 0.000000
vn -0.000000 -1.000000 0.000000
vn -0.000000 -1.000000 0.000000
vn -0.000000 -1.000000 0.000000
vn -0.000000 -1.000000 0.000000
vn -0.000000 -1.000000 0.000000
vn -0.000000 -1.000000 0.000000
vn -0.000000 -1.000000 0.000000
vn -0.000000 -1.000000 0.000000
vn -0.000000 -1.000000 0.000000
vn -0.000000 -1.000000 0.000000
vn -0.000000 -1.000000 0.000000
vn -0.000000 -1.000000 0.000000
vn 1.000000 0.000000 -0.000000
vn 1.000000 0.000000 -0.000000
vn 1.000000 0.000000 -0.000000
vn 1.000000 0.000000 -0.000000
vn 1.000000 0.000000 -0.000000
vn 1.000000 0.000000 -0.000000
vn 1.000000 0.000000 -0.000000
vn 1.000000 0.000000 -0.000000
vn 1.000000 0.000000 -0.000000
vn 1.000000 0.000000 -0.000000
vn 1.000000 0.000000 -0.000000
vn 1.000000 0.000000 -0.000000
vn 1.000000 0.000000 -0.000000
vn 1.000000 0.000000 -0.000000
vn 1.000000 0.000000 -0.000000
vn 1.000000 0.000000 -0.000000
vn 1.000000 0.000000 -0.000000
vn 1.000000 0.000000 -0.000000
vn 1.000000 0.000000 -0.000000
vn 1.000000 0.000000 -0.000000
vn -0.000000 1.000000 -0.000000
vn -0.000000 1.000000 -0.000000
vn -0.000000 1.000000 -0.000000
vn -0.000000 1.000000 -0.000000
vn -0.000000 1.000000 -0.000000
vn -0.000000 1.000000 -0.000000
vn -0.000000 1.000000 -0.000000
vn -0.000000 1.000000 -0.000000
vn -0.000000 1.000000 -0.000000
vn -0.000000 1.000000 -0.000000
vn -0.000000 1.000000 -0.000000
vn -0.000000 1.000000 -0.000000
vn -0.000000 -1.000000 0.000000
vn -0.000000 -1.000000 0.000000
vn -0.000000 -1.000000 0.000000
vn -0.000000 -1.000000 0.000000
vn -1.000000 0.000000 -0.000000
vn -1.000000 0.000000 -0.000000
vn -1.000000 0.000000 -0.000000
vn -1.000000 0.000000 -0.000000
vn -0.000000 1.000000 -0.000000
vn -0.000000 1.000000 -0.000000
vn -0.000000 1.000000 -0.000000
vn -0.000000 1.000000 -0.000000
vn -0.000000 -1.000000 0.000000
vn -0.000000 -1.000000 0.000000
vn -0.000000 -1.000000 0.000000
vn -0.000000 -1.000000 0.000000
vn -1.000000 0.000000 -0.000000
vn -1.000000 0.000000 -0.000000
vn -1.000000 0.000000 -0.000000
vn -1.000000 0.000000 -0.000000
vn -1.000000 0.000000 -0.000000
vn -1.000000 0.000000 -0.000000
vn -1.000000 0.000000 -0.000000
vn -1.000000 0.000000 -0.000000
vn 1.000000 0.000000 -0.000000
vn 1.000000 0.000000 -0.000000
vn 1.000000 0.000000 -0.000000
vn 1.000000 0.000000 -0.000000
vn 1.000000 0.000000 -0.000000
vn 1.000000 0.000000 -0.000000
vn 1.000000 0.000000 -0.000000
vn 1.000000 0.000000 -0.000000
vn 1.000000 0.000000 -0.000000
vn 1.000000 0.000000 -0.000000
vn 1.000000 0.000000 -0.000000
vn 1.000000 0.000000 -0.000000
vn -1.000000 0.000000 -0.000000
vn -1.000000 0.000000 -0.000000
vn -1.000000 0.000000 -0.000000
vn -1.000000 0.000000 -0.000000
vn -1.000000 0.000000 -0.000000
vn -1.000000 0.000000 -0.000000
vn -1.000000 0.000000 -0.000000
vn -1.000000 0.000000 -0.000000
vn -0.000000 1.000000 -0.000000
vn -0.000000 1.000000 -0.000000
vn -0.000000 1.000000 -0.000000
vn -0.000000 1.000000 -0.000000
vn -0.000000 1.000000 -0.000000
vn -0.000000 1.000000 -0.000000
vn -0.000000 1.000000 -0.000000
vn -0.000000 1.000000 -0.000000
vn -0.000000 -1.000000 0.000000
vn -0.000000 -1.000000 0.000000
vn -0.000000 -1.000000 0.000000
vn -0.000000 -1.000000 0.000000
vn -0.000000 -1.000000 0.000000
vn -0.000000 -1.000000 0.000000
vn -0.000000 -1.000000 0.000000
vn -0.000000 -1.000000 0.000000
vn -0.000000 -1.000000 0.000000
vn -0.000000 -1.000000 0.000000
vn -0.000000 -1.000000 0.000000
vn -0.000000 -1.000000 0.000000
vn 1.000000 0.000000 -0.000000
vn 1.000000 0.000000 -0.000000
vn 1.000000 0.000000 -0.000000
vn 1.000000 0.000000 -0.000000
vn 1.000000 0.000000 -0.000000
vn 1.000000 0.000000 -0.000000
vn 1.000000 0.000000 -0.000000
vn 1.000000 0.000000 -0.000000
vn -0.000000 1.000000 -0.000000
vn -0.000000 1.000000 -0.000000
vn -0.000000 1.000000 -0.000000
vn -0.000000 1.000000 -0.000000
vn -0.000000 1.000000 -0.000000
vn -0.000000 1.000000 -0.000000
vn -0.000000 1.000000 -0.000000
vn -0.000000 1.000000 -0.000000
vn -0.000000 -1.000000 0.000000
vn -0.000000 -1.000000 0.000000
vn -0.000000 -1.000000 0.000000
vn -0.000000 -1.000000 0.000000
vn -0.000000 -1.000000 0.000000
vn -0.000000 -1.000000 0.000000
vn -0.000000 -1.000000 0.000000
vn -0.000000 -1.000000 0.000000
vn -0.000000 -1.000000 0.000000
vn -0.000000 -1.000000 0.000000
vn -0.000000 -1.000000 0.000000
vn -0.000000 -1.000000 0.000000
vn -0.000000 -1.000000 0.000000
vn -0.000000 -1.000000 0.000000
vn -0.000000 -1.000000 0.000000
vn -0.000000 -1.000000 0.000000
vn -1.000000 0.000000 -0.000000
vn -1.000000 0.000000 -0.000000
vn -1.000000 0.000000 -0.000000
vn -1.000000 0.000000 -0.000000
vn 1.000000 0.000000 -0.000000
vn 1.000000 0.000000 -0.000000
vn 1.000000 0.000000 -0.000000
vn 1.000000 0.000000 -0.000000
vn -0.000000 1.000000 -0.000000
vn -0.000000 1.000000 -0.000000
vn -0.000000 1.000000 -0.000000
vn -0.000000 1.000000 -0.000000
vn -0.000000 -1.000000 0.000000
vn -0.000000 -1.000000 0.000000
vn -0.000000 -1.000000 0.000000
vn -0.000000 -1.000000 0.000000
vn 1.000000 0.000000 -0.000000
vn 1.000000 0.000000 -0.000000
vn 1.000000 0.000000 -0.000000
vn 1.000000 0.000000 -0.000000
vn 1.000000 0.000000 -0.000000
vn 1.000000 0.000000 -0.000000
vn 1.000000 0.000000 -0.000000
vn 1.000000 0.000000 -0.000000
vn 1.000000 0.000000 -0.000000
vn 1.000000 0.000000 -0.000000
vn 1.000000 0.000000 -0.000000
vn 1.000000 0.000000 -0.000000
vn -1.000000 0.000000 -0.000000
vn -1.000000 0.000000 -0.000000
vn -1.000000 0.000000 -0.000000
vn -1.000000 0.000000 -0.000000
vn -1.000000 0.000000 -0.000000
vn -1.000000 0.000000 -0.000000
vn -1.000000 0.000000 -0.000000
vn -1.000000 0.000000 -0.000000
vn -0.000000 1.000000 -0.000000
vn -0.000000 1.000000 -0.000000
vn -0.000000 1.000000 -0.000000
vn -0.000000 1.000000 -0.000000
vn -0.000000 1.000000 -0.000000
vn -0.000000 1.000000 -0.000000
vn -0.000000 1.000000 -0.000000
vn -0.000000 1.000000 -0.000000
vn -0.000000 1.000000 -0.000000
vn -0.000000 1.000000 -0.000000
vn -0.000000 1.000000 -0.000000
vn -0.000000 1.000000 -0.000000
vn -0.000000 -1.000000 0.000000
vn -0.000000 -1.000000 0.000000
vn -0.000000 -1.000000 0.000000
vn -0.000000 -1.000000 0.000000
vn -0.000000 -1.000000 0.000000
vn -0.000000 -1.000000 0.000000
vn -0.000000 -1.000000 0.000000
vn -0.000000 -1.000000 0.000000
vn 1.000000 0.000000 -0.000000
vn 1.000000 0.000000 -0.000000
vn 1.000000 0.000000 -0.000000
vn 1.000000 0.000000 -0.000000
vn -0.000000 1.000000 -0.000000
vn -0.000000 1.000000 -0.000000
vn -0.000000 1.000000 -0.000000
vn -0.000000 1.000000 -0.000000
vn -0.000000 1.000000 -0.000000
vn -0.000000 1.000000 -0.000000
vn -0.000000 1.000000 -0.000000
vn -0.000000 1.000000 -0.000000
vn -1.000000 0.000000 -0.000000
vn -1.000000 0.000000 -0.000000
vn -1.000000 0.000000 -0.000000
vn -1.000000 0.000000 -0.000000
vn -1.000000 0.000000 -0.000000
vn -1.000000 0.000000 -0.000000
vn -1.000000 0.000000 -0.000000
vn -1.000000 0.000000 -0.000000
vn -1.000000 0.000000 -0.000000
vn -1.000000 0.000000 -0.000000
vn -1.000000 0.000000 -0.000000
vn -1.000000 0.000000 -0.000000
vn 1.000000 0.000000 -0.000000
vn 1.000000 0.000000 -0.000000
vn 1.000000 0.000000 -0.000000
vn 1.000000 0.000000 -0.000000
vn -0.000000 -1.000000 0.000000
vn -0.000000 -1.000000 0.000000
vn -0.000000 -1.000000 0.000000
vn -0.000000 -1.000000 0.000000
vn -0.000000 -1.000000 0.000000
vn -0.000000 -1.000000 0.000000
vn -0.000000 -1.000000 0.000000
vn -0.000000 -1.000000 0.000000
vn -1.000000 0.000000 -0.000000
vn -1.000000 0.000000 -0.000000
vn -1.000000 0.000000 -0.000000
vn -1.000000 0.000000 -0.000000
vn 1.000000 0.000000 -0.000000
vn 1.000000 0.000000 -0.000000
vn 1.000000 0.000000 -0.000000
vn 1.000000 0.000000 -0.000000
vn 1.000000 0.000000 -0.000000
vn 1.000000 0.000000 -0.000000
vn 1.000000 0.000000 -0.000000
vn 1.000000 0.000000 -0.000000
vn -1.000000 0.000000 -0.000000
vn -1.000000 0.000000 -0.000000
vn -1.000000 0.000000 -0.000000
vn -1.000000 0.000000 -0.000000
vn -0.000000 1.000000 -0.000000
vn -0.000000 1.000000 -0.000000
vn -0.000000 1.000000 -0.000000
vn -0.000000 1.000000 -0.000000
vn -0.000000 1.000000 -0.000000
vn -0.000000 1.000000 -0.000000
vn -0.000000 1.000000 -0.000000
vn -0.000000 1.000000 -0.000000
vn -0.000000 1.000000 -0.000000
vn -0.000000 1.000000 -0.000000
vn -0.000000 1.000000 -0.000000
vn -0.000000 1.000000 -0.000000
vn -0.000000 1.000000 -0.000000
vn -0.000000 1.000000 -0.000000
vn -0.000000 1.000000 -0.000000
vn -0.000000 1.000000 -0.000000
vn -0.000000 1.000000 -0.000000
vn -0.000000 1.000000 -0.000000
vn -0.000000 1.000000 -0.000000
vn -0.000000 1.000000 -0.000000
vn -0.000000 0.000000 1.000000
vn -0.000000 0.000000 1.000000
vn -0.000000 0.000000 1.000000
vn -0.000000 0.000000 1.000000
vn -0.000000 0.000000 1.000000
vn -0.000000 0.000000 1.000000
vn -0.000000 0.000000 1.000000
vn -0.000000 0.000000 1.000000
vn 0.223129 -0.223129 -0.948908
vn 0.223129 0.223129 -0.948908
vn 0.148098 0.148098 -0.977821
vn 0.148098 -0.148098 -0.977821
vn -0.223129 -0.223129 -0.948908
vn -0.148098 0.148098 -0.977821
vn -0.223129 0.223129 -0.948908
vn -0.148098 -0.148098 -0.977821
f 1/1/1 2/2/2 3/3/3
f 1/1/1 3/3/3 4/4/4
f 5/5/5 6/6/6 7/7/7
f 5/5/5 7/7/7 8/8/8
f 9/9/9 10/10/10 11/11/11
f 9/9/9 11/11/11 12/12/12
f 13/13/13 14/14/14 15/15/15
f 15/15/15 16/16/16 13/13/13
f 17/17/17 13/13/13 16/16/16
f 16/16/16 18/18/18 17/17/17
f 17/17/17 19/19/19 13/13/13
f 17/17/17 20/20/20 19/19/19
f 21/21/21 19/19/19 20/20/20
f 20/20/20 22/22/22 21/21/21
f 23/23/23 24/24/24 25/25/25
f 23/23/23 25/25/25 26/26/26
f 27/27/27 23/23/23 28/28/28
f 27/27/27 28/28/28 29/29/29
f 29/29/29 28/28/28 30/30/30
f 29/29/29 30/30/30 31/31/31
f 31/31/31 30/30/30 32/32/32
f 31/31/31 32/32/32 33/33/33
f 32/32/32 34/34/34 33/33/33
f 32/32/32 35/35/35 34/34/34
f 35/35/35 36/36/36 34/34/34
f 35/35/35 37/37/37 36/36/36
f 37/37/37 38/38/38 36/36/36
f 37/37/37 39/39/39 38/38/38
f 39/39/39 40/40/40 38/38/38
f 39/39/39 41/41/41 40/40/40
f 41/41/41 42/42/42 43/43/43
f 41/41/41 43/43/43 44/44/44
f 43/43/43 45/45/45 46/46/46
f 43/43/43 47/47/47 45/45/45
f 47/47/47 48/48/48 45/45/45
f 47/47/47 49/49/49 48/48/48
f 50/50/50 51/51/51 52/52/52
f 50/50/50 52/52/52 53/53/53
f 54/54/54 50/50/50 55/55/55
f 54/54/54 55/55/55 56/56/56
f 57/57/57 54/54/54 56/56/56
f 57/57/57 56/56/56 58/58/58
f 59/59/59 60/60/60 52/52/52
f 59/59/59 52/52/52 61/61/61
f 62/62/62 59/59/59 61/61/61
f 62/62/62 61/61/61 63/63/63
f 64/64/64 62/62/62 63/63/63
f 64/64/64 63/63/63 65/65/65
f 66/66/66 64/64/64 65/65/65
f 66/66/66 65/65/65 67/67/67
f 68/68/68 66/66/66 67/67/67
f 68/68/68 67/67/67 69/69/69
f 70/70/70 68/68/68 69/69/69
f 70/70/70 69/69/69 71/71/71
f 72/72/72 70/70/70 71/71/71
f 72/72/72 71/71/71 73/73/73
f 74/74/74 73/73/73 75/75/75
f 74/74/74 75/75/75 76/76/76
f 77/77/77 78/78/78 76/76/76
f 77/77/77 76/76/76 79/79/79
f 80/80/80 77/77/77 79/79/79
f 80/80/80 79/79/79 81/81/81
f 82/82/82 83/83/83 84/84/84
f 84/84/84 85/85/85 82/82/82
f 86/86/86 82/82/82 85/85/85
f 85/85/85 87/87/87 86/86/86
f 88/88/88 89/89/89 90/90/90
f 90/90/90 91/91/91 88/88/88
f 92/92/92 93/93/93 94/94/94
f 92/92/92 95/95/95 93/93/93
f 96/96/96 97/97/97 98/98/98
f 96/96/96 98/98/98 99/99/99
f 100/100/100 101/101/101 102/102/102
f 100/100/100 102/102/102 103/103/103
f 104/104/104 105/105/105 106/106/106
f 104/104/104 106/106/106 107/107/107
f 108/108/108 109/109/109 110/110/110
f 111/111/111 108/108/108 110/110/110
f 110/110/110 112/112/112 111/111/111
f 110/110/110 113/113/113 112/112/112
f 113/113/113 114/114/114 112/112/112
f 114/114/114 115/115/115 112/112/112
f 115/115/115 116/116/116 112/112/112
f 116/116/116 117/117/117 112/112/112
f 117/117/117 118/118/118 112/112/112
f 118/118/118 119/119/119 112/112/112
f 120/120/120 121/121/121 122/122/122
f 122/122/122 123/123/123 120/120/120
f 123/123/123 124/124/124 120/120/120
f 123/123/123 125/125/125 124/124/124
f 123/123/123 126/126/126 125/125/125
f 123/123/123 127/127/127 126/126/126
f 123/123/123 128/128/128 127/127/127
f 123/123/123 129/129/129 128/128/128
f 130/130/130 131/131/131 132/132/132
f 132/132/132 133/133/133 130/130/130
f 132/132/132 134/134/134 133/133/133
f 134/134/134 135/135/135 133/133/133
f 135/135/135 136/136/136 133/133/133
f 136/136/136 137/137/137 133/133/133
f 137/137/137 138/138/138 133/133/133
f 138/138/138 139/139/139 133/133/133
f 140/140/140 141/141/141 142/142/142
f 140/140/140 142/142/142 143/143/143
f 143/143/143 144/144/144 140/140/140
f 145/145/145 140/140/140 144/144/144
f 144/144/144 146/146/146 145/145/145
f 146/146/146 147/147/147 145/145/145
f 148/148/148 149/149/149 150/150/150
f 150/150/150 151/151/151 148/148/148
f 152/152/152 153/153/153 154/154/154
f 152/152/152 155/155/155 153/153/153
f 156/156/156 157/157/157 158/158/158
f 158/158/158 159/159/159 156/156/156
f 158/158/158 160/160/160 159/159/159
f 160/160/160 161/161/161 159/159/159
f 160/160/160 162/162/162 161/161/161
f 160/160/160 163/163/163 162/162/162
f 160/160/160 164/164/164 163/163/163
f 160/160/160 165/165/165 164/164/164
f 160/160/160 166/166/166 165/165/165
f 160/160/160 167/167/167 166/166/166
f 25/25/25 168/168/168 169/169/169
f 25/25/25 169/169/169 170/170/170
f 170/170/170 169/169/169 171/171/171
f 170/170/170 171/171/171 172/172/172
f 173/173/173 174/174/174 175/175/175
f 173/173/173 175/175/175 176/176/176
f 177/177/177 178/178/178 179/179/179
f 179/179/179 180/180/180 177/177/177
f 181/181/181 177/177/177 180/180/180
f 181/181/181 180/180/180 182/182/182
f 181/181/181 182/182/182 183/183/183
f 183/183/183 184/184/184 181/181/181
f 184/184/184 185/185/185 181/181/181
f 186/186/186 183/183/183 182/182/182
f 182/182/182 187/187/187 186/186/186
f 182/182/182 188/188/188 187/187/187
f 189/189/189 190/190/190 191/191/191
f 191/191/191 192/192/192 189/189/189
f 191/191/191 193/193/193 192/192/192
f 193/193/193 194/194/194 192/192/192
f 193/193/193 195/195/195 194/194/194
f 193/193/193 196/196/196 195/195/195
f 197/197/197 198/198/198 199/199/199
f 197/197/197 199/199/199 200/200/200
f 201/201/201 197/197/197 200/200/200
f 201/201/201 200/200/200 202/202/202
f 202/202/202 203/203/203 201/201/201
f 202/202/202 204/204/204 203/203/203
f 205/205/205 206/206/206 207/207/207
f 207/207/207 208/208/208 205/205/205
f 208/208/208 209/209/209 205/205/205
f 208/208/208 210/210/210 209/209/209
f 210/210/210 211/211/211 209/209/209
f 211/211/211 212/212/212 209/209/209
f 213/213/213 214/214/214 215/215/215
f 213/213/213 215/215/215 216/216/216
f 216/216/216 217/217/217 213/213/213
f 216/216/216 218/218/218 217/217/217
f 218/218/218 219/219/219 217/217/217
f 218/218/218 220/220/220 219/219/219
f 221/221/221 222/222/222 223/223/223
f 221/221/221 223/223/223 224/224/224
f 225/225/225 226/226/226 227/227/227
f 225/225/225 227/227/227 228/228/228
f 229/229/229 230/230/230 231/231/231
f 229/229/229 231/231/231 232/232/232
f 233/233/233 234/234/234 235/235/235
f 233/233/233 235/235/235 236/236/236
f 237/237/237 238/238/238 239/239/239
f 237/237/237 239/239/239 240/240/240
f 241/241/241 242/242/242 243/243/243
f 241/241/241 243/243/243 244/244/244
f 245/245/245 246/246/246 247/247/247
f 245/245/245 247/247/247 248/248/248
f 249/249/249 250/250/250 251/251/251
f 249/249/249 251/251/251 252/252/252
f 253/253/253 254/254/254 255/255/255
f 253/253/253 255/255/255 256/256/256
f 257/257/257 258/258/258 259/259/259
f 257/257/257 259/259/259 260/260/260
f 261/261/261 262/262/262 263/263/263
f 261/261/261 263/263/263 264/264/264
f 265/265/265 266/266/266 267/267/267
f 265/265/265 267/267/267 268/268/268
f 269/269/269 270/270/270 271/271/271
f 269/269/269 271/271/271 272/272/272
f 273/273/273 274/274/274 275/275/275
f 273/273/273 275/275/275 276/276/276
f 277/277/277 278/278/278 279/279/279
f 277/277/277 279/279/279 280/280/280
f 281/281/281 282/282/282 283/283/283
f 281/281/281 283/283/283 284/284/284
f 285/285/285 286/286/286 287/287/287
f 285/285/285 287/287/287 288/288/288
f 289/289/289 290/290/290 291/291/291
f 289/289/289 291/291/291 292/292/292
f 293/293/293 294/294/294 295/295/295
f 293/293/293 295/295/295 296/296/296
f 297/297/297 298/298/298 299/299/299
f 297/297/297 299/299/299 300/300/300
f 301/301/301 302/302/302 303/303/303
f 301/301/301 303/303/303 304/304/304
f 305/305/305 306/306/306 307/307/307
f 305/305/305 307/307/307 308/308/308
f 309/309/309 310/310/310 311/311/311
f 309/309/309 311/311/311 312/312/312
f 313/313/313 314/314/314 315/315/315
f 313/313/313 315/315/315 316/316/316
f 317/317/317 318/318/318 319/319/319
f 317/317/317 319/319/319 320/320/320
f 321/321/321 322/322/322 323/323/323
f 321/321/321 323/323/323 324/324/324
f 325/325/325 326/326/326 327/327/327
f 325/325/325 327/327/327 328/328/328
f 329/329/329 330/330/330 331/331/331
f 329/329/329 331/331/331 332/332/332
f 333/333/333 334/334/334 335/335/335
f 333/333/333 335/335/335 336/336/336
f 337/337/337 338/338/338 339/339/339
f 337/337/337 339/339/339 340/340/340
f 341/341/341 342/342/342 343/343/343
f 341/341/341 343/343/343 344/344/344
f 345/345/345 346/346/346 347/347/347
f 345/345/345 347/347/347 348/348/348
f 349/349/349 350/350/350 351/351/351
f 349/349/349 351/351/351 352/352/352
f 353/353/353 354/354/354 355/355/355
f 353/353/353 355/355/355 356/356/356
f 357/357/357 358/358/358 359/359/359
f 357/357/357 359/359/359 360/360/360
f 361/361/361 362/362/362 363/363/363
f 361/361/361 363/363/363 364/364/364
f 365/365/365 366/366/366 367/367/367
f 365/365/365 367/367/367 368/368/368
f 369/369/369 370/370/370 371/371/371
f 369/369/369 371/371/371 372/372/372
f 373/373/373 374/374/374 375/375/375
f 373/373/373 375/375/375 376/376/376
f 377/377/377 378/378/378 379/379/379
f 377/377/377 379/379/379 380/380/380
f 381/381/381 382/382/382 383/383/383
f 381/381/381 383/383/383 384/384/384
f 385/385/385 386/386/386 387/387/387
f 385/385/385 387/387/387 388/388/388
f 389/389/389 390/390/390 391/391/391
f 389/389/389 391/391/391 392/392/392
f 393/393/393 394/394/394 395/395/395
f 393/393/393 395/395/395 396/396/396
f 397/397/397 398/398/398 399/399/399
f 397/397/397 399/399/399 400/400/400
f 401/401/401 402/402/402 403/403/403
f 401/401/401 403/403/403 404/404/404
f 405/405/405 406/406/406 407/407/407
f 405/405/405 407/407/407 408/408/408
f 409/409/409 410/410/410 411/411/411
f 409/409/409 411/411/411 412/412/412
f 413/413/413 414/414/414 415/415/415
f 413/413/413 415/415/415 416/416/416
f 417/417/417 418/418/418 419/419/419
f 417/417/417 419/419/419 420/420/420
f 421/421/421 422/422/422 423/423/423
f 421/421/421 423/423/423 424/424/424
f 425/425/425 426/426/426 427/427/427
f 425/425/425 427/427/427 428/428/428
f 429/429/429 430/430/430 431/431/431
f 429/429/429 431/431/431 432/432/432
f 433/433/433 434/434/434 435/435/435
f 433/433/433 435/435/435 436/436/436
f 437/437/437 438/438/438 439/439/439
f 437/437/437 439/439/439 440/440/440
f 441/441/441 442/442/442 443/443/443
f 441/441/441 443/443/443 444/444/444
f 445/445/445 446/446/446 447/447/447
f 445/445/445 447/447/447 448/448/448
f 449/449/449 450/450/450 451/451/451
f 449/449/449 451/451/451 452/452/452
f 453/453/453 454/454/454 455/455/455
f 453/453/453 455/455/455 456/456/456
f 457/457/457 458/458/458 459/459/459
f 457/457/457 459/459/459 460/460/460
f 461/461/461 462/462/462 463/463/463
f 461/461/461 463/463/463 464/464/464
f 465/465/465 466/466/466 467/467/467
f 465/465/465 467/467/467 468/468/468
f 469/469/469 470/470/470 471/471/471
f 469/469/469 471/471/471 472/472/472
f 473/473/473 474/474/474 475/475/475
f 473/473/473 475/475/475 476/476/476
f 477/477/477 478/478/478 479/479/479
f 477/477/477 479/479/479 480/480/480
f 481/481/481 482/482/482 483/483/483
f 481/481/481 483/483/483 484/484/484
f 485/485/485 486/486/486 487/487/487
f 485/485/485 487/487/487 488/488/488
f 489/489/489 490/490/490 491/491/491
f 489/489/489 491/491/491 492/492/492
f 493/493/493 494/494/494 495/495/495
f 493/493/493 495/495/495 496/496/496
f 497/497/497 498/498/498 499/499/499
f 497/497/497 499/499/499 500/500/500
f 501/501/501 502/502/502 503/503/503
f 501/501/501 503/503/503 504/504/504
f 505/505/505 506/506/506 507/507/507
f 505/505/505 507/507/507 508/508/508
f 509/509/509 510/510/510 511/511/511
f 509/509/509 511/511/511 512/512/512
f 513/513/513 514/514/514 515/515/515
f 513/513/513 515/515/515 516/516/516
f 517/517/517 518/518/518 519/519/519
f 517/517/517 519/519/519 520/520/520
f 521/521/521 522/522/522 523/523/523
f 521/521/521 523/523/523 524/524/524
f 525/525/525 526/526/526 527/527/527
f 525/525/525 527/527/527 528/528/528
f 529/529/529 530/530/530 531/531/531
f 529/529/529 531/531/531 532/532/532
f 533/533/533 534/534/534 535/535/535
f 533/533/533 535/535/535 536/536/536
f 537/537/537 538/538/538 539/539/539
f 537/537/537 539/539/539 540/540/540
f 541/541/541 542/542/542 543/543/543
f 541/541/541 543/543/543 544/544/544
f 545/545/545 546/546/546 547/547/547
f 545/545/545 547/547/547 548/548/548
f 549/549/549 550/550/550 551/551/551
f 549/549/549 551/551/551 552/552/552
f 553/553/553 554/554/554 555/555/555
f 553/553/553 555/555/555 556/556/556
f 557/557/557 558/558/558 559/559/559
f 557/557/557 559/559/559 560/560/560
f 561/561/561 562/562/562 563/563/563
f 561/561/561 563/563/563 564/564/564
f 565/565/565 566/566/566 567/567/567
f 565/565/565 567/567/567 568/568/568
f 569/569/569 570/570/570 571/571/571
f 569/569/569 571/571/571 572/572/572
f 573/573/573 574/574/574 575/575/575
f 573/573/573 575/575/575 576/576/576
f 577/577/577 578/578/578 579/579/579
f 577/577/577 579/579/579 580/580/580
f 581/581/581 582/582/582 583/583/583
f 581/581/581 583/583/583 584/584/584
f 585/585/585 586/586/586 587/587/587
f 585/585/585 587/587/587 588/588/588
f 589/589/589 590/590/590 591/591/591
f 590/590/590 592/592/592 591/591/591
f 591/591/591 593/593/593 589/589/589
f 594/594/594 591/591/591 592/592/592
f 593/593/593 595/595/595 589/589/589
f 594/594/594 592/592/592 595/595/595
f 593/593/593 596/596/596 595/595/595
f 595/595/595 596/596/596 594/594/594
f 597/597/597 598/598/598 599/599/599
f 597/597/597 599/599/599 600/600/600
f 601/601/601 597/597/597 600/600/600
f 598/598/598 602/602/602 599/599/599
f 600/600/600 599/599/599 602/602/602
f 598/598/598 603/603/603 602/602/602
f 603/603/603 601/601/601 604/604/604
f 601/601/601 600/600/600 604/604/604
f 603/603/603 604/604/604 602/602/602
f 600/600/600 602/602/602 604/604/604
