# Unturned item rip -> Godot (X+Z negated, winding reversed, RH Y-up)
v 0.260827 0.235469 -0.345483
v 0.251591 0.282121 -0.325786
v 0.169303 0.282121 -0.364374
v 0.178540 0.235469 -0.384070
v 0.257154 0.136593 -0.337651
v 0.174867 0.136593 -0.376238
v 0.354677 0.201264 -0.264599
v 0.364834 0.236046 -0.288090
v 0.093769 0.231280 -0.412356
v 0.083612 0.196497 -0.388866
v 0.217284 0.244441 -0.252627
v 0.213611 0.145566 -0.244795
v 0.131324 0.145566 -0.283382
v 0.134996 0.244441 -0.291215
v 0.229819 0.286608 -0.279359
v 0.147532 0.286608 -0.317946
v -0.307883 0.247585 -0.084468
v -0.309299 0.246867 -0.100805
v -0.293077 0.245179 -0.102554
v -0.290839 0.245812 -0.086306
v -0.303537 0.230954 -0.130887
v -0.286723 0.228149 -0.147213
v -0.285566 0.239594 -0.147524
v -0.302239 0.242379 -0.131372
v -0.308554 0.243591 -0.110470
v -0.309711 0.232146 -0.110159
v -0.308032 0.232772 -0.098412
v -0.306875 0.244217 -0.098723
v 0.105674 0.234290 -0.262330
v 0.036992 0.150754 -0.175137
v 0.100664 0.141752 -0.255970
v 0.042002 0.243293 -0.181497
v 0.060170 0.282605 -0.204562
v 0.092006 0.278104 -0.244979
v -0.121926 0.254115 -0.217763
v -0.114079 0.259190 -0.224479
v -0.109653 0.264512 -0.215286
v -0.117500 0.259438 -0.208570
v -0.191710 0.234671 -0.127397
v -0.182979 0.228108 -0.131022
v -0.187833 0.228471 -0.141862
v -0.196564 0.235033 -0.138237
v -0.205530 0.229351 -0.149365
v -0.196946 0.222655 -0.153097
v -0.209029 0.210929 -0.159053
v -0.217760 0.217492 -0.155428
v 0.076521 0.235286 -0.086056
v 0.059874 0.281556 -0.071801
v 0.000760 0.281556 -0.140835
v 0.017408 0.235285 -0.155090
v 0.010895 0.137285 -0.149514
v 0.070009 0.137285 -0.080479
v 0.284411 0.031912 -0.496232
v 0.286192 0.132140 -0.548770
v 0.284916 0.023090 -0.530800
v 0.285687 0.140963 -0.514203
v -0.204323 0.200747 -0.114631
v -0.199072 0.275274 -0.118175
v -0.221488 0.239807 -0.107959
v -0.164741 0.197155 -0.131519
v -0.142325 0.232623 -0.141736
v -0.159491 0.271683 -0.135064
v -0.199072 0.275274 -0.118175
v -0.159491 0.271683 -0.135064
v -0.042099 0.276449 0.139048
v -0.081681 0.280041 0.155937
v 0.082041 0.248216 -0.368498
v 0.067178 0.247373 -0.375409
v 0.072825 0.237655 -0.387356
v 0.087975 0.238006 -0.381051
v -0.414658 -0.100118 0.195429
v -0.294716 0.109381 0.195429
v -0.294716 -0.100118 0.195429
v -0.414658 0.109381 0.195429
v -0.186849 0.241461 -0.004116
v -0.324704 0.241461 0.020348
v -0.324704 0.208976 0.020348
v -0.186849 0.208976 -0.004116
v 0.021670 0.208976 -0.132073
v 0.021670 0.241461 -0.132073
v 0.171468 0.208976 -0.325204
v 0.171468 0.241461 -0.325204
v -0.085926 0.227033 -0.190025
v -0.091611 0.241752 -0.185544
v -0.081472 0.242204 -0.172645
v -0.075499 0.226738 -0.177353
v -0.074742 0.234266 -0.199598
v -0.080426 0.248985 -0.195117
v -0.091611 0.241752 -0.185544
v -0.085926 0.227033 -0.190025
v 0.220822 -0.080971 -0.536972
v 0.220822 -0.080971 -0.513492
v 0.220822 0.090234 -0.513492
v 0.220822 0.090234 -0.536972
v 0.068967 0.224443 -0.378434
v 0.083921 0.224124 -0.371676
v 0.087975 0.238006 -0.381051
v 0.072825 0.237655 -0.387356
v -0.438366 -0.112877 -0.013383
v -0.438366 0.122140 -0.013383
v -0.287634 0.122140 -0.013383
v -0.287634 -0.112877 -0.013383
v 0.184261 0.126795 -0.486359
v 0.184261 -0.117532 -0.486359
v 0.184261 -0.117532 -0.536972
v 0.184261 0.126795 -0.536972
v -0.174780 0.238138 -0.137200
v -0.167792 0.238505 -0.122353
v -0.180868 0.248332 -0.116924
v -0.187225 0.247491 -0.132033
v 0.349263 0.126795 -0.486359
v 0.184261 0.126795 -0.486359
v 0.184261 0.126795 -0.536972
v 0.349263 0.126795 -0.536972
v 0.129394 0.204160 0.030199
v 0.147412 0.240027 0.014271
v -0.044707 0.235261 -0.213783
v -0.062725 0.199393 -0.197855
v 0.031459 0.254855 -0.403303
v 0.035421 0.248037 -0.411685
v 0.045833 0.252831 -0.410662
v 0.041871 0.259648 -0.402280
v 0.212671 0.245222 -0.054975
v -0.021598 0.240455 -0.239465
v -0.006104 0.275121 -0.260034
v 0.228165 0.279887 -0.075545
v -0.183294 0.224666 -0.133319
v -0.174780 0.238138 -0.137200
v -0.187225 0.247491 -0.132033
v -0.195739 0.234019 -0.128152
v 0.008566 0.224291 -0.264603
v 0.018266 0.231135 -0.277097
v 0.005040 0.231090 -0.286817
v -0.004191 0.224575 -0.274926
v 0.060284 0.241461 -0.074498
v 0.228835 0.241461 -0.288666
v 0.228835 0.208976 -0.288666
v 0.060284 0.208976 -0.074498
v -0.189833 0.241461 0.066658
v -0.189833 0.208976 0.066659
v -0.311173 0.241461 0.091657
v -0.311173 0.208976 0.091657
v -0.004846 0.232337 -0.289778
v 0.004832 0.232400 -0.282884
v 0.001872 0.242960 -0.279398
v -0.007806 0.242897 -0.286291
v -0.021393 0.234682 -0.301331
v -0.014120 0.225805 -0.300475
v -0.028224 0.217219 -0.315295
v -0.018915 0.212099 -0.310873
v -0.185737 0.244122 -0.130120
v -0.191710 0.234671 -0.127397
v -0.196564 0.235033 -0.138237
v -0.190590 0.244485 -0.140960
v -0.202826 0.237238 -0.157298
v -0.205530 0.229351 -0.149365
v -0.218696 0.222058 -0.165950
v -0.217760 0.217492 -0.155428
v -0.405554 0.024072 0.043750
v -0.450857 0.024072 -0.036192
v -0.414779 0.024072 -0.040159
v -0.441632 0.024072 0.047717
v -0.400946 -0.211144 0.005132
v -0.400946 0.220408 0.005132
v -0.395979 0.220408 0.138027
v -0.395979 -0.211144 0.138027
v -0.082939 0.281488 0.025191
v -0.167804 0.285973 -0.035517
v -0.121350 0.281488 -0.057179
v -0.129392 0.285973 0.046853
v -0.075784 0.235419 -0.195750
v -0.079772 0.245746 -0.192606
v -0.086975 0.245458 -0.202052
v -0.082987 0.235131 -0.205196
v -0.098759 0.242387 -0.218148
v -0.098175 0.251264 -0.210848
v -0.114079 0.259190 -0.224479
v -0.109653 0.264512 -0.215286
v -0.094821 0.240383 -0.195336
v -0.087618 0.240672 -0.185890
v -0.083630 0.230345 -0.189033
v -0.090833 0.230056 -0.198479
v -0.106762 0.237454 -0.211510
v -0.106178 0.246331 -0.204210
v -0.121926 0.254115 -0.217763
v -0.117500 0.259438 -0.208570
v -0.027785 0.230263 -0.292843
v -0.034701 0.212649 -0.306953
v -0.028224 0.217219 -0.315295
v -0.021393 0.234682 -0.301331
v -0.007806 0.242897 -0.286291
v -0.014283 0.238327 -0.277949
v -0.004605 0.238390 -0.271055
v 0.001872 0.242960 -0.279398
v -0.251035 0.203353 0.202136
v -0.225922 0.238326 0.198823
v -0.258379 0.233560 -0.097597
v -0.283492 0.198586 -0.094285
v -0.225720 0.235991 0.087992
v -0.301278 0.289120 0.096003
v -0.248231 0.284453 0.090379
v -0.331815 0.245325 0.099241
v -0.340751 0.142622 0.100188
v -0.234656 0.133288 0.088940
v -0.292572 0.228671 -0.085841
v -0.294726 0.228866 -0.102111
v -0.310948 0.230553 -0.100362
v -0.309616 0.230444 -0.084003
v 0.184261 -0.117532 -0.486359
v 0.349263 -0.117532 -0.486359
v 0.349263 -0.117532 -0.536972
v 0.184261 -0.117532 -0.536972
v -0.307059 0.109381 -0.030168
v -0.294716 0.109381 0.195429
v -0.414658 0.109381 0.195429
v -0.429340 0.109381 -0.030168
v -0.042099 0.276449 0.139048
v -0.159491 0.271683 -0.135064
v -0.142325 0.232623 -0.141736
v -0.024934 0.237390 0.132376
v 0.261912 -0.219453 -0.270509
v 0.126811 -0.221014 -0.323439
v 0.127024 -0.152034 -0.323355
v 0.262078 -0.148073 -0.270335
v 0.077987 0.234334 -0.359123
v 0.063320 0.234161 -0.366487
v 0.067178 0.247373 -0.375409
v 0.082041 0.248216 -0.368498
v 0.260827 0.235469 -0.345483
v 0.229819 0.286608 -0.279359
v 0.251591 0.282121 -0.325786
v 0.217284 0.244441 -0.252627
v 0.213611 0.145566 -0.244795
v 0.257154 0.136593 -0.337651
v 0.212671 0.245222 -0.054975
v 0.250384 0.200635 -0.101711
v 0.223781 0.205596 -0.068058
v 0.265877 0.235300 -0.122280
v 0.254767 0.274926 -0.109197
v 0.228165 0.279887 -0.075545
v -0.318678 0.277418 -0.091699
v -0.286221 0.282185 0.204721
v -0.311335 0.247212 0.208033
v -0.343792 0.242445 -0.088387
v 0.249241 0.022793 -0.531245
v 0.248737 0.031616 -0.496677
v 0.284411 0.031912 -0.496232
v 0.284916 0.023090 -0.530800
v -0.074742 0.234266 -0.199598
v -0.069720 0.249804 -0.182703
v -0.080426 0.248985 -0.195117
v -0.063748 0.234338 -0.187411
v 0.056115 0.233972 -0.373750
v 0.066820 0.234719 -0.368646
v 0.070782 0.227901 -0.377028
v 0.060078 0.227154 -0.382132
v 0.043932 0.233629 -0.395038
v 0.039864 0.240573 -0.386811
v 0.031459 0.254855 -0.403303
v 0.035421 0.248037 -0.411685
v 0.163402 0.278104 -0.188740
v 0.131566 0.282605 -0.148324
v 0.060170 0.282605 -0.204562
v 0.092006 0.278104 -0.244979
v -0.001769 0.244303 -0.019017
v 0.070009 0.137285 -0.080479
v -0.008281 0.146303 -0.013440
v 0.076521 0.235286 -0.086056
v 0.059874 0.281556 -0.071801
v 0.020729 0.286065 -0.038281
v 0.254078 0.220408 -0.274975
v 0.194974 0.220408 -0.522408
v 0.338549 0.220408 -0.523921
v 0.145604 0.220408 -0.338039
v 0.002468 0.220408 -0.153497
v 0.079066 0.220408 -0.052598
v -0.197079 0.220408 -0.031047
v -0.179781 0.220408 0.093486
v -0.400946 0.220408 0.005132
v -0.395979 0.220408 0.138027
v -0.006104 0.275121 -0.260034
v 0.254767 0.274926 -0.109197
v 0.228165 0.279887 -0.075545
v 0.020498 0.270160 -0.293687
v -0.202826 0.237238 -0.157298
v -0.218696 0.222058 -0.165950
v -0.209965 0.215496 -0.169575
v -0.194242 0.230543 -0.161030
v -0.181859 0.237923 -0.144585
v -0.190590 0.244485 -0.140960
v -0.185737 0.244122 -0.130120
v -0.177006 0.237560 -0.133745
v 0.265877 0.235300 -0.122280
v 0.254767 0.274926 -0.109197
v 0.020498 0.270160 -0.293687
v 0.031608 0.230534 -0.306770
v 0.000820 0.246141 -0.281847
v 0.013832 0.246950 -0.271876
v 0.004133 0.240106 -0.259382
v -0.008411 0.239627 -0.269956
v 0.073489 0.237170 -0.383288
v 0.069527 0.243988 -0.374906
v 0.058822 0.243241 -0.380010
v 0.062784 0.236423 -0.388392
v 0.051790 0.241556 -0.397842
v 0.047722 0.248499 -0.389615
v 0.041871 0.259648 -0.402280
v 0.045833 0.252831 -0.410662
v -0.090833 0.230056 -0.198479
v -0.083630 0.230345 -0.189033
v -0.075784 0.235419 -0.195750
v -0.082987 0.235131 -0.205196
v -0.098759 0.242387 -0.218148
v -0.106762 0.237454 -0.211510
v -0.121926 0.254115 -0.217763
v -0.114079 0.259190 -0.224479
v -0.086931 0.205514 0.159481
v -0.204323 0.200747 -0.114631
v -0.221488 0.239807 -0.107959
v -0.104096 0.244573 0.166154
v 0.250517 0.131844 -0.549215
v 0.249241 0.022793 -0.531245
v 0.284916 0.023090 -0.530800
v 0.286192 0.132140 -0.548770
v 0.250517 0.131844 -0.549215
v 0.250012 0.140666 -0.514648
v 0.248737 0.031616 -0.496677
v 0.249241 0.022793 -0.531245
v 0.108389 0.150754 -0.118899
v 0.177070 0.234290 -0.206092
v 0.172060 0.141752 -0.199732
v 0.113398 0.243293 -0.125259
v 0.131566 0.282605 -0.148324
v 0.163402 0.278104 -0.188740
v 0.132447 0.278779 0.026068
v 0.099465 0.281664 0.053793
v -0.092654 0.276897 -0.174261
v -0.059672 0.274013 -0.201986
v -0.129392 0.285973 0.046853
v -0.194516 0.244255 -0.023060
v -0.167804 0.285973 -0.035517
v -0.156105 0.244255 0.059310
v -0.202276 0.146382 -0.019441
v -0.163865 0.146382 0.062929
v -0.275972 0.272976 -0.096304
v -0.258379 0.233560 -0.097597
v -0.225922 0.238326 0.198823
v -0.243515 0.277742 0.200116
v -0.189814 0.234177 -0.112846
v -0.195739 0.234019 -0.128152
v -0.187225 0.247491 -0.132033
v -0.180868 0.248332 -0.116924
v -0.225720 0.235991 0.087992
v -0.248231 0.284453 0.090379
v -0.257813 0.284453 -0.000000
v -0.235303 0.235991 -0.002387
v -0.234656 0.133288 0.088940
v -0.244238 0.133288 -0.001439
v -0.163865 0.146382 0.062929
v -0.063198 0.235287 0.015985
v -0.070959 0.137413 0.019604
v -0.156105 0.244255 0.059310
v -0.129392 0.285973 0.046853
v -0.082939 0.281488 0.025191
v -0.209965 0.215496 -0.169575
v -0.218696 0.222058 -0.165950
v -0.217760 0.217492 -0.155428
v -0.209029 0.210929 -0.159053
v 0.126811 -0.221014 -0.323439
v 0.141344 -0.221014 -0.360675
v 0.141344 -0.152036 -0.360675
v 0.127024 -0.152034 -0.323355
v -0.180613 -0.211144 0.093401
v -0.395979 -0.211144 0.138027
v -0.395979 0.220408 0.138027
v -0.179781 0.220408 0.093486
v 0.079417 -0.211144 -0.052672
v 0.079066 0.220408 -0.052598
v 0.254078 0.220408 -0.274975
v 0.254078 -0.211144 -0.274975
v 0.338549 0.220408 -0.523921
v 0.338549 -0.211144 -0.523921
v -0.331815 0.245325 0.099241
v -0.310861 0.289120 0.005624
v -0.301278 0.289120 0.096003
v -0.341398 0.245325 0.008862
v -0.350333 0.142622 0.009809
v -0.340751 0.142622 0.100188
v 0.336722 0.206028 -0.225616
v 0.065657 0.201261 -0.349882
v 0.057859 0.240809 -0.334389
v 0.328924 0.245575 -0.210123
v 0.339081 0.280358 -0.233613
v 0.068016 0.275591 -0.357880
v 0.085971 0.270827 -0.396863
v 0.357036 0.275594 -0.272597
v 0.312702 -0.080971 -0.536972
v 0.220822 -0.080971 -0.513492
v 0.220822 -0.080971 -0.536972
v 0.312702 -0.080971 -0.513492
v 0.081447 0.245796 0.069721
v 0.129394 0.204160 0.030199
v 0.096412 0.207044 0.057924
v 0.147412 0.240027 0.014271
v 0.132447 0.278779 0.026068
v 0.099465 0.281664 0.053793
v -0.341398 0.245325 0.008862
v -0.257813 0.284453 -0.000000
v -0.310861 0.289120 0.005624
v -0.235303 0.235991 -0.002387
v -0.244238 0.133288 -0.001439
v -0.350333 0.142622 0.009809
v -0.257813 0.284453 -0.000000
v -0.301278 0.289120 0.096003
v -0.310861 0.289120 0.005624
v -0.248231 0.284453 0.090379
v 0.085971 0.270827 -0.396863
v 0.083612 0.196497 -0.388866
v 0.093769 0.231280 -0.412356
v 0.068016 0.275591 -0.357880
v 0.057859 0.240809 -0.334389
v 0.065657 0.201261 -0.349882
v -0.183294 0.224666 -0.133319
v -0.176738 0.224349 -0.118275
v -0.167792 0.238505 -0.122353
v -0.174780 0.238138 -0.137200
v 0.126811 -0.221014 -0.323439
v 0.261912 -0.219453 -0.270509
v 0.276444 -0.219453 -0.307746
v 0.141344 -0.221014 -0.360675
v -0.441632 -0.014808 0.047717
v -0.441632 0.024072 0.047717
v -0.405554 0.024072 0.043750
v -0.405554 -0.014808 0.043750
v 0.068967 0.224443 -0.378434
v 0.072825 0.237655 -0.387356
v 0.067178 0.247373 -0.375409
v 0.063320 0.234161 -0.366487
v 0.070782 0.227901 -0.377028
v 0.073489 0.237170 -0.383288
v 0.062784 0.236423 -0.388392
v 0.060078 0.227154 -0.382132
v 0.043932 0.233629 -0.395038
v 0.051790 0.241556 -0.397842
v 0.035421 0.248037 -0.411685
v 0.045833 0.252831 -0.410662
v -0.414658 -0.100118 0.195429
v -0.294716 -0.100118 0.195429
v -0.307059 -0.100118 -0.030168
v -0.429340 -0.100118 -0.030168
v -0.183294 0.224666 -0.133319
v -0.195739 0.234019 -0.128152
v -0.189814 0.234177 -0.112846
v -0.176738 0.224349 -0.118275
v 0.357036 0.275594 -0.272597
v 0.085971 0.270827 -0.396863
v 0.093769 0.231280 -0.412356
v 0.364834 0.236046 -0.288090
v 0.134996 0.244441 -0.291215
v 0.169303 0.282121 -0.364374
v 0.147532 0.286608 -0.317946
v 0.178540 0.235469 -0.384070
v 0.174867 0.136593 -0.376238
v 0.131324 0.145566 -0.283382
v -0.289437 0.122140 -0.079796
v -0.287634 0.122140 -0.013383
v -0.438366 0.122140 -0.013383
v -0.438894 0.122140 -0.076563
v 0.010895 0.137285 -0.149514
v -0.060882 0.244303 -0.088051
v -0.067395 0.146303 -0.082475
v 0.017408 0.235285 -0.155090
v 0.000760 0.281556 -0.140835
v -0.038385 0.286065 -0.107316
v -0.286723 0.228149 -0.147213
v -0.279948 0.227716 -0.137921
v -0.278791 0.239162 -0.138231
v -0.285566 0.239594 -0.147524
v -0.109370 0.137413 -0.062766
v -0.194516 0.244255 -0.023060
v -0.202276 0.146382 -0.019441
v -0.101609 0.235287 -0.066385
v -0.121350 0.281488 -0.057179
v -0.167804 0.285973 -0.035517
v 0.312702 0.090234 -0.536972
v 0.312702 0.090234 -0.513492
v 0.312702 -0.080971 -0.513492
v 0.312702 -0.080971 -0.536972
v -0.441632 0.024072 0.047717
v -0.441632 -0.014808 0.047717
v -0.450857 -0.014808 -0.036192
v -0.450857 0.024072 -0.036192
v -0.063748 0.234338 -0.187411
v -0.074742 0.234266 -0.199598
v -0.085926 0.227033 -0.190025
v -0.075499 0.226738 -0.177353
v -0.438366 -0.112877 -0.013383
v -0.287634 -0.112877 -0.013383
v -0.289437 -0.112877 -0.079796
v -0.438894 -0.112877 -0.076563
v -0.063198 0.235287 0.015985
v -0.082939 0.281488 0.025191
v -0.121350 0.281488 -0.057179
v -0.101609 0.235287 -0.066385
v -0.070959 0.137413 0.019604
v -0.109370 0.137413 -0.062766
v -0.311335 0.247212 0.208033
v -0.293742 0.207795 0.206740
v -0.326199 0.203029 -0.089680
v -0.343792 0.242445 -0.088387
v 0.058822 0.243241 -0.380010
v 0.069527 0.243988 -0.374906
v 0.066820 0.234719 -0.368646
v 0.056115 0.233972 -0.373750
v 0.039864 0.240573 -0.386811
v 0.047722 0.248499 -0.389615
v 0.031459 0.254855 -0.403303
v 0.041871 0.259648 -0.402280
v -0.008411 0.239627 -0.269956
v -0.004191 0.224575 -0.274926
v 0.005040 0.231090 -0.286817
v 0.000820 0.246141 -0.281847
v -0.008411 0.239627 -0.269956
v 0.008566 0.224291 -0.264603
v -0.004191 0.224575 -0.274926
v 0.004133 0.240106 -0.259382
v 0.286192 0.132140 -0.548770
v 0.285687 0.140963 -0.514203
v 0.250012 0.140666 -0.514648
v 0.250517 0.131844 -0.549215
v -0.080426 0.248985 -0.195117
v -0.069720 0.249804 -0.182703
v -0.081472 0.242204 -0.172645
v -0.091611 0.241752 -0.185544
v 0.261912 -0.219453 -0.270509
v 0.262078 -0.148073 -0.270335
v 0.276444 -0.150475 -0.307746
v 0.276444 -0.219453 -0.307746
v -0.438894 -0.112877 -0.076563
v -0.438366 0.122140 -0.013383
v -0.438366 -0.112877 -0.013383
v -0.438894 0.122140 -0.076563
v -0.293742 0.207795 0.206740
v -0.225922 0.238326 0.198823
v -0.251035 0.203353 0.202136
v -0.286221 0.282185 0.204721
v -0.311335 0.247212 0.208033
v -0.243515 0.277742 0.200116
v 0.349263 0.126795 -0.536972
v 0.349263 -0.117532 -0.486359
v 0.349263 0.126795 -0.486359
v 0.349263 -0.117532 -0.536972
v -0.308032 0.232772 -0.098412
v -0.296651 0.231588 -0.099639
v -0.298330 0.230962 -0.111386
v -0.309711 0.232146 -0.110159
v -0.303537 0.230954 -0.130887
v -0.293228 0.229996 -0.125862
v -0.286723 0.228149 -0.147213
v -0.279948 0.227716 -0.137921
v 0.042002 0.243293 -0.181497
v 0.060170 0.282605 -0.204562
v 0.131566 0.282605 -0.148324
v 0.113398 0.243293 -0.125259
v 0.108389 0.150754 -0.118899
v 0.036992 0.150754 -0.175137
v -0.006104 0.275121 -0.260034
v 0.031608 0.230534 -0.306770
v 0.020498 0.270160 -0.293687
v -0.010488 0.200829 -0.252548
v 0.016115 0.195868 -0.286201
v -0.021598 0.240455 -0.239465
v -0.034701 0.212649 -0.306953
v -0.025391 0.207528 -0.302530
v -0.018915 0.212099 -0.310873
v -0.028224 0.217219 -0.315295
v 0.276444 -0.219453 -0.307746
v 0.141344 -0.152036 -0.360675
v 0.141344 -0.221014 -0.360675
v 0.276444 -0.150475 -0.307746
v -0.034701 0.212649 -0.306953
v -0.020512 0.221385 -0.291988
v -0.025391 0.207528 -0.302530
v -0.027785 0.230263 -0.292843
v -0.011323 0.227767 -0.281435
v -0.014283 0.238327 -0.277949
v -0.004605 0.238390 -0.271055
v -0.001644 0.227830 -0.274542
v 0.092006 0.278104 -0.244979
v 0.177070 0.234290 -0.206092
v 0.163402 0.278104 -0.188740
v 0.105674 0.234290 -0.262330
v 0.100664 0.141752 -0.255970
v 0.172060 0.141752 -0.199732
v -0.010488 0.200829 -0.252548
v 0.212671 0.245222 -0.054975
v 0.223781 0.205596 -0.068058
v -0.021598 0.240455 -0.239465
v 0.194974 -0.211144 -0.522408
v 0.254078 -0.211144 -0.274975
v 0.338549 -0.211144 -0.523921
v 0.145604 -0.211144 -0.338039
v 0.002291 -0.211144 -0.153804
v 0.079417 -0.211144 -0.052672
v -0.196738 -0.211144 -0.031315
v -0.180613 -0.211144 0.093401
v -0.400946 -0.211144 0.005132
v -0.395979 -0.211144 0.138027
v -0.318678 0.277418 -0.091699
v -0.275972 0.272976 -0.096304
v -0.243515 0.277742 0.200116
v -0.286221 0.282185 0.204721
v 0.068967 0.224443 -0.378434
v 0.063320 0.234161 -0.366487
v 0.077987 0.234334 -0.359123
v 0.083921 0.224124 -0.371676
v 0.005040 0.231090 -0.286817
v 0.013832 0.246950 -0.271876
v 0.000820 0.246141 -0.281847
v 0.018266 0.231135 -0.277097
v 0.059874 0.281556 -0.071801
v -0.038385 0.286065 -0.107316
v 0.000760 0.281556 -0.140835
v 0.020729 0.286065 -0.038281
v 0.338549 -0.211144 -0.523921
v 0.338549 0.220408 -0.523921
v 0.194974 0.220408 -0.522408
v 0.194974 -0.211144 -0.522408
v -0.060882 0.244303 -0.088051
v -0.038385 0.286065 -0.107316
v 0.020729 0.286065 -0.038281
v -0.001769 0.244303 -0.019017
v -0.067395 0.146303 -0.082475
v -0.008281 0.146303 -0.013440
v -0.020512 0.221385 -0.291988
v -0.018915 0.212099 -0.310873
v -0.025391 0.207528 -0.302530
v -0.014120 0.225805 -0.300475
v -0.004846 0.232337 -0.289778
v -0.011323 0.227767 -0.281435
v -0.001644 0.227830 -0.274542
v 0.004832 0.232400 -0.282884
v 0.081447 0.245796 0.069721
v 0.096412 0.207044 0.057924
v -0.095707 0.202277 -0.170130
v -0.110672 0.241029 -0.158333
v 0.132447 0.278779 0.026068
v -0.044707 0.235261 -0.213783
v 0.147412 0.240027 0.014271
v -0.059672 0.274013 -0.201986
v 0.057859 0.240809 -0.334389
v 0.068016 0.275591 -0.357880
v 0.339081 0.280358 -0.233613
v 0.328924 0.245575 -0.210123
v -0.059672 0.274013 -0.201986
v -0.062725 0.199393 -0.197855
v -0.044707 0.235261 -0.213783
v -0.095707 0.202277 -0.170130
v -0.110672 0.241029 -0.158333
v -0.092654 0.276897 -0.174261
v -0.278791 0.239162 -0.138231
v -0.291930 0.241420 -0.126347
v -0.285566 0.239594 -0.147524
v -0.302239 0.242379 -0.131372
v -0.297173 0.242407 -0.111697
v -0.308554 0.243591 -0.110470
v -0.306875 0.244217 -0.098723
v -0.295494 0.243034 -0.099950
v -0.309616 0.230444 -0.084003
v -0.310948 0.230553 -0.100362
v -0.309299 0.246867 -0.100805
v -0.307883 0.247585 -0.084468
v -0.293228 0.229996 -0.125862
v -0.278791 0.239162 -0.138231
v -0.279948 0.227716 -0.137921
v -0.291930 0.241420 -0.126347
v -0.297173 0.242407 -0.111697
v -0.298330 0.230962 -0.111386
v -0.296651 0.231588 -0.099639
v -0.295494 0.243034 -0.099950
v -0.289437 -0.112877 -0.079796
v -0.438894 0.122140 -0.076563
v -0.438894 -0.112877 -0.076563
v -0.289437 0.122140 -0.079796
v -0.079772 0.245746 -0.192606
v -0.087618 0.240672 -0.185890
v -0.094821 0.240383 -0.195336
v -0.086975 0.245458 -0.202052
v -0.098175 0.251264 -0.210848
v -0.106178 0.246331 -0.204210
v -0.117500 0.259438 -0.208570
v -0.109653 0.264512 -0.215286
v -0.293077 0.245179 -0.102554
v -0.292572 0.228671 -0.085841
v -0.290839 0.245812 -0.086306
v -0.294726 0.228866 -0.102111
v 0.220822 0.090234 -0.536972
v 0.312702 0.090234 -0.513492
v 0.312702 0.090234 -0.536972
v 0.220822 0.090234 -0.513492
v -0.293077 0.245179 -0.102554
v -0.310948 0.230553 -0.100362
v -0.294726 0.228866 -0.102111
v -0.309299 0.246867 -0.100805
v -0.429340 -0.100118 -0.030168
v -0.429340 0.109381 -0.030168
v -0.414658 0.109381 0.195429
v -0.414658 -0.100118 0.195429
v 0.251591 0.282121 -0.325786
v 0.147532 0.286608 -0.317946
v 0.169303 0.282121 -0.364374
v 0.229819 0.286608 -0.279359
v -0.283492 0.198586 -0.094285
v -0.343792 0.242445 -0.088387
v -0.326199 0.203029 -0.089680
v -0.258379 0.233560 -0.097597
v -0.275972 0.272976 -0.096304
v -0.318678 0.277418 -0.091699
v -0.104096 0.244573 0.166154
v -0.199072 0.275274 -0.118175
v -0.081681 0.280041 0.155937
v -0.221488 0.239807 -0.107959
v -0.414779 -0.014808 -0.040159
v -0.414779 0.024072 -0.040159
v -0.450857 0.024072 -0.036192
v -0.450857 -0.014808 -0.036192
v -0.081681 0.280041 0.155937
v -0.086931 0.205514 0.159481
v -0.104096 0.244573 0.166154
v -0.047349 0.201922 0.142593
v -0.024934 0.237390 0.132376
v -0.042099 0.276449 0.139048
v -0.187833 0.228471 -0.141862
v -0.182979 0.228108 -0.131022
v -0.177006 0.237560 -0.133745
v -0.181859 0.237923 -0.144585
v -0.194242 0.230543 -0.161030
v -0.196946 0.222655 -0.153097
v -0.209965 0.215496 -0.169575
v -0.209029 0.210929 -0.159053
v 0.228835 0.241461 -0.288666
v 0.021670 0.241461 -0.132073
v 0.171468 0.241461 -0.325204
v 0.060284 0.241461 -0.074498
v -0.186849 0.241461 -0.004116
v -0.189833 0.241461 0.066658
v -0.324704 0.241461 0.020348
v -0.311173 0.241461 0.091657
v 0.328924 0.245575 -0.210123
v 0.354677 0.201264 -0.264599
v 0.336722 0.206028 -0.225616
v 0.357036 0.275594 -0.272597
v 0.339081 0.280358 -0.233613
v 0.364834 0.236046 -0.288090
v 0.081447 0.245796 0.069721
v -0.110672 0.241029 -0.158333
v -0.092654 0.276897 -0.174261
v 0.099465 0.281664 0.053793
v -0.450857 -0.014808 -0.036192
v -0.441632 -0.014808 0.047717
v -0.405554 -0.014808 0.043750
v -0.414779 -0.014808 -0.040159
v 0.016115 0.195868 -0.286201
v 0.265877 0.235300 -0.122280
v 0.031608 0.230534 -0.306770
v 0.250384 0.200635 -0.101711
v -0.047349 0.201922 0.142593
v -0.024934 0.237390 0.132376
v -0.142325 0.232623 -0.141736
v -0.164741 0.197155 -0.131519
v -0.197079 0.220408 -0.031047
v -0.400946 0.220408 0.005132
v -0.400946 -0.211144 0.005132
v -0.196738 -0.211144 -0.031315
v 0.002468 0.220408 -0.153497
v 0.002291 -0.211144 -0.153804
v 0.145604 0.220408 -0.338039
v 0.145604 -0.211144 -0.338039
v 0.194974 -0.211144 -0.522408
v 0.194974 0.220408 -0.522408
v 0.312702 0.090234 -0.536972
v 0.349263 -0.117532 -0.536972
v 0.349263 0.126795 -0.536972
v 0.184261 0.126795 -0.536972
v 0.312702 -0.080971 -0.536972
v 0.220822 0.090234 -0.536972
v 0.184261 -0.117532 -0.536972
v 0.220822 -0.080971 -0.536972
vt 0.0205552075 0.00378508586
vt 0.0205552075 0.00378508586
vt 0.0205552075 0.00378508586
vt 0.0205552075 0.00378508586
vt 0.0205552075 0.00378508586
vt 0.0205552075 0.00378508586
vt 0.219327241 0.520224452
vt 0.219325393 0.520224452
vt 0.219325393 0.520235598
vt 0.219327241 0.520235598
vt 0.0205552075 0.00378508586
vt 0.0205552075 0.00378508586
vt 0.0205552075 0.00378508586
vt 0.0205552075 0.00378508586
vt 0.0205552075 0.00378508586
vt 0.0205552075 0.00378508586
vt 0.0117185116 0.0117189884
vt 0.0117189884 0.0117189884
vt 0.0117189884 0.0117185116
vt 0.0117185116 0.0117185116
vt 0.00390625 0.01171875
vt 0.00390625 0.01171875
vt 0.00390625 0.01171875
vt 0.00390625 0.01171875
vt 0.00390625 0.01171875
vt 0.00390625 0.01171875
vt 0.00390625 0.01171875
vt 0.00390625 0.01171875
vt 0.0205552075 0.00378508586
vt 0.0205552075 0.00378508586
vt 0.0205552075 0.00378508586
vt 0.0205552075 0.00378508586
vt 0.0205552075 0.00378508586
vt 0.0205552075 0.00378508586
vt 0.00390625 0.01171875
vt 0.00390625 0.01171875
vt 0.00390625 0.01171875
vt 0.00390625 0.01171875
vt 0.00390625 0.01171875
vt 0.00390625 0.01171875
vt 0.00390625 0.01171875
vt 0.00390625 0.01171875
vt 0.00390625 0.01171875
vt 0.00390625 0.01171875
vt 0.00390625 0.01171875
vt 0.00390625 0.01171875
vt 0.0205552075 0.00378508586
vt 0.0205552075 0.00378508586
vt 0.0205552075 0.00378508586
vt 0.0205552075 0.00378508586
vt 0.0205552075 0.00378508586
vt 0.0205552075 0.00378508586
vt 0.0511999056 0.0118783787
vt 0.0511999056 0.0118783787
vt 0.0511999056 0.0118783787
vt 0.0511999056 0.0118783787
vt 0.219332069 0.520225227
vt 0.219332069 0.520225227
vt 0.219332069 0.520225227
vt 0.219332069 0.520225227
vt 0.219332069 0.520225227
vt 0.219332069 0.520225227
vt 0.219327241 0.520235598
vt 0.219329089 0.520235598
vt 0.219329089 0.520224452
vt 0.219327241 0.520224452
vt 0.0117185116 0.0117189884
vt 0.0117189884 0.0117189884
vt 0.0117189884 0.0117185116
vt 0.0117185116 0.0117185116
vt 0.0196571052 0.0122879781
vt 0.0196571052 0.0122879781
vt 0.0196571052 0.0122879781
vt 0.0196571052 0.0122879781
vt 0.0253199171 0.00256370287
vt 0.0253199171 0.00256370287
vt 0.0253199171 0.00256370287
vt 0.0253199171 0.00256370287
vt 0.0253199171 0.00256370287
vt 0.0253199171 0.00256370287
vt 0.0253199171 0.00256370287
vt 0.0253199171 0.00256370287
vt 0.0117189884 0.0117189884
vt 0.0117189884 0.0117185116
vt 0.0117185116 0.0117185116
vt 0.0117185116 0.0117189884
vt 0.0117189884 0.0117189884
vt 0.0117189884 0.0117185116
vt 0.0117185116 0.0117185116
vt 0.0117185116 0.0117189884
vt 0.0515010245 0.00348159391
vt 0.0515010245 0.00348159391
vt 0.0515010245 0.00348159391
vt 0.0515010245 0.00348159391
vt 0.0117189884 0.0117185116
vt 0.0117185116 0.0117185116
vt 0.0117185116 0.0117189884
vt 0.0117189884 0.0117189884
vt 0.0261078905 0.00454703718
vt 0.0261078905 0.00454703718
vt 0.0261078905 0.00454703718
vt 0.0261078905 0.00454703718
vt 0.0515010245 0.00348159391
vt 0.0515010245 0.00348159391
vt 0.0515010245 0.00348159391
vt 0.0515010245 0.00348159391
vt 0.0117189884 0.0117185116
vt 0.0117185116 0.0117185116
vt 0.0117185116 0.0117189884
vt 0.0117189884 0.0117189884
vt 0.0515010245 0.00348159391
vt 0.0515010245 0.00348159391
vt 0.0515010245 0.00348159391
vt 0.0515010245 0.00348159391
vt 0.219329089 0.520224452
vt 0.219327241 0.520224452
vt 0.219327241 0.520235598
vt 0.219329089 0.520235598
vt 0.00390625 0.01171875
vt 0.00390625 0.01171875
vt 0.00390625 0.01171875
vt 0.00390625 0.01171875
vt 0.219327241 0.520224452
vt 0.219327241 0.520235598
vt 0.219329089 0.520235598
vt 0.219329089 0.520224452
vt 0.0117185116 0.0117185116
vt 0.0117185116 0.0117189884
vt 0.0117189884 0.0117189884
vt 0.0117189884 0.0117185116
vt 0.0117185116 0.0117185116
vt 0.0117185116 0.0117189884
vt 0.0117189884 0.0117189884
vt 0.0117189884 0.0117185116
vt 0.0253199171 0.00256370287
vt 0.0253199171 0.00256370287
vt 0.0253199171 0.00256370287
vt 0.0253199171 0.00256370287
vt 0.0253199171 0.00256370287
vt 0.0253199171 0.00256370287
vt 0.0253199171 0.00256370287
vt 0.0253199171 0.00256370287
vt 0.00390625 0.01171875
vt 0.00390625 0.01171875
vt 0.00390625 0.01171875
vt 0.00390625 0.01171875
vt 0.00390625 0.01171875
vt 0.00390625 0.01171875
vt 0.00390625 0.01171875
vt 0.00390625 0.01171875
vt 0.00390625 0.01171875
vt 0.00390625 0.01171875
vt 0.00390625 0.01171875
vt 0.00390625 0.01171875
vt 0.00390625 0.01171875
vt 0.00390625 0.01171875
vt 0.00390625 0.01171875
vt 0.00390625 0.01171875
vt 0.066261217 0.00383430207
vt 0.066261217 0.00383430207
vt 0.066261217 0.00383430207
vt 0.066261217 0.00383430207
vt 0.0266239531 0.0122879781
vt 0.0266239531 0.0122879781
vt 0.0266239531 0.0122879781
vt 0.0266239531 0.0122879781
vt 0.0205552075 0.00378508586
vt 0.0205552075 0.00378508586
vt 0.0205552075 0.00378508586
vt 0.0205552075 0.00378508586
vt 0.00390625 0.01171875
vt 0.00390625 0.01171875
vt 0.00390625 0.01171875
vt 0.00390625 0.01171875
vt 0.00390625 0.01171875
vt 0.00390625 0.01171875
vt 0.00390625 0.01171875
vt 0.00390625 0.01171875
vt 0.00390625 0.01171875
vt 0.00390625 0.01171875
vt 0.00390625 0.01171875
vt 0.00390625 0.01171875
vt 0.00390625 0.01171875
vt 0.00390625 0.01171875
vt 0.00390625 0.01171875
vt 0.00390625 0.01171875
vt 0.00390625 0.01171875
vt 0.00390625 0.01171875
vt 0.00390625 0.01171875
vt 0.00390625 0.01171875
vt 0.00390625 0.01171875
vt 0.00390625 0.01171875
vt 0.00390625 0.01171875
vt 0.00390625 0.01171875
vt 0.21933201 0.520225525
vt 0.21933201 0.520225525
vt 0.21933201 0.520225525
vt 0.21933201 0.520225525
vt 0.0205552075 0.00378508586
vt 0.0205552075 0.00378508586
vt 0.0205552075 0.00378508586
vt 0.0205552075 0.00378508586
vt 0.0205552075 0.00378508586
vt 0.0205552075 0.00378508586
vt 0.0117185116 0.0117189884
vt 0.0117189884 0.0117189884
vt 0.0117189884 0.0117185116
vt 0.0117185116 0.0117185116
vt 0.0515010245 0.00348159391
vt 0.0515010245 0.00348159391
vt 0.0515010245 0.00348159391
vt 0.0515010245 0.00348159391
vt 0.0196571052 0.0122879781
vt 0.0196571052 0.0122879781
vt 0.0196571052 0.0122879781
vt 0.0196571052 0.0122879781
vt 0.126025379 0.584270358
vt 0.858349562 0.58427
vt 0.858349562 0.47822988
vt 0.126025438 0.478229761
vt 0.0667646751 0.00389119331
vt 0.0667646751 0.00389119331
vt 0.0667646751 0.00389119331
vt 0.0667646751 0.00389119331
vt 0.0117185116 0.0117189884
vt 0.0117189884 0.0117189884
vt 0.0117189884 0.0117185116
vt 0.0117185116 0.0117185116
vt 0.0205552075 0.00378508586
vt 0.0205552075 0.00378508586
vt 0.0205552075 0.00378508586
vt 0.0205552075 0.00378508586
vt 0.0205552075 0.00378508586
vt 0.0205552075 0.00378508586
vt 0.219332069 0.520225227
vt 0.219332069 0.520225227
vt 0.219332069 0.520225227
vt 0.219332069 0.520225227
vt 0.219332069 0.520225227
vt 0.219332069 0.520225227
vt 0.858349562 0.47822988
vt 0.126025438 0.478229761
vt 0.126025379 0.584270358
vt 0.858349562 0.58427
vt 0.0511999056 0.0118783787
vt 0.0511999056 0.0118783787
vt 0.0511999056 0.0118783787
vt 0.0511999056 0.0118783787
vt 0.0117189884 0.0117185116
vt 0.0117185116 0.0117189884
vt 0.0117189884 0.0117189884
vt 0.0117185116 0.0117185116
vt 0.00390625 0.01171875
vt 0.00390625 0.01171875
vt 0.00390625 0.01171875
vt 0.00390625 0.01171875
vt 0.00390625 0.01171875
vt 0.00390625 0.01171875
vt 0.00390625 0.01171875
vt 0.00390625 0.01171875
vt 0.0205552075 0.00378508586
vt 0.0205552075 0.00378508586
vt 0.0205552075 0.00378508586
vt 0.0205552075 0.00378508586
vt 0.0205552075 0.00378508586
vt 0.0205552075 0.00378508586
vt 0.0205552075 0.00378508586
vt 0.0205552075 0.00378508586
vt 0.0205552075 0.00378508586
vt 0.0205552075 0.00378508586
vt 0.0266239531 0.0122879781
vt 0.0266239531 0.0122879781
vt 0.0266239531 0.0122879781
vt 0.0266239531 0.0122879781
vt 0.0266239531 0.0122879781
vt 0.0266239531 0.0122879781
vt 0.0266239531 0.0122879781
vt 0.0266239531 0.0122879781
vt 0.0266239531 0.0122879781
vt 0.0266239531 0.0122879781
vt 0.858349562 0.58427
vt 0.126025438 0.478229761
vt 0.126025379 0.584270358
vt 0.858349562 0.47822988
vt 0.00390625 0.01171875
vt 0.00390625 0.01171875
vt 0.00390625 0.01171875
vt 0.00390625 0.01171875
vt 0.00390625 0.01171875
vt 0.00390625 0.01171875
vt 0.00390625 0.01171875
vt 0.00390625 0.01171875
vt 0.219332725 0.520224452
vt 0.219330877 0.520224452
vt 0.219330877 0.520235598
vt 0.219332725 0.520235598
vt 0.0117189884 0.0117185116
vt 0.0117185116 0.0117185116
vt 0.0117185116 0.0117189884
vt 0.0117189884 0.0117189884
vt 0.00390625 0.01171875
vt 0.00390625 0.01171875
vt 0.00390625 0.01171875
vt 0.00390625 0.01171875
vt 0.00390625 0.01171875
vt 0.00390625 0.01171875
vt 0.00390625 0.01171875
vt 0.00390625 0.01171875
vt 0.00390625 0.01171875
vt 0.00390625 0.01171875
vt 0.00390625 0.01171875
vt 0.00390625 0.01171875
vt 0.00390625 0.01171875
vt 0.00390625 0.01171875
vt 0.00390625 0.01171875
vt 0.00390625 0.01171875
vt 0.21933201 0.520225525
vt 0.21933201 0.520225525
vt 0.21933201 0.520225525
vt 0.21933201 0.520225525
vt 0.0511999056 0.0118783787
vt 0.0511999056 0.0118783787
vt 0.0511999056 0.0118783787
vt 0.0511999056 0.0118783787
vt 0.0511999056 0.0118783787
vt 0.0511999056 0.0118783787
vt 0.0511999056 0.0118783787
vt 0.0511999056 0.0118783787
vt 0.0205552075 0.00378508586
vt 0.0205552075 0.00378508586
vt 0.0205552075 0.00378508586
vt 0.0205552075 0.00378508586
vt 0.0205552075 0.00378508586
vt 0.0205552075 0.00378508586
vt 0.21933201 0.520225525
vt 0.21933201 0.520225525
vt 0.21933201 0.520225525
vt 0.21933201 0.520225525
vt 0.0205552075 0.00378508586
vt 0.0205552075 0.00378508586
vt 0.0205552075 0.00378508586
vt 0.0205552075 0.00378508586
vt 0.0205552075 0.00378508586
vt 0.0205552075 0.00378508586
vt 0.21933201 0.520225525
vt 0.21933201 0.520225525
vt 0.21933201 0.520225525
vt 0.21933201 0.520225525
vt 0.0117185116 0.0117189884
vt 0.0117189884 0.0117189884
vt 0.0117189884 0.0117185116
vt 0.0117185116 0.0117185116
vt 0.0205552075 0.00378508586
vt 0.0205552075 0.00378508586
vt 0.0205552075 0.00378508586
vt 0.0205552075 0.00378508586
vt 0.0205552075 0.00378508586
vt 0.0205552075 0.00378508586
vt 0.0205552075 0.00378508586
vt 0.0205552075 0.00378508586
vt 0.0205552075 0.00378508586
vt 0.0205552075 0.00378508586
vt 0.0205552075 0.00378508586
vt 0.0205552075 0.00378508586
vt 0.00390625 0.01171875
vt 0.00390625 0.01171875
vt 0.00390625 0.01171875
vt 0.00390625 0.01171875
vt 0.0667646751 0.00389119331
vt 0.0667646751 0.00389119331
vt 0.0667646751 0.00389119331
vt 0.0667646751 0.00389119331
vt 0.0266239531 0.0122879781
vt 0.0266239531 0.0122879781
vt 0.0266239531 0.0122879781
vt 0.0266239531 0.0122879781
vt 0.0266239531 0.0122879781
vt 0.0266239531 0.0122879781
vt 0.0266239531 0.0122879781
vt 0.0266239531 0.0122879781
vt 0.0266239531 0.0122879781
vt 0.0266239531 0.0122879781
vt 0.0205552075 0.00378508586
vt 0.0205552075 0.00378508586
vt 0.0205552075 0.00378508586
vt 0.0205552075 0.00378508586
vt 0.0205552075 0.00378508586
vt 0.0205552075 0.00378508586
vt 0.126025379 0.584270358
vt 0.858349562 0.58427
vt 0.858349562 0.47822988
vt 0.126025438 0.478229761
vt 0.21933201 0.520225525
vt 0.21933201 0.520225525
vt 0.21933201 0.520225525
vt 0.21933201 0.520225525
vt 0.0515010245 0.00348159391
vt 0.0515010245 0.00348159391
vt 0.0515010245 0.00348159391
vt 0.0515010245 0.00348159391
vt 0.219332069 0.520225227
vt 0.219332069 0.520225227
vt 0.219332069 0.520225227
vt 0.219332069 0.520225227
vt 0.219332069 0.520225227
vt 0.219332069 0.520225227
vt 0.0205552075 0.00378508586
vt 0.0205552075 0.00378508586
vt 0.0205552075 0.00378508586
vt 0.0205552075 0.00378508586
vt 0.0205552075 0.00378508586
vt 0.0205552075 0.00378508586
vt 0.0205552075 0.00378508586
vt 0.0205552075 0.00378508586
vt 0.0205552075 0.00378508586
vt 0.0205552075 0.00378508586
vt 0.219332069 0.520225227
vt 0.219332069 0.520225227
vt 0.219332069 0.520225227
vt 0.219332069 0.520225227
vt 0.219332069 0.520225227
vt 0.219332069 0.520225227
vt 0.0117189884 0.0117185116
vt 0.0117185116 0.0117185116
vt 0.0117185116 0.0117189884
vt 0.0117189884 0.0117189884
vt 0.0667646751 0.00389119331
vt 0.0667646751 0.00389119331
vt 0.0667646751 0.00389119331
vt 0.0667646751 0.00389119331
vt 0.066261217 0.00383430207
vt 0.066261217 0.00383430207
vt 0.066261217 0.00383430207
vt 0.066261217 0.00383430207
vt 0.0117189884 0.0117189884
vt 0.0117189884 0.0117185116
vt 0.0117185116 0.0117185116
vt 0.0117185116 0.0117189884
vt 0.00390625 0.01171875
vt 0.00390625 0.01171875
vt 0.00390625 0.01171875
vt 0.00390625 0.01171875
vt 0.00390625 0.01171875
vt 0.00390625 0.01171875
vt 0.00390625 0.01171875
vt 0.00390625 0.01171875
vt 0.0196571052 0.0122879781
vt 0.0196571052 0.0122879781
vt 0.0196571052 0.0122879781
vt 0.0196571052 0.0122879781
vt 0.0117189884 0.0117189884
vt 0.0117189884 0.0117185116
vt 0.0117185116 0.0117185116
vt 0.0117185116 0.0117189884
vt 0.21933201 0.520225525
vt 0.21933201 0.520225525
vt 0.21933201 0.520225525
vt 0.21933201 0.520225525
vt 0.0205552075 0.00378508586
vt 0.0205552075 0.00378508586
vt 0.0205552075 0.00378508586
vt 0.0205552075 0.00378508586
vt 0.0205552075 0.00378508586
vt 0.0205552075 0.00378508586
vt 0.0261078905 0.00454703718
vt 0.0261078905 0.00454703718
vt 0.0261078905 0.00454703718
vt 0.0261078905 0.00454703718
vt 0.0205552075 0.00378508586
vt 0.0205552075 0.00378508586
vt 0.0205552075 0.00378508586
vt 0.0205552075 0.00378508586
vt 0.0205552075 0.00378508586
vt 0.0205552075 0.00378508586
vt 0.00390625 0.01171875
vt 0.00390625 0.01171875
vt 0.00390625 0.01171875
vt 0.00390625 0.01171875
vt 0.0205552075 0.00378508586
vt 0.0205552075 0.00378508586
vt 0.0205552075 0.00378508586
vt 0.0205552075 0.00378508586
vt 0.0205552075 0.00378508586
vt 0.0205552075 0.00378508586
vt 0.0515010245 0.00348159391
vt 0.0515010245 0.00348159391
vt 0.0515010245 0.00348159391
vt 0.0515010245 0.00348159391
vt 0.066261217 0.00383430207
vt 0.066261217 0.00383430207
vt 0.066261217 0.00383430207
vt 0.066261217 0.00383430207
vt 0.0117185116 0.0117189884
vt 0.0117189884 0.0117189884
vt 0.0117189884 0.0117185116
vt 0.0117185116 0.0117185116
vt 0.0261078905 0.00454703718
vt 0.0261078905 0.00454703718
vt 0.0261078905 0.00454703718
vt 0.0261078905 0.00454703718
vt 0.0205552075 0.00378508586
vt 0.0205552075 0.00378508586
vt 0.0205552075 0.00378508586
vt 0.0205552075 0.00378508586
vt 0.0205552075 0.00378508586
vt 0.0205552075 0.00378508586
vt 0.219329089 0.520224452
vt 0.219327241 0.520224452
vt 0.219327241 0.520235598
vt 0.219329089 0.520235598
vt 0.00390625 0.01171875
vt 0.00390625 0.01171875
vt 0.00390625 0.01171875
vt 0.00390625 0.01171875
vt 0.00390625 0.01171875
vt 0.00390625 0.01171875
vt 0.00390625 0.01171875
vt 0.00390625 0.01171875
vt 0.0117189884 0.0117189884
vt 0.0117189884 0.0117185116
vt 0.0117185116 0.0117185116
vt 0.0117185116 0.0117189884
vt 0.0117189884 0.0117185116
vt 0.0117185116 0.0117189884
vt 0.0117189884 0.0117189884
vt 0.0117185116 0.0117185116
vt 0.0511999056 0.0118783787
vt 0.0511999056 0.0118783787
vt 0.0511999056 0.0118783787
vt 0.0511999056 0.0118783787
vt 0.0117189884 0.0117185116
vt 0.0117185116 0.0117185116
vt 0.0117185116 0.0117189884
vt 0.0117189884 0.0117189884
vt 0.0667646751 0.00389119331
vt 0.0667646751 0.00389119331
vt 0.0667646751 0.00389119331
vt 0.0667646751 0.00389119331
vt 0.0261078905 0.00454703718
vt 0.0261078905 0.00454703718
vt 0.0261078905 0.00454703718
vt 0.0261078905 0.00454703718
vt 0.219332069 0.520225227
vt 0.219332069 0.520225227
vt 0.219332069 0.520225227
vt 0.219332069 0.520225227
vt 0.219332069 0.520225227
vt 0.219332069 0.520225227
vt 0.0515010245 0.00348159391
vt 0.0515010245 0.00348159391
vt 0.0515010245 0.00348159391
vt 0.0515010245 0.00348159391
vt 0.00390625 0.01171875
vt 0.00390625 0.01171875
vt 0.00390625 0.01171875
vt 0.00390625 0.01171875
vt 0.00390625 0.01171875
vt 0.00390625 0.01171875
vt 0.00390625 0.01171875
vt 0.00390625 0.01171875
vt 0.0205552075 0.00378508586
vt 0.0205552075 0.00378508586
vt 0.0205552075 0.00378508586
vt 0.0205552075 0.00378508586
vt 0.0205552075 0.00378508586
vt 0.0205552075 0.00378508586
vt 0.219332069 0.520225227
vt 0.219332069 0.520225227
vt 0.219332069 0.520225227
vt 0.219332069 0.520225227
vt 0.219332069 0.520225227
vt 0.219332069 0.520225227
vt 0.00390625 0.01171875
vt 0.00390625 0.01171875
vt 0.00390625 0.01171875
vt 0.00390625 0.01171875
vt 0.0667646751 0.00389119331
vt 0.0667646751 0.00389119331
vt 0.0667646751 0.00389119331
vt 0.0667646751 0.00389119331
vt 0.00390625 0.01171875
vt 0.00390625 0.01171875
vt 0.00390625 0.01171875
vt 0.00390625 0.01171875
vt 0.00390625 0.01171875
vt 0.00390625 0.01171875
vt 0.00390625 0.01171875
vt 0.00390625 0.01171875
vt 0.0205552075 0.00378508586
vt 0.0205552075 0.00378508586
vt 0.0205552075 0.00378508586
vt 0.0205552075 0.00378508586
vt 0.0205552075 0.00378508586
vt 0.0205552075 0.00378508586
vt 0.219325393 0.520235598
vt 0.219327241 0.520224452
vt 0.219325393 0.520224452
vt 0.219327241 0.520235598
vt 0.0266239531 0.0122879781
vt 0.0266239531 0.0122879781
vt 0.0266239531 0.0122879781
vt 0.0266239531 0.0122879781
vt 0.0266239531 0.0122879781
vt 0.0266239531 0.0122879781
vt 0.0266239531 0.0122879781
vt 0.0266239531 0.0122879781
vt 0.0266239531 0.0122879781
vt 0.0266239531 0.0122879781
vt 0.219330877 0.520235598
vt 0.219332725 0.520235598
vt 0.219332725 0.520224452
vt 0.219330877 0.520224452
vt 0.0117189884 0.0117189884
vt 0.0117189884 0.0117185116
vt 0.0117185116 0.0117185116
vt 0.0117185116 0.0117189884
vt 0.0117189884 0.0117185116
vt 0.0117185116 0.0117189884
vt 0.0117189884 0.0117189884
vt 0.0117185116 0.0117185116
vt 0.0205552075 0.00378508586
vt 0.0205552075 0.00378508586
vt 0.0205552075 0.00378508586
vt 0.0205552075 0.00378508586
vt 0.0266239531 0.0122879781
vt 0.0266239531 0.0122879781
vt 0.0266239531 0.0122879781
vt 0.0266239531 0.0122879781
vt 0.0205552075 0.00378508586
vt 0.0205552075 0.00378508586
vt 0.0205552075 0.00378508586
vt 0.0205552075 0.00378508586
vt 0.0205552075 0.00378508586
vt 0.0205552075 0.00378508586
vt 0.00390625 0.01171875
vt 0.00390625 0.01171875
vt 0.00390625 0.01171875
vt 0.00390625 0.01171875
vt 0.00390625 0.01171875
vt 0.00390625 0.01171875
vt 0.00390625 0.01171875
vt 0.00390625 0.01171875
vt 0.219332725 0.520224452
vt 0.219330877 0.520224452
vt 0.219330877 0.520235598
vt 0.219332725 0.520235598
vt 0.219325393 0.520224452
vt 0.219327241 0.520235598
vt 0.219327241 0.520224452
vt 0.219325393 0.520235598
vt 0.219330877 0.520235598
vt 0.219332725 0.520235598
vt 0.219332725 0.520224452
vt 0.219330877 0.520224452
vt 0.219332069 0.520225227
vt 0.219332069 0.520225227
vt 0.219332069 0.520225227
vt 0.219332069 0.520225227
vt 0.219332069 0.520225227
vt 0.219332069 0.520225227
vt 0.00390625 0.01171875
vt 0.00390625 0.01171875
vt 0.00390625 0.01171875
vt 0.00390625 0.01171875
vt 0.00390625 0.01171875
vt 0.00390625 0.01171875
vt 0.00390625 0.01171875
vt 0.00390625 0.01171875
vt 0.0117185116 0.0117189884
vt 0.0117189884 0.0117189884
vt 0.0117189884 0.0117185116
vt 0.0117185116 0.0117185116
vt 0.00390625 0.01171875
vt 0.00390625 0.01171875
vt 0.00390625 0.01171875
vt 0.00390625 0.01171875
vt 0.00390625 0.01171875
vt 0.00390625 0.01171875
vt 0.00390625 0.01171875
vt 0.00390625 0.01171875
vt 0.0261078905 0.00454703718
vt 0.0261078905 0.00454703718
vt 0.0261078905 0.00454703718
vt 0.0261078905 0.00454703718
vt 0.00390625 0.01171875
vt 0.00390625 0.01171875
vt 0.00390625 0.01171875
vt 0.00390625 0.01171875
vt 0.00390625 0.01171875
vt 0.00390625 0.01171875
vt 0.00390625 0.01171875
vt 0.00390625 0.01171875
vt 0.0117189884 0.0117189884
vt 0.0117185116 0.0117185116
vt 0.0117185116 0.0117189884
vt 0.0117189884 0.0117185116
vt 0.0515010245 0.00348159391
vt 0.0515010245 0.00348159391
vt 0.0515010245 0.00348159391
vt 0.0515010245 0.00348159391
vt 0.0117185116 0.0117185116
vt 0.0117189884 0.0117189884
vt 0.0117189884 0.0117185116
vt 0.0117185116 0.0117189884
vt 0.0196571052 0.0122879781
vt 0.0196571052 0.0122879781
vt 0.0196571052 0.0122879781
vt 0.0196571052 0.0122879781
vt 0.0205552075 0.00378508586
vt 0.0205552075 0.00378508586
vt 0.0205552075 0.00378508586
vt 0.0205552075 0.00378508586
vt 0.219332069 0.520225227
vt 0.219332069 0.520225227
vt 0.219332069 0.520225227
vt 0.219332069 0.520225227
vt 0.219332069 0.520225227
vt 0.219332069 0.520225227
vt 0.219325393 0.520224452
vt 0.219327241 0.520235598
vt 0.219327241 0.520224452
vt 0.219325393 0.520235598
vt 0.066261217 0.00383430207
vt 0.066261217 0.00383430207
vt 0.066261217 0.00383430207
vt 0.066261217 0.00383430207
vt 0.219332069 0.520225227
vt 0.219332069 0.520225227
vt 0.219332069 0.520225227
vt 0.219332069 0.520225227
vt 0.219332069 0.520225227
vt 0.219332069 0.520225227
vt 0.00390625 0.01171875
vt 0.00390625 0.01171875
vt 0.00390625 0.01171875
vt 0.00390625 0.01171875
vt 0.00390625 0.01171875
vt 0.00390625 0.01171875
vt 0.00390625 0.01171875
vt 0.00390625 0.01171875
vt 0.0253199171 0.00256370287
vt 0.0253199171 0.00256370287
vt 0.0253199171 0.00256370287
vt 0.0253199171 0.00256370287
vt 0.0253199171 0.00256370287
vt 0.0253199171 0.00256370287
vt 0.0253199171 0.00256370287
vt 0.0253199171 0.00256370287
vt 0.219332069 0.520225227
vt 0.219332069 0.520225227
vt 0.219332069 0.520225227
vt 0.219332069 0.520225227
vt 0.219332069 0.520225227
vt 0.219332069 0.520225227
vt 0.21933201 0.520225525
vt 0.21933201 0.520225525
vt 0.21933201 0.520225525
vt 0.21933201 0.520225525
vt 0.066261217 0.00383430207
vt 0.066261217 0.00383430207
vt 0.066261217 0.00383430207
vt 0.066261217 0.00383430207
vt 0.21933201 0.520225525
vt 0.21933201 0.520225525
vt 0.21933201 0.520225525
vt 0.21933201 0.520225525
vt 0.219332725 0.520224452
vt 0.219330877 0.520224452
vt 0.219330877 0.520235598
vt 0.219332725 0.520235598
vt 0.0266239531 0.0122879781
vt 0.0266239531 0.0122879781
vt 0.0266239531 0.0122879781
vt 0.0266239531 0.0122879781
vt 0.0266239531 0.0122879781
vt 0.0266239531 0.0122879781
vt 0.0266239531 0.0122879781
vt 0.0266239531 0.0122879781
vt 0.0266239531 0.0122879781
vt 0.0266239531 0.0122879781
vt 0.0515010245 0.00348159391
vt 0.0515010245 0.00348159391
vt 0.0515010245 0.00348159391
vt 0.0515010245 0.00348159391
vt 0.0515010245 0.00348159391
vt 0.0515010245 0.00348159391
vt 0.0515010245 0.00348159391
vt 0.0515010245 0.00348159391
vn 0.409905 0.260567 -0.874118
vn 0.384793 0.422613 -0.820568
vn 0.384793 0.422613 -0.820568
vn 0.423022 0.085347 -0.902091
vn 0.422956 -0.087155 -0.901949
vn 0.422956 -0.087155 -0.901949
vn 0.344314 -0.592431 -0.728336
vn 0.344314 -0.592431 -0.728336
vn 0.344314 -0.592431 -0.728336
vn 0.344314 -0.592432 -0.728336
vn -0.410303 0.257065 0.874968
vn -0.422956 0.087156 0.901949
vn -0.422956 0.087156 0.901949
vn -0.384467 0.424257 0.819872
vn -0.347790 0.573571 0.741659
vn -0.347790 0.573571 0.741659
vn 0.097759 0.993841 -0.052189
vn 0.097760 0.993841 -0.052188
vn 0.097759 0.993841 -0.052189
vn 0.097758 0.993841 -0.052189
vn -0.849218 0.072971 -0.522976
vn -0.691395 0.050328 -0.720722
vn -0.691126 0.049109 -0.721064
vn -0.848433 0.074176 -0.524080
vn -0.991791 0.100016 -0.079676
vn -0.992058 0.098166 -0.078643
vn -0.985401 0.103298 0.135329
vn -0.985402 0.103292 0.135324
vn -0.785565 -0.000000 -0.618780
vn -0.785565 -0.000000 -0.618780
vn -0.785565 -0.000000 -0.618780
vn -0.785564 -0.000000 -0.618780
vn -0.785565 -0.000000 -0.618780
vn -0.785565 -0.000000 -0.618780
vn -0.622212 0.769158 -0.145769
vn -0.622212 0.769158 -0.145768
vn -0.622212 0.769158 -0.145769
vn -0.622212 0.769158 -0.145770
vn -0.530247 -0.821447 0.209911
vn -0.530246 -0.821448 0.209912
vn -0.426038 -0.798677 0.424979
vn -0.425374 -0.799858 0.423421
vn -0.153080 -0.616848 0.772053
vn -0.153564 -0.615349 0.773152
vn -0.000000 -0.468008 0.883724
vn -0.000000 -0.467749 0.883861
vn 0.747637 0.176613 -0.640193
vn 0.686465 0.428069 -0.587812
vn 0.686465 0.428068 -0.587812
vn 0.747637 0.176613 -0.640193
vn 0.756687 -0.087156 -0.647942
vn 0.756687 -0.087156 -0.647942
vn 0.999818 -0.008916 0.016866
vn 0.999818 -0.008916 0.016866
vn 0.999818 -0.008916 0.016866
vn 0.999818 -0.008916 0.016866
vn -0.393629 -0.015983 -0.919131
vn -0.393629 -0.015984 -0.919131
vn -0.393629 -0.015983 -0.919131
vn -0.393629 -0.015983 -0.919131
vn -0.393629 -0.015984 -0.919131
vn -0.393629 -0.015984 -0.919130
vn 0.070194 0.996407 -0.047388
vn 0.070194 0.996407 -0.047388
vn 0.070194 0.996407 -0.047388
vn 0.070194 0.996407 -0.047388
vn 0.212097 0.804798 -0.554359
vn 0.212098 0.804798 -0.554360
vn 0.212097 0.804798 -0.554359
vn 0.212096 0.804799 -0.554359
vn -0.000000 0.000000 1.000000
vn -0.000000 0.000000 1.000000
vn -0.000000 0.000000 1.000000
vn -0.000000 0.000000 1.000000
vn -0.355093 -0.000000 -0.934831
vn -0.174734 -0.000000 -0.984616
vn -0.174733 -0.000000 -0.984616
vn -0.355093 -0.000000 -0.934831
vn -0.621017 -0.000000 -0.783797
vn -0.711369 -0.000000 -0.702818
vn -0.790174 -0.000000 -0.612883
vn -0.790174 -0.000000 -0.612883
vn -0.697960 -0.441239 0.564057
vn -0.697960 -0.441239 0.564057
vn -0.697960 -0.441239 0.564057
vn -0.697960 -0.441239 0.564057
vn -0.644281 -0.000000 -0.764789
vn -0.644281 -0.000000 -0.764789
vn -0.644281 -0.000000 -0.764789
vn -0.644281 -0.000000 -0.764789
vn 1.000000 0.000000 -0.000000
vn 1.000000 0.000000 -0.000000
vn 1.000000 0.000000 -0.000000
vn 1.000000 0.000000 -0.000000
vn 0.321162 -0.592647 -0.738664
vn 0.321162 -0.592647 -0.738664
vn 0.321162 -0.592647 -0.738664
vn 0.321162 -0.592647 -0.738664
vn -0.000000 0.000000 1.000000
vn -0.000000 0.000000 1.000000
vn -0.000000 0.000000 1.000000
vn -0.000000 0.000000 1.000000
vn -1.000000 0.000000 -0.000000
vn -1.000000 0.000000 -0.000000
vn -1.000000 0.000000 -0.000000
vn -1.000000 0.000000 -0.000000
vn 0.508936 0.820660 -0.259809
vn 0.508934 0.820661 -0.259810
vn 0.508936 0.820660 -0.259809
vn 0.508938 0.820659 -0.259808
vn -0.000000 1.000000 -0.000000
vn -0.000000 1.000000 -0.000000
vn -0.000000 1.000000 -0.000000
vn -0.000000 1.000000 -0.000000
vn 0.641036 -0.556663 -0.528393
vn 0.641036 -0.556663 -0.528393
vn 0.641036 -0.556663 -0.528393
vn 0.641036 -0.556663 -0.528392
vn -0.250760 0.689558 -0.679433
vn -0.250763 0.689553 -0.679437
vn -0.250760 0.689558 -0.679433
vn -0.250758 0.689562 -0.679429
vn -0.504202 0.596113 0.624844
vn -0.504202 0.596113 0.624844
vn -0.504202 0.596113 0.624844
vn -0.504202 0.596112 0.624844
vn -0.393679 -0.000000 -0.919248
vn -0.393680 -0.000000 -0.919248
vn -0.393679 -0.000000 -0.919248
vn -0.393679 -0.000000 -0.919248
vn 0.237268 -0.917730 -0.318552
vn 0.237269 -0.917730 -0.318552
vn 0.237268 -0.917730 -0.318552
vn 0.237267 -0.917730 -0.318552
vn 0.699500 0.000000 0.714633
vn 0.785825 0.000000 0.618448
vn 0.785825 0.000000 0.618448
vn 0.599707 0.000000 0.800219
vn 0.399191 0.000000 0.916868
vn 0.301578 0.000000 0.953442
vn 0.201784 0.000000 0.979430
vn 0.201783 0.000000 0.979430
vn 0.547095 0.395330 -0.737836
vn 0.530987 0.396183 -0.749060
vn 0.530987 0.396183 -0.749060
vn 0.546879 0.396736 -0.737241
vn 0.558865 0.389363 -0.732165
vn 0.556917 0.380191 -0.738443
vn 0.553605 0.374489 -0.743828
vn 0.556706 0.369611 -0.743953
vn -0.742363 0.570415 0.351461
vn -0.742363 0.570412 0.351464
vn -0.749748 0.571683 0.333251
vn -0.750630 0.570440 0.333396
vn -0.751364 0.577104 0.320005
vn -0.743987 0.585081 0.322744
vn -0.738363 0.589950 0.326771
vn -0.736464 0.594160 0.323413
vn -0.000000 1.000000 -0.000000
vn -0.000000 1.000000 -0.000000
vn -0.000000 1.000000 -0.000000
vn -0.000000 1.000000 -0.000000
vn -0.999302 0.000000 0.037350
vn -0.999302 0.000000 0.037350
vn -0.999302 0.000000 0.037350
vn -0.999302 0.000000 0.037350
vn 0.078989 0.996195 -0.036835
vn 0.078989 0.996195 -0.036835
vn 0.078989 0.996195 -0.036835
vn 0.078989 0.996195 -0.036835
vn 0.707036 0.441262 -0.552619
vn 0.707036 0.441262 -0.552620
vn 0.695323 0.439848 -0.568384
vn 0.694651 0.441208 -0.568151
vn 0.689562 0.433654 -0.580042
vn 0.696383 0.424926 -0.578351
vn 0.702158 0.419571 -0.575268
vn 0.702443 0.414791 -0.578379
vn -0.695352 -0.439840 0.568355
vn -0.707036 -0.441261 0.552620
vn -0.707036 -0.441261 0.552620
vn -0.694685 -0.441207 0.568110
vn -0.689647 -0.433614 0.579970
vn -0.696503 -0.424810 0.578291
vn -0.702313 -0.419412 0.575195
vn -0.702616 -0.414564 0.578332
vn -0.681114 0.715313 -0.156241
vn -0.778657 0.549026 -0.303751
vn -0.779471 0.548157 -0.303230
vn -0.681173 0.715309 -0.156001
vn -0.398718 0.902179 0.164612
vn -0.399237 0.901947 0.164626
vn -0.234441 0.917698 0.320729
vn -0.234441 0.917698 0.320729
vn 0.806191 -0.586378 -0.078846
vn 0.806192 -0.586377 -0.078846
vn 0.806191 -0.586378 -0.078846
vn 0.806191 -0.586378 -0.078846
vn 0.105430 0.000000 0.994427
vn 0.105430 0.000000 0.994427
vn 0.105430 0.000000 0.994427
vn 0.105431 0.000000 0.994427
vn 0.105430 0.000000 0.994427
vn 0.105430 0.000000 0.994427
vn -0.103277 -0.994653 0.000000
vn -0.103278 -0.994653 0.000000
vn -0.103277 -0.994653 0.000000
vn -0.103276 -0.994653 0.000000
vn -0.000000 -1.000000 0.000000
vn -0.000000 -1.000000 0.000000
vn -0.000000 -1.000000 0.000000
vn -0.000000 -1.000000 0.000000
vn -0.000000 1.000000 -0.000000
vn -0.000000 1.000000 -0.000000
vn -0.000000 1.000000 -0.000000
vn -0.000000 1.000000 -0.000000
vn 0.828883 0.426175 -0.362390
vn 0.828883 0.426176 -0.362390
vn 0.828883 0.426175 -0.362390
vn 0.828884 0.426175 -0.362390
vn -0.365091 -0.000713 0.930972
vn -0.364782 0.000000 0.931093
vn -0.365091 -0.000713 0.930972
vn -0.365399 -0.001426 0.930850
vn -0.367244 0.591836 0.717539
vn -0.367244 0.591836 0.717539
vn -0.367244 0.591836 0.717539
vn -0.367244 0.591836 0.717539
vn 0.905395 0.000000 0.424571
vn 0.905395 0.000000 0.424571
vn 0.905394 0.000000 0.424571
vn 0.905395 0.000000 0.424571
vn 0.905395 0.000000 0.424571
vn 0.905395 0.000000 0.424571
vn 0.785531 0.015983 0.618615
vn 0.785531 0.015984 0.618615
vn 0.785531 0.015984 0.618616
vn 0.785531 0.015984 0.618615
vn 0.785532 0.015983 0.618615
vn 0.785532 0.015982 0.618615
vn -0.806192 0.586377 0.078846
vn -0.806193 0.586376 0.078846
vn -0.806192 0.586377 0.078846
vn -0.806192 0.586377 0.078846
vn -0.000000 -0.968924 0.247359
vn -0.000000 -0.968924 0.247359
vn -0.000000 -0.968924 0.247359
vn -0.000000 -0.968924 0.247359
vn 0.665301 0.440428 -0.602824
vn 0.665301 0.440428 -0.602824
vn 0.665301 0.440429 -0.602825
vn 0.665302 0.440427 -0.602824
vn -0.400415 -0.793319 0.458600
vn -0.208831 -0.804661 0.555797
vn -0.208833 -0.804663 0.555793
vn -0.398928 -0.794576 0.457718
vn -0.742190 -0.646716 0.175821
vn -0.743277 -0.645265 0.176555
vn -0.862526 -0.506013 0.000000
vn -0.862735 -0.505656 0.000000
vn 0.053929 0.996195 -0.068466
vn 0.053929 0.996195 -0.068465
vn 0.053929 0.996195 -0.068466
vn 0.053930 0.996195 -0.068467
vn 0.650418 0.000000 0.759577
vn 0.650418 0.000000 0.759577
vn 0.650418 0.000000 0.759577
vn 0.650418 0.000000 0.759577
vn 0.650418 0.000000 0.759577
vn 0.650418 0.000000 0.759577
vn -0.000000 1.000000 -0.000000
vn -0.000000 1.000000 -0.000000
vn -0.000000 1.000000 -0.000000
vn -0.000000 1.000000 -0.000000
vn -0.000000 1.000000 -0.000000
vn -0.000000 1.000000 -0.000000
vn -0.000000 1.000000 -0.000000
vn -0.000000 1.000000 -0.000000
vn -0.000000 1.000000 -0.000000
vn -0.000000 1.000000 -0.000000
vn 0.058610 0.993251 -0.100087
vn 0.058610 0.993251 -0.100087
vn 0.058610 0.993251 -0.100088
vn 0.058610 0.993251 -0.100086
vn 0.168747 0.639931 -0.749675
vn -0.000000 0.490096 -0.871668
vn -0.000000 0.490407 -0.871493
vn 0.169574 0.638468 -0.750735
vn 0.438476 0.803020 -0.403605
vn 0.437512 0.804269 -0.402162
vn 0.530246 0.821448 -0.209911
vn 0.530246 0.821448 -0.209911
vn 0.562812 0.397137 -0.724931
vn 0.562812 0.397137 -0.724931
vn 0.562812 0.397137 -0.724931
vn 0.562812 0.397137 -0.724931
vn -0.277093 0.916919 0.287190
vn -0.277092 0.916920 0.287190
vn -0.277093 0.916919 0.287190
vn -0.277093 0.916919 0.287190
vn 0.208836 0.804663 -0.555792
vn 0.208836 0.804663 -0.555791
vn 0.421539 0.789845 -0.445476
vn 0.419944 0.791021 -0.444896
vn 0.764180 0.625022 -0.159303
vn 0.765292 0.623560 -0.159693
vn 0.874653 0.484749 -0.000000
vn 0.874833 0.484424 -0.000000
vn 0.219708 -0.885597 -0.409203
vn 0.365019 -0.896540 -0.250951
vn 0.365020 -0.896540 -0.250952
vn 0.221687 -0.884909 -0.409622
vn -0.120218 -0.720692 -0.682753
vn -0.122014 -0.720591 -0.682540
vn -0.296871 -0.561013 -0.772743
vn -0.297313 -0.561914 -0.771918
vn -0.828883 -0.426176 0.362390
vn -0.828883 -0.426176 0.362390
vn -0.828883 -0.426176 0.362390
vn -0.828883 -0.426175 0.362390
vn 0.013656 -0.162740 -0.986574
vn 0.013656 -0.162740 -0.986574
vn 0.013656 -0.162740 -0.986574
vn 0.013656 -0.162740 -0.986574
vn -0.999818 0.008916 -0.016866
vn -0.999818 0.008916 -0.016866
vn -0.999818 0.008916 -0.016866
vn -0.999818 0.008916 -0.016866
vn 0.785565 0.000000 0.618780
vn 0.785565 0.000000 0.618780
vn 0.785564 0.000000 0.618780
vn 0.785565 0.000000 0.618780
vn 0.785565 0.000000 0.618780
vn 0.785564 0.000000 0.618780
vn 0.040814 0.997639 -0.055235
vn 0.040814 0.997639 -0.055235
vn 0.040814 0.997639 -0.055235
vn 0.040814 0.997639 -0.055235
vn -0.740199 0.577027 0.345175
vn -0.819590 0.426847 0.382197
vn -0.740198 0.577027 0.345175
vn -0.875525 0.258382 0.408282
vn -0.902852 0.087156 0.421025
vn -0.902852 0.087156 0.421024
vn 0.906741 0.408186 -0.105849
vn 0.906742 0.408185 -0.105849
vn 0.906741 0.408186 -0.105849
vn 0.906741 0.408187 -0.105849
vn -0.768424 0.569643 0.291601
vn -0.768424 0.569644 0.291601
vn -0.768424 0.569643 0.291601
vn -0.768425 0.569642 0.291600
vn 0.959960 0.260995 -0.101777
vn 0.900984 0.423207 -0.095524
vn 0.900984 0.423207 -0.095524
vn 0.990780 0.085558 -0.105044
vn 0.990643 -0.087156 -0.105030
vn 0.990643 -0.087155 -0.105029
vn 0.422633 0.000000 0.906301
vn 0.422633 0.000000 0.906301
vn 0.422633 0.000000 0.906301
vn 0.422633 0.000000 0.906301
vn 0.422633 0.000000 0.906301
vn 0.422634 0.000000 0.906301
vn -0.646353 -0.719282 -0.254677
vn -0.646352 -0.719284 -0.254676
vn -0.646353 -0.719282 -0.254677
vn -0.646355 -0.719281 -0.254678
vn -0.932603 -0.000000 -0.360905
vn -0.931569 -0.000000 -0.363563
vn -0.932603 -0.000000 -0.360905
vn -0.933628 -0.000000 -0.358244
vn 0.301319 -0.000571 0.953523
vn 0.202899 0.000000 0.979200
vn 0.202341 -0.000290 0.979315
vn 0.398583 -0.000487 0.917132
vn 0.650790 -0.000084 0.759257
vn 0.651012 0.000400 0.759068
vn 0.850549 0.000180 0.525896
vn 0.904929 0.000000 0.425562
vn 0.946970 0.000000 0.321322
vn 0.946970 0.000000 0.321322
vn -0.934345 0.342325 0.099061
vn -0.814216 0.574108 0.086325
vn -0.814216 0.574108 0.086325
vn -0.934345 0.342325 0.099061
vn -0.990643 0.087156 0.105029
vn -0.990643 0.087156 0.105030
vn -0.375857 -0.401335 0.835261
vn -0.375857 -0.401335 0.835261
vn -0.375857 -0.401335 0.835261
vn -0.375857 -0.401335 0.835261
vn 0.031543 0.993767 -0.106925
vn 0.031542 0.993767 -0.106924
vn 0.031543 0.993767 -0.106925
vn 0.031544 0.993766 -0.106926
vn -0.000000 1.000000 -0.000000
vn -0.000000 1.000000 -0.000000
vn -0.000000 1.000000 -0.000000
vn -0.000000 1.000000 -0.000000
vn 0.644198 0.015983 0.764691
vn 0.644198 0.015983 0.764691
vn 0.644199 0.015983 0.764691
vn 0.644198 0.015983 0.764692
vn 0.644198 0.015983 0.764691
vn 0.644198 0.015983 0.764691
vn -0.105431 -0.000000 -0.994427
vn -0.105431 -0.000000 -0.994427
vn -0.105431 -0.000000 -0.994427
vn -0.105431 -0.000000 -0.994427
vn -0.105431 -0.000000 -0.994427
vn -0.105430 -0.000000 -0.994427
vn 0.086670 0.996195 -0.009189
vn 0.086670 0.996195 -0.009189
vn 0.086670 0.996195 -0.009189
vn 0.086670 0.996195 -0.009189
vn -0.908913 -0.015984 -0.416680
vn -0.908913 -0.015984 -0.416679
vn -0.908913 -0.015984 -0.416680
vn -0.908913 -0.015984 -0.416679
vn -0.908913 -0.015984 -0.416679
vn -0.908913 -0.015983 -0.416679
vn 0.748469 -0.570452 -0.338200
vn 0.748469 -0.570452 -0.338201
vn 0.748469 -0.570452 -0.338200
vn 0.748468 -0.570453 -0.338199
vn 0.010022 -0.999942 0.003911
vn 0.010022 -0.999942 0.003911
vn 0.010022 -0.999942 0.003911
vn 0.010022 -0.999942 0.003911
vn 0.109285 0.000000 0.994010
vn 0.109285 0.000000 0.994010
vn 0.109285 0.000000 0.994010
vn 0.109285 0.000000 0.994010
vn -0.909030 -0.000000 -0.416732
vn -0.909030 -0.000000 -0.416732
vn -0.909030 -0.000000 -0.416732
vn -0.909030 -0.000000 -0.416732
vn 0.380344 -0.591320 -0.711111
vn 0.380346 -0.591319 -0.711111
vn 0.362353 -0.593205 -0.718894
vn 0.362499 -0.591992 -0.719819
vn 0.349250 -0.598928 -0.720632
vn 0.351940 -0.606568 -0.712890
vn 0.355909 -0.611146 -0.706986
vn 0.352578 -0.615343 -0.705012
vn -0.000000 -1.000000 0.000000
vn -0.000000 -1.000000 0.000000
vn -0.000000 -1.000000 0.000000
vn -0.000000 -1.000000 0.000000
vn -0.528893 -0.821470 0.213211
vn -0.528893 -0.821470 0.213211
vn -0.528893 -0.821470 0.213211
vn -0.528894 -0.821470 0.213211
vn 0.375857 0.401334 -0.835262
vn 0.375858 0.401333 -0.835262
vn 0.375857 0.401334 -0.835262
vn 0.375857 0.401336 -0.835261
vn -0.905395 -0.000000 -0.424571
vn -0.905395 -0.000000 -0.424571
vn -0.905394 -0.000000 -0.424571
vn -0.905395 -0.000000 -0.424571
vn -0.905395 -0.000000 -0.424571
vn -0.905394 -0.000000 -0.424571
vn -0.000000 1.000000 -0.000000
vn -0.000000 1.000000 -0.000000
vn -0.000000 1.000000 -0.000000
vn -0.000000 1.000000 -0.000000
vn -0.650418 -0.000000 -0.759577
vn -0.650418 -0.000000 -0.759577
vn -0.650418 -0.000000 -0.759577
vn -0.650418 -0.000000 -0.759577
vn -0.650418 -0.000000 -0.759577
vn -0.650418 -0.000000 -0.759577
vn 0.802050 -0.097082 -0.589314
vn 0.802050 -0.097082 -0.589314
vn 0.802050 -0.097082 -0.589314
vn 0.802050 -0.097082 -0.589314
vn -0.422633 -0.000000 -0.906301
vn -0.422633 -0.000000 -0.906301
vn -0.422633 -0.000000 -0.906301
vn -0.422633 -0.000000 -0.906301
vn -0.422633 -0.000000 -0.906301
vn -0.422633 -0.000000 -0.906301
vn -1.000000 0.000000 -0.000000
vn -1.000000 0.000000 -0.000000
vn -1.000000 0.000000 -0.000000
vn -1.000000 0.000000 -0.000000
vn -0.994011 0.000000 0.109284
vn -0.994011 0.000000 0.109284
vn -0.994011 0.000000 0.109284
vn -0.994011 0.000000 0.109284
vn 0.330097 -0.897494 -0.292474
vn 0.330097 -0.897494 -0.292474
vn 0.330097 -0.897494 -0.292474
vn 0.330097 -0.897494 -0.292474
vn -0.000000 -1.000000 0.000000
vn -0.000000 -1.000000 0.000000
vn -0.000000 -1.000000 0.000000
vn -0.000000 -1.000000 0.000000
vn 0.874314 0.263328 -0.407717
vn 0.819765 0.426437 -0.382279
vn 0.819765 0.426437 -0.382279
vn 0.902888 0.086705 -0.421042
vn 0.902852 -0.087156 -0.421025
vn 0.902852 -0.087156 -0.421025
vn -0.906741 -0.408187 0.105849
vn -0.906740 -0.408188 0.105849
vn -0.906741 -0.408187 0.105849
vn -0.906741 -0.408186 0.105849
vn -0.362389 0.593211 0.718871
vn -0.380342 0.591321 0.711111
vn -0.380344 0.591320 0.711111
vn -0.362550 0.591988 0.719797
vn -0.349338 0.598962 0.720561
vn -0.352017 0.606671 0.712766
vn -0.356000 0.611284 0.706821
vn -0.352641 0.615542 0.704807
vn -0.785631 -0.000000 -0.618695
vn -0.785631 -0.000000 -0.618695
vn -0.785631 -0.000000 -0.618695
vn -0.785631 -0.000000 -0.618695
vn -0.582543 -0.397416 0.709016
vn -0.582543 -0.397416 0.709016
vn -0.582543 -0.397415 0.709017
vn -0.582544 -0.397416 0.709016
vn -0.000000 0.968924 -0.247359
vn -0.000000 0.968924 -0.247359
vn -0.000000 0.968924 -0.247359
vn -0.000000 0.968924 -0.247359
vn -0.362758 0.896683 0.253705
vn -0.362758 0.896683 0.253705
vn -0.362758 0.896683 0.253705
vn -0.362757 0.896683 0.253705
vn 0.932523 0.000000 0.361112
vn 0.933469 0.000000 0.358657
vn 0.932523 0.000000 0.361112
vn 0.931569 0.000000 0.363564
vn -0.999965 0.000000 0.008363
vn -0.999965 0.000000 0.008363
vn -0.999965 0.000000 0.008363
vn -0.999965 0.000000 0.008363
vn 0.108832 0.015983 0.993932
vn 0.108832 0.015983 0.993932
vn 0.108832 0.015984 0.993932
vn 0.108832 0.015983 0.993932
vn 0.108832 0.015983 0.993932
vn 0.108832 0.015983 0.993932
vn 1.000000 0.000000 -0.000000
vn 1.000000 0.000000 -0.000000
vn 1.000000 0.000000 -0.000000
vn 1.000000 0.000000 -0.000000
vn -0.096338 -0.995349 0.000000
vn -0.096342 -0.995348 0.000000
vn -0.099926 -0.994995 0.000000
vn -0.098447 -0.995142 0.000000
vn -0.107941 -0.994016 0.016759
vn -0.116985 -0.992992 0.016759
vn -0.122229 -0.992184 0.025139
vn -0.127679 -0.991816 0.000000
vn -0.578154 0.356367 0.733989
vn -0.495770 0.598387 0.629400
vn -0.495770 0.598388 0.629400
vn -0.578154 0.356367 0.733989
vn -0.616425 0.087156 0.782575
vn -0.616425 0.087156 0.782575
vn -0.785531 -0.015983 -0.618616
vn -0.785531 -0.015983 -0.618616
vn -0.785531 -0.015983 -0.618616
vn -0.785531 -0.015983 -0.618616
vn -0.785531 -0.015983 -0.618616
vn -0.785531 -0.015983 -0.618616
vn -0.169971 -0.802673 -0.571687
vn -0.169970 -0.802674 -0.571686
vn -0.169971 -0.802673 -0.571687
vn -0.169971 -0.802673 -0.571688
vn 0.364782 -0.000000 -0.931093
vn 0.364782 -0.000000 -0.931093
vn 0.364782 -0.000000 -0.931093
vn 0.364782 -0.000000 -0.931093
vn -0.553685 -0.374656 0.743684
vn -0.556982 -0.380313 0.738331
vn -0.556762 -0.369847 0.743794
vn -0.558939 -0.389407 0.732085
vn -0.547126 -0.395338 0.737808
vn -0.546923 -0.396735 0.737209
vn -0.530989 -0.396182 0.749060
vn -0.530988 -0.396183 0.749060
vn 0.552535 0.450168 -0.701465
vn 0.607662 0.188705 -0.771451
vn 0.552535 0.450168 -0.701465
vn 0.607662 0.188705 -0.771451
vn 0.616425 -0.087156 -0.782575
vn 0.616425 -0.087156 -0.782575
vn -0.562812 -0.397138 0.724931
vn -0.562812 -0.397138 0.724931
vn -0.562812 -0.397138 0.724931
vn -0.562812 -0.397138 0.724931
vn -0.000000 -1.000000 0.000000
vn -0.000000 -1.000000 0.000000
vn -0.000000 -1.000000 0.000000
vn -0.000000 -1.000000 0.000000
vn -0.000000 -1.000000 0.000000
vn -0.000000 -1.000000 0.000000
vn -0.000000 -1.000000 0.000000
vn -0.000000 -1.000000 0.000000
vn -0.000000 -1.000000 0.000000
vn -0.000000 -1.000000 0.000000
vn 0.100549 0.994566 -0.027003
vn 0.100549 0.994566 -0.027003
vn 0.100549 0.994566 -0.027003
vn 0.100549 0.994566 -0.027003
vn -0.258177 -0.805609 0.533234
vn -0.258177 -0.805609 0.533234
vn -0.258177 -0.805609 0.533234
vn -0.258178 -0.805609 0.533234
vn 0.542717 0.396604 -0.740380
vn 0.542717 0.396604 -0.740380
vn 0.542718 0.396604 -0.740380
vn 0.542717 0.396605 -0.740380
vn 0.066201 0.996195 -0.056687
vn 0.066201 0.996195 -0.056687
vn 0.066201 0.996195 -0.056687
vn 0.066201 0.996195 -0.056687
vn -0.010534 -0.000000 -0.999945
vn -0.010534 -0.000000 -0.999945
vn -0.010534 -0.000000 -0.999945
vn -0.010533 -0.000000 -0.999945
vn -0.686507 0.427951 0.587848
vn -0.619574 0.578499 0.530534
vn -0.619574 0.578499 0.530534
vn -0.733670 0.258944 0.628233
vn -0.756687 0.087156 0.647942
vn -0.756687 0.087156 0.647942
vn 0.702100 -0.692228 0.166963
vn 0.788604 -0.522756 0.323776
vn 0.787524 -0.524046 0.324319
vn 0.702571 -0.691810 0.166709
vn 0.415646 -0.894413 -0.165119
vn 0.415859 -0.894312 -0.165126
vn 0.234441 -0.917698 -0.320729
vn 0.234441 -0.917698 -0.320729
vn -0.681850 -0.440976 0.583627
vn -0.681850 -0.440976 0.583627
vn -0.681850 -0.440976 0.583627
vn -0.681850 -0.440976 0.583627
vn 0.681850 0.440975 -0.583627
vn 0.681850 0.440975 -0.583627
vn 0.681850 0.440975 -0.583628
vn 0.681850 0.440975 -0.583627
vn -0.344314 0.592431 0.728336
vn -0.344314 0.592431 0.728336
vn -0.344314 0.592431 0.728336
vn -0.344314 0.592431 0.728336
vn -0.644198 -0.015983 -0.764692
vn -0.644198 -0.015983 -0.764692
vn -0.644198 -0.015983 -0.764692
vn -0.644198 -0.015983 -0.764692
vn -0.644198 -0.015983 -0.764692
vn -0.644198 -0.015983 -0.764692
vn 0.127909 0.991786 -0.000000
vn 0.117100 0.992978 -0.016816
vn 0.122386 0.992162 -0.025225
vn 0.107976 0.994011 -0.016816
vn 0.099931 0.994994 -0.000000
vn 0.098444 0.995143 -0.000000
vn 0.096336 0.995349 -0.000000
vn 0.096336 0.995349 -0.000000
vn -0.991403 0.102442 0.081403
vn -0.991402 0.102444 0.081404
vn -0.991403 0.102442 0.081403
vn -0.991403 0.102441 0.081401
vn 0.827766 -0.045813 0.559199
vn 0.667180 0.000000 0.744896
vn 0.667752 0.000000 0.744383
vn 0.826734 -0.047393 0.560593
vn 0.989579 -0.098885 0.104664
vn 0.989871 -0.097272 0.103409
vn 0.985401 -0.103302 -0.135327
vn 0.985401 -0.103302 -0.135326
vn -0.021629 -0.000000 -0.999766
vn -0.021629 -0.000000 -0.999766
vn -0.021629 -0.000000 -0.999766
vn -0.021629 -0.000000 -0.999766
vn -0.365020 0.896540 0.250953
vn -0.365020 0.896540 0.250951
vn -0.188417 0.883904 0.428034
vn -0.188428 0.883744 0.428358
vn 0.164163 0.695797 0.699226
vn 0.163970 0.695453 0.699614
vn 0.319135 0.536796 0.781027
vn 0.319566 0.538118 0.779940
vn 0.985885 -0.103250 -0.131795
vn 0.985885 -0.103250 -0.131795
vn 0.985884 -0.103253 -0.131798
vn 0.985886 -0.103247 -0.131792
vn -0.000000 -1.000000 0.000000
vn -0.000000 -1.000000 0.000000
vn -0.000000 -1.000000 0.000000
vn -0.000000 -1.000000 0.000000
vn -0.108846 -0.000000 -0.994059
vn -0.108846 -0.000000 -0.994059
vn -0.108846 -0.000000 -0.994059
vn -0.108846 -0.000000 -0.994059
vn -0.997889 0.000000 0.064945
vn -0.997889 0.000000 0.064945
vn -0.997889 0.000000 0.064945
vn -0.997889 0.000000 0.064945
vn 0.037004 0.996195 -0.078911
vn 0.037004 0.996195 -0.078911
vn 0.037004 0.996195 -0.078911
vn 0.037004 0.996195 -0.078911
vn -0.108832 -0.015983 -0.993932
vn -0.108833 -0.015983 -0.993932
vn -0.108833 -0.015983 -0.993932
vn -0.108832 -0.015983 -0.993932
vn -0.108833 -0.015983 -0.993932
vn -0.108833 -0.015983 -0.993932
vn -0.758689 0.570232 0.315002
vn -0.758689 0.570232 0.315002
vn -0.758690 0.570231 0.315002
vn -0.758689 0.570232 0.315002
vn -0.109285 -0.000000 -0.994010
vn -0.109285 -0.000000 -0.994010
vn -0.109285 -0.000000 -0.994010
vn -0.109285 -0.000000 -0.994010
vn 0.393629 0.015984 0.919130
vn 0.393629 0.015983 0.919130
vn 0.393629 0.015983 0.919130
vn 0.393629 0.015983 0.919130
vn 0.393629 0.015984 0.919130
vn 0.393630 0.015984 0.919130
vn 0.749725 -0.571692 -0.333287
vn 0.742361 -0.570416 -0.351462
vn 0.742361 -0.570416 -0.351461
vn 0.750608 -0.570439 -0.333447
vn 0.751296 -0.577143 -0.320094
vn 0.743869 -0.585188 -0.322822
vn 0.738206 -0.590094 -0.326866
vn 0.736269 -0.594364 -0.323480
vn -0.000000 1.000000 -0.000000
vn -0.000000 1.000000 -0.000000
vn -0.000000 1.000000 -0.000000
vn -0.000000 1.000000 -0.000000
vn -0.000000 1.000000 -0.000000
vn -0.000000 1.000000 -0.000000
vn -0.000000 1.000000 -0.000000
vn -0.000000 1.000000 -0.000000
vn 0.908913 0.015984 0.416679
vn 0.908913 0.015984 0.416679
vn 0.908913 0.015984 0.416679
vn 0.908913 0.015984 0.416679
vn 0.908913 0.015983 0.416678
vn 0.908913 0.015984 0.416679
vn -0.641037 0.556662 0.528393
vn -0.641037 0.556662 0.528393
vn -0.641037 0.556662 0.528393
vn -0.641037 0.556662 0.528393
vn -0.000000 -1.000000 0.000000
vn -0.000000 -1.000000 0.000000
vn -0.000000 -1.000000 0.000000
vn -0.000000 -1.000000 0.000000
vn 0.504202 -0.596113 -0.624844
vn 0.504202 -0.596113 -0.624844
vn 0.504202 -0.596113 -0.624844
vn 0.504202 -0.596113 -0.624844
vn 0.758689 -0.570232 -0.315002
vn 0.758690 -0.570231 -0.315002
vn 0.758689 -0.570232 -0.315002
vn 0.758689 -0.570232 -0.315002
vn -0.295738 0.000199 -0.955269
vn -0.174733 -0.000000 -0.984616
vn -0.175218 0.000236 -0.984530
vn -0.414042 0.000477 -0.910258
vn -0.621359 0.000573 -0.783526
vn -0.711338 0.000534 -0.702850
vn -0.895597 0.000194 -0.444865
vn -0.895441 -0.000000 -0.445179
vn -0.965967 -0.000000 -0.258667
vn -0.965967 -0.000000 -0.258667
vn -0.000000 -0.000000 -1.000000
vn -0.000000 -0.000000 -1.000000
vn -0.000000 -0.000000 -1.000000
vn -0.000000 -0.000000 -1.000000
vn -0.000000 -0.000000 -1.000000
vn -0.000000 -0.000000 -1.000000
vn -0.000000 -0.000000 -1.000000
vn -0.000000 -0.000000 -1.000000
f 1/1/1 2/2/2 3/3/3
f 1/1/1 3/3/3 4/4/4
f 4/4/4 5/5/5 1/1/1
f 4/4/4 6/6/6 5/5/5
f 7/7/7 8/8/8 9/9/9
f 7/7/7 9/9/9 10/10/10
f 11/11/11 12/12/12 13/13/13
f 11/11/11 13/13/13 14/14/14
f 15/15/15 11/11/11 14/14/14
f 15/15/15 14/14/14 16/16/16
f 17/17/17 18/18/18 19/19/19
f 17/17/17 19/19/19 20/20/20
f 21/21/21 22/22/22 23/23/23
f 21/21/21 23/23/23 24/24/24
f 25/25/25 21/21/21 24/24/24
f 25/25/25 26/26/26 21/21/21
f 25/25/25 27/27/27 26/26/26
f 25/25/25 28/28/28 27/27/27
f 29/29/29 30/30/30 31/31/31
f 30/30/30 29/29/29 32/32/32
f 32/32/32 29/29/29 33/33/33
f 33/33/33 29/29/29 34/34/34
f 35/35/35 36/36/36 37/37/37
f 35/35/35 37/37/37 38/38/38
f 39/39/39 40/40/40 41/41/41
f 39/39/39 41/41/41 42/42/42
f 41/41/41 43/43/43 42/42/42
f 41/41/41 44/44/44 43/43/43
f 43/43/43 44/44/44 45/45/45
f 43/43/43 45/45/45 46/46/46
f 47/47/47 48/48/48 49/49/49
f 47/47/47 49/49/49 50/50/50
f 51/51/51 47/47/47 50/50/50
f 51/51/51 52/52/52 47/47/47
f 53/53/53 54/54/54 55/55/55
f 53/53/53 56/56/56 54/54/54
f 57/57/57 58/58/58 59/59/59
f 60/60/60 58/58/58 57/57/57
f 61/61/61 58/58/58 60/60/60
f 58/58/58 61/61/61 62/62/62
f 63/63/63 64/64/64 65/65/65
f 63/63/63 65/65/65 66/66/66
f 67/67/67 68/68/68 69/69/69
f 67/67/67 69/69/69 70/70/70
f 71/71/71 72/72/72 73/73/73
f 71/71/71 74/74/74 72/72/72
f 75/75/75 76/76/76 77/77/77
f 75/75/75 77/77/77 78/78/78
f 79/79/79 75/75/75 78/78/78
f 79/79/79 80/80/80 75/75/75
f 81/81/81 80/80/80 79/79/79
f 81/81/81 82/82/82 80/80/80
f 83/83/83 84/84/84 85/85/85
f 83/83/83 85/85/85 86/86/86
f 87/87/87 88/88/88 89/89/89
f 87/87/87 89/89/89 90/90/90
f 91/91/91 92/92/92 93/93/93
f 91/91/91 93/93/93 94/94/94
f 95/95/95 96/96/96 97/97/97
f 95/95/95 97/97/97 98/98/98
f 99/99/99 100/100/100 101/101/101
f 99/99/99 101/101/101 102/102/102
f 103/103/103 104/104/104 105/105/105
f 103/103/103 105/105/105 106/106/106
f 107/107/107 108/108/108 109/109/109
f 107/107/107 109/109/109 110/110/110
f 111/111/111 112/112/112 113/113/113
f 111/111/111 113/113/113 114/114/114
f 115/115/115 116/116/116 117/117/117
f 115/115/115 117/117/117 118/118/118
f 119/119/119 120/120/120 121/121/121
f 119/119/119 121/121/121 122/122/122
f 123/123/123 124/124/124 125/125/125
f 123/123/123 125/125/125 126/126/126
f 127/127/127 128/128/128 129/129/129
f 127/127/127 129/129/129 130/130/130
f 131/131/131 132/132/132 133/133/133
f 131/131/131 133/133/133 134/134/134
f 135/135/135 136/136/136 137/137/137
f 135/135/135 137/137/137 138/138/138
f 139/139/139 135/135/135 138/138/138
f 139/139/139 138/138/138 140/140/140
f 140/140/140 141/141/141 139/139/139
f 140/140/140 142/142/142 141/141/141
f 143/143/143 144/144/144 145/145/145
f 143/143/143 145/145/145 146/146/146
f 147/147/147 143/143/143 146/146/146
f 143/143/143 147/147/147 148/148/148
f 149/149/149 148/148/148 147/147/147
f 150/150/150 148/148/148 149/149/149
f 151/151/151 152/152/152 153/153/153
f 151/151/151 153/153/153 154/154/154
f 154/154/154 153/153/153 155/155/155
f 155/155/155 153/153/153 156/156/156
f 155/155/155 156/156/156 157/157/157
f 157/157/157 156/156/156 158/158/158
f 159/159/159 160/160/160 161/161/161
f 159/159/159 162/162/162 160/160/160
f 163/163/163 164/164/164 165/165/165
f 163/163/163 165/165/165 166/166/166
f 167/167/167 168/168/168 169/169/169
f 167/167/167 170/170/170 168/168/168
f 171/171/171 172/172/172 173/173/173
f 171/171/171 173/173/173 174/174/174
f 174/174/174 173/173/173 175/175/175
f 175/175/175 173/173/173 176/176/176
f 175/175/175 176/176/176 177/177/177
f 177/177/177 176/176/176 178/178/178
f 179/179/179 180/180/180 181/181/181
f 179/179/179 181/181/181 182/182/182
f 183/183/183 179/179/179 182/182/182
f 179/179/179 183/183/183 184/184/184
f 185/185/185 184/184/184 183/183/183
f 186/186/186 184/184/184 185/185/185
f 187/187/187 188/188/188 189/189/189
f 187/187/187 189/189/189 190/190/190
f 191/191/191 187/187/187 190/190/190
f 191/191/191 192/192/192 187/187/187
f 191/191/191 193/193/193 192/192/192
f 191/191/191 194/194/194 193/193/193
f 195/195/195 196/196/196 197/197/197
f 195/195/195 197/197/197 198/198/198
f 199/199/199 200/200/200 201/201/201
f 200/200/200 199/199/199 202/202/202
f 202/202/202 199/199/199 203/203/203
f 203/203/203 199/199/199 204/204/204
f 205/205/205 206/206/206 207/207/207
f 205/205/205 207/207/207 208/208/208
f 209/209/209 210/210/210 211/211/211
f 209/209/209 211/211/211 212/212/212
f 213/213/213 214/214/214 215/215/215
f 213/213/213 215/215/215 216/216/216
f 217/217/217 218/218/218 219/219/219
f 217/217/217 219/219/219 220/220/220
f 221/221/221 222/222/222 223/223/223
f 221/221/221 223/223/223 224/224/224
f 225/225/225 226/226/226 227/227/227
f 225/225/225 227/227/227 228/228/228
f 229/229/229 230/230/230 231/231/231
f 230/230/230 229/229/229 232/232/232
f 232/232/232 229/229/229 233/233/233
f 233/233/233 229/229/229 234/234/234
f 235/235/235 236/236/236 237/237/237
f 236/236/236 235/235/235 238/238/238
f 238/238/238 235/235/235 239/239/239
f 239/239/239 235/235/235 240/240/240
f 241/241/241 242/242/242 243/243/243
f 241/241/241 243/243/243 244/244/244
f 245/245/245 246/246/246 247/247/247
f 245/245/245 247/247/247 248/248/248
f 249/249/249 250/250/250 251/251/251
f 249/249/249 252/252/252 250/250/250
f 253/253/253 254/254/254 255/255/255
f 253/253/253 255/255/255 256/256/256
f 253/253/253 256/256/256 257/257/257
f 253/253/253 257/257/257 258/258/258
f 257/257/257 259/259/259 258/258/258
f 257/257/257 260/260/260 259/259/259
f 261/261/261 262/262/262 263/263/263
f 261/261/261 263/263/263 264/264/264
f 265/265/265 266/266/266 267/267/267
f 266/266/266 265/265/265 268/268/268
f 268/268/268 265/265/265 269/269/269
f 269/269/269 265/265/265 270/270/270
f 271/271/271 272/272/272 273/273/273
f 272/272/272 271/271/271 274/274/274
f 275/275/275 274/274/274 271/271/271
f 276/276/276 275/275/275 271/271/271
f 275/275/275 276/276/276 277/277/277
f 278/278/278 277/277/277 276/276/276
f 277/277/277 278/278/278 279/279/279
f 279/279/279 278/278/278 280/280/280
f 281/281/281 282/282/282 283/283/283
f 281/281/281 284/284/284 282/282/282
f 285/285/285 286/286/286 287/287/287
f 285/285/285 287/287/287 288/288/288
f 289/289/289 285/285/285 288/288/288
f 289/289/289 290/290/290 285/285/285
f 289/289/289 291/291/291 290/290/290
f 289/289/289 292/292/292 291/291/291
f 293/293/293 294/294/294 295/295/295
f 293/293/293 295/295/295 296/296/296
f 297/297/297 298/298/298 299/299/299
f 297/297/297 299/299/299 300/300/300
f 301/301/301 302/302/302 303/303/303
f 301/301/301 303/303/303 304/304/304
f 303/303/303 305/305/305 304/304/304
f 303/303/303 306/306/306 305/305/305
f 305/305/305 306/306/306 307/307/307
f 305/305/305 307/307/307 308/308/308
f 309/309/309 310/310/310 311/311/311
f 309/309/309 311/311/311 312/312/312
f 309/309/309 312/312/312 313/313/313
f 309/309/309 313/313/313 314/314/314
f 313/313/313 315/315/315 314/314/314
f 313/313/313 316/316/316 315/315/315
f 317/317/317 318/318/318 319/319/319
f 317/317/317 319/319/319 320/320/320
f 321/321/321 322/322/322 323/323/323
f 321/321/321 323/323/323 324/324/324
f 325/325/325 326/326/326 327/327/327
f 325/325/325 327/327/327 328/328/328
f 329/329/329 330/330/330 331/331/331
f 332/332/332 330/330/330 329/329/329
f 333/333/333 330/330/330 332/332/332
f 330/330/330 333/333/333 334/334/334
f 335/335/335 336/336/336 337/337/337
f 335/335/335 337/337/337 338/338/338
f 339/339/339 340/340/340 341/341/341
f 339/339/339 342/342/342 340/340/340
f 343/343/343 340/340/340 342/342/342
f 343/343/343 342/342/342 344/344/344
f 345/345/345 346/346/346 347/347/347
f 345/345/345 347/347/347 348/348/348
f 349/349/349 350/350/350 351/351/351
f 349/349/349 351/351/351 352/352/352
f 353/353/353 354/354/354 355/355/355
f 353/353/353 355/355/355 356/356/356
f 357/357/357 353/353/353 356/356/356
f 357/357/357 356/356/356 358/358/358
f 359/359/359 360/360/360 361/361/361
f 362/362/362 360/360/360 359/359/359
f 363/363/363 360/360/360 362/362/362
f 360/360/360 363/363/363 364/364/364
f 365/365/365 366/366/366 367/367/367
f 365/365/365 367/367/367 368/368/368
f 369/369/369 370/370/370 371/371/371
f 369/369/369 371/371/371 372/372/372
f 373/373/373 374/374/374 375/375/375
f 373/373/373 375/375/375 376/376/376
f 376/376/376 377/377/377 373/373/373
f 376/376/376 378/378/378 377/377/377
f 379/379/379 377/377/377 378/378/378
f 379/379/379 380/380/380 377/377/377
f 380/380/380 379/379/379 381/381/381
f 380/380/380 381/381/381 382/382/382
f 383/383/383 384/384/384 385/385/385
f 383/383/383 386/386/386 384/384/384
f 387/387/387 386/386/386 383/383/383
f 387/387/387 383/383/383 388/388/388
f 389/389/389 390/390/390 391/391/391
f 389/389/389 391/391/391 392/392/392
f 393/393/393 394/394/394 395/395/395
f 393/393/393 395/395/395 396/396/396
f 397/397/397 398/398/398 399/399/399
f 397/397/397 400/400/400 398/398/398
f 401/401/401 402/402/402 403/403/403
f 402/402/402 401/401/401 404/404/404
f 404/404/404 401/401/401 405/405/405
f 405/405/405 401/401/401 406/406/406
f 407/407/407 408/408/408 409/409/409
f 408/408/408 407/407/407 410/410/410
f 410/410/410 407/407/407 411/411/411
f 411/411/411 407/407/407 412/412/412
f 413/413/413 414/414/414 415/415/415
f 413/413/413 416/416/416 414/414/414
f 417/417/417 418/418/418 419/419/419
f 420/420/420 418/418/418 417/417/417
f 421/421/421 418/418/418 420/420/420
f 418/418/418 421/421/421 422/422/422
f 423/423/423 424/424/424 425/425/425
f 423/423/423 425/425/425 426/426/426
f 427/427/427 428/428/428 429/429/429
f 427/427/427 429/429/429 430/430/430
f 431/431/431 432/432/432 433/433/433
f 431/431/431 433/433/433 434/434/434
f 435/435/435 436/436/436 437/437/437
f 435/435/435 437/437/437 438/438/438
f 439/439/439 440/440/440 441/441/441
f 439/439/439 441/441/441 442/442/442
f 442/442/442 441/441/441 443/443/443
f 443/443/443 441/441/441 444/444/444
f 443/443/443 444/444/444 445/445/445
f 445/445/445 444/444/444 446/446/446
f 447/447/447 448/448/448 449/449/449
f 447/447/447 449/449/449 450/450/450
f 451/451/451 452/452/452 453/453/453
f 451/451/451 453/453/453 454/454/454
f 455/455/455 456/456/456 457/457/457
f 455/455/455 457/457/457 458/458/458
f 459/459/459 460/460/460 461/461/461
f 460/460/460 459/459/459 462/462/462
f 462/462/462 459/459/459 463/463/463
f 463/463/463 459/459/459 464/464/464
f 465/465/465 466/466/466 467/467/467
f 465/465/465 467/467/467 468/468/468
f 469/469/469 470/470/470 471/471/471
f 472/472/472 470/470/470 469/469/469
f 473/473/473 470/470/470 472/472/472
f 470/470/470 473/473/473 474/474/474
f 475/475/475 476/476/476 477/477/477
f 475/475/475 477/477/477 478/478/478
f 479/479/479 480/480/480 481/481/481
f 482/482/482 480/480/480 479/479/479
f 483/483/483 480/480/480 482/482/482
f 480/480/480 483/483/483 484/484/484
f 485/485/485 486/486/486 487/487/487
f 485/485/485 487/487/487 488/488/488
f 489/489/489 490/490/490 491/491/491
f 489/489/489 491/491/491 492/492/492
f 493/493/493 494/494/494 495/495/495
f 493/493/493 495/495/495 496/496/496
f 497/497/497 498/498/498 499/499/499
f 497/497/497 499/499/499 500/500/500
f 501/501/501 502/502/502 503/503/503
f 501/501/501 503/503/503 504/504/504
f 504/504/504 505/505/505 501/501/501
f 504/504/504 506/506/506 505/505/505
f 507/507/507 508/508/508 509/509/509
f 507/507/507 509/509/509 510/510/510
f 511/511/511 512/512/512 513/513/513
f 511/511/511 513/513/513 514/514/514
f 515/515/515 511/511/511 514/514/514
f 511/511/511 515/515/515 516/516/516
f 517/517/517 516/516/516 515/515/515
f 518/518/518 516/516/516 517/517/517
f 519/519/519 520/520/520 521/521/521
f 519/519/519 521/521/521 522/522/522
f 523/523/523 524/524/524 525/525/525
f 523/523/523 526/526/526 524/524/524
f 527/527/527 528/528/528 529/529/529
f 527/527/527 529/529/529 530/530/530
f 531/531/531 532/532/532 533/533/533
f 531/531/531 533/533/533 534/534/534
f 535/535/535 536/536/536 537/537/537
f 535/535/535 537/537/537 538/538/538
f 539/539/539 540/540/540 541/541/541
f 539/539/539 542/542/542 540/540/540
f 543/543/543 544/544/544 545/545/545
f 543/543/543 546/546/546 544/544/544
f 546/546/546 543/543/543 547/547/547
f 544/544/544 546/546/546 548/548/548
f 549/549/549 550/550/550 551/551/551
f 549/549/549 552/552/552 550/550/550
f 553/553/553 554/554/554 555/555/555
f 553/553/553 555/555/555 556/556/556
f 556/556/556 555/555/555 557/557/557
f 557/557/557 555/555/555 558/558/558
f 557/557/557 558/558/558 559/559/559
f 559/559/559 558/558/558 560/560/560
f 561/561/561 562/562/562 563/563/563
f 561/561/561 563/563/563 564/564/564
f 565/565/565 561/561/561 564/564/564
f 565/565/565 566/566/566 561/561/561
f 567/567/567 568/568/568 569/569/569
f 570/570/570 568/568/568 567/567/567
f 568/568/568 570/570/570 571/571/571
f 570/570/570 567/567/567 572/572/572
f 573/573/573 574/574/574 575/575/575
f 573/573/573 575/575/575 576/576/576
f 577/577/577 578/578/578 579/579/579
f 577/577/577 580/580/580 578/578/578
f 581/581/581 582/582/582 583/583/583
f 584/584/584 582/582/582 581/581/581
f 584/584/584 585/585/585 582/582/582
f 586/586/586 585/585/585 584/584/584
f 587/587/587 585/585/585 586/586/586
f 587/587/587 588/588/588 585/585/585
f 589/589/589 590/590/590 591/591/591
f 589/589/589 592/592/592 590/590/590
f 593/593/593 590/590/590 592/592/592
f 593/593/593 594/594/594 590/590/590
f 595/595/595 596/596/596 597/597/597
f 595/595/595 598/598/598 596/596/596
f 599/599/599 600/600/600 601/601/601
f 602/602/602 600/600/600 599/599/599
f 603/603/603 600/600/600 602/602/602
f 600/600/600 603/603/603 604/604/604
f 605/605/605 604/604/604 603/603/603
f 604/604/604 605/605/605 606/606/606
f 605/605/605 607/607/607 606/606/606
f 606/606/606 607/607/607 608/608/608
f 609/609/609 610/610/610 611/611/611
f 609/609/609 611/611/611 612/612/612
f 613/613/613 614/614/614 615/615/615
f 613/613/613 615/615/615 616/616/616
f 617/617/617 618/618/618 619/619/619
f 617/617/617 620/620/620 618/618/618
f 621/621/621 622/622/622 623/623/623
f 621/621/621 624/624/624 622/622/622
f 625/625/625 626/626/626 627/627/627
f 625/625/625 627/627/627 628/628/628
f 629/629/629 630/630/630 631/631/631
f 629/629/629 631/631/631 632/632/632
f 633/633/633 629/629/629 632/632/632
f 633/633/633 632/632/632 634/634/634
f 635/635/635 636/636/636 637/637/637
f 635/635/635 638/638/638 636/636/636
f 639/639/639 638/638/638 635/635/635
f 639/639/639 635/635/635 640/640/640
f 641/641/641 639/639/639 640/640/640
f 641/641/641 642/642/642 639/639/639
f 643/643/643 644/644/644 645/645/645
f 643/643/643 645/645/645 646/646/646
f 647/647/647 648/648/648 649/649/649
f 647/647/647 650/650/650 648/648/648
f 651/651/651 652/652/652 653/653/653
f 651/651/651 653/653/653 654/654/654
f 655/655/655 656/656/656 657/657/657
f 656/656/656 655/655/655 658/658/658
f 658/658/658 655/655/655 659/659/659
f 659/659/659 655/655/655 660/660/660
f 661/661/661 662/662/662 663/663/663
f 663/663/663 662/662/662 664/664/664
f 665/665/665 664/664/664 662/662/662
f 664/664/664 665/665/665 666/666/666
f 665/665/665 667/667/667 666/666/666
f 665/665/665 668/668/668 667/667/667
f 669/669/669 670/670/670 671/671/671
f 669/669/669 671/671/671 672/672/672
f 673/673/673 674/674/674 675/675/675
f 673/673/673 676/676/676 674/674/674
f 677/677/677 676/676/676 673/673/673
f 677/677/677 673/673/673 678/678/678
f 679/679/679 677/677/677 678/678/678
f 679/679/679 680/680/680 677/677/677
f 681/681/681 682/682/682 683/683/683
f 681/681/681 684/684/684 682/682/682
f 685/685/685 686/686/686 687/687/687
f 685/685/685 687/687/687 688/688/688
f 687/687/687 689/689/689 688/688/688
f 687/687/687 690/690/690 689/689/689
f 689/689/689 690/690/690 691/691/691
f 689/689/689 691/691/691 692/692/692
f 693/693/693 694/694/694 695/695/695
f 693/693/693 696/696/696 694/694/694
f 697/697/697 698/698/698 699/699/699
f 697/697/697 700/700/700 698/698/698
f 701/701/701 702/702/702 703/703/703
f 701/701/701 704/704/704 702/702/702
f 705/705/705 706/706/706 707/707/707
f 705/705/705 707/707/707 708/708/708
f 709/709/709 710/710/710 711/711/711
f 709/709/709 712/712/712 710/710/710
f 713/713/713 714/714/714 715/715/715
f 716/716/716 714/714/714 713/713/713
f 717/717/717 714/714/714 716/716/716
f 714/714/714 717/717/717 718/718/718
f 719/719/719 720/720/720 721/721/721
f 719/719/719 722/722/722 720/720/720
f 723/723/723 724/724/724 725/725/725
f 723/723/723 725/725/725 726/726/726
f 727/727/727 728/728/728 729/729/729
f 728/728/728 727/727/727 730/730/730
f 730/730/730 727/727/727 731/731/731
f 731/731/731 727/727/727 732/732/732
f 733/733/733 734/734/734 735/735/735
f 733/733/733 735/735/735 736/736/736
f 737/737/737 733/733/733 736/736/736
f 733/733/733 737/737/737 738/738/738
f 739/739/739 738/738/738 737/737/737
f 740/740/740 738/738/738 739/739/739
f 741/741/741 742/742/742 743/743/743
f 744/744/744 742/742/742 741/741/741
f 744/744/744 745/745/745 742/742/742
f 746/746/746 745/745/745 744/744/744
f 745/745/745 746/746/746 747/747/747
f 748/748/748 747/747/747 746/746/746
f 749/749/749 750/750/750 751/751/751
f 749/749/749 752/752/752 750/750/750
f 752/752/752 749/749/749 753/753/753
f 750/750/750 752/752/752 754/754/754
f 755/755/755 756/756/756 757/757/757
f 755/755/755 757/757/757 758/758/758
f 759/759/759 760/760/760 761/761/761
f 759/759/759 761/761/761 762/762/762
f 763/763/763 764/764/764 765/765/765
f 763/763/763 766/766/766 764/764/764
f 767/767/767 768/768/768 769/769/769
f 767/767/767 769/769/769 770/770/770
f 771/771/771 772/772/772 773/773/773
f 771/771/771 773/773/773 774/774/774
f 775/775/775 771/771/771 774/774/774
f 775/775/775 774/774/774 776/776/776
f 777/777/777 775/775/775 776/776/776
f 777/777/777 776/776/776 778/778/778
f 777/777/777 778/778/778 779/779/779
f 777/777/777 779/779/779 780/780/780
f 781/781/781 782/782/782 783/783/783
f 781/781/781 783/783/783 784/784/784
f 785/785/785 782/782/782 781/781/781
f 786/786/786 781/781/781 784/784/784
f 782/782/782 785/785/785 787/787/787
f 786/786/786 784/784/784 787/787/787
f 787/787/787 785/785/785 788/788/788
f 787/787/787 788/788/788 786/786/786
