# Unturned item rip -> Godot (X+Z negated, winding reversed, RH Y-up)
v -0.251244 -0.202481 -0.271738
v -0.087553 -0.278060 -0.246998
v -0.251244 -0.036363 -0.271738
v -0.087553 0.308513 -0.155942
v -0.000000 0.072723 -0.155942
v 0.000000 0.308513 -0.214699
v -0.000000 0.072723 -0.155942
v -0.251244 0.242210 -0.180682
v -0.251244 0.093980 -0.180682
v 0.251244 0.093980 -0.180682
v 0.251244 0.242210 -0.180682
v 0.087553 0.308513 -0.155942
v 0.000000 0.308513 -0.214699
v -0.000000 0.072723 -0.155942
v 0.266383 -0.207485 -0.221450
v 0.264617 -0.025125 -0.221450
v 0.132312 -0.274289 -0.221450
v 0.132312 -0.274289 -0.173374
v 0.264617 -0.025125 -0.173374
v 0.266383 -0.207485 -0.173374
v 0.038359 -0.300393 -0.222251
v 0.048550 -0.326489 -0.149700
v 0.092656 -0.300393 -0.167983
v 0.251244 -0.202481 -0.271738
v 0.251244 -0.036363 -0.271738
v 0.087553 -0.278060 -0.246998
v 0.087553 -0.278060 -0.246998
v 0.118259 -0.278060 0.004868
v 0.251244 -0.202481 -0.043536
v 0.251244 -0.202481 -0.271738
v 0.086170 -0.190154 -0.092897
v 0.086170 0.319674 -0.092897
v -0.086170 0.319674 -0.092897
v -0.086170 -0.190154 -0.092897
v -0.251244 -0.202481 -0.043536
v -0.118259 -0.278060 0.004868
v -0.087553 -0.278060 -0.246998
v -0.251244 -0.202481 -0.271738
v 0.078140 -0.229113 -0.549996
v 0.220974 -0.229113 -0.499099
v 0.220974 -0.008403 -0.499099
v 0.078140 -0.008403 -0.549996
v -0.078140 -0.008403 -0.549996
v -0.078140 -0.229113 -0.549996
v -0.220974 -0.229113 -0.499099
v -0.220974 -0.008403 -0.499099
v 0.220974 -0.229113 -0.369555
v 0.220974 0.052738 -0.339386
v 0.220974 -0.008403 -0.499099
v 0.220974 -0.229113 -0.499099
v -0.144652 -0.068813 -0.520503
v -0.144652 -0.068813 0.029023
v -0.144652 -0.285755 0.029023
v -0.144652 -0.285755 -0.520503
v -0.087553 0.308513 -0.155942
v -0.251244 0.242210 -0.043536
v -0.251244 0.242210 -0.180682
v -0.118259 0.308513 0.004868
v 0.087553 0.308513 -0.155942
v 0.000000 0.308513 -0.214699
v 0.118259 0.308513 0.004868
v 0.251244 0.242210 -0.043536
v 0.251244 0.242210 -0.180682
v -0.144652 -0.068813 -0.520503
v -0.144652 -0.285755 -0.520503
v 0.144652 -0.285755 -0.520503
v 0.144652 -0.068813 -0.520503
v -0.220974 -0.229113 -0.369555
v -0.220974 -0.229113 -0.499099
v -0.220974 -0.008403 -0.499099
v -0.220974 0.052738 -0.339386
v -0.174474 -0.255400 -0.138836
v -0.228995 -0.228995 -0.138836
v -0.228995 -0.228995 -0.078257
v -0.174474 -0.255400 -0.078257
v -0.174474 -0.255400 -0.220286
v -0.228995 -0.228995 -0.220286
v -0.228995 -0.228995 -0.159708
v -0.174474 -0.255400 -0.159708
v -0.237238 0.085637 -0.309616
v -0.237238 -0.012757 -0.309616
v -0.237238 -0.012757 -0.504651
v -0.237238 0.085637 -0.504651
v 0.144652 -0.285755 -0.520503
v -0.144652 -0.285755 0.029023
v 0.144652 -0.285755 0.029023
v -0.144652 -0.285755 -0.520503
v 0.078140 -0.229113 -0.549996
v 0.220974 -0.229113 -0.369555
v 0.220974 -0.229113 -0.499099
v -0.220974 -0.229113 -0.369555
v -0.078140 -0.229113 -0.549996
v -0.220974 -0.229113 -0.499099
v -0.164440 -0.234682 -0.159708
v -0.228995 -0.228995 -0.159708
v -0.218961 -0.208277 -0.159708
v -0.174474 -0.255400 -0.159708
v -0.218961 -0.208277 -0.159708
v -0.228995 -0.228995 -0.159708
v -0.228995 -0.228995 -0.220286
v -0.218961 -0.208277 -0.220286
v 0.220974 -0.229113 -0.369555
v -0.220974 -0.229113 -0.369555
v -0.220974 0.052738 -0.339386
v 0.220974 0.052738 -0.339386
v 0.144652 -0.068813 0.029023
v -0.144652 -0.068813 0.029023
v -0.144652 -0.068813 -0.520503
v 0.144652 -0.068813 -0.520503
v -0.309595 0.109673 -0.312375
v -0.309595 -0.036792 -0.312375
v -0.309595 0.036440 -0.342709
v -0.309595 0.140007 -0.239142
v -0.309595 0.109673 -0.165909
v -0.309595 -0.036792 -0.165909
v -0.309595 -0.067126 -0.239142
v -0.309595 0.036440 -0.135575
v 0.264617 -0.025125 -0.221450
v 0.266383 -0.207485 -0.221450
v 0.266383 -0.207485 -0.173374
v 0.264617 -0.025125 -0.173374
v 0.144652 -0.285755 0.029023
v 0.144652 -0.068813 -0.520503
v 0.144652 -0.285755 -0.520503
v 0.144652 -0.068813 0.029023
v 0.000021 -0.307167 -0.301624
v -0.085828 -0.307167 -0.387429
v -0.060674 -0.307167 -0.326746
v 0.060704 -0.307167 -0.326777
v 0.085827 -0.307167 -0.387473
v -0.060705 -0.307167 -0.448125
v -0.000023 -0.307167 -0.473278
v 0.060673 -0.307167 -0.448156
v 0.237238 -0.012757 -0.504651
v 0.237238 -0.012757 -0.309616
v 0.237238 0.085637 -0.309616
v 0.237238 0.085637 -0.504651
v 0.266383 -0.207485 -0.221450
v 0.132312 -0.274289 -0.173374
v 0.266383 -0.207485 -0.173374
v 0.132312 -0.274289 -0.221450
v 0.272978 -0.059539 -0.143163
v 0.272978 -0.059539 -0.335121
v 0.272978 -0.099295 -0.239142
v 0.272978 0.132419 -0.143163
v 0.272978 0.036440 -0.103408
v 0.272978 0.172174 -0.239142
v 0.272978 0.132419 -0.335121
v 0.272978 0.036440 -0.374876
v -0.086170 0.319674 -0.092897
v 0.086170 0.319674 -0.092897
v 0.086170 0.319674 0.021062
v -0.086170 0.319674 0.021062
v -0.218961 -0.208277 -0.078257
v -0.228995 -0.228995 -0.078257
v -0.228995 -0.228995 -0.138836
v -0.218961 -0.208277 -0.138836
v -0.164440 -0.234682 -0.138836
v -0.218961 -0.208277 -0.138836
v -0.228995 -0.228995 -0.138836
v -0.174474 -0.255400 -0.138836
v -0.144652 -0.068813 0.029023
v 0.144652 -0.068813 0.029023
v 0.144652 -0.285755 0.029023
v -0.144652 -0.285755 0.029023
v -0.164440 -0.234682 -0.078257
v -0.174474 -0.255400 -0.078257
v -0.228995 -0.228995 -0.078257
v -0.218961 -0.208277 -0.078257
v -0.237238 0.085637 -0.504651
v 0.000000 0.085637 -0.510174
v -0.237238 0.085637 -0.309616
v -0.079346 0.085637 -0.562098
v 0.079346 0.085637 -0.562098
v 0.237238 0.085637 -0.504651
v 0.237238 0.085637 -0.309616
v -0.118259 0.308513 0.004868
v -0.251244 -0.202481 -0.043536
v -0.251244 0.242210 -0.043536
v -0.118259 -0.278060 0.004868
v 0.118259 -0.278060 0.004868
v 0.118259 0.308513 0.004868
v 0.251244 -0.202481 -0.043536
v 0.251244 0.242210 -0.043536
v -0.272977 0.132419 -0.335121
v -0.272977 -0.059539 -0.335121
v -0.272977 0.036440 -0.374876
v -0.272977 0.172174 -0.239142
v -0.272977 0.132419 -0.143163
v -0.272977 -0.099295 -0.239142
v -0.272977 -0.059539 -0.143163
v -0.272977 0.036440 -0.103408
v -0.164440 -0.234682 -0.138836
v -0.174474 -0.255400 -0.138836
v -0.174474 -0.255400 -0.078257
v -0.164440 -0.234682 -0.078257
v 0.237238 0.085637 -0.504651
v 0.079346 -0.012757 -0.562098
v 0.237238 -0.012757 -0.504651
v 0.079346 0.085637 -0.562098
v -0.079346 -0.012757 -0.562098
v -0.079346 0.085637 -0.562098
v -0.237238 -0.012757 -0.504651
v -0.237238 0.085637 -0.504651
v 0.000000 -0.012757 -0.510174
v -0.237238 -0.012757 -0.504651
v -0.237238 -0.012757 -0.309616
v -0.079346 -0.012757 -0.562098
v 0.079346 -0.012757 -0.562098
v 0.237238 -0.012757 -0.504651
v 0.237238 -0.012757 -0.309616
v -0.164440 -0.234682 -0.220286
v -0.228995 -0.228995 -0.220286
v -0.174474 -0.255400 -0.220286
v -0.218961 -0.208277 -0.220286
v 0.086170 0.319674 -0.092897
v 0.086170 -0.190154 0.021062
v 0.086170 0.319674 0.021062
v 0.086170 -0.190154 -0.092897
v -0.086170 0.319674 0.021062
v -0.086170 -0.190154 -0.092897
v -0.086170 0.319674 -0.092897
v -0.086170 -0.190154 0.021062
v 0.097204 -0.306416 -0.169868
v 0.040292 -0.306416 -0.032370
v 0.097225 -0.306416 -0.089332
v -0.097206 -0.306416 -0.089283
v -0.040244 -0.306416 -0.032350
v -0.097226 -0.306416 -0.169818
v -0.040293 -0.306416 -0.226780
v 0.040242 -0.306416 -0.226801
v 0.309596 -0.036792 -0.165909
v 0.309596 -0.036792 -0.312375
v 0.309596 -0.067126 -0.239142
v 0.309596 0.109673 -0.312375
v 0.309596 0.036440 -0.342708
v 0.309596 0.140007 -0.239142
v 0.309596 0.109673 -0.165909
v 0.309596 0.036440 -0.135575
v -0.251244 0.242210 -0.043536
v -0.251244 0.093980 -0.180682
v -0.251244 0.242210 -0.180682
v -0.251244 -0.202481 -0.043536
v -0.251244 -0.036363 -0.271738
v -0.251244 -0.202481 -0.271738
v 0.251244 0.093980 -0.180682
v 0.251244 0.242210 -0.043536
v 0.251244 0.242210 -0.180682
v 0.251244 -0.202481 -0.043536
v 0.251244 -0.036363 -0.271738
v 0.251244 -0.202481 -0.271738
v -0.174474 -0.255400 -0.220286
v -0.174474 -0.255400 -0.159708
v -0.164440 -0.234682 -0.159708
v -0.164440 -0.234682 -0.220286
v 0.086170 0.319674 0.021062
v -0.086170 -0.190154 0.021062
v -0.086170 0.319674 0.021062
v 0.086170 -0.190154 0.021062
v -0.092657 -0.300393 -0.091168
v -0.092677 -0.314132 -0.167935
v -0.092657 -0.314132 -0.091168
v -0.038361 -0.314132 -0.036899
v -0.092677 -0.300393 -0.167935
v -0.038361 -0.300393 -0.036899
v -0.038408 -0.314132 -0.222232
v 0.038407 -0.300393 -0.036919
v -0.038408 -0.300393 -0.222232
v 0.038407 -0.314132 -0.036919
v 0.038359 -0.314132 -0.222251
v 0.092675 -0.300393 -0.091215
v 0.038359 -0.300393 -0.222251
v 0.092675 -0.314132 -0.091215
v 0.092656 -0.314132 -0.167983
v 0.092656 -0.300393 -0.167983
v -0.202927 -0.077269 -0.125433
v -0.272977 -0.099295 -0.239142
v -0.272977 -0.059539 -0.143163
v -0.272977 0.036440 -0.103408
v -0.202927 -0.124368 -0.239142
v -0.202927 0.036440 -0.078334
v -0.202927 0.150148 -0.125433
v -0.272977 0.132419 -0.143163
v -0.202927 -0.077269 -0.352851
v -0.272977 -0.059539 -0.335121
v -0.202927 0.197248 -0.239142
v -0.272977 0.172174 -0.239142
v -0.272977 0.132419 -0.335121
v -0.202927 0.150148 -0.352851
v -0.272977 0.036440 -0.374876
v -0.202927 0.036440 -0.399950
v 0.000020 -0.315034 -0.305639
v -0.057836 -0.315034 -0.329587
v 0.000028 -0.315034 -0.274846
v 0.057863 -0.315034 -0.329616
v -0.079604 -0.315034 -0.307807
v 0.079643 -0.315034 -0.307848
v -0.081812 -0.315034 -0.387430
v -0.112605 -0.315034 -0.387422
v 0.081811 -0.315034 -0.387472
v 0.112604 -0.315034 -0.387480
v 0.079602 -0.315034 -0.467095
v 0.057834 -0.315034 -0.445315
v -0.000029 -0.315034 -0.500056
v -0.000022 -0.315034 -0.469262
v -0.079644 -0.315034 -0.467054
v -0.057865 -0.315034 -0.445286
v -0.038408 -0.314132 -0.222232
v -0.127559 -0.314132 -0.182374
v -0.092677 -0.314132 -0.167935
v -0.092657 -0.314132 -0.091168
v -0.052864 -0.314132 -0.257107
v -0.127532 -0.314132 -0.076712
v 0.038359 -0.314132 -0.222251
v 0.052798 -0.314132 -0.257134
v 0.127531 -0.314132 -0.182439
v 0.092656 -0.314132 -0.167983
v 0.127558 -0.314132 -0.076777
v 0.092675 -0.314132 -0.091215
v 0.052863 -0.314132 -0.002044
v 0.038407 -0.314132 -0.036919
v -0.052799 -0.314132 -0.002017
v -0.038361 -0.314132 -0.036899
v 0.052798 -0.314132 -0.257134
v -0.052864 -0.273813 -0.257107
v -0.052864 -0.314132 -0.257107
v -0.127559 -0.314132 -0.182374
v 0.052798 -0.273813 -0.257134
v -0.127559 -0.273813 -0.182374
v 0.127531 -0.314132 -0.182439
v 0.127531 -0.273813 -0.182439
v 0.127558 -0.314132 -0.076777
v 0.127558 -0.273813 -0.076777
v -0.127532 -0.273813 -0.076712
v -0.127532 -0.314132 -0.076712
v -0.052799 -0.314132 -0.002017
v -0.052799 -0.273813 -0.002017
v 0.052863 -0.314132 -0.002044
v 0.052863 -0.273813 -0.002044
v 0.202928 0.150148 -0.352851
v 0.272978 0.036440 -0.374876
v 0.272978 0.132419 -0.335121
v 0.272978 0.172174 -0.239142
v 0.202928 0.036440 -0.399950
v 0.202928 0.197248 -0.239142
v 0.272978 0.132419 -0.143163
v 0.202928 0.150148 -0.125433
v 0.272978 0.036440 -0.103408
v 0.202928 0.036440 -0.078334
v 0.272978 -0.059539 -0.143163
v 0.202927 -0.077269 -0.125433
v 0.272978 -0.099295 -0.239142
v 0.202927 -0.124368 -0.239142
v 0.272978 -0.059539 -0.335121
v 0.202927 -0.077269 -0.352851
v -0.268356 0.036440 -0.355932
v -0.309595 0.036440 -0.342709
v -0.309595 -0.036792 -0.312375
v -0.309595 0.109673 -0.312375
v -0.268355 -0.046142 -0.321725
v -0.268355 0.119023 -0.321725
v -0.268355 -0.080349 -0.239142
v -0.268356 0.153230 -0.239142
v -0.309595 -0.067126 -0.239142
v -0.309595 0.140007 -0.239142
v -0.268356 -0.046142 -0.156559
v -0.268356 0.119023 -0.156559
v -0.309595 -0.036792 -0.165909
v -0.309595 0.109673 -0.165909
v -0.268356 0.036440 -0.122352
v -0.309595 0.036440 -0.135575
v 0.038407 -0.300393 -0.036919
v 0.092675 -0.300393 -0.091215
v 0.048561 -0.326489 -0.109475
v 0.092656 -0.300393 -0.167983
v 0.048550 -0.326489 -0.149700
v 0.020099 -0.326489 -0.178137
v 0.038359 -0.300393 -0.222251
v -0.038408 -0.300393 -0.222232
v 0.020124 -0.326489 -0.081024
v -0.038361 -0.300393 -0.036899
v -0.020101 -0.326489 -0.081014
v -0.048552 -0.326489 -0.109450
v -0.092657 -0.300393 -0.091168
v -0.048562 -0.326489 -0.149675
v -0.092677 -0.300393 -0.167935
v -0.020126 -0.326489 -0.178126
v -0.000022 -0.301026 -0.469262
v -0.057865 -0.301026 -0.445286
v -0.030321 -0.327633 -0.417756
v -0.081812 -0.301026 -0.387430
v -0.000012 -0.327633 -0.430319
v 0.030304 -0.327633 -0.417771
v 0.057834 -0.301026 -0.445315
v -0.042869 -0.327633 -0.387440
v -0.057836 -0.301026 -0.329587
v -0.030306 -0.327633 -0.357131
v 0.000020 -0.301026 -0.305639
v 0.000010 -0.327633 -0.344583
v 0.057863 -0.301026 -0.329616
v 0.042868 -0.327633 -0.387462
v 0.081811 -0.301026 -0.387472
v 0.030319 -0.327633 -0.357146
v 0.057863 -0.301026 -0.329616
v 0.000020 -0.301026 -0.305639
v 0.000020 -0.315034 -0.305639
v -0.057836 -0.301026 -0.329587
v 0.057863 -0.315034 -0.329616
v -0.057836 -0.315034 -0.329587
v 0.081811 -0.301026 -0.387472
v -0.081812 -0.315034 -0.387430
v 0.081811 -0.315034 -0.387472
v -0.081812 -0.301026 -0.387430
v 0.057834 -0.301026 -0.445315
v -0.057865 -0.315034 -0.445286
v 0.057834 -0.315034 -0.445315
v -0.057865 -0.301026 -0.445286
v -0.000022 -0.301026 -0.469262
v -0.000022 -0.315034 -0.469262
v 0.079602 -0.315034 -0.467095
v -0.000029 -0.271577 -0.500056
v -0.000029 -0.315034 -0.500056
v -0.079644 -0.315034 -0.467054
v 0.079602 -0.271577 -0.467095
v -0.079644 -0.271577 -0.467054
v 0.112604 -0.315034 -0.387480
v 0.112604 -0.271577 -0.387480
v 0.079643 -0.315034 -0.307848
v 0.079643 -0.271577 -0.307848
v -0.112605 -0.271577 -0.387422
v -0.112605 -0.315034 -0.387422
v -0.079604 -0.315034 -0.307807
v -0.079604 -0.271577 -0.307807
v 0.000028 -0.315034 -0.274846
v 0.000028 -0.271577 -0.274846
v 0.309596 0.109673 -0.165909
v 0.268356 0.119023 -0.156559
v 0.268356 0.153230 -0.239142
v 0.268356 0.036440 -0.122352
v 0.309596 0.140007 -0.239142
v 0.309596 0.036440 -0.135575
v 0.268356 -0.046143 -0.156559
v 0.309596 -0.036792 -0.165909
v 0.268357 -0.080350 -0.239142
v 0.309596 -0.067126 -0.239142
v 0.268357 0.119023 -0.321725
v 0.309596 0.109673 -0.312375
v 0.268357 -0.046143 -0.321725
v 0.309596 -0.036792 -0.312375
v 0.309596 0.036440 -0.342708
v 0.268356 0.036440 -0.355932
v -0.069944 0.022818 -0.532384
v -0.209831 0.120187 -0.482273
v -0.209831 0.022818 -0.482273
v -0.069944 0.120187 -0.532384
v 0.069944 0.022818 -0.532384
v -0.069944 0.241178 -0.481081
v -0.209831 0.203594 -0.443498
v -0.209831 0.245131 -0.357328
v 0.069944 0.120187 -0.532384
v 0.209831 0.022818 -0.482273
v 0.209831 0.120187 -0.482273
v 0.069944 0.241178 -0.481081
v 0.209831 0.203594 -0.443498
v 0.209831 0.245131 -0.357328
v 0.069944 0.295243 -0.357328
v 0.209831 0.245131 -0.046679
v 0.069944 0.295243 -0.022655
v -0.069944 0.295243 -0.022655
v -0.069944 0.295243 -0.357328
v -0.209831 0.245131 -0.046679
v 0.209831 0.245131 -0.357328
v 0.209831 0.015331 -0.046679
v 0.209831 0.245131 -0.046679
v 0.209831 0.022818 -0.482273
v 0.209831 0.120187 -0.482273
v 0.209831 0.203594 -0.443498
v -0.209831 0.245131 -0.357328
v -0.209831 0.120187 -0.482273
v -0.209831 0.203594 -0.443498
v -0.209831 0.022818 -0.482273
v -0.209831 0.015331 -0.046679
v -0.209831 0.245131 -0.046679
v -0.204403 -0.204801 -0.370805
v -0.204403 -0.067225 -0.358329
v -0.204403 -0.067225 -0.264631
v -0.204403 -0.204801 -0.245250
v -0.204403 -0.204801 -0.245250
v 0.204403 -0.204801 -0.370805
v -0.204403 -0.204801 -0.370805
v 0.204403 -0.204801 -0.245250
v 0.204403 -0.204801 -0.370805
v 0.204403 -0.204801 -0.245250
v 0.204403 -0.067225 -0.264631
v 0.204403 -0.067225 -0.358329
vt 0.957008481 0.771288455
vt 0.957008481 0.771288455
vt 0.957008481 0.771288455
vt 0.957008481 0.771288455
vt 0.957008481 0.771288455
vt 0.957008481 0.771288455
vt 0.957008481 0.771288455
vt 0.957008481 0.771288455
vt 0.957008481 0.771288455
vt 0.957008481 0.771288455
vt 0.957008481 0.771288455
vt 0.957008481 0.771288455
vt 0.957008481 0.771288455
vt 0.957008481 0.771288455
vt 0.862856805 0.194039583
vt 0.862856805 0.194039583
vt 0.862856805 0.194039583
vt 0.862856805 0.194039583
vt 0.862856805 0.194039583
vt 0.862856805 0.194039583
vt 0.189528853 0.761441588
vt 0.189528853 0.761441588
vt 0.189528853 0.761441588
vt 0.957008481 0.771288455
vt 0.957008481 0.771288455
vt 0.957008481 0.771288455
vt 0.957008481 0.771288455
vt 0.957008481 0.771288455
vt 0.957008481 0.771288455
vt 0.957008481 0.771288455
vt 0.951027393 0.105497725
vt 0.951027393 0.105497725
vt 0.951027393 0.105497725
vt 0.951027393 0.105497725
vt 0.957008481 0.771288455
vt 0.957008481 0.771288455
vt 0.957008481 0.771288455
vt 0.957008481 0.771288455
vt 0.957008481 0.771288455
vt 0.957008481 0.771288455
vt 0.957008481 0.771288455
vt 0.957008481 0.771288455
vt 0.957008481 0.771288455
vt 0.957008481 0.771288455
vt 0.957008481 0.771288455
vt 0.957008481 0.771288455
vt 0.957008481 0.771288455
vt 0.957008481 0.771288455
vt 0.957008481 0.771288455
vt 0.957008481 0.771288455
vt 0.951027393 0.105497725
vt 0.951027393 0.105497725
vt 0.951027393 0.105497725
vt 0.951027393 0.105497725
vt 0.957008481 0.771288455
vt 0.957008481 0.771288455
vt 0.957008481 0.771288455
vt 0.957008481 0.771288455
vt 0.957008481 0.771288455
vt 0.957008481 0.771288455
vt 0.957008481 0.771288455
vt 0.957008481 0.771288455
vt 0.957008481 0.771288455
vt 0.951027393 0.105497725
vt 0.951027393 0.105497725
vt 0.951027393 0.105497725
vt 0.951027393 0.105497725
vt 0.957008481 0.771288455
vt 0.957008481 0.771288455
vt 0.957008481 0.771288455
vt 0.957008481 0.771288455
vt 0.132751092 0.229377598
vt 0.132751092 0.229377598
vt 0.132751092 0.229377598
vt 0.132751092 0.229377598
vt 0.343304694 0.0312095173
vt 0.343304694 0.0312095173
vt 0.343304694 0.0312095173
vt 0.343304694 0.0312095173
vt 0.951027393 0.105497725
vt 0.951027393 0.105497725
vt 0.951027393 0.105497725
vt 0.951027393 0.105497725
vt 0.951027393 0.105497725
vt 0.951027393 0.105497725
vt 0.951027393 0.105497725
vt 0.951027393 0.105497725
vt 0.957008481 0.771288455
vt 0.957008481 0.771288455
vt 0.957008481 0.771288455
vt 0.957008481 0.771288455
vt 0.957008481 0.771288455
vt 0.957008481 0.771288455
vt 0.343304694 0.0312095173
vt 0.343304694 0.0312095173
vt 0.343304694 0.0312095173
vt 0.343304694 0.0312095173
vt 0.343304694 0.0312095173
vt 0.343304694 0.0312095173
vt 0.343304694 0.0312095173
vt 0.343304694 0.0312095173
vt 0.957008481 0.771288455
vt 0.957008481 0.771288455
vt 0.957008481 0.771288455
vt 0.957008481 0.771288455
vt 0.951027393 0.105497725
vt 0.951027393 0.105497725
vt 0.951027393 0.105497725
vt 0.951027393 0.105497725
vt 0.688949883 0.913635969
vt 0.689838886 0.922240436
vt 0.689781725 0.917209983
vt 0.687735319 0.913787186
vt 0.686919749 0.917537451
vt 0.687753439 0.925935149
vt 0.689004064 0.925993264
vt 0.686873198 0.922554255
vt 0.862856805 0.194039583
vt 0.862856805 0.194039583
vt 0.862856805 0.194039583
vt 0.862856805 0.194039583
vt 0.951027393 0.105497725
vt 0.951027393 0.105497725
vt 0.951027393 0.105497725
vt 0.951027393 0.105497725
vt 0.368755639 0.806538701
vt 0.368755639 0.806538701
vt 0.368755639 0.806538701
vt 0.368755639 0.806538701
vt 0.368755639 0.806538701
vt 0.368755639 0.806538701
vt 0.368755639 0.806538701
vt 0.368755639 0.806538701
vt 0.951027393 0.105497725
vt 0.951027393 0.105497725
vt 0.951027393 0.105497725
vt 0.951027393 0.105497725
vt 0.862856805 0.194039583
vt 0.862856805 0.194039583
vt 0.862856805 0.194039583
vt 0.862856805 0.194039583
vt 0.951027393 0.105497725
vt 0.951027393 0.105497725
vt 0.951027393 0.105497725
vt 0.951027393 0.105497725
vt 0.951027393 0.105497725
vt 0.951027393 0.105497725
vt 0.951027393 0.105497725
vt 0.951027393 0.105497725
vt 0.951027393 0.105497725
vt 0.951027393 0.105497725
vt 0.951027393 0.105497725
vt 0.951027393 0.105497725
vt 0.132751092 0.229377598
vt 0.132751092 0.229377598
vt 0.132751092 0.229377598
vt 0.132751092 0.229377598
vt 0.132751092 0.229377598
vt 0.132751092 0.229377598
vt 0.132751092 0.229377598
vt 0.132751092 0.229377598
vt 0.951027393 0.105497725
vt 0.951027393 0.105497725
vt 0.951027393 0.105497725
vt 0.951027393 0.105497725
vt 0.132751092 0.229377598
vt 0.132751092 0.229377598
vt 0.132751092 0.229377598
vt 0.132751092 0.229377598
vt 0.951027393 0.105497725
vt 0.951027393 0.105497725
vt 0.951027393 0.105497725
vt 0.951027393 0.105497725
vt 0.951027393 0.105497725
vt 0.951027393 0.105497725
vt 0.951027393 0.105497725
vt 0.957008481 0.771288455
vt 0.957008481 0.771288455
vt 0.957008481 0.771288455
vt 0.957008481 0.771288455
vt 0.957008481 0.771288455
vt 0.957008481 0.771288455
vt 0.957008481 0.771288455
vt 0.957008481 0.771288455
vt 0.951027393 0.105497725
vt 0.951027393 0.105497725
vt 0.951027393 0.105497725
vt 0.951027393 0.105497725
vt 0.951027393 0.105497725
vt 0.951027393 0.105497725
vt 0.951027393 0.105497725
vt 0.951027393 0.105497725
vt 0.132751092 0.229377598
vt 0.132751092 0.229377598
vt 0.132751092 0.229377598
vt 0.132751092 0.229377598
vt 0.951027393 0.105497725
vt 0.951027393 0.105497725
vt 0.951027393 0.105497725
vt 0.951027393 0.105497725
vt 0.951027393 0.105497725
vt 0.951027393 0.105497725
vt 0.951027393 0.105497725
vt 0.951027393 0.105497725
vt 0.951027393 0.105497725
vt 0.951027393 0.105497725
vt 0.951027393 0.105497725
vt 0.951027393 0.105497725
vt 0.951027393 0.105497725
vt 0.951027393 0.105497725
vt 0.951027393 0.105497725
vt 0.343304694 0.0312095173
vt 0.343304694 0.0312095173
vt 0.343304694 0.0312095173
vt 0.343304694 0.0312095173
vt 0.951027393 0.105497725
vt 0.951027393 0.105497725
vt 0.951027393 0.105497725
vt 0.951027393 0.105497725
vt 0.951027393 0.105497725
vt 0.951027393 0.105497725
vt 0.951027393 0.105497725
vt 0.951027393 0.105497725
vt 0.368755639 0.806538701
vt 0.368755639 0.806538701
vt 0.368755639 0.806538701
vt 0.368755639 0.806538701
vt 0.368755639 0.806538701
vt 0.368755639 0.806538701
vt 0.368755639 0.806538701
vt 0.368755639 0.806538701
vt 0.686868727 0.934938252
vt 0.688985944 0.938296854
vt 0.68807286 0.93490994
vt 0.688125074 0.94683814
vt 0.689042032 0.943348289
vt 0.686888754 0.947079837
vt 0.686017275 0.943655491
vt 0.686065078 0.938696504
vt 0.957008481 0.771288455
vt 0.957008481 0.771288455
vt 0.957008481 0.771288455
vt 0.957008481 0.771288455
vt 0.957008481 0.771288455
vt 0.957008481 0.771288455
vt 0.957008481 0.771288455
vt 0.957008481 0.771288455
vt 0.957008481 0.771288455
vt 0.957008481 0.771288455
vt 0.957008481 0.771288455
vt 0.957008481 0.771288455
vt 0.343304694 0.0312095173
vt 0.343304694 0.0312095173
vt 0.343304694 0.0312095173
vt 0.343304694 0.0312095173
vt 0.951027393 0.105497725
vt 0.951027393 0.105497725
vt 0.951027393 0.105497725
vt 0.951027393 0.105497725
vt 0.85298121 0.726660728
vt 0.85298121 0.726660728
vt 0.85298121 0.726660728
vt 0.85298121 0.726660728
vt 0.85298121 0.726660728
vt 0.85298121 0.726660728
vt 0.85298121 0.726660728
vt 0.85298121 0.726660728
vt 0.85298121 0.726660728
vt 0.85298121 0.726660728
vt 0.85298121 0.726660728
vt 0.85298121 0.726660728
vt 0.85298121 0.726660728
vt 0.85298121 0.726660728
vt 0.85298121 0.726660728
vt 0.85298121 0.726660728
vt 0.951027393 0.105497725
vt 0.951027393 0.105497725
vt 0.951027393 0.105497725
vt 0.951027393 0.105497725
vt 0.951027393 0.105497725
vt 0.951027393 0.105497725
vt 0.951027393 0.105497725
vt 0.951027393 0.105497725
vt 0.951027393 0.105497725
vt 0.951027393 0.105497725
vt 0.951027393 0.105497725
vt 0.951027393 0.105497725
vt 0.951027393 0.105497725
vt 0.951027393 0.105497725
vt 0.951027393 0.105497725
vt 0.951027393 0.105497725
vt 0.85298121 0.726660728
vt 0.85298121 0.726660728
vt 0.85298121 0.726660728
vt 0.85298121 0.726660728
vt 0.85298121 0.726660728
vt 0.85298121 0.726660728
vt 0.85298121 0.726660728
vt 0.85298121 0.726660728
vt 0.85298121 0.726660728
vt 0.85298121 0.726660728
vt 0.85298121 0.726660728
vt 0.85298121 0.726660728
vt 0.85298121 0.726660728
vt 0.85298121 0.726660728
vt 0.85298121 0.726660728
vt 0.85298121 0.726660728
vt 0.85298121 0.726660728
vt 0.85298121 0.726660728
vt 0.85298121 0.726660728
vt 0.85298121 0.726660728
vt 0.85298121 0.726660728
vt 0.85298121 0.726660728
vt 0.85298121 0.726660728
vt 0.85298121 0.726660728
vt 0.85298121 0.726660728
vt 0.85298121 0.726660728
vt 0.85298121 0.726660728
vt 0.85298121 0.726660728
vt 0.85298121 0.726660728
vt 0.85298121 0.726660728
vt 0.85298121 0.726660728
vt 0.85298121 0.726660728
vt 0.85298121 0.726660728
vt 0.85298121 0.726660728
vt 0.85298121 0.726660728
vt 0.85298121 0.726660728
vt 0.85298121 0.726660728
vt 0.85298121 0.726660728
vt 0.85298121 0.726660728
vt 0.85298121 0.726660728
vt 0.85298121 0.726660728
vt 0.85298121 0.726660728
vt 0.85298121 0.726660728
vt 0.85298121 0.726660728
vt 0.85298121 0.726660728
vt 0.85298121 0.726660728
vt 0.85298121 0.726660728
vt 0.85298121 0.726660728
vt 0.951027393 0.105497725
vt 0.951027393 0.105497725
vt 0.951027393 0.105497725
vt 0.951027393 0.105497725
vt 0.951027393 0.105497725
vt 0.951027393 0.105497725
vt 0.951027393 0.105497725
vt 0.951027393 0.105497725
vt 0.951027393 0.105497725
vt 0.951027393 0.105497725
vt 0.951027393 0.105497725
vt 0.951027393 0.105497725
vt 0.951027393 0.105497725
vt 0.951027393 0.105497725
vt 0.951027393 0.105497725
vt 0.951027393 0.105497725
vt 0.690625846 0.915799558
vt 0.689781725 0.917209983
vt 0.689838886 0.922240436
vt 0.688949883 0.913635969
vt 0.690625846 0.923634946
vt 0.689245164 0.910728455
vt 0.689331114 0.928955138
vt 0.687447548 0.910700798
vt 0.689004064 0.925993264
vt 0.687735319 0.913787186
vt 0.687400997 0.929404974
vt 0.686154008 0.916067004
vt 0.687753439 0.925935149
vt 0.686919749 0.917537451
vt 0.686041415 0.923612416
vt 0.686873198 0.922554255
vt 0.197785854 0.761441588
vt 0.197785854 0.761441588
vt 0.197785854 0.761441588
vt 0.197785854 0.761441588
vt 0.197785854 0.761441588
vt 0.197785854 0.761441588
vt 0.197785854 0.761441588
vt 0.197785854 0.761441588
vt 0.197785854 0.761441588
vt 0.197785854 0.761441588
vt 0.197785854 0.761441588
vt 0.197785854 0.761441588
vt 0.197785854 0.761441588
vt 0.197785854 0.761441588
vt 0.197785854 0.761441588
vt 0.197785854 0.761441588
vt 0.197785854 0.761441588
vt 0.197785854 0.761441588
vt 0.197785854 0.761441588
vt 0.197785854 0.761441588
vt 0.197785854 0.761441588
vt 0.197785854 0.761441588
vt 0.197785854 0.761441588
vt 0.197785854 0.761441588
vt 0.197785854 0.761441588
vt 0.197785854 0.761441588
vt 0.197785854 0.761441588
vt 0.197785854 0.761441588
vt 0.197785854 0.761441588
vt 0.197785854 0.761441588
vt 0.197785854 0.761441588
vt 0.197785854 0.761441588
vt 0.85298121 0.726660728
vt 0.85298121 0.726660728
vt 0.85298121 0.726660728
vt 0.85298121 0.726660728
vt 0.85298121 0.726660728
vt 0.85298121 0.726660728
vt 0.85298121 0.726660728
vt 0.85298121 0.726660728
vt 0.85298121 0.726660728
vt 0.85298121 0.726660728
vt 0.85298121 0.726660728
vt 0.85298121 0.726660728
vt 0.85298121 0.726660728
vt 0.85298121 0.726660728
vt 0.85298121 0.726660728
vt 0.85298121 0.726660728
vt 0.85298121 0.726660728
vt 0.85298121 0.726660728
vt 0.85298121 0.726660728
vt 0.85298121 0.726660728
vt 0.85298121 0.726660728
vt 0.85298121 0.726660728
vt 0.85298121 0.726660728
vt 0.85298121 0.726660728
vt 0.85298121 0.726660728
vt 0.85298121 0.726660728
vt 0.85298121 0.726660728
vt 0.85298121 0.726660728
vt 0.85298121 0.726660728
vt 0.85298121 0.726660728
vt 0.85298121 0.726660728
vt 0.85298121 0.726660728
vt 0.686017275 0.943655491
vt 0.685209751 0.944651663
vt 0.686510146 0.950231671
vt 0.685319185 0.937298179
vt 0.686888754 0.947079837
vt 0.686065078 0.938696504
vt 0.686540604 0.932101846
vt 0.686868727 0.934938252
vt 0.688408613 0.931491315
vt 0.68807286 0.93490994
vt 0.688495636 0.950273275
vt 0.688125074 0.94683814
vt 0.689795971 0.937085271
vt 0.688985944 0.938296854
vt 0.689042032 0.943348289
vt 0.689795971 0.944553494
vt 0.415130615 0.874636769
vt 0.234154463 0.724937797
vt 0.234154463 0.85099709
vt 0.415130496 0.755054355
vt 0.580079556 0.871641517
vt 0.415130496 0.608659148
vt 0.234154463 0.607943058
vt 0.234154463 0.487301141
vt 0.580079556 0.75535512
vt 0.759922028 0.846160293
vt 0.759922028 0.725899696
vt 0.580079556 0.611745834
vt 0.759922028 0.610734105
vt 0.759922028 0.489781886
vt 0.580079556 0.463164091
vt 0.759922028 0.095852077
vt 0.580079556 0.0583518744
vt 0.415130377 0.0591617823
vt 0.415130496 0.461327195
vt 0.234154463 0.0960428119
vt 0.759871483 0.488333851
vt 1.05070138 0.0951832533
vt 0.759871483 0.0951831937
vt 1.04122627 0.646460533
vt 0.917998075 0.646460772
vt 0.812440276 0.597388029
vt 0.232794762 0.485492259
vt 0.0786563158 0.639630914
vt 0.181551933 0.591795564
vt -0.0414639711 0.639631033
vt -0.0507004261 0.102257192
vt 0.232794762 0.102257192
vt 1.93384469 0.885219693
vt 2.14635468 0.808137417
vt 2.14635468 0.229200333
vt 1.93384469 0.109455734
vt 1.93529522 0.111714631
vt 1.30382121 0.887479186
vt 1.93529522 0.887478471
vt 1.30382121 0.111715466
vt 1.30480468 0.885219812
vt 1.30480468 0.109455973
vt 1.09229469 0.229201406
vt 1.09229469 0.808138728
vn 0.149442 -0.000000 -0.988770
vn 0.149442 -0.000000 -0.988770
vn 0.149442 -0.000000 -0.988770
vn -0.223774 -0.083091 -0.971093
vn -0.113299 -0.022009 -0.993317
vn -0.545686 -0.202622 -0.813124
vn -0.000000 -0.055054 -0.998483
vn 0.114101 0.024166 -0.993175
vn 0.097997 -0.000000 -0.995187
vn -0.097997 -0.000000 -0.995187
vn -0.114101 0.024166 -0.993175
vn 0.223774 -0.083091 -0.971093
vn 0.545686 -0.202622 -0.813124
vn 0.113299 -0.022009 -0.993317
vn -0.000000 -0.000000 -1.000000
vn -0.000000 -0.000000 -1.000000
vn -0.000000 -0.000000 -1.000000
vn -0.000000 0.000000 1.000000
vn -0.000000 0.000000 1.000000
vn -0.000000 0.000000 1.000000
vn 0.244076 -0.875566 -0.416907
vn 0.318832 -0.929206 -0.186877
vn 0.467385 -0.875566 -0.122210
vn -0.149442 -0.000000 -0.988770
vn -0.149442 -0.000000 -0.988770
vn -0.149442 -0.000000 -0.988770
vn 0.448613 -0.893252 -0.029115
vn 0.477174 -0.876881 -0.058175
vn 0.448613 -0.893252 -0.029115
vn 0.419187 -0.907900 0.000000
vn -0.000000 -0.000000 -1.000000
vn -0.000000 -0.000000 -1.000000
vn -0.000000 -0.000000 -1.000000
vn -0.000000 -0.000000 -1.000000
vn -0.448613 -0.893252 -0.029115
vn -0.477174 -0.876881 -0.058175
vn -0.448613 -0.893252 -0.029115
vn -0.419187 -0.907900 0.000000
vn 0.170319 -0.000000 -0.985389
vn 0.335660 -0.000000 -0.941983
vn 0.335660 -0.000000 -0.941983
vn 0.170319 -0.000000 -0.985389
vn -0.170319 -0.000000 -0.985389
vn -0.170319 -0.000000 -0.985389
vn -0.335660 -0.000000 -0.941983
vn -0.335660 -0.000000 -0.941983
vn 1.000000 0.000000 -0.000000
vn 1.000000 0.000000 -0.000000
vn 1.000000 0.000000 -0.000000
vn 1.000000 0.000000 -0.000000
vn -1.000000 0.000000 -0.000000
vn -1.000000 0.000000 -0.000000
vn -1.000000 0.000000 -0.000000
vn -1.000000 0.000000 -0.000000
vn -0.203568 0.978845 -0.020551
vn -0.398741 0.916180 -0.040255
vn -0.375422 0.926854 -0.000000
vn -0.143497 0.989271 -0.027400
vn 0.162693 0.986540 -0.016425
vn -0.000000 1.000000 -0.000000
vn 0.215852 0.975556 -0.041216
vn 0.398741 0.916180 -0.040255
vn 0.375422 0.926854 -0.000000
vn -0.000000 -0.000000 -1.000000
vn -0.000000 -0.000000 -1.000000
vn -0.000000 -0.000000 -1.000000
vn -0.000000 -0.000000 -1.000000
vn -1.000000 0.000000 -0.000000
vn -1.000000 0.000000 -0.000000
vn -1.000000 0.000000 -0.000000
vn -1.000000 0.000000 -0.000000
vn -0.435886 -0.900002 0.000000
vn -0.435886 -0.900002 0.000000
vn -0.435886 -0.900002 0.000000
vn -0.435886 -0.900002 0.000000
vn -0.435886 -0.900002 0.000000
vn -0.435886 -0.900002 0.000000
vn -0.435886 -0.900002 0.000000
vn -0.435886 -0.900002 0.000000
vn -1.000000 0.000000 -0.000000
vn -1.000000 0.000000 -0.000000
vn -1.000000 0.000000 -0.000000
vn -1.000000 0.000000 -0.000000
vn -0.000000 -1.000000 0.000000
vn -0.000000 -1.000000 0.000000
vn -0.000000 -1.000000 0.000000
vn -0.000000 -1.000000 0.000000
vn -0.000000 -1.000000 0.000000
vn -0.000000 -1.000000 0.000000
vn -0.000000 -1.000000 0.000000
vn -0.000000 -1.000000 0.000000
vn -0.000000 -1.000000 0.000000
vn -0.000000 -1.000000 0.000000
vn -0.000000 0.000000 1.000000
vn -0.000000 0.000000 1.000000
vn -0.000000 0.000000 1.000000
vn -0.000000 0.000000 1.000000
vn -0.900002 0.435886 -0.000000
vn -0.900002 0.435886 -0.000000
vn -0.900002 0.435886 -0.000000
vn -0.900002 0.435886 -0.000000
vn -0.000000 -0.106433 0.994320
vn -0.000000 -0.106433 0.994320
vn -0.000000 -0.106433 0.994320
vn -0.000000 -0.106433 0.994320
vn -0.000000 1.000000 -0.000000
vn -0.000000 1.000000 -0.000000
vn -0.000000 1.000000 -0.000000
vn -0.000000 1.000000 -0.000000
vn -1.000000 0.000000 -0.000000
vn -1.000000 -0.000002 0.000000
vn -1.000000 0.000000 0.000017
vn -1.000000 0.000000 -0.000000
vn -1.000000 0.000000 -0.000000
vn -1.000000 0.000000 -0.000000
vn -1.000000 0.000000 -0.000000
vn -1.000000 0.000000 -0.000000
vn 0.999953 0.009680 -0.000000
vn 0.999953 0.009680 -0.000000
vn 0.999953 0.009680 -0.000000
vn 0.999953 0.009680 -0.000000
vn 1.000000 0.000000 -0.000000
vn 1.000000 0.000000 -0.000000
vn 1.000000 0.000000 -0.000000
vn 1.000000 0.000000 -0.000000
vn -0.000000 -1.000000 0.000000
vn -0.000000 -1.000000 0.000000
vn -0.000000 -1.000000 0.000000
vn -0.000000 -1.000000 0.000000
vn -0.000000 -1.000000 0.000000
vn -0.000000 -1.000000 0.000000
vn -0.000000 -1.000000 0.000000
vn -0.000000 -1.000000 0.000000
vn 1.000000 0.000000 -0.000000
vn 1.000000 0.000000 -0.000000
vn 1.000000 0.000000 -0.000000
vn 1.000000 0.000000 -0.000000
vn 0.445976 -0.895045 0.000000
vn 0.445976 -0.895045 0.000000
vn 0.445976 -0.895045 0.000000
vn 0.445976 -0.895045 0.000000
vn 1.000000 0.000000 -0.000000
vn 1.000000 0.000000 -0.000000
vn 1.000000 0.000000 -0.000000
vn 1.000000 0.000000 -0.000000
vn 1.000000 0.000000 -0.000000
vn 1.000000 0.000000 -0.000000
vn 1.000000 0.000000 -0.000000
vn 1.000000 0.000000 -0.000000
vn -0.000000 1.000000 -0.000000
vn -0.000000 1.000000 -0.000000
vn -0.000000 1.000000 -0.000000
vn -0.000000 1.000000 -0.000000
vn -0.900002 0.435886 -0.000000
vn -0.900002 0.435886 -0.000000
vn -0.900002 0.435886 -0.000000
vn -0.900002 0.435886 -0.000000
vn -0.000000 -0.000000 -1.000000
vn -0.000000 -0.000000 -1.000000
vn -0.000000 -0.000000 -1.000000
vn -0.000000 -0.000000 -1.000000
vn -0.000000 0.000000 1.000000
vn -0.000000 0.000000 1.000000
vn -0.000000 0.000000 1.000000
vn -0.000000 0.000000 1.000000
vn -0.000000 0.000000 1.000000
vn -0.000000 0.000000 1.000000
vn -0.000000 0.000000 1.000000
vn -0.000000 0.000000 1.000000
vn -0.000000 1.000000 -0.000000
vn -0.000000 1.000000 -0.000000
vn -0.000000 1.000000 -0.000000
vn -0.000000 1.000000 -0.000000
vn -0.000000 1.000000 -0.000000
vn -0.000000 1.000000 -0.000000
vn -0.000000 1.000000 -0.000000
vn -0.173653 0.000000 0.984807
vn -0.342030 0.000000 0.939689
vn -0.342030 0.000000 0.939689
vn -0.173653 0.000000 0.984807
vn 0.115569 0.000000 0.993299
vn 0.231139 0.000000 0.972921
vn 0.342030 0.000000 0.939689
vn 0.342030 0.000000 0.939689
vn -1.000000 0.000000 -0.000000
vn -1.000000 0.000000 -0.000000
vn -1.000000 0.000000 -0.000000
vn -1.000000 0.000000 -0.000000
vn -1.000000 0.000000 -0.000000
vn -1.000000 0.000000 -0.000000
vn -1.000000 0.000000 -0.000000
vn -1.000000 0.000000 -0.000000
vn 0.900002 -0.435886 0.000000
vn 0.900002 -0.435885 0.000000
vn 0.900002 -0.435886 0.000000
vn 0.900002 -0.435886 0.000000
vn 0.341908 -0.000000 -0.939734
vn 0.231054 -0.000000 -0.972941
vn 0.341908 -0.000000 -0.939734
vn 0.115527 -0.000000 -0.993304
vn -0.115527 -0.000000 -0.993304
vn -0.231054 -0.000000 -0.972941
vn -0.341908 -0.000000 -0.939734
vn -0.341908 -0.000000 -0.939734
vn -0.000000 -1.000000 0.000000
vn -0.000000 -1.000000 0.000000
vn -0.000000 -1.000000 0.000000
vn -0.000000 -1.000000 0.000000
vn -0.000000 -1.000000 0.000000
vn -0.000000 -1.000000 0.000000
vn -0.000000 -1.000000 0.000000
vn -0.000000 -0.000000 -1.000000
vn -0.000000 -0.000000 -1.000000
vn -0.000000 -0.000000 -1.000000
vn -0.000000 -0.000000 -1.000000
vn 1.000000 0.000000 -0.000000
vn 1.000000 0.000000 -0.000000
vn 1.000000 0.000000 -0.000000
vn 1.000000 0.000000 -0.000000
vn -1.000000 0.000000 -0.000000
vn -1.000000 0.000000 -0.000000
vn -1.000000 0.000000 -0.000000
vn -1.000000 0.000000 -0.000000
vn -0.000000 -1.000000 0.000000
vn -0.000000 -1.000000 0.000000
vn -0.000000 -1.000000 0.000000
vn -0.000000 -1.000000 0.000000
vn -0.000000 -1.000000 0.000000
vn -0.000000 -1.000000 0.000000
vn -0.000000 -1.000000 0.000000
vn -0.000000 -1.000000 0.000000
vn 1.000000 0.000000 -0.000000
vn 1.000000 0.000000 -0.000000
vn 1.000000 0.000000 -0.000000
vn 1.000000 0.000000 -0.000000
vn 1.000000 0.000000 -0.000000
vn 1.000000 0.000000 -0.000000
vn 1.000000 0.000000 -0.000000
vn 1.000000 0.000000 -0.000000
vn -1.000000 0.000000 -0.000000
vn -1.000000 0.000000 -0.000000
vn -1.000000 0.000000 -0.000000
vn -1.000000 0.000000 -0.000000
vn -1.000000 0.000000 -0.000000
vn -1.000000 0.000000 -0.000000
vn 1.000000 0.000000 -0.000000
vn 1.000000 0.000000 -0.000000
vn 1.000000 0.000000 -0.000000
vn 1.000000 0.000000 -0.000000
vn 1.000000 0.000000 -0.000000
vn 1.000000 0.000000 -0.000000
vn 0.900002 -0.435886 0.000000
vn 0.900002 -0.435886 0.000000
vn 0.900002 -0.435886 0.000000
vn 0.900002 -0.435885 0.000000
vn -0.000000 0.000000 1.000000
vn -0.000000 0.000000 1.000000
vn -0.000000 0.000000 1.000000
vn -0.000000 0.000000 1.000000
vn 0.923782 -0.000000 -0.382919
vn 0.967603 0.000000 0.252478
vn 0.923782 -0.000000 -0.382919
vn 0.382447 -0.000000 -0.923977
vn 0.862985 0.000000 0.505229
vn 0.382447 -0.000000 -0.923977
vn 0.505670 0.000000 0.862727
vn -0.252971 -0.000000 -0.967474
vn 0.252971 0.000000 0.967474
vn -0.505669 -0.000000 -0.862727
vn -0.252478 0.000000 0.967603
vn -0.862985 -0.000000 -0.505229
vn -0.505229 0.000000 0.862985
vn -0.967603 -0.000000 -0.252478
vn -0.862727 0.000000 0.505670
vn -0.967474 0.000000 0.252972
vn -0.337001 -0.665744 0.665744
vn -0.337001 -0.941504 0.000000
vn -0.337001 -0.665744 0.665744
vn -0.337001 0.000000 0.941504
vn -0.337001 -0.941504 0.000000
vn -0.337001 0.000000 0.941504
vn -0.334189 0.569036 0.751342
vn -0.334189 0.751343 0.569036
vn -0.337001 -0.665744 -0.665744
vn -0.337001 -0.665744 -0.665744
vn -0.337001 0.941504 -0.000000
vn -0.337000 0.941504 -0.000000
vn -0.334189 0.751343 -0.569036
vn -0.334189 0.569036 -0.751342
vn -0.337001 -0.000000 -0.941504
vn -0.337001 -0.000000 -0.941504
vn -0.000000 -1.000000 0.000000
vn -0.000000 -1.000000 0.000000
vn -0.000000 -1.000000 0.000000
vn -0.000000 -1.000000 0.000000
vn -0.000000 -1.000000 0.000000
vn -0.000000 -1.000000 0.000000
vn -0.000000 -1.000000 0.000000
vn -0.000000 -1.000000 0.000000
vn -0.000000 -1.000000 0.000000
vn -0.000000 -1.000000 0.000000
vn -0.000000 -1.000000 0.000000
vn -0.000000 -1.000000 0.000000
vn -0.000000 -1.000000 0.000000
vn -0.000000 -1.000000 0.000000
vn -0.000000 -1.000000 0.000000
vn -0.000000 -1.000000 0.000000
vn -0.000000 -1.000000 0.000000
vn -0.000000 -1.000000 0.000000
vn -0.000000 -1.000000 0.000000
vn -0.000000 -1.000000 0.000000
vn -0.000000 -1.000000 0.000000
vn -0.000000 -1.000000 0.000000
vn -0.000000 -1.000000 0.000000
vn -0.000000 -1.000000 0.000000
vn -0.000000 -1.000000 0.000000
vn -0.000000 -1.000000 0.000000
vn -0.000000 -1.000000 0.000000
vn -0.000000 -1.000000 0.000000
vn -0.000000 -1.000000 0.000000
vn -0.000000 -1.000000 0.000000
vn -0.000000 -1.000000 0.000000
vn -0.000000 -1.000000 0.000000
vn 0.252478 -0.000000 -0.967603
vn -0.382919 -0.000000 -0.923782
vn -0.382919 -0.000000 -0.923782
vn -0.923977 -0.000000 -0.382448
vn 0.505229 -0.000000 -0.862985
vn -0.923977 -0.000000 -0.382448
vn 0.862727 -0.000000 -0.505670
vn 0.967474 -0.000000 -0.252972
vn 0.967603 0.000000 0.252478
vn 0.862985 0.000000 0.505229
vn -0.923782 0.000000 0.382919
vn -0.923782 0.000000 0.382919
vn -0.505230 0.000000 0.862985
vn -0.252477 0.000000 0.967603
vn 0.382920 0.000000 0.923782
vn 0.382920 0.000000 0.923782
vn 0.337001 0.665744 -0.665744
vn 0.334190 0.128910 -0.933649
vn 0.337002 0.665744 -0.665744
vn 0.334189 0.933649 -0.128910
vn 0.334189 -0.128910 -0.933649
vn 0.334189 0.933649 0.128910
vn 0.334189 0.751342 0.569036
vn 0.334189 0.569036 0.751342
vn 0.334189 0.128910 0.933649
vn 0.334189 -0.128910 0.933649
vn 0.334189 -0.569036 0.751342
vn 0.334189 -0.751342 0.569036
vn 0.334189 -0.933649 0.128910
vn 0.334189 -0.933649 -0.128910
vn 0.337001 -0.665744 -0.665744
vn 0.337001 -0.665744 -0.665744
vn -0.305333 -0.000000 -0.952246
vn -0.305333 -0.000000 -0.952246
vn -0.305332 -0.673341 -0.673338
vn -0.305333 0.673341 -0.673338
vn -0.305333 -0.673341 -0.673338
vn -0.305333 0.673341 -0.673338
vn -0.302727 -0.944120 -0.130357
vn -0.302728 0.944120 -0.130357
vn -0.302728 -0.944121 0.130354
vn -0.302729 0.944120 0.130354
vn -0.302729 -0.759770 0.575417
vn -0.302730 0.759770 0.575417
vn -0.302730 -0.575419 0.759768
vn -0.302730 0.575419 0.759768
vn -0.305335 0.000000 0.952245
vn -0.305335 0.000000 0.952245
vn 0.244288 -0.875566 0.416782
vn 0.443146 -0.877483 0.183425
vn 0.301907 -0.945112 0.124964
vn 0.467385 -0.875566 -0.122210
vn 0.318832 -0.929206 -0.186877
vn 0.041346 -0.986500 -0.158456
vn 0.244076 -0.875566 -0.416907
vn -0.183651 -0.877484 -0.443051
vn 0.075107 -0.954909 0.287242
vn -0.183424 -0.877484 0.443146
vn -0.093741 -0.969496 0.226474
vn -0.256143 -0.954909 0.150133
vn -0.467384 -0.875566 0.122210
vn -0.301907 -0.945112 -0.124964
vn -0.443145 -0.877484 -0.183424
vn -0.125118 -0.945112 -0.301843
vn -0.077798 -0.823197 -0.562400
vn -0.398997 -0.825691 -0.398794
vn -0.274577 -0.921570 -0.274438
vn -0.562438 -0.823198 -0.077510
vn 0.059830 -0.898854 -0.434144
vn 0.101036 -0.989734 -0.101088
vn 0.398793 -0.825691 -0.398997
vn -0.349482 -0.935695 0.048344
vn -0.452513 -0.823198 0.342896
vn -0.212936 -0.935695 0.281305
vn -0.077510 -0.823198 0.562439
vn 0.048344 -0.935695 0.349482
vn 0.398997 -0.825691 0.398794
vn 0.462166 -0.886793 -0.000118
vn 0.564122 -0.825691 -0.000144
vn 0.206028 -0.956634 0.205924
vn -0.603952 -0.000000 -0.797021
vn -0.000255 -0.000000 -1.000000
vn -0.000255 -0.000000 -1.000000
vn 0.706926 -0.000000 -0.707287
vn -0.797329 -0.000000 -0.603545
vn 0.706926 -0.000000 -0.707287
vn -0.990637 -0.000000 -0.136521
vn 0.990567 -0.000000 -0.137026
vn -0.990567 0.000000 0.137027
vn 0.990637 0.000000 0.136522
vn -0.797021 0.000000 0.603952
vn 0.797329 0.000000 0.603546
vn -0.603544 0.000000 0.797330
vn 0.603951 0.000000 0.797021
vn -0.136520 0.000000 0.990637
vn 0.137027 0.000000 0.990567
vn 0.603545 -0.000000 -0.797329
vn -0.000255 -0.000000 -1.000000
vn -0.000255 -0.000000 -1.000000
vn -0.707287 -0.000000 -0.706927
vn 0.797021 -0.000000 -0.603951
vn -0.707287 -0.000000 -0.706926
vn 0.990567 -0.000000 -0.137027
vn 0.990637 0.000000 0.136521
vn 0.797329 0.000000 0.603544
vn 0.603952 0.000000 0.797021
vn -1.000000 0.000000 0.000255
vn -1.000000 0.000000 0.000255
vn -0.797021 0.000000 0.603951
vn -0.603545 0.000000 0.797329
vn 0.000255 0.000000 1.000000
vn 0.000255 0.000000 1.000000
vn 0.305333 0.673340 0.673338
vn 0.305333 0.673340 0.673338
vn 0.302728 0.944120 0.130355
vn 0.302728 0.130356 0.944120
vn 0.302729 0.944120 -0.130355
vn 0.302728 -0.130356 0.944120
vn 0.302728 -0.575418 0.759770
vn 0.302729 -0.759769 0.575419
vn 0.302730 -0.944120 0.130356
vn 0.302730 -0.944119 -0.130356
vn 0.305335 0.673340 -0.673338
vn 0.305336 0.673339 -0.673338
vn 0.305335 -0.673339 -0.673339
vn 0.305336 -0.673339 -0.673339
vn 0.305335 -0.000000 -0.952245
vn 0.305334 -0.000000 -0.952245
vn -0.227813 -0.000000 -0.973705
vn -0.337528 0.195755 -0.920736
vn -0.337241 -0.000000 -0.941418
vn -0.111961 0.198205 -0.973745
vn 0.113906 -0.000000 -0.993492
vn -0.200815 0.728129 -0.655364
vn -0.355175 0.656288 -0.665685
vn -0.335083 0.903280 -0.267963
vn 0.204019 0.157217 -0.966260
vn 0.337241 -0.000000 -0.941418
vn 0.334662 0.260439 -0.905634
vn 0.200805 0.646773 -0.735773
vn 0.355175 0.656288 -0.665685
vn 0.335083 0.903280 -0.267963
vn 0.145836 0.973776 -0.174619
vn 0.337241 0.941418 -0.000000
vn 0.171146 0.985246 -0.000000
vn -0.113906 0.993491 -0.000000
vn -0.203951 0.965580 -0.161427
vn -0.337241 0.941418 -0.000000
vn 1.000000 0.000000 -0.000000
vn 1.000000 0.000000 -0.000000
vn 1.000000 0.000000 -0.000000
vn 1.000000 0.000000 -0.000000
vn 1.000000 0.000000 -0.000000
vn 1.000000 0.000000 -0.000000
vn -1.000000 0.000000 -0.000000
vn -1.000000 0.000000 -0.000000
vn -1.000000 0.000000 -0.000000
vn -1.000000 0.000000 -0.000000
vn -1.000000 0.000000 -0.000000
vn -1.000000 0.000000 -0.000000
vn -1.000000 0.000000 -0.000000
vn -1.000000 0.000000 -0.000000
vn -1.000000 0.000000 -0.000000
vn -1.000000 0.000000 -0.000000
vn -0.000000 -1.000000 0.000000
vn -0.000000 -1.000000 0.000000
vn -0.000000 -1.000000 0.000000
vn -0.000000 -1.000000 0.000000
vn 1.000000 0.000000 -0.000000
vn 1.000000 0.000000 -0.000000
vn 1.000000 0.000000 -0.000000
vn 1.000000 0.000000 -0.000000
f 1/1/1 2/2/2 3/3/3
f 4/4/4 5/5/5 6/6/6
f 7/7/7 4/4/4 8/8/8
f 7/7/7 8/8/8 9/9/9
f 7/7/7 10/10/10 11/11/11
f 7/7/7 11/11/11 12/12/12
f 12/12/12 13/13/13 14/14/14
f 15/15/15 16/16/16 17/17/17
f 18/18/18 19/19/19 20/20/20
f 21/21/21 22/22/22 23/23/23
f 24/24/24 25/25/25 26/26/26
f 27/27/27 28/28/28 29/29/29
f 27/27/27 29/29/29 30/30/30
f 31/31/31 32/32/32 33/33/33
f 31/31/31 33/33/33 34/34/34
f 35/35/35 36/36/36 37/37/37
f 35/35/35 37/37/37 38/38/38
f 39/39/39 40/40/40 41/41/41
f 39/39/39 41/41/41 42/42/42
f 43/43/43 39/39/39 42/42/42
f 43/43/43 44/44/44 39/39/39
f 45/45/45 44/44/44 43/43/43
f 45/45/45 43/43/43 46/46/46
f 47/47/47 48/48/48 49/49/49
f 47/47/47 49/49/49 50/50/50
f 51/51/51 52/52/52 53/53/53
f 51/51/51 53/53/53 54/54/54
f 55/55/55 56/56/56 57/57/57
f 55/55/55 58/58/58 56/56/56
f 55/55/55 59/59/59 58/58/58
f 60/60/60 59/59/59 55/55/55
f 58/58/58 59/59/59 61/61/61
f 62/62/62 61/61/61 59/59/59
f 62/62/62 59/59/59 63/63/63
f 64/64/64 65/65/65 66/66/66
f 64/64/64 66/66/66 67/67/67
f 68/68/68 69/69/69 70/70/70
f 68/68/68 70/70/70 71/71/71
f 72/72/72 73/73/73 74/74/74
f 72/72/72 74/74/74 75/75/75
f 76/76/76 77/77/77 78/78/78
f 76/76/76 78/78/78 79/79/79
f 80/80/80 81/81/81 82/82/82
f 80/80/80 82/82/82 83/83/83
f 84/84/84 85/85/85 86/86/86
f 84/84/84 87/87/87 85/85/85
f 88/88/88 89/89/89 90/90/90
f 89/89/89 88/88/88 91/91/91
f 88/88/88 92/92/92 91/91/91
f 91/91/91 92/92/92 93/93/93
f 94/94/94 95/95/95 96/96/96
f 94/94/94 97/97/97 95/95/95
f 98/98/98 99/99/99 100/100/100
f 98/98/98 100/100/100 101/101/101
f 102/102/102 103/103/103 104/104/104
f 102/102/102 104/104/104 105/105/105
f 106/106/106 107/107/107 108/108/108
f 106/106/106 108/108/108 109/109/109
f 110/110/110 111/111/111 112/112/112
f 113/113/113 111/111/111 110/110/110
f 114/114/114 111/111/111 113/113/113
f 111/111/111 114/114/114 115/115/115
f 111/111/111 115/115/115 116/116/116
f 115/115/115 114/114/114 117/117/117
f 118/118/118 119/119/119 120/120/120
f 118/118/118 120/120/120 121/121/121
f 122/122/122 123/123/123 124/124/124
f 122/122/122 125/125/125 123/123/123
f 126/126/126 127/127/127 128/128/128
f 129/129/129 127/127/127 126/126/126
f 130/130/130 127/127/127 129/129/129
f 127/127/127 130/130/130 131/131/131
f 131/131/131 130/130/130 132/132/132
f 132/132/132 130/130/130 133/133/133
f 134/134/134 135/135/135 136/136/136
f 134/134/134 136/136/136 137/137/137
f 138/138/138 139/139/139 140/140/140
f 138/138/138 141/141/141 139/139/139
f 142/142/142 143/143/143 144/144/144
f 145/145/145 143/143/143 142/142/142
f 145/145/145 142/142/142 146/146/146
f 147/147/147 143/143/143 145/145/145
f 148/148/148 143/143/143 147/147/147
f 143/143/143 148/148/148 149/149/149
f 150/150/150 151/151/151 152/152/152
f 150/150/150 152/152/152 153/153/153
f 154/154/154 155/155/155 156/156/156
f 154/154/154 156/156/156 157/157/157
f 158/158/158 159/159/159 160/160/160
f 158/158/158 160/160/160 161/161/161
f 162/162/162 163/163/163 164/164/164
f 162/162/162 164/164/164 165/165/165
f 166/166/166 167/167/167 168/168/168
f 166/166/166 168/168/168 169/169/169
f 170/170/170 171/171/171 172/172/172
f 173/173/173 171/171/171 170/170/170
f 174/174/174 171/171/171 173/173/173
f 175/175/175 171/171/171 174/174/174
f 176/176/176 171/171/171 175/175/175
f 177/177/177 178/178/178 179/179/179
f 177/177/177 180/180/180 178/178/178
f 177/177/177 181/181/181 180/180/180
f 177/177/177 182/182/182 181/181/181
f 183/183/183 181/181/181 182/182/182
f 183/183/183 182/182/182 184/184/184
f 185/185/185 186/186/186 187/187/187
f 188/188/188 186/186/186 185/185/185
f 189/189/189 186/186/186 188/188/188
f 186/186/186 189/189/189 190/190/190
f 190/190/190 189/189/189 191/191/191
f 191/191/191 189/189/189 192/192/192
f 193/193/193 194/194/194 195/195/195
f 193/193/193 195/195/195 196/196/196
f 197/197/197 198/198/198 199/199/199
f 197/197/197 200/200/200 198/198/198
f 201/201/201 198/198/198 200/200/200
f 201/201/201 200/200/200 202/202/202
f 203/203/203 201/201/201 202/202/202
f 203/203/203 202/202/202 204/204/204
f 205/205/205 206/206/206 207/207/207
f 206/206/206 205/205/205 208/208/208
f 208/208/208 205/205/205 209/209/209
f 209/209/209 205/205/205 210/210/210
f 210/210/210 205/205/205 211/211/211
f 212/212/212 213/213/213 214/214/214
f 212/212/212 215/215/215 213/213/213
f 216/216/216 217/217/217 218/218/218
f 216/216/216 219/219/219 217/217/217
f 220/220/220 221/221/221 222/222/222
f 220/220/220 223/223/223 221/221/221
f 224/224/224 225/225/225 226/226/226
f 224/224/224 227/227/227 225/225/225
f 225/225/225 227/227/227 228/228/228
f 227/227/227 224/224/224 229/229/229
f 229/229/229 224/224/224 230/230/230
f 230/230/230 224/224/224 231/231/231
f 232/232/232 233/233/233 234/234/234
f 232/232/232 235/235/235 233/233/233
f 233/233/233 235/235/235 236/236/236
f 235/235/235 232/232/232 237/237/237
f 237/237/237 232/232/232 238/238/238
f 238/238/238 232/232/232 239/239/239
f 240/240/240 241/241/241 242/242/242
f 243/243/243 241/241/241 240/240/240
f 241/241/241 243/243/243 244/244/244
f 245/245/245 244/244/244 243/243/243
f 246/246/246 247/247/247 248/248/248
f 247/247/247 246/246/246 249/249/249
f 246/246/246 250/250/250 249/249/249
f 249/249/249 250/250/250 251/251/251
f 252/252/252 253/253/253 254/254/254
f 252/252/252 254/254/254 255/255/255
f 256/256/256 257/257/257 258/258/258
f 256/256/256 259/259/259 257/257/257
f 260/260/260 261/261/261 262/262/262
f 260/260/260 262/262/262 263/263/263
f 260/260/260 264/264/264 261/261/261
f 260/260/260 263/263/263 265/265/265
f 264/264/264 266/266/266 261/261/261
f 267/267/267 265/265/265 263/263/263
f 264/264/264 268/268/268 266/266/266
f 267/267/267 263/263/263 269/269/269
f 270/270/270 266/266/266 268/268/268
f 271/271/271 267/267/267 269/269/269
f 270/270/270 268/268/268 272/272/272
f 271/271/271 269/269/269 273/273/273
f 272/272/272 274/274/274 270/270/270
f 275/275/275 271/271/271 273/273/273
f 272/272/272 275/275/275 274/274/274
f 275/275/275 273/273/273 274/274/274
f 276/276/276 277/277/277 278/278/278
f 279/279/279 276/276/276 278/278/278
f 276/276/276 280/280/280 277/277/277
f 279/279/279 281/281/281 276/276/276
f 279/279/279 282/282/282 281/281/281
f 279/279/279 283/283/283 282/282/282
f 277/277/277 280/280/280 284/284/284
f 277/277/277 284/284/284 285/285/285
f 286/286/286 282/282/282 283/283/283
f 286/286/286 283/283/283 287/287/287
f 286/286/286 287/287/287 288/288/288
f 286/286/286 288/288/288 289/289/289
f 284/284/284 290/290/290 285/285/285
f 290/290/290 289/289/289 288/288/288
f 284/284/284 291/291/291 290/290/290
f 290/290/290 291/291/291 289/289/289
f 292/292/292 293/293/293 294/294/294
f 292/292/292 294/294/294 295/295/295
f 294/294/294 293/293/293 296/296/296
f 297/297/297 295/295/295 294/294/294
f 298/298/298 296/296/296 293/293/293
f 298/298/298 299/299/299 296/296/296
f 297/297/297 300/300/300 295/295/295
f 301/301/301 300/300/300 297/297/297
f 302/302/302 300/300/300 301/301/301
f 300/300/300 302/302/302 303/303/303
f 304/304/304 303/303/303 302/302/302
f 305/305/305 303/303/303 304/304/304
f 299/299/299 298/298/298 306/306/306
f 306/306/306 305/305/305 304/304/304
f 306/306/306 298/298/298 307/307/307
f 306/306/306 307/307/307 305/305/305
f 308/308/308 309/309/309 310/310/310
f 310/310/310 309/309/309 311/311/311
f 309/309/309 308/308/308 312/312/312
f 311/311/311 309/309/309 313/313/313
f 314/314/314 312/312/312 308/308/308
f 315/315/315 312/312/312 314/314/314
f 315/315/315 314/314/314 316/316/316
f 316/316/316 314/314/314 317/317/317
f 316/316/316 317/317/317 318/318/318
f 319/319/319 318/318/318 317/317/317
f 319/319/319 320/320/320 318/318/318
f 321/321/321 320/320/320 319/319/319
f 322/322/322 311/311/311 313/313/313
f 320/320/320 321/321/321 322/322/322
f 323/323/323 311/311/311 322/322/322
f 323/323/323 322/322/322 321/321/321
f 324/324/324 325/325/325 326/326/326
f 327/327/327 326/326/326 325/325/325
f 324/324/324 328/328/328 325/325/325
f 327/327/327 325/325/325 329/329/329
f 330/330/330 328/328/328 324/324/324
f 330/330/330 331/331/331 328/328/328
f 332/332/332 331/331/331 330/330/330
f 332/332/332 333/333/333 331/331/331
f 327/327/327 329/329/329 334/334/334
f 327/327/327 334/334/334 335/335/335
f 334/334/334 336/336/336 335/335/335
f 334/334/334 337/337/337 336/336/336
f 338/338/338 333/333/333 332/332/332
f 338/338/338 336/336/336 337/337/337
f 338/338/338 339/339/339 333/333/333
f 338/338/338 337/337/337 339/339/339
f 340/340/340 341/341/341 342/342/342
f 343/343/343 340/340/340 342/342/342
f 340/340/340 344/344/344 341/341/341
f 343/343/343 345/345/345 340/340/340
f 346/346/346 345/345/345 343/343/343
f 346/346/346 347/347/347 345/345/345
f 347/347/347 346/346/346 348/348/348
f 347/347/347 348/348/348 349/349/349
f 349/349/349 348/348/348 350/350/350
f 349/349/349 350/350/350 351/351/351
f 351/351/351 350/350/350 352/352/352
f 351/351/351 352/352/352 353/353/353
f 344/344/344 354/354/354 341/341/341
f 354/354/354 353/353/353 352/352/352
f 344/344/344 355/355/355 354/354/354
f 354/354/354 355/355/355 353/353/353
f 356/356/356 357/357/357 358/358/358
f 356/356/356 359/359/359 357/357/357
f 356/356/356 358/358/358 360/360/360
f 356/356/356 361/361/361 359/359/359
f 358/358/358 362/362/362 360/360/360
f 363/363/363 359/359/359 361/361/361
f 358/358/358 364/364/364 362/362/362
f 363/363/363 365/365/365 359/359/359
f 364/364/364 366/366/366 362/362/362
f 365/365/365 363/363/363 367/367/367
f 364/364/364 368/368/368 366/366/366
f 365/365/365 367/367/367 369/369/369
f 370/370/370 366/366/366 368/368/368
f 370/370/370 369/369/369 367/367/367
f 370/370/370 368/368/368 371/371/371
f 370/370/370 371/371/371 369/369/369
f 372/372/372 373/373/373 374/374/374
f 375/375/375 374/374/374 373/373/373
f 375/375/375 376/376/376 374/374/374
f 377/377/377 374/374/374 376/376/376
f 378/378/378 377/377/377 376/376/376
f 379/379/379 377/377/377 378/378/378
f 372/372/372 374/374/374 380/380/380
f 374/374/374 377/377/377 380/380/380
f 380/380/380 381/381/381 372/372/372
f 380/380/380 382/382/382 381/381/381
f 380/380/380 377/377/377 382/382/382
f 383/383/383 381/381/381 382/382/382
f 382/382/382 377/377/377 383/383/383
f 383/383/383 384/384/384 381/381/381
f 385/385/385 384/384/384 383/383/383
f 383/383/383 377/377/377 385/385/385
f 385/385/385 386/386/386 384/384/384
f 379/379/379 386/386/386 385/385/385
f 385/385/385 377/377/377 387/387/387
f 379/379/379 387/387/387 377/377/377
f 379/379/379 385/385/385 387/387/387
f 388/388/388 389/389/389 390/390/390
f 390/390/390 389/389/389 391/391/391
f 388/388/388 390/390/390 392/392/392
f 390/390/390 393/393/393 392/392/392
f 394/394/394 388/388/388 392/392/392
f 394/394/394 392/392/392 393/393/393
f 390/390/390 391/391/391 395/395/395
f 395/395/395 393/393/393 390/390/390
f 395/395/395 391/391/391 396/396/396
f 395/395/395 396/396/396 397/397/397
f 397/397/397 393/393/393 395/395/395
f 397/397/397 396/396/396 398/398/398
f 397/397/397 398/398/398 399/399/399
f 399/399/399 393/393/393 397/397/397
f 400/400/400 399/399/399 398/398/398
f 401/401/401 394/394/394 393/393/393
f 401/401/401 402/402/402 394/394/394
f 400/400/400 402/402/402 401/401/401
f 400/400/400 403/403/403 399/399/399
f 403/403/403 393/393/393 399/399/399
f 393/393/393 403/403/403 401/401/401
f 400/400/400 401/401/401 403/403/403
f 404/404/404 405/405/405 406/406/406
f 407/407/407 406/406/406 405/405/405
f 404/404/404 406/406/406 408/408/408
f 407/407/407 409/409/409 406/406/406
f 410/410/410 404/404/404 408/408/408
f 407/407/407 411/411/411 409/409/409
f 410/410/410 408/408/408 412/412/412
f 407/407/407 413/413/413 411/411/411
f 414/414/414 410/410/410 412/412/412
f 413/413/413 415/415/415 411/411/411
f 414/414/414 412/412/412 416/416/416
f 413/413/413 417/417/417 415/415/415
f 418/418/418 414/414/414 416/416/416
f 417/417/417 419/419/419 415/415/415
f 417/417/417 418/418/418 419/419/419
f 418/418/418 416/416/416 419/419/419
f 420/420/420 421/421/421 422/422/422
f 421/421/421 423/423/423 422/422/422
f 420/420/420 424/424/424 421/421/421
f 421/421/421 425/425/425 423/423/423
f 426/426/426 424/424/424 420/420/420
f 426/426/426 427/427/427 424/424/424
f 428/428/428 427/427/427 426/426/426
f 428/428/428 429/429/429 427/427/427
f 430/430/430 423/423/423 425/425/425
f 430/430/430 431/431/431 423/423/423
f 432/432/432 431/431/431 430/430/430
f 432/432/432 430/430/430 433/433/433
f 434/434/434 429/429/429 428/428/428
f 433/433/433 434/434/434 432/432/432
f 434/434/434 435/435/435 429/429/429
f 433/433/433 435/435/435 434/434/434
f 436/436/436 437/437/437 438/438/438
f 436/436/436 439/439/439 437/437/437
f 436/436/436 438/438/438 440/440/440
f 436/436/436 441/441/441 439/439/439
f 442/442/442 439/439/439 441/441/441
f 442/442/442 441/441/441 443/443/443
f 443/443/443 444/444/444 442/442/442
f 443/443/443 445/445/445 444/444/444
f 440/440/440 438/438/438 446/446/446
f 440/440/440 446/446/446 447/447/447
f 445/445/445 448/448/448 444/444/444
f 445/445/445 449/449/449 448/448/448
f 446/446/446 450/450/450 447/447/447
f 448/448/448 449/449/449 450/450/450
f 446/446/446 451/451/451 450/450/450
f 448/448/448 450/450/450 451/451/451
f 452/452/452 453/453/453 454/454/454
f 452/452/452 455/455/455 453/453/453
f 455/455/455 452/452/452 456/456/456
f 457/457/457 453/453/453 455/455/455
f 457/457/457 458/458/458 453/453/453
f 459/459/459 458/458/458 457/457/457
f 455/455/455 456/456/456 460/460/460
f 461/461/461 460/460/460 456/456/456
f 461/461/461 462/462/462 460/460/460
f 455/455/455 460/460/460 463/463/463
f 463/463/463 460/460/460 462/462/462
f 455/455/455 463/463/463 457/457/457
f 463/463/463 462/462/462 464/464/464
f 465/465/465 463/463/463 464/464/464
f 465/465/465 466/466/466 463/463/463
f 466/466/466 457/457/457 463/463/463
f 467/467/467 466/466/466 465/465/465
f 467/467/467 468/468/468 466/466/466
f 466/466/466 468/468/468 469/469/469
f 459/459/459 457/457/457 470/470/470
f 466/466/466 470/470/470 457/457/457
f 466/466/466 469/469/469 470/470/470
f 471/471/471 459/459/459 470/470/470
f 471/471/471 470/470/470 469/469/469
f 472/472/472 473/473/473 474/474/474
f 473/473/473 472/472/472 475/475/475
f 475/475/475 472/472/472 476/476/476
f 476/476/476 472/472/472 477/477/477
f 478/478/478 479/479/479 480/480/480
f 481/481/481 479/479/479 478/478/478
f 481/481/481 478/478/478 482/482/482
f 483/483/483 482/482/482 478/478/478
f 484/484/484 485/485/485 486/486/486
f 484/484/484 486/486/486 487/487/487
f 488/488/488 489/489/489 490/490/490
f 488/488/488 491/491/491 489/489/489
f 492/492/492 493/493/493 494/494/494
f 492/492/492 494/494/494 495/495/495
