# Unturned item rip -> Godot (X+Z negated, winding reversed, RH Y-up)
v 0.005837 -0.274765 0.337911
v -0.017298 -0.274765 0.299579
v -0.202384 -0.299743 0.411283
v -0.179250 -0.299743 0.449615
v -0.017298 -0.274765 0.299579
v -0.202384 0.299743 0.411283
v -0.202384 -0.299743 0.411283
v -0.017298 0.274765 0.299579
v 0.206468 -0.258520 0.233106
v 0.206468 0.258520 0.233106
v 0.431737 -0.249786 0.206321
v 0.431737 0.249786 0.206321
v 0.651028 -0.249786 0.200241
v 0.651028 0.249786 0.200241
v -0.017298 0.274765 0.299579
v 0.005837 0.274765 0.337911
v -0.179250 0.299743 0.449615
v -0.202384 0.299743 0.411283
v 0.005837 0.274765 0.337911
v -0.179250 -0.299743 0.449615
v -0.179250 0.299743 0.449615
v 0.005837 -0.274765 0.337911
v 0.218893 0.258520 0.276119
v 0.218893 -0.258520 0.276119
v 0.436504 0.249786 0.250838
v 0.436504 -0.249786 0.250838
v 0.651897 0.249786 0.245005
v 0.651897 -0.249786 0.245005
v -0.179250 0.299743 0.449615
v -0.179250 -0.299743 0.449615
v -0.202384 -0.299743 0.411283
v -0.202384 0.299743 0.411283
v 0.651028 0.249786 0.200241
v 0.651897 0.249786 0.245005
v 0.436504 0.249786 0.250838
v 0.431737 0.249786 0.206321
v 0.218893 0.258520 0.276119
v 0.206468 0.258520 0.233106
v 0.005837 0.274765 0.337911
v -0.017298 0.274765 0.299579
v 0.651897 -0.249786 0.245005
v 0.651028 -0.249786 0.200241
v 0.431737 -0.249786 0.206321
v 0.436504 -0.249786 0.250838
v 0.206468 -0.258520 0.233106
v 0.218893 -0.258520 0.276119
v -0.017298 -0.274765 0.299579
v 0.005837 -0.274765 0.337911
v 0.677338 0.263044 0.363190
v 0.665458 0.263044 0.383766
v 0.808018 0.263044 0.383766
v 0.796138 0.263044 0.363189
v 0.616156 0.045597 0.260306
v 0.604097 0.045597 0.260306
v 0.670418 0.045597 0.145436
v 0.676447 0.045597 0.155879
v 0.676447 0.045597 0.364733
v 0.670418 0.045597 0.375175
v 0.604097 0.045597 0.260306
v 0.616156 0.045597 0.260306
v 0.855538 0.263044 0.260306
v 0.879298 0.263044 0.260306
v 0.808018 0.263044 0.136845
v 0.796138 0.263044 0.157422
v 0.677338 0.263044 0.157422
v 0.665458 0.263044 0.136845
v 0.594178 0.263044 0.260306
v 0.617938 0.263044 0.260306
v 0.796138 0.263044 0.363189
v 0.808018 0.263044 0.383766
v 0.879298 0.263044 0.260306
v 0.855538 0.263044 0.260306
v 0.796138 0.263044 0.157422
v 0.808018 0.263044 0.136845
v 0.665458 0.263044 0.136845
v 0.677338 0.263044 0.157422
v 0.617938 0.263044 0.260306
v 0.594178 0.263044 0.260306
v 0.665458 0.263044 0.383766
v 0.677338 0.263044 0.363190
v 0.808018 0.353044 0.383766
v 0.786634 0.353044 0.346728
v 0.836530 0.353044 0.260306
v 0.879298 0.353044 0.260306
v 0.686842 0.353044 0.346728
v 0.686842 0.333044 0.346728
v 0.786634 0.333044 0.346728
v 0.786634 0.353044 0.346728
v 0.808018 0.353044 0.136845
v 0.786634 0.353044 0.173883
v 0.686842 0.353044 0.173883
v 0.665458 0.353044 0.136845
v 0.594178 0.353044 0.260306
v 0.636946 0.353044 0.260306
v 0.686842 0.353044 0.346728
v 0.665458 0.353044 0.383766
v 0.665458 0.353044 0.383766
v 0.686842 0.353044 0.346728
v 0.786634 0.353044 0.346728
v 0.808018 0.353044 0.383766
v 0.879298 0.353044 0.260306
v 0.836530 0.353044 0.260306
v 0.786634 0.353044 0.173883
v 0.808018 0.353044 0.136845
v 0.665458 0.353044 0.136845
v 0.686842 0.353044 0.173883
v 0.636946 0.353044 0.260306
v 0.594178 0.353044 0.260306
v 0.786634 0.333044 0.346728
v 0.761686 0.333044 0.303517
v 0.786634 0.333044 0.260306
v 0.836530 0.333044 0.260306
v 0.836530 0.353044 0.260306
v 0.836530 0.333044 0.260306
v 0.786634 0.333044 0.173883
v 0.786634 0.353044 0.173883
v 0.686842 0.353044 0.173883
v 0.686842 0.333044 0.173883
v 0.636946 0.333044 0.260306
v 0.636946 0.353044 0.260306
v 0.786634 0.353044 0.346728
v 0.786634 0.333044 0.346728
v 0.836530 0.333044 0.260306
v 0.836530 0.353044 0.260306
v 0.786634 0.353044 0.173883
v 0.786634 0.333044 0.173883
v 0.686842 0.333044 0.173883
v 0.686842 0.353044 0.173883
v 0.636946 0.353044 0.260306
v 0.636946 0.333044 0.260306
v 0.686842 0.333044 0.346728
v 0.686842 0.353044 0.346728
v 0.786634 0.333044 0.173883
v 0.761686 0.333044 0.217094
v 0.711790 0.333044 0.217094
v 0.686842 0.333044 0.173883
v 0.636946 0.333044 0.260306
v 0.686842 0.333044 0.260306
v 0.711790 0.333044 0.303517
v 0.686842 0.333044 0.346728
v 0.686842 0.333044 0.346728
v 0.711790 0.333044 0.303517
v 0.761686 0.333044 0.303517
v 0.786634 0.333044 0.346728
v 0.836530 0.333044 0.260306
v 0.786634 0.333044 0.260306
v 0.761686 0.333044 0.217094
v 0.786634 0.333044 0.173883
v 0.686842 0.333044 0.173883
v 0.711790 0.333044 0.217094
v 0.686842 0.333044 0.260306
v 0.636946 0.333044 0.260306
v 0.761686 0.413044 0.303517
v 0.769170 0.413044 0.316480
v 0.801602 0.413044 0.260306
v 0.786634 0.413044 0.260306
v 0.711790 0.333044 0.303517
v 0.711790 0.413044 0.303517
v 0.761686 0.413044 0.303517
v 0.761686 0.333044 0.303517
v 0.786634 0.333044 0.260306
v 0.786634 0.413044 0.260306
v 0.761686 0.413044 0.217094
v 0.761686 0.333044 0.217094
v 0.711790 0.333044 0.217094
v 0.711790 0.413044 0.217094
v 0.686842 0.413044 0.260306
v 0.686842 0.333044 0.260306
v 0.761686 0.333044 0.303517
v 0.761686 0.413044 0.303517
v 0.786634 0.413044 0.260306
v 0.786634 0.333044 0.260306
v 0.761686 0.333044 0.217094
v 0.761686 0.413044 0.217094
v 0.711790 0.413044 0.217094
v 0.711790 0.333044 0.217094
v 0.704305 0.413044 0.316480
v 0.704305 0.473044 0.316480
v 0.769170 0.473044 0.316480
v 0.769170 0.413044 0.316480
v 0.761686 0.413044 0.217094
v 0.769170 0.413044 0.204131
v 0.704305 0.413044 0.204131
v 0.711790 0.413044 0.217094
v 0.686842 0.413044 0.260306
v 0.671873 0.413044 0.260306
v 0.704305 0.413044 0.316480
v 0.711790 0.413044 0.303517
v 0.711790 0.413044 0.303517
v 0.704305 0.413044 0.316480
v 0.769170 0.413044 0.316480
v 0.761686 0.413044 0.303517
v 0.786634 0.413044 0.260306
v 0.801602 0.413044 0.260306
v 0.769170 0.413044 0.204131
v 0.761686 0.413044 0.217094
v 0.711790 0.413044 0.217094
v 0.704305 0.413044 0.204131
v 0.671873 0.413044 0.260306
v 0.686842 0.413044 0.260306
v 0.671873 0.473044 0.260306
v 0.704305 0.473044 0.204131
v 0.769170 0.473044 0.204131
v 0.801602 0.473044 0.260306
v 0.704305 0.473044 0.316480
v 0.769170 0.473044 0.316480
v 0.801602 0.413044 0.260306
v 0.801602 0.473044 0.260306
v 0.769170 0.473044 0.204131
v 0.769170 0.413044 0.204131
v 0.704305 0.413044 0.204131
v 0.704305 0.473044 0.204131
v 0.671873 0.473044 0.260306
v 0.671873 0.413044 0.260306
v 0.769170 0.413044 0.316480
v 0.769170 0.473044 0.316480
v 0.801602 0.473044 0.260306
v 0.801602 0.413044 0.260306
v 0.769170 0.413044 0.204131
v 0.769170 0.473044 0.204131
v 0.704305 0.473044 0.204131
v 0.704305 0.413044 0.204131
v 0.671873 0.413044 0.260306
v 0.671873 0.473044 0.260306
v 0.704305 0.473044 0.316480
v 0.704305 0.413044 0.316480
v 0.677338 0.263044 0.363190
v 0.671398 0.217131 0.373478
v 0.606058 0.217131 0.260306
v 0.617938 0.263044 0.260306
v 0.677338 0.263044 0.157422
v 0.671398 0.217131 0.147133
v 0.802078 0.217131 0.147133
v 0.796138 0.263044 0.157422
v 0.855538 0.263044 0.260306
v 0.867418 0.217131 0.260306
v 0.802078 0.217131 0.373478
v 0.796138 0.263044 0.363189
v 0.617938 0.263044 0.260306
v 0.606058 0.217131 0.260306
v 0.671398 0.217131 0.147133
v 0.677338 0.263044 0.157422
v 0.796138 0.263044 0.157422
v 0.802078 0.217131 0.147133
v 0.867418 0.217131 0.260306
v 0.855538 0.263044 0.260306
v 0.796138 0.263044 0.363189
v 0.802078 0.217131 0.373478
v 0.671398 0.217131 0.373478
v 0.677338 0.263044 0.363190
v 0.665458 0.263044 0.136845
v 0.808018 0.263044 0.136845
v 0.808018 0.353044 0.136845
v 0.665458 0.353044 0.136845
v 0.879298 0.263044 0.260306
v 0.808018 0.263044 0.383766
v 0.808018 0.353044 0.383766
v 0.879298 0.353044 0.260306
v 0.594178 0.263044 0.260306
v 0.665458 0.263044 0.136845
v 0.665458 0.353044 0.136845
v 0.594178 0.353044 0.260306
v 0.808018 0.263044 0.136845
v 0.879298 0.263044 0.260306
v 0.879298 0.353044 0.260306
v 0.808018 0.353044 0.136845
v 0.665458 0.353044 0.383766
v 0.808018 0.353044 0.383766
v 0.808018 0.263044 0.383766
v 0.665458 0.263044 0.383766
v 0.594178 0.353044 0.260306
v 0.665458 0.353044 0.383766
v 0.665458 0.263044 0.383766
v 0.594178 0.263044 0.260306
v 0.797029 0.045597 0.155879
v 0.803058 0.045597 0.145436
v 0.869378 0.045597 0.260306
v 0.857320 0.045597 0.260306
v 0.676447 0.045597 0.155879
v 0.670418 0.045597 0.145436
v 0.803058 0.045597 0.145436
v 0.797029 0.045597 0.155879
v 0.857320 0.045597 0.260306
v 0.869378 0.045597 0.260306
v 0.803058 0.045597 0.375175
v 0.797029 0.045597 0.364733
v 0.818002 0.048000 0.413543
v 0.789735 0.031680 0.413543
v 0.734864 0.063360 0.413543
v 0.734864 0.096000 0.413543
v 0.734864 0.096000 0.365543
v 0.734864 0.096000 0.413543
v 0.651725 0.048000 0.413543
v 0.651725 0.048000 0.365543
v 0.651725 -0.048000 0.413543
v 0.651725 0.048000 0.413543
v 0.679992 0.031680 0.413543
v 0.679992 -0.031680 0.413543
v 0.818002 0.048000 0.365543
v 0.818002 0.048000 0.413543
v 0.734864 0.096000 0.413543
v 0.734864 0.096000 0.365543
v 0.734864 0.096000 0.413543
v 0.734864 0.063360 0.413543
v 0.679992 0.031680 0.413543
v 0.651725 0.048000 0.413543
v 0.818002 0.048000 0.413543
v 0.818002 0.048000 0.365543
v 0.818002 -0.048000 0.365543
v 0.818002 -0.048000 0.413543
v 0.803058 0.022799 0.145436
v 0.869378 0.022799 0.260306
v 0.869378 0.045597 0.260306
v 0.803058 0.045597 0.145436
v 0.670418 0.022799 0.375175
v 0.604097 0.022799 0.260306
v 0.604097 0.045597 0.260306
v 0.670418 0.045597 0.375175
v 0.670418 0.022799 0.145436
v 0.803058 0.022799 0.145436
v 0.803058 0.045597 0.145436
v 0.670418 0.045597 0.145436
v 0.869378 0.022799 0.260306
v 0.803058 0.022799 0.375175
v 0.803058 0.045597 0.375175
v 0.869378 0.045597 0.260306
v 0.789735 0.031680 0.413543
v 0.818002 0.048000 0.413543
v 0.818002 -0.048000 0.413543
v 0.789735 -0.031680 0.413543
v 0.671802 -0.203408 0.372778
v 0.606865 -0.203408 0.260306
v 0.616156 -0.045597 0.260306
v 0.676447 -0.045597 0.364733
v 0.801775 0.206839 0.372953
v 0.797029 0.045597 0.364733
v 0.676447 0.045597 0.364733
v 0.671701 0.206839 0.372953
v 0.801775 0.206839 0.147658
v 0.797029 0.045597 0.155879
v 0.857320 0.045597 0.260306
v 0.866812 0.206839 0.260306
v 0.606664 0.206839 0.260306
v 0.616156 0.045597 0.260306
v 0.676447 0.045597 0.155879
v 0.671701 0.206839 0.147658
v 0.866812 0.206839 0.260306
v 0.857320 0.045597 0.260306
v 0.797029 0.045597 0.364733
v 0.801775 0.206839 0.372953
v 0.671701 0.206839 0.147658
v 0.676447 0.045597 0.155879
v 0.797029 0.045597 0.155879
v 0.801775 0.206839 0.147658
v 0.604097 0.022799 0.260306
v 0.670418 0.022799 0.145436
v 0.670418 0.045597 0.145436
v 0.604097 0.045597 0.260306
v 0.651725 -0.048000 0.365543
v 0.651725 0.048000 0.365543
v 0.651725 0.048000 0.413543
v 0.651725 -0.048000 0.413543
v 0.734864 -0.063360 0.413543
v 0.679992 -0.031680 0.413543
v 0.679992 0.031680 0.413543
v 0.734864 0.063360 0.413543
v 0.789735 -0.031680 0.413543
v 0.789735 0.031680 0.413543
v 0.686842 0.333044 0.260306
v 0.686842 0.413044 0.260306
v 0.711790 0.413044 0.303517
v 0.711790 0.333044 0.303517
v 0.803058 0.022799 0.375175
v 0.869378 0.022799 0.260306
v 0.869378 -0.022799 0.260306
v 0.803058 -0.022799 0.375175
v 0.803058 0.022799 0.145436
v 0.670418 0.022799 0.145436
v 0.670418 -0.022799 0.145436
v 0.803058 -0.022799 0.145436
v 0.604097 0.022799 0.260306
v 0.670418 0.022799 0.375175
v 0.670418 -0.022799 0.375175
v 0.604097 -0.022799 0.260306
v 0.869378 0.022799 0.260306
v 0.803058 0.022799 0.145436
v 0.803058 -0.022799 0.145436
v 0.869378 -0.022799 0.260306
v 0.665798 0.041194 0.402980
v 0.566798 0.063694 0.376100
v 0.665798 0.041194 0.376100
v 0.566798 0.063694 0.402980
v 0.533798 0.071194 0.376100
v 0.533798 0.071194 0.402980
v 0.566798 0.063694 0.402980
v 0.665798 0.041194 0.402980
v 0.665798 0.000000 0.402980
v 0.559298 0.039347 0.402980
v 0.533798 0.071194 0.402980
v 0.551798 0.015000 0.402980
v 0.513798 0.020000 0.402980
v 0.665798 -0.041194 0.402980
v 0.566798 -0.063694 0.402980
v 0.559298 -0.039347 0.402980
v 0.533798 -0.071194 0.402980
v 0.551798 -0.015000 0.402980
v 0.513798 -0.020000 0.402980
v 0.566798 0.063694 0.376100
v 0.533798 0.071194 0.376100
v 0.559298 0.039347 0.376100
v 0.665798 0.000000 0.376100
v 0.665798 0.041194 0.376100
v 0.551798 0.015000 0.376100
v 0.513798 0.020000 0.376100
v 0.566798 -0.063694 0.376100
v 0.665798 -0.041194 0.376100
v 0.559298 -0.039347 0.376100
v 0.533798 -0.071194 0.376100
v 0.551798 -0.015000 0.376100
v 0.513798 -0.020000 0.376100
v 0.513798 0.020000 0.376100
v 0.559298 0.039347 0.376100
v 0.559298 0.039347 0.402980
v 0.513798 0.020000 0.402980
v 0.533798 0.071194 0.402980
v 0.559298 0.039347 0.402980
v 0.559298 0.039347 0.376100
v 0.533798 0.071194 0.376100
v 0.551798 0.015000 0.402980
v 0.513798 0.020000 0.376100
v 0.513798 0.020000 0.402980
v 0.551798 0.015000 0.376100
v 0.665798 0.000000 0.402980
v 0.665798 0.000000 0.376100
v 0.677338 -0.263044 0.363190
v 0.796138 -0.263044 0.363189
v 0.808018 -0.263044 0.383766
v 0.665458 -0.263044 0.383766
v 0.616156 -0.045597 0.260306
v 0.676447 -0.045597 0.155879
v 0.670418 -0.045597 0.145436
v 0.604097 -0.045597 0.260306
v 0.676447 -0.045597 0.364733
v 0.616156 -0.045597 0.260306
v 0.604097 -0.045597 0.260306
v 0.670418 -0.045597 0.375175
v 0.855538 -0.263044 0.260306
v 0.796138 -0.263044 0.157422
v 0.808018 -0.263044 0.136845
v 0.879298 -0.263044 0.260306
v 0.677338 -0.263044 0.157422
v 0.617938 -0.263044 0.260306
v 0.594178 -0.263044 0.260306
v 0.665458 -0.263044 0.136845
v 0.796138 -0.263044 0.363189
v 0.855538 -0.263044 0.260306
v 0.879298 -0.263044 0.260306
v 0.808018 -0.263044 0.383766
v 0.796138 -0.263044 0.157422
v 0.677338 -0.263044 0.157422
v 0.665458 -0.263044 0.136845
v 0.808018 -0.263044 0.136845
v 0.617938 -0.263044 0.260306
v 0.677338 -0.263044 0.363190
v 0.665458 -0.263044 0.383766
v 0.594178 -0.263044 0.260306
v 0.808018 -0.353044 0.383766
v 0.879298 -0.353044 0.260306
v 0.836530 -0.353044 0.260306
v 0.786634 -0.353044 0.346728
v 0.686842 -0.353044 0.346728
v 0.786634 -0.353044 0.346728
v 0.786634 -0.333044 0.346728
v 0.686842 -0.333044 0.346728
v 0.808018 -0.353044 0.136845
v 0.665458 -0.353044 0.136845
v 0.686842 -0.353044 0.173883
v 0.786634 -0.353044 0.173883
v 0.594178 -0.353044 0.260306
v 0.665458 -0.353044 0.383766
v 0.686842 -0.353044 0.346728
v 0.636946 -0.353044 0.260306
v 0.665458 -0.353044 0.383766
v 0.808018 -0.353044 0.383766
v 0.786634 -0.353044 0.346728
v 0.686842 -0.353044 0.346728
v 0.879298 -0.353044 0.260306
v 0.808018 -0.353044 0.136845
v 0.786634 -0.353044 0.173883
v 0.836530 -0.353044 0.260306
v 0.665458 -0.353044 0.136845
v 0.594178 -0.353044 0.260306
v 0.636946 -0.353044 0.260306
v 0.686842 -0.353044 0.173883
v 0.786634 -0.333044 0.346728
v 0.836530 -0.333044 0.260306
v 0.786634 -0.333044 0.260306
v 0.761686 -0.333044 0.303517
v 0.836530 -0.353044 0.260306
v 0.786634 -0.353044 0.173883
v 0.786634 -0.333044 0.173883
v 0.836530 -0.333044 0.260306
v 0.686842 -0.353044 0.173883
v 0.636946 -0.353044 0.260306
v 0.636946 -0.333044 0.260306
v 0.686842 -0.333044 0.173883
v 0.786634 -0.353044 0.346728
v 0.836530 -0.353044 0.260306
v 0.836530 -0.333044 0.260306
v 0.786634 -0.333044 0.346728
v 0.786634 -0.353044 0.173883
v 0.686842 -0.353044 0.173883
v 0.686842 -0.333044 0.173883
v 0.786634 -0.333044 0.173883
v 0.636946 -0.353044 0.260306
v 0.686842 -0.353044 0.346728
v 0.686842 -0.333044 0.346728
v 0.636946 -0.333044 0.260306
v 0.786634 -0.333044 0.173883
v 0.686842 -0.333044 0.173883
v 0.711790 -0.333044 0.217094
v 0.761686 -0.333044 0.217094
v 0.636946 -0.333044 0.260306
v 0.686842 -0.333044 0.346728
v 0.711790 -0.333044 0.303517
v 0.686842 -0.333044 0.260306
v 0.686842 -0.333044 0.346728
v 0.786634 -0.333044 0.346728
v 0.761686 -0.333044 0.303517
v 0.711790 -0.333044 0.303517
v 0.836530 -0.333044 0.260306
v 0.786634 -0.333044 0.173883
v 0.761686 -0.333044 0.217094
v 0.786634 -0.333044 0.260306
v 0.686842 -0.333044 0.173883
v 0.636946 -0.333044 0.260306
v 0.686842 -0.333044 0.260306
v 0.711790 -0.333044 0.217094
v 0.761686 -0.413044 0.303517
v 0.786634 -0.413044 0.260306
v 0.801602 -0.413044 0.260306
v 0.769170 -0.413044 0.316480
v 0.711790 -0.333044 0.303517
v 0.761686 -0.333044 0.303517
v 0.761686 -0.413044 0.303517
v 0.711790 -0.413044 0.303517
v 0.786634 -0.333044 0.260306
v 0.761686 -0.333044 0.217094
v 0.761686 -0.413044 0.217094
v 0.786634 -0.413044 0.260306
v 0.711790 -0.333044 0.217094
v 0.686842 -0.333044 0.260306
v 0.686842 -0.413044 0.260306
v 0.711790 -0.413044 0.217094
v 0.761686 -0.333044 0.303517
v 0.786634 -0.333044 0.260306
v 0.786634 -0.413044 0.260306
v 0.761686 -0.413044 0.303517
v 0.761686 -0.333044 0.217094
v 0.711790 -0.333044 0.217094
v 0.711790 -0.413044 0.217094
v 0.761686 -0.413044 0.217094
v 0.704305 -0.413044 0.316480
v 0.769170 -0.413044 0.316480
v 0.769170 -0.473044 0.316480
v 0.704305 -0.473044 0.316480
v 0.761686 -0.413044 0.217094
v 0.711790 -0.413044 0.217094
v 0.704305 -0.413044 0.204131
v 0.769170 -0.413044 0.204131
v 0.686842 -0.413044 0.260306
v 0.711790 -0.413044 0.303517
v 0.704305 -0.413044 0.316480
v 0.671873 -0.413044 0.260306
v 0.711790 -0.413044 0.303517
v 0.761686 -0.413044 0.303517
v 0.769170 -0.413044 0.316480
v 0.704305 -0.413044 0.316480
v 0.786634 -0.413044 0.260306
v 0.761686 -0.413044 0.217094
v 0.769170 -0.413044 0.204131
v 0.801602 -0.413044 0.260306
v 0.711790 -0.413044 0.217094
v 0.686842 -0.413044 0.260306
v 0.671873 -0.413044 0.260306
v 0.704305 -0.413044 0.204131
v 0.801602 -0.473044 0.260306
v 0.769170 -0.473044 0.204131
v 0.704305 -0.473044 0.204131
v 0.671873 -0.473044 0.260306
v 0.769170 -0.473044 0.316480
v 0.704305 -0.473044 0.316480
v 0.801602 -0.413044 0.260306
v 0.769170 -0.413044 0.204131
v 0.769170 -0.473044 0.204131
v 0.801602 -0.473044 0.260306
v 0.704305 -0.413044 0.204131
v 0.671873 -0.413044 0.260306
v 0.671873 -0.473044 0.260306
v 0.704305 -0.473044 0.204131
v 0.769170 -0.413044 0.316480
v 0.801602 -0.413044 0.260306
v 0.801602 -0.473044 0.260306
v 0.769170 -0.473044 0.316480
v 0.769170 -0.413044 0.204131
v 0.704305 -0.413044 0.204131
v 0.704305 -0.473044 0.204131
v 0.769170 -0.473044 0.204131
v 0.671873 -0.413044 0.260306
v 0.704305 -0.413044 0.316480
v 0.704305 -0.473044 0.316480
v 0.671873 -0.473044 0.260306
v 0.677338 -0.263044 0.363190
v 0.617938 -0.263044 0.260306
v 0.606058 -0.217131 0.260306
v 0.671398 -0.217131 0.373478
v 0.677338 -0.263044 0.157422
v 0.796138 -0.263044 0.157422
v 0.802078 -0.217131 0.147133
v 0.671398 -0.217131 0.147133
v 0.855538 -0.263044 0.260306
v 0.796138 -0.263044 0.363189
v 0.802078 -0.217131 0.373478
v 0.867418 -0.217131 0.260306
v 0.617938 -0.263044 0.260306
v 0.677338 -0.263044 0.157422
v 0.671398 -0.217131 0.147133
v 0.606058 -0.217131 0.260306
v 0.796138 -0.263044 0.157422
v 0.855538 -0.263044 0.260306
v 0.867418 -0.217131 0.260306
v 0.802078 -0.217131 0.147133
v 0.796138 -0.263044 0.363189
v 0.677338 -0.263044 0.363190
v 0.671398 -0.217131 0.373478
v 0.802078 -0.217131 0.373478
v 0.665458 -0.263044 0.136845
v 0.665458 -0.353044 0.136845
v 0.808018 -0.353044 0.136845
v 0.808018 -0.263044 0.136845
v 0.879298 -0.263044 0.260306
v 0.879298 -0.353044 0.260306
v 0.808018 -0.353044 0.383766
v 0.808018 -0.263044 0.383766
v 0.594178 -0.263044 0.260306
v 0.594178 -0.353044 0.260306
v 0.665458 -0.353044 0.136845
v 0.665458 -0.263044 0.136845
v 0.808018 -0.263044 0.136845
v 0.808018 -0.353044 0.136845
v 0.879298 -0.353044 0.260306
v 0.879298 -0.263044 0.260306
v 0.665458 -0.353044 0.383766
v 0.665458 -0.263044 0.383766
v 0.808018 -0.263044 0.383766
v 0.808018 -0.353044 0.383766
v 0.594178 -0.353044 0.260306
v 0.594178 -0.263044 0.260306
v 0.665458 -0.263044 0.383766
v 0.665458 -0.353044 0.383766
v 0.797029 -0.045597 0.155879
v 0.857320 -0.045597 0.260306
v 0.869378 -0.045597 0.260306
v 0.803058 -0.045597 0.145436
v 0.676447 -0.045597 0.155879
v 0.797029 -0.045597 0.155879
v 0.803058 -0.045597 0.145436
v 0.670418 -0.045597 0.145436
v 0.857320 -0.045597 0.260306
v 0.797029 -0.045597 0.364733
v 0.803058 -0.045597 0.375175
v 0.869378 -0.045597 0.260306
v 0.818002 -0.048000 0.413543
v 0.734864 -0.096000 0.413543
v 0.734864 -0.063360 0.413543
v 0.789735 -0.031680 0.413543
v 0.734864 -0.096000 0.365543
v 0.651725 -0.048000 0.365543
v 0.651725 -0.048000 0.413543
v 0.734864 -0.096000 0.413543
v 0.818002 -0.048000 0.365543
v 0.734864 -0.096000 0.365543
v 0.734864 -0.096000 0.413543
v 0.818002 -0.048000 0.413543
v 0.734864 -0.096000 0.413543
v 0.651725 -0.048000 0.413543
v 0.679992 -0.031680 0.413543
v 0.734864 -0.063360 0.413543
v 0.803058 -0.022799 0.145436
v 0.803058 -0.045597 0.145436
v 0.869378 -0.045597 0.260306
v 0.869378 -0.022799 0.260306
v 0.670418 -0.022799 0.375175
v 0.670418 -0.045597 0.375175
v 0.604097 -0.045597 0.260306
v 0.604097 -0.022799 0.260306
v 0.670418 -0.022799 0.145436
v 0.670418 -0.045597 0.145436
v 0.803058 -0.045597 0.145436
v 0.803058 -0.022799 0.145436
v 0.869378 -0.022799 0.260306
v 0.869378 -0.045597 0.260306
v 0.803058 -0.045597 0.375175
v 0.803058 -0.022799 0.375175
v 0.801674 -0.203408 0.372778
v 0.671802 -0.203408 0.372778
v 0.676447 -0.045597 0.364733
v 0.797029 -0.045597 0.364733
v 0.801674 -0.203408 0.147833
v 0.866610 -0.203408 0.260306
v 0.857320 -0.045597 0.260306
v 0.797029 -0.045597 0.155879
v 0.606865 -0.203408 0.260306
v 0.671802 -0.203408 0.147833
v 0.676447 -0.045597 0.155879
v 0.616156 -0.045597 0.260306
v 0.866610 -0.203408 0.260306
v 0.801674 -0.203408 0.372778
v 0.797029 -0.045597 0.364733
v 0.857320 -0.045597 0.260306
v 0.671802 -0.203408 0.147833
v 0.801674 -0.203408 0.147833
v 0.797029 -0.045597 0.155879
v 0.676447 -0.045597 0.155879
v 0.604097 -0.022799 0.260306
v 0.604097 -0.045597 0.260306
v 0.670418 -0.045597 0.145436
v 0.670418 -0.022799 0.145436
v 0.686842 -0.333044 0.260306
v 0.711790 -0.333044 0.303517
v 0.711790 -0.413044 0.303517
v 0.686842 -0.413044 0.260306
v 0.665798 -0.041194 0.402980
v 0.665798 -0.041194 0.376100
v 0.566798 -0.063694 0.376100
v 0.566798 -0.063694 0.402980
v 0.533798 -0.071194 0.376100
v 0.533798 -0.071194 0.402980
v 0.670418 0.022799 0.145436
v 0.604097 0.022799 0.260306
v 0.604097 -0.022799 0.260306
v 0.670418 -0.022799 0.145436
v 0.513798 -0.020000 0.376100
v 0.513798 -0.020000 0.402980
v 0.559298 -0.039347 0.402980
v 0.559298 -0.039347 0.376100
v 0.533798 -0.071194 0.402980
v 0.533798 -0.071194 0.376100
v 0.559298 -0.039347 0.376100
v 0.559298 -0.039347 0.402980
v 0.551798 -0.015000 0.402980
v 0.513798 -0.020000 0.402980
v 0.513798 -0.020000 0.376100
v 0.551798 -0.015000 0.376100
v 0.665798 0.000000 0.402980
v 0.665798 0.000000 0.376100
v 0.802078 0.217131 0.373478
v 0.801775 0.206839 0.372953
v 0.671701 0.206839 0.372953
v 0.671398 0.217131 0.373478
v 0.802078 0.217131 0.147133
v 0.801775 0.206839 0.147658
v 0.866812 0.206839 0.260306
v 0.867418 0.217131 0.260306
v 0.606058 0.217131 0.260306
v 0.606664 0.206839 0.260306
v 0.671701 0.206839 0.147658
v 0.671398 0.217131 0.147133
v 0.867418 0.217131 0.260306
v 0.866812 0.206839 0.260306
v 0.801775 0.206839 0.372953
v 0.802078 0.217131 0.373478
v 0.671398 0.217131 0.147133
v 0.671701 0.206839 0.147658
v 0.801775 0.206839 0.147658
v 0.802078 0.217131 0.147133
v 0.671398 0.217131 0.373478
v 0.671701 0.206839 0.372953
v 0.606664 0.206839 0.260306
v 0.606058 0.217131 0.260306
v 0.802078 -0.217131 0.373478
v 0.671398 -0.217131 0.373478
v 0.671802 -0.203408 0.372778
v 0.801674 -0.203408 0.372778
v 0.802078 -0.217131 0.147133
v 0.867418 -0.217131 0.260306
v 0.866610 -0.203408 0.260306
v 0.801674 -0.203408 0.147833
v 0.606058 -0.217131 0.260306
v 0.671398 -0.217131 0.147133
v 0.671802 -0.203408 0.147833
v 0.606865 -0.203408 0.260306
v 0.867418 -0.217131 0.260306
v 0.802078 -0.217131 0.373478
v 0.801674 -0.203408 0.372778
v 0.866610 -0.203408 0.260306
v 0.671398 -0.217131 0.147133
v 0.802078 -0.217131 0.147133
v 0.801674 -0.203408 0.147833
v 0.671802 -0.203408 0.147833
v 0.671398 -0.217131 0.373478
v 0.606058 -0.217131 0.260306
v 0.606865 -0.203408 0.260306
v 0.671802 -0.203408 0.372778
v 0.671701 0.206839 0.372953
v 0.676447 0.045597 0.364733
v 0.616156 0.045597 0.260306
v 0.606664 0.206839 0.260306
v 0.734864 0.096000 0.365543
v 0.651725 0.048000 0.365543
v 0.651725 -0.048000 0.365543
v 0.734864 -0.096000 0.365543
v 0.818002 0.048000 0.365543
v 0.818002 -0.048000 0.365543
vt 0.353953004 0.0852409452
vt 0.357689023 0.0852409452
vt 0.357689023 0.0503939204
vt 0.353953004 0.0503939204
vt 0.679654837 0.26999402
vt 0.970335364 0.0287053753
vt 0.679549515 0.0287054423
vt 0.970230162 0.269993812
vt 0.679411292 0.519822121
vt 0.970473528 0.519821882
vt 0.679655194 0.764097095
vt 0.970229805 0.764096797
vt 0.679655313 0.944678247
vt 0.970229864 0.944677949
vt 0.353936225 0.0852409452
vt 0.357672274 0.0852409452
vt 0.357672274 0.0503939204
vt 0.353936225 0.0503939204
vt 0.354763865 0.27011922
vt 0.646758854 0.0279596318
vt 0.354741961 0.0279598106
vt 0.646737039 0.270118982
vt 0.355020285 0.518611789
vt 0.64648062 0.51861161
vt 0.354938835 0.764010847
vt 0.646562159 0.764010668
vt 0.354938895 0.942874134
vt 0.646562278 0.942873836
vt 0.336978704 0.967655778
vt 0.336978704 0.957293391
vt 0.336524308 0.957293391
vt 0.336524308 0.967655778
vt 0.365143776 0.923759639
vt 0.365602553 0.923589349
vt 0.365119994 0.919953644
vt 0.364653885 0.920057535
vt 0.364831001 0.916193783
vt 0.364360958 0.916163087
vt 0.364926606 0.912353754
vt 0.364477396 0.912124217
vt 0.366844147 0.908710718
vt 0.36638537 0.908540428
vt 0.36589548 0.912242532
vt 0.366361588 0.912346423
vt 0.365602553 0.91613698
vt 0.366072595 0.916106284
vt 0.365718991 0.92017585
vt 0.366168231 0.919946313
vt 0.283285618 0.872451484
vt 0.283285618 0.882451475
vt 0.293285698 0.882451475
vt 0.293285698 0.872451484
vt 0.29774797 0.822900057
vt 0.29774797 0.832900047
vt 0.3077479 0.832900047
vt 0.3077479 0.822900057
vt 0.29774797 0.822900057
vt 0.29774797 0.832900047
vt 0.3077479 0.832900047
vt 0.3077479 0.822900057
vt 0.283285618 0.872451484
vt 0.283285618 0.882451475
vt 0.293285698 0.882451475
vt 0.293285698 0.872451484
vt 0.283285618 0.872451484
vt 0.283285618 0.882451475
vt 0.293285698 0.882451475
vt 0.293285698 0.872451484
vt 0.283285618 0.872451484
vt 0.283285618 0.882451475
vt 0.293285698 0.882451475
vt 0.293285698 0.872451484
vt 0.283285618 0.872451484
vt 0.283285618 0.882451475
vt 0.293285698 0.882451475
vt 0.293285698 0.872451484
vt 0.283285618 0.872451484
vt 0.283285618 0.882451475
vt 0.293285698 0.882451475
vt 0.293285698 0.872451484
vt 0.283285618 0.872451484
vt 0.283285618 0.882451475
vt 0.293285698 0.882451475
vt 0.293285698 0.872451484
vt 0.283285618 0.872451484
vt 0.283285618 0.882451475
vt 0.293285698 0.882451475
vt 0.293285698 0.872451484
vt 0.283285618 0.872451484
vt 0.283285618 0.882451475
vt 0.293285698 0.882451475
vt 0.293285698 0.872451484
vt 0.283285618 0.872451484
vt 0.283285618 0.882451475
vt 0.293285698 0.882451475
vt 0.293285698 0.872451484
vt 0.283285618 0.872451484
vt 0.283285618 0.882451475
vt 0.293285698 0.882451475
vt 0.293285698 0.872451484
vt 0.283285618 0.872451484
vt 0.283285618 0.882451475
vt 0.293285698 0.882451475
vt 0.293285698 0.872451484
vt 0.283285618 0.872451484
vt 0.283285618 0.882451475
vt 0.293285698 0.882451475
vt 0.293285698 0.872451484
vt 0.28331393 0.817604601
vt 0.28331393 0.827604592
vt 0.293313891 0.827604592
vt 0.293313891 0.817604601
vt 0.283285618 0.872451484
vt 0.283285618 0.882451475
vt 0.293285698 0.882451475
vt 0.293285698 0.872451484
vt 0.283285618 0.872451484
vt 0.283285618 0.882451475
vt 0.293285698 0.882451475
vt 0.293285698 0.872451484
vt 0.283285618 0.872451484
vt 0.283285618 0.882451475
vt 0.293285698 0.882451475
vt 0.293285698 0.872451484
vt 0.283285618 0.872451484
vt 0.283285618 0.882451475
vt 0.293285698 0.882451475
vt 0.293285698 0.872451484
vt 0.283285618 0.872451484
vt 0.283285618 0.882451475
vt 0.293285698 0.882451475
vt 0.293285698 0.872451484
vt 0.28331393 0.817604601
vt 0.28331393 0.827604592
vt 0.293313891 0.827604592
vt 0.293313891 0.817604601
vt 0.28331393 0.817604601
vt 0.28331393 0.827604592
vt 0.293313891 0.827604592
vt 0.293313891 0.817604601
vt 0.28331393 0.817604601
vt 0.28331393 0.827604592
vt 0.293313891 0.827604592
vt 0.293313891 0.817604601
vt 0.28331393 0.817604601
vt 0.28331393 0.827604592
vt 0.293313891 0.827604592
vt 0.293313891 0.817604601
vt 0.28331393 0.817604601
vt 0.28331393 0.827604592
vt 0.293313891 0.827604592
vt 0.293313891 0.817604601
vt 0.283285618 0.872888386
vt 0.283285618 0.882888377
vt 0.293285698 0.882888377
vt 0.293285698 0.872888386
vt 0.284406215 0.817822993
vt 0.284406215 0.827823043
vt 0.294406176 0.827823043
vt 0.294406176 0.817822993
vt 0.284406215 0.817822993
vt 0.284406215 0.827823043
vt 0.294406176 0.827823043
vt 0.294406176 0.817822993
vt 0.284406215 0.817822993
vt 0.284406215 0.827823043
vt 0.294406176 0.827823043
vt 0.294406176 0.817822993
vt 0.284406215 0.817822993
vt 0.284406215 0.827823043
vt 0.294406176 0.827823043
vt 0.294406176 0.817822993
vt 0.284406215 0.817822993
vt 0.284406215 0.827823043
vt 0.294406176 0.827823043
vt 0.294406176 0.817822993
vt 0.283285618 0.872888386
vt 0.283285618 0.882888377
vt 0.293285698 0.882888377
vt 0.293285698 0.872888386
vt 0.283285618 0.872888386
vt 0.283285618 0.882888377
vt 0.293285698 0.882888377
vt 0.293285698 0.872888386
vt 0.283285618 0.872888386
vt 0.283285618 0.882888377
vt 0.293285698 0.882888377
vt 0.293285698 0.872888386
vt 0.283285618 0.872888386
vt 0.283285618 0.882888377
vt 0.293285698 0.882888377
vt 0.293285698 0.872888386
vt 0.283285618 0.872888386
vt 0.283285618 0.882888377
vt 0.293285698 0.882888377
vt 0.293285698 0.872888386
vt 0.283285618 0.872888386
vt 0.283285618 0.882888377
vt 0.293285698 0.882888377
vt 0.293285698 0.872888386
vt 0.288285613 0.882888377
vt 0.283955544 0.880388439
vt 0.283955544 0.875388324
vt 0.288285613 0.872888386
vt 0.292615741 0.880388439
vt 0.292615741 0.875388324
vt 0.283285618 0.872888386
vt 0.283285618 0.882888377
vt 0.293285698 0.882888377
vt 0.293285698 0.872888386
vt 0.283285618 0.872888386
vt 0.283285618 0.882888377
vt 0.293285698 0.882888377
vt 0.293285698 0.872888386
vt 0.283285618 0.872888386
vt 0.283285618 0.882888377
vt 0.293285698 0.882888377
vt 0.293285698 0.872888386
vt 0.283285618 0.872888386
vt 0.283285618 0.882888377
vt 0.293285698 0.882888377
vt 0.293285698 0.872888386
vt 0.283285618 0.872888386
vt 0.283285618 0.882888377
vt 0.293285698 0.882888377
vt 0.293285698 0.872888386
vt 0.241865829 0.850056231
vt 0.241865829 0.860056281
vt 0.251865745 0.860056281
vt 0.251865745 0.850056231
vt 0.241865829 0.850056231
vt 0.241865829 0.860056281
vt 0.251865745 0.860056281
vt 0.251865745 0.850056231
vt 0.241865829 0.850056231
vt 0.241865829 0.860056281
vt 0.251865745 0.860056281
vt 0.251865745 0.850056231
vt 0.241865829 0.850056231
vt 0.241865829 0.860056281
vt 0.251865745 0.860056281
vt 0.251865745 0.850056231
vt 0.241865829 0.850056231
vt 0.241865829 0.860056281
vt 0.251865745 0.860056281
vt 0.251865745 0.850056231
vt 0.241865829 0.850056231
vt 0.241865829 0.860056281
vt 0.251865745 0.860056281
vt 0.251865745 0.850056231
vt 0.293285698 0.872451484
vt 0.283285618 0.872451484
vt 0.283285618 0.882451475
vt 0.293285698 0.882451475
vt 0.293285698 0.872451484
vt 0.283285618 0.872451484
vt 0.283285618 0.882451475
vt 0.293285698 0.882451475
vt 0.293285698 0.872451484
vt 0.283285618 0.872451484
vt 0.283285618 0.882451475
vt 0.293285698 0.882451475
vt 0.293285698 0.872451484
vt 0.283285618 0.872451484
vt 0.283285618 0.882451475
vt 0.293285698 0.882451475
vt 0.283285618 0.882451475
vt 0.293285698 0.882451475
vt 0.293285698 0.872451484
vt 0.283285618 0.872451484
vt 0.283285618 0.882451475
vt 0.293285698 0.882451475
vt 0.293285698 0.872451484
vt 0.283285618 0.872451484
vt 0.29774797 0.822900057
vt 0.29774797 0.832900047
vt 0.3077479 0.832900047
vt 0.3077479 0.822900057
vt 0.29774797 0.822900057
vt 0.29774797 0.832900047
vt 0.3077479 0.832900047
vt 0.3077479 0.822900057
vt 0.29774797 0.822900057
vt 0.29774797 0.832900047
vt 0.3077479 0.832900047
vt 0.3077479 0.822900057
vt 0.297466695 0.822991669
vt 0.297466695 0.832991719
vt 0.307466656 0.832991719
vt 0.307466656 0.822991669
vt 0.297466695 0.822991669
vt 0.297466695 0.832991719
vt 0.307466656 0.832991719
vt 0.307466656 0.822991669
vt 0.297466695 0.822991669
vt 0.297466695 0.822991669
vt 0.297466695 0.832991719
vt 0.297466695 0.832991719
vt 0.297466695 0.822991669
vt 0.297466695 0.832991719
vt 0.307466656 0.832991719
vt 0.307466656 0.822991669
vt 0.297466695 0.822991669
vt 0.297466695 0.832991719
vt 0.307466656 0.832991719
vt 0.307466656 0.822991669
vt 0.307466656 0.832991719
vt 0.307466656 0.822991669
vt 0.307466656 0.822991669
vt 0.307466656 0.832991719
vt 0.302747965 0.822900057
vt 0.302747965 0.832900047
vt 0.3077479 0.832900047
vt 0.3077479 0.822900057
vt 0.302747965 0.822900057
vt 0.302747965 0.832900047
vt 0.3077479 0.832900047
vt 0.3077479 0.822900057
vt 0.302747965 0.822900057
vt 0.302747965 0.832900047
vt 0.3077479 0.832900047
vt 0.3077479 0.822900057
vt 0.302747965 0.822900057
vt 0.302747965 0.832900047
vt 0.3077479 0.832900047
vt 0.3077479 0.822900057
vt 0.307466656 0.832991719
vt 0.307466656 0.822991669
vt 0.307466656 0.822991669
vt 0.307466656 0.832991719
vt 0.241681218 0.874873877
vt 0.251681119 0.874873877
vt 0.251210451 0.876440227
vt 0.241210431 0.876440227
vt 0.241681218 0.874873877
vt 0.241210431 0.876440227
vt 0.251210451 0.876440227
vt 0.251681119 0.874873877
vt 0.241681218 0.874873877
vt 0.241210431 0.876440227
vt 0.251210451 0.876440227
vt 0.251681119 0.874873877
vt 0.241681218 0.874873877
vt 0.241210431 0.876440227
vt 0.251210451 0.876440227
vt 0.251681119 0.874873877
vt 0.241681218 0.874873877
vt 0.241210431 0.876440227
vt 0.251210451 0.876440227
vt 0.251681119 0.874873877
vt 0.241681218 0.874873877
vt 0.241210431 0.876440227
vt 0.251210451 0.876440227
vt 0.251681119 0.874873877
vt 0.302747965 0.822900057
vt 0.302747965 0.832900047
vt 0.3077479 0.832900047
vt 0.3077479 0.822900057
vt 0.297466695 0.822991669
vt 0.297466695 0.822991669
vt 0.297466695 0.832991719
vt 0.297466695 0.832991719
vt 0.213096187 0.778488994
vt 0.166769013 0.624512732
vt 0.074114643 0.624512732
vt 0.0277874134 0.778488994
vt 0.166768983 0.932465017
vt 0.074114576 0.932465017
vt 0.284406215 0.817822993
vt 0.284406215 0.827823043
vt 0.294406176 0.827823043
vt 0.294406176 0.817822993
vt 0.306526005 0.88386941
vt 0.306526005 0.873869419
vt 0.306526005 0.873869419
vt 0.306526005 0.88386941
vt 0.306526005 0.88386941
vt 0.306526005 0.873869419
vt 0.306526005 0.873869419
vt 0.306526005 0.88386941
vt 0.306526005 0.88386941
vt 0.306526005 0.873869419
vt 0.306526005 0.873869419
vt 0.306526005 0.88386941
vt 0.306526005 0.88386941
vt 0.306526005 0.873869419
vt 0.306526005 0.873869419
vt 0.306526005 0.88386941
vt 0.297466695 0.832991719
vt 0.297466695 0.822991669
vt 0.297466695 0.822991669
vt 0.297466695 0.832991719
vt 0.297466695 0.822991669
vt 0.297466695 0.832991719
vt 0.297466695 0.832991719
vt 0.297466695 0.832991719
vt 0.307466656 0.832991719
vt 0.302466691 0.832991719
vt 0.297466695 0.832991719
vt 0.307466656 0.832991719
vt 0.307466656 0.832991719
vt 0.297466695 0.832991719
vt 0.297466695 0.832991719
vt 0.302466691 0.832991719
vt 0.297466695 0.832991719
vt 0.307466656 0.832991719
vt 0.307466656 0.832991719
vt 0.297466695 0.822991669
vt 0.297466695 0.822991669
vt 0.302466691 0.822991669
vt 0.307466656 0.822991669
vt 0.297466695 0.822991669
vt 0.307466656 0.822991669
vt 0.307466656 0.822991669
vt 0.297466695 0.822991669
vt 0.297466695 0.822991669
vt 0.302466691 0.822991669
vt 0.297466695 0.822991669
vt 0.307466656 0.822991669
vt 0.307466656 0.822991669
vt 0.307466656 0.822991669
vt 0.302466691 0.822991669
vt 0.302466691 0.832991719
vt 0.307466656 0.832991719
vt 0.297466695 0.832991719
vt 0.302466691 0.832991719
vt 0.302466691 0.822991669
vt 0.297466695 0.822991669
vt 0.307466656 0.832991719
vt 0.307466656 0.822991669
vt 0.307466656 0.832991719
vt 0.307466656 0.822991669
vt 0.307466656 0.832991719
vt 0.307466656 0.822991669
vt 0.283285618 0.872451484
vt 0.293285698 0.872451484
vt 0.293285698 0.882451475
vt 0.283285618 0.882451475
vt 0.29774797 0.822900057
vt 0.3077479 0.822900057
vt 0.3077479 0.832900047
vt 0.29774797 0.832900047
vt 0.29774797 0.822900057
vt 0.3077479 0.822900057
vt 0.3077479 0.832900047
vt 0.29774797 0.832900047
vt 0.283285618 0.872451484
vt 0.293285698 0.872451484
vt 0.293285698 0.882451475
vt 0.283285618 0.882451475
vt 0.283285618 0.872451484
vt 0.293285698 0.872451484
vt 0.293285698 0.882451475
vt 0.283285618 0.882451475
vt 0.283285618 0.872451484
vt 0.293285698 0.872451484
vt 0.293285698 0.882451475
vt 0.283285618 0.882451475
vt 0.283285618 0.872451484
vt 0.293285698 0.872451484
vt 0.293285698 0.882451475
vt 0.283285618 0.882451475
vt 0.283285618 0.872451484
vt 0.293285698 0.872451484
vt 0.293285698 0.882451475
vt 0.283285618 0.882451475
vt 0.283285618 0.872451484
vt 0.293285698 0.872451484
vt 0.293285698 0.882451475
vt 0.283285618 0.882451475
vt 0.283285618 0.872451484
vt 0.293285698 0.872451484
vt 0.293285698 0.882451475
vt 0.283285618 0.882451475
vt 0.283285618 0.872451484
vt 0.293285698 0.872451484
vt 0.293285698 0.882451475
vt 0.283285618 0.882451475
vt 0.283285618 0.872451484
vt 0.293285698 0.872451484
vt 0.293285698 0.882451475
vt 0.283285618 0.882451475
vt 0.283285618 0.872451484
vt 0.293285698 0.872451484
vt 0.293285698 0.882451475
vt 0.283285618 0.882451475
vt 0.283285618 0.872451484
vt 0.293285698 0.872451484
vt 0.293285698 0.882451475
vt 0.283285618 0.882451475
vt 0.283285618 0.872451484
vt 0.293285698 0.872451484
vt 0.293285698 0.882451475
vt 0.283285618 0.882451475
vt 0.28331393 0.817604601
vt 0.293313891 0.817604601
vt 0.293313891 0.827604592
vt 0.28331393 0.827604592
vt 0.283285618 0.872451484
vt 0.293285698 0.872451484
vt 0.293285698 0.882451475
vt 0.283285618 0.882451475
vt 0.283285618 0.872451484
vt 0.293285698 0.872451484
vt 0.293285698 0.882451475
vt 0.283285618 0.882451475
vt 0.283285618 0.872451484
vt 0.293285698 0.872451484
vt 0.293285698 0.882451475
vt 0.283285618 0.882451475
vt 0.283285618 0.872451484
vt 0.293285698 0.872451484
vt 0.293285698 0.882451475
vt 0.283285618 0.882451475
vt 0.283285618 0.872451484
vt 0.293285698 0.872451484
vt 0.293285698 0.882451475
vt 0.283285618 0.882451475
vt 0.28331393 0.817604601
vt 0.293313891 0.817604601
vt 0.293313891 0.827604592
vt 0.28331393 0.827604592
vt 0.28331393 0.817604601
vt 0.293313891 0.817604601
vt 0.293313891 0.827604592
vt 0.28331393 0.827604592
vt 0.28331393 0.817604601
vt 0.293313891 0.817604601
vt 0.293313891 0.827604592
vt 0.28331393 0.827604592
vt 0.28331393 0.817604601
vt 0.293313891 0.817604601
vt 0.293313891 0.827604592
vt 0.28331393 0.827604592
vt 0.28331393 0.817604601
vt 0.293313891 0.817604601
vt 0.293313891 0.827604592
vt 0.28331393 0.827604592
vt 0.283285618 0.872888386
vt 0.293285698 0.872888386
vt 0.293285698 0.882888377
vt 0.283285618 0.882888377
vt 0.284406215 0.817822993
vt 0.294406176 0.817822993
vt 0.294406176 0.827823043
vt 0.284406215 0.827823043
vt 0.284406215 0.817822993
vt 0.294406176 0.817822993
vt 0.294406176 0.827823043
vt 0.284406215 0.827823043
vt 0.284406215 0.817822993
vt 0.294406176 0.817822993
vt 0.294406176 0.827823043
vt 0.284406215 0.827823043
vt 0.284406215 0.817822993
vt 0.294406176 0.817822993
vt 0.294406176 0.827823043
vt 0.284406215 0.827823043
vt 0.284406215 0.817822993
vt 0.294406176 0.817822993
vt 0.294406176 0.827823043
vt 0.284406215 0.827823043
vt 0.283285618 0.872888386
vt 0.293285698 0.872888386
vt 0.293285698 0.882888377
vt 0.283285618 0.882888377
vt 0.283285618 0.872888386
vt 0.293285698 0.872888386
vt 0.293285698 0.882888377
vt 0.283285618 0.882888377
vt 0.283285618 0.872888386
vt 0.293285698 0.872888386
vt 0.293285698 0.882888377
vt 0.283285618 0.882888377
vt 0.283285618 0.872888386
vt 0.293285698 0.872888386
vt 0.293285698 0.882888377
vt 0.283285618 0.882888377
vt 0.283285618 0.872888386
vt 0.293285698 0.872888386
vt 0.293285698 0.882888377
vt 0.283285618 0.882888377
vt 0.283285618 0.872888386
vt 0.293285698 0.872888386
vt 0.293285698 0.882888377
vt 0.283285618 0.882888377
vt 0.288285613 0.872888386
vt 0.283955544 0.875388324
vt 0.283955544 0.880388439
vt 0.288285613 0.882888377
vt 0.292615741 0.875388324
vt 0.292615741 0.880388439
vt 0.283285618 0.872888386
vt 0.293285698 0.872888386
vt 0.293285698 0.882888377
vt 0.283285618 0.882888377
vt 0.283285618 0.872888386
vt 0.293285698 0.872888386
vt 0.293285698 0.882888377
vt 0.283285618 0.882888377
vt 0.283285618 0.872888386
vt 0.293285698 0.872888386
vt 0.293285698 0.882888377
vt 0.283285618 0.882888377
vt 0.283285618 0.872888386
vt 0.293285698 0.872888386
vt 0.293285698 0.882888377
vt 0.283285618 0.882888377
vt 0.283285618 0.872888386
vt 0.293285698 0.872888386
vt 0.293285698 0.882888377
vt 0.283285618 0.882888377
vt 0.241865829 0.850056231
vt 0.251865745 0.850056231
vt 0.251865745 0.860056281
vt 0.241865829 0.860056281
vt 0.241865829 0.850056231
vt 0.251865745 0.850056231
vt 0.251865745 0.860056281
vt 0.241865829 0.860056281
vt 0.241865829 0.850056231
vt 0.251865745 0.850056231
vt 0.251865745 0.860056281
vt 0.241865829 0.860056281
vt 0.241865829 0.850056231
vt 0.251865745 0.850056231
vt 0.251865745 0.860056281
vt 0.241865829 0.860056281
vt 0.241865829 0.850056231
vt 0.251865745 0.850056231
vt 0.251865745 0.860056281
vt 0.241865829 0.860056281
vt 0.241865829 0.850056231
vt 0.251865745 0.850056231
vt 0.251865745 0.860056281
vt 0.241865829 0.860056281
vt 0.293285698 0.872451484
vt 0.293285698 0.882451475
vt 0.283285618 0.882451475
vt 0.283285618 0.872451484
vt 0.293285698 0.872451484
vt 0.293285698 0.882451475
vt 0.283285618 0.882451475
vt 0.283285618 0.872451484
vt 0.293285698 0.872451484
vt 0.293285698 0.882451475
vt 0.283285618 0.882451475
vt 0.283285618 0.872451484
vt 0.293285698 0.872451484
vt 0.293285698 0.882451475
vt 0.283285618 0.882451475
vt 0.283285618 0.872451484
vt 0.283285618 0.882451475
vt 0.283285618 0.872451484
vt 0.293285698 0.872451484
vt 0.293285698 0.882451475
vt 0.283285618 0.882451475
vt 0.283285618 0.872451484
vt 0.293285698 0.872451484
vt 0.293285698 0.882451475
vt 0.29774797 0.822900057
vt 0.3077479 0.822900057
vt 0.3077479 0.832900047
vt 0.29774797 0.832900047
vt 0.29774797 0.822900057
vt 0.3077479 0.822900057
vt 0.3077479 0.832900047
vt 0.29774797 0.832900047
vt 0.29774797 0.822900057
vt 0.3077479 0.822900057
vt 0.3077479 0.832900047
vt 0.29774797 0.832900047
vt 0.297466695 0.822991669
vt 0.307466656 0.822991669
vt 0.307466656 0.832991719
vt 0.297466695 0.832991719
vt 0.297466695 0.822991669
vt 0.307466656 0.822991669
vt 0.307466656 0.832991719
vt 0.297466695 0.832991719
vt 0.297466695 0.822991669
vt 0.307466656 0.822991669
vt 0.307466656 0.832991719
vt 0.297466695 0.832991719
vt 0.297466695 0.822991669
vt 0.307466656 0.822991669
vt 0.307466656 0.832991719
vt 0.297466695 0.832991719
vt 0.302747965 0.822900057
vt 0.3077479 0.822900057
vt 0.3077479 0.832900047
vt 0.302747965 0.832900047
vt 0.302747965 0.822900057
vt 0.3077479 0.822900057
vt 0.3077479 0.832900047
vt 0.302747965 0.832900047
vt 0.302747965 0.822900057
vt 0.3077479 0.822900057
vt 0.3077479 0.832900047
vt 0.302747965 0.832900047
vt 0.302747965 0.822900057
vt 0.3077479 0.822900057
vt 0.3077479 0.832900047
vt 0.302747965 0.832900047
vt 0.241681218 0.874873877
vt 0.251681119 0.874873877
vt 0.251210451 0.876440227
vt 0.241210431 0.876440227
vt 0.241681218 0.874873877
vt 0.251681119 0.874873877
vt 0.251210451 0.876440227
vt 0.241210431 0.876440227
vt 0.241681218 0.874873877
vt 0.251681119 0.874873877
vt 0.251210451 0.876440227
vt 0.241210431 0.876440227
vt 0.241681218 0.874873877
vt 0.251681119 0.874873877
vt 0.251210451 0.876440227
vt 0.241210431 0.876440227
vt 0.241681218 0.874873877
vt 0.251681119 0.874873877
vt 0.251210451 0.876440227
vt 0.241210431 0.876440227
vt 0.302747965 0.822900057
vt 0.3077479 0.822900057
vt 0.3077479 0.832900047
vt 0.302747965 0.832900047
vt 0.284406215 0.817822993
vt 0.294406176 0.817822993
vt 0.294406176 0.827823043
vt 0.284406215 0.827823043
vt 0.297466695 0.832991719
vt 0.297466695 0.822991669
vt 0.297466695 0.822991669
vt 0.297466695 0.832991719
vt 0.297466695 0.822991669
vt 0.297466695 0.832991719
vt 0.306526005 0.88386941
vt 0.306526005 0.873869419
vt 0.306526005 0.873869419
vt 0.306526005 0.88386941
vt 0.307466656 0.822991669
vt 0.307466656 0.832991719
vt 0.302466691 0.832991719
vt 0.302466691 0.822991669
vt 0.297466695 0.832991719
vt 0.297466695 0.822991669
vt 0.302466691 0.822991669
vt 0.302466691 0.832991719
vt 0.307466656 0.832991719
vt 0.307466656 0.832991719
vt 0.307466656 0.822991669
vt 0.307466656 0.822991669
vt 0.307466656 0.832991719
vt 0.307466656 0.822991669
vt 0.241865829 0.850056231
vt 0.241865829 0.852556229
vt 0.251865745 0.852556229
vt 0.251865745 0.850056231
vt 0.241865829 0.850056231
vt 0.241865829 0.852556229
vt 0.251865745 0.852556229
vt 0.251865745 0.850056231
vt 0.241865829 0.850056231
vt 0.241865829 0.852556229
vt 0.251865745 0.852556229
vt 0.251865745 0.850056231
vt 0.241865829 0.850056231
vt 0.241865829 0.852556229
vt 0.251865745 0.852556229
vt 0.251865745 0.850056231
vt 0.241865829 0.850056231
vt 0.241865829 0.852556229
vt 0.251865745 0.852556229
vt 0.251865745 0.850056231
vt 0.241865829 0.850056231
vt 0.241865829 0.852556229
vt 0.251865745 0.852556229
vt 0.251865745 0.850056231
vt 0.241865829 0.850056231
vt 0.251865745 0.850056231
vt 0.251865745 0.852556229
vt 0.241865829 0.852556229
vt 0.241865829 0.850056231
vt 0.251865745 0.850056231
vt 0.251865745 0.852556229
vt 0.241865829 0.852556229
vt 0.241865829 0.850056231
vt 0.251865745 0.850056231
vt 0.251865745 0.852556229
vt 0.241865829 0.852556229
vt 0.241865829 0.850056231
vt 0.251865745 0.850056231
vt 0.251865745 0.852556229
vt 0.241865829 0.852556229
vt 0.241865829 0.850056231
vt 0.251865745 0.850056231
vt 0.251865745 0.852556229
vt 0.241865829 0.852556229
vt 0.241865829 0.850056231
vt 0.251865745 0.850056231
vt 0.251865745 0.852556229
vt 0.241865829 0.852556229
vt 0.241681218 0.874873877
vt 0.241210431 0.876440227
vt 0.251210451 0.876440227
vt 0.251681119 0.874873877
vt 0.299527794 0.823946714
vt 0.305405647 0.823946714
vt 0.305405647 0.823946714
vt 0.299527794 0.823946714
vt 0.297711372 0.829536736
vt 0.297711372 0.829536736
vn 0.080536 -0.995840 -0.042632
vn 0.083208 -0.995509 -0.045143
vn 0.098270 -0.993391 -0.059308
vn 0.098270 -0.993391 -0.059308
vn -0.410624 0.000000 -0.911805
vn -0.516711 0.000000 -0.856160
vn -0.516711 0.000000 -0.856160
vn -0.410624 0.000000 -0.911805
vn -0.208188 0.000000 -0.978089
vn -0.208188 0.000000 -0.978089
vn -0.074663 0.000000 -0.997209
vn -0.074663 0.000000 -0.997209
vn -0.027713 0.000000 -0.999616
vn -0.027713 0.000000 -0.999616
vn 0.083208 0.995509 -0.045143
vn 0.080536 0.995840 -0.042632
vn 0.098270 0.993391 -0.059308
vn 0.098270 0.993391 -0.059308
vn 0.411012 0.000000 0.911630
vn 0.516711 0.000000 0.856160
vn 0.516711 0.000000 0.856160
vn 0.411012 0.000000 0.911630
vn 0.203038 0.000000 0.979171
vn 0.203038 0.000000 0.979171
vn 0.072608 0.000000 0.997361
vn 0.072608 0.000000 0.997361
vn 0.027073 0.000000 0.999633
vn 0.027073 0.000000 0.999633
vn -0.856159 0.000000 0.516712
vn -0.856159 0.000000 0.516712
vn -0.856159 0.000000 0.516712
vn -0.856159 0.000000 0.516712
vn -0.000000 1.000000 -0.000000
vn -0.000000 1.000000 -0.000000
vn 0.019043 0.999812 -0.003740
vn 0.019888 0.999795 -0.003906
vn 0.051551 0.998514 -0.017697
vn 0.052939 0.998421 -0.018776
vn 0.080536 0.995840 -0.042632
vn 0.083208 0.995509 -0.045143
vn -0.000000 -1.000000 -0.000000
vn -0.000000 -1.000000 -0.000000
vn 0.019888 -0.999795 -0.003906
vn 0.019043 -0.999812 -0.003740
vn 0.052939 -0.998421 -0.018776
vn 0.051551 -0.998514 -0.017697
vn 0.083208 -0.995509 -0.045143
vn 0.080536 -0.995840 -0.042632
vn -0.000000 -1.000000 -0.000000
vn -0.000000 -1.000000 -0.000000
vn -0.000000 -1.000000 -0.000000
vn -0.000000 -1.000000 -0.000000
vn -0.000000 1.000000 -0.000000
vn -0.000000 1.000000 -0.000000
vn -0.000000 1.000000 -0.000000
vn -0.000000 1.000000 -0.000000
vn -0.000000 1.000000 -0.000000
vn -0.000000 1.000000 -0.000000
vn -0.000000 1.000000 -0.000000
vn -0.000000 1.000000 -0.000000
vn -0.000000 -1.000000 -0.000000
vn -0.000000 -1.000000 -0.000000
vn -0.000000 -1.000000 -0.000000
vn -0.000000 -1.000000 -0.000000
vn -0.000000 -1.000000 -0.000000
vn -0.000000 -1.000000 -0.000000
vn -0.000000 -1.000000 -0.000000
vn -0.000000 -1.000000 -0.000000
vn -0.000000 -1.000000 -0.000000
vn -0.000000 -1.000000 -0.000000
vn -0.000000 -1.000000 -0.000000
vn -0.000000 -1.000000 -0.000000
vn -0.000000 -1.000000 -0.000000
vn -0.000000 -1.000000 -0.000000
vn -0.000000 -1.000000 -0.000000
vn -0.000000 -1.000000 -0.000000
vn -0.000000 -1.000000 -0.000000
vn -0.000000 -1.000000 -0.000000
vn -0.000000 -1.000000 -0.000000
vn -0.000000 -1.000000 -0.000000
vn -0.000000 1.000000 -0.000000
vn -0.000000 1.000000 -0.000000
vn -0.000000 1.000000 -0.000000
vn -0.000000 1.000000 -0.000000
vn 0.499999 0.000000 -0.866026
vn 0.499999 0.000000 -0.866026
vn -0.500000 0.000000 -0.866025
vn -0.500000 0.000000 -0.866025
vn -0.000000 1.000000 -0.000000
vn -0.000000 1.000000 -0.000000
vn -0.000000 1.000000 -0.000000
vn -0.000000 1.000000 -0.000000
vn -0.000000 1.000000 -0.000000
vn -0.000000 1.000000 -0.000000
vn -0.000000 1.000000 -0.000000
vn -0.000000 1.000000 -0.000000
vn -0.000000 1.000000 -0.000000
vn -0.000000 1.000000 -0.000000
vn -0.000000 1.000000 -0.000000
vn -0.000000 1.000000 -0.000000
vn -0.000000 1.000000 -0.000000
vn -0.000000 1.000000 -0.000000
vn -0.000000 1.000000 -0.000000
vn -0.000000 1.000000 -0.000000
vn -0.000000 1.000000 -0.000000
vn -0.000000 1.000000 -0.000000
vn -0.000000 1.000000 -0.000000
vn -0.000000 1.000000 -0.000000
vn -0.000000 1.000000 -0.000000
vn -0.000000 1.000000 -0.000000
vn -0.000000 1.000000 -0.000000
vn -0.000000 1.000000 -0.000000
vn -1.000000 0.000000 -0.000000
vn -1.000000 0.000000 -0.000000
vn -0.500000 0.000000 0.866025
vn -0.500000 0.000000 0.866025
vn 0.500000 0.000000 0.866025
vn 0.500000 0.000000 0.866025
vn 1.000000 0.000000 -0.000000
vn 1.000000 0.000000 -0.000000
vn -0.500000 0.000000 -0.866025
vn -0.500000 0.000000 -0.866025
vn -1.000000 0.000000 -0.000000
vn -1.000000 0.000000 -0.000000
vn -0.500000 0.000000 0.866025
vn -0.500000 0.000000 0.866025
vn 0.500000 0.000000 0.866025
vn 0.500000 0.000000 0.866025
vn 1.000000 0.000000 -0.000000
vn 1.000000 0.000000 -0.000000
vn 0.499999 0.000000 -0.866026
vn 0.499999 0.000000 -0.866026
vn -0.000000 1.000000 -0.000000
vn -0.000000 1.000000 -0.000000
vn -0.000000 1.000000 -0.000000
vn -0.000000 1.000000 -0.000000
vn -0.000000 1.000000 -0.000000
vn -0.000000 1.000000 -0.000000
vn -0.000000 1.000000 -0.000000
vn -0.000000 1.000000 -0.000000
vn -0.000000 1.000000 -0.000000
vn -0.000000 1.000000 -0.000000
vn -0.000000 1.000000 -0.000000
vn -0.000000 1.000000 -0.000000
vn -0.000000 1.000000 -0.000000
vn -0.000000 1.000000 -0.000000
vn -0.000000 1.000000 -0.000000
vn -0.000000 1.000000 -0.000000
vn -0.000000 1.000000 -0.000000
vn -0.000000 1.000000 -0.000000
vn -0.000000 1.000000 -0.000000
vn -0.000000 1.000000 -0.000000
vn -0.000000 -1.000000 -0.000000
vn -0.000000 -1.000000 -0.000000
vn -0.000000 -1.000000 -0.000000
vn -0.000000 -1.000000 -0.000000
vn -0.500000 0.000000 0.866025
vn -0.500000 0.000000 0.866025
vn 0.500000 0.000000 0.866025
vn 0.500000 0.000000 0.866025
vn 1.000000 0.000000 -0.000000
vn 1.000000 0.000000 -0.000000
vn 0.500000 0.000000 -0.866025
vn 0.500000 0.000000 -0.866025
vn -0.500000 0.000000 -0.866026
vn -0.500000 0.000000 -0.866026
vn -1.000000 0.000000 -0.000000
vn -1.000000 0.000000 -0.000000
vn 0.500000 0.000000 0.866025
vn 0.500000 0.000000 0.866025
vn 1.000000 0.000000 -0.000000
vn 1.000000 0.000000 -0.000000
vn 0.500000 0.000000 -0.866025
vn 0.500000 0.000000 -0.866025
vn -0.500000 0.000000 -0.866026
vn -0.500000 0.000000 -0.866026
vn -0.500000 0.000000 0.866025
vn -0.500000 0.000000 0.866025
vn 0.500000 0.000000 0.866025
vn 0.500000 0.000000 0.866025
vn -0.000000 -1.000000 -0.000000
vn -0.000000 -1.000000 -0.000000
vn -0.000000 -1.000000 -0.000000
vn -0.000000 -1.000000 -0.000000
vn -0.000000 -1.000000 -0.000000
vn -0.000000 -1.000000 -0.000000
vn -0.000000 -1.000000 -0.000000
vn -0.000000 -1.000000 -0.000000
vn -0.000000 -1.000000 -0.000000
vn -0.000000 -1.000000 -0.000000
vn -0.000000 -1.000000 -0.000000
vn -0.000000 -1.000000 -0.000000
vn -0.000000 -1.000000 -0.000000
vn -0.000000 -1.000000 -0.000000
vn -0.000000 -1.000000 -0.000000
vn -0.000000 -1.000000 -0.000000
vn -0.000000 -1.000000 -0.000000
vn -0.000000 -1.000000 -0.000000
vn -0.000000 -1.000000 -0.000000
vn -0.000000 -1.000000 -0.000000
vn -0.000000 1.000000 -0.000000
vn -0.000000 1.000000 -0.000000
vn -0.000000 1.000000 -0.000000
vn -0.000000 1.000000 -0.000000
vn -0.000000 1.000000 -0.000000
vn -0.000000 1.000000 -0.000000
vn 1.000000 0.000000 -0.000000
vn 1.000000 0.000000 -0.000000
vn 0.500000 0.000000 -0.866025
vn 0.500000 0.000000 -0.866025
vn -0.500000 0.000000 -0.866025
vn -0.500000 0.000000 -0.866025
vn -1.000000 0.000000 -0.000000
vn -1.000000 0.000000 -0.000000
vn 0.500000 0.000000 0.866025
vn 0.500000 0.000000 0.866025
vn 1.000000 0.000000 -0.000000
vn 1.000000 0.000000 -0.000000
vn 0.500000 0.000000 -0.866025
vn 0.500000 0.000000 -0.866025
vn -0.500000 0.000000 -0.866025
vn -0.500000 0.000000 -0.866025
vn -1.000000 0.000000 -0.000000
vn -1.000000 0.000000 -0.000000
vn -0.500000 0.000000 0.866025
vn -0.500000 0.000000 0.866025
vn -0.484058 0.250499 0.838414
vn -0.490733 0.191630 0.849976
vn -0.981467 0.191630 -0.000000
vn -0.968117 0.250499 -0.000000
vn -0.484058 0.250499 -0.838414
vn -0.490734 0.191630 -0.849976
vn 0.490734 0.191630 -0.849976
vn 0.484058 0.250499 -0.838414
vn 0.968117 0.250500 -0.000000
vn 0.981467 0.191630 -0.000000
vn 0.490734 0.191631 0.849975
vn 0.484058 0.250500 0.838414
vn -0.968117 0.250499 -0.000000
vn -0.981467 0.191630 -0.000000
vn -0.490734 0.191630 -0.849976
vn -0.484058 0.250499 -0.838414
vn 0.484058 0.250499 -0.838414
vn 0.490734 0.191630 -0.849976
vn 0.981467 0.191630 -0.000000
vn 0.968117 0.250500 -0.000000
vn 0.484058 0.250500 0.838414
vn 0.490734 0.191631 0.849975
vn -0.490733 0.191630 0.849976
vn -0.484058 0.250499 0.838414
vn -0.500000 0.000000 -0.866025
vn 0.500000 0.000000 -0.866025
vn 0.500000 0.000000 -0.866025
vn -0.500000 0.000000 -0.866025
vn 1.000000 0.000000 -0.000000
vn 0.500000 0.000000 0.866025
vn 0.500000 0.000000 0.866025
vn 1.000000 0.000000 -0.000000
vn -1.000000 0.000000 -0.000000
vn -0.500000 0.000000 -0.866025
vn -0.500000 0.000000 -0.866025
vn -1.000000 0.000000 -0.000000
vn 0.500000 0.000000 -0.866025
vn 1.000000 0.000000 -0.000000
vn 1.000000 0.000000 -0.000000
vn 0.500000 0.000000 -0.866025
vn -0.500000 0.000000 0.866026
vn 0.500000 0.000000 0.866025
vn 0.500000 0.000000 0.866025
vn -0.500000 0.000000 0.866026
vn -1.000000 0.000000 -0.000000
vn -0.500000 0.000000 0.866026
vn -0.500000 0.000000 0.866026
vn -1.000000 0.000000 -0.000000
vn -0.000000 1.000000 -0.000000
vn -0.000000 1.000000 -0.000000
vn -0.000000 1.000000 -0.000000
vn -0.000000 1.000000 -0.000000
vn -0.000000 1.000000 -0.000000
vn -0.000000 1.000000 -0.000000
vn -0.000000 1.000000 -0.000000
vn -0.000000 1.000000 -0.000000
vn -0.000000 1.000000 -0.000000
vn -0.000000 1.000000 -0.000000
vn -0.000000 1.000000 -0.000000
vn -0.000000 1.000000 -0.000000
vn -0.000000 0.000000 1.000000
vn -0.000000 0.000000 1.000000
vn -0.000000 0.000000 1.000000
vn -0.000000 0.000000 1.000000
vn -0.000000 1.000000 -0.000000
vn -0.000000 1.000000 -0.000000
vn -0.866025 0.500000 -0.000000
vn -0.866025 0.500000 -0.000000
vn -0.000000 0.000000 1.000000
vn -0.000000 0.000000 1.000000
vn -0.000000 0.000000 1.000000
vn -0.000000 0.000000 1.000000
vn 0.866026 0.500000 -0.000000
vn 0.866025 0.500000 -0.000000
vn -0.000000 1.000000 -0.000000
vn -0.000000 1.000000 -0.000000
vn -0.000000 0.000000 1.000000
vn -0.000000 0.000000 1.000000
vn -0.000000 0.000000 1.000000
vn -0.000000 0.000000 1.000000
vn 0.866025 0.500000 -0.000000
vn 0.866026 0.500000 -0.000000
vn 0.866026 -0.500000 -0.000000
vn 0.866025 -0.500000 -0.000000
vn 0.500000 0.000000 -0.866025
vn 1.000000 0.000000 -0.000000
vn 1.000000 0.000000 -0.000000
vn 0.500000 0.000000 -0.866025
vn -0.866025 0.000000 0.500000
vn -1.000000 0.000000 -0.000000
vn -1.000000 0.000000 -0.000000
vn -0.866025 0.000000 0.500000
vn -0.500000 0.000000 -0.866025
vn 0.500000 0.000000 -0.866025
vn 0.500000 0.000000 -0.866025
vn -0.500000 0.000000 -0.866025
vn 1.000000 0.000000 -0.000000
vn 0.866025 0.000000 0.500000
vn 0.866026 0.000000 0.500000
vn 1.000000 0.000000 -0.000000
vn -0.000000 0.000000 1.000000
vn -0.000000 0.000000 1.000000
vn -0.000000 0.000000 1.000000
vn -0.000000 0.000000 1.000000
vn -0.499136 0.058767 0.864529
vn -0.998272 0.058767 -0.000000
vn -0.998272 0.058767 -0.000000
vn -0.499136 0.058767 0.864529
vn 0.499136 -0.058767 0.864529
vn 0.499136 -0.058767 0.864529
vn -0.499136 -0.058767 0.864529
vn -0.499136 -0.058767 0.864529
vn 0.499136 -0.058767 -0.864529
vn 0.499136 -0.058767 -0.864529
vn 0.998272 -0.058767 -0.000000
vn 0.998272 -0.058767 -0.000000
vn -0.998272 -0.058767 -0.000000
vn -0.998272 -0.058767 -0.000000
vn -0.499136 -0.058767 -0.864529
vn -0.499136 -0.058767 -0.864529
vn 0.998272 -0.058767 -0.000000
vn 0.998272 -0.058767 -0.000000
vn 0.499136 -0.058767 0.864529
vn 0.499136 -0.058767 0.864529
vn -0.499136 -0.058767 -0.864529
vn -0.499136 -0.058767 -0.864529
vn 0.499136 -0.058767 -0.864529
vn 0.499136 -0.058767 -0.864529
vn -1.000000 0.000000 -0.000000
vn -0.500000 0.000000 -0.866025
vn -0.500000 0.000000 -0.866025
vn -1.000000 0.000000 -0.000000
vn -0.866025 -0.500000 -0.000000
vn -0.866025 0.500000 -0.000000
vn -0.866025 0.500000 -0.000000
vn -0.866025 -0.500000 -0.000000
vn -0.000000 0.000000 1.000000
vn -0.000000 0.000000 1.000000
vn -0.000000 0.000000 1.000000
vn -0.000000 0.000000 1.000000
vn -0.000000 0.000000 1.000000
vn -0.000000 0.000000 1.000000
vn -1.000000 0.000000 -0.000000
vn -1.000000 0.000000 -0.000000
vn -0.500000 0.000000 0.866025
vn -0.500000 0.000000 0.866025
vn 0.866025 0.000000 0.500000
vn 1.000000 0.000000 -0.000000
vn 1.000000 0.000000 -0.000000
vn 0.866025 0.000000 0.500000
vn 0.500000 0.000000 -0.866025
vn -0.500000 0.000000 -0.866025
vn -0.500000 0.000000 -0.866025
vn 0.500000 0.000000 -0.866025
vn -1.000000 0.000000 -0.000000
vn -0.866025 0.000000 0.500000
vn -0.866025 0.000000 0.500000
vn -1.000000 0.000000 -0.000000
vn 1.000000 0.000000 -0.000000
vn 0.500000 0.000000 -0.866025
vn 0.500000 0.000000 -0.866025
vn 1.000000 0.000000 -0.000000
vn 0.221621 0.975133 -0.000000
vn 0.221621 0.975133 -0.000000
vn 0.221621 0.975133 -0.000000
vn 0.221621 0.975133 -0.000000
vn 0.221621 0.975133 -0.000000
vn 0.221621 0.975133 -0.000000
vn -0.000000 0.000000 1.000000
vn -0.000000 0.000000 1.000000
vn -0.000000 0.000000 1.000000
vn -0.000000 0.000000 1.000000
vn -0.000000 0.000000 1.000000
vn -0.000000 0.000000 1.000000
vn -0.000000 0.000000 1.000000
vn -0.000000 0.000000 1.000000
vn -0.000000 0.000000 1.000000
vn -0.000000 0.000000 1.000000
vn -0.000000 0.000000 1.000000
vn -0.000000 0.000000 1.000000
vn -0.000000 0.000000 1.000000
vn -0.000000 0.000000 -1.000000
vn -0.000000 0.000000 -1.000000
vn -0.000000 0.000000 -1.000000
vn -0.000000 0.000000 -1.000000
vn -0.000000 0.000000 -1.000000
vn -0.000000 0.000000 -1.000000
vn -0.000000 0.000000 -1.000000
vn -0.000000 0.000000 -1.000000
vn -0.000000 0.000000 -1.000000
vn -0.000000 0.000000 -1.000000
vn -0.000000 0.000000 -1.000000
vn -0.000000 0.000000 -1.000000
vn -0.000000 0.000000 -1.000000
vn -0.391306 0.920260 -0.000000
vn -0.391306 0.920260 -0.000000
vn -0.391306 0.920260 -0.000000
vn -0.391306 0.920260 -0.000000
vn -0.780602 -0.625028 -0.000000
vn -0.780602 -0.625028 -0.000000
vn -0.780602 -0.625028 -0.000000
vn -0.780602 -0.625028 -0.000000
vn -0.130455 -0.991454 -0.000000
vn -0.130455 -0.991454 -0.000000
vn -0.130455 -0.991454 -0.000000
vn -0.130455 -0.991454 -0.000000
vn -0.130455 -0.991454 -0.000000
vn -0.130455 -0.991454 -0.000000
vn -0.000000 1.000000 -0.000000
vn -0.000000 1.000000 -0.000000
vn -0.000000 1.000000 -0.000000
vn -0.000000 1.000000 -0.000000
vn -0.000000 -1.000000 -0.000000
vn -0.000000 -1.000000 -0.000000
vn -0.000000 -1.000000 -0.000000
vn -0.000000 -1.000000 -0.000000
vn -0.000000 -1.000000 -0.000000
vn -0.000000 -1.000000 -0.000000
vn -0.000000 -1.000000 -0.000000
vn -0.000000 -1.000000 -0.000000
vn -0.000000 1.000000 -0.000000
vn -0.000000 1.000000 -0.000000
vn -0.000000 1.000000 -0.000000
vn -0.000000 1.000000 -0.000000
vn -0.000000 1.000000 -0.000000
vn -0.000000 1.000000 -0.000000
vn -0.000000 1.000000 -0.000000
vn -0.000000 1.000000 -0.000000
vn -0.000000 1.000000 -0.000000
vn -0.000000 1.000000 -0.000000
vn -0.000000 1.000000 -0.000000
vn -0.000000 1.000000 -0.000000
vn -0.000000 1.000000 -0.000000
vn -0.000000 1.000000 -0.000000
vn -0.000000 1.000000 -0.000000
vn -0.000000 1.000000 -0.000000
vn -0.000000 1.000000 -0.000000
vn -0.000000 1.000000 -0.000000
vn -0.000000 1.000000 -0.000000
vn -0.000000 1.000000 -0.000000
vn -0.000000 -1.000000 -0.000000
vn -0.000000 -1.000000 -0.000000
vn -0.000000 -1.000000 -0.000000
vn -0.000000 -1.000000 -0.000000
vn 0.499999 0.000000 -0.866026
vn -0.500000 0.000000 -0.866025
vn -0.500000 0.000000 -0.866025
vn 0.499999 0.000000 -0.866026
vn -0.000000 -1.000000 -0.000000
vn -0.000000 -1.000000 -0.000000
vn -0.000000 -1.000000 -0.000000
vn -0.000000 -1.000000 -0.000000
vn -0.000000 -1.000000 -0.000000
vn -0.000000 -1.000000 -0.000000
vn -0.000000 -1.000000 -0.000000
vn -0.000000 -1.000000 -0.000000
vn -0.000000 -1.000000 -0.000000
vn -0.000000 -1.000000 -0.000000
vn -0.000000 -1.000000 -0.000000
vn -0.000000 -1.000000 -0.000000
vn -0.000000 -1.000000 -0.000000
vn -0.000000 -1.000000 -0.000000
vn -0.000000 -1.000000 -0.000000
vn -0.000000 -1.000000 -0.000000
vn -0.000000 -1.000000 -0.000000
vn -0.000000 -1.000000 -0.000000
vn -0.000000 -1.000000 -0.000000
vn -0.000000 -1.000000 -0.000000
vn -0.000000 -1.000000 -0.000000
vn -0.000000 -1.000000 -0.000000
vn -0.000000 -1.000000 -0.000000
vn -0.000000 -1.000000 -0.000000
vn -1.000000 0.000000 -0.000000
vn -0.500000 0.000000 0.866025
vn -0.500000 0.000000 0.866025
vn -1.000000 0.000000 -0.000000
vn 0.500000 0.000000 0.866025
vn 1.000000 0.000000 -0.000000
vn 1.000000 0.000000 -0.000000
vn 0.500000 0.000000 0.866025
vn -0.500000 0.000000 -0.866025
vn -1.000000 0.000000 -0.000000
vn -1.000000 0.000000 -0.000000
vn -0.500000 0.000000 -0.866025
vn -0.500000 0.000000 0.866025
vn 0.500000 0.000000 0.866025
vn 0.500000 0.000000 0.866025
vn -0.500000 0.000000 0.866025
vn 1.000000 0.000000 -0.000000
vn 0.499999 0.000000 -0.866026
vn 0.499999 0.000000 -0.866026
vn 1.000000 0.000000 -0.000000
vn -0.000000 -1.000000 -0.000000
vn -0.000000 -1.000000 -0.000000
vn -0.000000 -1.000000 -0.000000
vn -0.000000 -1.000000 -0.000000
vn -0.000000 -1.000000 -0.000000
vn -0.000000 -1.000000 -0.000000
vn -0.000000 -1.000000 -0.000000
vn -0.000000 -1.000000 -0.000000
vn -0.000000 -1.000000 -0.000000
vn -0.000000 -1.000000 -0.000000
vn -0.000000 -1.000000 -0.000000
vn -0.000000 -1.000000 -0.000000
vn -0.000000 -1.000000 -0.000000
vn -0.000000 -1.000000 -0.000000
vn -0.000000 -1.000000 -0.000000
vn -0.000000 -1.000000 -0.000000
vn -0.000000 -1.000000 -0.000000
vn -0.000000 -1.000000 -0.000000
vn -0.000000 -1.000000 -0.000000
vn -0.000000 -1.000000 -0.000000
vn -0.000000 1.000000 -0.000000
vn -0.000000 1.000000 -0.000000
vn -0.000000 1.000000 -0.000000
vn -0.000000 1.000000 -0.000000
vn -0.500000 0.000000 0.866025
vn 0.500000 0.000000 0.866025
vn 0.500000 0.000000 0.866025
vn -0.500000 0.000000 0.866025
vn 1.000000 0.000000 -0.000000
vn 0.500000 0.000000 -0.866025
vn 0.500000 0.000000 -0.866025
vn 1.000000 0.000000 -0.000000
vn -0.500000 0.000000 -0.866026
vn -1.000000 0.000000 -0.000000
vn -1.000000 0.000000 -0.000000
vn -0.500000 0.000000 -0.866026
vn 0.500000 0.000000 0.866025
vn 1.000000 0.000000 -0.000000
vn 1.000000 0.000000 -0.000000
vn 0.500000 0.000000 0.866025
vn 0.500000 0.000000 -0.866025
vn -0.500000 0.000000 -0.866026
vn -0.500000 0.000000 -0.866026
vn 0.500000 0.000000 -0.866025
vn -0.500000 0.000000 0.866025
vn 0.500000 0.000000 0.866025
vn 0.500000 0.000000 0.866025
vn -0.500000 0.000000 0.866025
vn -0.000000 1.000000 -0.000000
vn -0.000000 1.000000 -0.000000
vn -0.000000 1.000000 -0.000000
vn -0.000000 1.000000 -0.000000
vn -0.000000 1.000000 -0.000000
vn -0.000000 1.000000 -0.000000
vn -0.000000 1.000000 -0.000000
vn -0.000000 1.000000 -0.000000
vn -0.000000 1.000000 -0.000000
vn -0.000000 1.000000 -0.000000
vn -0.000000 1.000000 -0.000000
vn -0.000000 1.000000 -0.000000
vn -0.000000 1.000000 -0.000000
vn -0.000000 1.000000 -0.000000
vn -0.000000 1.000000 -0.000000
vn -0.000000 1.000000 -0.000000
vn -0.000000 1.000000 -0.000000
vn -0.000000 1.000000 -0.000000
vn -0.000000 1.000000 -0.000000
vn -0.000000 1.000000 -0.000000
vn -0.000000 -1.000000 -0.000000
vn -0.000000 -1.000000 -0.000000
vn -0.000000 -1.000000 -0.000000
vn -0.000000 -1.000000 -0.000000
vn -0.000000 -1.000000 -0.000000
vn -0.000000 -1.000000 -0.000000
vn 1.000000 0.000000 -0.000000
vn 0.500000 0.000000 -0.866025
vn 0.500000 0.000000 -0.866025
vn 1.000000 0.000000 -0.000000
vn -0.500000 0.000000 -0.866025
vn -1.000000 0.000000 -0.000000
vn -1.000000 0.000000 -0.000000
vn -0.500000 0.000000 -0.866025
vn 0.500000 0.000000 0.866025
vn 1.000000 0.000000 -0.000000
vn 1.000000 0.000000 -0.000000
vn 0.500000 0.000000 0.866025
vn 0.500000 0.000000 -0.866025
vn -0.500000 0.000000 -0.866025
vn -0.500000 0.000000 -0.866025
vn 0.500000 0.000000 -0.866025
vn -1.000000 0.000000 -0.000000
vn -0.500000 0.000000 0.866025
vn -0.500000 0.000000 0.866025
vn -1.000000 0.000000 -0.000000
vn -0.484058 -0.250499 0.838414
vn -0.968117 -0.250499 -0.000000
vn -0.984283 -0.176598 -0.000000
vn -0.492141 -0.176598 0.852414
vn -0.484058 -0.250499 -0.838414
vn 0.484058 -0.250499 -0.838414
vn 0.492142 -0.176598 -0.852414
vn -0.492142 -0.176598 -0.852414
vn 0.968117 -0.250500 -0.000000
vn 0.484058 -0.250500 0.838414
vn 0.492141 -0.176598 0.852414
vn 0.984283 -0.176598 -0.000000
vn -0.968117 -0.250499 -0.000000
vn -0.484058 -0.250499 -0.838414
vn -0.492142 -0.176598 -0.852414
vn -0.984283 -0.176598 -0.000000
vn 0.484058 -0.250499 -0.838414
vn 0.968117 -0.250500 -0.000000
vn 0.984283 -0.176598 -0.000000
vn 0.492142 -0.176598 -0.852414
vn 0.484058 -0.250500 0.838414
vn -0.484058 -0.250499 0.838414
vn -0.492141 -0.176598 0.852414
vn 0.492141 -0.176598 0.852414
vn -0.500000 0.000000 -0.866025
vn -0.500000 0.000000 -0.866025
vn 0.500000 0.000000 -0.866025
vn 0.500000 0.000000 -0.866025
vn 1.000000 0.000000 -0.000000
vn 1.000000 0.000000 -0.000000
vn 0.500000 0.000000 0.866025
vn 0.500000 0.000000 0.866025
vn -1.000000 0.000000 -0.000000
vn -1.000000 0.000000 -0.000000
vn -0.500000 0.000000 -0.866025
vn -0.500000 0.000000 -0.866025
vn 0.500000 0.000000 -0.866025
vn 0.500000 0.000000 -0.866025
vn 1.000000 0.000000 -0.000000
vn 1.000000 0.000000 -0.000000
vn -0.500000 0.000000 0.866026
vn -0.500000 0.000000 0.866026
vn 0.500000 0.000000 0.866025
vn 0.500000 0.000000 0.866025
vn -1.000000 0.000000 -0.000000
vn -1.000000 0.000000 -0.000000
vn -0.500000 0.000000 0.866026
vn -0.500000 0.000000 0.866026
vn -0.000000 -1.000000 -0.000000
vn -0.000000 -1.000000 -0.000000
vn -0.000000 -1.000000 -0.000000
vn -0.000000 -1.000000 -0.000000
vn -0.000000 -1.000000 -0.000000
vn -0.000000 -1.000000 -0.000000
vn -0.000000 -1.000000 -0.000000
vn -0.000000 -1.000000 -0.000000
vn -0.000000 -1.000000 -0.000000
vn -0.000000 -1.000000 -0.000000
vn -0.000000 -1.000000 -0.000000
vn -0.000000 -1.000000 -0.000000
vn -0.000000 0.000000 1.000000
vn -0.000000 0.000000 1.000000
vn -0.000000 0.000000 1.000000
vn -0.000000 0.000000 1.000000
vn -0.000000 -1.000000 -0.000000
vn -0.866025 -0.500000 -0.000000
vn -0.866025 -0.500000 -0.000000
vn -0.000000 -1.000000 -0.000000
vn 0.866026 -0.500000 -0.000000
vn -0.000000 -1.000000 -0.000000
vn -0.000000 -1.000000 -0.000000
vn 0.866025 -0.500000 -0.000000
vn -0.000000 0.000000 1.000000
vn -0.000000 0.000000 1.000000
vn -0.000000 0.000000 1.000000
vn -0.000000 0.000000 1.000000
vn 0.500000 0.000000 -0.866025
vn 0.500000 0.000000 -0.866025
vn 1.000000 0.000000 -0.000000
vn 1.000000 0.000000 -0.000000
vn -0.866025 0.000000 0.500000
vn -0.866025 0.000000 0.500000
vn -1.000000 0.000000 -0.000000
vn -1.000000 0.000000 -0.000000
vn -0.500000 0.000000 -0.866025
vn -0.500000 0.000000 -0.866025
vn 0.500000 0.000000 -0.866025
vn 0.500000 0.000000 -0.866025
vn 1.000000 0.000000 -0.000000
vn 1.000000 0.000000 -0.000000
vn 0.866026 0.000000 0.500000
vn 0.866025 0.000000 0.500000
vn 0.499136 0.058767 0.864529
vn -0.499136 0.058767 0.864529
vn -0.499136 0.058767 0.864529
vn 0.499136 0.058767 0.864529
vn 0.499136 0.058767 -0.864529
vn 0.998272 0.058767 -0.000000
vn 0.998272 0.058767 -0.000000
vn 0.499136 0.058767 -0.864529
vn -0.998272 0.058767 -0.000000
vn -0.499136 0.058767 -0.864529
vn -0.499136 0.058767 -0.864529
vn -0.998272 0.058767 -0.000000
vn 0.998272 0.058767 -0.000000
vn 0.499136 0.058767 0.864529
vn 0.499136 0.058767 0.864529
vn 0.998272 0.058767 -0.000000
vn -0.499136 0.058767 -0.864529
vn 0.499136 0.058767 -0.864529
vn 0.499136 0.058767 -0.864529
vn -0.499136 0.058767 -0.864529
vn -1.000000 0.000000 -0.000000
vn -1.000000 0.000000 -0.000000
vn -0.500000 0.000000 -0.866025
vn -0.500000 0.000000 -0.866025
vn -1.000000 0.000000 -0.000000
vn -0.500000 0.000000 0.866025
vn -0.500000 0.000000 0.866025
vn -1.000000 0.000000 -0.000000
vn 0.221621 -0.975133 -0.000000
vn 0.221621 -0.975133 -0.000000
vn 0.221621 -0.975133 -0.000000
vn 0.221621 -0.975133 -0.000000
vn 0.221621 -0.975133 -0.000000
vn 0.221621 -0.975133 -0.000000
vn -0.500000 0.000000 -0.866025
vn -1.000000 0.000000 -0.000000
vn -1.000000 0.000000 -0.000000
vn -0.500000 0.000000 -0.866025
vn -0.391306 -0.920260 -0.000000
vn -0.391306 -0.920260 -0.000000
vn -0.391306 -0.920260 -0.000000
vn -0.391306 -0.920260 -0.000000
vn -0.780602 0.625028 -0.000000
vn -0.780602 0.625028 -0.000000
vn -0.780602 0.625028 -0.000000
vn -0.780602 0.625028 -0.000000
vn -0.130455 0.991454 -0.000000
vn -0.130455 0.991454 -0.000000
vn -0.130455 0.991454 -0.000000
vn -0.130455 0.991454 -0.000000
vn -0.130455 0.991454 -0.000000
vn -0.130455 0.991454 -0.000000
vn 0.490734 0.191631 0.849975
vn 0.499136 -0.058767 0.864529
vn -0.499136 -0.058767 0.864529
vn -0.490733 0.191630 0.849976
vn 0.490734 0.191630 -0.849976
vn 0.499136 -0.058767 -0.864529
vn 0.998272 -0.058767 -0.000000
vn 0.981467 0.191630 -0.000000
vn -0.981467 0.191630 -0.000000
vn -0.998272 -0.058767 -0.000000
vn -0.499136 -0.058767 -0.864529
vn -0.490734 0.191630 -0.849976
vn 0.981467 0.191630 -0.000000
vn 0.998272 -0.058767 -0.000000
vn 0.499136 -0.058767 0.864529
vn 0.490734 0.191631 0.849975
vn -0.490734 0.191630 -0.849976
vn -0.499136 -0.058767 -0.864529
vn 0.499136 -0.058767 -0.864529
vn 0.490734 0.191630 -0.849976
vn -0.490733 0.191630 0.849976
vn -0.499136 -0.058767 0.864529
vn -0.998272 -0.058767 -0.000000
vn -0.981467 0.191630 -0.000000
vn 0.492141 -0.176598 0.852414
vn -0.492141 -0.176598 0.852414
vn -0.499136 0.058767 0.864529
vn 0.499136 0.058767 0.864529
vn 0.492142 -0.176598 -0.852414
vn 0.984283 -0.176598 -0.000000
vn 0.998272 0.058767 -0.000000
vn 0.499136 0.058767 -0.864529
vn -0.984283 -0.176598 -0.000000
vn -0.492142 -0.176598 -0.852414
vn -0.499136 0.058767 -0.864529
vn -0.998272 0.058767 -0.000000
vn 0.984283 -0.176598 -0.000000
vn 0.492141 -0.176598 0.852414
vn 0.499136 0.058767 0.864529
vn 0.998272 0.058767 -0.000000
vn -0.492142 -0.176598 -0.852414
vn 0.492142 -0.176598 -0.852414
vn 0.499136 0.058767 -0.864529
vn -0.499136 0.058767 -0.864529
vn -0.492141 -0.176598 0.852414
vn -0.984283 -0.176598 -0.000000
vn -0.998272 0.058767 -0.000000
vn -0.499136 0.058767 0.864529
vn -0.499136 -0.058767 0.864529
vn -0.499136 -0.058767 0.864529
vn -0.998272 -0.058767 -0.000000
vn -0.998272 -0.058767 -0.000000
vn -0.000000 0.000000 -1.000000
vn -0.000000 0.000000 -1.000000
vn -0.000000 0.000000 -1.000000
vn -0.000000 0.000000 -1.000000
vn -0.000000 0.000000 -1.000000
vn -0.000000 0.000000 -1.000000
f 1/1/1 2/2/2 3/3/3
f 1/1/1 3/3/3 4/4/4
f 5/5/5 6/6/6 7/7/7
f 5/5/5 8/8/8 6/6/6
f 9/9/9 8/8/8 5/5/5
f 9/9/9 10/10/10 8/8/8
f 11/11/11 10/10/10 9/9/9
f 11/11/11 12/12/12 10/10/10
f 13/13/13 12/12/12 11/11/11
f 13/13/13 14/14/14 12/12/12
f 15/15/15 16/16/16 17/17/17
f 15/15/15 17/17/17 18/18/18
f 19/19/19 20/20/20 21/21/21
f 19/19/19 22/22/22 20/20/20
f 23/23/23 22/22/22 19/19/19
f 23/23/23 24/24/24 22/22/22
f 25/25/25 24/24/24 23/23/23
f 25/25/25 26/26/26 24/24/24
f 27/27/27 26/26/26 25/25/25
f 27/27/27 28/28/28 26/26/26
f 29/29/29 30/30/30 31/31/31
f 29/29/29 31/31/31 32/32/32
f 33/33/33 34/34/34 35/35/35
f 33/33/33 35/35/35 36/36/36
f 36/36/36 35/35/35 37/37/37
f 36/36/36 37/37/37 38/38/38
f 38/38/38 37/37/37 39/39/39
f 38/38/38 39/39/39 40/40/40
f 41/41/41 42/42/42 43/43/43
f 41/41/41 43/43/43 44/44/44
f 44/44/44 43/43/43 45/45/45
f 44/44/44 45/45/45 46/46/46
f 46/46/46 45/45/45 47/47/47
f 46/46/46 47/47/47 48/48/48
f 49/49/49 50/50/50 51/51/51
f 49/49/49 51/51/51 52/52/52
f 53/53/53 54/54/54 55/55/55
f 53/53/53 55/55/55 56/56/56
f 57/57/57 58/58/58 59/59/59
f 57/57/57 59/59/59 60/60/60
f 61/61/61 62/62/62 63/63/63
f 61/61/61 63/63/63 64/64/64
f 65/65/65 66/66/66 67/67/67
f 65/65/65 67/67/67 68/68/68
f 69/69/69 70/70/70 71/71/71
f 69/69/69 71/71/71 72/72/72
f 73/73/73 74/74/74 75/75/75
f 73/73/73 75/75/75 76/76/76
f 77/77/77 78/78/78 79/79/79
f 77/77/77 79/79/79 80/80/80
f 81/81/81 82/82/82 83/83/83
f 81/81/81 83/83/83 84/84/84
f 85/85/85 86/86/86 87/87/87
f 85/85/85 87/87/87 88/88/88
f 89/89/89 90/90/90 91/91/91
f 89/89/89 91/91/91 92/92/92
f 93/93/93 94/94/94 95/95/95
f 93/93/93 95/95/95 96/96/96
f 97/97/97 98/98/98 99/99/99
f 97/97/97 99/99/99 100/100/100
f 101/101/101 102/102/102 103/103/103
f 101/101/101 103/103/103 104/104/104
f 105/105/105 106/106/106 107/107/107
f 105/105/105 107/107/107 108/108/108
f 109/109/109 110/110/110 111/111/111
f 109/109/109 111/111/111 112/112/112
f 113/113/113 114/114/114 115/115/115
f 113/113/113 115/115/115 116/116/116
f 117/117/117 118/118/118 119/119/119
f 117/117/117 119/119/119 120/120/120
f 121/121/121 122/122/122 123/123/123
f 121/121/121 123/123/123 124/124/124
f 125/125/125 126/126/126 127/127/127
f 125/125/125 127/127/127 128/128/128
f 129/129/129 130/130/130 131/131/131
f 129/129/129 131/131/131 132/132/132
f 133/133/133 134/134/134 135/135/135
f 133/133/133 135/135/135 136/136/136
f 137/137/137 138/138/138 139/139/139
f 137/137/137 139/139/139 140/140/140
f 141/141/141 142/142/142 143/143/143
f 141/141/141 143/143/143 144/144/144
f 145/145/145 146/146/146 147/147/147
f 145/145/145 147/147/147 148/148/148
f 149/149/149 150/150/150 151/151/151
f 149/149/149 151/151/151 152/152/152
f 153/153/153 154/154/154 155/155/155
f 153/153/153 155/155/155 156/156/156
f 157/157/157 158/158/158 159/159/159
f 157/157/157 159/159/159 160/160/160
f 161/161/161 162/162/162 163/163/163
f 161/161/161 163/163/163 164/164/164
f 165/165/165 166/166/166 167/167/167
f 165/165/165 167/167/167 168/168/168
f 169/169/169 170/170/170 171/171/171
f 169/169/169 171/171/171 172/172/172
f 173/173/173 174/174/174 175/175/175
f 173/173/173 175/175/175 176/176/176
f 177/177/177 178/178/178 179/179/179
f 177/177/177 179/179/179 180/180/180
f 181/181/181 182/182/182 183/183/183
f 181/181/181 183/183/183 184/184/184
f 185/185/185 186/186/186 187/187/187
f 185/185/185 187/187/187 188/188/188
f 189/189/189 190/190/190 191/191/191
f 189/189/189 191/191/191 192/192/192
f 193/193/193 194/194/194 195/195/195
f 193/193/193 195/195/195 196/196/196
f 197/197/197 198/198/198 199/199/199
f 197/197/197 199/199/199 200/200/200
f 201/201/201 202/202/202 203/203/203
f 203/203/203 204/204/204 201/201/201
f 204/204/204 205/205/205 201/201/201
f 204/204/204 206/206/206 205/205/205
f 207/207/207 208/208/208 209/209/209
f 207/207/207 209/209/209 210/210/210
f 211/211/211 212/212/212 213/213/213
f 211/211/211 213/213/213 214/214/214
f 215/215/215 216/216/216 217/217/217
f 215/215/215 217/217/217 218/218/218
f 219/219/219 220/220/220 221/221/221
f 219/219/219 221/221/221 222/222/222
f 223/223/223 224/224/224 225/225/225
f 223/223/223 225/225/225 226/226/226
f 227/227/227 228/228/228 229/229/229
f 227/227/227 229/229/229 230/230/230
f 231/231/231 232/232/232 233/233/233
f 231/231/231 233/233/233 234/234/234
f 235/235/235 236/236/236 237/237/237
f 235/235/235 237/237/237 238/238/238
f 239/239/239 240/240/240 241/241/241
f 239/239/239 241/241/241 242/242/242
f 243/243/243 244/244/244 245/245/245
f 243/243/243 245/245/245 246/246/246
f 247/247/247 248/248/248 249/249/249
f 247/247/247 249/249/249 250/250/250
f 251/251/251 252/252/252 253/253/253
f 251/251/251 253/253/253 254/254/254
f 255/255/255 256/256/256 257/257/257
f 255/255/255 257/257/257 258/258/258
f 259/259/259 260/260/260 261/261/261
f 259/259/259 261/261/261 262/262/262
f 263/263/263 264/264/264 265/265/265
f 263/263/263 265/265/265 266/266/266
f 267/267/267 268/268/268 269/269/269
f 267/267/267 269/269/269 270/270/270
f 271/271/271 272/272/272 273/273/273
f 271/271/271 273/273/273 274/274/274
f 275/275/275 276/276/276 277/277/277
f 275/275/275 277/277/277 278/278/278
f 279/279/279 280/280/280 281/281/281
f 279/279/279 281/281/281 282/282/282
f 283/283/283 284/284/284 285/285/285
f 283/283/283 285/285/285 286/286/286
f 287/287/287 288/288/288 289/289/289
f 287/287/287 289/289/289 290/290/290
f 291/291/291 292/292/292 293/293/293
f 291/291/291 293/293/293 294/294/294
f 295/295/295 296/296/296 297/297/297
f 295/295/295 297/297/297 298/298/298
f 299/299/299 300/300/300 301/301/301
f 299/299/299 301/301/301 302/302/302
f 303/303/303 304/304/304 305/305/305
f 303/303/303 305/305/305 306/306/306
f 307/307/307 308/308/308 309/309/309
f 307/307/307 309/309/309 310/310/310
f 311/311/311 312/312/312 313/313/313
f 311/311/311 313/313/313 314/314/314
f 315/315/315 316/316/316 317/317/317
f 315/315/315 317/317/317 318/318/318
f 319/319/319 320/320/320 321/321/321
f 319/319/319 321/321/321 322/322/322
f 323/323/323 324/324/324 325/325/325
f 323/323/323 325/325/325 326/326/326
f 327/327/327 328/328/328 329/329/329
f 327/327/327 329/329/329 330/330/330
f 331/331/331 332/332/332 333/333/333
f 331/331/331 333/333/333 334/334/334
f 335/335/335 336/336/336 337/337/337
f 335/335/335 337/337/337 338/338/338
f 339/339/339 340/340/340 341/341/341
f 339/339/339 341/341/341 342/342/342
f 343/343/343 344/344/344 345/345/345
f 343/343/343 345/345/345 346/346/346
f 347/347/347 348/348/348 349/349/349
f 347/347/347 349/349/349 350/350/350
f 351/351/351 352/352/352 353/353/353
f 351/351/351 353/353/353 354/354/354
f 355/355/355 356/356/356 357/357/357
f 355/355/355 357/357/357 358/358/358
f 359/359/359 360/360/360 361/361/361
f 359/359/359 361/361/361 362/362/362
f 363/363/363 364/364/364 365/365/365
f 365/365/365 366/366/366 363/363/363
f 366/366/366 367/367/367 363/363/363
f 366/366/366 368/368/368 367/367/367
f 369/369/369 370/370/370 371/371/371
f 369/369/369 371/371/371 372/372/372
f 373/373/373 374/374/374 375/375/375
f 373/373/373 375/375/375 376/376/376
f 377/377/377 378/378/378 379/379/379
f 377/377/377 379/379/379 380/380/380
f 381/381/381 382/382/382 383/383/383
f 381/381/381 383/383/383 384/384/384
f 385/385/385 386/386/386 387/387/387
f 385/385/385 387/387/387 388/388/388
f 389/389/389 390/390/390 391/391/391
f 389/389/389 392/392/392 390/390/390
f 392/392/392 393/393/393 390/390/390
f 392/392/392 394/394/394 393/393/393
f 395/395/395 396/396/396 397/397/397
f 398/398/398 395/395/395 397/397/397
f 398/398/398 399/399/399 395/395/395
f 397/397/397 400/400/400 398/398/398
f 398/398/398 400/400/400 401/401/401
f 397/397/397 402/402/402 403/403/403
f 397/397/397 403/403/403 404/404/404
f 404/404/404 403/403/403 405/405/405
f 404/404/404 406/406/406 397/397/397
f 404/404/404 407/407/407 406/406/406
f 408/408/408 409/409/409 410/410/410
f 411/411/411 408/408/408 410/410/410
f 411/411/411 412/412/412 408/408/408
f 410/410/410 413/413/413 411/411/411
f 414/414/414 413/413/413 410/410/410
f 415/415/415 416/416/416 411/411/411
f 417/417/417 415/415/415 411/411/411
f 415/415/415 417/417/417 418/418/418
f 411/411/411 419/419/419 417/417/417
f 420/420/420 417/417/417 419/419/419
f 421/421/421 422/422/422 423/423/423
f 421/421/421 423/423/423 424/424/424
f 425/425/425 426/426/426 427/427/427
f 425/425/425 427/427/427 428/428/428
f 429/429/429 430/430/430 431/431/431
f 429/429/429 432/432/432 430/430/430
f 433/433/433 432/432/432 429/429/429
f 433/433/433 434/434/434 432/432/432
f 435/435/435 436/436/436 437/437/437
f 435/435/435 437/437/437 438/438/438
f 439/439/439 440/440/440 441/441/441
f 439/439/439 441/441/441 442/442/442
f 443/443/443 444/444/444 445/445/445
f 443/443/443 445/445/445 446/446/446
f 447/447/447 448/448/448 449/449/449
f 447/447/447 449/449/449 450/450/450
f 451/451/451 452/452/452 453/453/453
f 451/451/451 453/453/453 454/454/454
f 455/455/455 456/456/456 457/457/457
f 455/455/455 457/457/457 458/458/458
f 459/459/459 460/460/460 461/461/461
f 459/459/459 461/461/461 462/462/462
f 463/463/463 464/464/464 465/465/465
f 463/463/463 465/465/465 466/466/466
f 467/467/467 468/468/468 469/469/469
f 467/467/467 469/469/469 470/470/470
f 471/471/471 472/472/472 473/473/473
f 471/471/471 473/473/473 474/474/474
f 475/475/475 476/476/476 477/477/477
f 475/475/475 477/477/477 478/478/478
f 479/479/479 480/480/480 481/481/481
f 479/479/479 481/481/481 482/482/482
f 483/483/483 484/484/484 485/485/485
f 483/483/483 485/485/485 486/486/486
f 487/487/487 488/488/488 489/489/489
f 487/487/487 489/489/489 490/490/490
f 491/491/491 492/492/492 493/493/493
f 491/491/491 493/493/493 494/494/494
f 495/495/495 496/496/496 497/497/497
f 495/495/495 497/497/497 498/498/498
f 499/499/499 500/500/500 501/501/501
f 499/499/499 501/501/501 502/502/502
f 503/503/503 504/504/504 505/505/505
f 503/503/503 505/505/505 506/506/506
f 507/507/507 508/508/508 509/509/509
f 507/507/507 509/509/509 510/510/510
f 511/511/511 512/512/512 513/513/513
f 511/511/511 513/513/513 514/514/514
f 515/515/515 516/516/516 517/517/517
f 515/515/515 517/517/517 518/518/518
f 519/519/519 520/520/520 521/521/521
f 519/519/519 521/521/521 522/522/522
f 523/523/523 524/524/524 525/525/525
f 523/523/523 525/525/525 526/526/526
f 527/527/527 528/528/528 529/529/529
f 527/527/527 529/529/529 530/530/530
f 531/531/531 532/532/532 533/533/533
f 531/531/531 533/533/533 534/534/534
f 535/535/535 536/536/536 537/537/537
f 535/535/535 537/537/537 538/538/538
f 539/539/539 540/540/540 541/541/541
f 539/539/539 541/541/541 542/542/542
f 543/543/543 544/544/544 545/545/545
f 543/543/543 545/545/545 546/546/546
f 547/547/547 548/548/548 549/549/549
f 547/547/547 549/549/549 550/550/550
f 551/551/551 552/552/552 553/553/553
f 551/551/551 553/553/553 554/554/554
f 555/555/555 556/556/556 557/557/557
f 555/555/555 557/557/557 558/558/558
f 559/559/559 560/560/560 561/561/561
f 559/559/559 561/561/561 562/562/562
f 563/563/563 564/564/564 565/565/565
f 563/563/563 565/565/565 566/566/566
f 567/567/567 568/568/568 569/569/569
f 567/567/567 569/569/569 570/570/570
f 571/571/571 572/572/572 573/573/573
f 571/571/571 573/573/573 574/574/574
f 575/575/575 576/576/576 577/577/577
f 575/575/575 577/577/577 578/578/578
f 579/579/579 580/580/580 581/581/581
f 579/579/579 581/581/581 582/582/582
f 583/583/583 584/584/584 585/585/585
f 583/583/583 585/585/585 586/586/586
f 587/587/587 588/588/588 589/589/589
f 589/589/589 590/590/590 587/587/587
f 590/590/590 591/591/591 587/587/587
f 590/590/590 592/592/592 591/591/591
f 593/593/593 594/594/594 595/595/595
f 593/593/593 595/595/595 596/596/596
f 597/597/597 598/598/598 599/599/599
f 597/597/597 599/599/599 600/600/600
f 601/601/601 602/602/602 603/603/603
f 601/601/601 603/603/603 604/604/604
f 605/605/605 606/606/606 607/607/607
f 605/605/605 607/607/607 608/608/608
f 609/609/609 610/610/610 611/611/611
f 609/609/609 611/611/611 612/612/612
f 613/613/613 614/614/614 615/615/615
f 613/613/613 615/615/615 616/616/616
f 617/617/617 618/618/618 619/619/619
f 617/617/617 619/619/619 620/620/620
f 621/621/621 622/622/622 623/623/623
f 621/621/621 623/623/623 624/624/624
f 625/625/625 626/626/626 627/627/627
f 625/625/625 627/627/627 628/628/628
f 629/629/629 630/630/630 631/631/631
f 629/629/629 631/631/631 632/632/632
f 633/633/633 634/634/634 635/635/635
f 633/633/633 635/635/635 636/636/636
f 637/637/637 638/638/638 639/639/639
f 637/637/637 639/639/639 640/640/640
f 641/641/641 642/642/642 643/643/643
f 641/641/641 643/643/643 644/644/644
f 645/645/645 646/646/646 647/647/647
f 645/645/645 647/647/647 648/648/648
f 649/649/649 650/650/650 651/651/651
f 649/649/649 651/651/651 652/652/652
f 653/653/653 654/654/654 655/655/655
f 653/653/653 655/655/655 656/656/656
f 657/657/657 658/658/658 659/659/659
f 657/657/657 659/659/659 660/660/660
f 661/661/661 662/662/662 663/663/663
f 661/661/661 663/663/663 664/664/664
f 665/665/665 666/666/666 667/667/667
f 665/665/665 667/667/667 668/668/668
f 669/669/669 670/670/670 671/671/671
f 669/669/669 671/671/671 672/672/672
f 673/673/673 674/674/674 675/675/675
f 673/673/673 675/675/675 676/676/676
f 677/677/677 678/678/678 679/679/679
f 677/677/677 679/679/679 680/680/680
f 681/681/681 682/682/682 683/683/683
f 681/681/681 683/683/683 684/684/684
f 685/685/685 686/686/686 687/687/687
f 685/685/685 687/687/687 688/688/688
f 689/689/689 690/690/690 691/691/691
f 689/689/689 691/691/691 692/692/692
f 693/693/693 694/694/694 695/695/695
f 693/693/693 695/695/695 696/696/696
f 697/697/697 698/698/698 699/699/699
f 697/697/697 699/699/699 700/700/700
f 701/701/701 702/702/702 703/703/703
f 701/701/701 703/703/703 704/704/704
f 705/705/705 706/706/706 707/707/707
f 705/705/705 707/707/707 708/708/708
f 709/709/709 710/710/710 711/711/711
f 709/709/709 711/711/711 712/712/712
f 713/713/713 714/714/714 715/715/715
f 713/713/713 715/715/715 716/716/716
f 717/717/717 718/718/718 719/719/719
f 717/717/717 719/719/719 720/720/720
f 721/721/721 722/722/722 723/723/723
f 721/721/721 723/723/723 724/724/724
f 725/725/725 726/726/726 727/727/727
f 725/725/725 727/727/727 728/728/728
f 729/729/729 730/730/730 731/731/731
f 729/729/729 731/731/731 732/732/732
f 733/733/733 734/734/734 735/735/735
f 733/733/733 735/735/735 736/736/736
f 736/736/736 735/735/735 737/737/737
f 736/736/736 737/737/737 738/738/738
f 739/739/739 740/740/740 741/741/741
f 739/739/739 741/741/741 742/742/742
f 743/743/743 744/744/744 745/745/745
f 743/743/743 745/745/745 746/746/746
f 747/747/747 748/748/748 749/749/749
f 747/747/747 749/749/749 750/750/750
f 751/751/751 752/752/752 753/753/753
f 751/751/751 753/753/753 754/754/754
f 755/755/755 751/751/751 754/754/754
f 755/755/755 754/754/754 756/756/756
f 757/757/757 758/758/758 759/759/759
f 757/757/757 759/759/759 760/760/760
f 761/761/761 762/762/762 763/763/763
f 761/761/761 763/763/763 764/764/764
f 765/765/765 766/766/766 767/767/767
f 765/765/765 767/767/767 768/768/768
f 769/769/769 770/770/770 771/771/771
f 769/769/769 771/771/771 772/772/772
f 773/773/773 774/774/774 775/775/775
f 773/773/773 775/775/775 776/776/776
f 777/777/777 778/778/778 779/779/779
f 777/777/777 779/779/779 780/780/780
f 781/781/781 782/782/782 783/783/783
f 781/781/781 783/783/783 784/784/784
f 785/785/785 786/786/786 787/787/787
f 785/785/785 787/787/787 788/788/788
f 789/789/789 790/790/790 791/791/791
f 789/789/789 791/791/791 792/792/792
f 793/793/793 794/794/794 795/795/795
f 793/793/793 795/795/795 796/796/796
f 797/797/797 798/798/798 799/799/799
f 797/797/797 799/799/799 800/800/800
f 801/801/801 802/802/802 803/803/803
f 801/801/801 803/803/803 804/804/804
f 805/805/805 806/806/806 807/807/807
f 805/805/805 807/807/807 808/808/808
f 809/809/809 810/810/810 811/811/811
f 811/811/811 812/812/812 809/809/809
f 812/812/812 813/813/813 809/809/809
f 812/812/812 814/814/814 813/813/813
