# hand-authored OBJ -> Godot item mesh (up=y fwd=-z scale=2.5 det=+1, RH Y-up)
v -0.147750 0.005021 -0.123781
v -0.095882 0.009271 -0.074334
v -0.147005 0.006522 -0.074268
v -0.147750 0.005021 -0.123781
v -0.093337 0.007859 -0.123891
v -0.095882 0.009271 -0.074334
v -0.148638 0.020526 -0.123781
v -0.148008 0.024027 -0.074268
v -0.095438 0.025991 -0.074334
v -0.148638 0.020526 -0.123781
v -0.095438 0.025991 -0.074334
v -0.092883 0.024950 -0.123891
v -0.147005 0.006522 -0.074268
v -0.096472 0.007939 -0.024778
v -0.147011 0.005954 -0.024756
v -0.147005 0.006522 -0.074268
v -0.095882 0.009271 -0.074334
v -0.096472 0.007939 -0.024778
v -0.148008 0.024027 -0.074268
v -0.147892 0.021342 -0.024756
v -0.096104 0.021822 -0.024778
v -0.148008 0.024027 -0.074268
v -0.096104 0.021822 -0.024778
v -0.095438 0.025991 -0.074334
v -0.147011 0.005954 -0.024756
v -0.097214 0.005578 0.024778
v -0.147692 0.003840 0.024756
v -0.147011 0.005954 -0.024756
v -0.096472 0.007939 -0.024778
v -0.097214 0.005578 0.024778
v -0.147892 0.021342 -0.024756
v -0.148466 0.017352 0.024756
v -0.096831 0.019997 0.024778
v -0.147892 0.021342 -0.024756
v -0.096831 0.019997 0.024778
v -0.096104 0.021822 -0.024778
v -0.147692 0.003840 0.024756
v -0.097416 0.006227 0.074334
v -0.148361 0.003294 0.074268
v -0.147692 0.003840 0.024756
v -0.097214 0.005578 0.024778
v -0.097416 0.006227 0.074334
v -0.148466 0.017352 0.024756
v -0.149263 0.019032 0.074268
v -0.096959 0.023452 0.074334
v -0.148466 0.017352 0.024756
v -0.096959 0.023452 0.074334
v -0.096831 0.019997 0.024778
v -0.148361 0.003294 0.074268
v -0.092869 0.009280 0.123891
v -0.148998 0.005614 0.123781
v -0.148361 0.003294 0.074268
v -0.097416 0.006227 0.074334
v -0.092869 0.009280 0.123891
v -0.149263 0.019032 0.074268
v -0.150000 0.023098 0.123781
v -0.092431 0.025805 0.123891
v -0.149263 0.019032 0.074268
v -0.092431 0.025805 0.123891
v -0.096959 0.023452 0.074334
v -0.093337 0.007859 -0.123891
v -0.036506 0.004453 -0.072373
v -0.095882 0.009271 -0.074334
v -0.093337 0.007859 -0.123891
v -0.039977 0.003709 -0.120622
v -0.036506 0.004453 -0.072373
v -0.092883 0.024950 -0.123891
v -0.095438 0.025991 -0.074334
v -0.036134 0.019464 -0.072373
v -0.092883 0.024950 -0.123891
v -0.036134 0.019464 -0.072373
v -0.039545 0.021182 -0.120622
v -0.095882 0.009271 -0.074334
v -0.037222 0.001949 -0.024124
v -0.096472 0.007939 -0.024778
v -0.095882 0.009271 -0.074334
v -0.036506 0.004453 -0.072373
v -0.037222 0.001949 -0.024124
v -0.095438 0.025991 -0.074334
v -0.096104 0.021822 -0.024778
v -0.036886 0.015551 -0.024124
v -0.095438 0.025991 -0.074334
v -0.036886 0.015551 -0.024124
v -0.036134 0.019464 -0.072373
v -0.096472 0.007939 -0.024778
v -0.037419 0.000000 0.024124
v -0.097214 0.005578 0.024778
v -0.096472 0.007939 -0.024778
v -0.037222 0.001949 -0.024124
v -0.037419 0.000000 0.024124
v -0.096104 0.021822 -0.024778
v -0.096831 0.019997 0.024778
v -0.037020 0.016146 0.024124
v -0.096104 0.021822 -0.024778
v -0.037020 0.016146 0.024124
v -0.036886 0.015551 -0.024124
v -0.097214 0.005578 0.024778
v -0.036879 0.002351 0.072373
v -0.097416 0.006227 0.074334
v -0.097214 0.005578 0.024778
v -0.037419 0.000000 0.024124
v -0.036879 0.002351 0.072373
v -0.096831 0.019997 0.024778
v -0.096959 0.023452 0.074334
v -0.036449 0.019758 0.072373
v -0.096831 0.019997 0.024778
v -0.036449 0.019758 0.072373
v -0.037020 0.016146 0.024124
v -0.097416 0.006227 0.074334
v -0.039102 0.005405 0.120622
v -0.092869 0.009280 0.123891
v -0.097416 0.006227 0.074334
v -0.036879 0.002351 0.072373
v -0.039102 0.005405 0.120622
v -0.096959 0.023452 0.074334
v -0.092431 0.025805 0.123891
v -0.038736 0.020193 0.120622
v -0.096959 0.023452 0.074334
v -0.038736 0.020193 0.120622
v -0.036449 0.019758 0.072373
v -0.039977 0.003709 -0.120622
v 0.023606 0.006504 -0.070041
v -0.036506 0.004453 -0.072373
v -0.039977 0.003709 -0.120622
v 0.024422 0.007121 -0.116735
v 0.023606 0.006504 -0.070041
v -0.039545 0.021182 -0.120622
v -0.036134 0.019464 -0.072373
v 0.022226 0.020136 -0.070041
v -0.039545 0.021182 -0.120622
v 0.022226 0.020136 -0.070041
v 0.022771 0.023433 -0.116735
v -0.036506 0.004453 -0.072373
v 0.023497 0.003056 -0.023347
v -0.037222 0.001949 -0.024124
v -0.036506 0.004453 -0.072373
v 0.023606 0.006504 -0.070041
v 0.023497 0.003056 -0.023347
v -0.036134 0.019464 -0.072373
v -0.036886 0.015551 -0.024124
v 0.022007 0.017769 -0.023347
v -0.036134 0.019464 -0.072373
v 0.022007 0.017769 -0.023347
v 0.022226 0.020136 -0.070041
v -0.037222 0.001949 -0.024124
v 0.024182 0.002710 0.023347
v -0.037419 0.000000 0.024124
v -0.037222 0.001949 -0.024124
v 0.023497 0.003056 -0.023347
v 0.024182 0.002710 0.023347
v -0.036886 0.015551 -0.024124
v -0.037020 0.016146 0.024124
v 0.022428 0.020040 0.023347
v -0.036886 0.015551 -0.024124
v 0.022428 0.020040 0.023347
v 0.022007 0.017769 -0.023347
v -0.037419 0.000000 0.024124
v 0.024882 0.006597 0.070041
v -0.036879 0.002351 0.072373
v -0.037419 0.000000 0.024124
v 0.024182 0.002710 0.023347
v 0.024882 0.006597 0.070041
v -0.037020 0.016146 0.024124
v -0.036449 0.019758 0.072373
v 0.023253 0.022693 0.070041
v -0.037020 0.016146 0.024124
v 0.023253 0.022693 0.070041
v 0.022428 0.020040 0.023347
v -0.036879 0.002351 0.072373
v 0.022977 0.007891 0.116735
v -0.039102 0.005405 0.120622
v -0.036879 0.002351 0.072373
v 0.024882 0.006597 0.070041
v 0.022977 0.007891 0.116735
v -0.036449 0.019758 0.072373
v -0.038736 0.020193 0.120622
v 0.021605 0.021443 0.116735
v -0.036449 0.019758 0.072373
v 0.021605 0.021443 0.116735
v 0.023253 0.022693 0.070041
v 0.024422 0.007121 -0.116735
v 0.082339 0.012881 -0.074864
v 0.023606 0.006504 -0.070041
v 0.024422 0.007121 -0.116735
v 0.086335 0.016525 -0.124773
v 0.082339 0.012881 -0.074864
v 0.022771 0.023433 -0.116735
v 0.022226 0.020136 -0.070041
v 0.077719 0.025967 -0.074864
v 0.022771 0.023433 -0.116735
v 0.077719 0.025967 -0.074864
v 0.081419 0.030451 -0.124773
v 0.023606 0.006504 -0.070041
v 0.083330 0.009872 -0.024955
v 0.023497 0.003056 -0.023347
v 0.023606 0.006504 -0.070041
v 0.082339 0.012881 -0.074864
v 0.083330 0.009872 -0.024955
v 0.022226 0.020136 -0.070041
v 0.022007 0.017769 -0.023347
v 0.077784 0.025582 -0.024955
v 0.022226 0.020136 -0.070041
v 0.077784 0.025582 -0.024955
v 0.077719 0.025967 -0.074864
v 0.023497 0.003056 -0.023347
v 0.084180 0.012032 0.024955
v 0.024182 0.002710 0.023347
v 0.023497 0.003056 -0.023347
v 0.083330 0.009872 -0.024955
v 0.084180 0.012032 0.024955
v 0.022007 0.017769 -0.023347
v 0.022428 0.020040 0.023347
v 0.078391 0.028429 0.024955
v 0.022007 0.017769 -0.023347
v 0.078391 0.028429 0.024955
v 0.077784 0.025582 -0.024955
v 0.024182 0.002710 0.023347
v 0.083968 0.016073 0.074864
v 0.024882 0.006597 0.070041
v 0.024182 0.002710 0.023347
v 0.084180 0.012032 0.024955
v 0.083968 0.016073 0.074864
v 0.022428 0.020040 0.023347
v 0.023253 0.022693 0.070041
v 0.079120 0.029806 0.074864
v 0.022428 0.020040 0.023347
v 0.079120 0.029806 0.074864
v 0.078391 0.028429 0.024955
v 0.024882 0.006597 0.070041
v 0.086665 0.015779 0.124773
v 0.022977 0.007891 0.116735
v 0.024882 0.006597 0.070041
v 0.083968 0.016073 0.074864
v 0.086665 0.015779 0.124773
v 0.023253 0.022693 0.070041
v 0.021605 0.021443 0.116735
v 0.082005 0.028980 0.124773
v 0.023253 0.022693 0.070041
v 0.082005 0.028980 0.124773
v 0.079120 0.029806 0.074864
v 0.086335 0.016525 -0.124773
v 0.129920 0.035474 -0.074904
v 0.082339 0.012881 -0.074864
v 0.086335 0.016525 -0.124773
v 0.127058 0.037287 -0.124839
v 0.129920 0.035474 -0.074904
v 0.081419 0.030451 -0.124773
v 0.077719 0.025967 -0.074864
v 0.118525 0.046441 -0.074904
v 0.081419 0.030451 -0.124773
v 0.118525 0.046441 -0.074904
v 0.116861 0.047101 -0.124839
v 0.082339 0.012881 -0.074864
v 0.131355 0.034750 -0.024968
v 0.083330 0.009872 -0.024955
v 0.082339 0.012881 -0.074864
v 0.129920 0.035474 -0.074904
v 0.131355 0.034750 -0.024968
v 0.077719 0.025967 -0.074864
v 0.077784 0.025582 -0.024955
v 0.118198 0.047413 -0.024968
v 0.077719 0.025967 -0.074864
v 0.118198 0.047413 -0.024968
v 0.118525 0.046441 -0.074904
v 0.083330 0.009872 -0.024955
v 0.130901 0.038646 0.024968
v 0.084180 0.012032 0.024955
v 0.083330 0.009872 -0.024955
v 0.131355 0.034750 -0.024968
v 0.130901 0.038646 0.024968
v 0.077784 0.025582 -0.024955
v 0.078391 0.028429 0.024955
v 0.119045 0.050058 0.024968
v 0.077784 0.025582 -0.024955
v 0.119045 0.050058 0.024968
v 0.118198 0.047413 -0.024968
v 0.084180 0.012032 0.024955
v 0.129717 0.040573 0.074904
v 0.083968 0.016073 0.074864
v 0.084180 0.012032 0.024955
v 0.130901 0.038646 0.024968
v 0.129717 0.040573 0.074904
v 0.078391 0.028429 0.024955
v 0.079120 0.029806 0.074864
v 0.119546 0.050362 0.074904
v 0.078391 0.028429 0.024955
v 0.119546 0.050362 0.074904
v 0.119045 0.050058 0.024968
v 0.083968 0.016073 0.074864
v 0.128341 0.035463 0.124839
v 0.086665 0.015779 0.124773
v 0.083968 0.016073 0.074864
v 0.129717 0.040573 0.074904
v 0.128341 0.035463 0.124839
v 0.079120 0.029806 0.074864
v 0.082005 0.028980 0.124773
v 0.116771 0.046598 0.124839
v 0.079120 0.029806 0.074864
v 0.116771 0.046598 0.124839
v 0.119546 0.050362 0.074904
v 0.127058 0.037287 -0.124839
v 0.149909 0.070987 -0.068443
v 0.129920 0.035474 -0.074904
v 0.127058 0.037287 -0.124839
v 0.148350 0.073347 -0.114072
v 0.149909 0.070987 -0.068443
v 0.116861 0.047101 -0.124839
v 0.118525 0.046441 -0.074904
v 0.131576 0.070987 -0.068443
v 0.116861 0.047101 -0.124839
v 0.131576 0.070987 -0.068443
v 0.133135 0.073347 -0.114072
v 0.129920 0.035474 -0.074904
v 0.149993 0.072456 -0.022814
v 0.131355 0.034750 -0.024968
v 0.129920 0.035474 -0.074904
v 0.149909 0.070987 -0.068443
v 0.149993 0.072456 -0.022814
v 0.118525 0.046441 -0.074904
v 0.118198 0.047413 -0.024968
v 0.131492 0.072456 -0.022814
v 0.118525 0.046441 -0.074904
v 0.131492 0.072456 -0.022814
v 0.131576 0.070987 -0.068443
v 0.131355 0.034750 -0.024968
v 0.148430 0.075173 0.022814
v 0.130901 0.038646 0.024968
v 0.131355 0.034750 -0.024968
v 0.149993 0.072456 -0.022814
v 0.148430 0.075173 0.022814
v 0.118198 0.047413 -0.024968
v 0.119045 0.050058 0.024968
v 0.133056 0.075173 0.022814
v 0.118198 0.047413 -0.024968
v 0.133056 0.075173 0.022814
v 0.131492 0.072456 -0.022814
v 0.130901 0.038646 0.024968
v 0.148437 0.074306 0.068443
v 0.129717 0.040573 0.074904
v 0.130901 0.038646 0.024968
v 0.148430 0.075173 0.022814
v 0.148437 0.074306 0.068443
v 0.119045 0.050058 0.024968
v 0.119546 0.050362 0.074904
v 0.133049 0.074306 0.068443
v 0.119045 0.050058 0.024968
v 0.133049 0.074306 0.068443
v 0.133056 0.075173 0.022814
v 0.129717 0.040573 0.074904
v 0.150000 0.070424 0.114072
v 0.128341 0.035463 0.124839
v 0.129717 0.040573 0.074904
v 0.148437 0.074306 0.068443
v 0.150000 0.070424 0.114072
v 0.119546 0.050362 0.074904
v 0.116771 0.046598 0.124839
v 0.131485 0.070424 0.114072
v 0.119546 0.050362 0.074904
v 0.131485 0.070424 0.114072
v 0.133049 0.074306 0.068443
v 0.148350 0.073347 -0.114072
v 0.129949 0.107626 -0.074368
v 0.149909 0.070987 -0.068443
v 0.148350 0.073347 -0.114072
v 0.127413 0.109897 -0.123947
v 0.129949 0.107626 -0.074368
v 0.133135 0.073347 -0.114072
v 0.131576 0.070987 -0.068443
v 0.117593 0.094271 -0.074368
v 0.133135 0.073347 -0.114072
v 0.117593 0.094271 -0.074368
v 0.116444 0.098041 -0.123947
v 0.149909 0.070987 -0.068443
v 0.129551 0.109028 -0.024789
v 0.149993 0.072456 -0.022814
v 0.149909 0.070987 -0.068443
v 0.129949 0.107626 -0.074368
v 0.129551 0.109028 -0.024789
v 0.131576 0.070987 -0.068443
v 0.131492 0.072456 -0.022814
v 0.118711 0.097312 -0.024789
v 0.131576 0.070987 -0.068443
v 0.118711 0.097312 -0.024789
v 0.117593 0.094271 -0.074368
v 0.149993 0.072456 -0.022814
v 0.129497 0.110293 0.024789
v 0.148430 0.075173 0.022814
v 0.149993 0.072456 -0.022814
v 0.129551 0.109028 -0.024789
v 0.129497 0.110293 0.024789
v 0.131492 0.072456 -0.022814
v 0.133056 0.075173 0.022814
v 0.119956 0.099981 0.024789
v 0.131492 0.072456 -0.022814
v 0.119956 0.099981 0.024789
v 0.118711 0.097312 -0.024789
v 0.148430 0.075173 0.022814
v 0.130578 0.109257 0.074368
v 0.148437 0.074306 0.068443
v 0.148430 0.075173 0.022814
v 0.129497 0.110293 0.024789
v 0.130578 0.109257 0.074368
v 0.133056 0.075173 0.022814
v 0.133049 0.074306 0.068443
v 0.119444 0.097223 0.074368
v 0.133056 0.075173 0.022814
v 0.119444 0.097223 0.074368
v 0.119956 0.099981 0.024789
v 0.148437 0.074306 0.068443
v 0.127715 0.109612 0.123947
v 0.150000 0.070424 0.114072
v 0.148437 0.074306 0.068443
v 0.130578 0.109257 0.074368
v 0.127715 0.109612 0.123947
v 0.133049 0.074306 0.068443
v 0.131485 0.070424 0.114072
v 0.115377 0.096275 0.123947
v 0.133049 0.074306 0.068443
v 0.115377 0.096275 0.123947
v 0.119444 0.097223 0.074368
v 0.127413 0.109897 -0.123947
v 0.086203 0.121868 -0.074279
v 0.129949 0.107626 -0.074368
v 0.127413 0.109897 -0.123947
v 0.089932 0.121999 -0.123798
v 0.086203 0.121868 -0.074279
v 0.116444 0.098041 -0.123947
v 0.117593 0.094271 -0.074368
v 0.085576 0.105180 -0.074279
v 0.116444 0.098041 -0.123947
v 0.085576 0.105180 -0.074279
v 0.089290 0.104893 -0.123798
v 0.129949 0.107626 -0.074368
v 0.086931 0.123602 -0.024760
v 0.129551 0.109028 -0.024789
v 0.129949 0.107626 -0.074368
v 0.086203 0.121868 -0.074279
v 0.086931 0.123602 -0.024760
v 0.117593 0.094271 -0.074368
v 0.118711 0.097312 -0.024789
v 0.086411 0.109742 -0.024760
v 0.117593 0.094271 -0.074368
v 0.086411 0.109742 -0.024760
v 0.085576 0.105180 -0.074279
v 0.129551 0.109028 -0.024789
v 0.087315 0.125000 0.024760
v 0.129497 0.110293 0.024789
v 0.129551 0.109028 -0.024789
v 0.086931 0.123602 -0.024760
v 0.087315 0.125000 0.024760
v 0.118711 0.097312 -0.024789
v 0.119956 0.099981 0.024789
v 0.086773 0.110557 0.024760
v 0.118711 0.097312 -0.024789
v 0.086773 0.110557 0.024760
v 0.086411 0.109742 -0.024760
v 0.129497 0.110293 0.024789
v 0.086988 0.123617 0.074279
v 0.130578 0.109257 0.074368
v 0.129497 0.110293 0.024789
v 0.087315 0.125000 0.024760
v 0.086988 0.123617 0.074279
v 0.119956 0.099981 0.024789
v 0.119444 0.097223 0.074368
v 0.086341 0.106379 0.074279
v 0.119956 0.099981 0.024789
v 0.086341 0.106379 0.074279
v 0.086773 0.110557 0.024760
v 0.130578 0.109257 0.074368
v 0.089114 0.121108 0.123798
v 0.127715 0.109612 0.123947
v 0.130578 0.109257 0.074368
v 0.086988 0.123617 0.074279
v 0.089114 0.121108 0.123798
v 0.119444 0.097223 0.074368
v 0.115377 0.096275 0.123947
v 0.088495 0.104617 0.123798
v 0.119444 0.097223 0.074368
v 0.088495 0.104617 0.123798
v 0.086341 0.106379 0.074279
v 0.089932 0.121999 -0.123798
v 0.041847 0.111277 -0.072340
v 0.086203 0.121868 -0.074279
v 0.089932 0.121999 -0.123798
v 0.040642 0.110580 -0.120567
v 0.041847 0.111277 -0.072340
v 0.089290 0.104893 -0.123798
v 0.085576 0.105180 -0.074279
v 0.049614 0.098103 -0.072340
v 0.089290 0.104893 -0.123798
v 0.049614 0.098103 -0.072340
v 0.049698 0.095219 -0.120567
v 0.086203 0.121868 -0.074279
v 0.042529 0.113905 -0.024113
v 0.086931 0.123602 -0.024760
v 0.086203 0.121868 -0.074279
v 0.041847 0.111277 -0.072340
v 0.042529 0.113905 -0.024113
v 0.085576 0.105180 -0.074279
v 0.086411 0.109742 -0.024760
v 0.049587 0.101933 -0.024113
v 0.085576 0.105180 -0.074279
v 0.049587 0.101933 -0.024113
v 0.049614 0.098103 -0.072340
v 0.086931 0.123602 -0.024760
v 0.041530 0.114398 0.024113
v 0.087315 0.125000 0.024760
v 0.086931 0.123602 -0.024760
v 0.042529 0.113905 -0.024113
v 0.041530 0.114398 0.024113
v 0.086411 0.109742 -0.024760
v 0.086773 0.110557 0.024760
v 0.049920 0.100169 0.024113
v 0.086411 0.109742 -0.024760
v 0.049920 0.100169 0.024113
v 0.049587 0.101933 -0.024113
v 0.087315 0.125000 0.024760
v 0.040527 0.111365 0.072340
v 0.086988 0.123617 0.074279
v 0.087315 0.125000 0.024760
v 0.041530 0.114398 0.024113
v 0.040527 0.111365 0.072340
v 0.086773 0.110557 0.024760
v 0.086341 0.106379 0.074279
v 0.049547 0.096066 0.072340
v 0.086773 0.110557 0.024760
v 0.049547 0.096066 0.072340
v 0.049920 0.100169 0.024113
v 0.086988 0.123617 0.074279
v 0.042502 0.110221 0.120567
v 0.089114 0.121108 0.123798
v 0.086988 0.123617 0.074279
v 0.040527 0.111365 0.072340
v 0.042502 0.110221 0.120567
v 0.086341 0.106379 0.074279
v 0.088495 0.104617 0.123798
v 0.050154 0.097242 0.120567
v 0.086341 0.106379 0.074279
v 0.050154 0.097242 0.120567
v 0.049547 0.096066 0.072340
v 0.040642 0.110580 -0.120567
v 0.014003 0.086060 -0.070033
v 0.041847 0.111277 -0.072340
v 0.040642 0.110580 -0.120567
v 0.011354 0.080294 -0.116722
v 0.014003 0.086060 -0.070033
v 0.049698 0.095219 -0.120567
v 0.049614 0.098103 -0.072340
v 0.028127 0.081735 -0.070033
v 0.049698 0.095219 -0.120567
v 0.028127 0.081735 -0.070033
v 0.028240 0.075123 -0.116722
v 0.041847 0.111277 -0.072340
v 0.013300 0.088118 -0.023344
v 0.042529 0.113905 -0.024113
v 0.041847 0.111277 -0.072340
v 0.014003 0.086060 -0.070033
v 0.013300 0.088118 -0.023344
v 0.049614 0.098103 -0.072340
v 0.049587 0.101933 -0.024113
v 0.028591 0.083435 -0.023344
v 0.049614 0.098103 -0.072340
v 0.028591 0.083435 -0.023344
v 0.028127 0.081735 -0.070033
v 0.042529 0.113905 -0.024113
v 0.011706 0.085906 0.023344
v 0.041530 0.114398 0.024113
v 0.042529 0.113905 -0.024113
v 0.013300 0.088118 -0.023344
v 0.011706 0.085906 0.023344
v 0.049587 0.101933 -0.024113
v 0.049920 0.100169 0.024113
v 0.029691 0.080398 0.023344
v 0.049587 0.101933 -0.024113
v 0.029691 0.080398 0.023344
v 0.028591 0.083435 -0.023344
v 0.041530 0.114398 0.024113
v 0.012221 0.082427 0.070033
v 0.040527 0.111365 0.072340
v 0.041530 0.114398 0.024113
v 0.011706 0.085906 0.023344
v 0.012221 0.082427 0.070033
v 0.049920 0.100169 0.024113
v 0.049547 0.096066 0.072340
v 0.028880 0.077325 0.070033
v 0.049920 0.100169 0.024113
v 0.028880 0.077325 0.070033
v 0.029691 0.080398 0.023344
v 0.040527 0.111365 0.072340
v 0.012610 0.080461 0.116722
v 0.042502 0.110221 0.120567
v 0.040527 0.111365 0.072340
v 0.012221 0.082427 0.070033
v 0.012610 0.080461 0.116722
v 0.049547 0.096066 0.072340
v 0.050154 0.097242 0.120567
v 0.026654 0.076161 0.116722
v 0.049547 0.096066 0.072340
v 0.026654 0.076161 0.116722
v 0.028880 0.077325 0.070033
v 0.011354 0.080294 -0.116722
v 0.023578 0.057017 -0.075000
v 0.014003 0.086060 -0.070033
v 0.011354 0.080294 -0.116722
v 0.021081 0.055349 -0.125000
v 0.023578 0.057017 -0.075000
v 0.028240 0.075123 -0.116722
v 0.028127 0.081735 -0.070033
v 0.033746 0.067137 -0.075000
v 0.028240 0.075123 -0.116722
v 0.033746 0.067137 -0.075000
v 0.031867 0.066084 -0.125000
v 0.014003 0.086060 -0.070033
v 0.023129 0.056321 -0.025000
v 0.013300 0.088118 -0.023344
v 0.014003 0.086060 -0.070033
v 0.023578 0.057017 -0.075000
v 0.023129 0.056321 -0.025000
v 0.028127 0.081735 -0.070033
v 0.028591 0.083435 -0.023344
v 0.035344 0.068479 -0.025000
v 0.028127 0.081735 -0.070033
v 0.035344 0.068479 -0.025000
v 0.033746 0.067137 -0.075000
v 0.013300 0.088118 -0.023344
v 0.023222 0.052842 0.025000
v 0.011706 0.085906 0.023344
v 0.013300 0.088118 -0.023344
v 0.023129 0.056321 -0.025000
v 0.023222 0.052842 0.025000
v 0.028591 0.083435 -0.023344
v 0.029691 0.080398 0.023344
v 0.035936 0.065496 0.025000
v 0.028591 0.083435 -0.023344
v 0.035936 0.065496 0.025000
v 0.035344 0.068479 -0.025000
v 0.011706 0.085906 0.023344
v 0.024056 0.052239 0.075000
v 0.012221 0.082427 0.070033
v 0.011706 0.085906 0.023344
v 0.023222 0.052842 0.025000
v 0.024056 0.052239 0.075000
v 0.029691 0.080398 0.023344
v 0.028880 0.077325 0.070033
v 0.034694 0.062826 0.075000
v 0.029691 0.080398 0.023344
v 0.034694 0.062826 0.075000
v 0.035936 0.065496 0.025000
v 0.012221 0.082427 0.070033
v 0.021924 0.056720 0.125000
v 0.012610 0.080461 0.116722
v 0.012221 0.082427 0.070033
v 0.024056 0.052239 0.075000
v 0.021924 0.056720 0.125000
v 0.028880 0.077325 0.070033
v 0.026654 0.076161 0.116722
v 0.032184 0.066932 0.125000
v 0.028880 0.077325 0.070033
v 0.032184 0.066932 0.125000
v 0.034694 0.062826 0.075000
v 0.021081 0.055349 -0.125000
v 0.054195 0.047725 -0.074748
v 0.023578 0.057017 -0.075000
v 0.021081 0.055349 -0.125000
v 0.054367 0.045580 -0.124579
v 0.054195 0.047725 -0.074748
v 0.031867 0.066084 -0.125000
v 0.033746 0.067137 -0.075000
v 0.058948 0.062279 -0.074748
v 0.031867 0.066084 -0.125000
v 0.058948 0.062279 -0.074748
v 0.058609 0.058569 -0.124579
v 0.023578 0.057017 -0.075000
v 0.054280 0.045707 -0.024916
v 0.023129 0.056321 -0.025000
v 0.023578 0.057017 -0.075000
v 0.054195 0.047725 -0.074748
v 0.054280 0.045707 -0.024916
v 0.033746 0.067137 -0.075000
v 0.035344 0.068479 -0.025000
v 0.059757 0.062479 -0.024916
v 0.033746 0.067137 -0.075000
v 0.059757 0.062479 -0.024916
v 0.058948 0.062279 -0.074748
v 0.023129 0.056321 -0.025000
v 0.054290 0.043410 0.024916
v 0.023222 0.052842 0.025000
v 0.023129 0.056321 -0.025000
v 0.054280 0.045707 -0.024916
v 0.054290 0.043410 0.024916
v 0.035344 0.068479 -0.025000
v 0.035936 0.065496 0.025000
v 0.059214 0.058488 0.024916
v 0.035344 0.068479 -0.025000
v 0.059214 0.058488 0.024916
v 0.059757 0.062479 -0.024916
v 0.023222 0.052842 0.025000
v 0.053901 0.044364 0.074748
v 0.024056 0.052239 0.075000
v 0.023222 0.052842 0.025000
v 0.054290 0.043410 0.024916
v 0.053901 0.044364 0.074748
v 0.035936 0.065496 0.025000
v 0.034694 0.062826 0.075000
v 0.058133 0.057323 0.074748
v 0.035936 0.065496 0.025000
v 0.058133 0.057323 0.074748
v 0.059214 0.058488 0.024916
v 0.024056 0.052239 0.075000
v 0.052812 0.046786 0.124579
v 0.021924 0.056720 0.125000
v 0.024056 0.052239 0.075000
v 0.053901 0.044364 0.074748
v 0.052812 0.046786 0.124579
v 0.034694 0.062826 0.075000
v 0.032184 0.066932 0.125000
v 0.057637 0.061563 0.124579
v 0.034694 0.062826 0.075000
v 0.057637 0.061563 0.124579
v 0.058133 0.057323 0.074748
v -0.147750 0.005021 -0.123781
v -0.147005 0.006522 -0.074268
v -0.148008 0.024027 -0.074268
v -0.147750 0.005021 -0.123781
v -0.148008 0.024027 -0.074268
v -0.148638 0.020526 -0.123781
v -0.147005 0.006522 -0.074268
v -0.147011 0.005954 -0.024756
v -0.147892 0.021342 -0.024756
v -0.147005 0.006522 -0.074268
v -0.147892 0.021342 -0.024756
v -0.148008 0.024027 -0.074268
v -0.147011 0.005954 -0.024756
v -0.147692 0.003840 0.024756
v -0.148466 0.017352 0.024756
v -0.147011 0.005954 -0.024756
v -0.148466 0.017352 0.024756
v -0.147892 0.021342 -0.024756
v -0.147692 0.003840 0.024756
v -0.148361 0.003294 0.074268
v -0.149263 0.019032 0.074268
v -0.147692 0.003840 0.024756
v -0.149263 0.019032 0.074268
v -0.148466 0.017352 0.024756
v -0.148361 0.003294 0.074268
v -0.148998 0.005614 0.123781
v -0.150000 0.023098 0.123781
v -0.148361 0.003294 0.074268
v -0.150000 0.023098 0.123781
v -0.149263 0.019032 0.074268
v -0.148998 0.005614 0.123781
v -0.092869 0.009280 0.123891
v -0.092431 0.025805 0.123891
v -0.148998 0.005614 0.123781
v -0.092431 0.025805 0.123891
v -0.150000 0.023098 0.123781
v -0.092869 0.009280 0.123891
v -0.039102 0.005405 0.120622
v -0.038736 0.020193 0.120622
v -0.092869 0.009280 0.123891
v -0.038736 0.020193 0.120622
v -0.092431 0.025805 0.123891
v -0.039102 0.005405 0.120622
v 0.022977 0.007891 0.116735
v 0.021605 0.021443 0.116735
v -0.039102 0.005405 0.120622
v 0.021605 0.021443 0.116735
v -0.038736 0.020193 0.120622
v 0.022977 0.007891 0.116735
v 0.086665 0.015779 0.124773
v 0.082005 0.028980 0.124773
v 0.022977 0.007891 0.116735
v 0.082005 0.028980 0.124773
v 0.021605 0.021443 0.116735
v 0.086665 0.015779 0.124773
v 0.128341 0.035463 0.124839
v 0.116771 0.046598 0.124839
v 0.086665 0.015779 0.124773
v 0.116771 0.046598 0.124839
v 0.082005 0.028980 0.124773
v 0.128341 0.035463 0.124839
v 0.150000 0.070424 0.114072
v 0.131485 0.070424 0.114072
v 0.128341 0.035463 0.124839
v 0.131485 0.070424 0.114072
v 0.116771 0.046598 0.124839
v 0.150000 0.070424 0.114072
v 0.127715 0.109612 0.123947
v 0.115377 0.096275 0.123947
v 0.150000 0.070424 0.114072
v 0.115377 0.096275 0.123947
v 0.131485 0.070424 0.114072
v 0.127715 0.109612 0.123947
v 0.089114 0.121108 0.123798
v 0.088495 0.104617 0.123798
v 0.127715 0.109612 0.123947
v 0.088495 0.104617 0.123798
v 0.115377 0.096275 0.123947
v 0.089114 0.121108 0.123798
v 0.042502 0.110221 0.120567
v 0.050154 0.097242 0.120567
v 0.089114 0.121108 0.123798
v 0.050154 0.097242 0.120567
v 0.088495 0.104617 0.123798
v 0.042502 0.110221 0.120567
v 0.012610 0.080461 0.116722
v 0.026654 0.076161 0.116722
v 0.042502 0.110221 0.120567
v 0.026654 0.076161 0.116722
v 0.050154 0.097242 0.120567
v 0.012610 0.080461 0.116722
v 0.021924 0.056720 0.125000
v 0.032184 0.066932 0.125000
v 0.012610 0.080461 0.116722
v 0.032184 0.066932 0.125000
v 0.026654 0.076161 0.116722
v 0.021924 0.056720 0.125000
v 0.052812 0.046786 0.124579
v 0.057637 0.061563 0.124579
v 0.021924 0.056720 0.125000
v 0.057637 0.061563 0.124579
v 0.032184 0.066932 0.125000
v 0.052812 0.046786 0.124579
v 0.053901 0.044364 0.074748
v 0.058133 0.057323 0.074748
v 0.052812 0.046786 0.124579
v 0.058133 0.057323 0.074748
v 0.057637 0.061563 0.124579
v 0.053901 0.044364 0.074748
v 0.054290 0.043410 0.024916
v 0.059214 0.058488 0.024916
v 0.053901 0.044364 0.074748
v 0.059214 0.058488 0.024916
v 0.058133 0.057323 0.074748
v 0.054290 0.043410 0.024916
v 0.054280 0.045707 -0.024916
v 0.059757 0.062479 -0.024916
v 0.054290 0.043410 0.024916
v 0.059757 0.062479 -0.024916
v 0.059214 0.058488 0.024916
v 0.054280 0.045707 -0.024916
v 0.054195 0.047725 -0.074748
v 0.058948 0.062279 -0.074748
v 0.054280 0.045707 -0.024916
v 0.058948 0.062279 -0.074748
v 0.059757 0.062479 -0.024916
v 0.054195 0.047725 -0.074748
v 0.054367 0.045580 -0.124579
v 0.058609 0.058569 -0.124579
v 0.054195 0.047725 -0.074748
v 0.058609 0.058569 -0.124579
v 0.058948 0.062279 -0.074748
v 0.054367 0.045580 -0.124579
v 0.021081 0.055349 -0.125000
v 0.031867 0.066084 -0.125000
v 0.054367 0.045580 -0.124579
v 0.031867 0.066084 -0.125000
v 0.058609 0.058569 -0.124579
v 0.021081 0.055349 -0.125000
v 0.011354 0.080294 -0.116722
v 0.028240 0.075123 -0.116722
v 0.021081 0.055349 -0.125000
v 0.028240 0.075123 -0.116722
v 0.031867 0.066084 -0.125000
v 0.011354 0.080294 -0.116722
v 0.040642 0.110580 -0.120567
v 0.049698 0.095219 -0.120567
v 0.011354 0.080294 -0.116722
v 0.049698 0.095219 -0.120567
v 0.028240 0.075123 -0.116722
v 0.040642 0.110580 -0.120567
v 0.089932 0.121999 -0.123798
v 0.089290 0.104893 -0.123798
v 0.040642 0.110580 -0.120567
v 0.089290 0.104893 -0.123798
v 0.049698 0.095219 -0.120567
v 0.089932 0.121999 -0.123798
v 0.127413 0.109897 -0.123947
v 0.116444 0.098041 -0.123947
v 0.089932 0.121999 -0.123798
v 0.116444 0.098041 -0.123947
v 0.089290 0.104893 -0.123798
v 0.127413 0.109897 -0.123947
v 0.148350 0.073347 -0.114072
v 0.133135 0.073347 -0.114072
v 0.127413 0.109897 -0.123947
v 0.133135 0.073347 -0.114072
v 0.116444 0.098041 -0.123947
v 0.148350 0.073347 -0.114072
v 0.127058 0.037287 -0.124839
v 0.116861 0.047101 -0.124839
v 0.148350 0.073347 -0.114072
v 0.116861 0.047101 -0.124839
v 0.133135 0.073347 -0.114072
v 0.127058 0.037287 -0.124839
v 0.086335 0.016525 -0.124773
v 0.081419 0.030451 -0.124773
v 0.127058 0.037287 -0.124839
v 0.081419 0.030451 -0.124773
v 0.116861 0.047101 -0.124839
v 0.086335 0.016525 -0.124773
v 0.024422 0.007121 -0.116735
v 0.022771 0.023433 -0.116735
v 0.086335 0.016525 -0.124773
v 0.022771 0.023433 -0.116735
v 0.081419 0.030451 -0.124773
v 0.024422 0.007121 -0.116735
v -0.039977 0.003709 -0.120622
v -0.039545 0.021182 -0.120622
v 0.024422 0.007121 -0.116735
v -0.039545 0.021182 -0.120622
v 0.022771 0.023433 -0.116735
v -0.039977 0.003709 -0.120622
v -0.093337 0.007859 -0.123891
v -0.092883 0.024950 -0.123891
v -0.039977 0.003709 -0.120622
v -0.092883 0.024950 -0.123891
v -0.039545 0.021182 -0.120622
v -0.093337 0.007859 -0.123891
v -0.147750 0.005021 -0.123781
v -0.148638 0.020526 -0.123781
v -0.093337 0.007859 -0.123891
v -0.148638 0.020526 -0.123781
v -0.092883 0.024950 -0.123891
vn 0.053699 -0.998123 0.029455
vn 0.053699 -0.998123 0.029455
vn 0.053699 -0.998123 0.029455
vn 0.052128 -0.998156 0.031106
vn 0.052128 -0.998156 0.031106
vn 0.052128 -0.998156 0.031106
vn -0.037333 0.996847 -0.070011
vn -0.037333 0.996847 -0.070011
vn -0.037333 0.996847 -0.070011
vn -0.079122 0.996551 -0.025017
vn -0.079122 0.996551 -0.025017
vn -0.079122 0.996551 -0.025017
vn 0.039229 -0.999165 -0.011457
vn 0.039229 -0.999165 -0.011457
vn 0.039229 -0.999165 -0.011457
vn 0.053632 -0.998217 -0.026192
vn 0.053632 -0.998217 -0.026192
vn 0.053632 -0.998217 -0.026192
vn -0.009216 0.998490 0.054160
vn -0.009216 0.998490 0.054160
vn -0.009216 0.998490 0.054160
vn -0.037103 0.995835 0.083288
vn -0.037103 0.995835 0.083288
vn -0.037103 0.995835 0.083288
vn 0.034392 -0.998519 -0.042156
vn 0.034392 -0.998519 -0.042156
vn 0.034392 -0.998519 -0.042156
vn 0.039172 -0.998128 -0.046959
vn 0.039172 -0.998128 -0.046959
vn 0.039172 -0.998128 -0.046959
vn -0.051021 0.995518 0.079634
vn -0.051021 0.995518 0.079634
vn -0.051021 0.995518 0.079634
vn -0.009231 0.999285 0.036657
vn -0.009231 0.999285 0.036657
vn -0.009231 0.999285 0.036657
vn 0.057485 -0.998294 -0.010246
vn 0.057485 -0.998294 -0.010246
vn 0.057485 -0.998294 -0.010246
vn 0.034396 -0.999321 0.013218
vn 0.034396 -0.999321 0.013218
vn 0.034396 -0.999321 0.013218
vn -0.084107 0.995837 -0.035132
vn -0.084107 0.995837 -0.035132
vn -0.084107 0.995837 -0.035132
vn -0.050996 0.996272 -0.069584
vn -0.050996 0.996272 -0.069584
vn -0.050996 0.996272 -0.069584
vn 0.065018 -0.996751 0.047538
vn 0.065018 -0.996751 0.047538
vn 0.065018 -0.996751 0.047538
vn 0.057312 -0.996776 0.056158
vn 0.057312 -0.996776 0.056158
vn 0.057312 -0.996776 0.056158
vn -0.046660 0.995503 -0.082446
vn -0.046660 0.995503 -0.082446
vn -0.046660 0.995503 -0.082446
vn -0.084087 0.995671 -0.039604
vn -0.084087 0.995671 -0.039604
vn -0.084087 0.995671 -0.039604
vn -0.081641 -0.996368 0.024185
vn -0.081641 -0.996368 0.024185
vn -0.081641 -0.996368 0.024185
vn -0.078798 -0.996669 0.021029
vn -0.078798 -0.996669 0.021029
vn -0.078798 -0.996669 0.021029
vn 0.109892 0.993827 -0.015216
vn 0.109892 0.993827 -0.015216
vn 0.109892 0.993827 -0.015216
vn 0.068554 0.997176 0.030677
vn 0.068554 0.997176 0.030677
vn 0.068554 0.997176 0.030677
vn -0.100235 -0.994572 -0.027927
vn -0.100235 -0.994572 -0.027927
vn -0.100235 -0.994572 -0.027927
vn -0.079024 -0.995471 -0.052838
vn -0.079024 -0.995471 -0.052838
vn -0.079024 -0.995471 -0.052838
vn 0.104001 0.990958 0.084773
vn 0.104001 0.990958 0.084773
vn 0.104001 0.990958 0.084773
vn 0.106359 0.990939 0.082020
vn 0.106359 0.990939 0.082020
vn 0.106359 0.990939 0.082020
vn -0.093303 -0.994443 -0.048765
vn -0.093303 -0.994443 -0.048765
vn -0.093303 -0.994443 -0.048765
vn -0.100053 -0.994155 -0.040567
vn -0.100053 -0.994155 -0.040567
vn -0.100053 -0.994155 -0.040567
vn 0.064611 0.997200 0.037664
vn 0.064611 0.997200 0.037664
vn 0.064611 0.997200 0.037664
vn 0.105429 0.994355 -0.011982
vn 0.105429 0.994355 -0.011982
vn 0.105429 0.994355 -0.011982
vn -0.063474 -0.997901 0.012799
vn -0.063474 -0.997901 0.012799
vn -0.063474 -0.997901 0.012799
vn -0.092235 -0.994507 0.049489
vn -0.092235 -0.994507 0.049489
vn -0.092235 -0.994507 0.049489
vn 0.058554 0.995878 -0.069274
vn 0.058554 0.995878 -0.069274
vn 0.058554 0.995878 -0.069274
vn 0.063246 0.995159 -0.075229
vn 0.063246 0.995159 -0.075229
vn 0.063246 0.995159 -0.075229
vn -0.067644 -0.995421 0.067539
vn -0.067644 -0.995421 0.067539
vn -0.067644 -0.995421 0.067539
vn -0.061833 -0.996269 0.060205
vn -0.061833 -0.996269 0.060205
vn -0.061833 -0.996269 0.060205
vn 0.100399 0.993350 -0.056352
vn 0.100399 0.993350 -0.056352
vn 0.100399 0.993350 -0.056352
vn 0.060739 0.998135 -0.006128
vn 0.060739 0.998135 -0.006128
vn 0.060739 0.998135 -0.006128
vn 0.033591 -0.999351 0.012985
vn 0.033591 -0.999351 0.012985
vn 0.033591 -0.999351 0.012985
vn 0.053632 -0.998486 -0.012255
vn 0.053632 -0.998486 -0.012255
vn 0.053632 -0.998486 -0.012255
vn -0.012972 0.999249 0.036512
vn -0.012972 0.999249 0.036512
vn -0.012972 0.999249 0.036512
vn -0.040360 0.996737 0.069908
vn -0.040360 0.996737 0.069908
vn -0.040360 0.996737 0.069908
vn 0.018856 -0.998493 -0.051541
vn 0.018856 -0.998493 -0.051541
vn 0.018856 -0.998493 -0.051541
vn 0.036854 -0.996613 -0.073515
vn 0.036854 -0.996613 -0.073515
vn 0.036854 -0.996613 -0.073515
vn -0.038581 0.996034 0.080175
vn -0.038581 0.996034 0.080175
vn -0.038581 0.996034 0.080175
vn -0.013525 0.998630 0.050551
vn -0.013525 0.998630 0.050551
vn -0.013525 0.998630 0.050551
vn 0.043402 -0.998251 -0.040147
vn 0.043402 -0.998251 -0.040147
vn 0.043402 -0.998251 -0.040147
vn 0.018318 -0.999803 -0.007676
vn 0.018318 -0.999803 -0.007676
vn 0.018318 -0.999803 -0.007676
vn -0.065521 0.997773 -0.012499
vn -0.065521 0.997773 -0.012499
vn -0.065521 0.997773 -0.012499
vn -0.036966 0.998153 -0.048213
vn -0.036966 0.998153 -0.048213
vn -0.036966 0.998153 -0.048213
vn 0.070299 -0.996382 0.047761
vn 0.070299 -0.996382 0.047761
vn 0.070299 -0.996382 0.047761
vn 0.044830 -0.995606 0.082208
vn 0.044830 -0.995606 0.082208
vn 0.044830 -0.995606 0.082208
vn -0.051855 0.995915 -0.073924
vn -0.051855 0.995915 -0.073924
vn -0.051855 0.995915 -0.073924
vn -0.065985 0.996280 -0.055428
vn -0.065985 0.996280 -0.055428
vn -0.065985 0.996280 -0.055428
vn 0.044013 -0.996906 0.065121
vn 0.044013 -0.996906 0.065121
vn 0.044013 -0.996906 0.065121
vn 0.069697 -0.997102 0.030491
vn 0.069697 -0.997102 0.030491
vn 0.069697 -0.997102 0.030491
vn -0.021353 0.999722 -0.010034
vn -0.021353 0.999722 -0.010034
vn -0.021353 0.999722 -0.010034
vn -0.048117 0.998528 0.025036
vn -0.048117 0.998528 0.025036
vn -0.048117 0.998528 0.025036
vn 0.107030 -0.994192 -0.011265
vn 0.107030 -0.994192 -0.011265
vn 0.107030 -0.994192 -0.011265
vn 0.142179 -0.987976 -0.060740
vn 0.142179 -0.987976 -0.060740
vn 0.142179 -0.987976 -0.060740
vn -0.098320 0.992763 0.068952
vn -0.098320 0.992763 0.068952
vn -0.098320 0.992763 0.068952
vn -0.107457 0.990900 0.081056
vn -0.107457 0.990900 0.081056
vn -0.107457 0.990900 0.081056
vn 0.110947 -0.991146 -0.072937
vn 0.110947 -0.991146 -0.072937
vn 0.110947 -0.991146 -0.072937
vn 0.102717 -0.992782 -0.061912
vn 0.102717 -0.992782 -0.061912
vn 0.102717 -0.992782 -0.061912
vn -0.137148 0.989313 0.049498
vn -0.137148 0.989313 0.049498
vn -0.137148 0.989313 0.049498
vn -0.103824 0.994565 0.007800
vn -0.103824 0.994565 0.007800
vn -0.103824 0.994565 0.007800
vn 0.153775 -0.988059 -0.009578
vn 0.153775 -0.988059 -0.009578
vn 0.153775 -0.988059 -0.009578
vn 0.114176 -0.992613 0.041018
vn 0.114176 -0.992613 0.041018
vn 0.114176 -0.992613 0.041018
vn -0.146768 0.988066 -0.046733
vn -0.146768 0.988066 -0.046733
vn -0.146768 0.988066 -0.046733
vn -0.140056 0.988632 -0.054693
vn -0.140056 0.988632 -0.054693
vn -0.140056 0.988632 -0.054693
vn 0.151512 -0.985233 0.079745
vn 0.151512 -0.985233 0.079745
vn 0.151512 -0.985233 0.079745
vn 0.150930 -0.985267 0.080429
vn 0.150930 -0.985267 0.080429
vn 0.150930 -0.985267 0.080429
vn -0.121509 0.991112 -0.054154
vn -0.121509 0.991112 -0.054154
vn -0.121509 0.991112 -0.054154
vn -0.147491 0.988745 -0.025113
vn -0.147491 0.988745 -0.025113
vn -0.147491 0.988745 -0.025113
vn 0.118816 -0.992389 0.032364
vn 0.118816 -0.992389 0.032364
vn 0.118816 -0.992389 0.032364
vn 0.159498 -0.987092 -0.014447
vn 0.159498 -0.987092 -0.014447
vn 0.159498 -0.987092 -0.014447
vn -0.126687 0.991697 0.022081
vn -0.126687 0.991697 0.022081
vn -0.126687 0.991697 0.022081
vn -0.128284 0.991451 0.023823
vn -0.128284 0.991451 0.023823
vn -0.128284 0.991451 0.023823
vn 0.428687 -0.902901 -0.031588
vn 0.428687 -0.902901 -0.031588
vn 0.428687 -0.902901 -0.031588
vn 0.453357 -0.889422 -0.058270
vn 0.453357 -0.889422 -0.058270
vn 0.453357 -0.889422 -0.058270
vn -0.447927 0.892833 0.047006
vn -0.447927 0.892833 0.047006
vn -0.447927 0.892833 0.047006
vn -0.425025 0.904805 0.026127
vn -0.425025 0.904805 0.026127
vn -0.425025 0.904805 0.026127
vn 0.459062 -0.886198 -0.062567
vn 0.459062 -0.886198 -0.062567
vn 0.459062 -0.886198 -0.062567
vn 0.428767 -0.903058 -0.025417
vn 0.428767 -0.903058 -0.025417
vn 0.428767 -0.903058 -0.025417
vn -0.475257 0.879816 0.007401
vn -0.475257 0.879816 0.007401
vn -0.475257 0.879816 0.007401
vn -0.448383 0.893610 -0.020330
vn -0.448383 0.893610 -0.020330
vn -0.448383 0.893610 -0.020330
vn 0.494752 -0.868544 0.029169
vn 0.494752 -0.868544 0.029169
vn 0.494752 -0.868544 0.029169
vn 0.458757 -0.885536 0.073263
vn 0.458757 -0.885536 0.073263
vn 0.458757 -0.885536 0.073263
vn -0.469203 0.881963 -0.044604
vn -0.469203 0.881963 -0.044604
vn -0.469203 0.881963 -0.044604
vn -0.474929 0.879181 -0.038508
vn -0.474929 0.879181 -0.038508
vn -0.474929 0.879181 -0.038508
vn 0.470780 -0.879209 0.073198
vn 0.470780 -0.879209 0.073198
vn 0.470780 -0.879209 0.073198
vn 0.494453 -0.868027 0.045227
vn 0.494453 -0.868027 0.045227
vn 0.494453 -0.868027 0.045227
vn -0.453165 0.891246 -0.017959
vn -0.453165 0.891246 -0.017959
vn -0.453165 0.891246 -0.017959
vn -0.469681 0.882836 -0.000658
vn -0.469681 0.882836 -0.000658
vn -0.469681 0.882836 -0.000658
vn 0.426937 -0.903835 -0.028406
vn 0.426937 -0.903835 -0.028406
vn 0.426937 -0.903835 -0.028406
vn 0.470747 -0.878904 -0.076976
vn 0.470747 -0.878904 -0.076976
vn 0.470747 -0.878904 -0.076976
vn -0.451707 0.891231 0.040856
vn -0.451707 0.891231 0.040856
vn -0.451707 0.891231 0.040856
vn -0.452886 0.890580 0.041963
vn -0.452886 0.890580 0.041963
vn -0.452886 0.890580 0.041963
vn 0.874648 -0.480028 -0.067553
vn 0.874648 -0.480028 -0.067553
vn 0.874648 -0.480028 -0.067553
vn 0.866919 -0.495378 -0.055248
vn 0.866919 -0.495378 -0.055248
vn 0.866919 -0.495378 -0.055248
vn -0.886242 0.461849 0.035643
vn -0.886242 0.461849 0.035643
vn -0.886242 0.461849 0.035643
vn -0.849556 0.527495 -0.001733
vn -0.849556 0.527495 -0.001733
vn -0.849556 0.527495 -0.001733
vn 0.896722 -0.441424 -0.032170
vn 0.896722 -0.441424 -0.032170
vn 0.896722 -0.441424 -0.032170
vn 0.870238 -0.492426 0.014247
vn 0.870238 -0.492426 0.014247
vn 0.870238 -0.492426 0.014247
vn -0.882631 0.469829 -0.014927
vn -0.882631 0.469829 -0.014927
vn -0.882631 0.469829 -0.014927
vn -0.880974 0.472865 -0.016856
vn -0.880974 0.472865 -0.016856
vn -0.880974 0.472865 -0.016856
vn 0.901739 -0.430259 0.041763
vn 0.901739 -0.430259 0.041763
vn 0.901739 -0.430259 0.041763
vn 0.893693 -0.445027 0.057132
vn 0.893693 -0.445027 0.057132
vn 0.893693 -0.445027 0.057132
vn -0.873648 0.486435 -0.010946
vn -0.873648 0.486435 -0.010946
vn -0.873648 0.486435 -0.010946
vn -0.883344 0.468720 0.002360
vn -0.883344 0.468720 0.002360
vn -0.883344 0.468720 0.002360
vn 0.876885 -0.479092 0.039289
vn 0.876885 -0.479092 0.039289
vn 0.876885 -0.479092 0.039289
vn 0.901344 -0.433024 -0.008362
vn 0.901344 -0.433024 -0.008362
vn 0.901344 -0.433024 -0.008362
vn -0.870376 0.492354 0.005745
vn -0.870376 0.492354 0.005745
vn -0.870376 0.492354 0.005745
vn -0.872932 0.487757 0.009133
vn -0.872932 0.487757 0.009133
vn -0.872932 0.487757 0.009133
vn 0.845327 -0.533332 -0.031286
vn 0.845327 -0.533332 -0.031286
vn 0.845327 -0.533332 -0.031286
vn 0.866240 -0.494450 -0.071748
vn 0.866240 -0.494450 -0.071748
vn 0.866240 -0.494450 -0.071748
vn -0.852414 0.522807 -0.007964
vn -0.852414 0.522807 -0.007964
vn -0.852414 0.522807 -0.007964
vn -0.869577 0.493647 0.012204
vn -0.869577 0.493647 0.012204
vn -0.869577 0.493647 0.012204
vn 0.878499 0.477715 -0.005297
vn 0.878499 0.477715 -0.005297
vn 0.878499 0.477715 -0.005297
vn 0.870054 0.492467 -0.021948
vn 0.870054 0.492467 -0.021948
vn 0.870054 0.492467 -0.021948
vn -0.849565 -0.524486 -0.056161
vn -0.849565 -0.524486 -0.056161
vn -0.849565 -0.524486 -0.056161
vn -0.823781 -0.566400 -0.023980
vn -0.823781 -0.566400 -0.023980
vn -0.823781 -0.566400 -0.023980
vn 0.873153 0.487140 -0.017301
vn 0.873153 0.487140 -0.017301
vn 0.873153 0.487140 -0.017301
vn 0.878570 0.477570 -0.006436
vn 0.878570 0.477570 -0.006436
vn 0.878570 0.477570 -0.006436
vn -0.889673 -0.456411 0.013051
vn -0.889673 -0.456411 0.013051
vn -0.889673 -0.456411 0.013051
vn -0.861809 -0.504723 0.050398
vn -0.861809 -0.504723 0.050398
vn -0.861809 -0.504723 0.050398
vn 0.880287 0.474438 0.001915
vn 0.880287 0.474438 0.001915
vn 0.880287 0.474438 0.001915
vn 0.873092 0.487419 -0.011500
vn 0.873092 0.487419 -0.011500
vn 0.873092 0.487419 -0.011500
vn -0.880876 -0.469760 0.058166
vn -0.880876 -0.469760 0.058166
vn -0.880876 -0.469760 0.058166
vn -0.889861 -0.453828 0.046777
vn -0.889861 -0.453828 0.046777
vn -0.889861 -0.453828 0.046777
vn 0.891031 0.453864 0.008486
vn 0.891031 0.453864 0.008486
vn 0.891031 0.453864 0.008486
vn 0.879988 0.474905 -0.009248
vn 0.879988 0.474905 -0.009248
vn 0.879988 0.474905 -0.009248
vn -0.860956 -0.508586 -0.009792
vn -0.860956 -0.508586 -0.009792
vn -0.860956 -0.508586 -0.009792
vn -0.884899 -0.464468 -0.034983
vn -0.884899 -0.464468 -0.034983
vn -0.884899 -0.464468 -0.034983
vn 0.870513 0.491999 0.012032
vn 0.870513 0.491999 0.012032
vn 0.870513 0.491999 0.012032
vn 0.892736 0.447981 0.048328
vn 0.892736 0.447981 0.048328
vn 0.892736 0.447981 0.048328
vn -0.858676 -0.507352 -0.072587
vn -0.858676 -0.507352 -0.072587
vn -0.858676 -0.507352 -0.072587
vn -0.866095 -0.493358 -0.080488
vn -0.866095 -0.493358 -0.080488
vn -0.866095 -0.493358 -0.080488
vn 0.309504 0.950494 0.027710
vn 0.309504 0.950494 0.027710
vn 0.309504 0.950494 0.027710
vn 0.307261 0.951279 0.025660
vn 0.307261 0.951279 0.025660
vn 0.307261 0.951279 0.025660
vn -0.322014 -0.944544 -0.064369
vn -0.322014 -0.944544 -0.064369
vn -0.322014 -0.944544 -0.064369
vn -0.244708 -0.969513 -0.012736
vn -0.244708 -0.969513 -0.012736
vn -0.244708 -0.969513 -0.012736
vn 0.323454 0.945936 -0.024143
vn 0.323454 0.945936 -0.024143
vn 0.323454 0.945936 -0.024143
vn 0.309281 0.950219 -0.037814
vn 0.309281 0.950219 -0.037814
vn 0.309281 0.950219 -0.037814
vn -0.358328 -0.931315 0.065212
vn -0.358328 -0.931315 0.065212
vn -0.358328 -0.931315 0.065212
vn -0.320914 -0.942605 0.092250
vn -0.320914 -0.942605 0.092250
vn -0.320914 -0.942605 0.092250
vn 0.329134 0.943985 -0.023742
vn 0.329134 0.943985 -0.023742
vn 0.329134 0.943985 -0.023742
vn 0.323408 0.945809 -0.029211
vn 0.323408 0.945809 -0.029211
vn 0.323408 0.945809 -0.029211
vn -0.303181 -0.951116 0.058816
vn -0.303181 -0.951116 0.058816
vn -0.303181 -0.951116 0.058816
vn -0.359073 -0.933136 0.017982
vn -0.359073 -0.933136 0.017982
vn -0.359073 -0.933136 0.017982
vn 0.312852 0.949712 0.013039
vn 0.312852 0.949712 0.013039
vn 0.312852 0.949712 0.013039
vn 0.329060 0.943878 0.028532
vn 0.329060 0.943878 0.028532
vn 0.329060 0.943878 0.028532
vn -0.266031 -0.962320 -0.056284
vn -0.266031 -0.962320 -0.056284
vn -0.266031 -0.962320 -0.056284
vn -0.302549 -0.949535 -0.082742
vn -0.302549 -0.949535 -0.082742
vn -0.302549 -0.949535 -0.082742
vn 0.285392 0.958363 0.009611
vn 0.285392 0.958363 0.009611
vn 0.285392 0.958363 0.009611
vn 0.312650 0.949236 0.034665
vn 0.312650 0.949236 0.034665
vn 0.312650 0.949236 0.034665
vn -0.295900 -0.954272 -0.042519
vn -0.295900 -0.954272 -0.042519
vn -0.295900 -0.954272 -0.042519
vn -0.266469 -0.963576 -0.022700
vn -0.266469 -0.963576 -0.022700
vn -0.266469 -0.963576 -0.022700
vn -0.232849 0.972398 -0.014965
vn -0.232849 0.972398 -0.014965
vn -0.232849 0.972398 -0.014965
vn -0.226215 0.974041 -0.008423
vn -0.226215 0.974041 -0.008423
vn -0.226215 0.974041 -0.008423
vn 0.194089 -0.980775 0.020240
vn 0.194089 -0.980775 0.020240
vn 0.194089 -0.980775 0.020240
vn 0.241445 -0.968658 0.058353
vn 0.241445 -0.968658 0.058353
vn 0.241445 -0.968658 0.058353
vn -0.213687 0.976409 -0.031039
vn -0.213687 0.976409 -0.031039
vn -0.213687 0.976409 -0.031039
vn -0.234020 0.970965 -0.049605
vn -0.234020 0.970965 -0.049605
vn -0.234020 0.970965 -0.049605
vn 0.208122 -0.974292 0.086254
vn 0.208122 -0.974292 0.086254
vn 0.208122 -0.974292 0.086254
vn 0.196526 -0.977413 0.077732
vn 0.196526 -0.977413 0.077732
vn 0.196526 -0.977413 0.077732
vn -0.225167 0.973980 -0.025757
vn -0.225167 0.973980 -0.025757
vn -0.225167 0.973980 -0.025757
vn -0.213537 0.976829 -0.014417
vn -0.213537 0.976829 -0.014417
vn -0.213537 0.976829 -0.014417
vn 0.271051 -0.962465 0.013862
vn 0.271051 -0.962465 0.013862
vn 0.271051 -0.962465 0.013862
vn 0.206680 -0.977702 -0.037186
vn 0.206680 -0.977702 -0.037186
vn 0.206680 -0.977702 -0.037186
vn -0.255880 0.966377 0.025306
vn -0.255880 0.966377 0.025306
vn -0.255880 0.966377 0.025306
vn -0.225983 0.972494 0.056457
vn -0.225983 0.972494 0.056457
vn -0.225983 0.972494 0.056457
vn 0.272891 -0.958836 -0.078516
vn 0.272891 -0.958836 -0.078516
vn 0.272891 -0.958836 -0.078516
vn 0.271735 -0.959083 -0.079496
vn 0.271735 -0.959083 -0.079496
vn 0.271735 -0.959083 -0.079496
vn -0.230934 0.971172 0.059115
vn -0.230934 0.971172 0.059115
vn -0.230934 0.971172 0.059115
vn -0.256136 0.966063 0.033416
vn -0.256136 0.966063 0.033416
vn -0.256136 0.966063 0.033416
vn 0.192237 -0.980395 -0.043253
vn 0.192237 -0.980395 -0.043253
vn 0.192237 -0.980395 -0.043253
vn 0.268856 -0.962971 0.020085
vn 0.268856 -0.962971 0.020085
vn 0.268856 -0.962971 0.020085
vn -0.670987 0.741444 0.006053
vn -0.670987 0.741444 0.006053
vn -0.670987 0.741444 0.006053
vn -0.720958 0.691548 -0.044498
vn -0.720958 0.691548 -0.044498
vn -0.720958 0.691548 -0.044498
vn 0.608556 -0.792031 0.048433
vn 0.608556 -0.792031 0.048433
vn 0.608556 -0.792031 0.048433
vn 0.689685 -0.716723 0.103158
vn 0.689685 -0.716723 0.103158
vn 0.689685 -0.716723 0.103158
vn -0.661712 0.749097 -0.031464
vn -0.661712 0.749097 -0.031464
vn -0.661712 0.749097 -0.031464
vn -0.672604 0.738770 -0.042692
vn -0.672604 0.738770 -0.042692
vn -0.672604 0.738770 -0.042692
vn 0.661123 -0.747894 0.059759
vn 0.661123 -0.747894 0.059759
vn 0.661123 -0.747894 0.059759
vn 0.607376 -0.794085 0.022870
vn 0.607376 -0.794085 0.022870
vn 0.607376 -0.794085 0.022870
vn -0.690320 0.723178 -0.021695
vn -0.690320 0.723178 -0.021695
vn -0.690320 0.723178 -0.021695
vn -0.661327 0.749986 0.012952
vn -0.661327 0.749986 0.012952
vn -0.661327 0.749986 0.012952
vn 0.699237 -0.714220 -0.030942
vn 0.699237 -0.714220 -0.030942
vn 0.699237 -0.714220 -0.030942
vn 0.658379 -0.749937 -0.064279
vn 0.658379 -0.749937 -0.064279
vn 0.658379 -0.749937 -0.064279
vn -0.715724 0.697781 0.028992
vn -0.715724 0.697781 0.028992
vn -0.715724 0.697781 0.028992
vn -0.690302 0.720918 0.061327
vn -0.690302 0.720918 0.061327
vn -0.690302 0.720918 0.061327
vn 0.674156 -0.736352 -0.057439
vn 0.674156 -0.736352 -0.057439
vn 0.674156 -0.736352 -0.057439
vn 0.699223 -0.714053 -0.034861
vn 0.699223 -0.714053 -0.034861
vn 0.699223 -0.714053 -0.034861
vn -0.707745 0.704988 0.045713
vn -0.707745 0.704988 0.045713
vn -0.707745 0.704988 0.045713
vn -0.715830 0.697380 0.035329
vn -0.715830 0.697380 0.035329
vn -0.715830 0.697380 0.035329
vn 0.666834 -0.745143 0.009767
vn 0.666834 -0.745143 0.009767
vn 0.666834 -0.745143 0.009767
vn 0.670866 -0.741456 0.013501
vn 0.670866 -0.741456 0.013501
vn 0.670866 -0.741456 0.013501
vn -0.940682 -0.326111 0.093646
vn -0.940682 -0.326111 0.093646
vn -0.940682 -0.326111 0.093646
vn -0.923319 -0.379511 0.058766
vn -0.923319 -0.379511 0.058766
vn -0.923319 -0.379511 0.058766
vn 0.926161 0.373705 -0.050688
vn 0.926161 0.373705 -0.050688
vn 0.926161 0.373705 -0.050688
vn 0.913034 0.405627 -0.042845
vn 0.913034 0.405627 -0.042845
vn 0.913034 0.405627 -0.042845
vn -0.955411 -0.295276 -0.001391
vn -0.955411 -0.295276 -0.001391
vn -0.955411 -0.295276 -0.001391
vn -0.950300 -0.311069 -0.012856
vn -0.950300 -0.311069 -0.012856
vn -0.950300 -0.311069 -0.012856
vn 0.910133 0.413615 -0.024104
vn 0.910133 0.413615 -0.024104
vn 0.910133 0.413615 -0.024104
vn 0.927939 0.370622 -0.039614
vn 0.927939 0.370622 -0.039614
vn 0.927939 0.370622 -0.039614
vn -0.942521 -0.330703 -0.047848
vn -0.942521 -0.330703 -0.047848
vn -0.942521 -0.330703 -0.047848
vn -0.955499 -0.294402 -0.018696
vn -0.955499 -0.294402 -0.018696
vn -0.955499 -0.294402 -0.018696
vn 0.922125 0.386876 0.003452
vn 0.922125 0.386876 0.003452
vn 0.922125 0.386876 0.003452
vn 0.911883 0.410223 0.013671
vn 0.911883 0.410223 0.013671
vn 0.911883 0.410223 0.013671
vn -0.929908 -0.367394 -0.017114
vn -0.929908 -0.367394 -0.017114
vn -0.929908 -0.367394 -0.017114
vn -0.944467 -0.328395 0.011785
vn -0.944467 -0.328395 0.011785
vn -0.944467 -0.328395 0.011785
vn 0.922420 0.383976 0.041276
vn 0.922420 0.383976 0.041276
vn 0.922420 0.383976 0.041276
vn 0.919646 0.390309 0.043698
vn 0.919646 0.390309 0.043698
vn 0.919646 0.390309 0.043698
vn -0.929982 -0.367525 -0.007722
vn -0.929982 -0.367525 -0.007722
vn -0.929982 -0.367525 -0.007722
vn -0.930596 -0.365982 -0.006892
vn -0.930596 -0.365982 -0.006892
vn -0.930596 -0.365982 -0.006892
vn 0.834682 0.548129 0.053483
vn 0.834682 0.548129 0.053483
vn 0.834682 0.548129 0.053483
vn 0.926209 0.376688 0.015564
vn 0.926209 0.376688 0.015564
vn 0.926209 0.376688 0.015564
vn -0.290438 -0.955769 0.046382
vn -0.290438 -0.955769 0.046382
vn -0.290438 -0.955769 0.046382
vn -0.281850 -0.958612 0.040292
vn -0.281850 -0.958612 0.040292
vn -0.281850 -0.958612 0.040292
vn 0.189475 0.981492 -0.027779
vn 0.189475 0.981492 -0.027779
vn 0.189475 0.981492 -0.027779
vn 0.270889 0.959816 -0.073294
vn 0.270889 0.959816 -0.073294
vn 0.270889 0.959816 -0.073294
vn -0.322454 -0.946449 -0.016061
vn -0.322454 -0.946449 -0.016061
vn -0.322454 -0.946449 -0.016061
vn -0.289899 -0.956293 -0.038240
vn -0.289899 -0.956293 -0.038240
vn -0.289899 -0.956293 -0.038240
vn 0.238634 0.970526 -0.033677
vn 0.238634 0.970526 -0.033677
vn 0.238634 0.970526 -0.033677
vn 0.189343 0.981886 -0.007022
vn 0.189343 0.981886 -0.007022
vn 0.189343 0.981886 -0.007022
vn -0.290059 -0.954739 -0.065882
vn -0.290059 -0.954739 -0.065882
vn -0.290059 -0.954739 -0.065882
vn -0.322123 -0.945697 -0.043526
vn -0.322123 -0.945697 -0.043526
vn -0.322123 -0.945697 -0.043526
vn 0.288058 0.956110 0.053619
vn 0.288058 0.956110 0.053619
vn 0.288058 0.956110 0.053619
vn 0.237632 0.968045 0.080122
vn 0.237632 0.968045 0.080122
vn 0.237632 0.968045 0.080122
vn -0.255180 -0.966865 -0.007413
vn -0.255180 -0.966865 -0.007413
vn -0.255180 -0.966865 -0.007413
vn -0.290449 -0.956756 0.016060
vn -0.290449 -0.956756 0.016060
vn -0.290449 -0.956756 0.016060
vn 0.228797 0.971770 0.057577
vn 0.228797 0.971770 0.057577
vn 0.228797 0.971770 0.057577
vn 0.288272 0.957120 0.028634
vn 0.288272 0.957120 0.028634
vn 0.288272 0.957120 0.028634
vn -0.304463 -0.949789 0.072130
vn -0.304463 -0.949789 0.072130
vn -0.304463 -0.949789 0.072130
vn -0.254582 -0.966165 0.041399
vn -0.254582 -0.966165 0.041399
vn -0.254582 -0.966165 0.041399
vn 0.204770 0.976312 -0.069881
vn 0.204770 0.976312 -0.069881
vn 0.204770 0.976312 -0.069881
vn 0.227030 0.970569 -0.080328
vn 0.227030 0.970569 -0.080328
vn 0.227030 0.970569 -0.080328
vn -0.998223 -0.057186 0.016743
vn -0.998223 -0.057186 0.016743
vn -0.998223 -0.057186 0.016743
vn -0.998223 -0.057186 0.016743
vn -0.998223 -0.057186 0.016743
vn -0.998223 -0.057186 0.016743
vn -0.998363 -0.057194 -0.000762
vn -0.998363 -0.057194 -0.000762
vn -0.998363 -0.057194 -0.000762
vn -0.998363 -0.057194 -0.000762
vn -0.998363 -0.057194 -0.000762
vn -0.998363 -0.057194 -0.000762
vn -0.998233 -0.057187 -0.016172
vn -0.998233 -0.057187 -0.016172
vn -0.998233 -0.057187 -0.016172
vn -0.998233 -0.057187 -0.016172
vn -0.998233 -0.057187 -0.016172
vn -0.998233 -0.057187 -0.016172
vn -0.998263 -0.057188 -0.014130
vn -0.998263 -0.057188 -0.014130
vn -0.998263 -0.057188 -0.014130
vn -0.998263 -0.057188 -0.014130
vn -0.998263 -0.057188 -0.014130
vn -0.998263 -0.057188 -0.014130
vn -0.998311 -0.057191 -0.010167
vn -0.998311 -0.057191 -0.010167
vn -0.998311 -0.057191 -0.010167
vn -0.998311 -0.057191 -0.010167
vn -0.998311 -0.057191 -0.010167
vn -0.998311 -0.057191 -0.010167
vn -0.001967 0.000052 0.999998
vn -0.001967 0.000052 0.999998
vn -0.001967 0.000052 0.999998
vn -0.001909 -0.000109 0.999998
vn -0.001909 -0.000109 0.999998
vn -0.001909 -0.000109 0.999998
vn 0.060575 -0.001498 0.998163
vn 0.060575 -0.001498 0.998163
vn 0.060575 -0.001498 0.998163
vn 0.060597 -0.001609 0.998161
vn 0.060597 -0.001609 0.998161
vn 0.060597 -0.001609 0.998161
vn 0.062239 0.006302 0.998041
vn 0.062239 0.006302 0.998041
vn 0.062239 0.006302 0.998041
vn 0.064317 -0.001591 0.997928
vn 0.064317 -0.001591 0.997928
vn 0.064317 -0.001591 0.997928
vn -0.119946 -0.042343 0.991877
vn -0.119946 -0.042343 0.991877
vn -0.119946 -0.042343 0.991877
vn -0.130294 -0.013193 0.991388
vn -0.130294 -0.013193 0.991388
vn -0.130294 -0.013193 0.991388
vn -0.001063 -0.001105 0.999999
vn -0.001063 -0.001105 0.999999
vn -0.001063 -0.001105 0.999999
vn -0.001612 -0.000569 0.999999
vn -0.001612 -0.000569 0.999999
vn -0.001612 -0.000569 0.999999
vn 0.000000 0.294334 0.955703
vn 0.000000 0.294334 0.955703
vn 0.000000 0.294334 0.955703
vn 0.253863 0.263761 0.930582
vn 0.253863 0.263761 0.930582
vn 0.253863 0.263761 0.930582
vn 0.164404 -0.152107 0.974595
vn 0.164404 -0.152107 0.974595
vn 0.164404 -0.152107 0.974595
vn 0.000000 -0.356856 0.934160
vn 0.000000 -0.356856 0.934160
vn 0.000000 -0.356856 0.934160
vn -0.003827 0.000144 0.999993
vn -0.003827 0.000144 0.999993
vn -0.003827 0.000144 0.999993
vn -0.004317 0.003994 0.999983
vn -0.004317 0.003994 0.999983
vn -0.004317 0.003994 0.999983
vn -0.060765 -0.035826 0.997509
vn -0.060765 -0.035826 0.997509
vn -0.060765 -0.035826 0.997509
vn -0.084565 0.003174 0.996413
vn -0.084565 0.003174 0.996413
vn -0.084565 0.003174 0.996413
vn -0.030100 -0.098287 0.994703
vn -0.030100 -0.098287 0.994703
vn -0.030100 -0.098287 0.994703
vn -0.106201 -0.062615 0.992371
vn -0.106201 -0.062615 0.992371
vn -0.106201 -0.062615 0.992371
vn -0.235279 0.236395 0.942741
vn -0.235279 0.236395 0.942741
vn -0.235279 0.236395 0.942741
vn 0.220868 0.721224 0.656547
vn 0.220868 0.721224 0.656547
vn 0.220868 0.721224 0.656547
vn 0.012329 -0.004026 0.999916
vn 0.012329 -0.004026 0.999916
vn 0.012329 -0.004026 0.999916
vn 0.013640 -0.013705 0.999813
vn 0.013640 -0.013705 0.999813
vn 0.013640 -0.013705 0.999813
vn 0.949992 -0.310211 0.035850
vn 0.949992 -0.310211 0.035850
vn 0.949992 -0.310211 0.035850
vn 0.949992 -0.310211 0.035850
vn 0.949992 -0.310211 0.035850
vn 0.949992 -0.310211 0.035850
vn 0.950518 -0.310383 0.013361
vn 0.950518 -0.310383 0.013361
vn 0.950518 -0.310383 0.013361
vn 0.950518 -0.310383 0.013361
vn 0.950518 -0.310383 0.013361
vn 0.950518 -0.310383 0.013361
vn 0.950503 -0.310378 -0.014498
vn 0.950503 -0.310378 -0.014498
vn 0.950503 -0.310378 -0.014498
vn 0.950503 -0.310378 -0.014498
vn 0.950503 -0.310378 -0.014498
vn 0.950503 -0.310378 -0.014498
vn 0.950507 -0.310379 -0.014184
vn 0.950507 -0.310379 -0.014184
vn 0.950507 -0.310379 -0.014184
vn 0.950507 -0.310379 -0.014184
vn 0.950507 -0.310379 -0.014184
vn 0.950507 -0.310379 -0.014184
vn 0.950471 -0.310367 0.016641
vn 0.950471 -0.310367 0.016641
vn 0.950471 -0.310367 0.016641
vn 0.950471 -0.310367 0.016641
vn 0.950471 -0.310367 0.016641
vn 0.950471 -0.310367 0.016641
vn 0.009763 -0.009809 -0.999904
vn 0.009763 -0.009809 -0.999904
vn 0.009763 -0.009809 -0.999904
vn 0.014412 -0.004706 -0.999885
vn 0.014412 -0.004706 -0.999885
vn 0.014412 -0.004706 -0.999885
vn 0.107363 0.350585 -0.930357
vn 0.107363 0.350585 -0.930357
vn 0.107363 0.350585 -0.930357
vn -0.478538 0.480806 -0.734729
vn -0.478538 0.480806 -0.734729
vn -0.478538 0.480806 -0.734729
vn -0.081199 -0.047874 -0.995548
vn -0.081199 -0.047874 -0.995548
vn -0.081199 -0.047874 -0.995548
vn -0.043663 -0.142577 -0.988820
vn -0.043663 -0.142577 -0.988820
vn -0.043663 -0.142577 -0.988820
vn -0.065971 0.002476 -0.997819
vn -0.065971 0.002476 -0.997819
vn -0.065971 0.002476 -0.997819
vn -0.071077 -0.041906 -0.996590
vn -0.071077 -0.041906 -0.996590
vn -0.071077 -0.041906 -0.996590
vn -0.003069 0.002839 -0.999991
vn -0.003069 0.002839 -0.999991
vn -0.003069 0.002839 -0.999991
vn -0.005449 0.000205 -0.999985
vn -0.005449 0.000205 -0.999985
vn -0.005449 0.000205 -0.999985
vn 0.000000 -0.260832 -0.965384
vn 0.000000 -0.260832 -0.965384
vn 0.000000 -0.260832 -0.965384
vn 0.236452 -0.218765 -0.946695
vn 0.236452 -0.218765 -0.946695
vn 0.236452 -0.218765 -0.946695
vn 0.177166 0.184074 -0.966814
vn 0.177166 0.184074 -0.966814
vn 0.177166 0.184074 -0.966814
vn 0.000000 0.379550 -0.925171
vn 0.000000 0.379550 -0.925171
vn 0.000000 0.379550 -0.925171
vn -0.001375 -0.000485 -0.999999
vn -0.001375 -0.000485 -0.999999
vn -0.001375 -0.000485 -0.999999
vn -0.001253 -0.001301 -0.999998
vn -0.001253 -0.001301 -0.999998
vn -0.001253 -0.001301 -0.999998
vn -0.126824 -0.012841 -0.991842
vn -0.126824 -0.012841 -0.991842
vn -0.126824 -0.012841 -0.991842
vn -0.130245 -0.045979 -0.990415
vn -0.130245 -0.045979 -0.990415
vn -0.130245 -0.045979 -0.990415
vn 0.060327 -0.001492 -0.998178
vn 0.060327 -0.001492 -0.998178
vn 0.060327 -0.001492 -0.998178
vn 0.062029 0.006281 -0.998055
vn 0.062029 0.006281 -0.998055
vn 0.062029 0.006281 -0.998055
vn 0.061018 -0.001620 -0.998135
vn 0.061018 -0.001620 -0.998135
vn 0.061018 -0.001620 -0.998135
vn 0.061061 -0.001511 -0.998133
vn 0.061061 -0.001511 -0.998133
vn 0.061061 -0.001511 -0.998133
vn -0.002019 -0.000116 -0.999998
vn -0.002019 -0.000116 -0.999998
vn -0.002019 -0.000116 -0.999998
vn -0.001981 0.000053 -0.999998
vn -0.001981 0.000053 -0.999998
vn -0.001981 0.000053 -0.999998
vt 0.625000000 0.750000000
vt 0.625000000 0.750000000
vt 0.625000000 0.750000000
vt 0.625000000 0.750000000
vt 0.625000000 0.750000000
vt 0.625000000 0.750000000
vt 0.625000000 0.750000000
vt 0.625000000 0.750000000
vt 0.625000000 0.750000000
vt 0.625000000 0.750000000
vt 0.625000000 0.750000000
vt 0.625000000 0.750000000
vt 0.625000000 0.750000000
vt 0.625000000 0.750000000
vt 0.625000000 0.750000000
vt 0.625000000 0.750000000
vt 0.625000000 0.750000000
vt 0.625000000 0.750000000
vt 0.125000000 0.750000000
vt 0.125000000 0.750000000
vt 0.125000000 0.750000000
vt 0.125000000 0.750000000
vt 0.125000000 0.750000000
vt 0.125000000 0.750000000
vt 0.625000000 0.750000000
vt 0.625000000 0.750000000
vt 0.625000000 0.750000000
vt 0.625000000 0.750000000
vt 0.625000000 0.750000000
vt 0.625000000 0.750000000
vt 0.375000000 0.250000000
vt 0.375000000 0.250000000
vt 0.375000000 0.250000000
vt 0.375000000 0.250000000
vt 0.375000000 0.250000000
vt 0.375000000 0.250000000
vt 0.625000000 0.750000000
vt 0.625000000 0.750000000
vt 0.625000000 0.750000000
vt 0.625000000 0.750000000
vt 0.625000000 0.750000000
vt 0.625000000 0.750000000
vt 0.375000000 0.750000000
vt 0.375000000 0.750000000
vt 0.375000000 0.750000000
vt 0.375000000 0.750000000
vt 0.375000000 0.750000000
vt 0.375000000 0.750000000
vt 0.625000000 0.750000000
vt 0.625000000 0.750000000
vt 0.625000000 0.750000000
vt 0.625000000 0.750000000
vt 0.625000000 0.750000000
vt 0.625000000 0.750000000
vt 0.625000000 0.250000000
vt 0.625000000 0.250000000
vt 0.625000000 0.250000000
vt 0.625000000 0.250000000
vt 0.625000000 0.250000000
vt 0.625000000 0.250000000
vt 0.625000000 0.750000000
vt 0.625000000 0.750000000
vt 0.625000000 0.750000000
vt 0.625000000 0.750000000
vt 0.625000000 0.750000000
vt 0.625000000 0.750000000
vt 0.625000000 0.750000000
vt 0.625000000 0.750000000
vt 0.625000000 0.750000000
vt 0.625000000 0.750000000
vt 0.625000000 0.750000000
vt 0.625000000 0.750000000
vt 0.625000000 0.750000000
vt 0.625000000 0.750000000
vt 0.625000000 0.750000000
vt 0.625000000 0.750000000
vt 0.625000000 0.750000000
vt 0.625000000 0.750000000
vt 0.125000000 0.750000000
vt 0.125000000 0.750000000
vt 0.125000000 0.750000000
vt 0.125000000 0.750000000
vt 0.125000000 0.750000000
vt 0.125000000 0.750000000
vt 0.625000000 0.750000000
vt 0.625000000 0.750000000
vt 0.625000000 0.750000000
vt 0.625000000 0.750000000
vt 0.625000000 0.750000000
vt 0.625000000 0.750000000
vt 0.375000000 0.250000000
vt 0.375000000 0.250000000
vt 0.375000000 0.250000000
vt 0.375000000 0.250000000
vt 0.375000000 0.250000000
vt 0.375000000 0.250000000
vt 0.625000000 0.750000000
vt 0.625000000 0.750000000
vt 0.625000000 0.750000000
vt 0.625000000 0.750000000
vt 0.625000000 0.750000000
vt 0.625000000 0.750000000
vt 0.375000000 0.750000000
vt 0.375000000 0.750000000
vt 0.375000000 0.750000000
vt 0.375000000 0.750000000
vt 0.375000000 0.750000000
vt 0.375000000 0.750000000
vt 0.625000000 0.750000000
vt 0.625000000 0.750000000
vt 0.625000000 0.750000000
vt 0.625000000 0.750000000
vt 0.625000000 0.750000000
vt 0.625000000 0.750000000
vt 0.625000000 0.250000000
vt 0.625000000 0.250000000
vt 0.625000000 0.250000000
vt 0.625000000 0.250000000
vt 0.625000000 0.250000000
vt 0.625000000 0.250000000
vt 0.625000000 0.750000000
vt 0.625000000 0.750000000
vt 0.625000000 0.750000000
vt 0.625000000 0.750000000
vt 0.625000000 0.750000000
vt 0.625000000 0.750000000
vt 0.625000000 0.750000000
vt 0.625000000 0.750000000
vt 0.625000000 0.750000000
vt 0.625000000 0.750000000
vt 0.625000000 0.750000000
vt 0.625000000 0.750000000
vt 0.625000000 0.750000000
vt 0.625000000 0.750000000
vt 0.625000000 0.750000000
vt 0.625000000 0.750000000
vt 0.625000000 0.750000000
vt 0.625000000 0.750000000
vt 0.125000000 0.750000000
vt 0.125000000 0.750000000
vt 0.125000000 0.750000000
vt 0.125000000 0.750000000
vt 0.125000000 0.750000000
vt 0.125000000 0.750000000
vt 0.625000000 0.750000000
vt 0.625000000 0.750000000
vt 0.625000000 0.750000000
vt 0.625000000 0.750000000
vt 0.625000000 0.750000000
vt 0.625000000 0.750000000
vt 0.375000000 0.250000000
vt 0.375000000 0.250000000
vt 0.375000000 0.250000000
vt 0.375000000 0.250000000
vt 0.375000000 0.250000000
vt 0.375000000 0.250000000
vt 0.625000000 0.750000000
vt 0.625000000 0.750000000
vt 0.625000000 0.750000000
vt 0.625000000 0.750000000
vt 0.625000000 0.750000000
vt 0.625000000 0.750000000
vt 0.375000000 0.750000000
vt 0.375000000 0.750000000
vt 0.375000000 0.750000000
vt 0.375000000 0.750000000
vt 0.375000000 0.750000000
vt 0.375000000 0.750000000
vt 0.625000000 0.750000000
vt 0.625000000 0.750000000
vt 0.625000000 0.750000000
vt 0.625000000 0.750000000
vt 0.625000000 0.750000000
vt 0.625000000 0.750000000
vt 0.625000000 0.250000000
vt 0.625000000 0.250000000
vt 0.625000000 0.250000000
vt 0.625000000 0.250000000
vt 0.625000000 0.250000000
vt 0.625000000 0.250000000
vt 0.625000000 0.750000000
vt 0.625000000 0.750000000
vt 0.625000000 0.750000000
vt 0.625000000 0.750000000
vt 0.625000000 0.750000000
vt 0.625000000 0.750000000
vt 0.625000000 0.750000000
vt 0.625000000 0.750000000
vt 0.625000000 0.750000000
vt 0.625000000 0.750000000
vt 0.625000000 0.750000000
vt 0.625000000 0.750000000
vt 0.625000000 0.750000000
vt 0.625000000 0.750000000
vt 0.625000000 0.750000000
vt 0.625000000 0.750000000
vt 0.625000000 0.750000000
vt 0.625000000 0.750000000
vt 0.125000000 0.750000000
vt 0.125000000 0.750000000
vt 0.125000000 0.750000000
vt 0.125000000 0.750000000
vt 0.125000000 0.750000000
vt 0.125000000 0.750000000
vt 0.625000000 0.750000000
vt 0.625000000 0.750000000
vt 0.625000000 0.750000000
vt 0.625000000 0.750000000
vt 0.625000000 0.750000000
vt 0.625000000 0.750000000
vt 0.375000000 0.250000000
vt 0.375000000 0.250000000
vt 0.375000000 0.250000000
vt 0.375000000 0.250000000
vt 0.375000000 0.250000000
vt 0.375000000 0.250000000
vt 0.625000000 0.750000000
vt 0.625000000 0.750000000
vt 0.625000000 0.750000000
vt 0.625000000 0.750000000
vt 0.625000000 0.750000000
vt 0.625000000 0.750000000
vt 0.375000000 0.750000000
vt 0.375000000 0.750000000
vt 0.375000000 0.750000000
vt 0.375000000 0.750000000
vt 0.375000000 0.750000000
vt 0.375000000 0.750000000
vt 0.625000000 0.750000000
vt 0.625000000 0.750000000
vt 0.625000000 0.750000000
vt 0.625000000 0.750000000
vt 0.625000000 0.750000000
vt 0.625000000 0.750000000
vt 0.625000000 0.250000000
vt 0.625000000 0.250000000
vt 0.625000000 0.250000000
vt 0.625000000 0.250000000
vt 0.625000000 0.250000000
vt 0.625000000 0.250000000
vt 0.625000000 0.750000000
vt 0.625000000 0.750000000
vt 0.625000000 0.750000000
vt 0.625000000 0.750000000
vt 0.625000000 0.750000000
vt 0.625000000 0.750000000
vt 0.625000000 0.750000000
vt 0.625000000 0.750000000
vt 0.625000000 0.750000000
vt 0.625000000 0.750000000
vt 0.625000000 0.750000000
vt 0.625000000 0.750000000
vt 0.625000000 0.750000000
vt 0.625000000 0.750000000
vt 0.625000000 0.750000000
vt 0.625000000 0.750000000
vt 0.625000000 0.750000000
vt 0.625000000 0.750000000
vt 0.125000000 0.750000000
vt 0.125000000 0.750000000
vt 0.125000000 0.750000000
vt 0.125000000 0.750000000
vt 0.125000000 0.750000000
vt 0.125000000 0.750000000
vt 0.625000000 0.750000000
vt 0.625000000 0.750000000
vt 0.625000000 0.750000000
vt 0.625000000 0.750000000
vt 0.625000000 0.750000000
vt 0.625000000 0.750000000
vt 0.375000000 0.250000000
vt 0.375000000 0.250000000
vt 0.375000000 0.250000000
vt 0.375000000 0.250000000
vt 0.375000000 0.250000000
vt 0.375000000 0.250000000
vt 0.625000000 0.750000000
vt 0.625000000 0.750000000
vt 0.625000000 0.750000000
vt 0.625000000 0.750000000
vt 0.625000000 0.750000000
vt 0.625000000 0.750000000
vt 0.375000000 0.750000000
vt 0.375000000 0.750000000
vt 0.375000000 0.750000000
vt 0.375000000 0.750000000
vt 0.375000000 0.750000000
vt 0.375000000 0.750000000
vt 0.625000000 0.750000000
vt 0.625000000 0.750000000
vt 0.625000000 0.750000000
vt 0.625000000 0.750000000
vt 0.625000000 0.750000000
vt 0.625000000 0.750000000
vt 0.625000000 0.250000000
vt 0.625000000 0.250000000
vt 0.625000000 0.250000000
vt 0.625000000 0.250000000
vt 0.625000000 0.250000000
vt 0.625000000 0.250000000
vt 0.625000000 0.750000000
vt 0.625000000 0.750000000
vt 0.625000000 0.750000000
vt 0.625000000 0.750000000
vt 0.625000000 0.750000000
vt 0.625000000 0.750000000
vt 0.625000000 0.750000000
vt 0.625000000 0.750000000
vt 0.625000000 0.750000000
vt 0.625000000 0.750000000
vt 0.625000000 0.750000000
vt 0.625000000 0.750000000
vt 0.625000000 0.750000000
vt 0.625000000 0.750000000
vt 0.625000000 0.750000000
vt 0.625000000 0.750000000
vt 0.625000000 0.750000000
vt 0.625000000 0.750000000
vt 0.125000000 0.750000000
vt 0.125000000 0.750000000
vt 0.125000000 0.750000000
vt 0.125000000 0.750000000
vt 0.125000000 0.750000000
vt 0.125000000 0.750000000
vt 0.625000000 0.750000000
vt 0.625000000 0.750000000
vt 0.625000000 0.750000000
vt 0.625000000 0.750000000
vt 0.625000000 0.750000000
vt 0.625000000 0.750000000
vt 0.375000000 0.250000000
vt 0.375000000 0.250000000
vt 0.375000000 0.250000000
vt 0.375000000 0.250000000
vt 0.375000000 0.250000000
vt 0.375000000 0.250000000
vt 0.625000000 0.750000000
vt 0.625000000 0.750000000
vt 0.625000000 0.750000000
vt 0.625000000 0.750000000
vt 0.625000000 0.750000000
vt 0.625000000 0.750000000
vt 0.375000000 0.750000000
vt 0.375000000 0.750000000
vt 0.375000000 0.750000000
vt 0.375000000 0.750000000
vt 0.375000000 0.750000000
vt 0.375000000 0.750000000
vt 0.625000000 0.750000000
vt 0.625000000 0.750000000
vt 0.625000000 0.750000000
vt 0.625000000 0.750000000
vt 0.625000000 0.750000000
vt 0.625000000 0.750000000
vt 0.625000000 0.250000000
vt 0.625000000 0.250000000
vt 0.625000000 0.250000000
vt 0.625000000 0.250000000
vt 0.625000000 0.250000000
vt 0.625000000 0.250000000
vt 0.625000000 0.750000000
vt 0.625000000 0.750000000
vt 0.625000000 0.750000000
vt 0.625000000 0.750000000
vt 0.625000000 0.750000000
vt 0.625000000 0.750000000
vt 0.625000000 0.750000000
vt 0.625000000 0.750000000
vt 0.625000000 0.750000000
vt 0.625000000 0.750000000
vt 0.625000000 0.750000000
vt 0.625000000 0.750000000
vt 0.625000000 0.750000000
vt 0.625000000 0.750000000
vt 0.625000000 0.750000000
vt 0.625000000 0.750000000
vt 0.625000000 0.750000000
vt 0.625000000 0.750000000
vt 0.125000000 0.750000000
vt 0.125000000 0.750000000
vt 0.125000000 0.750000000
vt 0.125000000 0.750000000
vt 0.125000000 0.750000000
vt 0.125000000 0.750000000
vt 0.625000000 0.750000000
vt 0.625000000 0.750000000
vt 0.625000000 0.750000000
vt 0.625000000 0.750000000
vt 0.625000000 0.750000000
vt 0.625000000 0.750000000
vt 0.375000000 0.250000000
vt 0.375000000 0.250000000
vt 0.375000000 0.250000000
vt 0.375000000 0.250000000
vt 0.375000000 0.250000000
vt 0.375000000 0.250000000
vt 0.625000000 0.750000000
vt 0.625000000 0.750000000
vt 0.625000000 0.750000000
vt 0.625000000 0.750000000
vt 0.625000000 0.750000000
vt 0.625000000 0.750000000
vt 0.375000000 0.750000000
vt 0.375000000 0.750000000
vt 0.375000000 0.750000000
vt 0.375000000 0.750000000
vt 0.375000000 0.750000000
vt 0.375000000 0.750000000
vt 0.625000000 0.750000000
vt 0.625000000 0.750000000
vt 0.625000000 0.750000000
vt 0.625000000 0.750000000
vt 0.625000000 0.750000000
vt 0.625000000 0.750000000
vt 0.625000000 0.250000000
vt 0.625000000 0.250000000
vt 0.625000000 0.250000000
vt 0.625000000 0.250000000
vt 0.625000000 0.250000000
vt 0.625000000 0.250000000
vt 0.625000000 0.750000000
vt 0.625000000 0.750000000
vt 0.625000000 0.750000000
vt 0.625000000 0.750000000
vt 0.625000000 0.750000000
vt 0.625000000 0.750000000
vt 0.625000000 0.750000000
vt 0.625000000 0.750000000
vt 0.625000000 0.750000000
vt 0.625000000 0.750000000
vt 0.625000000 0.750000000
vt 0.625000000 0.750000000
vt 0.625000000 0.750000000
vt 0.625000000 0.750000000
vt 0.625000000 0.750000000
vt 0.625000000 0.750000000
vt 0.625000000 0.750000000
vt 0.625000000 0.750000000
vt 0.125000000 0.750000000
vt 0.125000000 0.750000000
vt 0.125000000 0.750000000
vt 0.125000000 0.750000000
vt 0.125000000 0.750000000
vt 0.125000000 0.750000000
vt 0.625000000 0.750000000
vt 0.625000000 0.750000000
vt 0.625000000 0.750000000
vt 0.625000000 0.750000000
vt 0.625000000 0.750000000
vt 0.625000000 0.750000000
vt 0.375000000 0.250000000
vt 0.375000000 0.250000000
vt 0.375000000 0.250000000
vt 0.375000000 0.250000000
vt 0.375000000 0.250000000
vt 0.375000000 0.250000000
vt 0.625000000 0.750000000
vt 0.625000000 0.750000000
vt 0.625000000 0.750000000
vt 0.625000000 0.750000000
vt 0.625000000 0.750000000
vt 0.625000000 0.750000000
vt 0.375000000 0.750000000
vt 0.375000000 0.750000000
vt 0.375000000 0.750000000
vt 0.375000000 0.750000000
vt 0.375000000 0.750000000
vt 0.375000000 0.750000000
vt 0.625000000 0.750000000
vt 0.625000000 0.750000000
vt 0.625000000 0.750000000
vt 0.625000000 0.750000000
vt 0.625000000 0.750000000
vt 0.625000000 0.750000000
vt 0.625000000 0.250000000
vt 0.625000000 0.250000000
vt 0.625000000 0.250000000
vt 0.625000000 0.250000000
vt 0.625000000 0.250000000
vt 0.625000000 0.250000000
vt 0.625000000 0.750000000
vt 0.625000000 0.750000000
vt 0.625000000 0.750000000
vt 0.625000000 0.750000000
vt 0.625000000 0.750000000
vt 0.625000000 0.750000000
vt 0.625000000 0.750000000
vt 0.625000000 0.750000000
vt 0.625000000 0.750000000
vt 0.625000000 0.750000000
vt 0.625000000 0.750000000
vt 0.625000000 0.750000000
vt 0.625000000 0.750000000
vt 0.625000000 0.750000000
vt 0.625000000 0.750000000
vt 0.625000000 0.750000000
vt 0.625000000 0.750000000
vt 0.625000000 0.750000000
vt 0.125000000 0.750000000
vt 0.125000000 0.750000000
vt 0.125000000 0.750000000
vt 0.125000000 0.750000000
vt 0.125000000 0.750000000
vt 0.125000000 0.750000000
vt 0.625000000 0.750000000
vt 0.625000000 0.750000000
vt 0.625000000 0.750000000
vt 0.625000000 0.750000000
vt 0.625000000 0.750000000
vt 0.625000000 0.750000000
vt 0.375000000 0.250000000
vt 0.375000000 0.250000000
vt 0.375000000 0.250000000
vt 0.375000000 0.250000000
vt 0.375000000 0.250000000
vt 0.375000000 0.250000000
vt 0.625000000 0.750000000
vt 0.625000000 0.750000000
vt 0.625000000 0.750000000
vt 0.625000000 0.750000000
vt 0.625000000 0.750000000
vt 0.625000000 0.750000000
vt 0.375000000 0.750000000
vt 0.375000000 0.750000000
vt 0.375000000 0.750000000
vt 0.375000000 0.750000000
vt 0.375000000 0.750000000
vt 0.375000000 0.750000000
vt 0.625000000 0.750000000
vt 0.625000000 0.750000000
vt 0.625000000 0.750000000
vt 0.625000000 0.750000000
vt 0.625000000 0.750000000
vt 0.625000000 0.750000000
vt 0.625000000 0.250000000
vt 0.625000000 0.250000000
vt 0.625000000 0.250000000
vt 0.625000000 0.250000000
vt 0.625000000 0.250000000
vt 0.625000000 0.250000000
vt 0.625000000 0.750000000
vt 0.625000000 0.750000000
vt 0.625000000 0.750000000
vt 0.625000000 0.750000000
vt 0.625000000 0.750000000
vt 0.625000000 0.750000000
vt 0.625000000 0.750000000
vt 0.625000000 0.750000000
vt 0.625000000 0.750000000
vt 0.625000000 0.750000000
vt 0.625000000 0.750000000
vt 0.625000000 0.750000000
vt 0.625000000 0.750000000
vt 0.625000000 0.750000000
vt 0.625000000 0.750000000
vt 0.625000000 0.750000000
vt 0.625000000 0.750000000
vt 0.625000000 0.750000000
vt 0.125000000 0.750000000
vt 0.125000000 0.750000000
vt 0.125000000 0.750000000
vt 0.125000000 0.750000000
vt 0.125000000 0.750000000
vt 0.125000000 0.750000000
vt 0.625000000 0.750000000
vt 0.625000000 0.750000000
vt 0.625000000 0.750000000
vt 0.625000000 0.750000000
vt 0.625000000 0.750000000
vt 0.625000000 0.750000000
vt 0.375000000 0.250000000
vt 0.375000000 0.250000000
vt 0.375000000 0.250000000
vt 0.375000000 0.250000000
vt 0.375000000 0.250000000
vt 0.375000000 0.250000000
vt 0.625000000 0.750000000
vt 0.625000000 0.750000000
vt 0.625000000 0.750000000
vt 0.625000000 0.750000000
vt 0.625000000 0.750000000
vt 0.625000000 0.750000000
vt 0.375000000 0.750000000
vt 0.375000000 0.750000000
vt 0.375000000 0.750000000
vt 0.375000000 0.750000000
vt 0.375000000 0.750000000
vt 0.375000000 0.750000000
vt 0.625000000 0.750000000
vt 0.625000000 0.750000000
vt 0.625000000 0.750000000
vt 0.625000000 0.750000000
vt 0.625000000 0.750000000
vt 0.625000000 0.750000000
vt 0.625000000 0.250000000
vt 0.625000000 0.250000000
vt 0.625000000 0.250000000
vt 0.625000000 0.250000000
vt 0.625000000 0.250000000
vt 0.625000000 0.250000000
vt 0.625000000 0.750000000
vt 0.625000000 0.750000000
vt 0.625000000 0.750000000
vt 0.625000000 0.750000000
vt 0.625000000 0.750000000
vt 0.625000000 0.750000000
vt 0.625000000 0.750000000
vt 0.625000000 0.750000000
vt 0.625000000 0.750000000
vt 0.625000000 0.750000000
vt 0.625000000 0.750000000
vt 0.625000000 0.750000000
vt 0.625000000 0.750000000
vt 0.625000000 0.750000000
vt 0.625000000 0.750000000
vt 0.625000000 0.750000000
vt 0.625000000 0.750000000
vt 0.625000000 0.750000000
vt 0.125000000 0.750000000
vt 0.125000000 0.750000000
vt 0.125000000 0.750000000
vt 0.125000000 0.750000000
vt 0.125000000 0.750000000
vt 0.125000000 0.750000000
vt 0.625000000 0.750000000
vt 0.625000000 0.750000000
vt 0.625000000 0.750000000
vt 0.625000000 0.750000000
vt 0.625000000 0.750000000
vt 0.625000000 0.750000000
vt 0.375000000 0.250000000
vt 0.375000000 0.250000000
vt 0.375000000 0.250000000
vt 0.375000000 0.250000000
vt 0.375000000 0.250000000
vt 0.375000000 0.250000000
vt 0.625000000 0.750000000
vt 0.625000000 0.750000000
vt 0.625000000 0.750000000
vt 0.625000000 0.750000000
vt 0.625000000 0.750000000
vt 0.625000000 0.750000000
vt 0.375000000 0.750000000
vt 0.375000000 0.750000000
vt 0.375000000 0.750000000
vt 0.375000000 0.750000000
vt 0.375000000 0.750000000
vt 0.375000000 0.750000000
vt 0.625000000 0.750000000
vt 0.625000000 0.750000000
vt 0.625000000 0.750000000
vt 0.625000000 0.750000000
vt 0.625000000 0.750000000
vt 0.625000000 0.750000000
vt 0.625000000 0.250000000
vt 0.625000000 0.250000000
vt 0.625000000 0.250000000
vt 0.625000000 0.250000000
vt 0.625000000 0.250000000
vt 0.625000000 0.250000000
vt 0.625000000 0.750000000
vt 0.625000000 0.750000000
vt 0.625000000 0.750000000
vt 0.625000000 0.750000000
vt 0.625000000 0.750000000
vt 0.625000000 0.750000000
vt 0.625000000 0.750000000
vt 0.625000000 0.750000000
vt 0.625000000 0.750000000
vt 0.625000000 0.750000000
vt 0.625000000 0.750000000
vt 0.625000000 0.750000000
vt 0.625000000 0.750000000
vt 0.625000000 0.750000000
vt 0.625000000 0.750000000
vt 0.625000000 0.750000000
vt 0.625000000 0.750000000
vt 0.625000000 0.750000000
vt 0.125000000 0.750000000
vt 0.125000000 0.750000000
vt 0.125000000 0.750000000
vt 0.125000000 0.750000000
vt 0.125000000 0.750000000
vt 0.125000000 0.750000000
vt 0.625000000 0.750000000
vt 0.625000000 0.750000000
vt 0.625000000 0.750000000
vt 0.625000000 0.750000000
vt 0.625000000 0.750000000
vt 0.625000000 0.750000000
vt 0.375000000 0.250000000
vt 0.375000000 0.250000000
vt 0.375000000 0.250000000
vt 0.375000000 0.250000000
vt 0.375000000 0.250000000
vt 0.375000000 0.250000000
vt 0.625000000 0.750000000
vt 0.625000000 0.750000000
vt 0.625000000 0.750000000
vt 0.625000000 0.750000000
vt 0.625000000 0.750000000
vt 0.625000000 0.750000000
vt 0.375000000 0.750000000
vt 0.375000000 0.750000000
vt 0.375000000 0.750000000
vt 0.375000000 0.750000000
vt 0.375000000 0.750000000
vt 0.375000000 0.750000000
vt 0.625000000 0.750000000
vt 0.625000000 0.750000000
vt 0.625000000 0.750000000
vt 0.625000000 0.750000000
vt 0.625000000 0.750000000
vt 0.625000000 0.750000000
vt 0.625000000 0.250000000
vt 0.625000000 0.250000000
vt 0.625000000 0.250000000
vt 0.625000000 0.250000000
vt 0.625000000 0.250000000
vt 0.625000000 0.250000000
vt 0.125000000 0.250000000
vt 0.125000000 0.250000000
vt 0.125000000 0.250000000
vt 0.125000000 0.250000000
vt 0.125000000 0.250000000
vt 0.125000000 0.250000000
vt 0.625000000 0.250000000
vt 0.625000000 0.250000000
vt 0.625000000 0.250000000
vt 0.625000000 0.250000000
vt 0.625000000 0.250000000
vt 0.625000000 0.250000000
vt 0.625000000 0.750000000
vt 0.625000000 0.750000000
vt 0.625000000 0.750000000
vt 0.625000000 0.750000000
vt 0.625000000 0.750000000
vt 0.625000000 0.750000000
vt 0.375000000 0.250000000
vt 0.375000000 0.250000000
vt 0.375000000 0.250000000
vt 0.375000000 0.250000000
vt 0.375000000 0.250000000
vt 0.375000000 0.250000000
vt 0.125000000 0.750000000
vt 0.125000000 0.750000000
vt 0.125000000 0.750000000
vt 0.125000000 0.750000000
vt 0.125000000 0.750000000
vt 0.125000000 0.750000000
vt 0.875000000 0.250000000
vt 0.875000000 0.250000000
vt 0.875000000 0.250000000
vt 0.875000000 0.250000000
vt 0.875000000 0.250000000
vt 0.875000000 0.250000000
vt 0.125000000 0.250000000
vt 0.125000000 0.250000000
vt 0.125000000 0.250000000
vt 0.125000000 0.250000000
vt 0.125000000 0.250000000
vt 0.125000000 0.250000000
vt 0.625000000 0.250000000
vt 0.625000000 0.250000000
vt 0.625000000 0.250000000
vt 0.625000000 0.250000000
vt 0.625000000 0.250000000
vt 0.625000000 0.250000000
vt 0.625000000 0.750000000
vt 0.625000000 0.750000000
vt 0.625000000 0.750000000
vt 0.625000000 0.750000000
vt 0.625000000 0.750000000
vt 0.625000000 0.750000000
vt 0.375000000 0.250000000
vt 0.375000000 0.250000000
vt 0.375000000 0.250000000
vt 0.375000000 0.250000000
vt 0.375000000 0.250000000
vt 0.375000000 0.250000000
vt 0.125000000 0.750000000
vt 0.125000000 0.750000000
vt 0.125000000 0.750000000
vt 0.125000000 0.750000000
vt 0.125000000 0.750000000
vt 0.125000000 0.750000000
vt 0.875000000 0.250000000
vt 0.875000000 0.250000000
vt 0.875000000 0.250000000
vt 0.875000000 0.250000000
vt 0.875000000 0.250000000
vt 0.875000000 0.250000000
vt 0.125000000 0.250000000
vt 0.125000000 0.250000000
vt 0.125000000 0.250000000
vt 0.125000000 0.250000000
vt 0.125000000 0.250000000
vt 0.125000000 0.250000000
vt 0.625000000 0.250000000
vt 0.625000000 0.250000000
vt 0.625000000 0.250000000
vt 0.625000000 0.250000000
vt 0.625000000 0.250000000
vt 0.625000000 0.250000000
vt 0.625000000 0.750000000
vt 0.625000000 0.750000000
vt 0.625000000 0.750000000
vt 0.625000000 0.750000000
vt 0.625000000 0.750000000
vt 0.625000000 0.750000000
vt 0.375000000 0.250000000
vt 0.375000000 0.250000000
vt 0.375000000 0.250000000
vt 0.375000000 0.250000000
vt 0.375000000 0.250000000
vt 0.375000000 0.250000000
vt 0.125000000 0.750000000
vt 0.125000000 0.750000000
vt 0.125000000 0.750000000
vt 0.125000000 0.750000000
vt 0.125000000 0.750000000
vt 0.125000000 0.750000000
vt 0.875000000 0.250000000
vt 0.875000000 0.250000000
vt 0.875000000 0.250000000
vt 0.875000000 0.250000000
vt 0.875000000 0.250000000
vt 0.875000000 0.250000000
vt 0.125000000 0.250000000
vt 0.125000000 0.250000000
vt 0.125000000 0.250000000
vt 0.125000000 0.250000000
vt 0.125000000 0.250000000
vt 0.125000000 0.250000000
vt 0.625000000 0.250000000
vt 0.625000000 0.250000000
vt 0.625000000 0.250000000
vt 0.625000000 0.250000000
vt 0.625000000 0.250000000
vt 0.625000000 0.250000000
vt 0.625000000 0.750000000
vt 0.625000000 0.750000000
vt 0.625000000 0.750000000
vt 0.625000000 0.750000000
vt 0.625000000 0.750000000
vt 0.625000000 0.750000000
vt 0.375000000 0.250000000
vt 0.375000000 0.250000000
vt 0.375000000 0.250000000
vt 0.375000000 0.250000000
vt 0.375000000 0.250000000
vt 0.375000000 0.250000000
vt 0.125000000 0.750000000
vt 0.125000000 0.750000000
vt 0.125000000 0.750000000
vt 0.125000000 0.750000000
vt 0.125000000 0.750000000
vt 0.125000000 0.750000000
vt 0.875000000 0.250000000
vt 0.875000000 0.250000000
vt 0.875000000 0.250000000
vt 0.875000000 0.250000000
vt 0.875000000 0.250000000
vt 0.875000000 0.250000000
vt 0.125000000 0.250000000
vt 0.125000000 0.250000000
vt 0.125000000 0.250000000
vt 0.125000000 0.250000000
vt 0.125000000 0.250000000
vt 0.125000000 0.250000000
vt 0.625000000 0.250000000
vt 0.625000000 0.250000000
vt 0.625000000 0.250000000
vt 0.625000000 0.250000000
vt 0.625000000 0.250000000
vt 0.625000000 0.250000000
vt 0.625000000 0.750000000
vt 0.625000000 0.750000000
vt 0.625000000 0.750000000
vt 0.625000000 0.750000000
vt 0.625000000 0.750000000
vt 0.625000000 0.750000000
vt 0.375000000 0.250000000
vt 0.375000000 0.250000000
vt 0.375000000 0.250000000
vt 0.375000000 0.250000000
vt 0.375000000 0.250000000
vt 0.375000000 0.250000000
vt 0.125000000 0.750000000
vt 0.125000000 0.750000000
vt 0.125000000 0.750000000
vt 0.125000000 0.750000000
vt 0.125000000 0.750000000
vt 0.125000000 0.750000000
vt 0.875000000 0.250000000
vt 0.875000000 0.250000000
vt 0.875000000 0.250000000
vt 0.875000000 0.250000000
vt 0.875000000 0.250000000
vt 0.875000000 0.250000000
vt 0.125000000 0.250000000
vt 0.125000000 0.250000000
vt 0.125000000 0.250000000
vt 0.125000000 0.250000000
vt 0.125000000 0.250000000
vt 0.125000000 0.250000000
vt 0.625000000 0.250000000
vt 0.625000000 0.250000000
vt 0.625000000 0.250000000
vt 0.625000000 0.250000000
vt 0.625000000 0.250000000
vt 0.625000000 0.250000000
vt 0.625000000 0.750000000
vt 0.625000000 0.750000000
vt 0.625000000 0.750000000
vt 0.625000000 0.750000000
vt 0.625000000 0.750000000
vt 0.625000000 0.750000000
vt 0.375000000 0.250000000
vt 0.375000000 0.250000000
vt 0.375000000 0.250000000
vt 0.375000000 0.250000000
vt 0.375000000 0.250000000
vt 0.375000000 0.250000000
f 1/1/1 3/3/3 2/2/2
f 4/4/4 6/6/6 5/5/5
f 7/7/7 9/9/9 8/8/8
f 10/10/10 12/12/12 11/11/11
f 13/13/13 15/15/15 14/14/14
f 16/16/16 18/18/18 17/17/17
f 19/19/19 21/21/21 20/20/20
f 22/22/22 24/24/24 23/23/23
f 25/25/25 27/27/27 26/26/26
f 28/28/28 30/30/30 29/29/29
f 31/31/31 33/33/33 32/32/32
f 34/34/34 36/36/36 35/35/35
f 37/37/37 39/39/39 38/38/38
f 40/40/40 42/42/42 41/41/41
f 43/43/43 45/45/45 44/44/44
f 46/46/46 48/48/48 47/47/47
f 49/49/49 51/51/51 50/50/50
f 52/52/52 54/54/54 53/53/53
f 55/55/55 57/57/57 56/56/56
f 58/58/58 60/60/60 59/59/59
f 61/61/61 63/63/63 62/62/62
f 64/64/64 66/66/66 65/65/65
f 67/67/67 69/69/69 68/68/68
f 70/70/70 72/72/72 71/71/71
f 73/73/73 75/75/75 74/74/74
f 76/76/76 78/78/78 77/77/77
f 79/79/79 81/81/81 80/80/80
f 82/82/82 84/84/84 83/83/83
f 85/85/85 87/87/87 86/86/86
f 88/88/88 90/90/90 89/89/89
f 91/91/91 93/93/93 92/92/92
f 94/94/94 96/96/96 95/95/95
f 97/97/97 99/99/99 98/98/98
f 100/100/100 102/102/102 101/101/101
f 103/103/103 105/105/105 104/104/104
f 106/106/106 108/108/108 107/107/107
f 109/109/109 111/111/111 110/110/110
f 112/112/112 114/114/114 113/113/113
f 115/115/115 117/117/117 116/116/116
f 118/118/118 120/120/120 119/119/119
f 121/121/121 123/123/123 122/122/122
f 124/124/124 126/126/126 125/125/125
f 127/127/127 129/129/129 128/128/128
f 130/130/130 132/132/132 131/131/131
f 133/133/133 135/135/135 134/134/134
f 136/136/136 138/138/138 137/137/137
f 139/139/139 141/141/141 140/140/140
f 142/142/142 144/144/144 143/143/143
f 145/145/145 147/147/147 146/146/146
f 148/148/148 150/150/150 149/149/149
f 151/151/151 153/153/153 152/152/152
f 154/154/154 156/156/156 155/155/155
f 157/157/157 159/159/159 158/158/158
f 160/160/160 162/162/162 161/161/161
f 163/163/163 165/165/165 164/164/164
f 166/166/166 168/168/168 167/167/167
f 169/169/169 171/171/171 170/170/170
f 172/172/172 174/174/174 173/173/173
f 175/175/175 177/177/177 176/176/176
f 178/178/178 180/180/180 179/179/179
f 181/181/181 183/183/183 182/182/182
f 184/184/184 186/186/186 185/185/185
f 187/187/187 189/189/189 188/188/188
f 190/190/190 192/192/192 191/191/191
f 193/193/193 195/195/195 194/194/194
f 196/196/196 198/198/198 197/197/197
f 199/199/199 201/201/201 200/200/200
f 202/202/202 204/204/204 203/203/203
f 205/205/205 207/207/207 206/206/206
f 208/208/208 210/210/210 209/209/209
f 211/211/211 213/213/213 212/212/212
f 214/214/214 216/216/216 215/215/215
f 217/217/217 219/219/219 218/218/218
f 220/220/220 222/222/222 221/221/221
f 223/223/223 225/225/225 224/224/224
f 226/226/226 228/228/228 227/227/227
f 229/229/229 231/231/231 230/230/230
f 232/232/232 234/234/234 233/233/233
f 235/235/235 237/237/237 236/236/236
f 238/238/238 240/240/240 239/239/239
f 241/241/241 243/243/243 242/242/242
f 244/244/244 246/246/246 245/245/245
f 247/247/247 249/249/249 248/248/248
f 250/250/250 252/252/252 251/251/251
f 253/253/253 255/255/255 254/254/254
f 256/256/256 258/258/258 257/257/257
f 259/259/259 261/261/261 260/260/260
f 262/262/262 264/264/264 263/263/263
f 265/265/265 267/267/267 266/266/266
f 268/268/268 270/270/270 269/269/269
f 271/271/271 273/273/273 272/272/272
f 274/274/274 276/276/276 275/275/275
f 277/277/277 279/279/279 278/278/278
f 280/280/280 282/282/282 281/281/281
f 283/283/283 285/285/285 284/284/284
f 286/286/286 288/288/288 287/287/287
f 289/289/289 291/291/291 290/290/290
f 292/292/292 294/294/294 293/293/293
f 295/295/295 297/297/297 296/296/296
f 298/298/298 300/300/300 299/299/299
f 301/301/301 303/303/303 302/302/302
f 304/304/304 306/306/306 305/305/305
f 307/307/307 309/309/309 308/308/308
f 310/310/310 312/312/312 311/311/311
f 313/313/313 315/315/315 314/314/314
f 316/316/316 318/318/318 317/317/317
f 319/319/319 321/321/321 320/320/320
f 322/322/322 324/324/324 323/323/323
f 325/325/325 327/327/327 326/326/326
f 328/328/328 330/330/330 329/329/329
f 331/331/331 333/333/333 332/332/332
f 334/334/334 336/336/336 335/335/335
f 337/337/337 339/339/339 338/338/338
f 340/340/340 342/342/342 341/341/341
f 343/343/343 345/345/345 344/344/344
f 346/346/346 348/348/348 347/347/347
f 349/349/349 351/351/351 350/350/350
f 352/352/352 354/354/354 353/353/353
f 355/355/355 357/357/357 356/356/356
f 358/358/358 360/360/360 359/359/359
f 361/361/361 363/363/363 362/362/362
f 364/364/364 366/366/366 365/365/365
f 367/367/367 369/369/369 368/368/368
f 370/370/370 372/372/372 371/371/371
f 373/373/373 375/375/375 374/374/374
f 376/376/376 378/378/378 377/377/377
f 379/379/379 381/381/381 380/380/380
f 382/382/382 384/384/384 383/383/383
f 385/385/385 387/387/387 386/386/386
f 388/388/388 390/390/390 389/389/389
f 391/391/391 393/393/393 392/392/392
f 394/394/394 396/396/396 395/395/395
f 397/397/397 399/399/399 398/398/398
f 400/400/400 402/402/402 401/401/401
f 403/403/403 405/405/405 404/404/404
f 406/406/406 408/408/408 407/407/407
f 409/409/409 411/411/411 410/410/410
f 412/412/412 414/414/414 413/413/413
f 415/415/415 417/417/417 416/416/416
f 418/418/418 420/420/420 419/419/419
f 421/421/421 423/423/423 422/422/422
f 424/424/424 426/426/426 425/425/425
f 427/427/427 429/429/429 428/428/428
f 430/430/430 432/432/432 431/431/431
f 433/433/433 435/435/435 434/434/434
f 436/436/436 438/438/438 437/437/437
f 439/439/439 441/441/441 440/440/440
f 442/442/442 444/444/444 443/443/443
f 445/445/445 447/447/447 446/446/446
f 448/448/448 450/450/450 449/449/449
f 451/451/451 453/453/453 452/452/452
f 454/454/454 456/456/456 455/455/455
f 457/457/457 459/459/459 458/458/458
f 460/460/460 462/462/462 461/461/461
f 463/463/463 465/465/465 464/464/464
f 466/466/466 468/468/468 467/467/467
f 469/469/469 471/471/471 470/470/470
f 472/472/472 474/474/474 473/473/473
f 475/475/475 477/477/477 476/476/476
f 478/478/478 480/480/480 479/479/479
f 481/481/481 483/483/483 482/482/482
f 484/484/484 486/486/486 485/485/485
f 487/487/487 489/489/489 488/488/488
f 490/490/490 492/492/492 491/491/491
f 493/493/493 495/495/495 494/494/494
f 496/496/496 498/498/498 497/497/497
f 499/499/499 501/501/501 500/500/500
f 502/502/502 504/504/504 503/503/503
f 505/505/505 507/507/507 506/506/506
f 508/508/508 510/510/510 509/509/509
f 511/511/511 513/513/513 512/512/512
f 514/514/514 516/516/516 515/515/515
f 517/517/517 519/519/519 518/518/518
f 520/520/520 522/522/522 521/521/521
f 523/523/523 525/525/525 524/524/524
f 526/526/526 528/528/528 527/527/527
f 529/529/529 531/531/531 530/530/530
f 532/532/532 534/534/534 533/533/533
f 535/535/535 537/537/537 536/536/536
f 538/538/538 540/540/540 539/539/539
f 541/541/541 543/543/543 542/542/542
f 544/544/544 546/546/546 545/545/545
f 547/547/547 549/549/549 548/548/548
f 550/550/550 552/552/552 551/551/551
f 553/553/553 555/555/555 554/554/554
f 556/556/556 558/558/558 557/557/557
f 559/559/559 561/561/561 560/560/560
f 562/562/562 564/564/564 563/563/563
f 565/565/565 567/567/567 566/566/566
f 568/568/568 570/570/570 569/569/569
f 571/571/571 573/573/573 572/572/572
f 574/574/574 576/576/576 575/575/575
f 577/577/577 579/579/579 578/578/578
f 580/580/580 582/582/582 581/581/581
f 583/583/583 585/585/585 584/584/584
f 586/586/586 588/588/588 587/587/587
f 589/589/589 591/591/591 590/590/590
f 592/592/592 594/594/594 593/593/593
f 595/595/595 597/597/597 596/596/596
f 598/598/598 600/600/600 599/599/599
f 601/601/601 603/603/603 602/602/602
f 604/604/604 606/606/606 605/605/605
f 607/607/607 609/609/609 608/608/608
f 610/610/610 612/612/612 611/611/611
f 613/613/613 615/615/615 614/614/614
f 616/616/616 618/618/618 617/617/617
f 619/619/619 621/621/621 620/620/620
f 622/622/622 624/624/624 623/623/623
f 625/625/625 627/627/627 626/626/626
f 628/628/628 630/630/630 629/629/629
f 631/631/631 633/633/633 632/632/632
f 634/634/634 636/636/636 635/635/635
f 637/637/637 639/639/639 638/638/638
f 640/640/640 642/642/642 641/641/641
f 643/643/643 645/645/645 644/644/644
f 646/646/646 648/648/648 647/647/647
f 649/649/649 651/651/651 650/650/650
f 652/652/652 654/654/654 653/653/653
f 655/655/655 657/657/657 656/656/656
f 658/658/658 660/660/660 659/659/659
f 661/661/661 663/663/663 662/662/662
f 664/664/664 666/666/666 665/665/665
f 667/667/667 669/669/669 668/668/668
f 670/670/670 672/672/672 671/671/671
f 673/673/673 675/675/675 674/674/674
f 676/676/676 678/678/678 677/677/677
f 679/679/679 681/681/681 680/680/680
f 682/682/682 684/684/684 683/683/683
f 685/685/685 687/687/687 686/686/686
f 688/688/688 690/690/690 689/689/689
f 691/691/691 693/693/693 692/692/692
f 694/694/694 696/696/696 695/695/695
f 697/697/697 699/699/699 698/698/698
f 700/700/700 702/702/702 701/701/701
f 703/703/703 705/705/705 704/704/704
f 706/706/706 708/708/708 707/707/707
f 709/709/709 711/711/711 710/710/710
f 712/712/712 714/714/714 713/713/713
f 715/715/715 717/717/717 716/716/716
f 718/718/718 720/720/720 719/719/719
f 721/721/721 723/723/723 722/722/722
f 724/724/724 726/726/726 725/725/725
f 727/727/727 729/729/729 728/728/728
f 730/730/730 732/732/732 731/731/731
f 733/733/733 735/735/735 734/734/734
f 736/736/736 738/738/738 737/737/737
f 739/739/739 741/741/741 740/740/740
f 742/742/742 744/744/744 743/743/743
f 745/745/745 747/747/747 746/746/746
f 748/748/748 750/750/750 749/749/749
f 751/751/751 753/753/753 752/752/752
f 754/754/754 756/756/756 755/755/755
f 757/757/757 759/759/759 758/758/758
f 760/760/760 762/762/762 761/761/761
f 763/763/763 765/765/765 764/764/764
f 766/766/766 768/768/768 767/767/767
f 769/769/769 771/771/771 770/770/770
f 772/772/772 774/774/774 773/773/773
f 775/775/775 777/777/777 776/776/776
f 778/778/778 780/780/780 779/779/779
f 781/781/781 783/783/783 782/782/782
f 784/784/784 786/786/786 785/785/785
f 787/787/787 789/789/789 788/788/788
f 790/790/790 792/792/792 791/791/791
f 793/793/793 795/795/795 794/794/794
f 796/796/796 798/798/798 797/797/797
f 799/799/799 801/801/801 800/800/800
f 802/802/802 804/804/804 803/803/803
f 805/805/805 807/807/807 806/806/806
f 808/808/808 810/810/810 809/809/809
f 811/811/811 813/813/813 812/812/812
f 814/814/814 816/816/816 815/815/815
f 817/817/817 819/819/819 818/818/818
f 820/820/820 822/822/822 821/821/821
f 823/823/823 825/825/825 824/824/824
f 826/826/826 828/828/828 827/827/827
f 829/829/829 831/831/831 830/830/830
f 832/832/832 834/834/834 833/833/833
f 835/835/835 837/837/837 836/836/836
f 838/838/838 840/840/840 839/839/839
f 841/841/841 843/843/843 842/842/842
f 844/844/844 846/846/846 845/845/845
f 847/847/847 849/849/849 848/848/848
f 850/850/850 852/852/852 851/851/851
f 853/853/853 855/855/855 854/854/854
f 856/856/856 858/858/858 857/857/857
f 859/859/859 861/861/861 860/860/860
f 862/862/862 864/864/864 863/863/863
f 865/865/865 867/867/867 866/866/866
f 868/868/868 870/870/870 869/869/869
f 871/871/871 873/873/873 872/872/872
f 874/874/874 876/876/876 875/875/875
f 877/877/877 879/879/879 878/878/878
f 880/880/880 882/882/882 881/881/881
f 883/883/883 885/885/885 884/884/884
f 886/886/886 888/888/888 887/887/887
f 889/889/889 891/891/891 890/890/890
f 892/892/892 894/894/894 893/893/893
f 895/895/895 897/897/897 896/896/896
f 898/898/898 900/900/900 899/899/899
f 901/901/901 903/903/903 902/902/902
f 904/904/904 906/906/906 905/905/905
f 907/907/907 909/909/909 908/908/908
f 910/910/910 912/912/912 911/911/911
f 913/913/913 915/915/915 914/914/914
f 916/916/916 918/918/918 917/917/917
f 919/919/919 921/921/921 920/920/920
f 922/922/922 924/924/924 923/923/923
