# hand-authored OBJ -> Godot item mesh (up=y fwd=-z scale=2.5 det=+1, RH Y-up)
v -0.119647 0.003720 0.003786
v -0.129371 0.011217 -0.093271
v -0.016400 0.007244 -0.085803
v -0.016042 0.015214 -0.085128
v -0.129013 0.019187 -0.092595
v -0.119290 0.011689 0.004461
v -0.119647 0.003720 0.003786
v -0.016400 0.007244 -0.085803
v 0.022336 0.002206 -0.033715
v 0.022693 0.010175 -0.033039
v -0.016042 0.015214 -0.085128
v -0.119290 0.011689 0.004461
v 0.022336 0.002206 -0.033715
v -0.012460 0.000000 0.010193
v -0.119647 0.003720 0.003786
v -0.119290 0.011689 0.004461
v -0.012103 0.007970 0.010869
v 0.022693 0.010175 -0.033039
v -0.129371 0.011217 -0.093271
v -0.131570 0.012645 -0.094706
v -0.015344 0.008558 -0.087024
v -0.129371 0.011217 -0.093271
v -0.015344 0.008558 -0.087024
v -0.016400 0.007244 -0.085803
v -0.016400 0.007244 -0.085803
v -0.015344 0.008558 -0.087024
v 0.024507 0.003374 -0.033435
v -0.016400 0.007244 -0.085803
v 0.024507 0.003374 -0.033435
v 0.022336 0.002206 -0.033715
v 0.022336 0.002206 -0.033715
v 0.024507 0.003374 -0.033435
v -0.011291 0.001105 0.011738
v 0.022336 0.002206 -0.033715
v -0.011291 0.001105 0.011738
v -0.012460 0.000000 0.010193
v -0.012460 0.000000 0.010193
v -0.011291 0.001105 0.011738
v -0.121566 0.004932 0.005146
v -0.012460 0.000000 0.010193
v -0.121566 0.004932 0.005146
v -0.119647 0.003720 0.003786
v -0.119647 0.003720 0.003786
v -0.121566 0.004932 0.005146
v -0.131570 0.012645 -0.094706
v -0.119647 0.003720 0.003786
v -0.131570 0.012645 -0.094706
v -0.129371 0.011217 -0.093271
v -0.131570 0.012645 -0.094706
v -0.131324 0.018124 -0.094242
v -0.015098 0.014037 -0.086560
v -0.131570 0.012645 -0.094706
v -0.015098 0.014037 -0.086560
v -0.015344 0.008558 -0.087024
v -0.015344 0.008558 -0.087024
v -0.015098 0.014037 -0.086560
v 0.024753 0.008853 -0.032971
v -0.015344 0.008558 -0.087024
v 0.024753 0.008853 -0.032971
v 0.024507 0.003374 -0.033435
v 0.024507 0.003374 -0.033435
v 0.024753 0.008853 -0.032971
v -0.011045 0.006584 0.012202
v 0.024507 0.003374 -0.033435
v -0.011045 0.006584 0.012202
v -0.011291 0.001105 0.011738
v -0.011291 0.001105 0.011738
v -0.011045 0.006584 0.012202
v -0.121320 0.010411 0.005610
v -0.011291 0.001105 0.011738
v -0.121320 0.010411 0.005610
v -0.121566 0.004932 0.005146
v -0.121566 0.004932 0.005146
v -0.121320 0.010411 0.005610
v -0.131324 0.018124 -0.094242
v -0.121566 0.004932 0.005146
v -0.131324 0.018124 -0.094242
v -0.131570 0.012645 -0.094706
v -0.131324 0.018124 -0.094242
v -0.129013 0.019187 -0.092595
v -0.016042 0.015214 -0.085128
v -0.131324 0.018124 -0.094242
v -0.016042 0.015214 -0.085128
v -0.015098 0.014037 -0.086560
v -0.015098 0.014037 -0.086560
v -0.016042 0.015214 -0.085128
v 0.022693 0.010175 -0.033039
v -0.015098 0.014037 -0.086560
v 0.022693 0.010175 -0.033039
v 0.024753 0.008853 -0.032971
v 0.024753 0.008853 -0.032971
v 0.022693 0.010175 -0.033039
v -0.012103 0.007970 0.010869
v 0.024753 0.008853 -0.032971
v -0.012103 0.007970 0.010869
v -0.011045 0.006584 0.012202
v -0.011045 0.006584 0.012202
v -0.012103 0.007970 0.010869
v -0.119290 0.011689 0.004461
v -0.011045 0.006584 0.012202
v -0.119290 0.011689 0.004461
v -0.121320 0.010411 0.005610
v -0.121320 0.010411 0.005610
v -0.119290 0.011689 0.004461
v -0.129013 0.019187 -0.092595
v -0.121320 0.010411 0.005610
v -0.129013 0.019187 -0.092595
v -0.131324 0.018124 -0.094242
v 0.000515 0.008964 -0.007674
v -0.011465 0.020255 -0.063071
v 0.049737 0.046561 -0.089668
v 0.046608 0.053328 -0.087571
v -0.014594 0.027023 -0.060974
v -0.002614 0.015731 -0.005577
v 0.000515 0.008964 -0.007674
v 0.049737 0.046561 -0.089668
v 0.120210 0.062716 -0.068186
v 0.117081 0.069483 -0.066090
v 0.046608 0.053328 -0.087571
v -0.002614 0.015731 -0.005577
v 0.000515 0.008964 -0.007674
v 0.120210 0.062716 -0.068186
v 0.117982 0.051156 -0.028138
v 0.114853 0.057924 -0.026041
v 0.117081 0.069483 -0.066090
v -0.002614 0.015731 -0.005577
v 0.117982 0.051156 -0.028138
v 0.058587 0.024090 0.003338
v 0.000515 0.008964 -0.007674
v -0.002614 0.015731 -0.005577
v 0.055458 0.030858 0.005435
v 0.114853 0.057924 -0.026041
v -0.011465 0.020255 -0.063071
v -0.013927 0.020941 -0.063321
v 0.049037 0.048004 -0.090685
v -0.011465 0.020255 -0.063071
v 0.049037 0.048004 -0.090685
v 0.049737 0.046561 -0.089668
v 0.049737 0.046561 -0.089668
v 0.049037 0.048004 -0.090685
v 0.121540 0.064624 -0.068585
v 0.049737 0.046561 -0.089668
v 0.121540 0.064624 -0.068585
v 0.120210 0.062716 -0.068186
v 0.120210 0.062716 -0.068186
v 0.121540 0.064624 -0.068585
v 0.119249 0.052732 -0.027382
v 0.120210 0.062716 -0.068186
v 0.119249 0.052732 -0.027382
v 0.117982 0.051156 -0.028138
v 0.117982 0.051156 -0.028138
v 0.119249 0.052732 -0.027382
v 0.058142 0.024886 0.005001
v 0.117982 0.051156 -0.028138
v 0.058142 0.024886 0.005001
v 0.058587 0.024090 0.003338
v 0.058587 0.024090 0.003338
v 0.058142 0.024886 0.005001
v -0.001603 0.009324 -0.006329
v 0.058587 0.024090 0.003338
v -0.001603 0.009324 -0.006329
v 0.000515 0.008964 -0.007674
v 0.000515 0.008964 -0.007674
v -0.001603 0.009324 -0.006329
v -0.013927 0.020941 -0.063321
v 0.000515 0.008964 -0.007674
v -0.013927 0.020941 -0.063321
v -0.011465 0.020255 -0.063071
v -0.013927 0.020941 -0.063321
v -0.016013 0.025452 -0.061923
v 0.046951 0.052516 -0.089287
v -0.013927 0.020941 -0.063321
v 0.046951 0.052516 -0.089287
v 0.049037 0.048004 -0.090685
v 0.049037 0.048004 -0.090685
v 0.046951 0.052516 -0.089287
v 0.119454 0.069136 -0.067187
v 0.049037 0.048004 -0.090685
v 0.119454 0.069136 -0.067187
v 0.121540 0.064624 -0.068585
v 0.121540 0.064624 -0.068585
v 0.119454 0.069136 -0.067187
v 0.117163 0.057243 -0.025985
v 0.121540 0.064624 -0.068585
v 0.117163 0.057243 -0.025985
v 0.119249 0.052732 -0.027382
v 0.119249 0.052732 -0.027382
v 0.117163 0.057243 -0.025985
v 0.056056 0.029398 0.006398
v 0.119249 0.052732 -0.027382
v 0.056056 0.029398 0.006398
v 0.058142 0.024886 0.005001
v 0.058142 0.024886 0.005001
v 0.056056 0.029398 0.006398
v -0.003689 0.013835 -0.004931
v 0.058142 0.024886 0.005001
v -0.003689 0.013835 -0.004931
v -0.001603 0.009324 -0.006329
v -0.001603 0.009324 -0.006329
v -0.003689 0.013835 -0.004931
v -0.016013 0.025452 -0.061923
v -0.001603 0.009324 -0.006329
v -0.016013 0.025452 -0.061923
v -0.013927 0.020941 -0.063321
v -0.016013 0.025452 -0.061923
v -0.014594 0.027023 -0.060974
v 0.046608 0.053328 -0.087571
v -0.016013 0.025452 -0.061923
v 0.046608 0.053328 -0.087571
v 0.046951 0.052516 -0.089287
v 0.046951 0.052516 -0.089287
v 0.046608 0.053328 -0.087571
v 0.117081 0.069483 -0.066090
v 0.046951 0.052516 -0.089287
v 0.117081 0.069483 -0.066090
v 0.119454 0.069136 -0.067187
v 0.119454 0.069136 -0.067187
v 0.117081 0.069483 -0.066090
v 0.114853 0.057924 -0.026041
v 0.119454 0.069136 -0.067187
v 0.114853 0.057924 -0.026041
v 0.117163 0.057243 -0.025985
v 0.117163 0.057243 -0.025985
v 0.114853 0.057924 -0.026041
v 0.055458 0.030858 0.005435
v 0.117163 0.057243 -0.025985
v 0.055458 0.030858 0.005435
v 0.056056 0.029398 0.006398
v 0.056056 0.029398 0.006398
v 0.055458 0.030858 0.005435
v -0.002614 0.015731 -0.005577
v 0.056056 0.029398 0.006398
v -0.002614 0.015731 -0.005577
v -0.003689 0.013835 -0.004931
v -0.003689 0.013835 -0.004931
v -0.002614 0.015731 -0.005577
v -0.014594 0.027023 -0.060974
v -0.003689 0.013835 -0.004931
v -0.014594 0.027023 -0.060974
v -0.016013 0.025452 -0.061923
v -0.126561 0.018580 0.050469
v -0.115051 0.012948 -0.014222
v -0.007260 0.015226 0.005333
v -0.007332 0.024684 0.004383
v -0.115124 0.022406 -0.015173
v -0.126634 0.028038 0.049518
v -0.126561 0.018580 0.050469
v -0.007260 0.015226 0.005333
v 0.025109 0.020263 0.060669
v 0.025037 0.029721 0.059718
v -0.007332 0.024684 0.004383
v -0.126634 0.028038 0.049518
v 0.025109 0.020263 0.060669
v -0.061572 0.022683 0.093271
v -0.126561 0.018580 0.050469
v -0.126634 0.028038 0.049518
v -0.061645 0.032141 0.092321
v 0.025037 0.029721 0.059718
v -0.115051 0.012948 -0.014222
v -0.116731 0.014048 -0.015883
v -0.005834 0.016393 0.004235
v -0.115051 0.012948 -0.014222
v -0.005834 0.016393 0.004235
v -0.007260 0.015226 0.005333
v -0.007260 0.015226 0.005333
v -0.005834 0.016393 0.004235
v 0.027467 0.021574 0.061165
v -0.007260 0.015226 0.005333
v 0.027467 0.021574 0.061165
v 0.025109 0.020263 0.060669
v 0.025109 0.020263 0.060669
v 0.027467 0.021574 0.061165
v -0.061712 0.024064 0.094706
v 0.025109 0.020263 0.060669
v -0.061712 0.024064 0.094706
v -0.061572 0.022683 0.093271
v -0.061572 0.022683 0.093271
v -0.061712 0.024064 0.094706
v -0.128572 0.019843 0.050671
v -0.061572 0.022683 0.093271
v -0.128572 0.019843 0.050671
v -0.126561 0.018580 0.050469
v -0.126561 0.018580 0.050469
v -0.128572 0.019843 0.050671
v -0.116731 0.014048 -0.015883
v -0.126561 0.018580 0.050469
v -0.116731 0.014048 -0.015883
v -0.115051 0.012948 -0.014222
v -0.116731 0.014048 -0.015883
v -0.116784 0.021017 -0.016584
v -0.005888 0.023362 0.003535
v -0.116731 0.014048 -0.015883
v -0.005888 0.023362 0.003535
v -0.005834 0.016393 0.004235
v -0.005834 0.016393 0.004235
v -0.005888 0.023362 0.003535
v 0.027414 0.028543 0.060464
v -0.005834 0.016393 0.004235
v 0.027414 0.028543 0.060464
v 0.027467 0.021574 0.061165
v 0.027467 0.021574 0.061165
v 0.027414 0.028543 0.060464
v -0.061765 0.031033 0.094006
v 0.027467 0.021574 0.061165
v -0.061765 0.031033 0.094006
v -0.061712 0.024064 0.094706
v -0.061712 0.024064 0.094706
v -0.061765 0.031033 0.094006
v -0.128626 0.026812 0.049971
v -0.061712 0.024064 0.094706
v -0.128626 0.026812 0.049971
v -0.128572 0.019843 0.050671
v -0.128572 0.019843 0.050671
v -0.128626 0.026812 0.049971
v -0.116784 0.021017 -0.016584
v -0.128572 0.019843 0.050671
v -0.116784 0.021017 -0.016584
v -0.116731 0.014048 -0.015883
v -0.116784 0.021017 -0.016584
v -0.115124 0.022406 -0.015173
v -0.007332 0.024684 0.004383
v -0.116784 0.021017 -0.016584
v -0.007332 0.024684 0.004383
v -0.005888 0.023362 0.003535
v -0.005888 0.023362 0.003535
v -0.007332 0.024684 0.004383
v 0.025037 0.029721 0.059718
v -0.005888 0.023362 0.003535
v 0.025037 0.029721 0.059718
v 0.027414 0.028543 0.060464
v 0.027414 0.028543 0.060464
v 0.025037 0.029721 0.059718
v -0.061645 0.032141 0.092321
v 0.027414 0.028543 0.060464
v -0.061645 0.032141 0.092321
v -0.061765 0.031033 0.094006
v -0.061765 0.031033 0.094006
v -0.061645 0.032141 0.092321
v -0.126634 0.028038 0.049518
v -0.061765 0.031033 0.094006
v -0.126634 0.028038 0.049518
v -0.128626 0.026812 0.049971
v -0.128626 0.026812 0.049971
v -0.126634 0.028038 0.049518
v -0.115124 0.022406 -0.015173
v -0.128626 0.026812 0.049971
v -0.115124 0.022406 -0.015173
v -0.116784 0.021017 -0.016584
v 0.014038 0.047208 0.079937
v -0.006165 0.037712 0.023749
v 0.083798 0.030193 -0.001404
v 0.084110 0.036570 -0.002721
v -0.005853 0.044088 0.022432
v 0.014350 0.053585 0.078620
v 0.014038 0.047208 0.079937
v 0.083798 0.030193 -0.001404
v 0.129411 0.034020 0.028073
v 0.129723 0.040397 0.026755
v 0.084110 0.036570 -0.002721
v 0.014350 0.053585 0.078620
v 0.129411 0.034020 0.028073
v 0.094987 0.043687 0.075235
v 0.014038 0.047208 0.079937
v 0.014350 0.053585 0.078620
v 0.095299 0.050063 0.073918
v 0.129723 0.040397 0.026755
v -0.006165 0.037712 0.023749
v -0.008104 0.038913 0.022995
v 0.084451 0.031179 -0.002882
v -0.006165 0.037712 0.023749
v 0.084451 0.031179 -0.002882
v 0.083798 0.030193 -0.001404
v 0.083798 0.030193 -0.001404
v 0.084451 0.031179 -0.002882
v 0.131378 0.035115 0.027444
v 0.083798 0.030193 -0.001404
v 0.131378 0.035115 0.027444
v 0.129411 0.034020 0.028073
v 0.129411 0.034020 0.028073
v 0.131378 0.035115 0.027444
v 0.095962 0.045060 0.075965
v 0.129411 0.034020 0.028073
v 0.095962 0.045060 0.075965
v 0.094987 0.043687 0.075235
v 0.094987 0.043687 0.075235
v 0.095962 0.045060 0.075965
v 0.012681 0.048684 0.080802
v 0.094987 0.043687 0.075235
v 0.012681 0.048684 0.080802
v 0.014038 0.047208 0.079937
v 0.014038 0.047208 0.079937
v 0.012681 0.048684 0.080802
v -0.008104 0.038913 0.022995
v 0.014038 0.047208 0.079937
v -0.008104 0.038913 0.022995
v -0.006165 0.037712 0.023749
v -0.008104 0.038913 0.022995
v -0.007912 0.042838 0.022185
v 0.084643 0.035103 -0.003693
v -0.008104 0.038913 0.022995
v 0.084643 0.035103 -0.003693
v 0.084451 0.031179 -0.002882
v 0.084451 0.031179 -0.002882
v 0.084643 0.035103 -0.003693
v 0.131570 0.039040 0.026633
v 0.084451 0.031179 -0.002882
v 0.131570 0.039040 0.026633
v 0.131378 0.035115 0.027444
v 0.131378 0.035115 0.027444
v 0.131570 0.039040 0.026633
v 0.096154 0.048985 0.075154
v 0.131378 0.035115 0.027444
v 0.096154 0.048985 0.075154
v 0.095962 0.045060 0.075965
v 0.095962 0.045060 0.075965
v 0.096154 0.048985 0.075154
v 0.012873 0.052608 0.079991
v 0.095962 0.045060 0.075965
v 0.012873 0.052608 0.079991
v 0.012681 0.048684 0.080802
v 0.012681 0.048684 0.080802
v 0.012873 0.052608 0.079991
v -0.007912 0.042838 0.022185
v 0.012681 0.048684 0.080802
v -0.007912 0.042838 0.022185
v -0.008104 0.038913 0.022995
v -0.007912 0.042838 0.022185
v -0.005853 0.044088 0.022432
v 0.084110 0.036570 -0.002721
v -0.007912 0.042838 0.022185
v 0.084110 0.036570 -0.002721
v 0.084643 0.035103 -0.003693
v 0.084643 0.035103 -0.003693
v 0.084110 0.036570 -0.002721
v 0.129723 0.040397 0.026755
v 0.084643 0.035103 -0.003693
v 0.129723 0.040397 0.026755
v 0.131570 0.039040 0.026633
v 0.131570 0.039040 0.026633
v 0.129723 0.040397 0.026755
v 0.095299 0.050063 0.073918
v 0.131570 0.039040 0.026633
v 0.095299 0.050063 0.073918
v 0.096154 0.048985 0.075154
v 0.096154 0.048985 0.075154
v 0.095299 0.050063 0.073918
v 0.014350 0.053585 0.078620
v 0.096154 0.048985 0.075154
v 0.014350 0.053585 0.078620
v 0.012873 0.052608 0.079991
v 0.012873 0.052608 0.079991
v 0.014350 0.053585 0.078620
v -0.005853 0.044088 0.022432
v 0.012873 0.052608 0.079991
v -0.005853 0.044088 0.022432
v -0.007912 0.042838 0.022185
v -0.025063 0.032933 0.008611
v -0.012685 0.036408 -0.031659
v 0.028919 0.032792 -0.032211
v 0.029824 0.039702 -0.031316
v -0.011779 0.043317 -0.030764
v -0.024158 0.039842 0.009507
v -0.025063 0.032933 0.008611
v 0.028919 0.032792 -0.032211
v 0.038571 0.028272 0.000111
v 0.039476 0.035181 0.001006
v 0.029824 0.039702 -0.031316
v -0.024158 0.039842 0.009507
v -0.025063 0.032933 0.008611
v 0.038571 0.028272 0.000111
v 0.025327 0.026361 0.027267
v 0.026232 0.033271 0.028163
v 0.039476 0.035181 0.001006
v -0.024158 0.039842 0.009507
v 0.025327 0.026361 0.027267
v -0.005443 0.028290 0.034238
v -0.025063 0.032933 0.008611
v -0.024158 0.039842 0.009507
v -0.004538 0.035200 0.035133
v 0.026232 0.033271 0.028163
v -0.012685 0.036408 -0.031659
v -0.013127 0.037802 -0.032442
v 0.029675 0.034082 -0.033009
v -0.012685 0.036408 -0.031659
v 0.029675 0.034082 -0.033009
v 0.028919 0.032792 -0.032211
v 0.028919 0.032792 -0.032211
v 0.029675 0.034082 -0.033009
v 0.039605 0.029432 0.000243
v 0.028919 0.032792 -0.032211
v 0.039605 0.029432 0.000243
v 0.038571 0.028272 0.000111
v 0.038571 0.028272 0.000111
v 0.039605 0.029432 0.000243
v 0.025980 0.027466 0.028182
v 0.038571 0.028272 0.000111
v 0.025980 0.027466 0.028182
v 0.025327 0.026361 0.027267
v 0.025327 0.026361 0.027267
v 0.025980 0.027466 0.028182
v -0.005677 0.029451 0.035354
v 0.025327 0.026361 0.027267
v -0.005677 0.029451 0.035354
v -0.005443 0.028290 0.034238
v -0.005443 0.028290 0.034238
v -0.005677 0.029451 0.035354
v -0.025862 0.034227 0.008989
v -0.005443 0.028290 0.034238
v -0.025862 0.034227 0.008989
v -0.025063 0.032933 0.008611
v -0.025063 0.032933 0.008611
v -0.025862 0.034227 0.008989
v -0.013127 0.037802 -0.032442
v -0.025063 0.032933 0.008611
v -0.013127 0.037802 -0.032442
v -0.012685 0.036408 -0.031659
v -0.013127 0.037802 -0.032442
v -0.012545 0.042244 -0.031866
v 0.030257 0.038524 -0.032434
v -0.013127 0.037802 -0.032442
v 0.030257 0.038524 -0.032434
v 0.029675 0.034082 -0.033009
v 0.029675 0.034082 -0.033009
v 0.030257 0.038524 -0.032434
v 0.040187 0.033874 0.000819
v 0.029675 0.034082 -0.033009
v 0.040187 0.033874 0.000819
v 0.039605 0.029432 0.000243
v 0.039605 0.029432 0.000243
v 0.040187 0.033874 0.000819
v 0.026562 0.031908 0.028758
v 0.039605 0.029432 0.000243
v 0.026562 0.031908 0.028758
v 0.025980 0.027466 0.028182
v 0.025980 0.027466 0.028182
v 0.026562 0.031908 0.028758
v -0.005094 0.033893 0.035929
v 0.025980 0.027466 0.028182
v -0.005094 0.033893 0.035929
v -0.005677 0.029451 0.035354
v -0.005677 0.029451 0.035354
v -0.005094 0.033893 0.035929
v -0.025280 0.038669 0.009564
v -0.005677 0.029451 0.035354
v -0.025280 0.038669 0.009564
v -0.025862 0.034227 0.008989
v -0.025862 0.034227 0.008989
v -0.025280 0.038669 0.009564
v -0.012545 0.042244 -0.031866
v -0.025862 0.034227 0.008989
v -0.012545 0.042244 -0.031866
v -0.013127 0.037802 -0.032442
v -0.012545 0.042244 -0.031866
v -0.011779 0.043317 -0.030764
v 0.029824 0.039702 -0.031316
v -0.012545 0.042244 -0.031866
v 0.029824 0.039702 -0.031316
v 0.030257 0.038524 -0.032434
v 0.030257 0.038524 -0.032434
v 0.029824 0.039702 -0.031316
v 0.039476 0.035181 0.001006
v 0.030257 0.038524 -0.032434
v 0.039476 0.035181 0.001006
v 0.040187 0.033874 0.000819
v 0.040187 0.033874 0.000819
v 0.039476 0.035181 0.001006
v 0.026232 0.033271 0.028163
v 0.040187 0.033874 0.000819
v 0.026232 0.033271 0.028163
v 0.026562 0.031908 0.028758
v 0.026562 0.031908 0.028758
v 0.026232 0.033271 0.028163
v -0.004538 0.035200 0.035133
v 0.026562 0.031908 0.028758
v -0.004538 0.035200 0.035133
v -0.005094 0.033893 0.035929
v -0.005094 0.033893 0.035929
v -0.004538 0.035200 0.035133
v -0.024158 0.039842 0.009507
v -0.005094 0.033893 0.035929
v -0.024158 0.039842 0.009507
v -0.025280 0.038669 0.009564
v -0.025280 0.038669 0.009564
v -0.024158 0.039842 0.009507
v -0.011779 0.043317 -0.030764
v -0.025280 0.038669 0.009564
v -0.011779 0.043317 -0.030764
v -0.012545 0.042244 -0.031866
vn -0.030169 -0.996803 -0.073983
vn -0.030169 -0.996803 -0.073983
vn -0.030169 -0.996803 -0.073983
vn 0.030169 0.996803 0.073983
vn 0.030169 0.996803 0.073983
vn 0.030169 0.996803 0.073983
vn -0.030169 -0.996803 -0.073983
vn -0.030169 -0.996803 -0.073983
vn -0.030169 -0.996803 -0.073983
vn 0.030169 0.996803 0.073983
vn 0.030169 0.996803 0.073983
vn 0.030169 0.996803 0.073983
vn -0.030169 -0.996803 -0.073983
vn -0.030169 -0.996803 -0.073983
vn -0.030169 -0.996803 -0.073983
vn 0.030169 0.996803 0.073983
vn 0.030169 0.996803 0.073983
vn 0.030169 0.996803 0.073983
vn 0.023484 -0.690662 -0.722796
vn 0.023484 -0.690662 -0.722796
vn 0.023484 -0.690662 -0.722796
vn 0.023484 -0.690662 -0.722796
vn 0.023484 -0.690662 -0.722796
vn 0.023484 -0.690662 -0.722796
vn 0.470735 -0.773243 -0.424857
vn 0.470735 -0.773243 -0.424857
vn 0.470735 -0.773243 -0.424857
vn 0.470735 -0.773243 -0.424857
vn 0.470735 -0.773243 -0.424857
vn 0.470735 -0.773243 -0.424857
vn 0.423544 -0.857325 0.292583
vn 0.423544 -0.857325 0.292583
vn 0.423544 -0.857325 0.292583
vn 0.423544 -0.857325 0.292583
vn 0.423544 -0.857325 0.292583
vn 0.423544 -0.857325 0.292583
vn -0.063943 -0.788171 0.612126
vn -0.063943 -0.788171 0.612126
vn -0.063943 -0.788171 0.612126
vn -0.063943 -0.788171 0.612126
vn -0.063943 -0.788171 0.612126
vn -0.063943 -0.788171 0.612126
vn -0.539578 -0.841864 -0.010978
vn -0.539578 -0.841864 -0.010978
vn -0.539578 -0.841864 -0.010978
vn -0.539578 -0.841864 -0.010978
vn -0.539578 -0.841864 -0.010978
vn -0.539578 -0.841864 -0.010978
vn 0.068580 0.081216 -0.994334
vn 0.068580 0.081216 -0.994334
vn 0.068580 0.081216 -0.994334
vn 0.068580 0.081216 -0.994334
vn 0.068580 0.081216 -0.994334
vn 0.068580 0.081216 -0.994334
vn 0.803024 0.014478 -0.595771
vn 0.803024 0.014478 -0.595771
vn 0.803024 0.014478 -0.595771
vn 0.803024 0.014478 -0.595771
vn 0.803024 0.014478 -0.595771
vn 0.803024 0.014478 -0.595771
vn 0.782871 -0.087345 0.616022
vn 0.782871 -0.087345 0.616022
vn 0.782871 -0.087345 0.616022
vn 0.782871 -0.087345 0.616022
vn 0.782871 -0.087345 0.616022
vn 0.782871 -0.087345 0.616022
vn -0.062291 -0.081532 0.994722
vn -0.062291 -0.081532 0.994722
vn -0.062291 -0.081532 0.994722
vn -0.062291 -0.081532 0.994722
vn -0.062291 -0.081532 0.994722
vn -0.062291 -0.081532 0.994722
vn -0.994098 0.035921 0.102370
vn -0.994098 0.035921 0.102370
vn -0.994098 0.035921 0.102370
vn -0.994098 0.035921 0.102370
vn -0.994098 0.035921 0.102370
vn -0.994098 0.035921 0.102370
vn 0.067949 0.792214 -0.606449
vn 0.067949 0.792214 -0.606449
vn 0.067949 0.792214 -0.606449
vn 0.067949 0.792214 -0.606449
vn 0.067949 0.792214 -0.606449
vn 0.067949 0.792214 -0.606449
vn 0.520814 0.795245 -0.310383
vn 0.520814 0.795245 -0.310383
vn 0.520814 0.795245 -0.310383
vn 0.520814 0.795245 -0.310383
vn 0.520814 0.795245 -0.310383
vn 0.520814 0.795245 -0.310383
vn 0.480440 0.770230 0.419432
vn 0.480440 0.770230 0.419432
vn 0.480440 0.770230 0.419432
vn 0.480440 0.770230 0.419432
vn 0.480440 0.770230 0.419432
vn 0.480440 0.770230 0.419432
vn -0.019727 0.685393 0.727906
vn -0.019727 0.685393 0.727906
vn -0.019727 0.685393 0.727906
vn -0.019727 0.685393 0.727906
vn -0.019727 0.685393 0.727906
vn -0.019727 0.685393 0.727906
vn -0.481777 0.868666 0.115374
vn -0.481777 0.868666 0.115374
vn -0.481777 0.868666 0.115374
vn -0.481777 0.868666 0.115374
vn -0.481777 0.868666 0.115374
vn -0.481777 0.868666 0.115374
vn 0.288264 -0.924148 -0.250707
vn 0.288264 -0.924148 -0.250707
vn 0.288264 -0.924148 -0.250707
vn -0.288264 0.924148 0.250707
vn -0.288264 0.924148 0.250707
vn -0.288264 0.924148 0.250707
vn 0.288264 -0.924148 -0.250707
vn 0.288264 -0.924148 -0.250707
vn 0.288264 -0.924148 -0.250707
vn -0.288264 0.924148 0.250707
vn -0.288264 0.924148 0.250707
vn -0.288264 0.924148 0.250707
vn 0.288264 -0.924148 -0.250707
vn 0.288264 -0.924148 -0.250707
vn 0.288264 -0.924148 -0.250707
vn -0.288264 0.924148 0.250707
vn -0.288264 0.924148 0.250707
vn -0.288264 0.924148 0.250707
vn 0.288264 -0.924148 -0.250707
vn 0.288264 -0.924148 -0.250707
vn 0.288264 -0.924148 -0.250707
vn -0.288264 0.924148 0.250707
vn -0.288264 0.924148 0.250707
vn -0.288264 0.924148 0.250707
vn -0.086511 -0.601615 -0.794088
vn -0.086511 -0.601615 -0.794088
vn -0.086511 -0.601615 -0.794088
vn -0.086511 -0.601615 -0.794088
vn -0.086511 -0.601615 -0.794088
vn -0.086511 -0.601615 -0.794088
vn 0.351305 -0.419522 -0.837010
vn 0.351305 -0.419522 -0.837010
vn 0.351305 -0.419522 -0.837010
vn 0.351305 -0.419522 -0.837010
vn 0.351305 -0.419522 -0.837010
vn 0.351305 -0.419522 -0.837010
vn 0.801662 -0.584735 -0.124191
vn 0.801662 -0.584735 -0.124191
vn 0.801662 -0.584735 -0.124191
vn 0.801662 -0.584735 -0.124191
vn 0.801662 -0.584735 -0.124191
vn 0.801662 -0.584735 -0.124191
vn 0.560726 -0.678358 0.474781
vn 0.560726 -0.678358 0.474781
vn 0.560726 -0.678358 0.474781
vn 0.560726 -0.678358 0.474781
vn 0.560726 -0.678358 0.474781
vn 0.560726 -0.678358 0.474781
vn 0.141747 -0.877580 0.457997
vn 0.141747 -0.877580 0.457997
vn 0.141747 -0.877580 0.457997
vn 0.141747 -0.877580 0.457997
vn 0.141747 -0.877580 0.457997
vn 0.141747 -0.877580 0.457997
vn -0.252037 -0.957442 -0.140652
vn -0.252037 -0.957442 -0.140652
vn -0.252037 -0.957442 -0.140652
vn -0.252037 -0.957442 -0.140652
vn -0.252037 -0.957442 -0.140652
vn -0.252037 -0.957442 -0.140652
vn -0.426615 0.081839 -0.900723
vn -0.426615 0.081839 -0.900723
vn -0.426615 0.081839 -0.900723
vn -0.426615 0.081839 -0.900723
vn -0.426615 0.081839 -0.900723
vn -0.426615 0.081839 -0.900723
vn 0.192103 0.370419 -0.908783
vn 0.192103 0.370419 -0.908783
vn 0.192103 0.370419 -0.908783
vn 0.192103 0.370419 -0.908783
vn 0.192103 0.370419 -0.908783
vn 0.192103 0.370419 -0.908783
vn 0.913985 0.373457 0.158620
vn 0.913985 0.373457 0.158620
vn 0.913985 0.373457 0.158620
vn 0.913985 0.373457 0.158620
vn 0.913985 0.373457 0.158620
vn 0.913985 0.373457 0.158620
vn 0.484300 -0.046779 0.873651
vn 0.484300 -0.046779 0.873651
vn 0.484300 -0.046779 0.873651
vn 0.484300 -0.046779 0.873651
vn 0.484300 -0.046779 0.873651
vn 0.484300 -0.046779 0.873651
vn -0.091227 -0.332986 0.938508
vn -0.091227 -0.332986 0.938508
vn -0.091227 -0.332986 0.938508
vn -0.091227 -0.332986 0.938508
vn -0.091227 -0.332986 0.938508
vn -0.091227 -0.332986 0.938508
vn -0.890478 -0.443402 0.102190
vn -0.890478 -0.443402 0.102190
vn -0.890478 -0.443402 0.102190
vn -0.890478 -0.443402 0.102190
vn -0.890478 -0.443402 0.102190
vn -0.890478 -0.443402 0.102190
vn -0.510420 0.733168 -0.449373
vn -0.510420 0.733168 -0.449373
vn -0.510420 0.733168 -0.449373
vn -0.510420 0.733168 -0.449373
vn -0.510420 0.733168 -0.449373
vn -0.510420 0.733168 -0.449373
vn -0.071635 0.895797 -0.438653
vn -0.071635 0.895797 -0.438653
vn -0.071635 0.895797 -0.438653
vn -0.071635 0.895797 -0.438653
vn -0.071635 0.895797 -0.438653
vn -0.071635 0.895797 -0.438653
vn 0.264934 0.922423 0.280973
vn 0.264934 0.922423 0.280973
vn 0.264934 0.922423 0.280973
vn 0.264934 0.922423 0.280973
vn 0.264934 0.922423 0.280973
vn 0.264934 0.922423 0.280973
vn 0.153574 0.587212 0.794731
vn 0.153574 0.587212 0.794731
vn 0.153574 0.587212 0.794731
vn 0.153574 0.587212 0.794731
vn 0.153574 0.587212 0.794731
vn 0.153574 0.587212 0.794731
vn -0.277708 0.447172 0.850245
vn -0.277708 0.447172 0.850245
vn -0.277708 0.447172 0.850245
vn -0.277708 0.447172 0.850245
vn -0.277708 0.447172 0.850245
vn -0.277708 0.447172 0.850245
vn -0.790313 0.544052 0.281801
vn -0.790313 0.544052 0.281801
vn -0.790313 0.544052 0.281801
vn -0.790313 0.544052 0.281801
vn -0.790313 0.544052 0.281801
vn -0.790313 0.544052 0.281801
vn 0.005157 -0.996138 0.087651
vn 0.005157 -0.996138 0.087651
vn 0.005157 -0.996138 0.087651
vn -0.005157 0.996138 -0.087651
vn -0.005157 0.996138 -0.087651
vn -0.005157 0.996138 -0.087651
vn 0.005157 -0.996138 0.087651
vn 0.005157 -0.996138 0.087651
vn 0.005157 -0.996138 0.087651
vn -0.005157 0.996138 -0.087651
vn -0.005157 0.996138 -0.087651
vn -0.005157 0.996138 -0.087651
vn 0.005157 -0.996138 0.087651
vn 0.005157 -0.996138 0.087651
vn 0.005157 -0.996138 0.087651
vn -0.005157 0.996138 -0.087651
vn -0.005157 0.996138 -0.087651
vn -0.005157 0.996138 -0.087651
vn 0.131544 -0.759945 -0.636538
vn 0.131544 -0.759945 -0.636538
vn 0.131544 -0.759945 -0.636538
vn 0.131544 -0.759945 -0.636538
vn 0.131544 -0.759945 -0.636538
vn 0.131544 -0.759945 -0.636538
vn 0.509234 -0.831449 -0.222202
vn 0.509234 -0.831449 -0.222202
vn 0.509234 -0.831449 -0.222202
vn 0.509234 -0.831449 -0.222202
vn 0.509234 -0.831449 -0.222202
vn 0.509234 -0.831449 -0.222202
vn 0.238535 -0.688104 0.685284
vn 0.238535 -0.688104 0.685284
vn 0.238535 -0.688104 0.685284
vn 0.238535 -0.688104 0.685284
vn 0.238535 -0.688104 0.685284
vn 0.238535 -0.688104 0.685284
vn -0.368693 -0.687439 0.625694
vn -0.368693 -0.687439 0.625694
vn -0.368693 -0.687439 0.625694
vn -0.368693 -0.687439 0.625694
vn -0.368693 -0.687439 0.625694
vn -0.368693 -0.687439 0.625694
vn -0.533158 -0.845749 -0.021220
vn -0.533158 -0.845749 -0.021220
vn -0.533158 -0.845749 -0.021220
vn -0.533158 -0.845749 -0.021220
vn -0.533158 -0.845749 -0.021220
vn -0.533158 -0.845749 -0.021220
vn 0.179647 -0.097007 -0.978936
vn 0.179647 -0.097007 -0.978936
vn 0.179647 -0.097007 -0.978936
vn 0.179647 -0.097007 -0.978936
vn 0.179647 -0.097007 -0.978936
vn 0.179647 -0.097007 -0.978936
vn 0.864072 -0.043767 -0.501461
vn 0.864072 -0.043767 -0.501461
vn 0.864072 -0.043767 -0.501461
vn 0.864072 -0.043767 -0.501461
vn 0.864072 -0.043767 -0.501461
vn 0.864072 -0.043767 -0.501461
vn 0.352756 0.096250 0.930752
vn 0.352756 0.096250 0.930752
vn 0.352756 0.096250 0.930752
vn 0.352756 0.096250 0.930752
vn 0.352756 0.096250 0.930752
vn 0.352756 0.096250 0.930752
vn -0.551789 0.079204 0.830214
vn -0.551789 0.079204 0.830214
vn -0.551789 0.079204 0.830214
vn -0.551789 0.079204 0.830214
vn -0.551789 0.079204 0.830214
vn -0.551789 0.079204 0.830214
vn -0.984604 -0.024944 -0.173009
vn -0.984604 -0.024944 -0.173009
vn -0.984604 -0.024944 -0.173009
vn -0.984604 -0.024944 -0.173009
vn -0.984604 -0.024944 -0.173009
vn -0.984604 -0.024944 -0.173009
vn 0.125862 0.629091 -0.767074
vn 0.125862 0.629091 -0.767074
vn 0.125862 0.629091 -0.767074
vn 0.125862 0.629091 -0.767074
vn 0.125862 0.629091 -0.767074
vn 0.125862 0.629091 -0.767074
vn 0.502844 0.783328 -0.365440
vn 0.502844 0.783328 -0.365440
vn 0.502844 0.783328 -0.365440
vn 0.502844 0.783328 -0.365440
vn 0.502844 0.783328 -0.365440
vn 0.502844 0.783328 -0.365440
vn 0.227909 0.806108 0.546121
vn 0.227909 0.806108 0.546121
vn 0.227909 0.806108 0.546121
vn 0.227909 0.806108 0.546121
vn 0.227909 0.806108 0.546121
vn 0.227909 0.806108 0.546121
vn -0.373017 0.787320 0.490902
vn -0.373017 0.787320 0.490902
vn -0.373017 0.787320 0.490902
vn -0.373017 0.787320 0.490902
vn -0.373017 0.787320 0.490902
vn -0.373017 0.787320 0.490902
vn -0.544064 0.821977 -0.168370
vn -0.544064 0.821977 -0.168370
vn -0.544064 0.821977 -0.168370
vn -0.544064 0.821977 -0.168370
vn -0.544064 0.821977 -0.168370
vn -0.544064 0.821977 -0.168370
vn -0.032453 -0.983514 0.177897
vn -0.032453 -0.983514 0.177897
vn -0.032453 -0.983514 0.177897
vn 0.032453 0.983514 -0.177897
vn 0.032453 0.983514 -0.177897
vn 0.032453 0.983514 -0.177897
vn -0.032453 -0.983514 0.177897
vn -0.032453 -0.983514 0.177897
vn -0.032453 -0.983514 0.177897
vn 0.032453 0.983514 -0.177897
vn 0.032453 0.983514 -0.177897
vn 0.032453 0.983514 -0.177897
vn -0.032453 -0.983514 0.177897
vn -0.032453 -0.983514 0.177897
vn -0.032453 -0.983514 0.177897
vn 0.032453 0.983514 -0.177897
vn 0.032453 0.983514 -0.177897
vn 0.032453 0.983514 -0.177897
vn -0.233528 -0.758365 -0.608561
vn -0.233528 -0.758365 -0.608561
vn -0.233528 -0.758365 -0.608561
vn -0.233528 -0.758365 -0.608561
vn -0.233528 -0.758365 -0.608561
vn -0.233528 -0.758365 -0.608561
vn 0.338327 -0.845156 -0.413820
vn 0.338327 -0.845156 -0.413820
vn 0.338327 -0.845156 -0.413820
vn 0.338327 -0.845156 -0.413820
vn 0.338327 -0.845156 -0.413820
vn 0.338327 -0.845156 -0.413820
vn 0.535965 -0.659976 0.526473
vn 0.535965 -0.659976 0.526473
vn 0.535965 -0.659976 0.526473
vn 0.535965 -0.659976 0.526473
vn 0.535965 -0.659976 0.526473
vn 0.535965 -0.659976 0.526473
vn 0.029664 -0.485074 0.873970
vn 0.029664 -0.485074 0.873970
vn 0.029664 -0.485074 0.873970
vn 0.029664 -0.485074 0.873970
vn 0.029664 -0.485074 0.873970
vn 0.029664 -0.485074 0.873970
vn -0.587140 -0.736635 0.335612
vn -0.587140 -0.736635 0.335612
vn -0.587140 -0.736635 0.335612
vn -0.587140 -0.736635 0.335612
vn -0.587140 -0.736635 0.335612
vn -0.587140 -0.736635 0.335612
vn -0.278828 -0.181203 -0.943091
vn -0.278828 -0.181203 -0.943091
vn -0.278828 -0.181203 -0.943091
vn -0.278828 -0.181203 -0.943091
vn -0.278828 -0.181203 -0.943091
vn -0.278828 -0.181203 -0.943091
vn 0.543820 -0.195222 -0.816179
vn 0.543820 -0.195222 -0.816179
vn 0.543820 -0.195222 -0.816179
vn 0.543820 -0.195222 -0.816179
vn 0.543820 -0.195222 -0.816179
vn 0.543820 -0.195222 -0.816179
vn 0.812856 0.079452 0.577020
vn 0.812856 0.079452 0.577020
vn 0.812856 0.079452 0.577020
vn 0.812856 0.079452 0.577020
vn 0.812856 0.079452 0.577020
vn 0.812856 0.079452 0.577020
vn 0.065449 0.198821 0.977848
vn 0.065449 0.198821 0.977848
vn 0.065449 0.198821 0.977848
vn 0.065449 0.198821 0.977848
vn 0.065449 0.198821 0.977848
vn 0.065449 0.198821 0.977848
vn -0.940976 0.112014 0.319401
vn -0.940976 0.112014 0.319401
vn -0.940976 0.112014 0.319401
vn -0.940976 0.112014 0.319401
vn -0.940976 0.112014 0.319401
vn -0.940976 0.112014 0.319401
vn -0.196340 0.490725 -0.848905
vn -0.196340 0.490725 -0.848905
vn -0.196340 0.490725 -0.848905
vn -0.196340 0.490725 -0.848905
vn -0.196340 0.490725 -0.848905
vn -0.196340 0.490725 -0.848905
vn 0.396893 0.602559 -0.692386
vn 0.396893 0.602559 -0.692386
vn 0.396893 0.602559 -0.692386
vn 0.396893 0.602559 -0.692386
vn 0.396893 0.602559 -0.692386
vn 0.396893 0.602559 -0.692386
vn 0.582040 0.767925 0.267435
vn 0.582040 0.767925 0.267435
vn 0.582040 0.767925 0.267435
vn 0.582040 0.767925 0.267435
vn 0.582040 0.767925 0.267435
vn 0.582040 0.767925 0.267435
vn 0.070193 0.775140 0.627878
vn 0.070193 0.775140 0.627878
vn 0.070193 0.775140 0.627878
vn 0.070193 0.775140 0.627878
vn 0.070193 0.775140 0.627878
vn 0.070193 0.775140 0.627878
vn -0.522645 0.851413 0.044018
vn -0.522645 0.851413 0.044018
vn -0.522645 0.851413 0.044018
vn -0.522645 0.851413 0.044018
vn -0.522645 0.851413 0.044018
vn -0.522645 0.851413 0.044018
vn -0.087502 -0.989813 -0.112309
vn -0.087502 -0.989813 -0.112309
vn -0.087502 -0.989813 -0.112309
vn 0.087502 0.989813 0.112309
vn 0.087502 0.989813 0.112309
vn 0.087502 0.989813 0.112309
vn -0.087502 -0.989813 -0.112309
vn -0.087502 -0.989813 -0.112309
vn -0.087502 -0.989813 -0.112309
vn 0.087502 0.989813 0.112309
vn 0.087502 0.989813 0.112309
vn 0.087502 0.989813 0.112309
vn -0.087502 -0.989813 -0.112309
vn -0.087502 -0.989813 -0.112309
vn -0.087502 -0.989813 -0.112309
vn 0.087502 0.989813 0.112309
vn 0.087502 0.989813 0.112309
vn 0.087502 0.989813 0.112309
vn -0.087502 -0.989813 -0.112309
vn -0.087502 -0.989813 -0.112309
vn -0.087502 -0.989813 -0.112309
vn 0.087502 0.989813 0.112309
vn 0.087502 0.989813 0.112309
vn 0.087502 0.989813 0.112309
vn -0.055063 -0.501962 -0.863135
vn -0.055063 -0.501962 -0.863135
vn -0.055063 -0.501962 -0.863135
vn -0.055063 -0.501962 -0.863135
vn -0.055063 -0.501962 -0.863135
vn -0.055063 -0.501962 -0.863135
vn 0.728059 -0.614723 -0.303390
vn 0.728059 -0.614723 -0.303390
vn 0.728059 -0.614723 -0.303390
vn 0.728059 -0.614723 -0.303390
vn 0.728059 -0.614723 -0.303390
vn 0.728059 -0.614723 -0.303390
vn 0.696463 -0.654783 0.293596
vn 0.696463 -0.654783 0.293596
vn 0.696463 -0.654783 0.293596
vn 0.696463 -0.654783 0.293596
vn 0.696463 -0.654783 0.293596
vn 0.696463 -0.654783 0.293596
vn 0.122523 -0.674952 0.727618
vn 0.122523 -0.674952 0.727618
vn 0.122523 -0.674952 0.727618
vn 0.122523 -0.674952 0.727618
vn 0.122523 -0.674952 0.727618
vn 0.122523 -0.674952 0.727618
vn -0.703114 -0.561226 0.436642
vn -0.703114 -0.561226 0.436642
vn -0.703114 -0.561226 0.436642
vn -0.703114 -0.561226 0.436642
vn -0.703114 -0.561226 0.436642
vn -0.703114 -0.561226 0.436642
vn -0.848672 -0.436613 -0.298539
vn -0.848672 -0.436613 -0.298539
vn -0.848672 -0.436613 -0.298539
vn -0.848672 -0.436613 -0.298539
vn -0.848672 -0.436613 -0.298539
vn -0.848672 -0.436613 -0.298539
vn -0.001957 0.128776 -0.991672
vn -0.001957 0.128776 -0.991672
vn -0.001957 0.128776 -0.991672
vn -0.001957 0.128776 -0.991672
vn -0.001957 0.128776 -0.991672
vn -0.001957 0.128776 -0.991672
vn 0.951244 -0.086276 -0.296127
vn 0.951244 -0.086276 -0.296127
vn 0.951244 -0.086276 -0.296127
vn 0.951244 -0.086276 -0.296127
vn 0.951244 -0.086276 -0.296127
vn 0.951244 -0.086276 -0.296127
vn 0.890209 -0.171359 0.422095
vn 0.890209 -0.171359 0.422095
vn 0.890209 -0.171359 0.422095
vn 0.890209 -0.171359 0.422095
vn 0.890209 -0.171359 0.422095
vn 0.890209 -0.171359 0.422095
vn 0.209252 -0.152598 0.965882
vn 0.209252 -0.152598 0.965882
vn 0.209252 -0.152598 0.965882
vn 0.209252 -0.152598 0.965882
vn 0.209252 -0.152598 0.965882
vn 0.209252 -0.152598 0.965882
vn -0.791617 0.024613 0.610522
vn -0.791617 0.024613 0.610522
vn -0.791617 0.024613 0.610522
vn -0.791617 0.024613 0.610522
vn -0.791617 0.024613 0.610522
vn -0.791617 0.024613 0.610522
vn -0.947331 0.160088 -0.277374
vn -0.947331 0.160088 -0.277374
vn -0.947331 0.160088 -0.277374
vn -0.947331 0.160088 -0.277374
vn -0.947331 0.160088 -0.277374
vn -0.947331 0.160088 -0.277374
vn 0.051136 0.697506 -0.714752
vn 0.051136 0.697506 -0.714752
vn 0.051136 0.697506 -0.714752
vn 0.051136 0.697506 -0.714752
vn 0.051136 0.697506 -0.714752
vn 0.051136 0.697506 -0.714752
vn 0.851820 0.489749 -0.185872
vn 0.851820 0.489749 -0.185872
vn 0.851820 0.489749 -0.185872
vn 0.851820 0.489749 -0.185872
vn 0.851820 0.489749 -0.185872
vn 0.851820 0.489749 -0.185872
vn 0.818889 0.384196 0.426396
vn 0.818889 0.384196 0.426396
vn 0.818889 0.384196 0.426396
vn 0.818889 0.384196 0.426396
vn 0.818889 0.384196 0.426396
vn 0.818889 0.384196 0.426396
vn 0.224804 0.435020 0.871906
vn 0.224804 0.435020 0.871906
vn 0.224804 0.435020 0.871906
vn 0.224804 0.435020 0.871906
vn 0.224804 0.435020 0.871906
vn 0.224804 0.435020 0.871906
vn -0.587019 0.588435 0.556016
vn -0.587019 0.588435 0.556016
vn -0.587019 0.588435 0.556016
vn -0.587019 0.588435 0.556016
vn -0.587019 0.588435 0.556016
vn -0.587019 0.588435 0.556016
vn -0.717278 0.677695 -0.161996
vn -0.717278 0.677695 -0.161996
vn -0.717278 0.677695 -0.161996
vn -0.717278 0.677695 -0.161996
vn -0.717278 0.677695 -0.161996
vn -0.717278 0.677695 -0.161996
vt 0.375000000 0.750000000
vt 0.375000000 0.750000000
vt 0.375000000 0.750000000
vt 0.125000000 0.750000000
vt 0.125000000 0.750000000
vt 0.125000000 0.750000000
vt 0.375000000 0.750000000
vt 0.375000000 0.750000000
vt 0.375000000 0.750000000
vt 0.125000000 0.750000000
vt 0.125000000 0.750000000
vt 0.125000000 0.750000000
vt 0.375000000 0.750000000
vt 0.375000000 0.750000000
vt 0.375000000 0.750000000
vt 0.125000000 0.750000000
vt 0.125000000 0.750000000
vt 0.125000000 0.750000000
vt 0.125000000 0.250000000
vt 0.125000000 0.250000000
vt 0.125000000 0.250000000
vt 0.125000000 0.250000000
vt 0.125000000 0.250000000
vt 0.125000000 0.250000000
vt 0.625000000 0.250000000
vt 0.625000000 0.250000000
vt 0.625000000 0.250000000
vt 0.625000000 0.250000000
vt 0.625000000 0.250000000
vt 0.625000000 0.250000000
vt 0.875000000 0.250000000
vt 0.875000000 0.250000000
vt 0.875000000 0.250000000
vt 0.875000000 0.250000000
vt 0.875000000 0.250000000
vt 0.875000000 0.250000000
vt 0.125000000 0.250000000
vt 0.125000000 0.250000000
vt 0.125000000 0.250000000
vt 0.125000000 0.250000000
vt 0.125000000 0.250000000
vt 0.125000000 0.250000000
vt 0.625000000 0.250000000
vt 0.625000000 0.250000000
vt 0.625000000 0.250000000
vt 0.625000000 0.250000000
vt 0.625000000 0.250000000
vt 0.625000000 0.250000000
vt 0.625000000 0.250000000
vt 0.625000000 0.250000000
vt 0.625000000 0.250000000
vt 0.625000000 0.250000000
vt 0.625000000 0.250000000
vt 0.625000000 0.250000000
vt 0.875000000 0.250000000
vt 0.875000000 0.250000000
vt 0.875000000 0.250000000
vt 0.875000000 0.250000000
vt 0.875000000 0.250000000
vt 0.875000000 0.250000000
vt 0.125000000 0.250000000
vt 0.125000000 0.250000000
vt 0.125000000 0.250000000
vt 0.125000000 0.250000000
vt 0.125000000 0.250000000
vt 0.125000000 0.250000000
vt 0.625000000 0.250000000
vt 0.625000000 0.250000000
vt 0.625000000 0.250000000
vt 0.625000000 0.250000000
vt 0.625000000 0.250000000
vt 0.625000000 0.250000000
vt 0.875000000 0.250000000
vt 0.875000000 0.250000000
vt 0.875000000 0.250000000
vt 0.875000000 0.250000000
vt 0.875000000 0.250000000
vt 0.875000000 0.250000000
vt 0.875000000 0.250000000
vt 0.875000000 0.250000000
vt 0.875000000 0.250000000
vt 0.875000000 0.250000000
vt 0.875000000 0.250000000
vt 0.875000000 0.250000000
vt 0.125000000 0.250000000
vt 0.125000000 0.250000000
vt 0.125000000 0.250000000
vt 0.125000000 0.250000000
vt 0.125000000 0.250000000
vt 0.125000000 0.250000000
vt 0.625000000 0.250000000
vt 0.625000000 0.250000000
vt 0.625000000 0.250000000
vt 0.625000000 0.250000000
vt 0.625000000 0.250000000
vt 0.625000000 0.250000000
vt 0.875000000 0.250000000
vt 0.875000000 0.250000000
vt 0.875000000 0.250000000
vt 0.875000000 0.250000000
vt 0.875000000 0.250000000
vt 0.875000000 0.250000000
vt 0.125000000 0.250000000
vt 0.125000000 0.250000000
vt 0.125000000 0.250000000
vt 0.125000000 0.250000000
vt 0.125000000 0.250000000
vt 0.125000000 0.250000000
vt 0.625000000 0.250000000
vt 0.625000000 0.250000000
vt 0.625000000 0.250000000
vt 0.375000000 0.250000000
vt 0.375000000 0.250000000
vt 0.375000000 0.250000000
vt 0.625000000 0.250000000
vt 0.625000000 0.250000000
vt 0.625000000 0.250000000
vt 0.375000000 0.250000000
vt 0.375000000 0.250000000
vt 0.375000000 0.250000000
vt 0.625000000 0.250000000
vt 0.625000000 0.250000000
vt 0.625000000 0.250000000
vt 0.375000000 0.250000000
vt 0.375000000 0.250000000
vt 0.375000000 0.250000000
vt 0.625000000 0.250000000
vt 0.625000000 0.250000000
vt 0.625000000 0.250000000
vt 0.375000000 0.250000000
vt 0.375000000 0.250000000
vt 0.375000000 0.250000000
vt 0.125000000 0.250000000
vt 0.125000000 0.250000000
vt 0.125000000 0.250000000
vt 0.125000000 0.250000000
vt 0.125000000 0.250000000
vt 0.125000000 0.250000000
vt 0.625000000 0.250000000
vt 0.625000000 0.250000000
vt 0.625000000 0.250000000
vt 0.625000000 0.250000000
vt 0.625000000 0.250000000
vt 0.625000000 0.250000000
vt 0.875000000 0.250000000
vt 0.875000000 0.250000000
vt 0.875000000 0.250000000
vt 0.875000000 0.250000000
vt 0.875000000 0.250000000
vt 0.875000000 0.250000000
vt 0.125000000 0.250000000
vt 0.125000000 0.250000000
vt 0.125000000 0.250000000
vt 0.125000000 0.250000000
vt 0.125000000 0.250000000
vt 0.125000000 0.250000000
vt 0.625000000 0.250000000
vt 0.625000000 0.250000000
vt 0.625000000 0.250000000
vt 0.625000000 0.250000000
vt 0.625000000 0.250000000
vt 0.625000000 0.250000000
vt 0.875000000 0.250000000
vt 0.875000000 0.250000000
vt 0.875000000 0.250000000
vt 0.875000000 0.250000000
vt 0.875000000 0.250000000
vt 0.875000000 0.250000000
vt 0.625000000 0.250000000
vt 0.625000000 0.250000000
vt 0.625000000 0.250000000
vt 0.625000000 0.250000000
vt 0.625000000 0.250000000
vt 0.625000000 0.250000000
vt 0.875000000 0.250000000
vt 0.875000000 0.250000000
vt 0.875000000 0.250000000
vt 0.875000000 0.250000000
vt 0.875000000 0.250000000
vt 0.875000000 0.250000000
vt 0.125000000 0.250000000
vt 0.125000000 0.250000000
vt 0.125000000 0.250000000
vt 0.125000000 0.250000000
vt 0.125000000 0.250000000
vt 0.125000000 0.250000000
vt 0.625000000 0.250000000
vt 0.625000000 0.250000000
vt 0.625000000 0.250000000
vt 0.625000000 0.250000000
vt 0.625000000 0.250000000
vt 0.625000000 0.250000000
vt 0.875000000 0.250000000
vt 0.875000000 0.250000000
vt 0.875000000 0.250000000
vt 0.875000000 0.250000000
vt 0.875000000 0.250000000
vt 0.875000000 0.250000000
vt 0.125000000 0.250000000
vt 0.125000000 0.250000000
vt 0.125000000 0.250000000
vt 0.125000000 0.250000000
vt 0.125000000 0.250000000
vt 0.125000000 0.250000000
vt 0.875000000 0.250000000
vt 0.875000000 0.250000000
vt 0.875000000 0.250000000
vt 0.875000000 0.250000000
vt 0.875000000 0.250000000
vt 0.875000000 0.250000000
vt 0.125000000 0.250000000
vt 0.125000000 0.250000000
vt 0.125000000 0.250000000
vt 0.125000000 0.250000000
vt 0.125000000 0.250000000
vt 0.125000000 0.250000000
vt 0.625000000 0.250000000
vt 0.625000000 0.250000000
vt 0.625000000 0.250000000
vt 0.625000000 0.250000000
vt 0.625000000 0.250000000
vt 0.625000000 0.250000000
vt 0.875000000 0.250000000
vt 0.875000000 0.250000000
vt 0.875000000 0.250000000
vt 0.875000000 0.250000000
vt 0.875000000 0.250000000
vt 0.875000000 0.250000000
vt 0.125000000 0.250000000
vt 0.125000000 0.250000000
vt 0.125000000 0.250000000
vt 0.125000000 0.250000000
vt 0.125000000 0.250000000
vt 0.125000000 0.250000000
vt 0.625000000 0.250000000
vt 0.625000000 0.250000000
vt 0.625000000 0.250000000
vt 0.625000000 0.250000000
vt 0.625000000 0.250000000
vt 0.625000000 0.250000000
vt 0.625000000 0.750000000
vt 0.625000000 0.750000000
vt 0.625000000 0.750000000
vt 0.375000000 0.750000000
vt 0.375000000 0.750000000
vt 0.375000000 0.750000000
vt 0.625000000 0.750000000
vt 0.625000000 0.750000000
vt 0.625000000 0.750000000
vt 0.375000000 0.750000000
vt 0.375000000 0.750000000
vt 0.375000000 0.750000000
vt 0.625000000 0.750000000
vt 0.625000000 0.750000000
vt 0.625000000 0.750000000
vt 0.375000000 0.750000000
vt 0.375000000 0.750000000
vt 0.375000000 0.750000000
vt 0.125000000 0.250000000
vt 0.125000000 0.250000000
vt 0.125000000 0.250000000
vt 0.125000000 0.250000000
vt 0.125000000 0.250000000
vt 0.125000000 0.250000000
vt 0.625000000 0.250000000
vt 0.625000000 0.250000000
vt 0.625000000 0.250000000
vt 0.625000000 0.250000000
vt 0.625000000 0.250000000
vt 0.625000000 0.250000000
vt 0.875000000 0.250000000
vt 0.875000000 0.250000000
vt 0.875000000 0.250000000
vt 0.875000000 0.250000000
vt 0.875000000 0.250000000
vt 0.875000000 0.250000000
vt 0.125000000 0.250000000
vt 0.125000000 0.250000000
vt 0.125000000 0.250000000
vt 0.125000000 0.250000000
vt 0.125000000 0.250000000
vt 0.125000000 0.250000000
vt 0.625000000 0.250000000
vt 0.625000000 0.250000000
vt 0.625000000 0.250000000
vt 0.625000000 0.250000000
vt 0.625000000 0.250000000
vt 0.625000000 0.250000000
vt 0.625000000 0.250000000
vt 0.625000000 0.250000000
vt 0.625000000 0.250000000
vt 0.625000000 0.250000000
vt 0.625000000 0.250000000
vt 0.625000000 0.250000000
vt 0.875000000 0.250000000
vt 0.875000000 0.250000000
vt 0.875000000 0.250000000
vt 0.875000000 0.250000000
vt 0.875000000 0.250000000
vt 0.875000000 0.250000000
vt 0.125000000 0.250000000
vt 0.125000000 0.250000000
vt 0.125000000 0.250000000
vt 0.125000000 0.250000000
vt 0.125000000 0.250000000
vt 0.125000000 0.250000000
vt 0.625000000 0.250000000
vt 0.625000000 0.250000000
vt 0.625000000 0.250000000
vt 0.625000000 0.250000000
vt 0.625000000 0.250000000
vt 0.625000000 0.250000000
vt 0.875000000 0.250000000
vt 0.875000000 0.250000000
vt 0.875000000 0.250000000
vt 0.875000000 0.250000000
vt 0.875000000 0.250000000
vt 0.875000000 0.250000000
vt 0.875000000 0.250000000
vt 0.875000000 0.250000000
vt 0.875000000 0.250000000
vt 0.875000000 0.250000000
vt 0.875000000 0.250000000
vt 0.875000000 0.250000000
vt 0.125000000 0.250000000
vt 0.125000000 0.250000000
vt 0.125000000 0.250000000
vt 0.125000000 0.250000000
vt 0.125000000 0.250000000
vt 0.125000000 0.250000000
vt 0.625000000 0.250000000
vt 0.625000000 0.250000000
vt 0.625000000 0.250000000
vt 0.625000000 0.250000000
vt 0.625000000 0.250000000
vt 0.625000000 0.250000000
vt 0.875000000 0.250000000
vt 0.875000000 0.250000000
vt 0.875000000 0.250000000
vt 0.875000000 0.250000000
vt 0.875000000 0.250000000
vt 0.875000000 0.250000000
vt 0.125000000 0.250000000
vt 0.125000000 0.250000000
vt 0.125000000 0.250000000
vt 0.125000000 0.250000000
vt 0.125000000 0.250000000
vt 0.125000000 0.250000000
vt 0.125000000 0.250000000
vt 0.125000000 0.250000000
vt 0.125000000 0.250000000
vt 0.875000000 0.750000000
vt 0.875000000 0.750000000
vt 0.875000000 0.750000000
vt 0.125000000 0.250000000
vt 0.125000000 0.250000000
vt 0.125000000 0.250000000
vt 0.875000000 0.750000000
vt 0.875000000 0.750000000
vt 0.875000000 0.750000000
vt 0.125000000 0.250000000
vt 0.125000000 0.250000000
vt 0.125000000 0.250000000
vt 0.875000000 0.750000000
vt 0.875000000 0.750000000
vt 0.875000000 0.750000000
vt 0.125000000 0.250000000
vt 0.125000000 0.250000000
vt 0.125000000 0.250000000
vt 0.125000000 0.250000000
vt 0.125000000 0.250000000
vt 0.125000000 0.250000000
vt 0.625000000 0.250000000
vt 0.625000000 0.250000000
vt 0.625000000 0.250000000
vt 0.625000000 0.250000000
vt 0.625000000 0.250000000
vt 0.625000000 0.250000000
vt 0.875000000 0.250000000
vt 0.875000000 0.250000000
vt 0.875000000 0.250000000
vt 0.875000000 0.250000000
vt 0.875000000 0.250000000
vt 0.875000000 0.250000000
vt 0.125000000 0.250000000
vt 0.125000000 0.250000000
vt 0.125000000 0.250000000
vt 0.125000000 0.250000000
vt 0.125000000 0.250000000
vt 0.125000000 0.250000000
vt 0.625000000 0.250000000
vt 0.625000000 0.250000000
vt 0.625000000 0.250000000
vt 0.625000000 0.250000000
vt 0.625000000 0.250000000
vt 0.625000000 0.250000000
vt 0.625000000 0.250000000
vt 0.625000000 0.250000000
vt 0.625000000 0.250000000
vt 0.625000000 0.250000000
vt 0.625000000 0.250000000
vt 0.625000000 0.250000000
vt 0.875000000 0.250000000
vt 0.875000000 0.250000000
vt 0.875000000 0.250000000
vt 0.875000000 0.250000000
vt 0.875000000 0.250000000
vt 0.875000000 0.250000000
vt 0.125000000 0.250000000
vt 0.125000000 0.250000000
vt 0.125000000 0.250000000
vt 0.125000000 0.250000000
vt 0.125000000 0.250000000
vt 0.125000000 0.250000000
vt 0.625000000 0.250000000
vt 0.625000000 0.250000000
vt 0.625000000 0.250000000
vt 0.625000000 0.250000000
vt 0.625000000 0.250000000
vt 0.625000000 0.250000000
vt 0.875000000 0.250000000
vt 0.875000000 0.250000000
vt 0.875000000 0.250000000
vt 0.875000000 0.250000000
vt 0.875000000 0.250000000
vt 0.875000000 0.250000000
vt 0.875000000 0.250000000
vt 0.875000000 0.250000000
vt 0.875000000 0.250000000
vt 0.875000000 0.250000000
vt 0.875000000 0.250000000
vt 0.875000000 0.250000000
vt 0.125000000 0.250000000
vt 0.125000000 0.250000000
vt 0.125000000 0.250000000
vt 0.125000000 0.250000000
vt 0.125000000 0.250000000
vt 0.125000000 0.250000000
vt 0.625000000 0.250000000
vt 0.625000000 0.250000000
vt 0.625000000 0.250000000
vt 0.625000000 0.250000000
vt 0.625000000 0.250000000
vt 0.625000000 0.250000000
vt 0.875000000 0.250000000
vt 0.875000000 0.250000000
vt 0.875000000 0.250000000
vt 0.875000000 0.250000000
vt 0.875000000 0.250000000
vt 0.875000000 0.250000000
vt 0.125000000 0.250000000
vt 0.125000000 0.250000000
vt 0.125000000 0.250000000
vt 0.125000000 0.250000000
vt 0.125000000 0.250000000
vt 0.125000000 0.250000000
vt 0.875000000 0.750000000
vt 0.875000000 0.750000000
vt 0.875000000 0.750000000
vt 0.625000000 0.750000000
vt 0.625000000 0.750000000
vt 0.625000000 0.750000000
vt 0.875000000 0.750000000
vt 0.875000000 0.750000000
vt 0.875000000 0.750000000
vt 0.625000000 0.750000000
vt 0.625000000 0.750000000
vt 0.625000000 0.750000000
vt 0.875000000 0.750000000
vt 0.875000000 0.750000000
vt 0.875000000 0.750000000
vt 0.625000000 0.750000000
vt 0.625000000 0.750000000
vt 0.625000000 0.750000000
vt 0.875000000 0.750000000
vt 0.875000000 0.750000000
vt 0.875000000 0.750000000
vt 0.625000000 0.750000000
vt 0.625000000 0.750000000
vt 0.625000000 0.750000000
vt 0.125000000 0.250000000
vt 0.125000000 0.250000000
vt 0.125000000 0.250000000
vt 0.125000000 0.250000000
vt 0.125000000 0.250000000
vt 0.125000000 0.250000000
vt 0.625000000 0.250000000
vt 0.625000000 0.250000000
vt 0.625000000 0.250000000
vt 0.625000000 0.250000000
vt 0.625000000 0.250000000
vt 0.625000000 0.250000000
vt 0.875000000 0.250000000
vt 0.875000000 0.250000000
vt 0.875000000 0.250000000
vt 0.875000000 0.250000000
vt 0.875000000 0.250000000
vt 0.875000000 0.250000000
vt 0.125000000 0.250000000
vt 0.125000000 0.250000000
vt 0.125000000 0.250000000
vt 0.125000000 0.250000000
vt 0.125000000 0.250000000
vt 0.125000000 0.250000000
vt 0.625000000 0.250000000
vt 0.625000000 0.250000000
vt 0.625000000 0.250000000
vt 0.625000000 0.250000000
vt 0.625000000 0.250000000
vt 0.625000000 0.250000000
vt 0.875000000 0.250000000
vt 0.875000000 0.250000000
vt 0.875000000 0.250000000
vt 0.875000000 0.250000000
vt 0.875000000 0.250000000
vt 0.875000000 0.250000000
vt 0.625000000 0.250000000
vt 0.625000000 0.250000000
vt 0.625000000 0.250000000
vt 0.625000000 0.250000000
vt 0.625000000 0.250000000
vt 0.625000000 0.250000000
vt 0.875000000 0.250000000
vt 0.875000000 0.250000000
vt 0.875000000 0.250000000
vt 0.875000000 0.250000000
vt 0.875000000 0.250000000
vt 0.875000000 0.250000000
vt 0.125000000 0.250000000
vt 0.125000000 0.250000000
vt 0.125000000 0.250000000
vt 0.125000000 0.250000000
vt 0.125000000 0.250000000
vt 0.125000000 0.250000000
vt 0.625000000 0.250000000
vt 0.625000000 0.250000000
vt 0.625000000 0.250000000
vt 0.625000000 0.250000000
vt 0.625000000 0.250000000
vt 0.625000000 0.250000000
vt 0.875000000 0.250000000
vt 0.875000000 0.250000000
vt 0.875000000 0.250000000
vt 0.875000000 0.250000000
vt 0.875000000 0.250000000
vt 0.875000000 0.250000000
vt 0.125000000 0.250000000
vt 0.125000000 0.250000000
vt 0.125000000 0.250000000
vt 0.125000000 0.250000000
vt 0.125000000 0.250000000
vt 0.125000000 0.250000000
vt 0.875000000 0.250000000
vt 0.875000000 0.250000000
vt 0.875000000 0.250000000
vt 0.875000000 0.250000000
vt 0.875000000 0.250000000
vt 0.875000000 0.250000000
vt 0.125000000 0.250000000
vt 0.125000000 0.250000000
vt 0.125000000 0.250000000
vt 0.125000000 0.250000000
vt 0.125000000 0.250000000
vt 0.125000000 0.250000000
vt 0.625000000 0.250000000
vt 0.625000000 0.250000000
vt 0.625000000 0.250000000
vt 0.625000000 0.250000000
vt 0.625000000 0.250000000
vt 0.625000000 0.250000000
vt 0.875000000 0.250000000
vt 0.875000000 0.250000000
vt 0.875000000 0.250000000
vt 0.875000000 0.250000000
vt 0.875000000 0.250000000
vt 0.875000000 0.250000000
vt 0.125000000 0.250000000
vt 0.125000000 0.250000000
vt 0.125000000 0.250000000
vt 0.125000000 0.250000000
vt 0.125000000 0.250000000
vt 0.125000000 0.250000000
vt 0.625000000 0.250000000
vt 0.625000000 0.250000000
vt 0.625000000 0.250000000
vt 0.625000000 0.250000000
vt 0.625000000 0.250000000
vt 0.625000000 0.250000000
f 1/1/1 3/3/3 2/2/2
f 4/4/4 6/6/6 5/5/5
f 7/7/7 9/9/9 8/8/8
f 10/10/10 12/12/12 11/11/11
f 13/13/13 15/15/15 14/14/14
f 16/16/16 18/18/18 17/17/17
f 19/19/19 21/21/21 20/20/20
f 22/22/22 24/24/24 23/23/23
f 25/25/25 27/27/27 26/26/26
f 28/28/28 30/30/30 29/29/29
f 31/31/31 33/33/33 32/32/32
f 34/34/34 36/36/36 35/35/35
f 37/37/37 39/39/39 38/38/38
f 40/40/40 42/42/42 41/41/41
f 43/43/43 45/45/45 44/44/44
f 46/46/46 48/48/48 47/47/47
f 49/49/49 51/51/51 50/50/50
f 52/52/52 54/54/54 53/53/53
f 55/55/55 57/57/57 56/56/56
f 58/58/58 60/60/60 59/59/59
f 61/61/61 63/63/63 62/62/62
f 64/64/64 66/66/66 65/65/65
f 67/67/67 69/69/69 68/68/68
f 70/70/70 72/72/72 71/71/71
f 73/73/73 75/75/75 74/74/74
f 76/76/76 78/78/78 77/77/77
f 79/79/79 81/81/81 80/80/80
f 82/82/82 84/84/84 83/83/83
f 85/85/85 87/87/87 86/86/86
f 88/88/88 90/90/90 89/89/89
f 91/91/91 93/93/93 92/92/92
f 94/94/94 96/96/96 95/95/95
f 97/97/97 99/99/99 98/98/98
f 100/100/100 102/102/102 101/101/101
f 103/103/103 105/105/105 104/104/104
f 106/106/106 108/108/108 107/107/107
f 109/109/109 111/111/111 110/110/110
f 112/112/112 114/114/114 113/113/113
f 115/115/115 117/117/117 116/116/116
f 118/118/118 120/120/120 119/119/119
f 121/121/121 123/123/123 122/122/122
f 124/124/124 126/126/126 125/125/125
f 127/127/127 129/129/129 128/128/128
f 130/130/130 132/132/132 131/131/131
f 133/133/133 135/135/135 134/134/134
f 136/136/136 138/138/138 137/137/137
f 139/139/139 141/141/141 140/140/140
f 142/142/142 144/144/144 143/143/143
f 145/145/145 147/147/147 146/146/146
f 148/148/148 150/150/150 149/149/149
f 151/151/151 153/153/153 152/152/152
f 154/154/154 156/156/156 155/155/155
f 157/157/157 159/159/159 158/158/158
f 160/160/160 162/162/162 161/161/161
f 163/163/163 165/165/165 164/164/164
f 166/166/166 168/168/168 167/167/167
f 169/169/169 171/171/171 170/170/170
f 172/172/172 174/174/174 173/173/173
f 175/175/175 177/177/177 176/176/176
f 178/178/178 180/180/180 179/179/179
f 181/181/181 183/183/183 182/182/182
f 184/184/184 186/186/186 185/185/185
f 187/187/187 189/189/189 188/188/188
f 190/190/190 192/192/192 191/191/191
f 193/193/193 195/195/195 194/194/194
f 196/196/196 198/198/198 197/197/197
f 199/199/199 201/201/201 200/200/200
f 202/202/202 204/204/204 203/203/203
f 205/205/205 207/207/207 206/206/206
f 208/208/208 210/210/210 209/209/209
f 211/211/211 213/213/213 212/212/212
f 214/214/214 216/216/216 215/215/215
f 217/217/217 219/219/219 218/218/218
f 220/220/220 222/222/222 221/221/221
f 223/223/223 225/225/225 224/224/224
f 226/226/226 228/228/228 227/227/227
f 229/229/229 231/231/231 230/230/230
f 232/232/232 234/234/234 233/233/233
f 235/235/235 237/237/237 236/236/236
f 238/238/238 240/240/240 239/239/239
f 241/241/241 243/243/243 242/242/242
f 244/244/244 246/246/246 245/245/245
f 247/247/247 249/249/249 248/248/248
f 250/250/250 252/252/252 251/251/251
f 253/253/253 255/255/255 254/254/254
f 256/256/256 258/258/258 257/257/257
f 259/259/259 261/261/261 260/260/260
f 262/262/262 264/264/264 263/263/263
f 265/265/265 267/267/267 266/266/266
f 268/268/268 270/270/270 269/269/269
f 271/271/271 273/273/273 272/272/272
f 274/274/274 276/276/276 275/275/275
f 277/277/277 279/279/279 278/278/278
f 280/280/280 282/282/282 281/281/281
f 283/283/283 285/285/285 284/284/284
f 286/286/286 288/288/288 287/287/287
f 289/289/289 291/291/291 290/290/290
f 292/292/292 294/294/294 293/293/293
f 295/295/295 297/297/297 296/296/296
f 298/298/298 300/300/300 299/299/299
f 301/301/301 303/303/303 302/302/302
f 304/304/304 306/306/306 305/305/305
f 307/307/307 309/309/309 308/308/308
f 310/310/310 312/312/312 311/311/311
f 313/313/313 315/315/315 314/314/314
f 316/316/316 318/318/318 317/317/317
f 319/319/319 321/321/321 320/320/320
f 322/322/322 324/324/324 323/323/323
f 325/325/325 327/327/327 326/326/326
f 328/328/328 330/330/330 329/329/329
f 331/331/331 333/333/333 332/332/332
f 334/334/334 336/336/336 335/335/335
f 337/337/337 339/339/339 338/338/338
f 340/340/340 342/342/342 341/341/341
f 343/343/343 345/345/345 344/344/344
f 346/346/346 348/348/348 347/347/347
f 349/349/349 351/351/351 350/350/350
f 352/352/352 354/354/354 353/353/353
f 355/355/355 357/357/357 356/356/356
f 358/358/358 360/360/360 359/359/359
f 361/361/361 363/363/363 362/362/362
f 364/364/364 366/366/366 365/365/365
f 367/367/367 369/369/369 368/368/368
f 370/370/370 372/372/372 371/371/371
f 373/373/373 375/375/375 374/374/374
f 376/376/376 378/378/378 377/377/377
f 379/379/379 381/381/381 380/380/380
f 382/382/382 384/384/384 383/383/383
f 385/385/385 387/387/387 386/386/386
f 388/388/388 390/390/390 389/389/389
f 391/391/391 393/393/393 392/392/392
f 394/394/394 396/396/396 395/395/395
f 397/397/397 399/399/399 398/398/398
f 400/400/400 402/402/402 401/401/401
f 403/403/403 405/405/405 404/404/404
f 406/406/406 408/408/408 407/407/407
f 409/409/409 411/411/411 410/410/410
f 412/412/412 414/414/414 413/413/413
f 415/415/415 417/417/417 416/416/416
f 418/418/418 420/420/420 419/419/419
f 421/421/421 423/423/423 422/422/422
f 424/424/424 426/426/426 425/425/425
f 427/427/427 429/429/429 428/428/428
f 430/430/430 432/432/432 431/431/431
f 433/433/433 435/435/435 434/434/434
f 436/436/436 438/438/438 437/437/437
f 439/439/439 441/441/441 440/440/440
f 442/442/442 444/444/444 443/443/443
f 445/445/445 447/447/447 446/446/446
f 448/448/448 450/450/450 449/449/449
f 451/451/451 453/453/453 452/452/452
f 454/454/454 456/456/456 455/455/455
f 457/457/457 459/459/459 458/458/458
f 460/460/460 462/462/462 461/461/461
f 463/463/463 465/465/465 464/464/464
f 466/466/466 468/468/468 467/467/467
f 469/469/469 471/471/471 470/470/470
f 472/472/472 474/474/474 473/473/473
f 475/475/475 477/477/477 476/476/476
f 478/478/478 480/480/480 479/479/479
f 481/481/481 483/483/483 482/482/482
f 484/484/484 486/486/486 485/485/485
f 487/487/487 489/489/489 488/488/488
f 490/490/490 492/492/492 491/491/491
f 493/493/493 495/495/495 494/494/494
f 496/496/496 498/498/498 497/497/497
f 499/499/499 501/501/501 500/500/500
f 502/502/502 504/504/504 503/503/503
f 505/505/505 507/507/507 506/506/506
f 508/508/508 510/510/510 509/509/509
f 511/511/511 513/513/513 512/512/512
f 514/514/514 516/516/516 515/515/515
f 517/517/517 519/519/519 518/518/518
f 520/520/520 522/522/522 521/521/521
f 523/523/523 525/525/525 524/524/524
f 526/526/526 528/528/528 527/527/527
f 529/529/529 531/531/531 530/530/530
f 532/532/532 534/534/534 533/533/533
f 535/535/535 537/537/537 536/536/536
f 538/538/538 540/540/540 539/539/539
f 541/541/541 543/543/543 542/542/542
f 544/544/544 546/546/546 545/545/545
f 547/547/547 549/549/549 548/548/548
f 550/550/550 552/552/552 551/551/551
f 553/553/553 555/555/555 554/554/554
f 556/556/556 558/558/558 557/557/557
f 559/559/559 561/561/561 560/560/560
f 562/562/562 564/564/564 563/563/563
f 565/565/565 567/567/567 566/566/566
f 568/568/568 570/570/570 569/569/569
f 571/571/571 573/573/573 572/572/572
f 574/574/574 576/576/576 575/575/575
f 577/577/577 579/579/579 578/578/578
f 580/580/580 582/582/582 581/581/581
f 583/583/583 585/585/585 584/584/584
f 586/586/586 588/588/588 587/587/587
