# hand-authored OBJ -> Godot item mesh (up=y fwd=-z scale=1.0 det=+1, RH Y-up)
v -0.125627 0.006000 -0.024068
v -0.129870 0.006000 -0.031417
v -0.124074 0.000000 -0.029864
v -0.125627 0.006000 -0.024068
v -0.129870 0.094000 -0.031417
v -0.129870 0.006000 -0.031417
v -0.129870 0.006000 -0.031417
v -0.101298 0.000000 -0.114865
v -0.124074 0.000000 -0.029864
v -0.107094 0.006000 -0.116418
v -0.129870 0.006000 -0.031417
v -0.129870 0.094000 -0.031417
v -0.124074 0.000000 -0.029864
v -0.039073 0.000000 -0.007088
v -0.125627 0.006000 -0.024068
v -0.101298 0.000000 -0.114865
v -0.039073 0.000000 -0.007088
v -0.124074 0.000000 -0.029864
v -0.125627 0.094000 -0.024068
v -0.129870 0.094000 -0.031417
v -0.125627 0.006000 -0.024068
v -0.124074 0.100000 -0.029864
v -0.129870 0.094000 -0.031417
v -0.125627 0.094000 -0.024068
v -0.124074 0.100000 -0.029864
v -0.101298 0.100000 -0.114865
v -0.129870 0.094000 -0.031417
v -0.125627 0.006000 -0.024068
v -0.040626 0.094000 -0.001292
v -0.125627 0.094000 -0.024068
v -0.040626 0.094000 -0.001292
v -0.124074 0.100000 -0.029864
v -0.125627 0.094000 -0.024068
v -0.101298 0.100000 -0.114865
v -0.124074 0.100000 -0.029864
v -0.039073 0.100000 -0.007088
v -0.107094 0.006000 -0.116418
v -0.101298 0.000000 -0.114865
v -0.129870 0.006000 -0.031417
v -0.107094 0.006000 -0.116418
v -0.099745 0.006000 -0.120661
v -0.101298 0.000000 -0.114865
v -0.099745 0.006000 -0.120661
v -0.107094 0.006000 -0.116418
v -0.099745 0.094000 -0.120661
v -0.101298 0.000000 -0.114865
v -0.099745 0.006000 -0.120661
v -0.016297 0.000000 -0.092089
v -0.099745 0.006000 -0.120661
v -0.099745 0.094000 -0.120661
v -0.014744 0.006000 -0.097885
v -0.107094 0.006000 -0.116418
v -0.129870 0.094000 -0.031417
v -0.107094 0.094000 -0.116418
v -0.101298 0.100000 -0.114865
v -0.107094 0.094000 -0.116418
v -0.129870 0.094000 -0.031417
v -0.099745 0.094000 -0.120661
v -0.107094 0.006000 -0.116418
v -0.107094 0.094000 -0.116418
v -0.101298 0.100000 -0.114865
v -0.099745 0.094000 -0.120661
v -0.107094 0.094000 -0.116418
v -0.099745 0.094000 -0.120661
v -0.101298 0.100000 -0.114865
v -0.016297 0.100000 -0.092089
v -0.040626 0.006000 -0.001292
v -0.125627 0.006000 -0.024068
v -0.039073 0.000000 -0.007088
v -0.040626 0.006000 -0.001292
v -0.040626 0.094000 -0.001292
v -0.125627 0.006000 -0.024068
v -0.033277 0.006000 -0.005535
v -0.040626 0.006000 -0.001292
v -0.039073 0.000000 -0.007088
v -0.033277 0.006000 -0.005535
v -0.040626 0.094000 -0.001292
v -0.040626 0.006000 -0.001292
v -0.016297 0.000000 -0.092089
v -0.033277 0.006000 -0.005535
v -0.039073 0.000000 -0.007088
v -0.010501 0.006000 -0.090536
v -0.033277 0.094000 -0.005535
v -0.033277 0.006000 -0.005535
v -0.040626 0.094000 -0.001292
v -0.039073 0.100000 -0.007088
v -0.124074 0.100000 -0.029864
v -0.033277 0.006000 -0.005535
v -0.033277 0.094000 -0.005535
v -0.040626 0.094000 -0.001292
v -0.033277 0.094000 -0.005535
v -0.039073 0.100000 -0.007088
v -0.040626 0.094000 -0.001292
v -0.033277 0.094000 -0.005535
v -0.010501 0.094000 -0.090536
v -0.039073 0.100000 -0.007088
v -0.101298 0.000000 -0.114865
v -0.016297 0.000000 -0.092089
v -0.039073 0.000000 -0.007088
v -0.016297 0.000000 -0.092089
v -0.099745 0.006000 -0.120661
v -0.014744 0.006000 -0.097885
v -0.010501 0.006000 -0.090536
v -0.033277 0.006000 -0.005535
v -0.016297 0.000000 -0.092089
v -0.010501 0.006000 -0.090536
v -0.016297 0.000000 -0.092089
v -0.014744 0.006000 -0.097885
v -0.010501 0.094000 -0.090536
v -0.010501 0.006000 -0.090536
v -0.014744 0.006000 -0.097885
v -0.101298 0.100000 -0.114865
v -0.039073 0.100000 -0.007088
v -0.016297 0.100000 -0.092089
v -0.014744 0.006000 -0.097885
v -0.099745 0.094000 -0.120661
v -0.014744 0.094000 -0.097885
v -0.099745 0.094000 -0.120661
v -0.016297 0.100000 -0.092089
v -0.014744 0.094000 -0.097885
v -0.033277 0.094000 -0.005535
v -0.010501 0.006000 -0.090536
v -0.010501 0.094000 -0.090536
v -0.010501 0.094000 -0.090536
v -0.016297 0.100000 -0.092089
v -0.039073 0.100000 -0.007088
v -0.010501 0.094000 -0.090536
v -0.014744 0.006000 -0.097885
v -0.014744 0.094000 -0.097885
v -0.014744 0.094000 -0.097885
v -0.016297 0.100000 -0.092089
v -0.010501 0.094000 -0.090536
v 0.039172 0.006000 -0.002921
v 0.032055 0.006000 -0.007542
v 0.037924 0.000000 -0.008790
v 0.039172 0.006000 -0.002921
v 0.032055 0.094000 -0.007542
v 0.032055 0.006000 -0.007542
v 0.032055 0.006000 -0.007542
v 0.019628 0.000000 -0.094867
v 0.037924 0.000000 -0.008790
v 0.013759 0.006000 -0.093619
v 0.032055 0.006000 -0.007542
v 0.032055 0.094000 -0.007542
v 0.037924 0.000000 -0.008790
v 0.124001 0.000000 -0.027086
v 0.039172 0.006000 -0.002921
v 0.019628 0.000000 -0.094867
v 0.124001 0.000000 -0.027086
v 0.037924 0.000000 -0.008790
v 0.039172 0.094000 -0.002921
v 0.032055 0.094000 -0.007542
v 0.039172 0.006000 -0.002921
v 0.037924 0.100000 -0.008790
v 0.032055 0.094000 -0.007542
v 0.039172 0.094000 -0.002921
v 0.037924 0.100000 -0.008790
v 0.019628 0.100000 -0.094867
v 0.032055 0.094000 -0.007542
v 0.039172 0.006000 -0.002921
v 0.125248 0.094000 -0.021217
v 0.039172 0.094000 -0.002921
v 0.125248 0.094000 -0.021217
v 0.037924 0.100000 -0.008790
v 0.039172 0.094000 -0.002921
v 0.019628 0.100000 -0.094867
v 0.037924 0.100000 -0.008790
v 0.124001 0.100000 -0.027086
v 0.013759 0.006000 -0.093619
v 0.019628 0.000000 -0.094867
v 0.032055 0.006000 -0.007542
v 0.013759 0.006000 -0.093619
v 0.018380 0.006000 -0.100736
v 0.019628 0.000000 -0.094867
v 0.018380 0.006000 -0.100736
v 0.013759 0.006000 -0.093619
v 0.018380 0.094000 -0.100736
v 0.019628 0.000000 -0.094867
v 0.018380 0.006000 -0.100736
v 0.105705 0.000000 -0.113163
v 0.018380 0.006000 -0.100736
v 0.018380 0.094000 -0.100736
v 0.104457 0.006000 -0.119032
v 0.013759 0.006000 -0.093619
v 0.032055 0.094000 -0.007542
v 0.013759 0.094000 -0.093619
v 0.019628 0.100000 -0.094867
v 0.013759 0.094000 -0.093619
v 0.032055 0.094000 -0.007542
v 0.018380 0.094000 -0.100736
v 0.013759 0.006000 -0.093619
v 0.013759 0.094000 -0.093619
v 0.019628 0.100000 -0.094867
v 0.018380 0.094000 -0.100736
v 0.013759 0.094000 -0.093619
v 0.018380 0.094000 -0.100736
v 0.019628 0.100000 -0.094867
v 0.105705 0.100000 -0.113163
v 0.125248 0.006000 -0.021217
v 0.039172 0.006000 -0.002921
v 0.124001 0.000000 -0.027086
v 0.125248 0.006000 -0.021217
v 0.125248 0.094000 -0.021217
v 0.039172 0.006000 -0.002921
v 0.129870 0.006000 -0.028333
v 0.125248 0.006000 -0.021217
v 0.124001 0.000000 -0.027086
v 0.129870 0.006000 -0.028333
v 0.125248 0.094000 -0.021217
v 0.125248 0.006000 -0.021217
v 0.105705 0.000000 -0.113163
v 0.129870 0.006000 -0.028333
v 0.124001 0.000000 -0.027086
v 0.111574 0.006000 -0.114410
v 0.129870 0.094000 -0.028333
v 0.129870 0.006000 -0.028333
v 0.125248 0.094000 -0.021217
v 0.124001 0.100000 -0.027086
v 0.037924 0.100000 -0.008790
v 0.129870 0.006000 -0.028333
v 0.129870 0.094000 -0.028333
v 0.125248 0.094000 -0.021217
v 0.129870 0.094000 -0.028333
v 0.124001 0.100000 -0.027086
v 0.125248 0.094000 -0.021217
v 0.129870 0.094000 -0.028333
v 0.111574 0.094000 -0.114410
v 0.124001 0.100000 -0.027086
v 0.019628 0.000000 -0.094867
v 0.105705 0.000000 -0.113163
v 0.124001 0.000000 -0.027086
v 0.105705 0.000000 -0.113163
v 0.018380 0.006000 -0.100736
v 0.104457 0.006000 -0.119032
v 0.111574 0.006000 -0.114410
v 0.129870 0.006000 -0.028333
v 0.105705 0.000000 -0.113163
v 0.111574 0.006000 -0.114410
v 0.105705 0.000000 -0.113163
v 0.104457 0.006000 -0.119032
v 0.111574 0.094000 -0.114410
v 0.111574 0.006000 -0.114410
v 0.104457 0.006000 -0.119032
v 0.019628 0.100000 -0.094867
v 0.124001 0.100000 -0.027086
v 0.105705 0.100000 -0.113163
v 0.104457 0.006000 -0.119032
v 0.018380 0.094000 -0.100736
v 0.104457 0.094000 -0.119032
v 0.018380 0.094000 -0.100736
v 0.105705 0.100000 -0.113163
v 0.104457 0.094000 -0.119032
v 0.129870 0.094000 -0.028333
v 0.111574 0.006000 -0.114410
v 0.111574 0.094000 -0.114410
v 0.111574 0.094000 -0.114410
v 0.105705 0.100000 -0.113163
v 0.124001 0.100000 -0.027086
v 0.111574 0.094000 -0.114410
v 0.104457 0.006000 -0.119032
v 0.104457 0.094000 -0.119032
v 0.104457 0.094000 -0.119032
v 0.105705 0.100000 -0.113163
v 0.111574 0.094000 -0.114410
v -0.049716 0.006000 0.108413
v -0.054823 0.006000 0.101637
v -0.048881 0.000000 0.102472
v -0.049716 0.006000 0.108413
v -0.054823 0.094000 0.101637
v -0.054823 0.006000 0.101637
v -0.054823 0.006000 0.101637
v -0.036634 0.000000 0.015328
v -0.048881 0.000000 0.102472
v -0.042575 0.006000 0.014493
v -0.054823 0.006000 0.101637
v -0.054823 0.094000 0.101637
v -0.048881 0.000000 0.102472
v 0.038263 0.000000 0.114719
v -0.049716 0.006000 0.108413
v -0.036634 0.000000 0.015328
v 0.038263 0.000000 0.114719
v -0.048881 0.000000 0.102472
v -0.049716 0.094000 0.108413
v -0.054823 0.094000 0.101637
v -0.049716 0.006000 0.108413
v -0.048881 0.100000 0.102472
v -0.054823 0.094000 0.101637
v -0.049716 0.094000 0.108413
v -0.048881 0.100000 0.102472
v -0.036634 0.100000 0.015328
v -0.054823 0.094000 0.101637
v -0.049716 0.006000 0.108413
v 0.037428 0.094000 0.120661
v -0.049716 0.094000 0.108413
v 0.037428 0.094000 0.120661
v -0.048881 0.100000 0.102472
v -0.049716 0.094000 0.108413
v -0.036634 0.100000 0.015328
v -0.048881 0.100000 0.102472
v 0.038263 0.100000 0.114719
v -0.042575 0.006000 0.014493
v -0.036634 0.000000 0.015328
v -0.054823 0.006000 0.101637
v -0.042575 0.006000 0.014493
v -0.035799 0.006000 0.009387
v -0.036634 0.000000 0.015328
v -0.035799 0.006000 0.009387
v -0.042575 0.006000 0.014493
v -0.035799 0.094000 0.009387
v -0.036634 0.000000 0.015328
v -0.035799 0.006000 0.009387
v 0.050510 0.000000 0.027575
v -0.035799 0.006000 0.009387
v -0.035799 0.094000 0.009387
v 0.051345 0.006000 0.021634
v -0.042575 0.006000 0.014493
v -0.054823 0.094000 0.101637
v -0.042575 0.094000 0.014493
v -0.036634 0.100000 0.015328
v -0.042575 0.094000 0.014493
v -0.054823 0.094000 0.101637
v -0.035799 0.094000 0.009387
v -0.042575 0.006000 0.014493
v -0.042575 0.094000 0.014493
v -0.036634 0.100000 0.015328
v -0.035799 0.094000 0.009387
v -0.042575 0.094000 0.014493
v -0.035799 0.094000 0.009387
v -0.036634 0.100000 0.015328
v 0.050510 0.100000 0.027575
v 0.037428 0.006000 0.120661
v -0.049716 0.006000 0.108413
v 0.038263 0.000000 0.114719
v 0.037428 0.006000 0.120661
v 0.037428 0.094000 0.120661
v -0.049716 0.006000 0.108413
v 0.044204 0.006000 0.115554
v 0.037428 0.006000 0.120661
v 0.038263 0.000000 0.114719
v 0.044204 0.006000 0.115554
v 0.037428 0.094000 0.120661
v 0.037428 0.006000 0.120661
v 0.050510 0.000000 0.027575
v 0.044204 0.006000 0.115554
v 0.038263 0.000000 0.114719
v 0.056451 0.006000 0.028411
v 0.044204 0.094000 0.115554
v 0.044204 0.006000 0.115554
v 0.037428 0.094000 0.120661
v 0.038263 0.100000 0.114719
v -0.048881 0.100000 0.102472
v 0.044204 0.006000 0.115554
v 0.044204 0.094000 0.115554
v 0.037428 0.094000 0.120661
v 0.044204 0.094000 0.115554
v 0.038263 0.100000 0.114719
v 0.037428 0.094000 0.120661
v 0.044204 0.094000 0.115554
v 0.056451 0.094000 0.028411
v 0.038263 0.100000 0.114719
v -0.036634 0.000000 0.015328
v 0.050510 0.000000 0.027575
v 0.038263 0.000000 0.114719
v 0.050510 0.000000 0.027575
v -0.035799 0.006000 0.009387
v 0.051345 0.006000 0.021634
v 0.056451 0.006000 0.028411
v 0.044204 0.006000 0.115554
v 0.050510 0.000000 0.027575
v 0.056451 0.006000 0.028411
v 0.050510 0.000000 0.027575
v 0.051345 0.006000 0.021634
v 0.056451 0.094000 0.028411
v 0.056451 0.006000 0.028411
v 0.051345 0.006000 0.021634
v -0.036634 0.100000 0.015328
v 0.038263 0.100000 0.114719
v 0.050510 0.100000 0.027575
v 0.051345 0.006000 0.021634
v -0.035799 0.094000 0.009387
v 0.051345 0.094000 0.021634
v -0.035799 0.094000 0.009387
v 0.050510 0.100000 0.027575
v 0.051345 0.094000 0.021634
v 0.044204 0.094000 0.115554
v 0.056451 0.006000 0.028411
v 0.056451 0.094000 0.028411
v 0.056451 0.094000 0.028411
v 0.050510 0.100000 0.027575
v 0.038263 0.100000 0.114719
v 0.056451 0.094000 0.028411
v 0.051345 0.006000 0.021634
v 0.051345 0.094000 0.021634
v 0.051345 0.094000 0.021634
v 0.050510 0.100000 0.027575
v 0.056451 0.094000 0.028411
v 0.017186 0.112563 0.054473
v 0.012332 0.111623 0.047577
v 0.018668 0.106182 0.049080
v 0.017186 0.112563 0.054473
v 0.005841 0.199074 0.040223
v 0.012332 0.111623 0.047577
v 0.012332 0.111623 0.047577
v 0.033911 0.100043 -0.037372
v 0.018668 0.106182 0.049080
v 0.027576 0.105484 -0.038875
v 0.012332 0.111623 0.047577
v 0.005841 0.199074 0.040223
v 0.018668 0.106182 0.049080
v 0.105094 0.113833 0.063776
v 0.017186 0.112563 0.054473
v 0.033911 0.100043 -0.037372
v 0.105094 0.113833 0.063776
v 0.018668 0.106182 0.049080
v 0.010694 0.200015 0.047119
v 0.005841 0.199074 0.040223
v 0.017186 0.112563 0.054473
v 0.011291 0.205559 0.040723
v 0.005841 0.199074 0.040223
v 0.010694 0.200015 0.047119
v 0.011291 0.205559 0.040723
v 0.026535 0.199420 -0.045729
v 0.005841 0.199074 0.040223
v 0.017186 0.112563 0.054473
v 0.097121 0.207666 0.061815
v 0.010694 0.200015 0.047119
v 0.097121 0.207666 0.061815
v 0.011291 0.205559 0.040723
v 0.010694 0.200015 0.047119
v 0.026535 0.199420 -0.045729
v 0.011291 0.205559 0.040723
v 0.097717 0.213210 0.055419
v 0.027576 0.105484 -0.038875
v 0.033911 0.100043 -0.037372
v 0.012332 0.111623 0.047577
v 0.027576 0.105484 -0.038875
v 0.034508 0.105587 -0.043768
v 0.033911 0.100043 -0.037372
v 0.034508 0.105587 -0.043768
v 0.027576 0.105484 -0.038875
v 0.028017 0.193039 -0.051122
v 0.033911 0.100043 -0.037372
v 0.034508 0.105587 -0.043768
v 0.120338 0.107694 -0.022676
v 0.034508 0.105587 -0.043768
v 0.028017 0.193039 -0.051122
v 0.120934 0.113238 -0.029072
v 0.027576 0.105484 -0.038875
v 0.005841 0.199074 0.040223
v 0.021085 0.192936 -0.046229
v 0.026535 0.199420 -0.045729
v 0.021085 0.192936 -0.046229
v 0.005841 0.199074 0.040223
v 0.028017 0.193039 -0.051122
v 0.027576 0.105484 -0.038875
v 0.021085 0.192936 -0.046229
v 0.026535 0.199420 -0.045729
v 0.028017 0.193039 -0.051122
v 0.021085 0.192936 -0.046229
v 0.028017 0.193039 -0.051122
v 0.026535 0.199420 -0.045729
v 0.112961 0.207071 -0.031033
v 0.103612 0.120214 0.069169
v 0.017186 0.112563 0.054473
v 0.105094 0.113833 0.063776
v 0.103612 0.120214 0.069169
v 0.097121 0.207666 0.061815
v 0.017186 0.112563 0.054473
v 0.110544 0.120317 0.064277
v 0.103612 0.120214 0.069169
v 0.105094 0.113833 0.063776
v 0.110544 0.120317 0.064277
v 0.097121 0.207666 0.061815
v 0.103612 0.120214 0.069169
v 0.120338 0.107694 -0.022676
v 0.110544 0.120317 0.064277
v 0.105094 0.113833 0.063776
v 0.125788 0.114179 -0.022175
v 0.104053 0.207769 0.056923
v 0.110544 0.120317 0.064277
v 0.097121 0.207666 0.061815
v 0.097717 0.213210 0.055419
v 0.011291 0.205559 0.040723
v 0.110544 0.120317 0.064277
v 0.104053 0.207769 0.056923
v 0.097121 0.207666 0.061815
v 0.104053 0.207769 0.056923
v 0.097717 0.213210 0.055419
v 0.097121 0.207666 0.061815
v 0.104053 0.207769 0.056923
v 0.119296 0.201630 -0.029529
v 0.097717 0.213210 0.055419
v 0.033911 0.100043 -0.037372
v 0.120338 0.107694 -0.022676
v 0.105094 0.113833 0.063776
v 0.120338 0.107694 -0.022676
v 0.034508 0.105587 -0.043768
v 0.120934 0.113238 -0.029072
v 0.125788 0.114179 -0.022175
v 0.110544 0.120317 0.064277
v 0.120338 0.107694 -0.022676
v 0.125788 0.114179 -0.022175
v 0.120338 0.107694 -0.022676
v 0.120934 0.113238 -0.029072
v 0.119296 0.201630 -0.029529
v 0.125788 0.114179 -0.022175
v 0.120934 0.113238 -0.029072
v 0.026535 0.199420 -0.045729
v 0.097717 0.213210 0.055419
v 0.112961 0.207071 -0.031033
v 0.120934 0.113238 -0.029072
v 0.028017 0.193039 -0.051122
v 0.114443 0.200690 -0.036426
v 0.028017 0.193039 -0.051122
v 0.112961 0.207071 -0.031033
v 0.114443 0.200690 -0.036426
v 0.104053 0.207769 0.056923
v 0.125788 0.114179 -0.022175
v 0.119296 0.201630 -0.029529
v 0.119296 0.201630 -0.029529
v 0.112961 0.207071 -0.031033
v 0.097717 0.213210 0.055419
v 0.119296 0.201630 -0.029529
v 0.120934 0.113238 -0.029072
v 0.114443 0.200690 -0.036426
v 0.114443 0.200690 -0.036426
v 0.112961 0.207071 -0.031033
v 0.119296 0.201630 -0.029529
vn -0.707107 -0.577350 0.408248
vn -0.707107 -0.577350 0.408248
vn -0.707107 -0.577350 0.408248
vn -0.866025 0.000000 0.500000
vn -0.866025 0.000000 0.500000
vn -0.866025 0.000000 0.500000
vn -0.683013 -0.707107 -0.183013
vn -0.683013 -0.707107 -0.183013
vn -0.683013 -0.707107 -0.183013
vn -0.965926 0.000000 -0.258819
vn -0.965926 0.000000 -0.258819
vn -0.965926 0.000000 -0.258819
vn -0.183013 -0.707107 0.683013
vn -0.183013 -0.707107 0.683013
vn -0.183013 -0.707107 0.683013
vn 0.000000 -1.000000 0.000000
vn 0.000000 -1.000000 0.000000
vn 0.000000 -1.000000 0.000000
vn -0.866025 0.000000 0.500000
vn -0.866025 0.000000 0.500000
vn -0.866025 0.000000 0.500000
vn -0.707107 0.577350 0.408248
vn -0.707107 0.577350 0.408248
vn -0.707107 0.577350 0.408248
vn -0.683013 0.707107 -0.183013
vn -0.683013 0.707107 -0.183013
vn -0.683013 0.707107 -0.183013
vn -0.258819 0.000000 0.965926
vn -0.258819 0.000000 0.965926
vn -0.258819 0.000000 0.965926
vn -0.183013 0.707107 0.683013
vn -0.183013 0.707107 0.683013
vn -0.183013 0.707107 0.683013
vn 0.000000 1.000000 0.000000
vn 0.000000 1.000000 0.000000
vn 0.000000 1.000000 0.000000
vn -0.683013 -0.707107 -0.183013
vn -0.683013 -0.707107 -0.183013
vn -0.683013 -0.707107 -0.183013
vn -0.408248 -0.577350 -0.707107
vn -0.408248 -0.577350 -0.707107
vn -0.408248 -0.577350 -0.707107
vn -0.500000 0.000000 -0.866025
vn -0.500000 0.000000 -0.866025
vn -0.500000 0.000000 -0.866025
vn 0.183013 -0.707107 -0.683013
vn 0.183013 -0.707107 -0.683013
vn 0.183013 -0.707107 -0.683013
vn 0.258819 0.000000 -0.965926
vn 0.258819 0.000000 -0.965926
vn 0.258819 0.000000 -0.965926
vn -0.965926 0.000000 -0.258819
vn -0.965926 0.000000 -0.258819
vn -0.965926 0.000000 -0.258819
vn -0.683013 0.707107 -0.183013
vn -0.683013 0.707107 -0.183013
vn -0.683013 0.707107 -0.183013
vn -0.500000 0.000000 -0.866025
vn -0.500000 0.000000 -0.866025
vn -0.500000 0.000000 -0.866025
vn -0.408248 0.577350 -0.707107
vn -0.408248 0.577350 -0.707107
vn -0.408248 0.577350 -0.707107
vn 0.183013 0.707107 -0.683013
vn 0.183013 0.707107 -0.683013
vn 0.183013 0.707107 -0.683013
vn -0.183013 -0.707107 0.683013
vn -0.183013 -0.707107 0.683013
vn -0.183013 -0.707107 0.683013
vn -0.258819 0.000000 0.965926
vn -0.258819 0.000000 0.965926
vn -0.258819 0.000000 0.965926
vn 0.408248 -0.577350 0.707107
vn 0.408248 -0.577350 0.707107
vn 0.408248 -0.577350 0.707107
vn 0.500000 0.000000 0.866025
vn 0.500000 0.000000 0.866025
vn 0.500000 0.000000 0.866025
vn 0.683013 -0.707107 0.183013
vn 0.683013 -0.707107 0.183013
vn 0.683013 -0.707107 0.183013
vn 0.965926 0.000000 0.258819
vn 0.965926 0.000000 0.258819
vn 0.965926 0.000000 0.258819
vn -0.183013 0.707107 0.683013
vn -0.183013 0.707107 0.683013
vn -0.183013 0.707107 0.683013
vn 0.500000 0.000000 0.866025
vn 0.500000 0.000000 0.866025
vn 0.500000 0.000000 0.866025
vn 0.408248 0.577350 0.707107
vn 0.408248 0.577350 0.707107
vn 0.408248 0.577350 0.707107
vn 0.683013 0.707107 0.183013
vn 0.683013 0.707107 0.183013
vn 0.683013 0.707107 0.183013
vn 0.000000 -1.000000 0.000000
vn 0.000000 -1.000000 0.000000
vn 0.000000 -1.000000 0.000000
vn 0.183013 -0.707107 -0.683013
vn 0.183013 -0.707107 -0.683013
vn 0.183013 -0.707107 -0.683013
vn 0.683013 -0.707107 0.183013
vn 0.683013 -0.707107 0.183013
vn 0.683013 -0.707107 0.183013
vn 0.707107 -0.577350 -0.408248
vn 0.707107 -0.577350 -0.408248
vn 0.707107 -0.577350 -0.408248
vn 0.866025 0.000000 -0.500000
vn 0.866025 0.000000 -0.500000
vn 0.866025 0.000000 -0.500000
vn 0.000000 1.000000 0.000000
vn 0.000000 1.000000 0.000000
vn 0.000000 1.000000 0.000000
vn 0.258819 0.000000 -0.965926
vn 0.258819 0.000000 -0.965926
vn 0.258819 0.000000 -0.965926
vn 0.183013 0.707107 -0.683013
vn 0.183013 0.707107 -0.683013
vn 0.183013 0.707107 -0.683013
vn 0.965926 0.000000 0.258819
vn 0.965926 0.000000 0.258819
vn 0.965926 0.000000 0.258819
vn 0.683013 0.707107 0.183013
vn 0.683013 0.707107 0.183013
vn 0.683013 0.707107 0.183013
vn 0.866025 0.000000 -0.500000
vn 0.866025 0.000000 -0.500000
vn 0.866025 0.000000 -0.500000
vn 0.707107 0.577350 -0.408248
vn 0.707107 0.577350 -0.408248
vn 0.707107 0.577350 -0.408248
vn -0.444696 -0.577350 0.684772
vn -0.444696 -0.577350 0.684772
vn -0.444696 -0.577350 0.684772
vn -0.544639 0.000000 0.838671
vn -0.544639 0.000000 0.838671
vn -0.544639 0.000000 0.838671
vn -0.691655 -0.707107 0.147016
vn -0.691655 -0.707107 0.147016
vn -0.691655 -0.707107 0.147016
vn -0.978148 0.000000 0.207912
vn -0.978148 0.000000 0.207912
vn -0.978148 0.000000 0.207912
vn 0.147016 -0.707107 0.691655
vn 0.147016 -0.707107 0.691655
vn 0.147016 -0.707107 0.691655
vn 0.000000 -1.000000 0.000000
vn 0.000000 -1.000000 0.000000
vn 0.000000 -1.000000 0.000000
vn -0.544639 0.000000 0.838671
vn -0.544639 0.000000 0.838671
vn -0.544639 0.000000 0.838671
vn -0.444696 0.577350 0.684772
vn -0.444696 0.577350 0.684772
vn -0.444696 0.577350 0.684772
vn -0.691655 0.707107 0.147016
vn -0.691655 0.707107 0.147016
vn -0.691655 0.707107 0.147016
vn 0.207912 0.000000 0.978148
vn 0.207912 0.000000 0.978148
vn 0.207912 0.000000 0.978148
vn 0.147016 0.707107 0.691655
vn 0.147016 0.707107 0.691655
vn 0.147016 0.707107 0.691655
vn 0.000000 1.000000 0.000000
vn 0.000000 1.000000 0.000000
vn 0.000000 1.000000 0.000000
vn -0.691655 -0.707107 0.147016
vn -0.691655 -0.707107 0.147016
vn -0.691655 -0.707107 0.147016
vn -0.684772 -0.577350 -0.444696
vn -0.684772 -0.577350 -0.444696
vn -0.684772 -0.577350 -0.444696
vn -0.838671 0.000000 -0.544639
vn -0.838671 0.000000 -0.544639
vn -0.838671 0.000000 -0.544639
vn -0.147016 -0.707107 -0.691655
vn -0.147016 -0.707107 -0.691655
vn -0.147016 -0.707107 -0.691655
vn -0.207912 0.000000 -0.978148
vn -0.207912 0.000000 -0.978148
vn -0.207912 0.000000 -0.978148
vn -0.978148 0.000000 0.207912
vn -0.978148 0.000000 0.207912
vn -0.978148 0.000000 0.207912
vn -0.691655 0.707107 0.147016
vn -0.691655 0.707107 0.147016
vn -0.691655 0.707107 0.147016
vn -0.838671 0.000000 -0.544639
vn -0.838671 0.000000 -0.544639
vn -0.838671 0.000000 -0.544639
vn -0.684772 0.577350 -0.444696
vn -0.684772 0.577350 -0.444696
vn -0.684772 0.577350 -0.444696
vn -0.147016 0.707107 -0.691655
vn -0.147016 0.707107 -0.691655
vn -0.147016 0.707107 -0.691655
vn 0.147016 -0.707107 0.691655
vn 0.147016 -0.707107 0.691655
vn 0.147016 -0.707107 0.691655
vn 0.207912 0.000000 0.978148
vn 0.207912 0.000000 0.978148
vn 0.207912 0.000000 0.978148
vn 0.684772 -0.577350 0.444696
vn 0.684772 -0.577350 0.444696
vn 0.684772 -0.577350 0.444696
vn 0.838671 0.000000 0.544639
vn 0.838671 0.000000 0.544639
vn 0.838671 0.000000 0.544639
vn 0.691655 -0.707107 -0.147016
vn 0.691655 -0.707107 -0.147016
vn 0.691655 -0.707107 -0.147016
vn 0.978148 0.000000 -0.207912
vn 0.978148 0.000000 -0.207912
vn 0.978148 0.000000 -0.207912
vn 0.147016 0.707107 0.691655
vn 0.147016 0.707107 0.691655
vn 0.147016 0.707107 0.691655
vn 0.838671 0.000000 0.544639
vn 0.838671 0.000000 0.544639
vn 0.838671 0.000000 0.544639
vn 0.684772 0.577350 0.444696
vn 0.684772 0.577350 0.444696
vn 0.684772 0.577350 0.444696
vn 0.691655 0.707107 -0.147016
vn 0.691655 0.707107 -0.147016
vn 0.691655 0.707107 -0.147016
vn 0.000000 -1.000000 0.000000
vn 0.000000 -1.000000 0.000000
vn 0.000000 -1.000000 0.000000
vn -0.147016 -0.707107 -0.691655
vn -0.147016 -0.707107 -0.691655
vn -0.147016 -0.707107 -0.691655
vn 0.691655 -0.707107 -0.147016
vn 0.691655 -0.707107 -0.147016
vn 0.691655 -0.707107 -0.147016
vn 0.444696 -0.577350 -0.684772
vn 0.444696 -0.577350 -0.684772
vn 0.444696 -0.577350 -0.684772
vn 0.544639 0.000000 -0.838671
vn 0.544639 0.000000 -0.838671
vn 0.544639 0.000000 -0.838671
vn 0.000000 1.000000 0.000000
vn 0.000000 1.000000 0.000000
vn 0.000000 1.000000 0.000000
vn -0.207912 0.000000 -0.978148
vn -0.207912 0.000000 -0.978148
vn -0.207912 0.000000 -0.978148
vn -0.147016 0.707107 -0.691655
vn -0.147016 0.707107 -0.691655
vn -0.147016 0.707107 -0.691655
vn 0.978148 0.000000 -0.207912
vn 0.978148 0.000000 -0.207912
vn 0.978148 0.000000 -0.207912
vn 0.691655 0.707107 -0.147016
vn 0.691655 0.707107 -0.147016
vn 0.691655 0.707107 -0.147016
vn 0.544639 0.000000 -0.838671
vn 0.544639 0.000000 -0.838671
vn 0.544639 0.000000 -0.838671
vn 0.444696 0.577350 -0.684772
vn 0.444696 0.577350 -0.684772
vn 0.444696 0.577350 -0.684772
vn -0.652083 -0.577350 0.491380
vn -0.652083 -0.577350 0.491380
vn -0.652083 -0.577350 0.491380
vn -0.798636 0.000000 0.601815
vn -0.798636 0.000000 0.601815
vn -0.798636 0.000000 0.601815
vn -0.700225 -0.707107 -0.098410
vn -0.700225 -0.707107 -0.098410
vn -0.700225 -0.707107 -0.098410
vn -0.990268 0.000000 -0.139173
vn -0.990268 0.000000 -0.139173
vn -0.990268 0.000000 -0.139173
vn -0.098410 -0.707107 0.700225
vn -0.098410 -0.707107 0.700225
vn -0.098410 -0.707107 0.700225
vn 0.000000 -1.000000 0.000000
vn 0.000000 -1.000000 0.000000
vn 0.000000 -1.000000 0.000000
vn -0.798636 0.000000 0.601815
vn -0.798636 0.000000 0.601815
vn -0.798636 0.000000 0.601815
vn -0.652083 0.577350 0.491380
vn -0.652083 0.577350 0.491380
vn -0.652083 0.577350 0.491380
vn -0.700225 0.707107 -0.098410
vn -0.700225 0.707107 -0.098410
vn -0.700225 0.707107 -0.098410
vn -0.139173 0.000000 0.990268
vn -0.139173 0.000000 0.990268
vn -0.139173 0.000000 0.990268
vn -0.098410 0.707107 0.700225
vn -0.098410 0.707107 0.700225
vn -0.098410 0.707107 0.700225
vn 0.000000 1.000000 0.000000
vn 0.000000 1.000000 0.000000
vn 0.000000 1.000000 0.000000
vn -0.700225 -0.707107 -0.098410
vn -0.700225 -0.707107 -0.098410
vn -0.700225 -0.707107 -0.098410
vn -0.491380 -0.577350 -0.652083
vn -0.491380 -0.577350 -0.652083
vn -0.491380 -0.577350 -0.652083
vn -0.601815 0.000000 -0.798636
vn -0.601815 0.000000 -0.798636
vn -0.601815 0.000000 -0.798636
vn 0.098410 -0.707107 -0.700225
vn 0.098410 -0.707107 -0.700225
vn 0.098410 -0.707107 -0.700225
vn 0.139173 0.000000 -0.990268
vn 0.139173 0.000000 -0.990268
vn 0.139173 0.000000 -0.990268
vn -0.990268 0.000000 -0.139173
vn -0.990268 0.000000 -0.139173
vn -0.990268 0.000000 -0.139173
vn -0.700225 0.707107 -0.098410
vn -0.700225 0.707107 -0.098410
vn -0.700225 0.707107 -0.098410
vn -0.601815 0.000000 -0.798636
vn -0.601815 0.000000 -0.798636
vn -0.601815 0.000000 -0.798636
vn -0.491380 0.577350 -0.652083
vn -0.491380 0.577350 -0.652083
vn -0.491380 0.577350 -0.652083
vn 0.098410 0.707107 -0.700225
vn 0.098410 0.707107 -0.700225
vn 0.098410 0.707107 -0.700225
vn -0.098410 -0.707107 0.700225
vn -0.098410 -0.707107 0.700225
vn -0.098410 -0.707107 0.700225
vn -0.139173 0.000000 0.990268
vn -0.139173 0.000000 0.990268
vn -0.139173 0.000000 0.990268
vn 0.491380 -0.577350 0.652083
vn 0.491380 -0.577350 0.652083
vn 0.491380 -0.577350 0.652083
vn 0.601815 0.000000 0.798636
vn 0.601815 0.000000 0.798636
vn 0.601815 0.000000 0.798636
vn 0.700225 -0.707107 0.098410
vn 0.700225 -0.707107 0.098410
vn 0.700225 -0.707107 0.098410
vn 0.990268 0.000000 0.139173
vn 0.990268 0.000000 0.139173
vn 0.990268 0.000000 0.139173
vn -0.098410 0.707107 0.700225
vn -0.098410 0.707107 0.700225
vn -0.098410 0.707107 0.700225
vn 0.601815 0.000000 0.798636
vn 0.601815 0.000000 0.798636
vn 0.601815 0.000000 0.798636
vn 0.491380 0.577350 0.652083
vn 0.491380 0.577350 0.652083
vn 0.491380 0.577350 0.652083
vn 0.700225 0.707107 0.098410
vn 0.700225 0.707107 0.098410
vn 0.700225 0.707107 0.098410
vn 0.000000 -1.000000 0.000000
vn 0.000000 -1.000000 0.000000
vn 0.000000 -1.000000 0.000000
vn 0.098410 -0.707107 -0.700225
vn 0.098410 -0.707107 -0.700225
vn 0.098410 -0.707107 -0.700225
vn 0.700225 -0.707107 0.098410
vn 0.700225 -0.707107 0.098410
vn 0.700225 -0.707107 0.098410
vn 0.652083 -0.577350 -0.491380
vn 0.652083 -0.577350 -0.491380
vn 0.652083 -0.577350 -0.491380
vn 0.798636 0.000000 -0.601815
vn 0.798636 0.000000 -0.601815
vn 0.798636 0.000000 -0.601815
vn 0.000000 1.000000 0.000000
vn 0.000000 1.000000 0.000000
vn 0.000000 1.000000 0.000000
vn 0.139173 0.000000 -0.990268
vn 0.139173 0.000000 -0.990268
vn 0.139173 0.000000 -0.990268
vn 0.098410 0.707107 -0.700225
vn 0.098410 0.707107 -0.700225
vn 0.098410 0.707107 -0.700225
vn 0.990268 0.000000 0.139173
vn 0.990268 0.000000 0.139173
vn 0.990268 0.000000 0.139173
vn 0.700225 0.707107 0.098410
vn 0.700225 0.707107 0.098410
vn 0.700225 0.707107 0.098410
vn 0.798636 0.000000 -0.601815
vn 0.798636 0.000000 -0.601815
vn 0.798636 0.000000 -0.601815
vn 0.652083 0.577350 -0.491380
vn 0.652083 0.577350 -0.491380
vn 0.652083 0.577350 -0.491380
vn -0.624448 -0.583675 0.519025
vn -0.624448 -0.583675 0.519025
vn -0.624448 -0.583675 0.519025
vn -0.816950 -0.012153 0.576581
vn -0.816950 -0.012153 0.576581
vn -0.816950 -0.012153 0.576581
vn -0.642301 -0.764178 -0.058994
vn -0.642301 -0.764178 -0.058994
vn -0.642301 -0.764178 -0.058994
vn -0.982116 -0.086943 -0.167000
vn -0.982116 -0.086943 -0.167000
vn -0.982116 -0.086943 -0.167000
vn -0.070329 -0.653375 0.753761
vn -0.070329 -0.653375 0.753761
vn -0.070329 -0.653375 0.753761
vn 0.073765 -0.993768 0.083570
vn 0.073765 -0.993768 0.083570
vn 0.073765 -0.993768 0.083570
vn -0.816950 -0.012153 0.576581
vn -0.816950 -0.012153 0.576581
vn -0.816950 -0.012153 0.576581
vn -0.709625 0.563829 0.422527
vn -0.709625 0.563829 0.422527
vn -0.709625 0.563829 0.422527
vn -0.746620 0.641222 -0.177180
vn -0.746620 0.641222 -0.177180
vn -0.746620 0.641222 -0.177180
vn -0.173225 0.069756 0.982409
vn -0.173225 0.069756 0.982409
vn -0.173225 0.069756 0.982409
vn -0.174648 0.752025 0.635575
vn -0.174648 0.752025 0.635575
vn -0.174648 0.752025 0.635575
vn -0.073765 0.993768 -0.083570
vn -0.073765 0.993768 -0.083570
vn -0.073765 0.993768 -0.083570
vn -0.642301 -0.764178 -0.058994
vn -0.642301 -0.764178 -0.058994
vn -0.642301 -0.764178 -0.058994
vn -0.424425 -0.664223 -0.615363
vn -0.424425 -0.664223 -0.615363
vn -0.424425 -0.664223 -0.615363
vn -0.571972 -0.110804 -0.812755
vn -0.571972 -0.110804 -0.812755
vn -0.571972 -0.110804 -0.812755
vn 0.174648 -0.752025 -0.635575
vn 0.174648 -0.752025 -0.635575
vn 0.174648 -0.752025 -0.635575
vn 0.173225 -0.069756 -0.982409
vn 0.173225 -0.069756 -0.982409
vn 0.173225 -0.069756 -0.982409
vn -0.982116 -0.086943 -0.167000
vn -0.982116 -0.086943 -0.167000
vn -0.982116 -0.086943 -0.167000
vn -0.746620 0.641222 -0.177180
vn -0.746620 0.641222 -0.177180
vn -0.746620 0.641222 -0.177180
vn -0.571972 -0.110804 -0.812755
vn -0.571972 -0.110804 -0.812755
vn -0.571972 -0.110804 -0.812755
vn -0.509601 0.483281 -0.711861
vn -0.509601 0.483281 -0.711861
vn -0.509601 0.483281 -0.711861
vn 0.070329 0.653375 -0.753761
vn 0.070329 0.653375 -0.753761
vn 0.070329 0.653375 -0.753761
vn -0.070329 -0.653375 0.753761
vn -0.070329 -0.653375 0.753761
vn -0.070329 -0.653375 0.753761
vn -0.173225 0.069756 0.982409
vn -0.173225 0.069756 0.982409
vn -0.173225 0.069756 0.982409
vn 0.509601 -0.483281 0.711861
vn 0.509601 -0.483281 0.711861
vn 0.509601 -0.483281 0.711861
vn 0.571972 0.110804 0.812755
vn 0.571972 0.110804 0.812755
vn 0.571972 0.110804 0.812755
vn 0.746620 -0.641222 0.177180
vn 0.746620 -0.641222 0.177180
vn 0.746620 -0.641222 0.177180
vn 0.982116 0.086943 0.167000
vn 0.982116 0.086943 0.167000
vn 0.982116 0.086943 0.167000
vn -0.174648 0.752025 0.635575
vn -0.174648 0.752025 0.635575
vn -0.174648 0.752025 0.635575
vn 0.571972 0.110804 0.812755
vn 0.571972 0.110804 0.812755
vn 0.571972 0.110804 0.812755
vn 0.424425 0.664223 0.615363
vn 0.424425 0.664223 0.615363
vn 0.424425 0.664223 0.615363
vn 0.642301 0.764178 0.058994
vn 0.642301 0.764178 0.058994
vn 0.642301 0.764178 0.058994
vn 0.073765 -0.993768 0.083570
vn 0.073765 -0.993768 0.083570
vn 0.073765 -0.993768 0.083570
vn 0.174648 -0.752025 -0.635575
vn 0.174648 -0.752025 -0.635575
vn 0.174648 -0.752025 -0.635575
vn 0.746620 -0.641222 0.177180
vn 0.746620 -0.641222 0.177180
vn 0.746620 -0.641222 0.177180
vn 0.709625 -0.563829 -0.422527
vn 0.709625 -0.563829 -0.422527
vn 0.709625 -0.563829 -0.422527
vn 0.816950 0.012153 -0.576581
vn 0.816950 0.012153 -0.576581
vn 0.816950 0.012153 -0.576581
vn -0.073765 0.993768 -0.083570
vn -0.073765 0.993768 -0.083570
vn -0.073765 0.993768 -0.083570
vn 0.173225 -0.069756 -0.982409
vn 0.173225 -0.069756 -0.982409
vn 0.173225 -0.069756 -0.982409
vn 0.070329 0.653375 -0.753761
vn 0.070329 0.653375 -0.753761
vn 0.070329 0.653375 -0.753761
vn 0.982116 0.086943 0.167000
vn 0.982116 0.086943 0.167000
vn 0.982116 0.086943 0.167000
vn 0.642301 0.764178 0.058994
vn 0.642301 0.764178 0.058994
vn 0.642301 0.764178 0.058994
vn 0.816950 0.012153 -0.576581
vn 0.816950 0.012153 -0.576581
vn 0.816950 0.012153 -0.576581
vn 0.624448 0.583675 -0.519025
vn 0.624448 0.583675 -0.519025
vn 0.624448 0.583675 -0.519025
vt 0.875000000 0.250000000
vt 0.875000000 0.250000000
vt 0.875000000 0.250000000
vt 0.875000000 0.750000000
vt 0.875000000 0.750000000
vt 0.875000000 0.750000000
vt 0.875000000 0.250000000
vt 0.875000000 0.250000000
vt 0.875000000 0.250000000
vt 0.625000000 0.750000000
vt 0.625000000 0.750000000
vt 0.625000000 0.750000000
vt 0.875000000 0.250000000
vt 0.875000000 0.250000000
vt 0.875000000 0.250000000
vt 0.375000000 0.250000000
vt 0.375000000 0.250000000
vt 0.375000000 0.250000000
vt 0.875000000 0.750000000
vt 0.875000000 0.750000000
vt 0.875000000 0.750000000
vt 0.875000000 0.750000000
vt 0.875000000 0.750000000
vt 0.875000000 0.750000000
vt 0.875000000 0.750000000
vt 0.875000000 0.750000000
vt 0.875000000 0.750000000
vt 0.125000000 0.750000000
vt 0.125000000 0.750000000
vt 0.125000000 0.750000000
vt 0.875000000 0.750000000
vt 0.875000000 0.750000000
vt 0.875000000 0.750000000
vt 0.375000000 0.750000000
vt 0.375000000 0.750000000
vt 0.375000000 0.750000000
vt 0.875000000 0.250000000
vt 0.875000000 0.250000000
vt 0.875000000 0.250000000
vt 0.875000000 0.250000000
vt 0.875000000 0.250000000
vt 0.875000000 0.250000000
vt 0.875000000 0.750000000
vt 0.875000000 0.750000000
vt 0.875000000 0.750000000
vt 0.875000000 0.250000000
vt 0.875000000 0.250000000
vt 0.875000000 0.250000000
vt 0.625000000 0.750000000
vt 0.625000000 0.750000000
vt 0.625000000 0.750000000
vt 0.625000000 0.750000000
vt 0.625000000 0.750000000
vt 0.625000000 0.750000000
vt 0.875000000 0.750000000
vt 0.875000000 0.750000000
vt 0.875000000 0.750000000
vt 0.875000000 0.750000000
vt 0.875000000 0.750000000
vt 0.875000000 0.750000000
vt 0.875000000 0.750000000
vt 0.875000000 0.750000000
vt 0.875000000 0.750000000
vt 0.875000000 0.750000000
vt 0.875000000 0.750000000
vt 0.875000000 0.750000000
vt 0.875000000 0.250000000
vt 0.875000000 0.250000000
vt 0.875000000 0.250000000
vt 0.125000000 0.750000000
vt 0.125000000 0.750000000
vt 0.125000000 0.750000000
vt 0.875000000 0.250000000
vt 0.875000000 0.250000000
vt 0.875000000 0.250000000
vt 0.875000000 0.750000000
vt 0.875000000 0.750000000
vt 0.875000000 0.750000000
vt 0.875000000 0.250000000
vt 0.875000000 0.250000000
vt 0.875000000 0.250000000
vt 0.125000000 0.250000000
vt 0.125000000 0.250000000
vt 0.125000000 0.250000000
vt 0.875000000 0.750000000
vt 0.875000000 0.750000000
vt 0.875000000 0.750000000
vt 0.875000000 0.750000000
vt 0.875000000 0.750000000
vt 0.875000000 0.750000000
vt 0.875000000 0.750000000
vt 0.875000000 0.750000000
vt 0.875000000 0.750000000
vt 0.875000000 0.750000000
vt 0.875000000 0.750000000
vt 0.875000000 0.750000000
vt 0.375000000 0.250000000
vt 0.375000000 0.250000000
vt 0.375000000 0.250000000
vt 0.875000000 0.250000000
vt 0.875000000 0.250000000
vt 0.875000000 0.250000000
vt 0.875000000 0.250000000
vt 0.875000000 0.250000000
vt 0.875000000 0.250000000
vt 0.875000000 0.250000000
vt 0.875000000 0.250000000
vt 0.875000000 0.250000000
vt 0.875000000 0.750000000
vt 0.875000000 0.750000000
vt 0.875000000 0.750000000
vt 0.375000000 0.750000000
vt 0.375000000 0.750000000
vt 0.375000000 0.750000000
vt 0.625000000 0.750000000
vt 0.625000000 0.750000000
vt 0.625000000 0.750000000
vt 0.875000000 0.750000000
vt 0.875000000 0.750000000
vt 0.875000000 0.750000000
vt 0.125000000 0.250000000
vt 0.125000000 0.250000000
vt 0.125000000 0.250000000
vt 0.875000000 0.750000000
vt 0.875000000 0.750000000
vt 0.875000000 0.750000000
vt 0.875000000 0.750000000
vt 0.875000000 0.750000000
vt 0.875000000 0.750000000
vt 0.875000000 0.750000000
vt 0.875000000 0.750000000
vt 0.875000000 0.750000000
vt 0.875000000 0.250000000
vt 0.875000000 0.250000000
vt 0.875000000 0.250000000
vt 0.875000000 0.750000000
vt 0.875000000 0.750000000
vt 0.875000000 0.750000000
vt 0.875000000 0.250000000
vt 0.875000000 0.250000000
vt 0.875000000 0.250000000
vt 0.625000000 0.750000000
vt 0.625000000 0.750000000
vt 0.625000000 0.750000000
vt 0.875000000 0.250000000
vt 0.875000000 0.250000000
vt 0.875000000 0.250000000
vt 0.375000000 0.250000000
vt 0.375000000 0.250000000
vt 0.375000000 0.250000000
vt 0.875000000 0.750000000
vt 0.875000000 0.750000000
vt 0.875000000 0.750000000
vt 0.875000000 0.750000000
vt 0.875000000 0.750000000
vt 0.875000000 0.750000000
vt 0.875000000 0.750000000
vt 0.875000000 0.750000000
vt 0.875000000 0.750000000
vt 0.125000000 0.750000000
vt 0.125000000 0.750000000
vt 0.125000000 0.750000000
vt 0.875000000 0.750000000
vt 0.875000000 0.750000000
vt 0.875000000 0.750000000
vt 0.375000000 0.750000000
vt 0.375000000 0.750000000
vt 0.375000000 0.750000000
vt 0.875000000 0.250000000
vt 0.875000000 0.250000000
vt 0.875000000 0.250000000
vt 0.875000000 0.250000000
vt 0.875000000 0.250000000
vt 0.875000000 0.250000000
vt 0.875000000 0.750000000
vt 0.875000000 0.750000000
vt 0.875000000 0.750000000
vt 0.875000000 0.250000000
vt 0.875000000 0.250000000
vt 0.875000000 0.250000000
vt 0.625000000 0.750000000
vt 0.625000000 0.750000000
vt 0.625000000 0.750000000
vt 0.625000000 0.750000000
vt 0.625000000 0.750000000
vt 0.625000000 0.750000000
vt 0.875000000 0.750000000
vt 0.875000000 0.750000000
vt 0.875000000 0.750000000
vt 0.875000000 0.750000000
vt 0.875000000 0.750000000
vt 0.875000000 0.750000000
vt 0.875000000 0.750000000
vt 0.875000000 0.750000000
vt 0.875000000 0.750000000
vt 0.875000000 0.750000000
vt 0.875000000 0.750000000
vt 0.875000000 0.750000000
vt 0.875000000 0.250000000
vt 0.875000000 0.250000000
vt 0.875000000 0.250000000
vt 0.125000000 0.750000000
vt 0.125000000 0.750000000
vt 0.125000000 0.750000000
vt 0.875000000 0.250000000
vt 0.875000000 0.250000000
vt 0.875000000 0.250000000
vt 0.875000000 0.750000000
vt 0.875000000 0.750000000
vt 0.875000000 0.750000000
vt 0.875000000 0.250000000
vt 0.875000000 0.250000000
vt 0.875000000 0.250000000
vt 0.125000000 0.250000000
vt 0.125000000 0.250000000
vt 0.125000000 0.250000000
vt 0.875000000 0.750000000
vt 0.875000000 0.750000000
vt 0.875000000 0.750000000
vt 0.875000000 0.750000000
vt 0.875000000 0.750000000
vt 0.875000000 0.750000000
vt 0.875000000 0.750000000
vt 0.875000000 0.750000000
vt 0.875000000 0.750000000
vt 0.875000000 0.750000000
vt 0.875000000 0.750000000
vt 0.875000000 0.750000000
vt 0.375000000 0.250000000
vt 0.375000000 0.250000000
vt 0.375000000 0.250000000
vt 0.875000000 0.250000000
vt 0.875000000 0.250000000
vt 0.875000000 0.250000000
vt 0.875000000 0.250000000
vt 0.875000000 0.250000000
vt 0.875000000 0.250000000
vt 0.875000000 0.250000000
vt 0.875000000 0.250000000
vt 0.875000000 0.250000000
vt 0.875000000 0.750000000
vt 0.875000000 0.750000000
vt 0.875000000 0.750000000
vt 0.375000000 0.750000000
vt 0.375000000 0.750000000
vt 0.375000000 0.750000000
vt 0.625000000 0.750000000
vt 0.625000000 0.750000000
vt 0.625000000 0.750000000
vt 0.875000000 0.750000000
vt 0.875000000 0.750000000
vt 0.875000000 0.750000000
vt 0.125000000 0.250000000
vt 0.125000000 0.250000000
vt 0.125000000 0.250000000
vt 0.875000000 0.750000000
vt 0.875000000 0.750000000
vt 0.875000000 0.750000000
vt 0.875000000 0.750000000
vt 0.875000000 0.750000000
vt 0.875000000 0.750000000
vt 0.875000000 0.750000000
vt 0.875000000 0.750000000
vt 0.875000000 0.750000000
vt 0.875000000 0.250000000
vt 0.875000000 0.250000000
vt 0.875000000 0.250000000
vt 0.875000000 0.750000000
vt 0.875000000 0.750000000
vt 0.875000000 0.750000000
vt 0.875000000 0.250000000
vt 0.875000000 0.250000000
vt 0.875000000 0.250000000
vt 0.625000000 0.750000000
vt 0.625000000 0.750000000
vt 0.625000000 0.750000000
vt 0.875000000 0.250000000
vt 0.875000000 0.250000000
vt 0.875000000 0.250000000
vt 0.375000000 0.250000000
vt 0.375000000 0.250000000
vt 0.375000000 0.250000000
vt 0.875000000 0.750000000
vt 0.875000000 0.750000000
vt 0.875000000 0.750000000
vt 0.875000000 0.750000000
vt 0.875000000 0.750000000
vt 0.875000000 0.750000000
vt 0.875000000 0.750000000
vt 0.875000000 0.750000000
vt 0.875000000 0.750000000
vt 0.125000000 0.750000000
vt 0.125000000 0.750000000
vt 0.125000000 0.750000000
vt 0.875000000 0.750000000
vt 0.875000000 0.750000000
vt 0.875000000 0.750000000
vt 0.375000000 0.750000000
vt 0.375000000 0.750000000
vt 0.375000000 0.750000000
vt 0.875000000 0.250000000
vt 0.875000000 0.250000000
vt 0.875000000 0.250000000
vt 0.875000000 0.250000000
vt 0.875000000 0.250000000
vt 0.875000000 0.250000000
vt 0.875000000 0.750000000
vt 0.875000000 0.750000000
vt 0.875000000 0.750000000
vt 0.875000000 0.250000000
vt 0.875000000 0.250000000
vt 0.875000000 0.250000000
vt 0.625000000 0.750000000
vt 0.625000000 0.750000000
vt 0.625000000 0.750000000
vt 0.625000000 0.750000000
vt 0.625000000 0.750000000
vt 0.625000000 0.750000000
vt 0.875000000 0.750000000
vt 0.875000000 0.750000000
vt 0.875000000 0.750000000
vt 0.875000000 0.750000000
vt 0.875000000 0.750000000
vt 0.875000000 0.750000000
vt 0.875000000 0.750000000
vt 0.875000000 0.750000000
vt 0.875000000 0.750000000
vt 0.875000000 0.750000000
vt 0.875000000 0.750000000
vt 0.875000000 0.750000000
vt 0.875000000 0.250000000
vt 0.875000000 0.250000000
vt 0.875000000 0.250000000
vt 0.125000000 0.750000000
vt 0.125000000 0.750000000
vt 0.125000000 0.750000000
vt 0.875000000 0.250000000
vt 0.875000000 0.250000000
vt 0.875000000 0.250000000
vt 0.875000000 0.750000000
vt 0.875000000 0.750000000
vt 0.875000000 0.750000000
vt 0.875000000 0.250000000
vt 0.875000000 0.250000000
vt 0.875000000 0.250000000
vt 0.125000000 0.250000000
vt 0.125000000 0.250000000
vt 0.125000000 0.250000000
vt 0.875000000 0.750000000
vt 0.875000000 0.750000000
vt 0.875000000 0.750000000
vt 0.875000000 0.750000000
vt 0.875000000 0.750000000
vt 0.875000000 0.750000000
vt 0.875000000 0.750000000
vt 0.875000000 0.750000000
vt 0.875000000 0.750000000
vt 0.875000000 0.750000000
vt 0.875000000 0.750000000
vt 0.875000000 0.750000000
vt 0.375000000 0.250000000
vt 0.375000000 0.250000000
vt 0.375000000 0.250000000
vt 0.875000000 0.250000000
vt 0.875000000 0.250000000
vt 0.875000000 0.250000000
vt 0.875000000 0.250000000
vt 0.875000000 0.250000000
vt 0.875000000 0.250000000
vt 0.875000000 0.250000000
vt 0.875000000 0.250000000
vt 0.875000000 0.250000000
vt 0.875000000 0.750000000
vt 0.875000000 0.750000000
vt 0.875000000 0.750000000
vt 0.375000000 0.750000000
vt 0.375000000 0.750000000
vt 0.375000000 0.750000000
vt 0.625000000 0.750000000
vt 0.625000000 0.750000000
vt 0.625000000 0.750000000
vt 0.875000000 0.750000000
vt 0.875000000 0.750000000
vt 0.875000000 0.750000000
vt 0.125000000 0.250000000
vt 0.125000000 0.250000000
vt 0.125000000 0.250000000
vt 0.875000000 0.750000000
vt 0.875000000 0.750000000
vt 0.875000000 0.750000000
vt 0.875000000 0.750000000
vt 0.875000000 0.750000000
vt 0.875000000 0.750000000
vt 0.875000000 0.750000000
vt 0.875000000 0.750000000
vt 0.875000000 0.750000000
vt 0.875000000 0.250000000
vt 0.875000000 0.250000000
vt 0.875000000 0.250000000
vt 0.875000000 0.750000000
vt 0.875000000 0.750000000
vt 0.875000000 0.750000000
vt 0.875000000 0.250000000
vt 0.875000000 0.250000000
vt 0.875000000 0.250000000
vt 0.625000000 0.750000000
vt 0.625000000 0.750000000
vt 0.625000000 0.750000000
vt 0.875000000 0.250000000
vt 0.875000000 0.250000000
vt 0.875000000 0.250000000
vt 0.375000000 0.250000000
vt 0.375000000 0.250000000
vt 0.375000000 0.250000000
vt 0.875000000 0.750000000
vt 0.875000000 0.750000000
vt 0.875000000 0.750000000
vt 0.875000000 0.750000000
vt 0.875000000 0.750000000
vt 0.875000000 0.750000000
vt 0.875000000 0.750000000
vt 0.875000000 0.750000000
vt 0.875000000 0.750000000
vt 0.125000000 0.750000000
vt 0.125000000 0.750000000
vt 0.125000000 0.750000000
vt 0.875000000 0.750000000
vt 0.875000000 0.750000000
vt 0.875000000 0.750000000
vt 0.375000000 0.750000000
vt 0.375000000 0.750000000
vt 0.375000000 0.750000000
vt 0.875000000 0.250000000
vt 0.875000000 0.250000000
vt 0.875000000 0.250000000
vt 0.875000000 0.250000000
vt 0.875000000 0.250000000
vt 0.875000000 0.250000000
vt 0.875000000 0.750000000
vt 0.875000000 0.750000000
vt 0.875000000 0.750000000
vt 0.875000000 0.250000000
vt 0.875000000 0.250000000
vt 0.875000000 0.250000000
vt 0.625000000 0.750000000
vt 0.625000000 0.750000000
vt 0.625000000 0.750000000
vt 0.625000000 0.750000000
vt 0.625000000 0.750000000
vt 0.625000000 0.750000000
vt 0.875000000 0.750000000
vt 0.875000000 0.750000000
vt 0.875000000 0.750000000
vt 0.875000000 0.750000000
vt 0.875000000 0.750000000
vt 0.875000000 0.750000000
vt 0.875000000 0.750000000
vt 0.875000000 0.750000000
vt 0.875000000 0.750000000
vt 0.875000000 0.750000000
vt 0.875000000 0.750000000
vt 0.875000000 0.750000000
vt 0.875000000 0.250000000
vt 0.875000000 0.250000000
vt 0.875000000 0.250000000
vt 0.125000000 0.750000000
vt 0.125000000 0.750000000
vt 0.125000000 0.750000000
vt 0.875000000 0.250000000
vt 0.875000000 0.250000000
vt 0.875000000 0.250000000
vt 0.875000000 0.750000000
vt 0.875000000 0.750000000
vt 0.875000000 0.750000000
vt 0.875000000 0.250000000
vt 0.875000000 0.250000000
vt 0.875000000 0.250000000
vt 0.125000000 0.250000000
vt 0.125000000 0.250000000
vt 0.125000000 0.250000000
vt 0.875000000 0.750000000
vt 0.875000000 0.750000000
vt 0.875000000 0.750000000
vt 0.875000000 0.750000000
vt 0.875000000 0.750000000
vt 0.875000000 0.750000000
vt 0.875000000 0.750000000
vt 0.875000000 0.750000000
vt 0.875000000 0.750000000
vt 0.875000000 0.750000000
vt 0.875000000 0.750000000
vt 0.875000000 0.750000000
vt 0.375000000 0.250000000
vt 0.375000000 0.250000000
vt 0.375000000 0.250000000
vt 0.875000000 0.250000000
vt 0.875000000 0.250000000
vt 0.875000000 0.250000000
vt 0.875000000 0.250000000
vt 0.875000000 0.250000000
vt 0.875000000 0.250000000
vt 0.875000000 0.250000000
vt 0.875000000 0.250000000
vt 0.875000000 0.250000000
vt 0.875000000 0.750000000
vt 0.875000000 0.750000000
vt 0.875000000 0.750000000
vt 0.375000000 0.750000000
vt 0.375000000 0.750000000
vt 0.375000000 0.750000000
vt 0.625000000 0.750000000
vt 0.625000000 0.750000000
vt 0.625000000 0.750000000
vt 0.875000000 0.750000000
vt 0.875000000 0.750000000
vt 0.875000000 0.750000000
vt 0.125000000 0.250000000
vt 0.125000000 0.250000000
vt 0.125000000 0.250000000
vt 0.875000000 0.750000000
vt 0.875000000 0.750000000
vt 0.875000000 0.750000000
vt 0.875000000 0.750000000
vt 0.875000000 0.750000000
vt 0.875000000 0.750000000
vt 0.875000000 0.750000000
vt 0.875000000 0.750000000
vt 0.875000000 0.750000000
f 1/1/1 3/3/3 2/2/2
f 4/4/4 6/6/6 5/5/5
f 7/7/7 9/9/9 8/8/8
f 10/10/10 12/12/12 11/11/11
f 13/13/13 15/15/15 14/14/14
f 16/16/16 18/18/18 17/17/17
f 19/19/19 21/21/21 20/20/20
f 22/22/22 24/24/24 23/23/23
f 25/25/25 27/27/27 26/26/26
f 28/28/28 30/30/30 29/29/29
f 31/31/31 33/33/33 32/32/32
f 34/34/34 36/36/36 35/35/35
f 37/37/37 39/39/39 38/38/38
f 40/40/40 42/42/42 41/41/41
f 43/43/43 45/45/45 44/44/44
f 46/46/46 48/48/48 47/47/47
f 49/49/49 51/51/51 50/50/50
f 52/52/52 54/54/54 53/53/53
f 55/55/55 57/57/57 56/56/56
f 58/58/58 60/60/60 59/59/59
f 61/61/61 63/63/63 62/62/62
f 64/64/64 66/66/66 65/65/65
f 67/67/67 69/69/69 68/68/68
f 70/70/70 72/72/72 71/71/71
f 73/73/73 75/75/75 74/74/74
f 76/76/76 78/78/78 77/77/77
f 79/79/79 81/81/81 80/80/80
f 82/82/82 84/84/84 83/83/83
f 85/85/85 87/87/87 86/86/86
f 88/88/88 90/90/90 89/89/89
f 91/91/91 93/93/93 92/92/92
f 94/94/94 96/96/96 95/95/95
f 97/97/97 99/99/99 98/98/98
f 100/100/100 102/102/102 101/101/101
f 103/103/103 105/105/105 104/104/104
f 106/106/106 108/108/108 107/107/107
f 109/109/109 111/111/111 110/110/110
f 112/112/112 114/114/114 113/113/113
f 115/115/115 117/117/117 116/116/116
f 118/118/118 120/120/120 119/119/119
f 121/121/121 123/123/123 122/122/122
f 124/124/124 126/126/126 125/125/125
f 127/127/127 129/129/129 128/128/128
f 130/130/130 132/132/132 131/131/131
f 133/133/133 135/135/135 134/134/134
f 136/136/136 138/138/138 137/137/137
f 139/139/139 141/141/141 140/140/140
f 142/142/142 144/144/144 143/143/143
f 145/145/145 147/147/147 146/146/146
f 148/148/148 150/150/150 149/149/149
f 151/151/151 153/153/153 152/152/152
f 154/154/154 156/156/156 155/155/155
f 157/157/157 159/159/159 158/158/158
f 160/160/160 162/162/162 161/161/161
f 163/163/163 165/165/165 164/164/164
f 166/166/166 168/168/168 167/167/167
f 169/169/169 171/171/171 170/170/170
f 172/172/172 174/174/174 173/173/173
f 175/175/175 177/177/177 176/176/176
f 178/178/178 180/180/180 179/179/179
f 181/181/181 183/183/183 182/182/182
f 184/184/184 186/186/186 185/185/185
f 187/187/187 189/189/189 188/188/188
f 190/190/190 192/192/192 191/191/191
f 193/193/193 195/195/195 194/194/194
f 196/196/196 198/198/198 197/197/197
f 199/199/199 201/201/201 200/200/200
f 202/202/202 204/204/204 203/203/203
f 205/205/205 207/207/207 206/206/206
f 208/208/208 210/210/210 209/209/209
f 211/211/211 213/213/213 212/212/212
f 214/214/214 216/216/216 215/215/215
f 217/217/217 219/219/219 218/218/218
f 220/220/220 222/222/222 221/221/221
f 223/223/223 225/225/225 224/224/224
f 226/226/226 228/228/228 227/227/227
f 229/229/229 231/231/231 230/230/230
f 232/232/232 234/234/234 233/233/233
f 235/235/235 237/237/237 236/236/236
f 238/238/238 240/240/240 239/239/239
f 241/241/241 243/243/243 242/242/242
f 244/244/244 246/246/246 245/245/245
f 247/247/247 249/249/249 248/248/248
f 250/250/250 252/252/252 251/251/251
f 253/253/253 255/255/255 254/254/254
f 256/256/256 258/258/258 257/257/257
f 259/259/259 261/261/261 260/260/260
f 262/262/262 264/264/264 263/263/263
f 265/265/265 267/267/267 266/266/266
f 268/268/268 270/270/270 269/269/269
f 271/271/271 273/273/273 272/272/272
f 274/274/274 276/276/276 275/275/275
f 277/277/277 279/279/279 278/278/278
f 280/280/280 282/282/282 281/281/281
f 283/283/283 285/285/285 284/284/284
f 286/286/286 288/288/288 287/287/287
f 289/289/289 291/291/291 290/290/290
f 292/292/292 294/294/294 293/293/293
f 295/295/295 297/297/297 296/296/296
f 298/298/298 300/300/300 299/299/299
f 301/301/301 303/303/303 302/302/302
f 304/304/304 306/306/306 305/305/305
f 307/307/307 309/309/309 308/308/308
f 310/310/310 312/312/312 311/311/311
f 313/313/313 315/315/315 314/314/314
f 316/316/316 318/318/318 317/317/317
f 319/319/319 321/321/321 320/320/320
f 322/322/322 324/324/324 323/323/323
f 325/325/325 327/327/327 326/326/326
f 328/328/328 330/330/330 329/329/329
f 331/331/331 333/333/333 332/332/332
f 334/334/334 336/336/336 335/335/335
f 337/337/337 339/339/339 338/338/338
f 340/340/340 342/342/342 341/341/341
f 343/343/343 345/345/345 344/344/344
f 346/346/346 348/348/348 347/347/347
f 349/349/349 351/351/351 350/350/350
f 352/352/352 354/354/354 353/353/353
f 355/355/355 357/357/357 356/356/356
f 358/358/358 360/360/360 359/359/359
f 361/361/361 363/363/363 362/362/362
f 364/364/364 366/366/366 365/365/365
f 367/367/367 369/369/369 368/368/368
f 370/370/370 372/372/372 371/371/371
f 373/373/373 375/375/375 374/374/374
f 376/376/376 378/378/378 377/377/377
f 379/379/379 381/381/381 380/380/380
f 382/382/382 384/384/384 383/383/383
f 385/385/385 387/387/387 386/386/386
f 388/388/388 390/390/390 389/389/389
f 391/391/391 393/393/393 392/392/392
f 394/394/394 396/396/396 395/395/395
f 397/397/397 399/399/399 398/398/398
f 400/400/400 402/402/402 401/401/401
f 403/403/403 405/405/405 404/404/404
f 406/406/406 408/408/408 407/407/407
f 409/409/409 411/411/411 410/410/410
f 412/412/412 414/414/414 413/413/413
f 415/415/415 417/417/417 416/416/416
f 418/418/418 420/420/420 419/419/419
f 421/421/421 423/423/423 422/422/422
f 424/424/424 426/426/426 425/425/425
f 427/427/427 429/429/429 428/428/428
f 430/430/430 432/432/432 431/431/431
f 433/433/433 435/435/435 434/434/434
f 436/436/436 438/438/438 437/437/437
f 439/439/439 441/441/441 440/440/440
f 442/442/442 444/444/444 443/443/443
f 445/445/445 447/447/447 446/446/446
f 448/448/448 450/450/450 449/449/449
f 451/451/451 453/453/453 452/452/452
f 454/454/454 456/456/456 455/455/455
f 457/457/457 459/459/459 458/458/458
f 460/460/460 462/462/462 461/461/461
f 463/463/463 465/465/465 464/464/464
f 466/466/466 468/468/468 467/467/467
f 469/469/469 471/471/471 470/470/470
f 472/472/472 474/474/474 473/473/473
f 475/475/475 477/477/477 476/476/476
f 478/478/478 480/480/480 479/479/479
f 481/481/481 483/483/483 482/482/482
f 484/484/484 486/486/486 485/485/485
f 487/487/487 489/489/489 488/488/488
f 490/490/490 492/492/492 491/491/491
f 493/493/493 495/495/495 494/494/494
f 496/496/496 498/498/498 497/497/497
f 499/499/499 501/501/501 500/500/500
f 502/502/502 504/504/504 503/503/503
f 505/505/505 507/507/507 506/506/506
f 508/508/508 510/510/510 509/509/509
f 511/511/511 513/513/513 512/512/512
f 514/514/514 516/516/516 515/515/515
f 517/517/517 519/519/519 518/518/518
f 520/520/520 522/522/522 521/521/521
f 523/523/523 525/525/525 524/524/524
f 526/526/526 528/528/528 527/527/527
