# Unturned item rip -> Godot (X+Z negated, winding reversed, RH Y-up)
v 0.122261 -0.186074 0.262507
v 0.126677 -0.061116 0.241573
v 0.183035 -0.061116 0.253463
v 0.178618 -0.186074 0.274397
v 0.184162 -0.311033 0.248122
v 0.127804 -0.311033 0.236233
v 0.221694 -0.300004 0.103791
v 0.221572 -0.321575 0.104370
v 0.205470 -0.319437 0.180694
v 0.205592 -0.297865 0.180115
v 0.205470 -0.319437 0.180694
v 0.221572 -0.321575 0.104370
v 0.151652 -0.321575 0.089619
v 0.135550 -0.319437 0.165943
v -0.222219 -0.297865 0.089860
v -0.222341 -0.319437 0.090439
v -0.206239 -0.321575 0.014115
v -0.206117 -0.300004 0.013536
v 0.259079 -0.186074 0.273431
v 0.263096 -0.291623 0.254389
v -0.304827 -0.291623 0.134575
v -0.308844 -0.186074 0.153617
v -0.304827 -0.080525 0.134575
v 0.263096 -0.080525 0.254389
v -0.304827 -0.291623 0.134575
v 0.263096 -0.291623 0.254389
v 0.327527 -0.291623 -0.025949
v -0.246842 -0.291623 -0.140274
v 0.151774 -0.300004 0.089040
v 0.151652 -0.321575 0.089619
v 0.221572 -0.321575 0.104370
v 0.221694 -0.300004 0.103791
v -0.093138 -0.319155 -0.209387
v -0.149496 -0.319155 -0.221277
v -0.230088 -0.311033 0.160728
v -0.173730 -0.311033 0.172618
v -0.152422 -0.319437 0.105190
v -0.222341 -0.319437 0.090439
v -0.222219 -0.297865 0.089860
v -0.152299 -0.297865 0.104611
v -0.144248 -0.186074 -0.246153
v -0.230088 -0.311033 0.160728
v -0.149496 -0.319155 -0.221277
v -0.235631 -0.186074 0.187003
v -0.231214 -0.061116 0.166069
v -0.148664 -0.061116 -0.225220
v 0.264753 -0.319155 -0.133883
v 0.208395 -0.319155 -0.145773
v 0.127804 -0.311033 0.236233
v 0.184162 -0.311033 0.248122
v -0.152299 -0.297865 0.104611
v -0.136197 -0.300004 0.028287
v -0.136320 -0.321575 0.028866
v -0.152422 -0.319437 0.105190
v -0.092306 -0.061116 -0.213330
v -0.148664 -0.061116 -0.225220
v -0.144248 -0.186074 -0.246153
v -0.087890 -0.186074 -0.234264
v -0.093138 -0.319155 -0.209387
v -0.149496 -0.319155 -0.221277
v -0.243693 -0.186074 -0.155198
v -0.246842 -0.291623 -0.140274
v 0.327527 -0.291623 -0.025949
v 0.334635 -0.186074 -0.058618
v -0.246842 -0.080525 -0.140274
v 0.330984 -0.080525 -0.067401
v 0.270001 -0.186074 -0.158760
v 0.265585 -0.061116 -0.137826
v 0.209227 -0.061116 -0.149716
v 0.213643 -0.186074 -0.170649
v 0.208395 -0.319155 -0.145773
v 0.264753 -0.319155 -0.133883
v -0.206239 -0.321575 0.014115
v -0.222341 -0.319437 0.090439
v -0.152422 -0.319437 0.105190
v -0.136320 -0.321575 0.028866
v 0.265585 -0.061116 -0.137826
v 0.178618 -0.186074 0.274397
v 0.183035 -0.061116 0.253463
v 0.270001 -0.186074 -0.158760
v 0.184162 -0.311033 0.248122
v 0.264753 -0.319155 -0.133883
v 0.259079 -0.186074 0.273431
v 0.327527 -0.291623 -0.025949
v 0.263096 -0.291623 0.254389
v 0.334635 -0.186074 -0.058618
v 0.330984 -0.080525 -0.067401
v 0.263096 -0.080525 0.254389
v 0.151774 -0.300004 0.089040
v 0.221694 -0.300004 0.103791
v 0.205592 -0.297865 0.180115
v 0.135672 -0.297865 0.165364
v 0.126677 -0.061116 0.241573
v 0.209227 -0.061116 -0.149716
v 0.265585 -0.061116 -0.137826
v 0.183035 -0.061116 0.253463
v -0.092306 -0.061116 -0.213330
v -0.174856 -0.061116 0.177959
v -0.231214 -0.061116 0.166069
v -0.148664 -0.061116 -0.225220
v 0.205470 -0.319437 0.180694
v 0.135550 -0.319437 0.165943
v 0.135672 -0.297865 0.165364
v 0.205592 -0.297865 0.180115
v 0.263096 -0.080525 0.254389
v -0.304827 -0.080525 0.134575
v -0.246842 -0.080525 -0.140274
v 0.330984 -0.080525 -0.067401
v -0.152299 -0.297865 0.104611
v -0.222219 -0.297865 0.089860
v -0.206117 -0.300004 0.013536
v -0.136197 -0.300004 0.028287
v 0.213643 -0.186074 -0.170649
v 0.127804 -0.311033 0.236233
v 0.208395 -0.319155 -0.145773
v 0.122261 -0.186074 0.262507
v 0.126677 -0.061116 0.241573
v 0.209227 -0.061116 -0.149716
v -0.087890 -0.186074 -0.234264
v -0.174856 -0.061116 0.177959
v -0.092306 -0.061116 -0.213330
v -0.179273 -0.186074 0.198892
v -0.173730 -0.311033 0.172618
v -0.093138 -0.319155 -0.209387
v 0.135550 -0.319437 0.165943
v 0.151652 -0.321575 0.089619
v 0.151774 -0.300004 0.089040
v 0.135672 -0.297865 0.165364
v -0.230088 -0.311033 0.160728
v -0.179273 -0.186074 0.198892
v -0.173730 -0.311033 0.172618
v -0.235631 -0.186074 0.187003
v -0.231214 -0.061116 0.166069
v -0.174856 -0.061116 0.177959
v -0.246842 -0.291623 -0.140274
v -0.308844 -0.186074 0.153617
v -0.304827 -0.291623 0.134575
v -0.243693 -0.186074 -0.155198
v -0.246842 -0.080525 -0.140274
v -0.304827 -0.080525 0.134575
v -0.136197 -0.300004 0.028287
v -0.206117 -0.300004 0.013536
v -0.206239 -0.321575 0.014115
v -0.136320 -0.321575 0.028866
v -0.254985 -0.305030 -0.024608
v 0.281805 -0.305030 0.088639
v 0.325060 -0.305030 -0.116392
v -0.211730 -0.305030 -0.229638
v 0.325060 -0.067118 -0.116392
v 0.299729 -0.067118 0.003678
v -0.237061 -0.067118 -0.109568
v -0.211730 -0.067118 -0.229638
v 0.299729 -0.067118 0.003678
v 0.299729 -0.146422 0.003678
v -0.237061 -0.146422 -0.109568
v -0.237061 -0.067118 -0.109568
v 0.325060 -0.067118 -0.116392
v 0.299729 -0.146422 0.003678
v 0.299729 -0.067118 0.003678
v 0.329321 -0.186074 -0.136586
v 0.325060 -0.305030 -0.116392
v 0.281805 -0.225726 0.088639
v 0.281805 -0.305030 0.088639
v 0.281805 -0.225726 0.088639
v -0.254985 -0.225726 -0.024608
v -0.237061 -0.146422 -0.109568
v 0.299729 -0.146422 0.003678
v -0.254985 -0.305030 -0.024608
v -0.254985 -0.225726 -0.024608
v 0.281805 -0.225726 0.088639
v 0.281805 -0.305030 0.088639
v -0.254985 -0.305030 -0.024608
v -0.211730 -0.305030 -0.229638
v -0.254985 -0.225726 -0.024608
v -0.237061 -0.146422 -0.109568
v -0.207469 -0.186074 -0.249832
v -0.211730 -0.067118 -0.229638
v -0.237061 -0.067118 -0.109568
v 0.325060 -0.305030 -0.116392
v -0.207469 -0.186074 -0.249832
v -0.211730 -0.305030 -0.229638
v 0.329321 -0.186074 -0.136586
v -0.211730 -0.067118 -0.229638
v 0.325060 -0.067118 -0.116392
v -0.254283 -0.110577 -0.169378
v -0.188030 -0.103682 -0.148756
v -0.234982 -0.172601 -0.157891
v -0.273355 -0.176594 -0.165333
v -0.277116 -0.268430 -0.160017
v -0.210863 -0.261535 -0.139394
v -0.277116 -0.268430 -0.160017
v -0.210863 -0.261535 -0.139394
v -0.139791 -0.281551 -0.147931
v -0.263995 -0.298832 -0.199619
v -0.139791 -0.281551 -0.147931
v -0.107472 -0.229663 -0.184643
v -0.237368 -0.249772 -0.244789
v -0.263995 -0.298832 -0.199619
v -0.237368 -0.249772 -0.244789
v -0.277116 -0.268430 -0.160017
v -0.263995 -0.298832 -0.199619
v -0.273355 -0.176594 -0.165333
v -0.240279 -0.140523 -0.241569
v -0.254283 -0.110577 -0.169378
v -0.237368 -0.249772 -0.244789
v -0.107472 -0.229663 -0.184643
v -0.131591 -0.123698 -0.191242
v -0.240279 -0.140523 -0.241569
v -0.131591 -0.123698 -0.191242
v -0.188030 -0.103682 -0.148756
v -0.254283 -0.110577 -0.169378
v -0.240279 -0.140523 -0.241569
v -0.271134 -0.137002 -0.201518
v -0.308771 -0.143526 -0.172485
v -0.311601 -0.140076 -0.187835
v -0.268304 -0.140451 -0.186168
v -0.230668 -0.137069 -0.201219
v -0.227837 -0.140518 -0.185869
v -0.260554 -0.272197 -0.189589
v -0.217257 -0.268947 -0.173883
v -0.220087 -0.272135 -0.189289
v -0.257724 -0.269009 -0.174182
v -0.301021 -0.269355 -0.175855
v -0.298191 -0.266167 -0.160449
v -0.311601 -0.140076 -0.187835
v -0.308771 -0.143526 -0.172485
v -0.298191 -0.266167 -0.160449
v -0.301021 -0.269355 -0.175855
v -0.260554 -0.272197 -0.189589
v -0.220087 -0.272135 -0.189289
v -0.230668 -0.137069 -0.201219
v -0.271134 -0.137002 -0.201518
v -0.301021 -0.269355 -0.175855
v -0.311601 -0.140076 -0.187835
v -0.257724 -0.269009 -0.174182
v -0.298191 -0.266167 -0.160449
v -0.308771 -0.143526 -0.172485
v -0.268304 -0.140451 -0.186168
v -0.217257 -0.268947 -0.173883
v -0.227837 -0.140518 -0.185869
v -0.242760 -0.139495 -0.226937
v -0.286746 -0.133387 -0.208774
v -0.284596 -0.130696 -0.224384
v -0.244910 -0.142186 -0.211327
v -0.205275 -0.150074 -0.215953
v -0.207425 -0.152765 -0.200343
v -0.273041 -0.271168 -0.210284
v -0.235863 -0.277927 -0.183752
v -0.235522 -0.281623 -0.199301
v -0.273382 -0.267473 -0.194735
v -0.313265 -0.256676 -0.207785
v -0.313606 -0.252981 -0.192237
v -0.284596 -0.130696 -0.224384
v -0.286746 -0.133387 -0.208774
v -0.313606 -0.252981 -0.192237
v -0.313265 -0.256676 -0.207785
v -0.273041 -0.271168 -0.210284
v -0.235522 -0.281623 -0.199301
v -0.205275 -0.150074 -0.215953
v -0.242760 -0.139495 -0.226937
v -0.313265 -0.256676 -0.207785
v -0.284596 -0.130696 -0.224384
v -0.273382 -0.267473 -0.194735
v -0.313606 -0.252981 -0.192237
v -0.286746 -0.133387 -0.208774
v -0.244910 -0.142186 -0.211327
v -0.235863 -0.277927 -0.183752
v -0.207425 -0.152765 -0.200343
v -0.236585 -0.035016 -0.411497
v -0.349452 -0.028508 -0.439097
v -0.236585 -0.028508 -0.439097
v -0.349452 -0.035016 -0.370330
v -0.151353 -0.041524 -0.166934
v -0.252686 -0.041524 -0.119818
v -0.025517 -0.035016 -0.007902
v -0.087988 -0.035016 0.084162
v 0.262067 -0.028508 0.208051
v 0.292291 -0.028508 0.095183
v 0.315739 -0.028508 0.208051
v -0.349452 0.228508 -0.439097
v -0.236585 0.235016 -0.411497
v -0.236585 0.228508 -0.439097
v -0.349452 0.235016 -0.370330
v -0.215630 0.241524 -0.123443
v -0.117192 0.241524 -0.180530
v 0.074404 0.235016 -0.003830
v 0.033806 0.235016 0.103086
v 0.292291 0.228508 0.095183
v 0.262067 0.228508 0.208051
v 0.315739 0.228508 0.208051
v -0.236585 -0.028508 -0.439097
v -0.349452 -0.028508 -0.439097
v -0.349452 0.228508 -0.439097
v -0.236585 0.228508 -0.439097
v -0.349452 -0.097543 -0.508132
v -0.236585 -0.104051 -0.411497
v -0.236585 -0.097543 -0.508132
v -0.349452 -0.104051 -0.370330
v -0.151353 -0.110559 -0.166934
v -0.252686 -0.110559 -0.119818
v -0.025517 -0.104051 -0.007902
v -0.087988 -0.104051 0.084162
v 0.262067 -0.097543 0.208051
v 0.292291 -0.097543 0.095183
v 0.384774 -0.097543 0.208051
v 0.384774 -0.097543 0.095183
v 0.315739 -0.028508 0.208051
v 0.292291 -0.028508 0.095183
v 0.292291 0.228508 0.095183
v 0.315739 0.228508 0.208051
v 0.384774 0.297543 0.095183
v 0.384774 -0.097543 0.095183
v 0.384774 -0.097543 0.208051
v 0.384774 0.297543 0.208051
v -0.236585 0.304051 -0.411497
v -0.349452 0.297543 -0.508132
v -0.236585 0.297543 -0.508132
v -0.349452 0.304050 -0.370330
v -0.215630 0.310558 -0.123443
v -0.117192 0.310558 -0.180530
v 0.074404 0.304050 -0.003830
v 0.033806 0.304050 0.103086
v 0.292291 0.297543 0.095183
v 0.262067 0.297543 0.208051
v 0.384774 0.297543 0.208051
v 0.384774 0.297543 0.095183
v -0.236585 0.297543 -0.508132
v -0.349452 0.297543 -0.508132
v -0.349452 -0.097543 -0.508132
v -0.236585 -0.097543 -0.508132
v -0.366712 0.099996 -0.539066
v -0.366712 -0.064100 -0.421839
v -0.366712 -0.076828 -0.525391
v -0.366712 0.264091 -0.421839
v -0.366712 0.276819 -0.525391
v -0.219326 0.270599 -0.421839
v -0.219326 -0.070608 -0.421839
v -0.366712 -0.064100 -0.421839
v -0.366712 0.264091 -0.421839
v -0.219326 -0.070608 -0.421839
v -0.219326 0.099996 -0.539066
v -0.219326 -0.076828 -0.525391
v -0.219326 0.270599 -0.421839
v -0.219326 0.276819 -0.525391
v -0.219326 0.270599 -0.421839
v -0.366712 0.264091 -0.421839
v -0.366712 0.276819 -0.525391
v -0.219326 0.276819 -0.525391
v -0.366712 0.099996 -0.539066
v -0.366712 -0.076828 -0.525391
v -0.219326 -0.076828 -0.525391
v -0.219326 0.099996 -0.539066
v -0.219326 0.276819 -0.525391
v -0.366712 0.276819 -0.525391
v -0.219326 -0.076828 -0.525391
v -0.366712 -0.076828 -0.525391
v -0.366712 -0.064100 -0.421839
v -0.219326 -0.070608 -0.421839
v 0.404025 -0.157415 -0.084938
v 0.400538 -0.166725 -0.119302
v 0.362460 -0.311919 -0.076102
v 0.365948 -0.302609 -0.041738
v 0.400538 -0.166725 -0.119302
v 0.140208 -0.096270 -0.111970
v 0.102130 -0.241465 -0.068770
v 0.362460 -0.311919 -0.076102
v 0.140208 -0.096270 -0.111970
v 0.143695 -0.086961 -0.077606
v 0.105617 -0.232155 -0.034406
v 0.102130 -0.241465 -0.068770
v 0.143695 -0.086961 -0.077606
v 0.404025 -0.157415 -0.084938
v 0.365948 -0.302609 -0.041738
v 0.105617 -0.232155 -0.034406
v 0.400538 -0.166725 -0.119302
v 0.404025 -0.157415 -0.084938
v 0.143695 -0.086961 -0.077606
v 0.140208 -0.096270 -0.111970
v 0.102130 -0.241465 -0.068770
v 0.105617 -0.232155 -0.034406
v 0.365948 -0.302609 -0.041738
v 0.362460 -0.311919 -0.076102
v 0.384774 0.297543 0.095183
v 0.292291 -0.028508 0.095183
v 0.384774 -0.097543 0.095183
v 0.292291 -0.097543 0.095183
v 0.292291 0.228508 0.095183
v -0.025517 -0.035016 -0.007902
v 0.292291 0.297543 0.095183
v -0.025517 -0.104051 -0.007902
v 0.074404 0.235016 -0.003830
v 0.074404 0.304050 -0.003830
v -0.151353 -0.041524 -0.166934
v -0.151353 -0.110559 -0.166934
v -0.117192 0.241524 -0.180530
v -0.117192 0.310558 -0.180530
v -0.236585 -0.104051 -0.411497
v -0.236585 -0.035016 -0.411497
v -0.236585 0.304051 -0.411497
v -0.236585 0.235016 -0.411497
v -0.236585 0.228508 -0.439097
v -0.236585 0.297543 -0.508132
v -0.236585 -0.028508 -0.439097
v -0.236585 -0.097543 -0.508132
v -0.349452 0.228508 -0.439097
v -0.349452 0.304050 -0.370330
v -0.349452 0.235016 -0.370330
v -0.215630 0.241524 -0.123443
v -0.349452 0.297543 -0.508132
v -0.215630 0.310558 -0.123443
v -0.349452 -0.097543 -0.508132
v 0.033806 0.304050 0.103086
v -0.349452 -0.028508 -0.439097
v 0.033806 0.235016 0.103086
v -0.349452 -0.104051 -0.370330
v -0.349452 -0.035016 -0.370330
v 0.262067 0.297543 0.208051
v 0.262067 0.228508 0.208051
v 0.315739 0.228508 0.208051
v 0.384774 0.297543 0.208051
v -0.252686 -0.041524 -0.119818
v -0.252686 -0.110559 -0.119818
v -0.087988 -0.104051 0.084162
v -0.087988 -0.035016 0.084162
v 0.315739 -0.028508 0.208051
v 0.384774 -0.097543 0.208051
v 0.262067 -0.097543 0.208051
v 0.262067 -0.028508 0.208051
vt 0.0200079996 0.954726994
vt 0.0200079996 0.954726994
vt 0.0200079996 0.954726994
vt 0.0200079996 0.954726994
vt 0.0200079996 0.954726994
vt 0.0200079996 0.954726994
vt 0.0499590002 0.985212028
vt 0.0499590002 0.985212028
vt 0.0499590002 0.985212028
vt 0.0499590002 0.985212028
vt 0.0499590002 0.985212028
vt 0.0499590002 0.985212028
vt 0.0499590002 0.985212028
vt 0.0499590002 0.985212028
vt 0.0499590002 0.985212028
vt 0.0499590002 0.985212028
vt 0.0499590002 0.985212028
vt 0.0499590002 0.985212028
vt 0.0200079996 0.954726994
vt 0.0200079996 0.954726994
vt 0.0200079996 0.954726994
vt 0.0200079996 0.954726994
vt 0.0200079996 0.954726994
vt 0.0200079996 0.954726994
vt 0.0200079996 0.954726994
vt 0.0200079996 0.954726994
vt 0.0200079996 0.954726994
vt 0.0200079996 0.954726994
vt 0.0499590002 0.985212028
vt 0.0499590002 0.985212028
vt 0.0499590002 0.985212028
vt 0.0499590002 0.985212028
vt 0.0200079996 0.954726994
vt 0.0200079996 0.954726994
vt 0.0200079996 0.954726994
vt 0.0200079996 0.954726994
vt 0.0499590002 0.985212028
vt 0.0499590002 0.985212028
vt 0.0499590002 0.985212028
vt 0.0499590002 0.985212028
vt 0.0200079996 0.954726994
vt 0.0200079996 0.954726994
vt 0.0200079996 0.954726994
vt 0.0200079996 0.954726994
vt 0.0200079996 0.954726994
vt 0.0200079996 0.954726994
vt 0.0200079996 0.954726994
vt 0.0200079996 0.954726994
vt 0.0200079996 0.954726994
vt 0.0200079996 0.954726994
vt 0.0499590002 0.985212028
vt 0.0499590002 0.985212028
vt 0.0499590002 0.985212028
vt 0.0499590002 0.985212028
vt 0.0200079996 0.954726994
vt 0.0200079996 0.954726994
vt 0.0200079996 0.954726994
vt 0.0200079996 0.954726994
vt 0.0200079996 0.954726994
vt 0.0200079996 0.954726994
vt 0.0200079996 0.954726994
vt 0.0200079996 0.954726994
vt 0.0200079996 0.954726994
vt 0.0200079996 0.954726994
vt 0.0200079996 0.954726994
vt 0.0200079996 0.954726994
vt 0.0200079996 0.954726994
vt 0.0200079996 0.954726994
vt 0.0200079996 0.954726994
vt 0.0200079996 0.954726994
vt 0.0200079996 0.954726994
vt 0.0200079996 0.954726994
vt 0.0499590002 0.985212028
vt 0.0499590002 0.985212028
vt 0.0499590002 0.985212028
vt 0.0499590002 0.985212028
vt 0.0200079996 0.954726994
vt 0.0200079996 0.954726994
vt 0.0200079996 0.954726994
vt 0.0200079996 0.954726994
vt 0.0200079996 0.954726994
vt 0.0200079996 0.954726994
vt 0.0200079996 0.954726994
vt 0.0200079996 0.954726994
vt 0.0200079996 0.954726994
vt 0.0200079996 0.954726994
vt 0.0200079996 0.954726994
vt 0.0200079996 0.954726994
vt 0.0499590002 0.985212028
vt 0.0499590002 0.985212028
vt 0.0499590002 0.985212028
vt 0.0499590002 0.985212028
vt 0.0200079996 0.954726994
vt 0.0200079996 0.954726994
vt 0.0200079996 0.954726994
vt 0.0200079996 0.954726994
vt 0.0200079996 0.954726994
vt 0.0200079996 0.954726994
vt 0.0200079996 0.954726994
vt 0.0200079996 0.954726994
vt 0.0499590002 0.985212028
vt 0.0499590002 0.985212028
vt 0.0499590002 0.985212028
vt 0.0499590002 0.985212028
vt 0.0200079996 0.954726994
vt 0.0200079996 0.954726994
vt 0.0200079996 0.954726994
vt 0.0200079996 0.954726994
vt 0.0499590002 0.985212028
vt 0.0499590002 0.985212028
vt 0.0499590002 0.985212028
vt 0.0499590002 0.985212028
vt 0.0200079996 0.954726994
vt 0.0200079996 0.954726994
vt 0.0200079996 0.954726994
vt 0.0200079996 0.954726994
vt 0.0200079996 0.954726994
vt 0.0200079996 0.954726994
vt 0.0200079996 0.954726994
vt 0.0200079996 0.954726994
vt 0.0200079996 0.954726994
vt 0.0200079996 0.954726994
vt 0.0200079996 0.954726994
vt 0.0200079996 0.954726994
vt 0.0499590002 0.985212028
vt 0.0499590002 0.985212028
vt 0.0499590002 0.985212028
vt 0.0499590002 0.985212028
vt 0.0200079996 0.954726994
vt 0.0200079996 0.954726994
vt 0.0200079996 0.954726994
vt 0.0200079996 0.954726994
vt 0.0200079996 0.954726994
vt 0.0200079996 0.954726994
vt 0.0200079996 0.954726994
vt 0.0200079996 0.954726994
vt 0.0200079996 0.954726994
vt 0.0200079996 0.954726994
vt 0.0200079996 0.954726994
vt 0.0200079996 0.954726994
vt 0.0499590002 0.985212028
vt 0.0499590002 0.985212028
vt 0.0499590002 0.985212028
vt 0.0499590002 0.985212028
vt 0.0470010005 0.954726994
vt 0.0470010005 0.954726994
vt 0.0470010005 0.954726994
vt 0.0470010005 0.954726994
vt 0.0470010005 0.954726994
vt 0.0470010005 0.954726994
vt 0.0470010005 0.954726994
vt 0.0470010005 0.954726994
vt 0.0470010005 0.954726994
vt 0.0470010005 0.954726994
vt 0.0470010005 0.954726994
vt 0.0470010005 0.954726994
vt 0.0470010005 0.954726994
vt 0.0470010005 0.954726994
vt 0.0470010005 0.954726994
vt 0.0470010005 0.954726994
vt 0.0470010005 0.954726994
vt 0.0470010005 0.954726994
vt 0.0470010005 0.954726994
vt 0.0470010005 0.954726994
vt 0.0470010005 0.954726994
vt 0.0470010005 0.954726994
vt 0.0470010005 0.954726994
vt 0.0470010005 0.954726994
vt 0.0470010005 0.954726994
vt 0.0470010005 0.954726994
vt 0.0470010005 0.954726994
vt 0.0470010005 0.954726994
vt 0.0470010005 0.954726994
vt 0.0470010005 0.954726994
vt 0.0470010005 0.954726994
vt 0.0470010005 0.954726994
vt 0.0470010005 0.954726994
vt 0.0470010005 0.954726994
vt 0.0470010005 0.954726994
vt 0.0470010005 0.954726994
vt 0.0470010005 0.954726994
vt 0.0470010005 0.954726994
vt 0.0470010005 0.954726994
vt 0.0470010005 0.954726994
vt 0.112441003 0.925673008
vt 0.112441003 0.925673008
vt 0.112441003 0.925673008
vt 0.112441003 0.925673008
vt 0.112441003 0.925673008
vt 0.112441003 0.925673008
vt 0.112441003 0.925673008
vt 0.112441003 0.925673008
vt 0.112441003 0.925673008
vt 0.112441003 0.925673008
vt 0.112441003 0.925673008
vt 0.112441003 0.925673008
vt 0.112441003 0.925673008
vt 0.112441003 0.925673008
vt 0.112441003 0.925673008
vt 0.112441003 0.925673008
vt 0.112441003 0.925673008
vt 0.112441003 0.925673008
vt 0.112441003 0.925673008
vt 0.112441003 0.925673008
vt 0.112441003 0.925673008
vt 0.112441003 0.925673008
vt 0.112441003 0.925673008
vt 0.112441003 0.925673008
vt 0.112441003 0.925673008
vt 0.112441003 0.925673008
vt 0.112441003 0.925673008
vt 0.112441003 0.925673008
vt 0.861907005 0.421045989
vt 0.861907005 0.421045989
vt 0.861907005 0.421045989
vt 0.861907005 0.421045989
vt 0.861907005 0.421045989
vt 0.861907005 0.421045989
vt 0.861907005 0.421045989
vt 0.861907005 0.421045989
vt 0.861907005 0.421045989
vt 0.861907005 0.421045989
vt 0.861907005 0.421045989
vt 0.861907005 0.421045989
vt 0.861907005 0.421045989
vt 0.861907005 0.421045989
vt 0.861907005 0.421045989
vt 0.861907005 0.421045989
vt 0.204100996 0.0368559994
vt 0.355278999 0.0249109995
vt 0.356225014 0.534572005
vt 0.205085993 0.546997011
vt 0.0446389988 0.0550169982
vt 0.0446389988 0.543163002
vt 0.861907005 0.421045989
vt 0.861907005 0.421045989
vt 0.861907005 0.421045989
vt 0.861907005 0.421045989
vt 0.861907005 0.421045989
vt 0.861907005 0.421045989
vt 0.861907005 0.421045989
vt 0.861907005 0.421045989
vt 0.861907005 0.421045989
vt 0.861907005 0.421045989
vt 0.861907005 0.421045989
vt 0.861907005 0.421045989
vt 0.861907005 0.421045989
vt 0.861907005 0.421045989
vt 0.861907005 0.421045989
vt 0.861907005 0.421045989
vt 0.861907005 0.421045989
vt 0.861907005 0.421045989
vt 0.861907005 0.421045989
vt 0.861907005 0.421045989
vt 0.861907005 0.421045989
vt 0.861907005 0.421045989
vt 0.183330998 0.534021974
vt 0.337381989 0.541076005
vt 0.321195006 0.0230519995
vt 0.167166993 0.015509
vt 0.0206509996 0.520929992
vt 0.00422600005 0.0248039998
vt 0.861907005 0.421045989
vt 0.861907005 0.421045989
vt 0.861907005 0.421045989
vt 0.861907005 0.421045989
vt 0.861907005 0.421045989
vt 0.861907005 0.421045989
vt 0.0208570007 0.980197012
vt 0.0208570007 0.980197012
vt 0.0208570007 0.980197012
vt 0.0208570007 0.980197012
vt 0.0208570007 0.980197012
vt 0.0208570007 0.980197012
vt 0.0208570007 0.980197012
vt 0.0208570007 0.980197012
vt 0.0208570007 0.980197012
vt 0.0208570007 0.980197012
vt 0.0208570007 0.980197012
vt 0.0208570007 0.980197012
vt 0.0208570007 0.980197012
vt 0.0208570007 0.980197012
vt 0.0208570007 0.980197012
vt 0.0208570007 0.980197012
vt 0.0208570007 0.980197012
vt 0.0208570007 0.980197012
vt 0.0208570007 0.980197012
vt 0.0208570007 0.980197012
vt 0.0208570007 0.980197012
vt 0.0208570007 0.980197012
vt 0.0208570007 0.980197012
vt 0.0208570007 0.980197012
vt 0.0208570007 0.980197012
vt 0.0208570007 0.980197012
vt 0.0208570007 0.980197012
vt 0.0208570007 0.980197012
vt 0.0208570007 0.980197012
vt 0.0208570007 0.980197012
vt 0.0208570007 0.980197012
vt 0.0208570007 0.980197012
vt 0.0208570007 0.980197012
vt 0.0208570007 0.980197012
vt 0.0208570007 0.980197012
vt 0.0208570007 0.980197012
vt 0.0208570007 0.980197012
vt 0.0208570007 0.980197012
vt 0.0208570007 0.980197012
vt 0.0208570007 0.980197012
vt 0.0208570007 0.980197012
vt 0.0208570007 0.980197012
vt 0.0208570007 0.980197012
vt 0.0208570007 0.980197012
vt 0.0208570007 0.980197012
vt 0.0208570007 0.980197012
vt 0.0208570007 0.980197012
vt 0.0208570007 0.980197012
vt 0.0208570007 0.980197012
vt 0.0208570007 0.980197012
vt 0.0208570007 0.980197012
vt 0.0208570007 0.980197012
vt 0.0208570007 0.980197012
vt 0.0208570007 0.980197012
vt 0.0208570007 0.980197012
vt 0.0208570007 0.980197012
vt 0.0208570007 0.980197012
vt 0.0208570007 0.980197012
vt 0.0208570007 0.980197012
vt 0.0208570007 0.980197012
vt 0.0208570007 0.980197012
vt 0.0208570007 0.980197012
vt 0.0743440017 0.953028977
vt 0.0743440017 0.953028977
vt 0.0743440017 0.953028977
vt 0.0743440017 0.953028977
vt 0.0743440017 0.953028977
vt 0.0743440017 0.953028977
vt 0.0743440017 0.953028977
vt 0.0743440017 0.953028977
vt 0.0743440017 0.953028977
vt 0.0743440017 0.953028977
vt 0.0743440017 0.953028977
vt 0.0743440017 0.953028977
vt 0.0743440017 0.953028977
vt 0.0743440017 0.953028977
vt 0.0743440017 0.953028977
vt 0.0743440017 0.953028977
vt 0.0743440017 0.953028977
vt 0.0743440017 0.953028977
vt 0.0743440017 0.953028977
vt 0.0743440017 0.953028977
vt 0.0743440017 0.953028977
vt 0.0743440017 0.953028977
vt 0.0743440017 0.953028977
vt 0.0743440017 0.953028977
vt 0.0743440017 0.953028977
vt 0.0743440017 0.953028977
vt 0.0743440017 0.953028977
vt 0.0743440017 0.953028977
vt 0.855500996 0.638719976
vt 0.855500996 0.638719976
vt 0.855500996 0.638719976
vt 0.855500996 0.638719976
vt 0.253746986 0.997829974
vt 0.840003014 0.997829974
vt 0.840003014 0.658420026
vt 0.253746986 0.658420026
vt 0.855500996 0.638719976
vt 0.855500996 0.638719976
vt 0.855500996 0.638719976
vt 0.855500996 0.638719976
vt 0.253748 0.997830987
vt 0.840003014 0.997829974
vt 0.840003014 0.658419013
vt 0.253746986 0.658420026
vt 0.857643008 0.632947981
vt 0.857643008 0.633112013
vt 0.86145401 0.633112013
vt 0.86145401 0.632947981
vt 0.840003014 0.671428978
vt 0.840003014 0.656876981
vt 0.253746986 0.656876981
vt 0.253746986 0.671428978
vt 0.0208570007 0.980197012
vt 0.0208570007 0.980197012
vt 0.0208570007 0.980197012
vt 0.0208570007 0.980197012
vt 0.0208570007 0.980197012
vt 0.0208570007 0.980197012
vt 0.0208570007 0.980197012
vt 0.0208570007 0.980197012
vt 0.0208570007 0.980197012
vt 0.0208570007 0.980197012
vt 0.0208570007 0.980197012
vt 0.0208570007 0.980197012
vt 0.0208570007 0.980197012
vt 0.0208570007 0.980197012
vt 0.0208570007 0.980197012
vt 0.0208570007 0.980197012
vt 0.0208570007 0.980197012
vt 0.0208570007 0.980197012
vt 0.0208570007 0.980197012
vt 0.0208570007 0.980197012
vt 0.0208570007 0.980197012
vt 0.0208570007 0.980197012
vt 0.0208570007 0.980197012
vt 0.0208570007 0.980197012
vt 0.0208570007 0.980197012
vt 0.0208570007 0.980197012
vt 0.0208570007 0.980197012
vt 0.0208570007 0.980197012
vt 0.0208570007 0.980197012
vt 0.0208570007 0.980197012
vt 0.0208570007 0.980197012
vt 0.0208570007 0.980197012
vt 0.0208570007 0.980197012
vt 0.0208570007 0.980197012
vt 0.0208570007 0.980197012
vt 0.0208570007 0.980197012
vt 0.0208570007 0.980197012
vt 0.0208570007 0.980197012
vt 0.0208570007 0.980197012
vt 0.0208570007 0.980197012
vt 0.0208570007 0.980197012
vt 0.0208570007 0.980197012
vt 0.0208570007 0.980197012
vt 0.0208570007 0.980197012
vt 0.0208570007 0.980197012
vt 0.0208570007 0.980197012
vn -0.206381 -0.021050 0.978245
vn -0.203468 0.168759 0.964428
vn -0.203470 0.168760 0.964427
vn -0.206386 -0.021052 0.978244
vn -0.201815 -0.210097 0.956624
vn -0.201805 -0.210093 0.956627
vn 0.978462 0.000000 0.206425
vn 0.978462 0.000000 0.206425
vn 0.978462 0.000000 0.206425
vn 0.978462 0.000000 0.206425
vn -0.005656 -0.999625 0.026808
vn -0.005656 -0.999625 0.026808
vn -0.005656 -0.999625 0.026808
vn -0.005656 -0.999625 0.026808
vn -0.978462 -0.000000 -0.206425
vn -0.978462 -0.000000 -0.206425
vn -0.978462 -0.000000 -0.206425
vn -0.978462 -0.000000 -0.206425
vn -0.206425 0.000000 0.978462
vn -0.203003 -0.181323 0.962243
vn -0.203003 -0.181323 0.962243
vn -0.206425 0.000000 0.978462
vn -0.203003 0.181323 0.962243
vn -0.203003 0.181323 0.962243
vn -0.000000 -1.000000 0.000000
vn -0.000000 -1.000000 0.000000
vn -0.000000 -1.000000 0.000000
vn -0.000000 -1.000000 0.000000
vn 0.206348 -0.027421 -0.978094
vn 0.206348 -0.027421 -0.978094
vn 0.206348 -0.027421 -0.978094
vn 0.206348 -0.027421 -0.978094
vn -0.004294 -0.999784 0.020351
vn -0.004294 -0.999784 0.020351
vn -0.004294 -0.999784 0.020351
vn -0.004294 -0.999784 0.020351
vn -0.206350 0.027424 0.978094
vn -0.206350 0.027424 0.978094
vn -0.206350 0.027424 0.978094
vn -0.206350 0.027424 0.978094
vn -0.978462 -0.000000 -0.206426
vn -0.978462 -0.000000 -0.206427
vn -0.978462 -0.000000 -0.206427
vn -0.978462 -0.000000 -0.206426
vn -0.978462 -0.000000 -0.206426
vn -0.978462 -0.000000 -0.206426
vn -0.004293 -0.999784 0.020351
vn -0.004294 -0.999784 0.020351
vn -0.004293 -0.999784 0.020351
vn -0.004293 -0.999784 0.020351
vn 0.978462 0.000000 0.206426
vn 0.978462 0.000000 0.206426
vn 0.978462 0.000000 0.206426
vn 0.978462 0.000000 0.206426
vn 0.203460 0.168756 -0.964430
vn 0.203468 0.168752 -0.964429
vn 0.206411 -0.009600 -0.978418
vn 0.206403 -0.009600 -0.978420
vn 0.202754 -0.187648 -0.961082
vn 0.202762 -0.187645 -0.961081
vn 0.174109 -0.102359 -0.979392
vn 0.193208 -0.143012 -0.970679
vn 0.175729 -0.223093 -0.958827
vn 0.150831 -0.080275 -0.985295
vn 0.144801 0.032658 -0.988922
vn 0.124744 -0.077992 -0.989119
vn 0.206411 -0.009600 -0.978418
vn 0.203468 0.168759 -0.964428
vn 0.203460 0.168756 -0.964430
vn 0.206403 -0.009600 -0.978420
vn 0.202754 -0.187648 -0.961082
vn 0.202761 -0.187652 -0.961080
vn -0.005656 -0.999625 0.026808
vn -0.005656 -0.999625 0.026808
vn -0.005656 -0.999625 0.026808
vn -0.005656 -0.999625 0.026808
vn 0.978462 0.000000 0.206426
vn 0.978462 0.000000 0.206426
vn 0.978462 0.000000 0.206426
vn 0.978462 0.000000 0.206425
vn 0.978462 0.000000 0.206425
vn 0.978462 0.000000 0.206425
vn 0.975745 0.012956 0.218528
vn 0.974834 -0.000155 0.222933
vn 0.974585 -0.003319 0.223992
vn 0.974705 0.027573 0.221789
vn 0.976469 0.026070 0.214078
vn 0.978462 0.000000 0.206426
vn 0.005658 0.999624 -0.026821
vn 0.005658 0.999624 -0.026821
vn 0.005658 0.999624 -0.026821
vn 0.005658 0.999624 -0.026821
vn -0.000000 1.000000 -0.000000
vn -0.000000 1.000000 -0.000000
vn -0.000000 1.000000 -0.000000
vn -0.000000 1.000000 -0.000000
vn -0.000000 1.000000 -0.000000
vn -0.000000 1.000000 -0.000000
vn -0.000000 1.000000 -0.000000
vn -0.000000 1.000000 -0.000000
vn -0.206348 0.027419 0.978094
vn -0.206348 0.027419 0.978094
vn -0.206348 0.027419 0.978094
vn -0.206348 0.027419 0.978094
vn -0.000000 1.000000 -0.000000
vn -0.000000 1.000000 -0.000000
vn -0.000000 1.000000 -0.000000
vn -0.000000 1.000000 -0.000000
vn 0.005658 0.999624 -0.026821
vn 0.005658 0.999624 -0.026821
vn 0.005658 0.999624 -0.026821
vn 0.005658 0.999624 -0.026821
vn -0.978463 -0.000000 -0.206425
vn -0.978463 -0.000000 -0.206424
vn -0.978463 -0.000000 -0.206424
vn -0.978463 -0.000000 -0.206424
vn -0.978462 -0.000000 -0.206425
vn -0.978462 -0.000000 -0.206426
vn 0.978462 0.000000 0.206426
vn 0.978462 0.000000 0.206426
vn 0.978462 0.000000 0.206426
vn 0.978462 0.000000 0.206426
vn 0.978462 0.000000 0.206427
vn 0.978462 0.000000 0.206427
vn -0.978462 -0.000000 -0.206425
vn -0.978462 -0.000000 -0.206425
vn -0.978462 -0.000000 -0.206425
vn -0.978462 -0.000000 -0.206425
vn -0.201813 -0.210097 0.956625
vn -0.206375 -0.021051 0.978247
vn -0.201822 -0.210093 0.956624
vn -0.206366 -0.021051 0.978248
vn -0.203460 0.168757 0.964430
vn -0.203468 0.168754 0.964429
vn -0.978462 -0.000000 -0.206427
vn -0.978462 -0.000000 -0.206427
vn -0.978462 -0.000000 -0.206427
vn -0.978462 -0.000000 -0.206427
vn -0.978462 -0.000000 -0.206427
vn -0.978462 -0.000000 -0.206427
vn 0.206350 -0.027425 -0.978094
vn 0.206350 -0.027425 -0.978094
vn 0.206350 -0.027425 -0.978094
vn 0.206350 -0.027425 -0.978094
vn -0.000000 -1.000000 0.000000
vn -0.000000 -1.000000 0.000000
vn -0.000000 -1.000000 0.000000
vn -0.000000 -1.000000 0.000000
vn -0.000000 1.000000 -0.000000
vn -0.000000 1.000000 -0.000000
vn -0.000000 1.000000 -0.000000
vn -0.000000 1.000000 -0.000000
vn -0.206425 0.000000 0.978462
vn -0.206425 0.000000 0.978462
vn -0.206425 0.000000 0.978462
vn -0.206425 0.000000 0.978462
vn 0.978462 0.000000 0.206427
vn 0.978462 0.000000 0.206427
vn 0.978462 0.000000 0.206425
vn 0.978461 0.000000 0.206430
vn 0.978462 0.000000 0.206426
vn 0.978463 0.000000 0.206424
vn 0.978463 0.000000 0.206424
vn -0.139210 0.738384 0.659855
vn -0.139211 0.738383 0.659857
vn -0.139210 0.738384 0.659855
vn -0.139209 0.738386 0.659854
vn -0.206427 0.000000 0.978462
vn -0.206427 0.000000 0.978462
vn -0.206427 0.000000 0.978462
vn -0.206427 0.000000 0.978462
vn -0.978462 -0.000000 -0.206425
vn -0.978462 -0.000000 -0.206427
vn -0.978462 -0.000000 -0.206425
vn -0.978462 -0.000000 -0.206427
vn -0.978461 -0.000000 -0.206429
vn -0.978462 -0.000000 -0.206426
vn -0.978462 -0.000000 -0.206425
vn 0.203387 -0.170944 -0.964060
vn 0.206081 -0.057736 -0.976830
vn 0.203387 -0.170945 -0.964060
vn 0.206081 0.057736 -0.976830
vn 0.203387 0.170944 -0.964060
vn 0.203387 0.170944 -0.964060
vn -0.252776 0.099576 0.962387
vn -0.303912 0.081227 0.949231
vn -0.252266 0.094445 0.963038
vn -0.198734 0.091180 0.975803
vn -0.251748 0.089309 0.963663
vn -0.306045 0.113592 0.945216
vn -0.128519 -0.774119 0.619858
vn -0.128808 -0.739274 0.660971
vn -0.128519 -0.774119 0.619858
vn -0.127856 -0.806715 0.576944
vn 0.369426 -0.706280 -0.603898
vn 0.391748 -0.681416 -0.618228
vn 0.369426 -0.706280 -0.603898
vn 0.346616 -0.730210 -0.588770
vn -0.911756 0.042313 -0.408547
vn -0.909021 0.069721 -0.410877
vn -0.908551 0.126525 -0.398155
vn -0.924068 0.084181 -0.372844
vn -0.930228 0.120058 -0.346787
vn -0.925830 0.250107 -0.283346
vn 0.415046 0.037856 -0.909013
vn 0.415042 0.037860 -0.909014
vn 0.415046 0.037856 -0.909013
vn 0.415050 0.037851 -0.909011
vn 0.029650 0.921708 -0.386749
vn 0.027646 0.917947 -0.395738
vn 0.029650 0.921708 -0.386749
vn 0.031651 0.925378 -0.377722
vn -0.000000 0.975671 0.219239
vn -0.000000 0.975668 0.219254
vn -0.000000 0.975668 0.219254
vn -0.000000 0.975671 0.219239
vn -0.000000 0.975674 0.219225
vn -0.000000 0.975674 0.219225
vn -0.000000 -0.979255 0.202633
vn -0.000000 -0.979255 0.202633
vn -0.000000 -0.979255 0.202633
vn -0.000000 -0.979255 0.202633
vn -0.000000 -0.979255 0.202634
vn -0.000000 -0.979255 0.202634
vn -0.981486 -0.065274 0.180066
vn -0.981486 -0.065274 0.180066
vn -0.981486 -0.065274 0.180066
vn -0.981486 -0.065274 0.180066
vn -0.157794 -0.100367 -0.982358
vn 0.007367 -0.087365 -0.996149
vn 0.007367 -0.087365 -0.996149
vn -0.157794 -0.100367 -0.982358
vn -0.318595 -0.110596 -0.941417
vn -0.318595 -0.110596 -0.941417
vn 0.157671 0.105991 0.981787
vn 0.318340 0.116780 0.940756
vn 0.318340 0.116780 0.940756
vn 0.157671 0.105991 0.981787
vn -0.007351 0.092275 0.995706
vn -0.007351 0.092275 0.995706
vn 0.213240 0.957459 0.194426
vn 0.213239 0.957459 0.194426
vn 0.213239 0.957459 0.194426
vn 0.213240 0.957459 0.194426
vn 0.213242 0.957458 0.194426
vn 0.213242 0.957458 0.194426
vn -0.319512 -0.923458 0.212457
vn -0.319513 -0.923455 0.212468
vn -0.319513 -0.923455 0.212468
vn -0.319512 -0.923458 0.212457
vn -0.319511 -0.923461 0.212446
vn -0.319511 -0.923461 0.212446
vn -0.974273 0.208884 -0.084621
vn -0.974273 0.208884 -0.084621
vn -0.974273 0.208884 -0.084621
vn -0.974273 0.208884 -0.084621
vn 0.071051 -0.142574 -0.987231
vn 0.231429 -0.174318 -0.957107
vn 0.231429 -0.174318 -0.957107
vn 0.071051 -0.142574 -0.987231
vn -0.091292 -0.106889 -0.990071
vn -0.091292 -0.106889 -0.990071
vn -0.069485 0.147962 0.986549
vn 0.092918 0.112838 0.989259
vn 0.092918 0.112838 0.989259
vn -0.069485 0.147962 0.986549
vn -0.229969 0.178999 0.956595
vn -0.229969 0.178999 0.956595
vn 0.014373 0.993122 0.116201
vn 0.017215 0.986601 0.162238
vn -0.000000 0.973308 0.229503
vn 0.017741 0.998755 0.046623
vn 0.001648 0.999985 0.005242
vn -0.008379 0.999937 -0.007485
vn -0.017299 0.999739 -0.014921
vn -0.018226 0.999757 -0.012368
vn -0.011276 0.999924 -0.005072
vn -0.009419 0.999952 -0.002522
vn -0.000000 1.000000 -0.000000
vn 0.017215 -0.986601 0.162238
vn 0.013786 -0.995647 0.092180
vn -0.000000 -0.973308 0.229504
vn 0.021201 -0.998084 0.058126
vn -0.002979 -0.999990 0.003427
vn -0.000271 -1.000000 -0.000466
vn -0.019324 -0.999726 -0.013213
vn -0.023412 -0.999694 -0.007943
vn -0.016948 -0.999841 -0.005489
vn -0.012689 -0.999914 -0.003398
vn -0.000000 -1.000000 0.000000
vn -0.000000 0.000000 1.000000
vn -0.000000 0.000000 1.000000
vn -0.000000 0.000000 1.000000
vn -0.000000 0.000000 1.000000
vn -0.008603 -0.998326 -0.057186
vn -0.008606 -0.998905 -0.045996
vn -0.000000 -0.997740 -0.067194
vn -0.012017 -0.999449 -0.030931
vn -0.001648 -0.999985 -0.005242
vn 0.008379 -0.999937 0.007485
vn 0.017299 -0.999739 0.014921
vn 0.018226 -0.999757 0.012368
vn 0.011276 -0.999924 0.005072
vn 0.006279 -0.999979 0.001682
vn -0.000000 -1.000000 0.000000
vn -0.000000 -1.000000 0.000000
vn -0.979095 0.000000 0.203404
vn -0.979095 0.000000 0.203404
vn -0.979095 0.000000 0.203404
vn -0.979095 0.000000 0.203404
vn 1.000000 0.000000 -0.000000
vn 1.000000 0.000000 -0.000000
vn 1.000000 0.000000 -0.000000
vn 1.000000 0.000000 -0.000000
vn -0.009454 0.999174 -0.039513
vn -0.008606 0.998327 -0.057182
vn -0.000000 0.997740 -0.067194
vn -0.012623 0.999322 -0.034583
vn 0.002977 0.999990 -0.003425
vn 0.000272 1.000000 0.000468
vn 0.019322 0.999726 0.013213
vn 0.023410 0.999694 0.007942
vn 0.012709 0.999911 0.004116
vn 0.012687 0.999914 0.003397
vn -0.000000 1.000000 -0.000000
vn -0.000000 1.000000 -0.000000
vn -0.000000 -0.000000 -1.000000
vn -0.000000 -0.000000 -1.000000
vn -0.000000 -0.000000 -1.000000
vn -0.000000 -0.000000 -1.000000
vn -1.000000 0.000000 -0.000000
vn -1.000000 0.000000 -0.000000
vn -1.000000 0.000000 -0.000000
vn -1.000000 0.000000 -0.000000
vn -1.000000 0.000000 -0.000000
vn -0.000000 0.000000 1.000000
vn -0.000000 0.000000 1.000000
vn -0.000000 0.000000 1.000000
vn -0.000000 0.000000 1.000000
vn 1.000000 0.000000 -0.000000
vn 1.000000 0.000000 -0.000000
vn 1.000000 0.000000 -0.000000
vn 1.000000 0.000000 -0.000000
vn 1.000000 0.000000 -0.000000
vn -0.021908 0.995611 0.090984
vn -0.043784 0.991579 0.121879
vn -0.021908 0.995611 0.090984
vn -0.000000 0.998201 0.059958
vn -0.000000 -0.000000 -1.000000
vn -0.000000 -0.077107 -0.997023
vn -0.000000 -0.077107 -0.997023
vn -0.000000 -0.000000 -1.000000
vn -0.000000 0.077107 -0.997023
vn -0.000000 0.077107 -0.997023
vn -0.022033 -0.995606 0.091014
vn -0.000000 -0.992531 0.121996
vn -0.022033 -0.995606 0.091014
vn -0.044034 -0.997233 0.059900
vn 0.964919 -0.261139 -0.027178
vn 0.964919 -0.261139 -0.027178
vn 0.964919 -0.261139 -0.027178
vn 0.964919 -0.261139 -0.027178
vn -0.097486 -0.260245 -0.960609
vn -0.097486 -0.260245 -0.960609
vn -0.097486 -0.260245 -0.960609
vn -0.097486 -0.260245 -0.960609
vn -0.964919 0.261138 0.027168
vn -0.964919 0.261138 0.027168
vn -0.964919 0.261138 0.027168
vn -0.964919 0.261138 0.027168
vn 0.097486 0.260247 0.960608
vn 0.097486 0.260247 0.960608
vn 0.097486 0.260247 0.960608
vn 0.097486 0.260247 0.960608
vn 0.243783 0.929561 -0.276563
vn 0.243783 0.929561 -0.276563
vn 0.243783 0.929561 -0.276563
vn 0.243783 0.929561 -0.276563
vn -0.243779 -0.929557 0.276579
vn -0.243779 -0.929557 0.276579
vn -0.243779 -0.929557 0.276579
vn -0.243779 -0.929557 0.276579
vn -0.000000 -0.000000 -1.000000
vn 0.077850 -0.000000 -0.996965
vn -0.000000 -0.000000 -1.000000
vn 0.207959 -0.000000 -0.978138
vn 0.140734 -0.000000 -0.990047
vn 0.485549 -0.000000 -0.874209
vn 0.281468 -0.000000 -0.959571
vn 0.650369 -0.000000 -0.759619
vn 0.507494 -0.000000 -0.861655
vn 0.596575 -0.000000 -0.802557
vn 0.876445 -0.000000 -0.481502
vn 0.876445 -0.000000 -0.481502
vn 0.795200 -0.000000 -0.606348
vn 0.795200 -0.000000 -0.606348
vn 0.985976 -0.000000 -0.166888
vn 0.985976 -0.000000 -0.166888
vn 0.971682 -0.000000 -0.236293
vn 0.971682 -0.000000 -0.236293
vn 1.000000 0.000000 -0.000000
vn 1.000000 0.000000 -0.000000
vn 1.000000 0.000000 -0.000000
vn 1.000000 0.000000 -0.000000
vn -1.000000 0.000000 -0.000000
vn -0.969318 0.000000 0.245809
vn -0.969318 0.000000 0.245809
vn -0.786856 0.000000 0.617137
vn -1.000000 0.000000 -0.000000
vn -0.786856 0.000000 0.617137
vn -1.000000 0.000000 -0.000000
vn -0.593634 0.000000 0.804735
vn -1.000000 0.000000 -0.000000
vn -0.507907 0.000000 0.861412
vn -0.983063 0.000000 0.183267
vn -0.983063 0.000000 0.183267
vn -0.213842 0.000000 0.976868
vn -0.213842 0.000000 0.976868
vn -0.000000 0.000000 1.000000
vn -0.000000 0.000000 1.000000
vn -0.865858 0.000000 0.500290
vn -0.865858 0.000000 0.500290
vn -0.651737 0.000000 0.758445
vn -0.498467 0.000000 0.866909
vn -0.000000 0.000000 1.000000
vn -0.000000 0.000000 1.000000
vn -0.169259 0.000000 0.985572
vn -0.169259 0.000000 0.985572
f 1/1/1 2/2/2 3/3/3
f 1/1/1 3/3/3 4/4/4
f 5/5/5 1/1/1 4/4/4
f 5/5/5 6/6/6 1/1/1
f 7/7/7 8/8/8 9/9/9
f 7/7/7 9/9/9 10/10/10
f 11/11/11 12/12/12 13/13/13
f 11/11/11 13/13/13 14/14/14
f 15/15/15 16/16/16 17/17/17
f 15/15/15 17/17/17 18/18/18
f 19/19/19 20/20/20 21/21/21
f 19/19/19 21/21/21 22/22/22
f 19/19/19 22/22/22 23/23/23
f 19/19/19 23/23/23 24/24/24
f 25/25/25 26/26/26 27/27/27
f 25/25/25 27/27/27 28/28/28
f 29/29/29 30/30/30 31/31/31
f 29/29/29 31/31/31 32/32/32
f 33/33/33 34/34/34 35/35/35
f 33/33/33 35/35/35 36/36/36
f 37/37/37 38/38/38 39/39/39
f 37/37/37 39/39/39 40/40/40
f 41/41/41 42/42/42 43/43/43
f 42/42/42 41/41/41 44/44/44
f 44/44/44 41/41/41 45/45/45
f 45/45/45 41/41/41 46/46/46
f 47/47/47 48/48/48 49/49/49
f 47/47/47 49/49/49 50/50/50
f 51/51/51 52/52/52 53/53/53
f 51/51/51 53/53/53 54/54/54
f 55/55/55 56/56/56 57/57/57
f 55/55/55 57/57/57 58/58/58
f 57/57/57 59/59/59 58/58/58
f 57/57/57 60/60/60 59/59/59
f 61/61/61 62/62/62 63/63/63
f 61/61/61 63/63/63 64/64/64
f 65/65/65 61/61/61 64/64/64
f 65/65/65 64/64/64 66/66/66
f 67/67/67 68/68/68 69/69/69
f 67/67/67 69/69/69 70/70/70
f 71/71/71 67/67/67 70/70/70
f 71/71/71 72/72/72 67/67/67
f 73/73/73 74/74/74 75/75/75
f 73/73/73 75/75/75 76/76/76
f 77/77/77 78/78/78 79/79/79
f 80/80/80 78/78/78 77/77/77
f 78/78/78 80/80/80 81/81/81
f 81/81/81 80/80/80 82/82/82
f 83/83/83 84/84/84 85/85/85
f 84/84/84 83/83/83 86/86/86
f 86/86/86 83/83/83 87/87/87
f 87/87/87 83/83/83 88/88/88
f 89/89/89 90/90/90 91/91/91
f 89/89/89 91/91/91 92/92/92
f 93/93/93 94/94/94 95/95/95
f 93/93/93 95/95/95 96/96/96
f 97/97/97 98/98/98 99/99/99
f 97/97/97 99/99/99 100/100/100
f 101/101/101 102/102/102 103/103/103
f 101/101/101 103/103/103 104/104/104
f 105/105/105 106/106/106 107/107/107
f 105/105/105 107/107/107 108/108/108
f 109/109/109 110/110/110 111/111/111
f 109/109/109 111/111/111 112/112/112
f 113/113/113 114/114/114 115/115/115
f 114/114/114 113/113/113 116/116/116
f 116/116/116 113/113/113 117/117/117
f 117/117/117 113/113/113 118/118/118
f 119/119/119 120/120/120 121/121/121
f 120/120/120 119/119/119 122/122/122
f 122/122/122 119/119/119 123/123/123
f 123/123/123 119/119/119 124/124/124
f 125/125/125 126/126/126 127/127/127
f 125/125/125 127/127/127 128/128/128
f 129/129/129 130/130/130 131/131/131
f 129/129/129 132/132/132 130/130/130
f 130/130/130 132/132/132 133/133/133
f 130/130/130 133/133/133 134/134/134
f 135/135/135 136/136/136 137/137/137
f 138/138/138 136/136/136 135/135/135
f 139/139/139 136/136/136 138/138/138
f 136/136/136 139/139/139 140/140/140
f 141/141/141 142/142/142 143/143/143
f 141/141/141 143/143/143 144/144/144
f 145/145/145 146/146/146 147/147/147
f 145/145/145 147/147/147 148/148/148
f 149/149/149 150/150/150 151/151/151
f 149/149/149 151/151/151 152/152/152
f 153/153/153 154/154/154 155/155/155
f 153/153/153 155/155/155 156/156/156
f 157/157/157 158/158/158 159/159/159
f 160/160/160 158/158/158 157/157/157
f 161/161/161 158/158/158 160/160/160
f 158/158/158 161/161/161 162/162/162
f 162/162/162 161/161/161 163/163/163
f 164/164/164 165/165/165 166/166/166
f 164/164/164 166/166/166 167/167/167
f 168/168/168 169/169/169 170/170/170
f 168/168/168 170/170/170 171/171/171
f 172/172/172 173/173/173 174/174/174
f 174/174/174 173/173/173 175/175/175
f 176/176/176 175/175/175 173/173/173
f 177/177/177 175/175/175 176/176/176
f 175/175/175 177/177/177 178/178/178
f 179/179/179 180/180/180 181/181/181
f 179/179/179 182/182/182 180/180/180
f 183/183/183 180/180/180 182/182/182
f 183/183/183 182/182/182 184/184/184
f 185/185/185 186/186/186 187/187/187
f 185/185/185 187/187/187 188/188/188
f 187/187/187 189/189/189 188/188/188
f 187/187/187 190/190/190 189/189/189
f 191/191/191 192/192/192 193/193/193
f 191/191/191 193/193/193 194/194/194
f 195/195/195 196/196/196 197/197/197
f 195/195/195 197/197/197 198/198/198
f 199/199/199 200/200/200 201/201/201
f 200/200/200 199/199/199 202/202/202
f 199/199/199 203/203/203 202/202/202
f 202/202/202 203/203/203 204/204/204
f 205/205/205 206/206/206 207/207/207
f 205/205/205 207/207/207 208/208/208
f 209/209/209 210/210/210 211/211/211
f 209/209/209 211/211/211 212/212/212
f 213/213/213 214/214/214 215/215/215
f 213/213/213 216/216/216 214/214/214
f 217/217/217 216/216/216 213/213/213
f 217/217/217 218/218/218 216/216/216
f 219/219/219 220/220/220 221/221/221
f 219/219/219 222/222/222 220/220/220
f 223/223/223 222/222/222 219/219/219
f 223/223/223 224/224/224 222/222/222
f 225/225/225 226/226/226 227/227/227
f 225/225/225 227/227/227 228/228/228
f 229/229/229 230/230/230 231/231/231
f 229/229/229 231/231/231 232/232/232
f 233/233/233 229/229/229 232/232/232
f 233/233/233 232/232/232 234/234/234
f 235/235/235 236/236/236 237/237/237
f 235/235/235 237/237/237 238/238/238
f 239/239/239 235/235/235 238/238/238
f 239/239/239 238/238/238 240/240/240
f 241/241/241 242/242/242 243/243/243
f 241/241/241 244/244/244 242/242/242
f 245/245/245 244/244/244 241/241/241
f 245/245/245 246/246/246 244/244/244
f 247/247/247 248/248/248 249/249/249
f 247/247/247 250/250/250 248/248/248
f 251/251/251 250/250/250 247/247/247
f 251/251/251 252/252/252 250/250/250
f 253/253/253 254/254/254 255/255/255
f 253/253/253 255/255/255 256/256/256
f 257/257/257 258/258/258 259/259/259
f 257/257/257 259/259/259 260/260/260
f 261/261/261 257/257/257 260/260/260
f 261/261/261 260/260/260 262/262/262
f 263/263/263 264/264/264 265/265/265
f 263/263/263 265/265/265 266/266/266
f 267/267/267 263/263/263 266/266/266
f 267/267/267 266/266/266 268/268/268
f 269/269/269 270/270/270 271/271/271
f 270/270/270 269/269/269 272/272/272
f 273/273/273 272/272/272 269/269/269
f 273/273/273 274/274/274 272/272/272
f 274/274/274 273/273/273 275/275/275
f 275/275/275 276/276/276 274/274/274
f 275/275/275 277/277/277 276/276/276
f 277/277/277 275/275/275 278/278/278
f 277/277/277 278/278/278 279/279/279
f 280/280/280 281/281/281 282/282/282
f 283/283/283 281/281/281 280/280/280
f 284/284/284 281/281/281 283/283/283
f 284/284/284 285/285/285 281/281/281
f 284/284/284 286/286/286 285/285/285
f 287/287/287 286/286/286 284/284/284
f 286/286/286 287/287/287 288/288/288
f 288/288/288 287/287/287 289/289/289
f 288/288/288 289/289/289 290/290/290
f 291/291/291 292/292/292 293/293/293
f 291/291/291 293/293/293 294/294/294
f 295/295/295 296/296/296 297/297/297
f 298/298/298 296/296/296 295/295/295
f 299/299/299 296/296/296 298/298/298
f 299/299/299 298/298/298 300/300/300
f 301/301/301 299/299/299 300/300/300
f 302/302/302 301/301/301 300/300/300
f 303/303/303 301/301/301 302/302/302
f 301/301/301 303/303/303 304/304/304
f 305/305/305 304/304/304 303/303/303
f 305/305/305 306/306/306 304/304/304
f 307/307/307 308/308/308 309/309/309
f 307/307/307 309/309/309 310/310/310
f 311/311/311 312/312/312 313/313/313
f 311/311/311 313/313/313 314/314/314
f 315/315/315 316/316/316 317/317/317
f 316/316/316 315/315/315 318/318/318
f 315/315/315 319/319/319 318/318/318
f 315/315/315 320/320/320 319/319/319
f 321/321/321 319/319/319 320/320/320
f 319/319/319 321/321/321 322/322/322
f 321/321/321 323/323/323 322/322/322
f 322/322/322 323/323/323 324/324/324
f 325/325/325 324/324/324 323/323/323
f 325/325/325 323/323/323 326/326/326
f 327/327/327 328/328/328 329/329/329
f 327/327/327 329/329/329 330/330/330
f 331/331/331 332/332/332 333/333/333
f 332/332/332 331/331/331 334/334/334
f 334/334/334 331/331/331 335/335/335
f 336/336/336 337/337/337 338/338/338
f 336/336/336 338/338/338 339/339/339
f 340/340/340 341/341/341 342/342/342
f 343/343/343 341/341/341 340/340/340
f 341/341/341 343/343/343 344/344/344
f 345/345/345 346/346/346 347/347/347
f 345/345/345 347/347/347 348/348/348
f 349/349/349 350/350/350 351/351/351
f 349/349/349 351/351/351 352/352/352
f 353/353/353 349/349/349 352/352/352
f 353/353/353 354/354/354 349/349/349
f 355/355/355 356/356/356 357/357/357
f 355/355/355 357/357/357 358/358/358
f 359/359/359 360/360/360 361/361/361
f 359/359/359 361/361/361 362/362/362
f 363/363/363 364/364/364 365/365/365
f 363/363/363 365/365/365 366/366/366
f 367/367/367 368/368/368 369/369/369
f 367/367/367 369/369/369 370/370/370
f 371/371/371 372/372/372 373/373/373
f 371/371/371 373/373/373 374/374/374
f 375/375/375 376/376/376 377/377/377
f 375/375/375 377/377/377 378/378/378
f 379/379/379 380/380/380 381/381/381
f 379/379/379 381/381/381 382/382/382
f 383/383/383 384/384/384 385/385/385
f 385/385/385 384/384/384 386/386/386
f 384/384/384 383/383/383 387/387/387
f 386/386/386 384/384/384 388/388/388
f 387/387/387 383/383/383 389/389/389
f 386/386/386 388/388/388 390/390/390
f 391/391/391 387/387/387 389/389/389
f 391/391/391 389/389/389 392/392/392
f 390/390/390 388/388/388 393/393/393
f 390/390/390 393/393/393 394/394/394
f 392/392/392 395/395/395 391/391/391
f 392/392/392 396/396/396 395/395/395
f 397/397/397 394/394/394 393/393/393
f 397/397/397 393/393/393 398/398/398
f 395/395/395 396/396/396 399/399/399
f 395/395/395 399/399/399 400/400/400
f 399/399/399 401/401/401 400/400/400
f 402/402/402 401/401/401 399/399/399
f 398/398/398 403/403/403 397/397/397
f 402/402/402 403/403/403 401/401/401
f 397/397/397 403/403/403 404/404/404
f 402/402/402 404/404/404 403/403/403
f 405/405/405 406/406/406 407/407/407
f 406/406/406 408/408/408 407/407/407
f 405/405/405 409/409/409 406/406/406
f 406/406/406 410/410/410 408/408/408
f 405/405/405 411/411/411 409/409/409
f 408/408/408 410/410/410 412/412/412
f 411/411/411 405/405/405 413/413/413
f 408/408/408 412/412/412 414/414/414
f 411/411/411 413/413/413 415/415/415
f 415/415/415 413/413/413 416/416/416
f 417/417/417 414/414/414 412/412/412
f 417/417/417 418/418/418 414/414/414
f 417/417/417 419/419/419 418/418/418
f 420/420/420 419/419/419 417/417/417
f 415/415/415 416/416/416 421/421/421
f 415/415/415 421/421/421 422/422/422
f 423/423/423 422/422/422 421/421/421
f 423/423/423 421/421/421 424/424/424
f 420/420/420 425/425/425 419/419/419
f 426/426/426 425/425/425 420/420/420
f 424/424/424 427/427/427 423/423/423
f 427/427/427 425/425/425 426/426/426
f 424/424/424 428/428/428 427/427/427
f 428/428/428 425/425/425 427/427/427
