# Unturned item rip -> Godot (X+Z negated, winding reversed, RH Y-up)
v 0.128081 0.321066 0.188095
v 0.128081 0.321066 -0.135772
v 0.128081 0.321067 -0.213161
v 0.217955 0.031277 -0.135772
v 0.261328 0.328163 -0.135772
v 0.325975 0.109615 -0.135772
v 0.434570 -0.220470 -0.135772
v 0.494971 -0.116229 -0.135772
v 0.699108 -0.365238 -0.135771
v 0.711890 -0.235093 -0.135771
v 0.261328 0.328163 -0.213161
v 0.261328 0.328162 0.188095
v 0.261328 0.328163 -0.135772
v 0.128081 0.321066 -0.135772
v 0.128081 0.321066 0.188095
v 0.261328 0.328162 0.188095
v 0.128003 0.423393 -0.213161
v 0.261406 0.420432 -0.213161
v 0.261406 0.420432 0.188095
v 0.128003 0.423393 0.188095
v 0.261405 0.420431 0.265484
v 0.128003 0.423393 0.265484
v 0.325975 0.109615 -0.135772
v 0.261328 0.328163 -0.135772
v 0.261328 0.328163 -0.213161
v 0.325975 0.109615 -0.213161
v 0.494971 -0.116229 -0.213161
v 0.494971 -0.116229 -0.135772
v 0.711890 -0.235093 -0.213160
v 0.711890 -0.235093 -0.135771
v 0.787828 -0.240541 -0.213160
v 0.787827 -0.240542 0.188095
v 0.711889 -0.235094 0.188095
v 0.787827 -0.240542 0.265484
v 0.711889 -0.235094 0.265484
v 0.494971 -0.116229 0.188095
v 0.494971 -0.116229 0.265484
v 0.325975 0.109615 0.188095
v 0.325975 0.109614 0.265484
v 0.261327 0.328162 0.265484
v 0.261328 0.328162 0.188095
v 0.261405 0.420431 0.265484
v 0.261406 0.420432 0.188095
v 0.261406 0.420432 -0.213161
v 0.128081 0.321067 -0.213161
v 0.128003 0.423393 -0.213161
v 0.128003 0.423393 0.188095
v 0.128081 0.321066 0.188095
v 0.128080 0.321066 0.265484
v 0.128003 0.423393 0.265484
v 0.217954 0.031277 0.265483
v 0.217955 0.031277 0.188094
v 0.434569 -0.220470 0.188094
v 0.434569 -0.220470 0.265484
v 0.699107 -0.365238 0.188095
v 0.699107 -0.365238 0.265484
v 0.787898 -0.373978 0.188095
v 0.787898 -0.373978 0.265484
v 0.699108 -0.365238 -0.135771
v 0.699108 -0.365238 -0.213161
v 0.787899 -0.373977 -0.213160
v 0.434570 -0.220470 -0.213161
v 0.434570 -0.220470 -0.135772
v 0.217955 0.031277 -0.213161
v 0.217955 0.031277 -0.135772
v 0.128081 0.321066 -0.135772
v 0.261406 0.420432 -0.213161
v 0.128003 0.423393 -0.213161
v 0.128081 0.321067 -0.213161
v 0.217955 0.031277 -0.213161
v 0.261328 0.328163 -0.213161
v 0.325975 0.109615 -0.213161
v 0.434570 -0.220470 -0.213161
v 0.494971 -0.116229 -0.213161
v 0.699108 -0.365238 -0.213161
v 0.711890 -0.235093 -0.213160
v 0.787899 -0.373977 -0.213160
v 0.787828 -0.240541 -0.213160
v 0.787898 -0.373978 0.188095
v 0.787828 -0.240541 -0.213160
v 0.787899 -0.373977 -0.213160
v 0.787827 -0.240542 0.188095
v 0.787898 -0.373978 0.265484
v 0.787827 -0.240542 0.265484
v 0.261328 0.328162 0.188095
v 0.128081 0.321066 0.188095
v 0.217955 0.031277 0.188094
v 0.325975 0.109615 0.188095
v 0.434569 -0.220470 0.188094
v 0.494971 -0.116229 0.188095
v 0.699107 -0.365238 0.188095
v 0.711889 -0.235094 0.188095
v 0.711889 -0.235094 0.265484
v 0.787827 -0.240542 0.265484
v 0.787898 -0.373978 0.265484
v 0.699107 -0.365238 0.265484
v 0.494971 -0.116229 0.265484
v 0.434569 -0.220470 0.265484
v 0.325975 0.109614 0.265484
v 0.217954 0.031277 0.265483
v 0.261327 0.328162 0.265484
v 0.261405 0.420431 0.265484
v 0.128080 0.321066 0.265484
v 0.128003 0.423393 0.265484
v 0.711889 -0.235094 0.188095
v 0.699107 -0.365238 0.188095
v 0.699108 -0.365238 -0.135771
v 0.711890 -0.235093 -0.135771
v 0.260987 -0.309720 0.188492
v 0.151588 -0.304842 0.187426
v 0.150554 -0.304380 -0.137875
v 0.261835 -0.309518 -0.126249
v 0.236786 -0.021203 0.192164
v 0.151588 -0.304842 0.187426
v 0.260987 -0.309720 0.188492
v 0.327896 -0.090118 0.193152
v 0.446359 0.222374 0.192223
v 0.495001 0.132913 0.193257
v 0.705359 0.360901 0.187054
v 0.713334 0.254009 0.188949
v 0.778934 0.371014 -0.135954
v 0.779315 0.255148 0.253346
v 0.779902 0.372081 0.253449
v 0.778227 0.256162 -0.136033
v 0.779903 0.372082 -0.201124
v 0.779315 0.255149 -0.201021
v 0.709865 0.250645 -0.198963
v 0.779315 0.255149 -0.201021
v 0.779903 0.372082 -0.201124
v 0.702070 0.362303 -0.200050
v 0.495002 0.132913 -0.198967
v 0.446359 0.222375 -0.200002
v 0.327897 -0.090118 -0.199072
v 0.236786 -0.021202 -0.200060
v 0.263861 -0.306083 -0.199167
v 0.264882 -0.390767 -0.201055
v 0.149810 -0.301549 -0.199934
v 0.147901 -0.393499 -0.201082
v 0.147901 -0.393500 0.253403
v 0.264881 -0.390768 0.253376
v 0.263829 -0.389738 -0.136011
v 0.148924 -0.392455 -0.135990
v 0.264882 -0.390767 -0.201055
v 0.147901 -0.393499 -0.201082
v 0.702070 0.362303 -0.200050
v 0.779903 0.372082 -0.201124
v 0.778934 0.371014 -0.135954
v 0.704793 0.361840 -0.137638
v 0.446359 0.222375 -0.200002
v 0.446359 0.222375 -0.139899
v 0.705359 0.360901 0.187054
v 0.236786 -0.021202 -0.200060
v 0.236786 -0.021202 -0.139842
v 0.779902 0.372081 0.253449
v 0.702069 0.362302 0.252376
v 0.446359 0.222374 0.252326
v 0.446359 0.222374 0.192223
v 0.150554 -0.304380 -0.137875
v 0.236785 -0.021203 0.252382
v 0.236786 -0.021203 0.192164
v 0.151588 -0.304842 0.187426
v 0.149810 -0.301550 0.252255
v 0.147901 -0.393500 0.253403
v 0.148924 -0.392455 -0.135990
v 0.149810 -0.301549 -0.199934
v 0.147901 -0.393499 -0.201082
v 0.264881 -0.390768 0.253376
v 0.147901 -0.393500 0.253403
v 0.149810 -0.301550 0.252255
v 0.236785 -0.021203 0.252382
v 0.263861 -0.306084 0.251489
v 0.327896 -0.090118 0.251395
v 0.446359 0.222374 0.252326
v 0.495001 0.132913 0.251291
v 0.702069 0.362302 0.252376
v 0.709864 0.250644 0.251288
v 0.779902 0.372081 0.253449
v 0.779315 0.255148 0.253346
v 0.261835 -0.309518 -0.126249
v 0.150554 -0.304380 -0.137875
v 0.236786 -0.021202 -0.139842
v 0.327897 -0.090118 -0.140830
v 0.446359 0.222375 -0.139899
v 0.495002 0.132913 -0.140934
v 0.704793 0.361840 -0.137638
v 0.713254 0.253366 -0.126321
v 0.713254 0.253366 -0.126321
v 0.704793 0.361840 -0.137638
v 0.705359 0.360901 0.187054
v 0.713334 0.254009 0.188949
v 0.691547 0.409620 -0.221091
v 0.746400 0.303444 -0.221091
v 0.746400 0.303444 -0.172294
v 0.691547 0.409620 -0.172294
v 0.691547 0.409620 -0.172294
v 0.746400 0.303444 -0.172294
v 0.703046 0.281046 -0.172294
v 0.648193 0.387222 -0.172294
v 0.648193 0.387222 -0.172294
v 0.703046 0.281046 -0.172294
v 0.703046 0.281046 -0.221092
v 0.648193 0.387223 -0.221091
v 0.648193 0.387223 -0.221091
v 0.703046 0.281046 -0.221092
v 0.746400 0.303444 -0.221091
v 0.691547 0.409620 -0.221091
v 0.691547 0.409620 -0.172294
v 0.648193 0.387222 -0.172294
v 0.648193 0.387223 -0.221091
v 0.691547 0.409620 -0.221091
v 0.746400 0.303444 -0.172294
v 0.746400 0.303444 -0.221091
v 0.759769 0.262101 -0.213994
v 0.759769 0.262101 -0.179391
v 0.769163 0.206225 -0.196693
v 0.729027 0.246219 -0.179391
v 0.759769 0.262101 -0.179391
v 0.769163 0.206225 -0.196693
v 0.703046 0.281046 -0.172294
v 0.746400 0.303444 -0.172294
v 0.746400 0.303444 -0.221091
v 0.703046 0.281046 -0.221092
v 0.729027 0.246219 -0.213994
v 0.759769 0.262101 -0.213994
v 0.769163 0.206225 -0.196693
v 0.703046 0.281046 -0.221092
v 0.703046 0.281046 -0.172294
v 0.729027 0.246219 -0.179391
v 0.729027 0.246219 -0.213994
v 0.769163 0.206225 -0.196693
v 0.599337 0.364099 -0.221092
v 0.654190 0.257922 -0.221092
v 0.654190 0.257922 -0.172294
v 0.599336 0.364099 -0.172294
v 0.599336 0.364099 -0.172294
v 0.654190 0.257922 -0.172294
v 0.610835 0.235525 -0.172294
v 0.555983 0.341701 -0.172294
v 0.555983 0.341701 -0.172294
v 0.610835 0.235525 -0.172294
v 0.610836 0.235525 -0.221092
v 0.555983 0.341701 -0.221092
v 0.555983 0.341701 -0.221092
v 0.610836 0.235525 -0.221092
v 0.654190 0.257922 -0.221092
v 0.599337 0.364099 -0.221092
v 0.599336 0.364099 -0.172294
v 0.555983 0.341701 -0.172294
v 0.555983 0.341701 -0.221092
v 0.599337 0.364099 -0.221092
v 0.654190 0.257922 -0.172294
v 0.654190 0.257922 -0.221092
v 0.667559 0.216580 -0.213994
v 0.667559 0.216580 -0.179392
v 0.676952 0.160703 -0.196693
v 0.636817 0.200698 -0.179392
v 0.667559 0.216580 -0.179392
v 0.676952 0.160703 -0.196693
v 0.610835 0.235525 -0.172294
v 0.654190 0.257922 -0.172294
v 0.654190 0.257922 -0.221092
v 0.610836 0.235525 -0.221092
v 0.636817 0.200698 -0.213994
v 0.667559 0.216580 -0.213994
v 0.676952 0.160703 -0.196693
v 0.610836 0.235525 -0.221092
v 0.610835 0.235525 -0.172294
v 0.636817 0.200698 -0.179392
v 0.636817 0.200698 -0.213994
v 0.676952 0.160703 -0.196693
v 0.473977 0.299044 -0.221092
v 0.546174 0.203808 -0.221092
v 0.546174 0.203808 -0.172294
v 0.473977 0.299044 -0.172294
v 0.473977 0.299044 -0.172294
v 0.546174 0.203808 -0.172294
v 0.507287 0.174328 -0.172294
v 0.435091 0.269564 -0.172294
v 0.435091 0.269564 -0.172294
v 0.507287 0.174328 -0.172294
v 0.507287 0.174328 -0.221092
v 0.435091 0.269564 -0.221092
v 0.435091 0.269564 -0.221092
v 0.507287 0.174328 -0.221092
v 0.546174 0.203808 -0.221092
v 0.473977 0.299044 -0.221092
v 0.473977 0.299044 -0.172294
v 0.435091 0.269564 -0.172294
v 0.435091 0.269564 -0.221092
v 0.473977 0.299044 -0.221092
v 0.546174 0.203808 -0.172294
v 0.546174 0.203808 -0.221092
v 0.566415 0.165359 -0.213994
v 0.566415 0.165359 -0.179392
v 0.585222 0.111911 -0.196693
v 0.538840 0.144455 -0.179392
v 0.566415 0.165359 -0.179392
v 0.585222 0.111911 -0.196693
v 0.507287 0.174328 -0.172294
v 0.546174 0.203808 -0.172294
v 0.546174 0.203808 -0.221092
v 0.507287 0.174328 -0.221092
v 0.538840 0.144455 -0.213994
v 0.566415 0.165359 -0.213994
v 0.585222 0.111911 -0.196693
v 0.507287 0.174328 -0.221092
v 0.507287 0.174328 -0.172294
v 0.538840 0.144455 -0.179392
v 0.538840 0.144455 -0.213994
v 0.585222 0.111911 -0.196693
v 0.378576 0.223552 -0.221092
v 0.462018 0.137996 -0.221092
v 0.462018 0.137996 -0.172294
v 0.378576 0.223552 -0.172294
v 0.378576 0.223552 -0.172294
v 0.462018 0.137996 -0.172294
v 0.427083 0.103925 -0.172294
v 0.343642 0.189481 -0.172295
v 0.343642 0.189481 -0.172295
v 0.427083 0.103925 -0.172294
v 0.427083 0.103925 -0.221092
v 0.343642 0.189481 -0.221092
v 0.343642 0.189481 -0.221092
v 0.427083 0.103925 -0.221092
v 0.462018 0.137996 -0.221092
v 0.378576 0.223552 -0.221092
v 0.378576 0.223552 -0.172294
v 0.343642 0.189481 -0.172295
v 0.343642 0.189481 -0.221092
v 0.378576 0.223552 -0.221092
v 0.462018 0.137996 -0.172294
v 0.462018 0.137996 -0.221092
v 0.486867 0.102352 -0.213995
v 0.486866 0.102352 -0.179392
v 0.512152 0.051646 -0.196693
v 0.462095 0.078192 -0.179392
v 0.486866 0.102352 -0.179392
v 0.512152 0.051646 -0.196693
v 0.427083 0.103925 -0.172294
v 0.462018 0.137996 -0.172294
v 0.462018 0.137996 -0.221092
v 0.427083 0.103925 -0.221092
v 0.462095 0.078192 -0.213995
v 0.486867 0.102352 -0.213995
v 0.512152 0.051646 -0.196693
v 0.427083 0.103925 -0.221092
v 0.427083 0.103925 -0.172294
v 0.462095 0.078192 -0.179392
v 0.462095 0.078192 -0.213995
v 0.512152 0.051646 -0.196693
v 0.154409 -0.062606 -0.221093
v 0.268461 -0.098306 -0.221093
v 0.268461 -0.098306 -0.172295
v 0.154409 -0.062606 -0.172295
v 0.154409 -0.062606 -0.172295
v 0.268461 -0.098306 -0.172295
v 0.253884 -0.144876 -0.172295
v 0.139832 -0.109176 -0.172295
v 0.139832 -0.109176 -0.172295
v 0.253884 -0.144876 -0.172295
v 0.253884 -0.144876 -0.221093
v 0.139832 -0.109176 -0.221093
v 0.139832 -0.109176 -0.221093
v 0.253884 -0.144876 -0.221093
v 0.268461 -0.098306 -0.221093
v 0.154409 -0.062606 -0.221093
v 0.154409 -0.062606 -0.172295
v 0.139832 -0.109176 -0.172295
v 0.139832 -0.109176 -0.221093
v 0.154409 -0.062606 -0.221093
v 0.268461 -0.098306 -0.172295
v 0.268461 -0.098306 -0.221093
v 0.307250 -0.117885 -0.213995
v 0.307250 -0.117885 -0.179392
v 0.353573 -0.150514 -0.196694
v 0.296914 -0.150908 -0.179393
v 0.307250 -0.117885 -0.179392
v 0.353573 -0.150514 -0.196694
v 0.253884 -0.144876 -0.172295
v 0.268461 -0.098306 -0.172295
v 0.268461 -0.098306 -0.221093
v 0.253884 -0.144876 -0.221093
v 0.296914 -0.150908 -0.213995
v 0.307250 -0.117885 -0.213995
v 0.353573 -0.150514 -0.196694
v 0.253884 -0.144876 -0.221093
v 0.253884 -0.144876 -0.172295
v 0.296914 -0.150908 -0.179393
v 0.296914 -0.150908 -0.213995
v 0.353573 -0.150514 -0.196694
v 0.133399 -0.153649 -0.221093
v 0.247451 -0.189349 -0.221093
v 0.247451 -0.189349 -0.172295
v 0.133399 -0.153649 -0.172295
v 0.133399 -0.153649 -0.172295
v 0.247451 -0.189349 -0.172295
v 0.232874 -0.235919 -0.172295
v 0.118822 -0.200219 -0.172295
v 0.118822 -0.200219 -0.172295
v 0.232874 -0.235919 -0.172295
v 0.232874 -0.235919 -0.221093
v 0.118822 -0.200219 -0.221093
v 0.118822 -0.200219 -0.221093
v 0.232874 -0.235919 -0.221093
v 0.247451 -0.189349 -0.221093
v 0.133399 -0.153649 -0.221093
v 0.133399 -0.153649 -0.172295
v 0.118822 -0.200219 -0.172295
v 0.118822 -0.200219 -0.221093
v 0.133399 -0.153649 -0.221093
v 0.247451 -0.189349 -0.172295
v 0.247451 -0.189349 -0.221093
v 0.286240 -0.208928 -0.213995
v 0.286240 -0.208928 -0.179393
v 0.332563 -0.241557 -0.196694
v 0.275904 -0.241951 -0.179393
v 0.286240 -0.208928 -0.179393
v 0.332563 -0.241557 -0.196694
v 0.232874 -0.235919 -0.172295
v 0.247451 -0.189349 -0.172295
v 0.247451 -0.189349 -0.221093
v 0.232874 -0.235919 -0.221093
v 0.275904 -0.241951 -0.213995
v 0.286240 -0.208928 -0.213995
v 0.332563 -0.241557 -0.196694
v 0.232874 -0.235919 -0.221093
v 0.232874 -0.235919 -0.172295
v 0.275904 -0.241951 -0.179393
v 0.275904 -0.241951 -0.213995
v 0.332563 -0.241557 -0.196694
v 0.105386 -0.247027 -0.221093
v 0.219438 -0.282727 -0.221093
v 0.219438 -0.282727 -0.172295
v 0.105386 -0.247027 -0.172295
v 0.105386 -0.247027 -0.172295
v 0.219438 -0.282727 -0.172295
v 0.204861 -0.329296 -0.172295
v 0.090809 -0.293596 -0.172295
v 0.090809 -0.293596 -0.172295
v 0.204861 -0.329296 -0.172295
v 0.204861 -0.329296 -0.221093
v 0.090809 -0.293596 -0.221093
v 0.090809 -0.293596 -0.221093
v 0.204861 -0.329296 -0.221093
v 0.219438 -0.282727 -0.221093
v 0.105386 -0.247027 -0.221093
v 0.105386 -0.247027 -0.172295
v 0.090809 -0.293596 -0.172295
v 0.090809 -0.293596 -0.221093
v 0.105386 -0.247027 -0.221093
v 0.219438 -0.282727 -0.172295
v 0.219438 -0.282727 -0.221093
v 0.258227 -0.302306 -0.213995
v 0.258227 -0.302306 -0.179393
v 0.304550 -0.334935 -0.196694
v 0.247890 -0.335328 -0.179393
v 0.258227 -0.302306 -0.179393
v 0.304550 -0.334935 -0.196694
v 0.204861 -0.329296 -0.172295
v 0.219438 -0.282727 -0.172295
v 0.219438 -0.282727 -0.221093
v 0.204861 -0.329296 -0.221093
v 0.247890 -0.335328 -0.213995
v 0.258227 -0.302306 -0.213995
v 0.304550 -0.334935 -0.196694
v 0.204861 -0.329296 -0.221093
v 0.204861 -0.329296 -0.172295
v 0.247890 -0.335328 -0.179393
v 0.247890 -0.335328 -0.213995
v 0.304550 -0.334935 -0.196694
v 0.691547 -0.389691 -0.239322
v 0.691547 -0.389691 -0.190524
v 0.746400 -0.283515 -0.190524
v 0.746400 -0.283515 -0.239321
v 0.691547 -0.389691 -0.190524
v 0.648193 -0.367293 -0.190524
v 0.703046 -0.261117 -0.190524
v 0.746400 -0.283515 -0.190524
v 0.648193 -0.367293 -0.190524
v 0.648193 -0.367293 -0.239322
v 0.703046 -0.261117 -0.239321
v 0.703046 -0.261117 -0.190524
v 0.648193 -0.367293 -0.239322
v 0.691547 -0.389691 -0.239322
v 0.746400 -0.283515 -0.239321
v 0.703046 -0.261117 -0.239321
v 0.691547 -0.389691 -0.190524
v 0.691547 -0.389691 -0.239322
v 0.648193 -0.367293 -0.239322
v 0.648193 -0.367293 -0.190524
v 0.746400 -0.283515 -0.190524
v 0.759769 -0.242172 -0.232224
v 0.746400 -0.283515 -0.239321
v 0.759769 -0.242172 -0.197621
v 0.769163 -0.186295 -0.214922
v 0.729027 -0.226290 -0.197621
v 0.769163 -0.186295 -0.214922
v 0.759769 -0.242172 -0.197621
v 0.703046 -0.261117 -0.190524
v 0.746400 -0.283515 -0.190524
v 0.746400 -0.283515 -0.239321
v 0.729027 -0.226290 -0.232224
v 0.703046 -0.261117 -0.239321
v 0.759769 -0.242172 -0.232224
v 0.769163 -0.186295 -0.214922
v 0.703046 -0.261117 -0.239321
v 0.729027 -0.226290 -0.197621
v 0.703046 -0.261117 -0.190524
v 0.729027 -0.226290 -0.232224
v 0.769163 -0.186295 -0.214922
v 0.599336 -0.344169 -0.239322
v 0.599336 -0.344169 -0.190524
v 0.654189 -0.237993 -0.190524
v 0.654190 -0.237993 -0.239321
v 0.599336 -0.344169 -0.190524
v 0.555982 -0.321772 -0.190524
v 0.610835 -0.215595 -0.190524
v 0.654189 -0.237993 -0.190524
v 0.555982 -0.321772 -0.190524
v 0.555983 -0.321772 -0.239322
v 0.610836 -0.215595 -0.239321
v 0.610835 -0.215595 -0.190524
v 0.555983 -0.321772 -0.239322
v 0.599336 -0.344169 -0.239322
v 0.654190 -0.237993 -0.239321
v 0.610836 -0.215595 -0.239321
v 0.599336 -0.344169 -0.190524
v 0.599336 -0.344169 -0.239322
v 0.555983 -0.321772 -0.239322
v 0.555982 -0.321772 -0.190524
v 0.654189 -0.237993 -0.190524
v 0.667559 -0.196650 -0.232224
v 0.654190 -0.237993 -0.239321
v 0.667559 -0.196650 -0.197621
v 0.676952 -0.140774 -0.214922
v 0.636817 -0.180768 -0.197621
v 0.676952 -0.140774 -0.214922
v 0.667559 -0.196650 -0.197621
v 0.610835 -0.215595 -0.190524
v 0.654189 -0.237993 -0.190524
v 0.654190 -0.237993 -0.239321
v 0.636817 -0.180768 -0.232224
v 0.610836 -0.215595 -0.239321
v 0.667559 -0.196650 -0.232224
v 0.676952 -0.140774 -0.214922
v 0.610836 -0.215595 -0.239321
v 0.636817 -0.180768 -0.197621
v 0.610835 -0.215595 -0.190524
v 0.636817 -0.180768 -0.232224
v 0.676952 -0.140774 -0.214922
v 0.473977 -0.279114 -0.239322
v 0.473977 -0.279114 -0.190524
v 0.546174 -0.183878 -0.190524
v 0.546174 -0.183878 -0.239322
v 0.473977 -0.279114 -0.190524
v 0.435091 -0.249635 -0.190524
v 0.507287 -0.154399 -0.190524
v 0.546174 -0.183878 -0.190524
v 0.435091 -0.249635 -0.190524
v 0.435091 -0.249635 -0.239322
v 0.507287 -0.154399 -0.239322
v 0.507287 -0.154399 -0.190524
v 0.435091 -0.249635 -0.239322
v 0.473977 -0.279114 -0.239322
v 0.546174 -0.183878 -0.239322
v 0.507287 -0.154399 -0.239322
v 0.473977 -0.279114 -0.190524
v 0.473977 -0.279114 -0.239322
v 0.435091 -0.249635 -0.239322
v 0.435091 -0.249635 -0.190524
v 0.546174 -0.183878 -0.190524
v 0.566415 -0.145430 -0.232224
v 0.546174 -0.183878 -0.239322
v 0.566415 -0.145430 -0.197621
v 0.585222 -0.091982 -0.214922
v 0.538840 -0.124526 -0.197621
v 0.585222 -0.091982 -0.214922
v 0.566415 -0.145430 -0.197621
v 0.507287 -0.154399 -0.190524
v 0.546174 -0.183878 -0.190524
v 0.546174 -0.183878 -0.239322
v 0.538840 -0.124526 -0.232224
v 0.507287 -0.154399 -0.239322
v 0.566415 -0.145430 -0.232224
v 0.585222 -0.091982 -0.214922
v 0.507287 -0.154399 -0.239322
v 0.538840 -0.124526 -0.197621
v 0.507287 -0.154399 -0.190524
v 0.538840 -0.124526 -0.232224
v 0.585222 -0.091982 -0.214922
v 0.378576 -0.203622 -0.239322
v 0.378576 -0.203622 -0.190524
v 0.462018 -0.118067 -0.190524
v 0.462018 -0.118067 -0.239322
v 0.378576 -0.203622 -0.190524
v 0.343642 -0.169551 -0.190524
v 0.427083 -0.083996 -0.190524
v 0.462018 -0.118067 -0.190524
v 0.343642 -0.169551 -0.190524
v 0.343642 -0.169551 -0.239322
v 0.427083 -0.083996 -0.239322
v 0.427083 -0.083996 -0.190524
v 0.343642 -0.169551 -0.239322
v 0.378576 -0.203622 -0.239322
v 0.462018 -0.118067 -0.239322
v 0.427083 -0.083996 -0.239322
v 0.378576 -0.203622 -0.190524
v 0.378576 -0.203622 -0.239322
v 0.343642 -0.169551 -0.239322
v 0.343642 -0.169551 -0.190524
v 0.462018 -0.118067 -0.190524
v 0.486867 -0.082423 -0.232224
v 0.462018 -0.118067 -0.239322
v 0.486867 -0.082423 -0.197621
v 0.512152 -0.031717 -0.214923
v 0.462095 -0.058263 -0.197621
v 0.512152 -0.031717 -0.214923
v 0.486867 -0.082423 -0.197621
v 0.427083 -0.083996 -0.190524
v 0.462018 -0.118067 -0.190524
v 0.462018 -0.118067 -0.239322
v 0.462095 -0.058263 -0.232224
v 0.427083 -0.083996 -0.239322
v 0.486867 -0.082423 -0.232224
v 0.512152 -0.031717 -0.214923
v 0.427083 -0.083996 -0.239322
v 0.462095 -0.058263 -0.197621
v 0.427083 -0.083996 -0.190524
v 0.462095 -0.058263 -0.232224
v 0.512152 -0.031717 -0.214923
v 0.304285 -0.123416 -0.239322
v 0.304285 -0.123416 -0.190524
v 0.393900 -0.044351 -0.190524
v 0.393900 -0.044351 -0.239322
v 0.304285 -0.123416 -0.190524
v 0.272001 -0.086824 -0.190524
v 0.361617 -0.007759 -0.190524
v 0.393900 -0.044351 -0.190524
v 0.272001 -0.086824 -0.190524
v 0.272001 -0.086824 -0.239322
v 0.361617 -0.007759 -0.239322
v 0.361617 -0.007759 -0.190524
v 0.272001 -0.086824 -0.239322
v 0.304285 -0.123416 -0.239322
v 0.393900 -0.044351 -0.239322
v 0.361617 -0.007759 -0.239322
v 0.304285 -0.123416 -0.190524
v 0.304285 -0.123416 -0.239322
v 0.272001 -0.086824 -0.239322
v 0.272001 -0.086824 -0.190524
v 0.393900 -0.044351 -0.190524
v 0.421350 -0.010669 -0.232224
v 0.393900 -0.044351 -0.239322
v 0.421349 -0.010669 -0.197621
v 0.450362 0.038001 -0.214923
v 0.398457 0.015279 -0.197621
v 0.450362 0.038001 -0.214923
v 0.421349 -0.010669 -0.197621
v 0.361617 -0.007759 -0.190524
v 0.393900 -0.044351 -0.190524
v 0.393900 -0.044351 -0.239322
v 0.398457 0.015279 -0.232224
v 0.361617 -0.007759 -0.239322
v 0.421350 -0.010669 -0.232224
v 0.450362 0.038001 -0.214923
v 0.361617 -0.007759 -0.239322
v 0.398457 0.015279 -0.197621
v 0.361617 -0.007759 -0.190524
v 0.398457 0.015279 -0.232224
v 0.450362 0.038001 -0.214923
v 0.224873 -0.032701 -0.239322
v 0.224873 -0.032701 -0.190524
v 0.324337 0.033550 -0.190524
v 0.324337 0.033550 -0.239322
v 0.224873 -0.032701 -0.190524
v 0.197822 0.007912 -0.190524
v 0.297285 0.074163 -0.190524
v 0.324337 0.033550 -0.190524
v 0.197822 0.007912 -0.190524
v 0.197822 0.007912 -0.239322
v 0.297286 0.074163 -0.239322
v 0.297285 0.074163 -0.190524
v 0.197822 0.007912 -0.239322
v 0.224873 -0.032701 -0.239322
v 0.324337 0.033550 -0.239322
v 0.297286 0.074163 -0.239322
v 0.224873 -0.032701 -0.190524
v 0.224873 -0.032701 -0.239322
v 0.197822 0.007912 -0.239322
v 0.197822 0.007912 -0.190524
v 0.324337 0.033550 -0.190524
v 0.356080 0.063221 -0.232224
v 0.324337 0.033550 -0.239322
v 0.356080 0.063221 -0.197621
v 0.391393 0.107531 -0.214923
v 0.336897 0.092020 -0.197621
v 0.391393 0.107531 -0.214923
v 0.356080 0.063221 -0.197621
v 0.297285 0.074163 -0.190524
v 0.324337 0.033550 -0.190524
v 0.324337 0.033550 -0.239322
v 0.336897 0.092020 -0.232224
v 0.297286 0.074163 -0.239322
v 0.356080 0.063221 -0.232224
v 0.391393 0.107531 -0.214923
v 0.297286 0.074163 -0.239322
v 0.336897 0.092020 -0.197621
v 0.297285 0.074163 -0.190524
v 0.336897 0.092020 -0.232224
v 0.391393 0.107531 -0.214923
v 0.154409 0.082536 -0.239322
v 0.154409 0.082536 -0.190524
v 0.268461 0.118236 -0.190524
v 0.268461 0.118236 -0.239322
v 0.154409 0.082536 -0.190524
v 0.139832 0.129105 -0.190524
v 0.253884 0.164805 -0.190524
v 0.268461 0.118236 -0.190524
v 0.139832 0.129105 -0.190524
v 0.139832 0.129105 -0.239322
v 0.253884 0.164805 -0.239322
v 0.253884 0.164805 -0.190524
v 0.139832 0.129105 -0.239322
v 0.154409 0.082536 -0.239322
v 0.268461 0.118236 -0.239322
v 0.253884 0.164805 -0.239322
v 0.154409 0.082536 -0.190524
v 0.154409 0.082536 -0.239322
v 0.139832 0.129105 -0.239322
v 0.139832 0.129105 -0.190524
v 0.268461 0.118236 -0.190524
v 0.307250 0.137815 -0.232224
v 0.268461 0.118236 -0.239322
v 0.307250 0.137815 -0.197621
v 0.353573 0.170444 -0.214923
v 0.296914 0.170837 -0.197621
v 0.353573 0.170444 -0.214923
v 0.307250 0.137815 -0.197621
v 0.253884 0.164805 -0.190524
v 0.268461 0.118236 -0.190524
v 0.268461 0.118236 -0.239322
v 0.296914 0.170837 -0.232224
v 0.253884 0.164805 -0.239322
v 0.307250 0.137815 -0.232224
v 0.353573 0.170444 -0.214923
v 0.253884 0.164805 -0.239322
v 0.296914 0.170837 -0.197621
v 0.253884 0.164805 -0.190524
v 0.296914 0.170837 -0.232224
v 0.353573 0.170444 -0.214923
v 0.133399 0.173579 -0.239322
v 0.133399 0.173579 -0.190524
v 0.247451 0.209279 -0.190524
v 0.247451 0.209279 -0.239322
v 0.133399 0.173579 -0.190524
v 0.118822 0.220148 -0.190524
v 0.232874 0.255848 -0.190524
v 0.247451 0.209279 -0.190524
v 0.118822 0.220148 -0.190524
v 0.118822 0.220148 -0.239322
v 0.232874 0.255848 -0.239322
v 0.232874 0.255848 -0.190524
v 0.118822 0.220148 -0.239322
v 0.133399 0.173579 -0.239322
v 0.247451 0.209279 -0.239322
v 0.232874 0.255848 -0.239322
v 0.133399 0.173579 -0.190524
v 0.133399 0.173579 -0.239322
v 0.118822 0.220148 -0.239322
v 0.118822 0.220148 -0.190524
v 0.247451 0.209279 -0.190524
v 0.286241 0.228858 -0.232224
v 0.247451 0.209279 -0.239322
v 0.286241 0.228858 -0.197621
v 0.332563 0.261487 -0.214922
v 0.275904 0.261880 -0.197621
v 0.332563 0.261487 -0.214922
v 0.286241 0.228858 -0.197621
v 0.232874 0.255848 -0.190524
v 0.247451 0.209279 -0.190524
v 0.247451 0.209279 -0.239322
v 0.275904 0.261880 -0.232224
v 0.232874 0.255848 -0.239322
v 0.286241 0.228858 -0.232224
v 0.332563 0.261487 -0.214922
v 0.232874 0.255848 -0.239322
v 0.275904 0.261880 -0.197621
v 0.232874 0.255848 -0.190524
v 0.275904 0.261880 -0.232224
v 0.332563 0.261487 -0.214922
v 0.105386 0.266956 -0.239322
v 0.105386 0.266956 -0.190524
v 0.219438 0.302656 -0.190524
v 0.219438 0.302656 -0.239322
v 0.105386 0.266956 -0.190524
v 0.090809 0.313526 -0.190524
v 0.204861 0.349226 -0.190524
v 0.219438 0.302656 -0.190524
v 0.090809 0.313526 -0.190524
v 0.090809 0.313526 -0.239322
v 0.204861 0.349226 -0.239322
v 0.204861 0.349226 -0.190524
v 0.090809 0.313526 -0.239322
v 0.105386 0.266956 -0.239322
v 0.219438 0.302656 -0.239322
v 0.204861 0.349226 -0.239322
v 0.105386 0.266956 -0.190524
v 0.105386 0.266956 -0.239322
v 0.090809 0.313526 -0.239322
v 0.090809 0.313526 -0.190524
v 0.219438 0.302656 -0.190524
v 0.258227 0.322235 -0.232224
v 0.219438 0.302656 -0.239322
v 0.258227 0.322235 -0.197621
v 0.304550 0.354864 -0.214922
v 0.247891 0.355258 -0.197621
v 0.304550 0.354864 -0.214922
v 0.258227 0.322235 -0.197621
v 0.204861 0.349226 -0.190524
v 0.219438 0.302656 -0.190524
v 0.219438 0.302656 -0.239322
v 0.247891 0.355258 -0.232224
v 0.204861 0.349226 -0.239322
v 0.258227 0.322235 -0.232224
v 0.304550 0.354864 -0.214922
v 0.204861 0.349226 -0.239322
v 0.247891 0.355258 -0.197621
v 0.204861 0.349226 -0.190524
v 0.247891 0.355258 -0.232224
v 0.304550 0.354864 -0.214922
v 0.264881 -0.390768 0.253376
v 0.263861 -0.306084 0.251489
v 0.260987 -0.309720 0.188492
v 0.263829 -0.389738 -0.136011
v 0.327896 -0.090118 0.193152
v 0.327896 -0.090118 0.251395
v 0.495001 0.132913 0.251291
v 0.495001 0.132913 0.193257
v 0.709864 0.250644 0.251288
v 0.713334 0.254009 0.188949
v 0.779315 0.255148 0.253346
v 0.261835 -0.309518 -0.126249
v 0.264882 -0.390767 -0.201055
v 0.263861 -0.306083 -0.199167
v 0.713254 0.253366 -0.126321
v 0.327897 -0.090118 -0.140830
v 0.327897 -0.090118 -0.199072
v 0.495002 0.132913 -0.198967
v 0.495002 0.132913 -0.140934
v 0.709865 0.250645 -0.198963
v 0.778227 0.256162 -0.136033
v 0.779315 0.255149 -0.201021
v 0.743253 -0.199037 -0.187859
v 0.743253 -0.199038 0.230145
v 0.789013 -0.199038 0.230145
v 0.789014 -0.199037 -0.187859
v 0.743253 -0.199038 0.230145
v 0.743253 0.218966 0.230145
v 0.789013 0.218966 0.230145
v 0.789013 -0.199038 0.230145
v 0.743253 0.218966 0.230145
v 0.743253 0.218966 -0.187858
v 0.789014 0.218966 -0.187858
v 0.789013 0.218966 0.230145
v 0.743253 -0.199037 -0.187859
v 0.789014 -0.199037 -0.187859
v 0.709315 -0.094536 -0.187859
v 0.663554 -0.094536 -0.187859
v 0.677354 0.009965 -0.187859
v 0.663554 0.114466 -0.187858
v 0.631593 0.009965 -0.187859
v 0.709315 0.114466 -0.187858
v 0.743253 0.218966 -0.187858
v 0.789014 0.218966 -0.187858
v 0.663554 -0.094536 -0.187859
v 0.720298 -0.157237 -0.146058
v 0.743253 -0.199037 -0.187859
v 0.652076 -0.073636 -0.146058
v 0.631593 0.009965 -0.187859
v 0.631593 0.009965 -0.146058
v 0.663554 0.114466 -0.187858
v 0.652076 0.093565 -0.146058
v 0.743253 0.218966 -0.187858
v 0.720298 0.177166 -0.146058
v 0.743253 -0.199037 -0.187859
v 0.743253 -0.157237 0.188345
v 0.743253 -0.199038 0.230145
v 0.743253 0.177166 0.188345
v 0.743253 0.218966 0.230145
v 0.743253 0.218966 -0.187858
v 0.720298 0.177166 -0.146058
v 0.743253 0.177166 0.188345
v 0.789014 0.177166 0.188345
v 0.789014 0.177166 -0.146058
v 0.743253 0.177166 0.188345
v 0.743253 -0.157237 0.188345
v 0.789013 -0.157237 0.188345
v 0.789014 0.177166 0.188345
v 0.743253 -0.157237 0.188345
v 0.720298 -0.157237 -0.146058
v 0.789014 -0.157237 -0.146058
v 0.789013 -0.157237 0.188345
v 0.523034 -0.038369 -0.201264
v 0.523034 -0.038369 -0.176269
v 0.639076 -0.034725 -0.176269
v 0.639076 -0.034725 -0.201264
v 0.665680 0.005376 -0.201264
v 0.665680 0.005376 -0.176269
v 0.523034 -0.038369 -0.176269
v 0.520570 0.040086 -0.176269
v 0.636613 0.043730 -0.176269
v 0.639076 -0.034725 -0.176269
v 0.642621 0.012357 -0.176269
v 0.654779 0.012316 -0.176269
v 0.642527 -0.000592 -0.176269
v 0.665680 0.005376 -0.176269
v 0.654910 -0.000005 -0.176269
v 0.520570 0.040086 -0.176269
v 0.520570 0.040086 -0.201264
v 0.636613 0.043730 -0.201264
v 0.636613 0.043730 -0.176269
v 0.665680 0.005376 -0.176269
v 0.665680 0.005376 -0.201264
v 0.636613 0.043730 -0.201264
v 0.520570 0.040086 -0.201264
v 0.523034 -0.038369 -0.201264
v 0.639076 -0.034725 -0.201264
v 0.642621 0.012357 -0.201264
v 0.642527 -0.000592 -0.201264
v 0.654779 0.012316 -0.201264
v 0.654910 -0.000005 -0.201264
v 0.665680 0.005376 -0.201264
v 0.523034 -0.038369 -0.176269
v 0.523034 -0.038369 -0.201264
v 0.520570 0.040086 -0.201264
v 0.520570 0.040086 -0.176269
v 0.789014 0.177166 -0.146058
v 0.789014 0.177166 0.188345
v 0.789014 0.218966 -0.187858
v 0.789013 0.218966 0.230145
v 0.789013 -0.199038 0.230145
v 0.789013 -0.157237 0.188345
v 0.789014 -0.157237 -0.146058
v 0.789014 -0.199037 -0.187859
v 0.709315 0.114466 -0.187858
v 0.789014 0.177166 -0.146058
v 0.709315 0.093565 -0.146058
v 0.677354 0.009965 -0.187859
v 0.677354 0.009965 -0.146058
v 0.709315 -0.094536 -0.187859
v 0.709315 -0.073636 -0.146058
v 0.789014 -0.157237 -0.146058
v 0.720298 0.177166 -0.146058
v 0.789014 0.177166 -0.146058
v 0.709315 0.093565 -0.146058
v 0.677354 0.009965 -0.146058
v 0.652076 0.093565 -0.146058
v 0.720298 -0.157237 -0.146058
v 0.709315 -0.073636 -0.146058
v 0.789014 -0.157237 -0.146058
v 0.652076 -0.073636 -0.146058
v 0.631593 0.009965 -0.146058
v 0.654910 -0.000005 -0.176269
v 0.642527 -0.000592 -0.176269
v 0.642527 -0.000592 -0.201264
v 0.654910 -0.000005 -0.201264
v 0.642621 0.012357 -0.176269
v 0.654779 0.012316 -0.176269
v 0.654779 0.012316 -0.201264
v 0.642621 0.012357 -0.201264
v 0.642527 -0.000592 -0.176269
v 0.642621 0.012357 -0.176269
v 0.642621 0.012357 -0.201264
v 0.642527 -0.000592 -0.201264
v 0.654779 0.012316 -0.176269
v 0.654910 -0.000005 -0.176269
v 0.654910 -0.000005 -0.201264
v 0.654779 0.012316 -0.201264
vt 0.25 0.5
vt 0.25 0.5
vt 0.25 0.5
vt 0.25 0.5
vt 0.25 0.5
vt 0.25 0.5
vt 0.25 0.5
vt 0.25 0.5
vt 0.25 0.5
vt 0.25 0.5
vt 0.25 0.5
vt 0.25 0.5
vt 0.25 0.5
vt 0.25 0.5
vt 0.25 0.5
vt 0.25 0.5
vt 0.25 0.5
vt 0.25 0.5
vt 0.25 0.5
vt 0.25 0.5
vt 0.25 0.5
vt 0.25 0.5
vt 0.25 0.5
vt 0.25 0.5
vt 0.25 0.5
vt 0.25 0.5
vt 0.25 0.5
vt 0.25 0.5
vt 0.25 0.5
vt 0.25 0.5
vt 0.25 0.5
vt 0.25 0.5
vt 0.25 0.5
vt 0.25 0.5
vt 0.25 0.5
vt 0.25 0.5
vt 0.25 0.5
vt 0.25 0.5
vt 0.25 0.5
vt 0.25 0.5
vt 0.25 0.5
vt 0.25 0.5
vt 0.25 0.5
vt 0.25 0.5
vt 0.25 0.5
vt 0.25 0.5
vt 0.25 0.5
vt 0.25 0.5
vt 0.25 0.5
vt 0.25 0.5
vt 0.25 0.5
vt 0.25 0.5
vt 0.25 0.5
vt 0.25 0.5
vt 0.25 0.5
vt 0.25 0.5
vt 0.25 0.5
vt 0.25 0.5
vt 0.25 0.5
vt 0.25 0.5
vt 0.25 0.5
vt 0.25 0.5
vt 0.25 0.5
vt 0.25 0.5
vt 0.25 0.5
vt 0.25 0.5
vt 0.25 0.5
vt 0.25 0.5
vt 0.25 0.5
vt 0.25 0.5
vt 0.25 0.5
vt 0.25 0.5
vt 0.25 0.5
vt 0.25 0.5
vt 0.25 0.5
vt 0.25 0.5
vt 0.25 0.5
vt 0.25 0.5
vt 0.25 0.5
vt 0.25 0.5
vt 0.25 0.5
vt 0.25 0.5
vt 0.25 0.5
vt 0.25 0.5
vt 0.25 0.5
vt 0.25 0.5
vt 0.25 0.5
vt 0.25 0.5
vt 0.25 0.5
vt 0.25 0.5
vt 0.25 0.5
vt 0.25 0.5
vt 0.25 0.5
vt 0.25 0.5
vt 0.25 0.5
vt 0.25 0.5
vt 0.25 0.5
vt 0.25 0.5
vt 0.25 0.5
vt 0.25 0.5
vt 0.25 0.5
vt 0.25 0.5
vt 0.25 0.5
vt 0.25 0.5
vt 0.25 0.5
vt 0.25 0.5
vt 0.25 0.5
vt 0.25 0.5
vt 0.25 0.5
vt 0.25 0.5
vt 0.25 0.5
vt 0.25 0.5
vt 0.25 0.5
vt 0.25 0.5
vt 0.25 0.5
vt 0.25 0.5
vt 0.25 0.5
vt 0.25 0.5
vt 0.25 0.5
vt 0.25 0.5
vt 0.25 0.5
vt 0.25 0.5
vt 0.25 0.5
vt 0.25 0.5
vt 0.25 0.5
vt 0.25 0.5
vt 0.25 0.5
vt 0.25 0.5
vt 0.25 0.5
vt 0.25 0.5
vt 0.25 0.5
vt 0.25 0.5
vt 0.25 0.5
vt 0.25 0.5
vt 0.25 0.5
vt 0.25 0.5
vt 0.25 0.5
vt 0.25 0.5
vt 0.25 0.5
vt 0.25 0.5
vt 0.25 0.5
vt 0.25 0.5
vt 0.25 0.5
vt 0.25 0.5
vt 0.25 0.5
vt 0.25 0.5
vt 0.25 0.5
vt 0.25 0.5
vt 0.25 0.5
vt 0.25 0.5
vt 0.25 0.5
vt 0.25 0.5
vt 0.25 0.5
vt 0.25 0.5
vt 0.25 0.5
vt 0.25 0.5
vt 0.25 0.5
vt 0.25 0.5
vt 0.25 0.5
vt 0.25 0.5
vt 0.25 0.5
vt 0.25 0.5
vt 0.25 0.5
vt 0.25 0.5
vt 0.25 0.5
vt 0.25 0.5
vt 0.25 0.5
vt 0.25 0.5
vt 0.25 0.5
vt 0.25 0.5
vt 0.25 0.5
vt 0.25 0.5
vt 0.25 0.5
vt 0.25 0.5
vt 0.25 0.5
vt 0.25 0.5
vt 0.25 0.5
vt 0.25 0.5
vt 0.25 0.5
vt 0.25 0.5
vt 0.25 0.5
vt 0.25 0.5
vt 0.25 0.5
vt 0.25 0.5
vt 0.25 0.5
vt 0.25 0.5
vt 0.25 0.5
vt 0.25 0.5
vt 0.25 0.5
vt 0.25 0.5
vt 0.75 0.75
vt 0.75 0.75
vt 0.75 0.75
vt 0.75 0.75
vt 0.75 0.75
vt 0.75 0.75
vt 0.75 0.75
vt 0.75 0.75
vt 0.75 0.75
vt 0.75 0.75
vt 0.75 0.75
vt 0.75 0.75
vt 0.75 0.75
vt 0.75 0.75
vt 0.75 0.75
vt 0.75 0.75
vt 0.75 0.75
vt 0.75 0.75
vt 0.75 0.75
vt 0.75 0.75
vt 0.75 0.25
vt 0.75 0.25
vt 0.75 0.25
vt 0.75 0.25
vt 0.75 0.25
vt 0.75 0.25
vt 0.75 0.25
vt 0.75 0.25
vt 0.75 0.25
vt 0.75 0.25
vt 0.75 0.25
vt 0.75 0.25
vt 0.75 0.25
vt 0.75 0.25
vt 0.75 0.25
vt 0.75 0.25
vt 0.75 0.25
vt 0.75 0.25
vt 0.75 0.25
vt 0.75 0.25
vt 0.75 0.75
vt 0.75 0.75
vt 0.75 0.75
vt 0.75 0.75
vt 0.75 0.75
vt 0.75 0.75
vt 0.75 0.75
vt 0.75 0.75
vt 0.75 0.75
vt 0.75 0.75
vt 0.75 0.75
vt 0.75 0.75
vt 0.75 0.75
vt 0.75 0.75
vt 0.75 0.75
vt 0.75 0.75
vt 0.75 0.75
vt 0.75 0.75
vt 0.75 0.75
vt 0.75 0.75
vt 0.75 0.25
vt 0.75 0.25
vt 0.75 0.25
vt 0.75 0.25
vt 0.75 0.25
vt 0.75 0.25
vt 0.75 0.25
vt 0.75 0.25
vt 0.75 0.25
vt 0.75 0.25
vt 0.75 0.25
vt 0.75 0.25
vt 0.75 0.25
vt 0.75 0.25
vt 0.75 0.25
vt 0.75 0.25
vt 0.75 0.25
vt 0.75 0.25
vt 0.75 0.25
vt 0.75 0.25
vt 0.75 0.75
vt 0.75 0.75
vt 0.75 0.75
vt 0.75 0.75
vt 0.75 0.75
vt 0.75 0.75
vt 0.75 0.75
vt 0.75 0.75
vt 0.75 0.75
vt 0.75 0.75
vt 0.75 0.75
vt 0.75 0.75
vt 0.75 0.75
vt 0.75 0.75
vt 0.75 0.75
vt 0.75 0.75
vt 0.75 0.75
vt 0.75 0.75
vt 0.75 0.75
vt 0.75 0.75
vt 0.75 0.25
vt 0.75 0.25
vt 0.75 0.25
vt 0.75 0.25
vt 0.75 0.25
vt 0.75 0.25
vt 0.75 0.25
vt 0.75 0.25
vt 0.75 0.25
vt 0.75 0.25
vt 0.75 0.25
vt 0.75 0.25
vt 0.75 0.25
vt 0.75 0.25
vt 0.75 0.25
vt 0.75 0.25
vt 0.75 0.25
vt 0.75 0.25
vt 0.75 0.25
vt 0.75 0.25
vt 0.75 0.75
vt 0.75 0.75
vt 0.75 0.75
vt 0.75 0.75
vt 0.75 0.75
vt 0.75 0.75
vt 0.75 0.75
vt 0.75 0.75
vt 0.75 0.75
vt 0.75 0.75
vt 0.75 0.75
vt 0.75 0.75
vt 0.75 0.75
vt 0.75 0.75
vt 0.75 0.75
vt 0.75 0.75
vt 0.75 0.75
vt 0.75 0.75
vt 0.75 0.75
vt 0.75 0.75
vt 0.75 0.25
vt 0.75 0.25
vt 0.75 0.25
vt 0.75 0.25
vt 0.75 0.25
vt 0.75 0.25
vt 0.75 0.25
vt 0.75 0.25
vt 0.75 0.25
vt 0.75 0.25
vt 0.75 0.25
vt 0.75 0.25
vt 0.75 0.25
vt 0.75 0.25
vt 0.75 0.25
vt 0.75 0.25
vt 0.75 0.25
vt 0.75 0.25
vt 0.75 0.25
vt 0.75 0.25
vt 0.75 0.75
vt 0.75 0.75
vt 0.75 0.75
vt 0.75 0.75
vt 0.75 0.75
vt 0.75 0.75
vt 0.75 0.75
vt 0.75 0.75
vt 0.75 0.75
vt 0.75 0.75
vt 0.75 0.75
vt 0.75 0.75
vt 0.75 0.75
vt 0.75 0.75
vt 0.75 0.75
vt 0.75 0.75
vt 0.75 0.75
vt 0.75 0.75
vt 0.75 0.75
vt 0.75 0.75
vt 0.75 0.25
vt 0.75 0.25
vt 0.75 0.25
vt 0.75 0.25
vt 0.75 0.25
vt 0.75 0.25
vt 0.75 0.25
vt 0.75 0.25
vt 0.75 0.25
vt 0.75 0.25
vt 0.75 0.25
vt 0.75 0.25
vt 0.75 0.25
vt 0.75 0.25
vt 0.75 0.25
vt 0.75 0.25
vt 0.75 0.25
vt 0.75 0.25
vt 0.75 0.25
vt 0.75 0.25
vt 0.75 0.75
vt 0.75 0.75
vt 0.75 0.75
vt 0.75 0.75
vt 0.75 0.75
vt 0.75 0.75
vt 0.75 0.75
vt 0.75 0.75
vt 0.75 0.75
vt 0.75 0.75
vt 0.75 0.75
vt 0.75 0.75
vt 0.75 0.75
vt 0.75 0.75
vt 0.75 0.75
vt 0.75 0.75
vt 0.75 0.75
vt 0.75 0.75
vt 0.75 0.75
vt 0.75 0.75
vt 0.75 0.25
vt 0.75 0.25
vt 0.75 0.25
vt 0.75 0.25
vt 0.75 0.25
vt 0.75 0.25
vt 0.75 0.25
vt 0.75 0.25
vt 0.75 0.25
vt 0.75 0.25
vt 0.75 0.25
vt 0.75 0.25
vt 0.75 0.25
vt 0.75 0.25
vt 0.75 0.25
vt 0.75 0.25
vt 0.75 0.25
vt 0.75 0.25
vt 0.75 0.25
vt 0.75 0.25
vt 0.75 0.75
vt 0.75 0.75
vt 0.75 0.75
vt 0.75 0.75
vt 0.75 0.75
vt 0.75 0.75
vt 0.75 0.75
vt 0.75 0.75
vt 0.75 0.75
vt 0.75 0.75
vt 0.75 0.75
vt 0.75 0.75
vt 0.75 0.75
vt 0.75 0.75
vt 0.75 0.75
vt 0.75 0.75
vt 0.75 0.75
vt 0.75 0.75
vt 0.75 0.75
vt 0.75 0.75
vt 0.75 0.25
vt 0.75 0.25
vt 0.75 0.25
vt 0.75 0.25
vt 0.75 0.25
vt 0.75 0.25
vt 0.75 0.25
vt 0.75 0.25
vt 0.75 0.25
vt 0.75 0.25
vt 0.75 0.25
vt 0.75 0.25
vt 0.75 0.25
vt 0.75 0.25
vt 0.75 0.25
vt 0.75 0.25
vt 0.75 0.25
vt 0.75 0.25
vt 0.75 0.25
vt 0.75 0.25
vt 0.75 0.75
vt 0.75 0.75
vt 0.75 0.75
vt 0.75 0.75
vt 0.75 0.75
vt 0.75 0.75
vt 0.75 0.75
vt 0.75 0.75
vt 0.75 0.75
vt 0.75 0.75
vt 0.75 0.75
vt 0.75 0.75
vt 0.75 0.75
vt 0.75 0.75
vt 0.75 0.75
vt 0.75 0.75
vt 0.75 0.75
vt 0.75 0.75
vt 0.75 0.75
vt 0.75 0.75
vt 0.75 0.25
vt 0.75 0.25
vt 0.75 0.25
vt 0.75 0.25
vt 0.75 0.25
vt 0.75 0.25
vt 0.75 0.25
vt 0.75 0.25
vt 0.75 0.25
vt 0.75 0.25
vt 0.75 0.25
vt 0.75 0.25
vt 0.75 0.25
vt 0.75 0.25
vt 0.75 0.25
vt 0.75 0.25
vt 0.75 0.25
vt 0.75 0.25
vt 0.75 0.25
vt 0.75 0.25
vt 0.75 0.75
vt 0.75 0.75
vt 0.75 0.75
vt 0.75 0.75
vt 0.75 0.75
vt 0.75 0.75
vt 0.75 0.75
vt 0.75 0.75
vt 0.75 0.75
vt 0.75 0.75
vt 0.75 0.75
vt 0.75 0.75
vt 0.75 0.75
vt 0.75 0.75
vt 0.75 0.75
vt 0.75 0.75
vt 0.75 0.75
vt 0.75 0.75
vt 0.75 0.75
vt 0.75 0.75
vt 0.75 0.25
vt 0.75 0.25
vt 0.75 0.25
vt 0.75 0.25
vt 0.75 0.25
vt 0.75 0.25
vt 0.75 0.25
vt 0.75 0.25
vt 0.75 0.25
vt 0.75 0.25
vt 0.75 0.25
vt 0.75 0.25
vt 0.75 0.25
vt 0.75 0.25
vt 0.75 0.25
vt 0.75 0.25
vt 0.75 0.25
vt 0.75 0.25
vt 0.75 0.25
vt 0.75 0.25
vt 0.75 0.75
vt 0.75 0.75
vt 0.75 0.75
vt 0.75 0.75
vt 0.75 0.75
vt 0.75 0.75
vt 0.75 0.75
vt 0.75 0.75
vt 0.75 0.75
vt 0.75 0.75
vt 0.75 0.75
vt 0.75 0.75
vt 0.75 0.75
vt 0.75 0.75
vt 0.75 0.75
vt 0.75 0.75
vt 0.75 0.75
vt 0.75 0.75
vt 0.75 0.75
vt 0.75 0.75
vt 0.75 0.25
vt 0.75 0.25
vt 0.75 0.25
vt 0.75 0.25
vt 0.75 0.25
vt 0.75 0.25
vt 0.75 0.25
vt 0.75 0.25
vt 0.75 0.25
vt 0.75 0.25
vt 0.75 0.25
vt 0.75 0.25
vt 0.75 0.25
vt 0.75 0.25
vt 0.75 0.25
vt 0.75 0.25
vt 0.75 0.25
vt 0.75 0.25
vt 0.75 0.25
vt 0.75 0.25
vt 0.75 0.75
vt 0.75 0.75
vt 0.75 0.75
vt 0.75 0.75
vt 0.75 0.75
vt 0.75 0.75
vt 0.75 0.75
vt 0.75 0.75
vt 0.75 0.75
vt 0.75 0.75
vt 0.75 0.75
vt 0.75 0.75
vt 0.75 0.75
vt 0.75 0.75
vt 0.75 0.75
vt 0.75 0.75
vt 0.75 0.75
vt 0.75 0.75
vt 0.75 0.75
vt 0.75 0.75
vt 0.75 0.25
vt 0.75 0.25
vt 0.75 0.25
vt 0.75 0.25
vt 0.75 0.25
vt 0.75 0.25
vt 0.75 0.25
vt 0.75 0.25
vt 0.75 0.25
vt 0.75 0.25
vt 0.75 0.25
vt 0.75 0.25
vt 0.75 0.25
vt 0.75 0.25
vt 0.75 0.25
vt 0.75 0.25
vt 0.75 0.25
vt 0.75 0.25
vt 0.75 0.25
vt 0.75 0.25
vt 0.75 0.75
vt 0.75 0.75
vt 0.75 0.75
vt 0.75 0.75
vt 0.75 0.75
vt 0.75 0.75
vt 0.75 0.75
vt 0.75 0.75
vt 0.75 0.75
vt 0.75 0.75
vt 0.75 0.75
vt 0.75 0.75
vt 0.75 0.75
vt 0.75 0.75
vt 0.75 0.75
vt 0.75 0.75
vt 0.75 0.75
vt 0.75 0.75
vt 0.75 0.75
vt 0.75 0.75
vt 0.75 0.25
vt 0.75 0.25
vt 0.75 0.25
vt 0.75 0.25
vt 0.75 0.25
vt 0.75 0.25
vt 0.75 0.25
vt 0.75 0.25
vt 0.75 0.25
vt 0.75 0.25
vt 0.75 0.25
vt 0.75 0.25
vt 0.75 0.25
vt 0.75 0.25
vt 0.75 0.25
vt 0.75 0.25
vt 0.75 0.25
vt 0.75 0.25
vt 0.75 0.25
vt 0.75 0.25
vt 0.75 0.75
vt 0.75 0.75
vt 0.75 0.75
vt 0.75 0.75
vt 0.75 0.75
vt 0.75 0.75
vt 0.75 0.75
vt 0.75 0.75
vt 0.75 0.75
vt 0.75 0.75
vt 0.75 0.75
vt 0.75 0.75
vt 0.75 0.75
vt 0.75 0.75
vt 0.75 0.75
vt 0.75 0.75
vt 0.75 0.75
vt 0.75 0.75
vt 0.75 0.75
vt 0.75 0.75
vt 0.75 0.25
vt 0.75 0.25
vt 0.75 0.25
vt 0.75 0.25
vt 0.75 0.25
vt 0.75 0.25
vt 0.75 0.25
vt 0.75 0.25
vt 0.75 0.25
vt 0.75 0.25
vt 0.75 0.25
vt 0.75 0.25
vt 0.75 0.25
vt 0.75 0.25
vt 0.75 0.25
vt 0.75 0.25
vt 0.75 0.25
vt 0.75 0.25
vt 0.75 0.25
vt 0.75 0.25
vt 0.75 0.75
vt 0.75 0.75
vt 0.75 0.75
vt 0.75 0.75
vt 0.75 0.75
vt 0.75 0.75
vt 0.75 0.75
vt 0.75 0.75
vt 0.75 0.75
vt 0.75 0.75
vt 0.75 0.75
vt 0.75 0.75
vt 0.75 0.75
vt 0.75 0.75
vt 0.75 0.75
vt 0.75 0.75
vt 0.75 0.75
vt 0.75 0.75
vt 0.75 0.75
vt 0.75 0.75
vt 0.75 0.25
vt 0.75 0.25
vt 0.75 0.25
vt 0.75 0.25
vt 0.75 0.25
vt 0.75 0.25
vt 0.75 0.25
vt 0.75 0.25
vt 0.75 0.25
vt 0.75 0.25
vt 0.75 0.25
vt 0.75 0.25
vt 0.75 0.25
vt 0.75 0.25
vt 0.75 0.25
vt 0.75 0.25
vt 0.75 0.25
vt 0.75 0.25
vt 0.75 0.25
vt 0.75 0.25
vt 0.75 0.75
vt 0.75 0.75
vt 0.75 0.75
vt 0.75 0.75
vt 0.75 0.75
vt 0.75 0.75
vt 0.75 0.75
vt 0.75 0.75
vt 0.75 0.75
vt 0.75 0.75
vt 0.75 0.75
vt 0.75 0.75
vt 0.75 0.75
vt 0.75 0.75
vt 0.75 0.75
vt 0.75 0.75
vt 0.75 0.75
vt 0.75 0.75
vt 0.75 0.75
vt 0.75 0.75
vt 0.75 0.25
vt 0.75 0.25
vt 0.75 0.25
vt 0.75 0.25
vt 0.75 0.25
vt 0.75 0.25
vt 0.75 0.25
vt 0.75 0.25
vt 0.75 0.25
vt 0.75 0.25
vt 0.75 0.25
vt 0.75 0.25
vt 0.75 0.25
vt 0.75 0.25
vt 0.75 0.25
vt 0.75 0.25
vt 0.75 0.25
vt 0.75 0.25
vt 0.75 0.25
vt 0.75 0.25
vt 0.75 0.75
vt 0.75 0.75
vt 0.75 0.75
vt 0.75 0.75
vt 0.75 0.75
vt 0.75 0.75
vt 0.75 0.75
vt 0.75 0.75
vt 0.75 0.75
vt 0.75 0.75
vt 0.75 0.75
vt 0.75 0.75
vt 0.75 0.75
vt 0.75 0.75
vt 0.75 0.75
vt 0.75 0.75
vt 0.75 0.75
vt 0.75 0.75
vt 0.75 0.75
vt 0.75 0.75
vt 0.75 0.25
vt 0.75 0.25
vt 0.75 0.25
vt 0.75 0.25
vt 0.75 0.25
vt 0.75 0.25
vt 0.75 0.25
vt 0.75 0.25
vt 0.75 0.25
vt 0.75 0.25
vt 0.75 0.25
vt 0.75 0.25
vt 0.75 0.25
vt 0.75 0.25
vt 0.75 0.25
vt 0.75 0.25
vt 0.75 0.25
vt 0.75 0.25
vt 0.75 0.25
vt 0.75 0.25
vt 0.25 0.5
vt 0.25 0.5
vt 0.25 0.5
vt 0.25 0.5
vt 0.25 0.5
vt 0.25 0.5
vt 0.25 0.5
vt 0.25 0.5
vt 0.25 0.5
vt 0.25 0.5
vt 0.25 0.5
vt 0.25 0.5
vt 0.25 0.5
vt 0.25 0.5
vt 0.25 0.5
vt 0.25 0.5
vt 0.25 0.5
vt 0.25 0.5
vt 0.25 0.5
vt 0.25 0.5
vt 0.25 0.5
vt 0.25 0.5
vt 0.75 0.5
vt 0.75 0.5
vt 0.75 0.5
vt 0.75 0.5
vt 0.75 0.5
vt 0.75 0.5
vt 0.75 0.5
vt 0.75 0.5
vt 0.75 0.5
vt 0.75 0.5
vt 0.75 0.5
vt 0.75 0.5
vt 0.75 0.5
vt 0.75 0.5
vt 0.75 0.5
vt 0.75 0.5
vt 0.75 0.5
vt 0.75 0.5
vt 0.75 0.5
vt 0.75 0.5
vt 0.75 0.5
vt 0.75 0.5
vt 0.75 0.5
vt 0.75 0.5
vt 0.75 0.5
vt 0.75 0.5
vt 0.75 0.5
vt 0.75 0.5
vt 0.75 0.5
vt 0.75 0.5
vt 0.75 0.5
vt 0.75 0.5
vt 0.75 0.5
vt 0.75 0.5
vt 0.75 0.5
vt 0.75 0.5
vt 0.75 0.5
vt 0.75 0.5
vt 0.75 0.5
vt 0.75 0.5
vt 0.75 0.5
vt 0.75 0.5
vt 0.75 0.5
vt 0.75 0.5
vt 0.75 0.5
vt 0.75 0.5
vt 0.75 0.5
vt 0.75 0.5
vt 0.75 0.5
vt 0.75 0.5
vt 0.25 0.5
vt 0.25 0.5
vt 0.25 0.5
vt 0.25 0.5
vt 0.25 0.5
vt 0.25 0.5
vt 0.25 0.5
vt 0.25 0.5
vt 0.25 0.5
vt 0.25 0.5
vt 0.25 0.5
vt 0.25 0.5
vt 0.25 0.5
vt 0.25 0.5
vt 0.25 0.5
vt 0.25 0.5
vt 0.25 0.5
vt 0.25 0.5
vt 0.25 0.5
vt 0.25 0.5
vt 0.25 0.5
vt 0.25 0.5
vt 0.25 0.5
vt 0.25 0.5
vt 0.25 0.5
vt 0.25 0.5
vt 0.25 0.5
vt 0.25 0.5
vt 0.25 0.5
vt 0.25 0.5
vt 0.25 0.5
vt 0.25 0.5
vt 0.25 0.5
vt 0.25 0.5
vt 0.75 0.5
vt 0.75 0.5
vt 0.75 0.5
vt 0.75 0.5
vt 0.75 0.5
vt 0.75 0.5
vt 0.75 0.5
vt 0.75 0.5
vt 0.75 0.5
vt 0.75 0.5
vt 0.75 0.5
vt 0.75 0.5
vt 0.75 0.5
vt 0.75 0.5
vt 0.75 0.5
vt 0.75 0.5
vt 0.75 0.5
vt 0.75 0.5
vt 0.75 0.5
vt 0.75 0.5
vt 0.75 0.5
vt 0.75 0.5
vt 0.75 0.5
vt 0.75 0.5
vt 0.75 0.5
vt 0.75 0.5
vt 0.25 0.5
vt 0.25 0.5
vt 0.25 0.5
vt 0.25 0.5
vt 0.25 0.5
vt 0.25 0.5
vt 0.25 0.5
vt 0.25 0.5
vt 0.25 0.5
vt 0.25 0.5
vt 0.25 0.5
vt 0.25 0.5
vt 0.25 0.5
vt 0.25 0.5
vt 0.25 0.5
vt 0.25 0.5
vn -0.000002 -0.000001 1.000000
vn -0.000002 -0.000001 1.000000
vn -0.000002 -0.000001 1.000000
vn -0.000002 -0.000001 1.000000
vn -0.000002 -0.000001 1.000000
vn -0.000002 -0.000001 1.000000
vn -0.000002 -0.000001 1.000000
vn -0.000002 -0.000001 1.000000
vn -0.000002 -0.000001 1.000000
vn -0.000002 -0.000001 1.000000
vn -0.000002 -0.000001 1.000000
vn -0.000002 -0.000001 1.000000
vn 0.053182 -0.998585 -0.000001
vn 0.053182 -0.998585 -0.000001
vn 0.053182 -0.998585 -0.000001
vn 0.053182 -0.998585 -0.000001
vn 0.022192 0.999754 0.000001
vn 0.022192 0.999754 0.000001
vn 0.022192 0.999754 0.000001
vn 0.022192 0.999754 0.000001
vn 0.022192 0.999754 0.000001
vn 0.022192 0.999754 0.000001
vn 0.893820 0.448425 0.000002
vn 0.958927 0.283654 0.000002
vn 0.989739 0.142888 0.000002
vn 0.893820 0.448425 0.000002
vn 0.655494 0.755200 0.000002
vn 0.655494 0.755200 0.000002
vn 0.282550 0.959253 0.000002
vn 0.176847 0.984238 0.000001
vn 0.071560 0.997436 0.000001
vn 0.071560 0.997436 0.000001
vn 0.212220 0.977222 0.000002
vn 0.071560 0.997436 0.000001
vn 0.282550 0.959253 0.000002
vn 0.655494 0.755200 0.000002
vn 0.655494 0.755200 0.000002
vn 0.893820 0.448425 0.000002
vn 0.893820 0.448425 0.000002
vn 0.989739 0.142888 0.000002
vn 0.997488 0.070830 0.000002
vn 1.000000 -0.000845 0.000002
vn 1.000000 -0.000845 0.000002
vn 1.000000 -0.000845 0.000002
vn -0.994963 -0.100247 -0.000002
vn -1.000000 -0.000762 -0.000002
vn -1.000000 -0.000762 -0.000002
vn -0.994963 -0.100247 -0.000002
vn -0.988659 -0.150175 -0.000002
vn -1.000000 -0.000762 -0.000002
vn -0.874870 -0.484357 -0.000002
vn -0.874870 -0.484357 -0.000002
vn -0.629181 -0.777259 -0.000002
vn -0.629181 -0.777259 -0.000002
vn -0.229437 -0.973323 -0.000002
vn -0.294965 -0.955508 -0.000002
vn -0.097953 -0.995191 -0.000001
vn -0.097953 -0.995191 -0.000001
vn -0.229437 -0.973323 -0.000002
vn -0.229437 -0.973323 -0.000002
vn -0.097953 -0.995191 -0.000001
vn -0.629181 -0.777259 -0.000002
vn -0.629181 -0.777259 -0.000002
vn -0.874870 -0.484357 -0.000002
vn -0.874870 -0.484357 -0.000002
vn -0.955121 -0.296217 -0.000002
vn 0.000002 0.000001 -1.000000
vn 0.000002 0.000001 -1.000000
vn 0.000002 0.000001 -1.000000
vn 0.000002 0.000001 -1.000000
vn 0.000002 0.000001 -1.000000
vn 0.000002 0.000001 -1.000000
vn 0.000002 0.000001 -1.000000
vn 0.000002 0.000001 -1.000000
vn 0.000002 0.000001 -1.000000
vn 0.000002 0.000001 -1.000000
vn 0.000002 0.000001 -1.000000
vn 0.000002 0.000001 -1.000000
vn 1.000000 0.000532 0.000002
vn 1.000000 0.000532 0.000002
vn 1.000000 0.000532 0.000002
vn 1.000000 0.000532 0.000002
vn 1.000000 0.000532 0.000002
vn 1.000000 0.000532 0.000002
vn 0.000002 0.000001 -1.000000
vn 0.000002 0.000001 -1.000000
vn 0.000002 0.000001 -1.000000
vn 0.000002 0.000001 -1.000000
vn 0.000002 0.000001 -1.000000
vn 0.000002 0.000001 -1.000000
vn 0.000002 0.000001 -1.000000
vn 0.000002 0.000001 -1.000000
vn -0.000002 -0.000001 1.000000
vn -0.000002 -0.000001 1.000000
vn -0.000002 -0.000001 1.000000
vn -0.000002 -0.000001 1.000000
vn -0.000002 -0.000001 1.000000
vn -0.000002 -0.000001 1.000000
vn -0.000002 -0.000001 1.000000
vn -0.000002 -0.000001 1.000000
vn -0.000002 -0.000001 1.000000
vn -0.000002 -0.000001 1.000000
vn -0.000002 -0.000001 1.000000
vn -0.000002 -0.000001 1.000000
vn -0.995212 0.097744 -0.000002
vn -0.995212 0.097744 -0.000002
vn -0.995212 0.097744 -0.000002
vn -0.995212 0.097744 -0.000002
vn 0.045278 0.998974 0.001024
vn 0.045278 0.998974 0.001024
vn 0.045278 0.998974 0.001024
vn 0.045278 0.998974 0.001024
vn 0.012960 0.007549 -0.999888
vn 0.010352 0.013595 -0.999854
vn 0.016101 0.014076 -0.999771
vn 0.012613 0.000849 -0.999920
vn 0.001774 -0.009792 -0.999950
vn -0.003619 -0.014104 -0.999894
vn -0.010083 -0.017902 -0.999789
vn -0.009500 -0.018440 -0.999785
vn 0.999963 -0.005583 0.006582
vn 0.999981 -0.005583 -0.002639
vn 0.999981 -0.005583 -0.002639
vn 0.999963 -0.005583 0.006582
vn 0.999860 -0.005583 0.015802
vn 0.999860 -0.005583 0.015802
vn -0.012291 -0.006664 -0.999902
vn -0.029570 0.000001 -0.999563
vn -0.021015 -0.005304 -0.999765
vn -0.000855 -0.009661 -0.999953
vn 0.006400 -0.008293 -0.999945
vn 0.006906 -0.007001 -0.999952
vn 0.008371 -0.004759 -0.999954
vn 0.075741 0.004823 -0.997116
vn 0.152562 0.011403 -0.988228
vn 0.095862 0.013265 -0.995306
vn -0.004066 0.007280 -0.999965
vn 0.000002 0.012487 -0.999922
vn 0.023491 -0.999721 -0.002665
vn 0.023491 -0.999721 -0.002665
vn 0.023490 -0.999702 0.006636
vn 0.023490 -0.999702 0.006636
vn 0.023488 -0.999597 0.015936
vn 0.023488 -0.999597 0.015936
vn -0.305956 0.951942 0.014019
vn -0.123794 0.992215 0.013615
vn -0.130990 0.991372 0.004784
vn -0.245179 0.969422 0.010372
vn -0.628054 0.778138 0.007084
vn -0.628054 0.778138 0.007084
vn -0.220071 0.975405 -0.012432
vn -0.875456 0.483256 0.006444
vn -0.875456 0.483256 0.006444
vn -0.135276 0.990695 -0.014945
vn -0.305307 0.951916 -0.025356
vn -0.627367 0.778641 -0.011340
vn -0.627367 0.778641 -0.011340
vn -0.993694 0.111670 0.010081
vn -0.875843 0.482473 -0.010879
vn -0.875843 0.482473 -0.010879
vn -0.995558 0.093333 -0.012351
vn -0.987162 0.157736 -0.025113
vn -0.999429 0.030045 -0.015489
vn -0.999650 0.025996 0.004950
vn -0.987299 0.158299 0.013520
vn -0.999705 0.019714 0.014162
vn 0.095860 0.013263 0.995306
vn -0.000002 0.012484 0.999922
vn -0.004069 0.007277 0.999965
vn 0.075739 0.004821 0.997116
vn 0.152562 0.011400 0.988228
vn 0.008368 -0.004761 0.999954
vn 0.006903 -0.007004 0.999952
vn 0.006397 -0.008296 0.999945
vn -0.000859 -0.009664 0.999953
vn -0.012294 -0.006666 0.999902
vn -0.021018 -0.005307 0.999765
vn -0.029574 -0.000001 0.999563
vn -0.026301 0.044797 0.998650
vn -0.102094 0.037995 0.994049
vn -0.015295 0.028007 0.999491
vn 0.021887 0.013115 0.999674
vn 0.004681 -0.008212 0.999955
vn -0.036992 0.025007 0.999003
vn -0.060171 0.040784 0.997355
vn -0.118029 0.093934 0.988557
vn -0.997105 -0.076035 0.000970
vn -0.997105 -0.076035 0.000970
vn -0.997105 -0.076035 0.000970
vn -0.997105 -0.076035 0.000970
vn 0.888442 0.458990 0.000002
vn 0.923068 0.384637 0.000002
vn 0.923068 0.384637 0.000002
vn 0.888442 0.458990 0.000002
vn -0.000002 -0.000001 1.000000
vn 0.037612 -0.072809 0.996636
vn 0.037612 -0.072809 0.996636
vn -0.000002 -0.000001 1.000000
vn -0.888442 -0.458989 -0.000002
vn -0.847840 -0.530252 -0.000002
vn -0.847840 -0.530252 -0.000002
vn -0.888442 -0.458989 -0.000002
vn 0.000002 0.000001 -1.000000
vn 0.037616 -0.072807 -0.996636
vn 0.037616 -0.072807 -0.996636
vn 0.000002 0.000001 -1.000000
vn -0.458989 0.888442 0.000000
vn -0.458989 0.888442 0.000000
vn -0.458989 0.888442 0.000000
vn -0.458989 0.888442 0.000000
vn 0.923068 0.384637 0.000002
vn 0.923068 0.384637 0.000002
vn 0.971419 0.237373 0.000002
vn 0.971419 0.237373 0.000002
vn 0.986163 0.165780 0.000002
vn 0.107850 -0.208764 0.972001
vn 0.107850 -0.208764 0.972001
vn 0.140150 -0.271287 0.952240
vn 0.037612 -0.072809 0.996636
vn 0.037612 -0.072809 0.996636
vn 0.037616 -0.072807 -0.996636
vn 0.037616 -0.072807 -0.996636
vn 0.107853 -0.208762 -0.972001
vn 0.107853 -0.208762 -0.972001
vn 0.140153 -0.271284 -0.952240
vn -0.847840 -0.530252 -0.000002
vn -0.847840 -0.530252 -0.000002
vn -0.755715 -0.654900 -0.000002
vn -0.755715 -0.654900 -0.000002
vn -0.705859 -0.708352 -0.000002
vn 0.888442 0.458990 0.000002
vn 0.923068 0.384637 0.000002
vn 0.923068 0.384637 0.000002
vn 0.888442 0.458990 0.000002
vn -0.000002 -0.000001 1.000000
vn 0.037612 -0.072809 0.996636
vn 0.037612 -0.072809 0.996636
vn -0.000002 -0.000001 1.000000
vn -0.888442 -0.458989 -0.000002
vn -0.847840 -0.530253 -0.000002
vn -0.847840 -0.530253 -0.000002
vn -0.888442 -0.458989 -0.000002
vn 0.000002 0.000001 -1.000000
vn 0.037616 -0.072807 -0.996636
vn 0.037616 -0.072807 -0.996636
vn 0.000002 0.000001 -1.000000
vn -0.458990 0.888442 0.000000
vn -0.458990 0.888442 0.000000
vn -0.458990 0.888442 0.000000
vn -0.458990 0.888442 0.000000
vn 0.923068 0.384637 0.000002
vn 0.923068 0.384637 0.000002
vn 0.971419 0.237373 0.000002
vn 0.971419 0.237373 0.000002
vn 0.986163 0.165780 0.000002
vn 0.107850 -0.208764 0.972001
vn 0.107850 -0.208764 0.972001
vn 0.140150 -0.271287 0.952240
vn 0.037612 -0.072809 0.996636
vn 0.037612 -0.072809 0.996636
vn 0.037616 -0.072807 -0.996636
vn 0.037616 -0.072807 -0.996636
vn 0.107853 -0.208762 -0.972001
vn 0.107853 -0.208762 -0.972001
vn 0.140154 -0.271285 -0.952240
vn -0.847840 -0.530253 -0.000002
vn -0.847840 -0.530253 -0.000002
vn -0.755715 -0.654900 -0.000002
vn -0.755715 -0.654900 -0.000002
vn -0.705859 -0.708352 -0.000002
vn 0.796898 0.604114 0.000002
vn 0.843725 0.536775 0.000002
vn 0.843725 0.536775 0.000002
vn 0.796898 0.604114 0.000002
vn -0.000002 -0.000001 1.000000
vn 0.049505 -0.065307 0.996636
vn 0.049505 -0.065307 0.996636
vn -0.000002 -0.000001 1.000000
vn -0.796898 -0.604113 -0.000002
vn -0.744712 -0.667386 -0.000002
vn -0.744712 -0.667386 -0.000002
vn -0.796898 -0.604113 -0.000002
vn 0.000002 0.000001 -1.000000
vn 0.049509 -0.065305 -0.996636
vn 0.049509 -0.065305 -0.996636
vn 0.000002 0.000001 -1.000000
vn -0.604114 0.796898 -0.000000
vn -0.604114 0.796898 -0.000000
vn -0.604114 0.796898 -0.000000
vn -0.604114 0.796898 -0.000000
vn 0.843725 0.536775 0.000002
vn 0.843725 0.536775 0.000002
vn 0.916539 0.399944 0.000002
vn 0.916539 0.399944 0.000002
vn 0.943305 0.331927 0.000002
vn 0.141950 -0.187254 0.972001
vn 0.141950 -0.187254 0.972001
vn 0.184464 -0.243334 0.952240
vn 0.049505 -0.065307 0.996636
vn 0.049505 -0.065307 0.996636
vn 0.049509 -0.065305 -0.996636
vn 0.049509 -0.065305 -0.996636
vn 0.141954 -0.187252 -0.972001
vn 0.141954 -0.187252 -0.972001
vn 0.184467 -0.243332 -0.952240
vn -0.744712 -0.667386 -0.000002
vn -0.744712 -0.667386 -0.000002
vn -0.632634 -0.774451 -0.000002
vn -0.632634 -0.774451 -0.000002
vn -0.574374 -0.818593 -0.000002
vn 0.715897 0.698205 0.000002
vn 0.770707 0.637189 0.000002
vn 0.770707 0.637189 0.000002
vn 0.715897 0.698205 0.000002
vn -0.000002 -0.000001 1.000000
vn 0.057216 -0.058669 0.996637
vn 0.057216 -0.058669 0.996637
vn -0.000002 -0.000001 1.000000
vn -0.715898 -0.698205 -0.000002
vn -0.656272 -0.754524 -0.000002
vn -0.656272 -0.754524 -0.000002
vn -0.715898 -0.698205 -0.000002
vn 0.000002 0.000001 -1.000000
vn 0.057220 -0.058666 -0.996636
vn 0.057220 -0.058666 -0.996636
vn 0.000002 0.000001 -1.000000
vn -0.698206 0.715897 -0.000000
vn -0.698206 0.715897 -0.000000
vn -0.698206 0.715897 -0.000000
vn -0.698206 0.715897 -0.000000
vn 0.770707 0.637189 0.000002
vn 0.770707 0.637189 0.000002
vn 0.859915 0.510436 0.000002
vn 0.859915 0.510436 0.000002
vn 0.894904 0.446259 0.000002
vn 0.164060 -0.168220 0.972001
vn 0.164060 -0.168220 0.972001
vn 0.213195 -0.218600 0.952240
vn 0.057216 -0.058669 0.996637
vn 0.057216 -0.058669 0.996637
vn 0.057220 -0.058666 -0.996636
vn 0.057220 -0.058666 -0.996636
vn 0.164064 -0.168218 -0.972001
vn 0.164064 -0.168218 -0.972001
vn 0.213199 -0.218599 -0.952240
vn -0.656272 -0.754524 -0.000002
vn -0.656272 -0.754524 -0.000002
vn -0.531791 -0.846875 -0.000002
vn -0.531791 -0.846875 -0.000002
vn -0.468510 -0.883458 -0.000002
vn 0.298723 0.954340 0.000002
vn 0.375928 0.926649 0.000002
vn 0.375928 0.926649 0.000002
vn 0.298723 0.954340 0.000002
vn -0.000002 -0.000001 1.000000
vn 0.078206 -0.024482 0.996637
vn 0.078206 -0.024482 0.996637
vn -0.000002 -0.000001 1.000000
vn -0.298724 -0.954340 -0.000002
vn -0.219512 -0.975610 -0.000002
vn -0.219512 -0.975610 -0.000002
vn -0.298724 -0.954340 -0.000002
vn 0.000002 0.000001 -1.000000
vn 0.078210 -0.024479 -0.996636
vn 0.078210 -0.024479 -0.996636
vn 0.000002 0.000001 -1.000000
vn -0.954339 0.298725 -0.000001
vn -0.954339 0.298725 -0.000001
vn -0.954339 0.298725 -0.000001
vn -0.954339 0.298725 -0.000001
vn 0.375928 0.926649 0.000002
vn 0.375928 0.926649 0.000002
vn 0.514610 0.857425 0.000002
vn 0.514610 0.857425 0.000002
vn 0.575866 0.817544 0.000002
vn 0.224245 -0.070195 0.972001
vn 0.224245 -0.070195 0.972001
vn 0.291405 -0.091217 0.952241
vn 0.078206 -0.024482 0.996637
vn 0.078206 -0.024482 0.996637
vn 0.078210 -0.024479 -0.996636
vn 0.078210 -0.024479 -0.996636
vn 0.224250 -0.070193 -0.972001
vn 0.224250 -0.070193 -0.972001
vn 0.291409 -0.091216 -0.952240
vn -0.219512 -0.975610 -0.000002
vn -0.219512 -0.975610 -0.000002
vn -0.066114 -0.997812 -0.000001
vn -0.066114 -0.997812 -0.000001
vn 0.006949 -0.999976 -0.000001
vn 0.298723 0.954340 0.000002
vn 0.375928 0.926649 0.000002
vn 0.375928 0.926649 0.000002
vn 0.298723 0.954340 0.000002
vn -0.000002 -0.000001 1.000000
vn 0.078206 -0.024482 0.996637
vn 0.078206 -0.024482 0.996637
vn -0.000002 -0.000001 1.000000
vn -0.298724 -0.954340 -0.000002
vn -0.219512 -0.975610 -0.000002
vn -0.219512 -0.975610 -0.000002
vn -0.298724 -0.954340 -0.000002
vn 0.000002 0.000001 -1.000000
vn 0.078210 -0.024479 -0.996636
vn 0.078210 -0.024479 -0.996636
vn 0.000002 0.000001 -1.000000
vn -0.954339 0.298725 -0.000001
vn -0.954339 0.298725 -0.000001
vn -0.954339 0.298725 -0.000001
vn -0.954339 0.298725 -0.000001
vn 0.375928 0.926649 0.000002
vn 0.375928 0.926649 0.000002
vn 0.514610 0.857425 0.000002
vn 0.514610 0.857425 0.000002
vn 0.575866 0.817544 0.000002
vn 0.224245 -0.070195 0.972001
vn 0.224245 -0.070195 0.972001
vn 0.291405 -0.091217 0.952241
vn 0.078206 -0.024482 0.996637
vn 0.078206 -0.024482 0.996637
vn 0.078210 -0.024479 -0.996636
vn 0.078210 -0.024479 -0.996636
vn 0.224250 -0.070193 -0.972001
vn 0.224250 -0.070193 -0.972001
vn 0.291409 -0.091216 -0.952240
vn -0.219512 -0.975610 -0.000002
vn -0.219512 -0.975610 -0.000002
vn -0.066114 -0.997812 -0.000001
vn -0.066114 -0.997812 -0.000001
vn 0.006949 -0.999976 -0.000001
vn 0.298723 0.954340 0.000002
vn 0.375928 0.926649 0.000002
vn 0.375928 0.926649 0.000002
vn 0.298723 0.954340 0.000002
vn -0.000002 -0.000001 1.000000
vn 0.078206 -0.024482 0.996637
vn 0.078206 -0.024482 0.996637
vn -0.000002 -0.000001 1.000000
vn -0.298724 -0.954340 -0.000002
vn -0.219512 -0.975610 -0.000002
vn -0.219512 -0.975610 -0.000002
vn -0.298724 -0.954340 -0.000002
vn 0.000002 0.000001 -1.000000
vn 0.078210 -0.024479 -0.996636
vn 0.078210 -0.024479 -0.996636
vn 0.000002 0.000001 -1.000000
vn -0.954339 0.298725 -0.000001
vn -0.954339 0.298725 -0.000001
vn -0.954339 0.298725 -0.000001
vn -0.954339 0.298725 -0.000001
vn 0.375928 0.926649 0.000002
vn 0.375928 0.926649 0.000002
vn 0.514610 0.857425 0.000002
vn 0.514610 0.857425 0.000002
vn 0.575866 0.817544 0.000002
vn 0.224245 -0.070195 0.972001
vn 0.224245 -0.070195 0.972001
vn 0.291405 -0.091217 0.952241
vn 0.078206 -0.024482 0.996637
vn 0.078206 -0.024482 0.996637
vn 0.078210 -0.024479 -0.996636
vn 0.078210 -0.024479 -0.996636
vn 0.224250 -0.070193 -0.972001
vn 0.224250 -0.070193 -0.972001
vn 0.291410 -0.091216 -0.952240
vn -0.219512 -0.975610 -0.000002
vn -0.219512 -0.975610 -0.000002
vn -0.066114 -0.997812 -0.000001
vn -0.066114 -0.997812 -0.000001
vn 0.006949 -0.999976 -0.000001
vn 0.888442 -0.458990 0.000001
vn 0.888442 -0.458990 0.000001
vn 0.923068 -0.384637 0.000001
vn 0.923068 -0.384637 0.000001
vn -0.000002 -0.000001 1.000000
vn -0.000002 -0.000001 1.000000
vn 0.037612 0.072806 0.996637
vn 0.037612 0.072806 0.996637
vn -0.888442 0.458989 -0.000001
vn -0.888442 0.458989 -0.000001
vn -0.847840 0.530253 -0.000001
vn -0.847840 0.530253 -0.000001
vn 0.000002 0.000001 -1.000000
vn 0.000002 0.000001 -1.000000
vn 0.037616 0.072809 -0.996636
vn 0.037616 0.072809 -0.996636
vn -0.458989 -0.888442 -0.000002
vn -0.458989 -0.888442 -0.000002
vn -0.458989 -0.888442 -0.000002
vn -0.458989 -0.888442 -0.000002
vn 0.923068 -0.384637 0.000001
vn 0.971419 -0.237373 0.000001
vn 0.923068 -0.384637 0.000001
vn 0.971419 -0.237373 0.000001
vn 0.986163 -0.165781 0.000002
vn 0.107850 0.208762 0.972002
vn 0.140150 0.271284 0.952241
vn 0.107850 0.208762 0.972002
vn 0.037612 0.072806 0.996637
vn 0.037612 0.072806 0.996637
vn 0.037616 0.072809 -0.996636
vn 0.107853 0.208764 -0.972001
vn 0.037616 0.072809 -0.996636
vn 0.107853 0.208764 -0.972001
vn 0.140153 0.271287 -0.952240
vn -0.847840 0.530253 -0.000001
vn -0.755715 0.654900 -0.000001
vn -0.847840 0.530253 -0.000001
vn -0.755715 0.654900 -0.000001
vn -0.705859 0.708353 -0.000000
vn 0.888442 -0.458990 0.000001
vn 0.888442 -0.458990 0.000001
vn 0.923068 -0.384637 0.000001
vn 0.923068 -0.384637 0.000001
vn -0.000002 -0.000001 1.000000
vn -0.000002 -0.000001 1.000000
vn 0.037612 0.072806 0.996637
vn 0.037612 0.072806 0.996637
vn -0.888442 0.458989 -0.000001
vn -0.888442 0.458989 -0.000001
vn -0.847840 0.530253 -0.000001
vn -0.847840 0.530253 -0.000001
vn 0.000002 0.000001 -1.000000
vn 0.000002 0.000001 -1.000000
vn 0.037616 0.072809 -0.996636
vn 0.037616 0.072809 -0.996636
vn -0.458990 -0.888442 -0.000002
vn -0.458990 -0.888442 -0.000002
vn -0.458990 -0.888442 -0.000002
vn -0.458990 -0.888442 -0.000002
vn 0.923068 -0.384637 0.000001
vn 0.971419 -0.237373 0.000001
vn 0.923068 -0.384637 0.000001
vn 0.971419 -0.237373 0.000001
vn 0.986163 -0.165781 0.000002
vn 0.107850 0.208762 0.972002
vn 0.140150 0.271284 0.952241
vn 0.107850 0.208762 0.972002
vn 0.037612 0.072806 0.996637
vn 0.037612 0.072806 0.996637
vn 0.037616 0.072809 -0.996636
vn 0.107853 0.208764 -0.972001
vn 0.037616 0.072809 -0.996636
vn 0.107853 0.208764 -0.972001
vn 0.140154 0.271287 -0.952240
vn -0.847840 0.530253 -0.000001
vn -0.755715 0.654900 -0.000001
vn -0.847840 0.530253 -0.000001
vn -0.755715 0.654900 -0.000001
vn -0.705859 0.708353 -0.000000
vn 0.796898 -0.604114 0.000001
vn 0.796898 -0.604114 0.000001
vn 0.843725 -0.536775 0.000001
vn 0.843725 -0.536775 0.000001
vn -0.000002 -0.000001 1.000000
vn -0.000002 -0.000001 1.000000
vn 0.049505 0.065304 0.996637
vn 0.049505 0.065304 0.996637
vn -0.796898 0.604114 -0.000001
vn -0.796898 0.604114 -0.000001
vn -0.744711 0.667387 -0.000000
vn -0.744711 0.667387 -0.000000
vn 0.000002 0.000001 -1.000000
vn 0.000002 0.000001 -1.000000
vn 0.049509 0.065307 -0.996636
vn 0.049509 0.065307 -0.996636
vn -0.604114 -0.796898 -0.000002
vn -0.604114 -0.796898 -0.000002
vn -0.604114 -0.796898 -0.000002
vn -0.604114 -0.796898 -0.000002
vn 0.843725 -0.536775 0.000001
vn 0.916539 -0.399945 0.000001
vn 0.843725 -0.536775 0.000001
vn 0.916539 -0.399945 0.000001
vn 0.943305 -0.331927 0.000001
vn 0.141950 0.187251 0.972002
vn 0.184464 0.243332 0.952241
vn 0.141950 0.187251 0.972002
vn 0.049505 0.065304 0.996637
vn 0.049505 0.065304 0.996637
vn 0.049509 0.065307 -0.996636
vn 0.141954 0.187254 -0.972000
vn 0.049509 0.065307 -0.996636
vn 0.141954 0.187254 -0.972000
vn 0.184467 0.243334 -0.952240
vn -0.744711 0.667387 -0.000000
vn -0.632634 0.774451 -0.000000
vn -0.744711 0.667387 -0.000000
vn -0.632634 0.774451 -0.000000
vn -0.574373 0.818593 -0.000000
vn 0.715897 -0.698206 0.000000
vn 0.715897 -0.698206 0.000000
vn 0.770707 -0.637190 0.000001
vn 0.770707 -0.637190 0.000001
vn -0.000002 -0.000001 1.000000
vn -0.000002 -0.000001 1.000000
vn 0.057216 0.058666 0.996637
vn 0.057216 0.058666 0.996637
vn -0.715898 0.698205 -0.000000
vn -0.715898 0.698205 -0.000000
vn -0.656272 0.754525 -0.000000
vn -0.656272 0.754525 -0.000000
vn 0.000002 0.000001 -1.000000
vn 0.000002 0.000001 -1.000000
vn 0.057220 0.058669 -0.996636
vn 0.057220 0.058669 -0.996636
vn -0.698206 -0.715897 -0.000002
vn -0.698206 -0.715897 -0.000002
vn -0.698206 -0.715897 -0.000002
vn -0.698206 -0.715897 -0.000002
vn 0.770707 -0.637190 0.000001
vn 0.859915 -0.510437 0.000001
vn 0.770707 -0.637190 0.000001
vn 0.859915 -0.510437 0.000001
vn 0.894904 -0.446259 0.000001
vn 0.164060 0.168218 0.972002
vn 0.213195 0.218598 0.952241
vn 0.164060 0.168218 0.972002
vn 0.057216 0.058666 0.996637
vn 0.057216 0.058666 0.996637
vn 0.057220 0.058669 -0.996636
vn 0.164064 0.168221 -0.972000
vn 0.057220 0.058669 -0.996636
vn 0.164064 0.168221 -0.972000
vn 0.213199 0.218601 -0.952239
vn -0.656272 0.754525 -0.000000
vn -0.531791 0.846875 0.000000
vn -0.656272 0.754525 -0.000000
vn -0.531791 0.846875 0.000000
vn -0.468510 0.883458 0.000000
vn 0.661586 -0.749869 0.000000
vn 0.661586 -0.749869 0.000000
vn 0.720813 -0.693130 0.000000
vn 0.720813 -0.693130 0.000000
vn -0.000002 -0.000001 1.000000
vn -0.000002 -0.000001 1.000000
vn 0.061450 0.054215 0.996637
vn 0.061450 0.054215 0.996637
vn -0.661586 0.749869 -0.000000
vn -0.661586 0.749869 -0.000000
vn -0.597910 0.801564 -0.000000
vn -0.597910 0.801564 -0.000000
vn 0.000002 0.000001 -1.000000
vn 0.000002 0.000001 -1.000000
vn 0.061453 0.054218 -0.996636
vn 0.061453 0.054218 -0.996636
vn -0.749869 -0.661586 -0.000002
vn -0.749869 -0.661586 -0.000002
vn -0.749869 -0.661586 -0.000002
vn -0.749869 -0.661586 -0.000002
vn 0.720813 -0.693130 0.000000
vn 0.819265 -0.573415 0.000001
vn 0.720813 -0.693130 0.000000
vn 0.819265 -0.573415 0.000001
vn 0.858962 -0.512040 0.000001
vn 0.176200 0.155456 0.972002
vn 0.228970 0.202014 0.952241
vn 0.176200 0.155456 0.972002
vn 0.061450 0.054215 0.996637
vn 0.061450 0.054215 0.996637
vn 0.061453 0.054218 -0.996636
vn 0.176204 0.155459 -0.972000
vn 0.061453 0.054218 -0.996636
vn 0.176204 0.155459 -0.972000
vn 0.228974 0.202017 -0.952239
vn -0.597910 0.801564 -0.000000
vn -0.466861 0.884331 0.000000
vn -0.597910 0.801564 -0.000000
vn -0.466861 0.884331 0.000000
vn -0.401017 0.916070 0.000000
vn 0.554362 -0.832275 -0.000000
vn 0.554362 -0.832275 -0.000000
vn 0.620703 -0.784046 0.000000
vn 0.620703 -0.784046 0.000000
vn -0.000002 -0.000001 1.000000
vn -0.000002 -0.000001 1.000000
vn 0.068203 0.045429 0.996637
vn 0.068203 0.045429 0.996637
vn -0.554363 0.832275 0.000000
vn -0.554363 0.832275 0.000000
vn -0.484294 0.874905 0.000000
vn -0.484294 0.874905 0.000000
vn 0.000002 0.000001 -1.000000
vn 0.000002 0.000001 -1.000000
vn 0.068207 0.045431 -0.996636
vn 0.068207 0.045431 -0.996636
vn -0.832275 -0.554363 -0.000002
vn -0.832275 -0.554363 -0.000002
vn -0.832275 -0.554363 -0.000002
vn -0.832275 -0.554363 -0.000002
vn 0.620703 -0.784046 0.000000
vn 0.734408 -0.678708 0.000000
vn 0.620703 -0.784046 0.000000
vn 0.734408 -0.678708 0.000000
vn 0.782023 -0.623249 0.000001
vn 0.195563 0.130261 0.972002
vn 0.254133 0.169274 0.952241
vn 0.195563 0.130261 0.972002
vn 0.068203 0.045429 0.996637
vn 0.068203 0.045429 0.996637
vn 0.068207 0.045431 -0.996636
vn 0.195567 0.130264 -0.972000
vn 0.068207 0.045431 -0.996636
vn 0.195567 0.130264 -0.972000
vn 0.254137 0.169277 -0.952239
vn -0.484294 0.874905 0.000000
vn -0.343277 0.939234 0.000001
vn -0.484294 0.874905 0.000000
vn -0.343277 0.939234 0.000001
vn -0.273753 0.961800 0.000001
vn 0.298723 -0.954340 -0.000001
vn 0.298723 -0.954340 -0.000001
vn 0.375928 -0.926649 -0.000000
vn 0.375928 -0.926649 -0.000000
vn -0.000002 -0.000001 1.000000
vn -0.000002 -0.000001 1.000000
vn 0.078206 0.024479 0.996637
vn 0.078206 0.024479 0.996637
vn -0.298724 0.954340 0.000001
vn -0.298724 0.954340 0.000001
vn -0.219512 0.975610 0.000001
vn -0.219512 0.975610 0.000001
vn 0.000002 0.000001 -1.000000
vn 0.000002 0.000001 -1.000000
vn 0.078210 0.024482 -0.996636
vn 0.078210 0.024482 -0.996636
vn -0.954339 -0.298725 -0.000002
vn -0.954339 -0.298725 -0.000002
vn -0.954339 -0.298725 -0.000002
vn -0.954339 -0.298725 -0.000002
vn 0.375928 -0.926649 -0.000000
vn 0.514610 -0.857425 -0.000000
vn 0.375928 -0.926649 -0.000000
vn 0.514610 -0.857425 -0.000000
vn 0.575866 -0.817544 0.000000
vn 0.224245 0.070193 0.972002
vn 0.291405 0.091215 0.952241
vn 0.224245 0.070193 0.972002
vn 0.078206 0.024479 0.996637
vn 0.078206 0.024479 0.996637
vn 0.078210 0.024482 -0.996636
vn 0.224250 0.070195 -0.972000
vn 0.078210 0.024482 -0.996636
vn 0.224250 0.070195 -0.972000
vn 0.291410 0.091218 -0.952239
vn -0.219512 0.975610 0.000001
vn -0.066114 0.997812 0.000001
vn -0.219512 0.975610 0.000001
vn -0.066114 0.997812 0.000001
vn 0.006949 0.999976 0.000001
vn 0.298723 -0.954340 -0.000001
vn 0.298723 -0.954340 -0.000001
vn 0.375928 -0.926649 -0.000000
vn 0.375928 -0.926649 -0.000000
vn -0.000002 -0.000001 1.000000
vn -0.000002 -0.000001 1.000000
vn 0.078206 0.024479 0.996637
vn 0.078206 0.024479 0.996637
vn -0.298724 0.954340 0.000001
vn -0.298724 0.954340 0.000001
vn -0.219512 0.975610 0.000001
vn -0.219512 0.975610 0.000001
vn 0.000002 0.000001 -1.000000
vn 0.000002 0.000001 -1.000000
vn 0.078210 0.024482 -0.996636
vn 0.078210 0.024482 -0.996636
vn -0.954339 -0.298725 -0.000002
vn -0.954339 -0.298725 -0.000002
vn -0.954339 -0.298725 -0.000002
vn -0.954339 -0.298725 -0.000002
vn 0.375928 -0.926649 -0.000000
vn 0.514609 -0.857425 -0.000000
vn 0.375928 -0.926649 -0.000000
vn 0.514609 -0.857425 -0.000000
vn 0.575866 -0.817544 0.000000
vn 0.224245 0.070193 0.972002
vn 0.291405 0.091215 0.952241
vn 0.224245 0.070193 0.972002
vn 0.078206 0.024479 0.996637
vn 0.078206 0.024479 0.996637
vn 0.078210 0.024482 -0.996636
vn 0.224250 0.070195 -0.972000
vn 0.078210 0.024482 -0.996636
vn 0.224250 0.070195 -0.972000
vn 0.291410 0.091218 -0.952239
vn -0.219512 0.975610 0.000001
vn -0.066114 0.997812 0.000001
vn -0.219512 0.975610 0.000001
vn -0.066114 0.997812 0.000001
vn 0.006949 0.999976 0.000001
vn 0.298723 -0.954340 -0.000001
vn 0.298723 -0.954340 -0.000001
vn 0.375928 -0.926649 -0.000000
vn 0.375928 -0.926649 -0.000000
vn -0.000002 -0.000001 1.000000
vn -0.000002 -0.000001 1.000000
vn 0.078206 0.024479 0.996637
vn 0.078206 0.024479 0.996637
vn -0.298724 0.954340 0.000001
vn -0.298724 0.954340 0.000001
vn -0.219512 0.975610 0.000001
vn -0.219512 0.975610 0.000001
vn 0.000002 0.000001 -1.000000
vn 0.000002 0.000001 -1.000000
vn 0.078210 0.024482 -0.996636
vn 0.078210 0.024482 -0.996636
vn -0.954339 -0.298725 -0.000002
vn -0.954339 -0.298725 -0.000002
vn -0.954339 -0.298725 -0.000002
vn -0.954339 -0.298725 -0.000002
vn 0.375928 -0.926649 -0.000000
vn 0.514609 -0.857425 -0.000000
vn 0.375928 -0.926649 -0.000000
vn 0.514609 -0.857425 -0.000000
vn 0.575866 -0.817544 0.000000
vn 0.224245 0.070193 0.972002
vn 0.291405 0.091215 0.952241
vn 0.224245 0.070193 0.972002
vn 0.078206 0.024479 0.996637
vn 0.078206 0.024479 0.996637
vn 0.078210 0.024482 -0.996636
vn 0.224250 0.070195 -0.972000
vn 0.078210 0.024482 -0.996636
vn 0.224250 0.070195 -0.972000
vn 0.291410 0.091218 -0.952239
vn -0.219512 0.975610 0.000001
vn -0.066114 0.997812 0.000001
vn -0.219512 0.975610 0.000001
vn -0.066114 0.997812 0.000001
vn 0.006949 0.999976 0.000001
vn 0.999296 0.028484 -0.024399
vn 0.989685 -0.139982 -0.030486
vn 0.998528 -0.052078 -0.015183
vn 0.999549 0.029045 0.007580
vn 0.892691 -0.450612 -0.007144
vn 0.892691 -0.450612 -0.007144
vn 0.656193 -0.754574 -0.005404
vn 0.656193 -0.754574 -0.005404
vn 0.281155 -0.959159 -0.031084
vn 0.192682 -0.981057 -0.020031
vn 0.041355 -0.999001 -0.016940
vn 0.996529 -0.082517 0.010995
vn 0.999605 0.016675 0.022608
vn 0.990551 -0.136307 0.015140
vn 0.152102 -0.988333 0.007964
vn 0.893105 -0.449834 0.003715
vn 0.893105 -0.449834 0.003715
vn 0.655766 -0.754958 0.002945
vn 0.655766 -0.754958 0.002945
vn 0.275954 -0.961032 0.016354
vn 0.049554 -0.998703 0.011711
vn 0.056498 -0.998060 0.026140
vn -0.433538 -0.897828 0.077131
vn -0.000000 -1.000000 -0.000001
vn -0.000000 -1.000000 -0.000001
vn -0.000000 -1.000000 -0.000001
vn -0.000002 -0.000001 1.000000
vn -0.000002 -0.000001 1.000000
vn -0.000002 -0.000001 1.000000
vn -0.000002 -0.000001 1.000000
vn 0.000000 1.000000 0.000001
vn -0.433538 0.897828 0.077134
vn 0.000000 1.000000 0.000001
vn 0.000000 1.000000 0.000001
vn 0.000002 0.000001 -1.000000
vn 0.000002 0.000001 -1.000000
vn 0.000002 0.000001 -1.000000
vn 0.000002 0.000001 -1.000000
vn 0.000002 0.000001 -1.000000
vn 0.000002 0.000001 -1.000000
vn 0.000002 0.000001 -1.000000
vn 0.000002 0.000001 -1.000000
vn 0.000002 0.000001 -1.000000
vn 0.000002 0.000001 -1.000000
vn -0.891663 -0.451128 0.037688
vn -0.889970 -0.447881 0.085764
vn -0.678905 -0.731305 0.065424
vn -0.891663 -0.451128 0.037688
vn -0.997723 0.000000 -0.067438
vn -0.997723 0.000000 -0.067438
vn -0.891663 0.451128 0.037689
vn -0.891663 0.451128 0.037689
vn -0.678905 0.731305 0.065426
vn -0.889970 0.447881 0.085765
vn -0.889970 -0.447881 0.085764
vn -0.990932 -0.133545 0.014836
vn -0.990932 -0.133545 0.014836
vn -0.990932 0.133545 0.014837
vn -0.990932 0.133545 0.014837
vn -0.889970 0.447881 0.085765
vn -0.000000 -1.000000 -0.000001
vn -0.000000 -1.000000 -0.000001
vn -0.000000 -1.000000 -0.000001
vn 0.385962 -0.889304 -0.245300
vn 0.000002 0.000001 -1.000000
vn 0.000002 0.000001 -1.000000
vn 0.000002 0.000001 -1.000000
vn 0.000002 0.000001 -1.000000
vn 0.000000 1.000000 0.000001
vn 0.000000 1.000000 0.000001
vn 0.385963 0.889304 -0.245298
vn 0.000000 1.000000 0.000001
vn 0.031387 -0.999507 -0.000001
vn 0.031387 -0.999507 -0.000001
vn 0.486628 -0.873609 -0.000000
vn 0.486628 -0.873609 -0.000000
vn 0.833305 -0.552814 0.000001
vn 0.833305 -0.552814 0.000001
vn -0.000002 -0.000001 1.000000
vn -0.000002 -0.000001 1.000000
vn -0.000002 -0.000001 1.000000
vn -0.000002 -0.000001 1.000000
vn -0.000002 -0.000001 1.000000
vn -0.000002 -0.000001 1.000000
vn -0.000002 -0.000001 1.000000
vn -0.000002 -0.000001 1.000000
vn -0.000002 -0.000001 1.000000
vn -0.031387 0.999507 0.000001
vn -0.031387 0.999507 0.000001
vn 0.430856 0.902421 0.000002
vn 0.430856 0.902421 0.000002
vn 0.796977 0.604009 0.000002
vn 0.796977 0.604009 0.000002
vn 0.000002 0.000001 -1.000000
vn 0.000002 0.000001 -1.000000
vn 0.000002 0.000001 -1.000000
vn 0.000002 0.000001 -1.000000
vn 0.000002 0.000001 -1.000000
vn 0.000002 0.000001 -1.000000
vn 0.000002 0.000001 -1.000000
vn 0.000002 0.000001 -1.000000
vn 0.000002 0.000001 -1.000000
vn -0.999507 -0.031387 -0.000002
vn -0.999507 -0.031387 -0.000002
vn -0.999507 -0.031387 -0.000002
vn -0.999507 -0.031387 -0.000002
vn 0.918280 -0.316746 -0.237558
vn 1.000000 -0.000000 0.000002
vn 0.965266 -0.209016 -0.156761
vn 1.000000 -0.000000 0.000002
vn 1.000000 -0.000000 0.000002
vn 1.000000 -0.000000 0.000002
vn 0.965266 0.209016 -0.156760
vn 0.918280 0.316746 -0.237558
vn 0.843111 -0.466713 -0.267101
vn 0.716748 -0.672228 -0.185423
vn 0.843111 -0.466713 -0.267101
vn 0.996411 -0.000000 -0.084650
vn 0.996411 -0.000000 -0.084650
vn 0.843111 0.466714 -0.267100
vn 0.843111 0.466714 -0.267100
vn 0.853415 0.502467 -0.138595
vn -0.000002 -0.000001 1.000000
vn -0.000002 -0.000001 1.000000
vn -0.000002 -0.000001 1.000000
vn -0.000002 -0.000001 1.000000
vn -0.000002 -0.000001 1.000000
vn -0.000002 -0.000001 1.000000
vn -0.000002 -0.000001 1.000000
vn -0.000002 -0.000001 1.000000
vn -0.000002 -0.000001 1.000000
vn -0.000002 -0.000001 1.000000
vn -0.047335 0.998879 0.000001
vn -0.047335 0.998879 0.000001
vn -0.047335 0.998879 0.000001
vn -0.047335 0.998879 0.000001
vn -0.000000 -1.000000 -0.000001
vn -0.000000 -1.000000 -0.000001
vn -0.000000 -1.000000 -0.000001
vn -0.000000 -1.000000 -0.000001
vn 1.000000 -0.000000 0.000002
vn 1.000000 -0.000000 0.000002
vn 1.000000 -0.000000 0.000002
vn 1.000000 -0.000000 0.000002
vn -1.000000 0.000000 -0.000002
vn -1.000000 0.000000 -0.000002
vn -1.000000 0.000000 -0.000002
vn -1.000000 0.000000 -0.000002
f 1/1/1 2/2/2 3/3/3
f 4/4/4 2/2/2 5/5/5
f 5/5/5 6/6/6 4/4/4
f 6/6/6 7/7/7 4/4/4
f 6/6/6 8/8/8 7/7/7
f 8/8/8 9/9/9 7/7/7
f 8/8/8 10/10/10 9/9/9
f 11/11/11 5/5/5 12/12/12
f 13/13/13 14/14/14 15/15/15
f 13/13/13 15/15/15 16/16/16
f 17/17/17 18/18/18 19/19/19
f 17/17/17 19/19/19 20/20/20
f 20/20/20 19/19/19 21/21/21
f 20/20/20 21/21/21 22/22/22
f 23/23/23 24/24/24 25/25/25
f 23/23/23 25/25/25 26/26/26
f 23/23/23 26/26/26 27/27/27
f 23/23/23 27/27/27 28/28/28
f 28/28/28 27/27/27 29/29/29
f 28/28/28 29/29/29 30/30/30
f 30/30/30 29/29/29 31/31/31
f 31/31/31 32/32/32 30/30/30
f 32/32/32 33/33/33 30/30/30
f 33/33/33 32/32/32 34/34/34
f 33/33/33 34/34/34 35/35/35
f 36/36/36 33/33/33 35/35/35
f 36/36/36 35/35/35 37/37/37
f 38/38/38 36/36/36 37/37/37
f 38/38/38 37/37/37 39/39/39
f 38/38/38 39/39/39 40/40/40
f 38/38/38 40/40/40 41/41/41
f 41/41/41 40/40/40 42/42/42
f 41/41/41 42/42/42 43/43/43
f 41/41/41 43/43/43 44/44/44
f 44/44/44 25/25/25 41/41/41
f 45/45/45 46/46/46 47/47/47
f 47/47/47 48/48/48 45/45/45
f 49/49/49 48/48/48 47/47/47
f 49/49/49 47/47/47 50/50/50
f 51/51/51 48/48/48 49/49/49
f 51/51/51 52/52/52 48/48/48
f 51/51/51 53/53/53 52/52/52
f 51/51/51 54/54/54 53/53/53
f 54/54/54 55/55/55 53/53/53
f 54/54/54 56/56/56 55/55/55
f 56/56/56 57/57/57 55/55/55
f 56/56/56 58/58/58 57/57/57
f 59/59/59 55/55/55 57/57/57
f 60/60/60 59/59/59 57/57/57
f 57/57/57 61/61/61 60/60/60
f 62/62/62 59/59/59 60/60/60
f 62/62/62 63/63/63 59/59/59
f 64/64/64 63/63/63 62/62/62
f 64/64/64 65/65/65 63/63/63
f 64/64/64 66/66/66 65/65/65
f 64/64/64 45/45/45 66/66/66
f 67/67/67 68/68/68 69/69/69
f 69/69/69 70/70/70 67/67/67
f 70/70/70 71/71/71 67/67/67
f 72/72/72 71/71/71 70/70/70
f 70/70/70 73/73/73 72/72/72
f 73/73/73 74/74/74 72/72/72
f 73/73/73 75/75/75 74/74/74
f 75/75/75 76/76/76 74/74/74
f 75/75/75 77/77/77 76/76/76
f 77/77/77 78/78/78 76/76/76
f 79/79/79 80/80/80 81/81/81
f 79/79/79 82/82/82 80/80/80
f 82/82/82 79/79/79 83/83/83
f 82/82/82 83/83/83 84/84/84
f 85/85/85 86/86/86 87/87/87
f 87/87/87 88/88/88 85/85/85
f 87/87/87 89/89/89 88/88/88
f 89/89/89 90/90/90 88/88/88
f 89/89/89 91/91/91 90/90/90
f 91/91/91 92/92/92 90/90/90
f 93/93/93 94/94/94 95/95/95
f 93/93/93 95/95/95 96/96/96
f 97/97/97 93/93/93 96/96/96
f 97/97/97 96/96/96 98/98/98
f 99/99/99 97/97/97 98/98/98
f 99/99/99 98/98/98 100/100/100
f 100/100/100 101/101/101 99/99/99
f 102/102/102 101/101/101 100/100/100
f 102/102/102 100/100/100 103/103/103
f 103/103/103 104/104/104 102/102/102
f 105/105/105 106/106/106 107/107/107
f 105/105/105 107/107/107 108/108/108
f 109/109/109 110/110/110 111/111/111
f 109/109/109 111/111/111 112/112/112
f 113/113/113 114/114/114 115/115/115
f 115/115/115 116/116/116 113/113/113
f 116/116/116 117/117/117 113/113/113
f 116/116/116 118/118/118 117/117/117
f 118/118/118 119/119/119 117/117/117
f 118/118/118 120/120/120 119/119/119
f 121/121/121 122/122/122 123/123/123
f 121/121/121 124/124/124 122/122/122
f 124/124/124 121/121/121 125/125/125
f 124/124/124 125/125/125 126/126/126
f 127/127/127 128/128/128 129/129/129
f 127/127/127 129/129/129 130/130/130
f 131/131/131 127/127/127 130/130/130
f 131/131/131 130/130/130 132/132/132
f 133/133/133 131/131/131 132/132/132
f 133/133/133 132/132/132 134/134/134
f 134/134/134 135/135/135 133/133/133
f 136/136/136 135/135/135 134/134/134
f 136/136/136 134/134/134 137/137/137
f 137/137/137 138/138/138 136/136/136
f 139/139/139 140/140/140 141/141/141
f 139/139/139 141/141/141 142/142/142
f 142/142/142 141/141/141 143/143/143
f 142/142/142 143/143/143 144/144/144
f 145/145/145 146/146/146 147/147/147
f 145/145/145 147/147/147 148/148/148
f 149/149/149 145/145/145 148/148/148
f 149/149/149 148/148/148 150/150/150
f 151/151/151 148/148/148 147/147/147
f 152/152/152 149/149/149 150/150/150
f 152/152/152 150/150/150 153/153/153
f 147/147/147 154/154/154 151/151/151
f 154/154/154 155/155/155 151/151/151
f 156/156/156 151/151/151 155/155/155
f 156/156/156 157/157/157 151/151/151
f 152/152/152 153/153/153 158/158/158
f 159/159/159 157/157/157 156/156/156
f 159/159/159 160/160/160 157/157/157
f 159/159/159 161/161/161 160/160/160
f 159/159/159 162/162/162 161/161/161
f 161/161/161 162/162/162 163/163/163
f 163/163/163 164/164/164 161/161/161
f 164/164/164 158/158/158 161/161/161
f 152/152/152 158/158/158 165/165/165
f 165/165/165 158/158/158 164/164/164
f 165/165/165 164/164/164 166/166/166
f 167/167/167 168/168/168 169/169/169
f 169/169/169 170/170/170 167/167/167
f 170/170/170 171/171/171 167/167/167
f 172/172/172 171/171/171 170/170/170
f 170/170/170 173/173/173 172/172/172
f 173/173/173 174/174/174 172/172/172
f 173/173/173 175/175/175 174/174/174
f 175/175/175 176/176/176 174/174/174
f 175/175/175 177/177/177 176/176/176
f 177/177/177 178/178/178 176/176/176
f 179/179/179 180/180/180 181/181/181
f 181/181/181 182/182/182 179/179/179
f 181/181/181 183/183/183 182/182/182
f 183/183/183 184/184/184 182/182/182
f 183/183/183 185/185/185 184/184/184
f 185/185/185 186/186/186 184/184/184
f 187/187/187 188/188/188 189/189/189
f 187/187/187 189/189/189 190/190/190
f 191/191/191 192/192/192 193/193/193
f 191/191/191 193/193/193 194/194/194
f 195/195/195 196/196/196 197/197/197
f 195/195/195 197/197/197 198/198/198
f 199/199/199 200/200/200 201/201/201
f 199/199/199 201/201/201 202/202/202
f 203/203/203 204/204/204 205/205/205
f 203/203/203 205/205/205 206/206/206
f 207/207/207 208/208/208 209/209/209
f 207/207/207 209/209/209 210/210/210
f 211/211/211 212/212/212 213/213/213
f 211/211/211 213/213/213 214/214/214
f 214/214/214 213/213/213 215/215/215
f 216/216/216 217/217/217 218/218/218
f 219/219/219 217/217/217 216/216/216
f 219/219/219 220/220/220 217/217/217
f 221/221/221 222/222/222 223/223/223
f 221/221/221 223/223/223 224/224/224
f 224/224/224 223/223/223 225/225/225
f 226/226/226 227/227/227 228/228/228
f 226/226/226 228/228/228 229/229/229
f 229/229/229 228/228/228 230/230/230
f 231/231/231 232/232/232 233/233/233
f 231/231/231 233/233/233 234/234/234
f 235/235/235 236/236/236 237/237/237
f 235/235/235 237/237/237 238/238/238
f 239/239/239 240/240/240 241/241/241
f 239/239/239 241/241/241 242/242/242
f 243/243/243 244/244/244 245/245/245
f 243/243/243 245/245/245 246/246/246
f 247/247/247 248/248/248 249/249/249
f 247/247/247 249/249/249 250/250/250
f 251/251/251 252/252/252 253/253/253
f 251/251/251 253/253/253 254/254/254
f 254/254/254 253/253/253 255/255/255
f 256/256/256 257/257/257 258/258/258
f 259/259/259 257/257/257 256/256/256
f 259/259/259 260/260/260 257/257/257
f 261/261/261 262/262/262 263/263/263
f 261/261/261 263/263/263 264/264/264
f 264/264/264 263/263/263 265/265/265
f 266/266/266 267/267/267 268/268/268
f 266/266/266 268/268/268 269/269/269
f 269/269/269 268/268/268 270/270/270
f 271/271/271 272/272/272 273/273/273
f 271/271/271 273/273/273 274/274/274
f 275/275/275 276/276/276 277/277/277
f 275/275/275 277/277/277 278/278/278
f 279/279/279 280/280/280 281/281/281
f 279/279/279 281/281/281 282/282/282
f 283/283/283 284/284/284 285/285/285
f 283/283/283 285/285/285 286/286/286
f 287/287/287 288/288/288 289/289/289
f 287/287/287 289/289/289 290/290/290
f 291/291/291 292/292/292 293/293/293
f 291/291/291 293/293/293 294/294/294
f 294/294/294 293/293/293 295/295/295
f 296/296/296 297/297/297 298/298/298
f 299/299/299 297/297/297 296/296/296
f 299/299/299 300/300/300 297/297/297
f 301/301/301 302/302/302 303/303/303
f 301/301/301 303/303/303 304/304/304
f 304/304/304 303/303/303 305/305/305
f 306/306/306 307/307/307 308/308/308
f 306/306/306 308/308/308 309/309/309
f 309/309/309 308/308/308 310/310/310
f 311/311/311 312/312/312 313/313/313
f 311/311/311 313/313/313 314/314/314
f 315/315/315 316/316/316 317/317/317
f 315/315/315 317/317/317 318/318/318
f 319/319/319 320/320/320 321/321/321
f 319/319/319 321/321/321 322/322/322
f 323/323/323 324/324/324 325/325/325
f 323/323/323 325/325/325 326/326/326
f 327/327/327 328/328/328 329/329/329
f 327/327/327 329/329/329 330/330/330
f 331/331/331 332/332/332 333/333/333
f 331/331/331 333/333/333 334/334/334
f 334/334/334 333/333/333 335/335/335
f 336/336/336 337/337/337 338/338/338
f 339/339/339 337/337/337 336/336/336
f 339/339/339 340/340/340 337/337/337
f 341/341/341 342/342/342 343/343/343
f 341/341/341 343/343/343 344/344/344
f 344/344/344 343/343/343 345/345/345
f 346/346/346 347/347/347 348/348/348
f 346/346/346 348/348/348 349/349/349
f 349/349/349 348/348/348 350/350/350
f 351/351/351 352/352/352 353/353/353
f 351/351/351 353/353/353 354/354/354
f 355/355/355 356/356/356 357/357/357
f 355/355/355 357/357/357 358/358/358
f 359/359/359 360/360/360 361/361/361
f 359/359/359 361/361/361 362/362/362
f 363/363/363 364/364/364 365/365/365
f 363/363/363 365/365/365 366/366/366
f 367/367/367 368/368/368 369/369/369
f 367/367/367 369/369/369 370/370/370
f 371/371/371 372/372/372 373/373/373
f 371/371/371 373/373/373 374/374/374
f 374/374/374 373/373/373 375/375/375
f 376/376/376 377/377/377 378/378/378
f 379/379/379 377/377/377 376/376/376
f 379/379/379 380/380/380 377/377/377
f 381/381/381 382/382/382 383/383/383
f 381/381/381 383/383/383 384/384/384
f 384/384/384 383/383/383 385/385/385
f 386/386/386 387/387/387 388/388/388
f 386/386/386 388/388/388 389/389/389
f 389/389/389 388/388/388 390/390/390
f 391/391/391 392/392/392 393/393/393
f 391/391/391 393/393/393 394/394/394
f 395/395/395 396/396/396 397/397/397
f 395/395/395 397/397/397 398/398/398
f 399/399/399 400/400/400 401/401/401
f 399/399/399 401/401/401 402/402/402
f 403/403/403 404/404/404 405/405/405
f 403/403/403 405/405/405 406/406/406
f 407/407/407 408/408/408 409/409/409
f 407/407/407 409/409/409 410/410/410
f 411/411/411 412/412/412 413/413/413
f 411/411/411 413/413/413 414/414/414
f 414/414/414 413/413/413 415/415/415
f 416/416/416 417/417/417 418/418/418
f 419/419/419 417/417/417 416/416/416
f 419/419/419 420/420/420 417/417/417
f 421/421/421 422/422/422 423/423/423
f 421/421/421 423/423/423 424/424/424
f 424/424/424 423/423/423 425/425/425
f 426/426/426 427/427/427 428/428/428
f 426/426/426 428/428/428 429/429/429
f 429/429/429 428/428/428 430/430/430
f 431/431/431 432/432/432 433/433/433
f 431/431/431 433/433/433 434/434/434
f 435/435/435 436/436/436 437/437/437
f 435/435/435 437/437/437 438/438/438
f 439/439/439 440/440/440 441/441/441
f 439/439/439 441/441/441 442/442/442
f 443/443/443 444/444/444 445/445/445
f 443/443/443 445/445/445 446/446/446
f 447/447/447 448/448/448 449/449/449
f 447/447/447 449/449/449 450/450/450
f 451/451/451 452/452/452 453/453/453
f 451/451/451 453/453/453 454/454/454
f 454/454/454 453/453/453 455/455/455
f 456/456/456 457/457/457 458/458/458
f 459/459/459 457/457/457 456/456/456
f 459/459/459 460/460/460 457/457/457
f 461/461/461 462/462/462 463/463/463
f 461/461/461 463/463/463 464/464/464
f 464/464/464 463/463/463 465/465/465
f 466/466/466 467/467/467 468/468/468
f 466/466/466 468/468/468 469/469/469
f 469/469/469 468/468/468 470/470/470
f 471/471/471 472/472/472 473/473/473
f 471/471/471 473/473/473 474/474/474
f 475/475/475 476/476/476 477/477/477
f 475/475/475 477/477/477 478/478/478
f 479/479/479 480/480/480 481/481/481
f 479/479/479 481/481/481 482/482/482
f 483/483/483 484/484/484 485/485/485
f 483/483/483 485/485/485 486/486/486
f 487/487/487 488/488/488 489/489/489
f 487/487/487 489/489/489 490/490/490
f 491/491/491 492/492/492 493/493/493
f 491/491/491 494/494/494 492/492/492
f 494/494/494 495/495/495 492/492/492
f 496/496/496 497/497/497 498/498/498
f 499/499/499 496/496/496 498/498/498
f 499/499/499 498/498/498 500/500/500
f 501/501/501 502/502/502 503/503/503
f 501/501/501 504/504/504 502/502/502
f 504/504/504 505/505/505 502/502/502
f 506/506/506 507/507/507 508/508/508
f 506/506/506 509/509/509 507/507/507
f 509/509/509 510/510/510 507/507/507
f 511/511/511 512/512/512 513/513/513
f 511/511/511 513/513/513 514/514/514
f 515/515/515 516/516/516 517/517/517
f 515/515/515 517/517/517 518/518/518
f 519/519/519 520/520/520 521/521/521
f 519/519/519 521/521/521 522/522/522
f 523/523/523 524/524/524 525/525/525
f 523/523/523 525/525/525 526/526/526
f 527/527/527 528/528/528 529/529/529
f 527/527/527 529/529/529 530/530/530
f 531/531/531 532/532/532 533/533/533
f 531/531/531 534/534/534 532/532/532
f 534/534/534 535/535/535 532/532/532
f 536/536/536 537/537/537 538/538/538
f 539/539/539 536/536/536 538/538/538
f 539/539/539 538/538/538 540/540/540
f 541/541/541 542/542/542 543/543/543
f 541/541/541 544/544/544 542/542/542
f 544/544/544 545/545/545 542/542/542
f 546/546/546 547/547/547 548/548/548
f 546/546/546 549/549/549 547/547/547
f 549/549/549 550/550/550 547/547/547
f 551/551/551 552/552/552 553/553/553
f 551/551/551 553/553/553 554/554/554
f 555/555/555 556/556/556 557/557/557
f 555/555/555 557/557/557 558/558/558
f 559/559/559 560/560/560 561/561/561
f 559/559/559 561/561/561 562/562/562
f 563/563/563 564/564/564 565/565/565
f 563/563/563 565/565/565 566/566/566
f 567/567/567 568/568/568 569/569/569
f 567/567/567 569/569/569 570/570/570
f 571/571/571 572/572/572 573/573/573
f 571/571/571 574/574/574 572/572/572
f 574/574/574 575/575/575 572/572/572
f 576/576/576 577/577/577 578/578/578
f 579/579/579 576/576/576 578/578/578
f 579/579/579 578/578/578 580/580/580
f 581/581/581 582/582/582 583/583/583
f 581/581/581 584/584/584 582/582/582
f 584/584/584 585/585/585 582/582/582
f 586/586/586 587/587/587 588/588/588
f 586/586/586 589/589/589 587/587/587
f 589/589/589 590/590/590 587/587/587
f 591/591/591 592/592/592 593/593/593
f 591/591/591 593/593/593 594/594/594
f 595/595/595 596/596/596 597/597/597
f 595/595/595 597/597/597 598/598/598
f 599/599/599 600/600/600 601/601/601
f 599/599/599 601/601/601 602/602/602
f 603/603/603 604/604/604 605/605/605
f 603/603/603 605/605/605 606/606/606
f 607/607/607 608/608/608 609/609/609
f 607/607/607 609/609/609 610/610/610
f 611/611/611 612/612/612 613/613/613
f 611/611/611 614/614/614 612/612/612
f 614/614/614 615/615/615 612/612/612
f 616/616/616 617/617/617 618/618/618
f 619/619/619 616/616/616 618/618/618
f 619/619/619 618/618/618 620/620/620
f 621/621/621 622/622/622 623/623/623
f 621/621/621 624/624/624 622/622/622
f 624/624/624 625/625/625 622/622/622
f 626/626/626 627/627/627 628/628/628
f 626/626/626 629/629/629 627/627/627
f 629/629/629 630/630/630 627/627/627
f 631/631/631 632/632/632 633/633/633
f 631/631/631 633/633/633 634/634/634
f 635/635/635 636/636/636 637/637/637
f 635/635/635 637/637/637 638/638/638
f 639/639/639 640/640/640 641/641/641
f 639/639/639 641/641/641 642/642/642
f 643/643/643 644/644/644 645/645/645
f 643/643/643 645/645/645 646/646/646
f 647/647/647 648/648/648 649/649/649
f 647/647/647 649/649/649 650/650/650
f 651/651/651 652/652/652 653/653/653
f 651/651/651 654/654/654 652/652/652
f 654/654/654 655/655/655 652/652/652
f 656/656/656 657/657/657 658/658/658
f 659/659/659 656/656/656 658/658/658
f 659/659/659 658/658/658 660/660/660
f 661/661/661 662/662/662 663/663/663
f 661/661/661 664/664/664 662/662/662
f 664/664/664 665/665/665 662/662/662
f 666/666/666 667/667/667 668/668/668
f 666/666/666 669/669/669 667/667/667
f 669/669/669 670/670/670 667/667/667
f 671/671/671 672/672/672 673/673/673
f 671/671/671 673/673/673 674/674/674
f 675/675/675 676/676/676 677/677/677
f 675/675/675 677/677/677 678/678/678
f 679/679/679 680/680/680 681/681/681
f 679/679/679 681/681/681 682/682/682
f 683/683/683 684/684/684 685/685/685
f 683/683/683 685/685/685 686/686/686
f 687/687/687 688/688/688 689/689/689
f 687/687/687 689/689/689 690/690/690
f 691/691/691 692/692/692 693/693/693
f 691/691/691 694/694/694 692/692/692
f 694/694/694 695/695/695 692/692/692
f 696/696/696 697/697/697 698/698/698
f 699/699/699 696/696/696 698/698/698
f 699/699/699 698/698/698 700/700/700
f 701/701/701 702/702/702 703/703/703
f 701/701/701 704/704/704 702/702/702
f 704/704/704 705/705/705 702/702/702
f 706/706/706 707/707/707 708/708/708
f 706/706/706 709/709/709 707/707/707
f 709/709/709 710/710/710 707/707/707
f 711/711/711 712/712/712 713/713/713
f 711/711/711 713/713/713 714/714/714
f 715/715/715 716/716/716 717/717/717
f 715/715/715 717/717/717 718/718/718
f 719/719/719 720/720/720 721/721/721
f 719/719/719 721/721/721 722/722/722
f 723/723/723 724/724/724 725/725/725
f 723/723/723 725/725/725 726/726/726
f 727/727/727 728/728/728 729/729/729
f 727/727/727 729/729/729 730/730/730
f 731/731/731 732/732/732 733/733/733
f 731/731/731 734/734/734 732/732/732
f 734/734/734 735/735/735 732/732/732
f 736/736/736 737/737/737 738/738/738
f 739/739/739 736/736/736 738/738/738
f 739/739/739 738/738/738 740/740/740
f 741/741/741 742/742/742 743/743/743
f 741/741/741 744/744/744 742/742/742
f 744/744/744 745/745/745 742/742/742
f 746/746/746 747/747/747 748/748/748
f 746/746/746 749/749/749 747/747/747
f 749/749/749 750/750/750 747/747/747
f 751/751/751 752/752/752 753/753/753
f 751/751/751 753/753/753 754/754/754
f 755/755/755 756/756/756 757/757/757
f 755/755/755 757/757/757 758/758/758
f 759/759/759 760/760/760 761/761/761
f 759/759/759 761/761/761 762/762/762
f 763/763/763 764/764/764 765/765/765
f 763/763/763 765/765/765 766/766/766
f 767/767/767 768/768/768 769/769/769
f 767/767/767 769/769/769 770/770/770
f 771/771/771 772/772/772 773/773/773
f 771/771/771 774/774/774 772/772/772
f 774/774/774 775/775/775 772/772/772
f 776/776/776 777/777/777 778/778/778
f 779/779/779 776/776/776 778/778/778
f 779/779/779 778/778/778 780/780/780
f 781/781/781 782/782/782 783/783/783
f 781/781/781 784/784/784 782/782/782
f 784/784/784 785/785/785 782/782/782
f 786/786/786 787/787/787 788/788/788
f 786/786/786 789/789/789 787/787/787
f 789/789/789 790/790/790 787/787/787
f 791/791/791 792/792/792 793/793/793
f 791/791/791 793/793/793 794/794/794
f 795/795/795 796/796/796 797/797/797
f 795/795/795 797/797/797 798/798/798
f 799/799/799 800/800/800 801/801/801
f 799/799/799 801/801/801 802/802/802
f 803/803/803 804/804/804 805/805/805
f 803/803/803 805/805/805 806/806/806
f 807/807/807 808/808/808 809/809/809
f 807/807/807 809/809/809 810/810/810
f 811/811/811 812/812/812 813/813/813
f 811/811/811 814/814/814 812/812/812
f 814/814/814 815/815/815 812/812/812
f 816/816/816 817/817/817 818/818/818
f 819/819/819 816/816/816 818/818/818
f 819/819/819 818/818/818 820/820/820
f 821/821/821 822/822/822 823/823/823
f 821/821/821 824/824/824 822/822/822
f 824/824/824 825/825/825 822/822/822
f 826/826/826 827/827/827 828/828/828
f 826/826/826 829/829/829 827/827/827
f 829/829/829 830/830/830 827/827/827
f 831/831/831 832/832/832 833/833/833
f 833/833/833 834/834/834 831/831/831
f 835/835/835 833/833/833 832/832/832
f 835/835/835 832/832/832 836/836/836
f 835/835/835 836/836/836 837/837/837
f 835/835/835 837/837/837 838/838/838
f 838/838/838 837/837/837 839/839/839
f 838/838/838 839/839/839 840/840/840
f 840/840/840 839/839/839 841/841/841
f 834/834/834 833/833/833 842/842/842
f 842/842/842 843/843/843 834/834/834
f 842/842/842 844/844/844 843/843/843
f 845/845/845 840/840/840 841/841/841
f 846/846/846 844/844/844 842/842/842
f 846/846/846 847/847/847 844/844/844
f 846/846/846 848/848/848 847/847/847
f 846/846/846 849/849/849 848/848/848
f 849/849/849 850/850/850 848/848/848
f 849/849/849 845/845/845 850/850/850
f 841/841/841 851/851/851 845/845/845
f 845/845/845 852/852/852 850/850/850
f 845/845/845 851/851/851 852/852/852
f 853/853/853 854/854/854 855/855/855
f 853/853/853 855/855/855 856/856/856
f 857/857/857 858/858/858 859/859/859
f 857/857/857 859/859/859 860/860/860
f 861/861/861 862/862/862 863/863/863
f 861/861/861 863/863/863 864/864/864
f 865/865/865 866/866/866 867/867/867
f 868/868/868 865/865/865 867/867/867
f 867/867/867 869/869/869 868/868/868
f 868/868/868 869/869/869 870/870/870
f 870/870/870 871/871/871 868/868/868
f 869/869/869 872/872/872 870/870/870
f 872/872/872 873/873/873 870/870/870
f 872/872/872 874/874/874 873/873/873
f 875/875/875 876/876/876 877/877/877
f 875/875/875 878/878/878 876/876/876
f 879/879/879 878/878/878 875/875/875
f 879/879/879 880/880/880 878/878/878
f 881/881/881 880/880/880 879/879/879
f 881/881/881 882/882/882 880/880/880
f 883/883/883 882/882/882 881/881/881
f 883/883/883 884/884/884 882/882/882
f 885/885/885 876/876/876 886/886/886
f 885/885/885 886/886/886 887/887/887
f 887/887/887 886/886/886 888/888/888
f 887/887/887 888/888/888 889/889/889
f 889/889/889 888/888/888 884/884/884
f 889/889/889 884/884/884 890/890/890
f 891/891/891 892/892/892 893/893/893
f 891/891/891 893/893/893 894/894/894
f 895/895/895 896/896/896 897/897/897
f 895/895/895 897/897/897 898/898/898
f 899/899/899 900/900/900 901/901/901
f 899/899/899 901/901/901 902/902/902
f 903/903/903 904/904/904 905/905/905
f 903/903/903 905/905/905 906/906/906
f 905/905/905 907/907/907 906/906/906
f 905/905/905 908/908/908 907/907/907
f 909/909/909 910/910/910 911/911/911
f 911/911/911 912/912/912 909/909/909
f 911/911/911 913/913/913 912/912/912
f 911/911/911 914/914/914 913/913/913
f 913/913/913 915/915/915 912/912/912
f 911/911/911 916/916/916 914/914/914
f 912/912/912 915/915/915 917/917/917
f 917/917/917 916/916/916 912/912/912
f 916/916/916 917/917/917 914/914/914
f 918/918/918 919/919/919 920/920/920
f 918/918/918 920/920/920 921/921/921
f 920/920/920 922/922/922 921/921/921
f 920/920/920 923/923/923 922/922/922
f 924/924/924 925/925/925 926/926/926
f 926/926/926 927/927/927 924/924/924
f 927/927/927 928/928/928 924/924/924
f 927/927/927 929/929/929 928/928/928
f 924/924/924 928/928/928 930/930/930
f 931/931/931 929/929/929 927/927/927
f 924/924/924 930/930/930 932/932/932
f 932/932/932 930/930/930 931/931/931
f 927/927/927 932/932/932 931/931/931
f 933/933/933 934/934/934 935/935/935
f 933/933/933 935/935/935 936/936/936
f 937/937/937 938/938/938 939/939/939
f 940/940/940 939/939/939 938/938/938
f 938/938/938 941/941/941 940/940/940
f 938/938/938 942/942/942 941/941/941
f 942/942/942 943/943/943 941/941/941
f 943/943/943 944/944/944 941/941/941
f 945/945/945 946/946/946 939/939/939
f 945/945/945 947/947/947 946/946/946
f 948/948/948 947/947/947 945/945/945
f 948/948/948 949/949/949 947/947/947
f 950/950/950 949/949/949 948/948/948
f 950/950/950 951/951/951 949/949/949
f 944/944/944 951/951/951 950/950/950
f 944/944/944 952/952/952 951/951/951
f 953/953/953 954/954/954 955/955/955
f 953/953/953 955/955/955 956/956/956
f 956/956/956 957/957/957 953/953/953
f 957/957/957 956/956/956 958/958/958
f 956/956/956 959/959/959 958/958/958
f 959/959/959 960/960/960 958/958/958
f 957/957/957 958/958/958 961/961/961
f 961/961/961 962/962/962 957/957/957
f 963/963/963 964/964/964 965/965/965
f 963/963/963 965/965/965 966/966/966
f 967/967/967 968/968/968 969/969/969
f 967/967/967 969/969/969 970/970/970
f 971/971/971 972/972/972 973/973/973
f 971/971/971 973/973/973 974/974/974
f 975/975/975 976/976/976 977/977/977
f 975/975/975 977/977/977 978/978/978
