# Unturned item rip -> Godot (X+Z negated, winding reversed, RH Y-up)
v 0.425169 0.204984 0.080009
v 0.402382 0.197379 0.078989
v 0.402093 0.213930 0.067806
v 0.331461 0.237296 0.014283
v 0.335693 0.213930 0.017586
v 0.424881 0.237296 0.085939
v 0.425169 0.204984 0.080009
v -0.108950 -0.245785 0.344249
v -0.288867 -0.245785 0.090631
v -0.288867 -0.184798 0.090631
v -0.108950 -0.184798 0.344249
v -0.557856 0.007092 -0.478193
v -0.490410 0.125074 -0.486265
v -0.471519 0.122543 -0.374890
v -0.538965 0.004560 -0.397624
v -0.376327 0.204943 -0.033207
v -0.380445 0.237296 -0.030386
v -0.296398 0.237296 -0.077350
v -0.292280 0.204943 -0.080171
v 0.403996 0.016307 0.045765
v 0.424408 -0.182589 0.095679
v 0.401620 -0.182411 0.094658
v 0.426783 0.023911 0.046785
v 0.402382 0.197379 0.078989
v 0.425169 0.204984 0.080009
v -0.472021 -0.113238 -0.379750
v -0.337630 -0.113054 -0.400754
v -0.356521 -0.110523 -0.512129
v -0.490911 -0.110707 -0.491125
v 0.356444 -0.162558 -0.351487
v 0.356444 -0.162558 0.222454
v 0.000091 -0.162558 0.040292
v -0.361620 -0.162558 -0.351487
v -0.108007 -0.162558 0.108405
v -0.361620 -0.162558 0.225193
v -0.557856 0.007092 -0.478193
v -0.538965 0.004560 -0.397624
v -0.472021 -0.113238 -0.379750
v -0.490911 -0.110707 -0.491125
v 0.116306 -0.273293 0.041859
v 0.116306 -0.245537 0.041859
v 0.000091 -0.245537 0.106273
v 0.000091 -0.273293 0.106273
v 0.000091 -0.224128 0.040292
v -0.108007 -0.162558 0.108405
v 0.000091 -0.162558 0.040292
v -0.108007 -0.224128 0.108405
v -0.361620 -0.162558 0.225193
v -0.416569 -0.224128 0.253282
v -0.416569 0.237296 0.253282
v -0.361620 0.175725 0.225193
v -0.108007 0.237296 0.108405
v -0.108007 0.175725 0.108405
v 0.000091 0.175725 0.040292
v 0.000091 0.237296 0.040292
v 0.289050 -0.184798 0.090631
v 0.109133 -0.184798 0.344249
v -0.108950 -0.184798 0.344249
v -0.288867 -0.184798 0.090631
v 0.208422 -0.184798 -0.306692
v -0.208239 -0.184798 -0.306692
v -0.474958 -0.082800 -0.493034
v -0.372355 -0.082660 -0.509071
v -0.368700 -0.083150 -0.487522
v -0.471303 -0.083290 -0.471486
v 0.319134 0.067251 -0.511592
v 0.422936 0.127918 -0.495912
v 0.406650 0.127918 -0.396555
v 0.302848 0.067251 -0.412236
v -0.471303 -0.083290 -0.471486
v -0.522413 0.006645 -0.461613
v -0.526068 0.007135 -0.483161
v -0.474958 -0.082800 -0.493034
v 0.347034 0.250155 -0.432054
v 0.264223 0.226753 -0.474878
v 0.329177 0.226753 -0.468467
v 0.176712 0.275076 -0.411967
v 0.371336 0.275076 -0.373402
v 0.385452 0.275076 -0.320429
v 0.238093 0.275076 -0.264837
v 0.175982 0.275076 -0.148480
v 0.430630 0.275076 -0.281435
v 0.421505 0.275076 -0.083853
v 0.488116 0.275076 -0.350263
v 0.411317 0.275076 -0.365480
v 0.574320 0.255067 -0.383654
v 0.384783 0.244632 -0.436506
v 0.603760 0.226753 -0.444253
v 0.506974 0.226753 -0.450917
v 0.453236 0.226753 -0.456221
v 0.406650 -0.114751 -0.396555
v 0.422936 -0.114751 -0.495912
v 0.319134 -0.054084 -0.511592
v 0.302848 -0.054084 -0.412236
v 0.356444 0.175725 0.222454
v 0.356444 -0.162558 0.222454
v 0.356444 -0.162558 -0.351487
v 0.356444 0.175725 -0.351487
v -0.288867 -0.245785 0.090631
v -0.208239 -0.245785 -0.306692
v -0.208239 -0.184798 -0.306692
v -0.288867 -0.184798 0.090631
v 0.425169 0.204984 0.080009
v 0.424881 0.237296 0.085939
v 0.448359 0.237296 -0.397333
v 0.426783 0.023911 0.046785
v 0.424408 -0.182589 0.095679
v 0.448359 -0.224128 -0.397333
v 0.420531 -0.224128 0.175479
v 0.422441 0.013088 0.136174
v 0.425345 0.020454 0.076394
v 0.416752 0.237296 0.253282
v 0.423392 0.211805 0.116588
v 0.423132 0.237296 0.121939
v 0.416752 -0.224128 0.253282
v 0.418526 -0.224128 0.216760
v 0.331461 0.237296 0.014283
v 0.400345 0.213930 0.115636
v 0.335693 0.213930 0.017586
v -0.337630 -0.113054 -0.400754
v -0.270184 0.004928 -0.408826
v -0.289075 0.007459 -0.520201
v -0.356521 -0.110523 -0.512129
v 0.419785 0.099219 -0.476689
v 0.422936 0.099219 -0.495912
v 0.343686 0.052901 -0.507883
v 0.340535 0.052901 -0.488660
v 0.400021 -0.203596 0.171492
v 0.401931 0.033620 0.132186
v 0.422441 0.013088 0.136174
v 0.420531 -0.224128 0.175479
v 0.289012 -0.224128 0.147194
v 0.268502 -0.203596 0.143207
v 0.506974 0.226753 -0.450917
v 0.453236 0.226753 -0.456221
v 0.506974 0.136893 -0.450917
v 0.603760 0.226753 -0.444253
v 0.506974 -0.213585 -0.450917
v 0.603760 -0.213585 -0.444253
v 0.329177 0.226753 -0.468467
v 0.264223 -0.213585 -0.474878
v 0.264223 0.226753 -0.474878
v 0.176712 0.275076 -0.411967
v 0.176712 -0.261909 -0.411967
v -0.371972 0.097351 -0.505360
v -0.474575 0.097211 -0.489324
v -0.470920 0.096721 -0.467776
v -0.368317 0.096861 -0.483812
v -0.149941 -0.261909 -0.408577
v -0.149941 0.275076 -0.408577
v -0.265077 0.193504 -0.483093
v -0.265077 -0.180336 -0.483093
v -0.299768 -0.108865 -0.476995
v -0.317763 -0.180336 -0.473831
v -0.339948 -0.180336 -0.469931
v -0.496343 -0.180336 -0.442438
v -0.496343 0.193504 -0.442438
v -0.585204 -0.180336 -0.426800
v -0.585204 0.193504 -0.426800
v -0.496343 0.193504 -0.442438
v -0.568753 0.221385 -0.408643
v -0.496343 -0.180336 -0.442438
v -0.568753 -0.208218 -0.408643
v -0.496343 0.193504 -0.442438
v -0.478411 0.275076 -0.352875
v -0.265077 0.193504 -0.483093
v -0.149941 0.275076 -0.408577
v -0.157157 0.275076 -0.138686
v -0.437075 0.275076 -0.084229
v -0.496343 -0.180336 -0.442438
v -0.478411 -0.261909 -0.352875
v -0.269121 -0.261909 -0.388367
v -0.269471 -0.247671 -0.404722
v -0.383642 -0.207249 -0.431662
v -0.339948 -0.180336 -0.469931
v -0.259667 -0.261909 -0.307904
v -0.157157 -0.261909 -0.138686
v -0.437075 -0.261909 -0.084229
v -0.149941 -0.261909 -0.408577
v -0.237001 -0.261909 -0.393814
v -0.224097 -0.240250 -0.420972
v -0.265077 -0.180336 -0.483093
v -0.330163 -0.205224 -0.443365
v -0.317763 -0.180336 -0.473831
v 0.180511 0.282986 0.114480
v 0.180511 0.282986 -0.085520
v 0.180511 0.217657 -0.085520
v 0.180511 0.217657 0.114480
v -0.427527 0.037517 0.032585
v -0.425267 0.237296 0.078093
v -0.405071 0.204943 0.075272
v -0.407330 0.005164 0.029764
v 0.526737 -0.054084 -0.480231
v 0.422936 -0.114751 -0.495912
v 0.406650 -0.114751 -0.396555
v 0.510452 -0.054084 -0.380875
v 0.506974 0.136893 -0.450917
v 0.453236 0.226753 -0.456221
v 0.451882 0.211996 -0.445120
v 0.505620 0.122137 -0.439816
v 0.384783 0.244632 -0.436506
v 0.383429 0.229875 -0.425405
v 0.453236 0.226753 -0.456221
v 0.526737 0.067251 -0.480231
v 0.526737 -0.054084 -0.480231
v 0.510452 -0.054084 -0.380875
v 0.510452 0.067251 -0.380875
v 0.340535 0.052901 -0.488660
v 0.343686 0.052901 -0.507883
v 0.343686 -0.039734 -0.507883
v 0.340535 -0.039734 -0.488660
v -0.288867 0.197966 0.090631
v -0.208239 0.197966 -0.306692
v -0.208239 0.258953 -0.306692
v -0.288867 0.258953 0.090631
v -0.327651 -0.189763 -0.430064
v -0.330163 -0.205224 -0.443365
v -0.317763 -0.180336 -0.473831
v -0.315252 -0.164876 -0.460530
v -0.299768 -0.108865 -0.476995
v -0.297256 -0.093405 -0.463694
v 0.180511 0.282986 0.114480
v 0.000091 0.282987 0.214480
v -0.180328 0.282986 0.114480
v -0.180328 0.282986 -0.085520
v 0.180511 0.282986 -0.085520
v 0.000091 0.282986 -0.185520
v -0.320862 0.007416 -0.515233
v -0.371972 0.097351 -0.505360
v -0.368317 0.096861 -0.483812
v -0.317207 0.006926 -0.493685
v -0.162286 -0.273293 0.067445
v -0.162286 -0.208840 0.067445
v 0.000091 -0.208840 0.157445
v 0.000091 -0.273293 0.157445
v -0.360608 -0.224128 0.080371
v -0.401349 -0.201525 0.119813
v -0.423097 -0.224128 0.121803
v -0.351181 -0.201525 0.070063
v -0.263897 -0.224128 -0.090296
v -0.263549 -0.201525 -0.091887
v -0.289075 0.007459 -0.520201
v -0.270184 0.004928 -0.408826
v -0.337128 0.122727 -0.395894
v -0.356019 0.125258 -0.507269
v 0.000091 -0.245537 -0.151382
v 0.116306 -0.245537 -0.086969
v 0.116306 -0.273293 -0.086969
v 0.000091 -0.273293 -0.151382
v 0.343686 -0.039734 -0.507883
v 0.422936 -0.086052 -0.495912
v 0.419785 -0.086052 -0.476689
v 0.340535 -0.039734 -0.488660
v 0.289050 -0.245785 0.090631
v 0.109133 -0.245785 0.344249
v 0.109133 -0.184798 0.344249
v 0.289050 -0.184798 0.090631
v -0.269471 -0.247671 -0.404722
v -0.266960 -0.232210 -0.391421
v -0.381130 -0.191788 -0.418361
v -0.383642 -0.207249 -0.431662
v -0.257155 -0.246449 -0.294603
v -0.259667 -0.261909 -0.307904
v -0.237001 -0.261909 -0.393814
v -0.234490 -0.246449 -0.380513
v -0.224097 -0.240250 -0.420972
v -0.221586 -0.224789 -0.407671
v 0.376622 -0.169559 -0.091411
v 0.175982 -0.261909 -0.148480
v 0.175982 -0.169559 -0.148480
v 0.421505 -0.261909 -0.083853
v 0.421505 0.275076 -0.083853
v 0.376622 0.182727 -0.091411
v 0.175982 0.275076 -0.148480
v 0.175982 0.182727 -0.148480
v -0.470920 0.096721 -0.467776
v -0.474575 0.097211 -0.489324
v -0.526068 0.007135 -0.483161
v -0.522413 0.006645 -0.461613
v -0.288867 -0.245785 0.090631
v -0.108950 -0.245785 0.344249
v 0.109133 -0.245785 0.344249
v 0.289050 -0.245785 0.090631
v -0.208239 -0.245785 -0.306692
v 0.208422 -0.245785 -0.306692
v 0.109133 0.258953 0.344249
v 0.289050 0.258953 0.090631
v 0.289050 0.197966 0.090631
v 0.109133 0.197966 0.344249
v 0.116306 -0.245537 -0.086969
v 0.116306 -0.245537 0.041859
v 0.116306 -0.273293 0.041859
v 0.116306 -0.273293 -0.086969
v -0.361620 0.175725 -0.351487
v -0.361620 0.175725 0.225193
v -0.108007 0.175725 0.108405
v 0.000091 0.175725 0.040292
v 0.356444 0.175725 -0.351487
v 0.356444 0.175725 0.222454
v 0.289012 -0.224128 0.147194
v 0.418526 -0.224128 0.216760
v 0.398016 -0.203596 0.212772
v 0.268502 -0.203596 0.143207
v -0.478411 0.275076 -0.352875
v -0.437075 0.275076 -0.084229
v -0.437075 -0.261909 -0.084229
v -0.478411 -0.261909 -0.352875
v 0.180511 0.217657 0.114480
v 0.000091 0.217657 0.214480
v 0.000091 0.282987 0.214480
v 0.180511 0.282986 0.114480
v 0.000091 -0.273293 -0.202555
v 0.000091 -0.208840 -0.202555
v -0.162286 -0.208840 -0.112555
v -0.162286 -0.273293 -0.112555
v -0.291618 0.237296 0.023199
v -0.276534 0.204943 0.020378
v -0.328607 0.204943 -0.022709
v -0.327613 0.237296 -0.019888
v -0.361620 -0.162558 0.225193
v -0.361620 0.175725 0.225193
v -0.361620 0.175725 -0.351487
v -0.361620 -0.162558 -0.351487
v 0.424408 -0.182589 0.095679
v 0.402557 0.012849 0.075374
v 0.401620 -0.182411 0.094658
v 0.425345 0.020454 0.076394
v 0.400605 0.204201 0.115568
v 0.423392 0.211805 0.116588
v 0.400345 0.213930 0.115636
v 0.423132 0.237296 0.121939
v -0.356019 0.125258 -0.507269
v -0.337128 0.122727 -0.395894
v -0.471519 0.122543 -0.374890
v -0.490410 0.125074 -0.486265
v -0.143113 -0.169559 -0.383660
v -0.149941 0.275076 -0.408577
v -0.149941 -0.261909 -0.408577
v -0.143113 0.182727 -0.383660
v -0.157157 0.275076 -0.138686
v -0.149941 0.275076 -0.408577
v -0.157157 0.182727 -0.138686
v -0.208239 -0.245785 -0.306692
v 0.208422 -0.245785 -0.306692
v 0.208422 -0.184798 -0.306692
v -0.208239 -0.184798 -0.306692
v -0.162286 -0.273293 -0.112555
v -0.162286 -0.208840 -0.112555
v -0.162286 -0.208840 0.067445
v -0.162286 -0.273293 0.067445
v -0.208239 0.197966 -0.306692
v 0.208422 0.197966 -0.306692
v 0.208422 0.258953 -0.306692
v -0.208239 0.258953 -0.306692
v -0.288867 0.258953 0.090631
v -0.108950 0.258953 0.344249
v -0.108950 0.197966 0.344249
v -0.288867 0.197966 0.090631
v -0.116124 -0.245537 0.041859
v -0.116124 -0.245537 -0.086969
v -0.116124 -0.273293 -0.086969
v -0.116124 -0.273293 0.041859
v -0.108950 0.258953 0.344249
v 0.109133 0.258953 0.344249
v 0.109133 0.197966 0.344249
v -0.108950 0.197966 0.344249
v 0.000091 0.217657 0.214480
v -0.180328 0.217657 0.114480
v -0.180328 0.282986 0.114480
v 0.000091 0.282987 0.214480
v 0.000091 -0.224128 0.040292
v 0.416752 -0.224128 0.253282
v 0.418526 -0.224128 0.216760
v 0.289012 -0.224128 0.147194
v 0.448359 -0.224128 -0.397333
v 0.420531 -0.224128 0.175479
v -0.263897 -0.224128 -0.090296
v -0.448871 -0.224128 -0.397333
v -0.384778 -0.224128 0.050829
v -0.425784 -0.224128 0.067681
v -0.360608 -0.224128 0.080371
v -0.108007 -0.224128 0.108405
v -0.423097 -0.224128 0.121803
v -0.416569 -0.224128 0.253282
v 0.162469 -0.208840 -0.112555
v 0.000091 -0.208840 -0.202555
v 0.000091 -0.273293 -0.202555
v 0.162469 -0.273293 -0.112555
v -0.368700 -0.083150 -0.487522
v -0.372355 -0.082660 -0.509071
v -0.320862 0.007416 -0.515233
v -0.317207 0.006926 -0.493685
v -0.299768 -0.108865 -0.476995
v -0.337437 -0.164876 -0.456630
v -0.297256 -0.093405 -0.463694
v -0.339948 -0.180336 -0.469931
v -0.383642 -0.207249 -0.431662
v -0.381130 -0.191788 -0.418361
v 0.000091 -0.245537 0.106273
v -0.116124 -0.245537 0.041859
v -0.116124 -0.273293 0.041859
v 0.000091 -0.273293 0.106273
v -0.330032 0.237296 0.018336
v -0.380445 0.237296 -0.030386
v -0.376327 0.204943 -0.033207
v -0.331026 0.204943 0.015515
v -0.386991 -0.169559 -0.089404
v -0.157157 -0.169559 -0.138686
v -0.157157 -0.261909 -0.138686
v -0.437075 -0.261909 -0.084229
v -0.437075 0.275076 -0.084229
v -0.386991 0.182727 -0.089404
v -0.157157 0.275076 -0.138686
v -0.157157 0.182727 -0.138686
v -0.427527 0.037517 0.032585
v -0.407330 0.005164 0.029764
v -0.408745 0.204943 0.104236
v -0.423829 0.237296 0.107057
v 0.134481 -0.102801 -0.351487
v 0.134481 -0.102801 -0.397333
v 0.134481 0.115968 -0.397333
v 0.134481 0.115968 -0.351487
v 0.175982 0.275076 -0.148480
v 0.175982 0.182727 -0.148480
v 0.164319 0.182727 -0.383862
v 0.176712 0.275076 -0.411967
v 0.176712 0.275076 -0.411967
v 0.164319 -0.169559 -0.383862
v 0.176712 -0.261909 -0.411967
v 0.175982 -0.261909 -0.148480
v 0.176712 -0.261909 -0.411967
v 0.175982 -0.169559 -0.148480
v 0.289050 -0.184798 0.090631
v 0.208422 -0.184798 -0.306692
v 0.208422 -0.245785 -0.306692
v 0.289050 -0.245785 0.090631
v 0.506974 -0.213585 -0.450917
v 0.264223 -0.213585 -0.474878
v 0.176712 -0.261909 -0.411967
v 0.603760 -0.213585 -0.444253
v 0.574320 -0.241899 -0.383654
v 0.488116 -0.261909 -0.350263
v 0.175982 -0.261909 -0.148480
v 0.421505 -0.261909 -0.083853
v -0.330032 0.237296 0.018336
v -0.331026 0.204943 0.015515
v -0.405071 0.204943 0.075272
v -0.425267 0.237296 0.078093
v 0.422441 0.013088 0.136174
v 0.401931 0.033620 0.132186
v 0.398016 -0.203596 0.212772
v 0.418526 -0.224128 0.216760
v -0.180328 0.282986 -0.085520
v -0.180328 0.282986 0.114480
v -0.180328 0.217657 0.114480
v -0.180328 0.217657 -0.085520
v 0.000091 0.217657 -0.185520
v 0.180511 0.217657 -0.085520
v 0.180511 0.282986 -0.085520
v 0.000091 0.282986 -0.185520
v 0.000091 -0.208840 0.157445
v 0.162469 -0.208840 0.067445
v 0.162469 -0.273293 0.067445
v 0.000091 -0.273293 0.157445
v -0.416569 0.237296 0.253282
v -0.416569 -0.224128 0.253282
v -0.423097 -0.224128 0.121803
v -0.424738 -0.138118 0.088742
v -0.420567 0.137928 0.172760
v -0.423829 0.237296 0.107057
v -0.427527 0.037517 0.032585
v -0.426296 -0.121717 0.057367
v -0.448871 0.237296 -0.397333
v -0.425267 0.237296 0.078093
v -0.448871 -0.224128 -0.397333
v -0.425784 -0.224128 0.067681
v -0.420567 0.137928 0.172760
v -0.398819 0.160532 0.170770
v -0.404548 -0.099114 0.055377
v -0.426296 -0.121717 0.057367
v -0.404036 -0.201525 0.065691
v -0.425784 -0.224128 0.067681
v -0.384778 -0.224128 0.050829
v -0.375351 -0.201525 0.040522
v -0.263897 -0.224128 -0.090296
v -0.263549 -0.201525 -0.091887
v -0.291618 0.237296 0.023199
v -0.423829 0.237296 0.107057
v -0.408745 0.204943 0.104236
v -0.276534 0.204943 0.020378
v 0.000091 0.282986 -0.185520
v -0.180328 0.282986 -0.085520
v -0.180328 0.217657 -0.085520
v 0.000091 0.217657 -0.185520
v 0.526737 0.067251 -0.480231
v 0.510452 0.067251 -0.380875
v 0.406650 0.127918 -0.396555
v 0.422936 0.127918 -0.495912
v 0.499034 -0.039734 -0.464717
v 0.502185 -0.039734 -0.483940
v 0.502185 0.052901 -0.483940
v 0.499034 0.052901 -0.464717
v -0.478411 0.275076 -0.352875
v -0.478411 -0.261909 -0.352875
v -0.568753 -0.208218 -0.408643
v -0.568753 0.221385 -0.408643
v -0.585204 -0.180336 -0.426800
v -0.585204 0.193504 -0.426800
v -0.157157 -0.261909 -0.138686
v -0.157157 -0.169559 -0.138686
v -0.143113 -0.169559 -0.383660
v -0.149941 -0.261909 -0.408577
v -0.424738 -0.138118 0.088742
v -0.423097 -0.224128 0.121803
v -0.401349 -0.201525 0.119813
v -0.402990 -0.115514 0.086751
v -0.266960 -0.232210 -0.391421
v -0.269471 -0.247671 -0.404722
v -0.266609 -0.246449 -0.375066
v -0.257155 -0.246449 -0.294603
v -0.259667 -0.261909 -0.307904
v -0.269121 -0.261909 -0.388367
v 0.419785 -0.086052 -0.476689
v 0.422936 -0.086052 -0.495912
v 0.502185 -0.039734 -0.483940
v 0.499034 -0.039734 -0.464717
v 0.499034 0.052901 -0.464717
v 0.502185 0.052901 -0.483940
v 0.422936 0.099219 -0.495912
v 0.419785 0.099219 -0.476689
v 0.162469 -0.208840 0.067445
v 0.162469 -0.208840 -0.112555
v 0.162469 -0.273293 -0.112555
v 0.162469 -0.273293 0.067445
v 0.208422 0.197966 -0.306692
v 0.289050 0.197966 0.090631
v 0.289050 0.258953 0.090631
v 0.208422 0.258953 -0.306692
v 0.238093 0.275076 -0.264837
v 0.236739 0.260320 -0.253736
v 0.429276 0.260320 -0.270334
v 0.430630 0.275076 -0.281435
v -0.108950 -0.184798 0.344249
v 0.109133 -0.184798 0.344249
v 0.109133 -0.245785 0.344249
v -0.108950 -0.245785 0.344249
v 0.289050 0.258953 0.090631
v 0.109133 0.258953 0.344249
v -0.108950 0.258953 0.344249
v -0.288867 0.258953 0.090631
v 0.208422 0.258953 -0.306692
v -0.208239 0.258953 -0.306692
v 0.430630 0.275076 -0.281435
v 0.429276 0.260320 -0.270334
v 0.409963 0.260320 -0.354379
v 0.411317 0.275076 -0.365480
v 0.384783 0.244632 -0.436506
v 0.383429 0.229875 -0.425405
v 0.319134 -0.054084 -0.511592
v 0.319134 0.067251 -0.511592
v 0.302848 0.067251 -0.412236
v 0.302848 -0.054084 -0.412236
v 0.134481 0.115968 -0.397333
v -0.113290 0.115968 -0.397333
v -0.113290 0.115968 -0.351487
v 0.134481 0.115968 -0.351487
v -0.296398 0.237296 -0.077350
v -0.327613 0.237296 -0.019888
v -0.328607 0.204943 -0.022709
v -0.292280 0.204943 -0.080171
v 0.448359 0.237296 -0.397333
v 0.424881 0.237296 0.085939
v 0.331461 0.237296 0.014283
v -0.327613 0.237296 -0.019888
v -0.296398 0.237296 -0.077350
v -0.448871 0.237296 -0.397333
v -0.380445 0.237296 -0.030386
v -0.425267 0.237296 0.078093
v -0.330032 0.237296 0.018336
v -0.291618 0.237296 0.023199
v 0.000091 0.237296 0.040292
v 0.423132 0.237296 0.121939
v 0.416752 0.237296 0.253282
v -0.423829 0.237296 0.107057
v -0.108007 0.237296 0.108405
v -0.416569 0.237296 0.253282
v 0.134481 -0.102801 -0.397333
v 0.134481 -0.102801 -0.351487
v -0.113290 -0.102801 -0.351487
v -0.113290 -0.102801 -0.397333
v -0.116124 -0.245537 -0.086969
v 0.000091 -0.245537 -0.151382
v 0.000091 -0.273293 -0.151382
v -0.116124 -0.273293 -0.086969
v 0.416752 -0.224128 0.253282
v 0.000091 -0.224128 0.040292
v 0.000091 -0.162558 0.040292
v 0.356444 -0.162558 0.222454
v 0.356444 0.175725 0.222454
v 0.416752 0.237296 0.253282
v 0.000091 0.237296 0.040292
v 0.000091 0.175725 0.040292
v -0.420567 0.137928 0.172760
v -0.424738 -0.138118 0.088742
v -0.402990 -0.115514 0.086751
v -0.398819 0.160532 0.170770
v -0.288867 0.197966 0.090631
v -0.108950 0.197966 0.344249
v 0.109133 0.197966 0.344249
v 0.289050 0.197966 0.090631
v -0.208239 0.197966 -0.306692
v 0.208422 0.197966 -0.306692
v 0.238093 0.275076 -0.264837
v 0.385452 0.275076 -0.320429
v 0.384098 0.260320 -0.309328
v 0.236739 0.260320 -0.253736
v 0.327823 0.211996 -0.457366
v 0.329177 0.226753 -0.468467
v 0.506974 0.136893 -0.450917
v 0.505620 0.122137 -0.439816
v 0.603760 0.226753 -0.444253
v 0.603760 -0.213585 -0.444253
v 0.574320 -0.241899 -0.383654
v 0.574320 0.255067 -0.383654
v 0.488116 -0.261909 -0.350263
v 0.488116 0.275076 -0.350263
v -0.224097 -0.240250 -0.420972
v -0.330163 -0.205224 -0.443365
v -0.327651 -0.189763 -0.430064
v -0.221586 -0.224789 -0.407671
v -0.113290 0.115968 -0.351487
v -0.113290 0.115968 -0.397333
v -0.113290 -0.102801 -0.397333
v -0.113290 -0.102801 -0.351487
v 0.488116 -0.261909 -0.350263
v 0.421505 -0.261909 -0.083853
v 0.421505 0.275076 -0.083853
v 0.488116 0.275076 -0.350263
v 0.329177 0.226753 -0.468467
v 0.327823 0.211996 -0.457366
v 0.345680 0.235399 -0.420953
v 0.347034 0.250155 -0.432054
v 0.369982 0.260320 -0.362301
v 0.371336 0.275076 -0.373402
v 0.384098 0.260320 -0.309328
v 0.385452 0.275076 -0.320429
v -0.113290 0.115968 -0.397333
v 0.134481 0.115968 -0.397333
v 0.448359 0.237296 -0.397333
v 0.134481 -0.102801 -0.397333
v -0.448871 0.237296 -0.397333
v 0.448359 -0.224128 -0.397333
v -0.448871 -0.224128 -0.397333
v -0.113290 -0.102801 -0.397333
v 0.162469 -0.273293 -0.112555
v 0.116306 -0.273293 -0.086969
v 0.116306 -0.273293 0.041859
v 0.000091 -0.273293 -0.151382
v 0.162469 -0.273293 0.067445
v 0.000091 -0.273293 -0.202555
v 0.000091 -0.273293 0.106273
v 0.000091 -0.273293 0.157445
v -0.162286 -0.273293 0.067445
v -0.116124 -0.273293 0.041859
v -0.162286 -0.273293 -0.112555
v -0.116124 -0.273293 -0.086969
v -0.474575 0.097211 -0.489324
v -0.371972 0.097351 -0.505360
v -0.356019 0.125258 -0.507269
v -0.320862 0.007416 -0.515233
v -0.490410 0.125074 -0.486265
v -0.289075 0.007459 -0.520201
v -0.526068 0.007135 -0.483161
v -0.557856 0.007092 -0.478193
v -0.490911 -0.110707 -0.491125
v -0.474958 -0.082800 -0.493034
v -0.356521 -0.110523 -0.512129
v -0.372355 -0.082660 -0.509071
v 0.422936 -0.114751 -0.495912
v 0.526737 -0.054084 -0.480231
v 0.502185 -0.039734 -0.483940
v 0.526737 0.067251 -0.480231
v 0.422936 -0.086052 -0.495912
v 0.502185 0.052901 -0.483940
v 0.343686 -0.039734 -0.507883
v 0.422936 0.099219 -0.495912
v 0.319134 -0.054084 -0.511592
v 0.422936 0.127918 -0.495912
v 0.343686 0.052901 -0.507883
v 0.319134 0.067251 -0.511592
v 0.356444 -0.162558 -0.351487
v -0.361620 -0.162558 -0.351487
v -0.113290 -0.102801 -0.351487
v -0.361620 0.175725 -0.351487
v 0.134481 -0.102801 -0.351487
v -0.113290 0.115968 -0.351487
v 0.134481 0.115968 -0.351487
v 0.356444 0.175725 -0.351487
v -0.234490 -0.246449 -0.380513
v -0.266609 -0.246449 -0.375066
v -0.257155 -0.246449 -0.294603
v -0.337437 -0.164876 -0.456630
v -0.315252 -0.164876 -0.460530
v -0.297256 -0.093405 -0.463694
v 0.429276 0.260320 -0.270334
v 0.236739 0.260320 -0.253736
v 0.384098 0.260320 -0.309328
v 0.409963 0.260320 -0.354379
v 0.369982 0.260320 -0.362301
v 0.383429 0.229875 -0.425405
v 0.345680 0.235399 -0.420953
v 0.327823 0.211996 -0.457366
v 0.451882 0.211996 -0.445120
v 0.505620 0.122137 -0.439816
v -0.051991 0.274650 -0.065439
v -0.063564 0.274650 -0.032890
v -0.063564 0.297381 -0.032890
v -0.051991 0.297381 -0.065439
v 0.010508 0.297381 -0.035353
v 0.010508 0.297381 -0.042550
v 0.010508 0.274650 -0.042550
v 0.010508 0.274650 -0.035353
v 0.047896 0.264692 -0.002195
v 0.052374 0.264692 0.012042
v -0.052192 0.264692 0.012042
v -0.047714 0.264692 -0.002195
v 0.033361 0.264692 -0.016431
v -0.033179 0.264692 -0.016431
v 0.000091 0.264692 -0.026985
v 0.010508 0.274650 -0.042550
v 0.052174 0.274650 -0.065439
v 0.063746 0.274650 -0.032890
v 0.010508 0.274650 -0.035353
v 0.052174 0.297381 -0.065439
v 0.063746 0.297381 -0.032890
v 0.063746 0.274650 -0.032890
v 0.052174 0.274650 -0.065439
v -0.351181 -0.201525 0.070063
v -0.263549 -0.201525 -0.091887
v -0.375351 -0.201525 0.040522
v -0.404036 -0.201525 0.065691
v -0.401349 -0.201525 0.119813
v -0.402990 -0.115514 0.086751
v -0.404548 -0.099114 0.055377
v -0.398819 0.160532 0.170770
v -0.010325 0.274650 -0.042550
v -0.010325 0.274650 -0.035353
v -0.063564 0.274650 -0.032890
v -0.051991 0.274650 -0.065439
v -0.051991 0.274650 -0.065439
v -0.051991 0.297381 -0.065439
v -0.010325 0.297381 -0.042550
v -0.010325 0.274650 -0.042550
v 0.401931 0.033620 0.132186
v 0.400021 -0.203596 0.171492
v 0.398016 -0.203596 0.212772
v 0.268502 -0.203596 0.143207
v 0.063746 0.297381 -0.032890
v 0.010508 0.297381 -0.035353
v 0.010508 0.274650 -0.035353
v 0.063746 0.274650 -0.032890
v -0.266960 -0.232210 -0.391421
v -0.266609 -0.246449 -0.375066
v -0.234490 -0.246449 -0.380513
v -0.221586 -0.224789 -0.407671
v -0.381130 -0.191788 -0.418361
v -0.327651 -0.189763 -0.430064
v -0.337437 -0.164876 -0.456630
v -0.315252 -0.164876 -0.460530
v -0.010325 0.274650 -0.035353
v -0.010325 0.297381 -0.035353
v -0.063564 0.297381 -0.032890
v -0.063564 0.274650 -0.032890
v 0.010508 0.297381 -0.042550
v 0.052174 0.297381 -0.065439
v 0.052174 0.274650 -0.065439
v 0.010508 0.274650 -0.042550
v -0.405071 0.204943 0.075272
v -0.408745 0.204943 0.104236
v -0.407330 0.005164 0.029764
v -0.276534 0.204943 0.020378
v -0.331026 0.204943 0.015515
v -0.328607 0.204943 -0.022709
v -0.376327 0.204943 -0.033207
v -0.292280 0.204943 -0.080171
v 0.402093 0.213930 0.067806
v 0.400345 0.213930 0.115636
v 0.335693 0.213930 0.017586
v 0.400605 0.204201 0.115568
v 0.402382 0.197379 0.078989
v 0.403996 0.016307 0.045765
v 0.402557 0.012849 0.075374
v 0.401620 -0.182411 0.094658
v 0.059825 0.297381 0.033502
v 0.000091 0.297381 0.057255
v -0.059643 0.297381 0.033502
v 0.052374 0.297381 0.012042
v 0.084568 0.297381 -0.023844
v -0.052192 0.297381 0.012042
v 0.047896 0.297381 -0.002195
v -0.084385 0.297381 -0.023844
v 0.033361 0.297381 -0.016431
v -0.047714 0.297381 -0.002195
v -0.033179 0.297381 -0.016431
v 0.000091 0.297381 -0.026985
v -0.063564 0.297381 -0.032890
v -0.059643 0.297381 -0.081190
v -0.051991 0.297381 -0.065439
v 0.000091 0.297381 -0.104943
v -0.010325 0.297381 -0.042550
v 0.063746 0.297381 -0.032890
v 0.059825 0.297381 -0.081190
v 0.052174 0.297381 -0.065439
v 0.010508 0.297381 -0.035353
v -0.010325 0.297381 -0.035353
v 0.010508 0.297381 -0.042550
v -0.010325 0.274650 -0.042550
v -0.010325 0.297381 -0.042550
v -0.010325 0.297381 -0.035353
v -0.010325 0.274650 -0.035353
v 0.074127 0.294944 0.113139
v 0.000091 0.294944 0.132183
v -0.073944 0.294944 0.113139
v 0.000091 0.294944 0.097948
v -0.056114 0.294944 0.083490
v 0.056296 0.294944 0.083490
v -0.128142 0.294944 0.061108
v 0.128325 0.294944 0.061108
v -0.097259 0.294944 0.043990
v 0.097441 0.294944 0.043990
v -0.147980 0.294944 -0.009967
v -0.112319 0.294944 -0.009967
v -0.097259 0.294944 -0.063925
v 0.148162 0.294944 -0.009967
v 0.112501 0.294944 -0.009967
v 0.097441 0.294944 -0.063925
v 0.116306 -0.245537 -0.086969
v 0.000091 -0.245537 -0.151382
v 0.000091 -0.314414 -0.022555
v 0.116306 -0.245537 0.041859
v -0.116124 -0.245537 -0.086969
v 0.000091 -0.245537 0.106273
v -0.116124 -0.245537 0.041859
v -0.522413 0.006645 -0.461613
v -0.471303 -0.083290 -0.471486
v -0.429642 0.008103 -0.535612
v -0.470920 0.096721 -0.467776
v -0.368700 -0.083150 -0.487522
v -0.368317 0.096861 -0.483812
v -0.317207 0.006926 -0.493685
v 0.419785 0.099219 -0.476689
v 0.428260 0.006584 -0.528397
v 0.499034 0.052901 -0.464717
v 0.340535 0.052901 -0.488660
v 0.499034 -0.039734 -0.464717
v 0.340535 -0.039734 -0.488660
v 0.419785 -0.086052 -0.476689
v -0.033179 0.264692 -0.016431
v -0.047714 0.297381 -0.002195
v -0.033179 0.297381 -0.016431
v 0.000091 0.297381 -0.026985
v -0.047714 0.264692 -0.002195
v 0.000091 0.264692 -0.026985
v -0.052192 0.297381 0.012042
v 0.033361 0.264692 -0.016431
v -0.052192 0.264692 0.012042
v 0.033361 0.297381 -0.016431
v 0.052374 0.297381 0.012042
v 0.047896 0.264692 -0.002195
v 0.052374 0.264692 0.012042
v 0.047896 0.297381 -0.002195
v 0.112501 0.260992 -0.009967
v 0.097441 0.294944 -0.063925
v 0.112501 0.294944 -0.009967
v 0.097441 0.294944 0.043990
v 0.097441 0.260992 -0.063925
v 0.097441 0.260992 0.043990
v 0.148162 0.294944 -0.009967
v 0.056296 0.294944 0.083490
v 0.148162 0.249753 -0.009967
v 0.056296 0.260992 0.083490
v 0.128325 0.294944 0.061108
v 0.000091 0.294944 0.097948
v 0.128325 0.249753 0.061108
v 0.000091 0.260992 0.097948
v 0.074127 0.294944 0.113139
v -0.056114 0.294944 0.083490
v 0.074127 0.249753 0.113139
v -0.056114 0.260992 0.083490
v 0.000091 0.294944 0.132183
v -0.097259 0.294944 0.043990
v 0.000091 0.249753 0.132183
v -0.097259 0.260992 0.043990
v -0.073944 0.294944 0.113139
v -0.112319 0.294944 -0.009967
v -0.073944 0.249753 0.113139
v -0.112319 0.260992 -0.009967
v -0.128142 0.294944 0.061108
v -0.097259 0.294944 -0.063925
v -0.128142 0.249753 0.061108
v -0.097259 0.260992 -0.063925
v -0.147980 0.294944 -0.009967
v -0.147980 0.249753 -0.009967
v 0.059825 0.297381 0.033502
v 0.084568 0.297381 -0.023844
v 0.084568 0.271889 -0.023844
v 0.059825 0.271889 0.033502
v 0.059825 0.271889 -0.081190
v 0.000091 0.297381 0.057255
v 0.059825 0.297381 -0.081190
v 0.000091 0.271889 0.057255
v 0.000091 0.271889 -0.104943
v -0.059643 0.297381 0.033502
v 0.000091 0.297381 -0.104943
v -0.059643 0.271889 0.033502
v -0.059643 0.271889 -0.081190
v -0.084385 0.297381 -0.023844
v -0.059643 0.297381 -0.081190
v -0.084385 0.271889 -0.023844
vt 0.25 0.25
vt 0.25 0.25
vt 0.25 0.25
vt 0.25 0.25
vt 0.25 0.25
vt 0.25 0.25
vt 0.25 0.25
vt 0.25 0.75
vt 0.25 0.75
vt 0.25 0.75
vt 0.25 0.75
vt 0.75 0.25
vt 0.75 0.25
vt 0.75 0.25
vt 0.75 0.25
vt 0.25 0.25
vt 0.25 0.25
vt 0.25 0.25
vt 0.25 0.25
vt 0.25 0.25
vt 0.25 0.25
vt 0.25 0.25
vt 0.25 0.25
vt 0.25 0.25
vt 0.25 0.25
vt 0.75 0.25
vt 0.75 0.25
vt 0.75 0.25
vt 0.75 0.25
vt 0.25 0.25
vt 0.25 0.25
vt 0.25 0.25
vt 0.25 0.25
vt 0.25 0.25
vt 0.25 0.25
vt 0.75 0.25
vt 0.75 0.25
vt 0.75 0.25
vt 0.75 0.25
vt 0.75 0.25
vt 0.75 0.25
vt 0.75 0.25
vt 0.75 0.25
vt 0.25 0.25
vt 0.25 0.25
vt 0.25 0.25
vt 0.25 0.25
vt 0.25 0.25
vt 0.25 0.25
vt 0.25 0.25
vt 0.25 0.25
vt 0.25 0.25
vt 0.25 0.25
vt 0.25 0.25
vt 0.25 0.25
vt 0.25 0.75
vt 0.25 0.75
vt 0.25 0.75
vt 0.25 0.75
vt 0.25 0.75
vt 0.25 0.75
vt 0.75 0.25
vt 0.75 0.25
vt 0.75 0.25
vt 0.75 0.25
vt 0.75 0.25
vt 0.75 0.25
vt 0.75 0.25
vt 0.75 0.25
vt 0.75 0.25
vt 0.75 0.25
vt 0.75 0.25
vt 0.75 0.25
vt 0.25 0.75
vt 0.25 0.75
vt 0.25 0.75
vt 0.25 0.75
vt 0.25 0.75
vt 0.25 0.74999994
vt 0.249999985 0.749999881
vt 0.25 0.75
vt 0.25 0.75
vt 0.25 0.75
vt 0.25 0.75
vt 0.25 0.75000006
vt 0.25 0.75
vt 0.25 0.75
vt 0.25 0.75
vt 0.25 0.75
vt 0.25 0.74999994
vt 0.75 0.25
vt 0.75 0.25
vt 0.75 0.25
vt 0.75 0.25
vt 0.25 0.25
vt 0.25 0.25
vt 0.25 0.25
vt 0.25 0.25
vt 0.25 0.75
vt 0.25 0.75
vt 0.25 0.75
vt 0.25 0.75
vt 0.25 0.25
vt 0.25 0.25
vt 0.25 0.25
vt 0.25 0.25
vt 0.25 0.25
vt 0.25 0.25
vt 0.25 0.25
vt 0.249999985 0.249999985
vt 0.25 0.25
vt 0.25 0.25
vt 0.25 0.25
vt 0.25 0.25
vt 0.25 0.25
vt 0.25 0.25
vt 0.25 0.25
vt 0.25 0.25
vt 0.25 0.25
vt 0.75 0.25
vt 0.75 0.25
vt 0.75 0.25
vt 0.75 0.25
vt 0.75 0.25
vt 0.75 0.25
vt 0.75 0.25
vt 0.75 0.25
vt 0.25 0.25
vt 0.249999985 0.249999985
vt 0.249999985 0.249999985
vt 0.25 0.25
vt 0.249999985 0.249999985
vt 0.249999985 0.249999985
vt 0.25 0.75
vt 0.25 0.74999994
vt 0.25 0.75
vt 0.25 0.75
vt 0.25 0.75
vt 0.25 0.75
vt 0.25 0.75
vt 0.25 0.75
vt 0.25 0.75
vt 0.25 0.75
vt 0.25 0.75
vt 0.75 0.25
vt 0.75 0.25
vt 0.75 0.25
vt 0.75 0.25
vt 0.25 0.75
vt 0.25 0.75
vt 0.25 0.75
vt 0.25 0.75
vt 0.24999997 0.749999881
vt 0.25 0.75
vt 0.25 0.75
vt 0.25 0.75
vt 0.25 0.75
vt 0.25 0.75
vt 0.25 0.75
vt 0.25 0.75
vt 0.25 0.75
vt 0.25 0.75
vt 0.25 0.75
vt 0.25 0.75
vt 0.25 0.75
vt 0.25 0.75
vt 0.25 0.75
vt 0.25 0.75
vt 0.25 0.75
vt 0.25 0.75
vt 0.25 0.75
vt 0.25 0.75
vt 0.25 0.75
vt 0.25 0.75
vt 0.25 0.75
vt 0.25 0.75
vt 0.25 0.75
vt 0.25 0.75
vt 0.25 0.75
vt 0.25 0.75
vt 0.25000003 0.75
vt 0.25 0.75
vt 0.25 0.75
vt 0.25 0.75
vt 0.75 0.25
vt 0.75 0.25
vt 0.75 0.25
vt 0.75 0.25
vt 0.24999997 0.24999997
vt 0.25 0.25
vt 0.25 0.25
vt 0.24999997 0.24999997
vt 0.75 0.25
vt 0.75 0.25
vt 0.75 0.25
vt 0.75 0.25
vt 0.25 0.75
vt 0.25 0.74999994
vt 0.25 0.74999994
vt 0.25 0.75
vt 0.25 0.75
vt 0.25 0.75
vt 0.25 0.74999994
vt 0.75 0.25
vt 0.75 0.25
vt 0.75 0.25
vt 0.75 0.25
vt 0.75 0.25
vt 0.75 0.25
vt 0.75 0.25
vt 0.75 0.25
vt 0.25 0.75
vt 0.25 0.75
vt 0.25 0.75
vt 0.25 0.75
vt 0.25 0.75
vt 0.25 0.75
vt 0.25 0.75
vt 0.25 0.75
vt 0.24999997 0.749999881
vt 0.24999997 0.749999881
vt 0.75 0.25
vt 0.75 0.25
vt 0.75 0.25
vt 0.75 0.25
vt 0.75 0.25
vt 0.75 0.25
vt 0.75 0.25
vt 0.75 0.25
vt 0.75 0.25
vt 0.75 0.25
vt 0.75 0.25
vt 0.75 0.25
vt 0.75 0.25
vt 0.75 0.25
vt 0.25 0.25
vt 0.25 0.25
vt 0.25 0.25
vt 0.25 0.25
vt 0.25 0.25
vt 0.25 0.25
vt 0.75 0.25
vt 0.75 0.25
vt 0.75 0.25
vt 0.75 0.25
vt 0.75 0.25
vt 0.75 0.25
vt 0.75 0.25
vt 0.75 0.25
vt 0.75 0.25
vt 0.75 0.25
vt 0.75 0.25
vt 0.75 0.25
vt 0.25 0.75
vt 0.25 0.75
vt 0.25 0.75
vt 0.25 0.75
vt 0.25 0.75
vt 0.25 0.75
vt 0.25 0.75
vt 0.25 0.75
vt 0.25 0.75
vt 0.25 0.75
vt 0.25 0.75
vt 0.25 0.75
vt 0.25000003 0.75
vt 0.25000003 0.75
vt 0.25 0.75
vt 0.25 0.75
vt 0.25 0.75
vt 0.25 0.75
vt 0.25 0.75
vt 0.25 0.75
vt 0.25 0.75
vt 0.25 0.75
vt 0.75 0.25
vt 0.75 0.25
vt 0.75 0.25
vt 0.75 0.25
vt 0.25 0.75
vt 0.25 0.75
vt 0.25 0.75
vt 0.25 0.75
vt 0.25 0.75
vt 0.25 0.75
vt 0.25 0.75
vt 0.25 0.75
vt 0.25 0.75
vt 0.25 0.75
vt 0.75 0.25
vt 0.75 0.25
vt 0.75 0.25
vt 0.75 0.25
vt 0.25 0.25
vt 0.25 0.25
vt 0.25 0.25
vt 0.25 0.25
vt 0.25 0.25
vt 0.25 0.25
vt 0.249999985 0.249999985
vt 0.25 0.25
vt 0.25 0.25
vt 0.249999985 0.249999985
vt 0.25 0.75
vt 0.25 0.75
vt 0.25 0.75
vt 0.25 0.75
vt 0.75 0.25
vt 0.75 0.25
vt 0.75 0.25
vt 0.75 0.25
vt 0.75 0.25
vt 0.75 0.25
vt 0.75 0.25
vt 0.75 0.25
vt 0.25 0.25
vt 0.25 0.25
vt 0.25000003 0.25000003
vt 0.25000003 0.25000003
vt 0.25 0.25
vt 0.25 0.25
vt 0.25 0.25
vt 0.25 0.25
vt 0.25 0.25
vt 0.25 0.25
vt 0.25 0.25
vt 0.25 0.25
vt 0.25 0.25
vt 0.25 0.25
vt 0.25 0.25
vt 0.25 0.25
vt 0.75 0.25
vt 0.75 0.25
vt 0.75 0.25
vt 0.75 0.25
vt 0.25 0.75
vt 0.25 0.75
vt 0.25 0.75
vt 0.25 0.75
vt 0.25 0.75
vt 0.25 0.75
vt 0.25 0.75
vt 0.25 0.75
vt 0.25 0.75
vt 0.25 0.75
vt 0.25 0.75
vt 0.75 0.25
vt 0.75 0.25
vt 0.75 0.25
vt 0.75 0.25
vt 0.25 0.75
vt 0.25 0.75
vt 0.25 0.75
vt 0.25 0.75
vt 0.25 0.75
vt 0.25 0.75
vt 0.25 0.75
vt 0.25 0.75
vt 0.75 0.25
vt 0.75 0.25
vt 0.75 0.25
vt 0.75 0.25
vt 0.25 0.75
vt 0.25 0.75
vt 0.25 0.75
vt 0.25 0.75
vt 0.75 0.25
vt 0.75 0.25
vt 0.75 0.25
vt 0.75 0.25
vt 0.25 0.25
vt 0.25 0.25
vt 0.25 0.25
vt 0.249999985 0.249999985
vt 0.25 0.25
vt 0.25 0.25
vt 0.25 0.25
vt 0.25 0.25
vt 0.25 0.25
vt 0.25 0.25
vt 0.25 0.25
vt 0.25 0.25
vt 0.25 0.25
vt 0.25 0.25
vt 0.75 0.25
vt 0.75 0.25
vt 0.75 0.25
vt 0.75 0.25
vt 0.75 0.25
vt 0.75 0.25
vt 0.75 0.25
vt 0.75 0.25
vt 0.24999997 0.749999881
vt 0.25 0.75
vt 0.24999997 0.749999881
vt 0.25 0.75
vt 0.25 0.75
vt 0.25 0.75
vt 0.75 0.25
vt 0.75 0.25
vt 0.75 0.25
vt 0.75 0.25
vt 0.25 0.25
vt 0.25 0.25
vt 0.25 0.25
vt 0.25 0.25
vt 0.25 0.75
vt 0.25 0.75
vt 0.25 0.75
vt 0.25 0.75
vt 0.25 0.75
vt 0.25 0.75
vt 0.25 0.75
vt 0.25 0.75
vt 0.24999997 0.24999997
vt 0.24999997 0.24999997
vt 0.25 0.25
vt 0.25 0.25
vt 0.25 0.25
vt 0.25 0.25
vt 0.25 0.25
vt 0.25 0.25
vt 0.25 0.75
vt 0.25 0.75
vt 0.25 0.75
vt 0.25 0.75
vt 0.25 0.75
vt 0.25 0.75
vt 0.25 0.75
vt 0.25 0.75
vt 0.25 0.75
vt 0.25 0.75
vt 0.25 0.75
vt 0.25 0.75
vt 0.25 0.75
vt 0.25 0.75
vt 0.25 0.75
vt 0.25 0.75
vt 0.25 0.75
vt 0.25 0.75
vt 0.25 0.75
vt 0.25 0.75
vt 0.25 0.75
vt 0.25 0.75
vt 0.25 0.25
vt 0.25 0.25
vt 0.25 0.25
vt 0.25 0.25
vt 0.249999985 0.249999985
vt 0.249999985 0.249999985
vt 0.25 0.25
vt 0.25 0.25
vt 0.75 0.25
vt 0.75 0.25
vt 0.75 0.25
vt 0.75 0.25
vt 0.75 0.25
vt 0.75 0.25
vt 0.75 0.25
vt 0.75 0.25
vt 0.75 0.25
vt 0.75 0.25
vt 0.75 0.25
vt 0.75 0.25
vt 0.25 0.25
vt 0.25 0.25
vt 0.25 0.25
vt 0.25 0.25
vt 0.25 0.25
vt 0.25 0.25
vt 0.24999997 0.24999997
vt 0.25 0.25
vt 0.25 0.25
vt 0.25 0.25
vt 0.25 0.25
vt 0.25 0.25
vt 0.25 0.25
vt 0.25 0.25
vt 0.25 0.25
vt 0.25 0.25
vt 0.25 0.25
vt 0.25 0.25
vt 0.25 0.25
vt 0.25 0.25
vt 0.25 0.25
vt 0.25 0.25
vt 0.25 0.25
vt 0.25 0.25
vt 0.25 0.25
vt 0.25 0.25
vt 0.75 0.25
vt 0.75 0.25
vt 0.75 0.25
vt 0.75 0.25
vt 0.75 0.25
vt 0.75 0.25
vt 0.75 0.25
vt 0.75 0.25
vt 0.75 0.25
vt 0.75 0.25
vt 0.75 0.25
vt 0.75 0.25
vt 0.25 0.75
vt 0.25 0.75
vt 0.25 0.75
vt 0.25 0.75
vt 0.25 0.75
vt 0.25 0.75
vt 0.25 0.75
vt 0.25 0.25
vt 0.25 0.25
vt 0.25 0.75
vt 0.25 0.25
vt 0.25 0.25
vt 0.25 0.25
vt 0.25 0.25
vt 0.25 0.75
vt 0.25 0.75
vt 0.25 0.75
vt 0.25 0.75
vt 0.25 0.75
vt 0.25 0.75
vt 0.75 0.25
vt 0.75 0.25
vt 0.75 0.25
vt 0.75 0.25
vt 0.75 0.25
vt 0.75 0.25
vt 0.75 0.25
vt 0.75 0.25
vt 0.75 0.25
vt 0.75 0.25
vt 0.75 0.25
vt 0.75 0.25
vt 0.25 0.75
vt 0.25 0.75
vt 0.25 0.75
vt 0.25 0.75
vt 0.249999985 0.749999881
vt 0.249999985 0.749999881
vt 0.25 0.75
vt 0.25 0.75
vt 0.25 0.75
vt 0.25 0.75
vt 0.25 0.75
vt 0.25 0.75
vt 0.25 0.75
vt 0.25 0.75
vt 0.25 0.75
vt 0.25 0.75
vt 0.25 0.75
vt 0.25 0.75
vt 0.25 0.75
vt 0.25 0.75
vt 0.25 0.75000006
vt 0.25 0.75000006
vt 0.25 0.75
vt 0.25 0.75
vt 0.75 0.25
vt 0.75 0.25
vt 0.75 0.25
vt 0.75 0.25
vt 0.25 0.25
vt 0.25 0.25
vt 0.25 0.25
vt 0.25 0.25
vt 0.25 0.25
vt 0.25000003 0.25000003
vt 0.25000003 0.25000003
vt 0.25 0.25
vt 0.25 0.25
vt 0.25 0.25
vt 0.25 0.25
vt 0.25000003 0.25000003
vt 0.25 0.25
vt 0.25 0.25
vt 0.25 0.25
vt 0.25 0.25
vt 0.25 0.25
vt 0.25 0.25
vt 0.25 0.25
vt 0.25 0.25
vt 0.25 0.25
vt 0.25 0.25
vt 0.25 0.25
vt 0.25 0.25
vt 0.25 0.25
vt 0.25 0.25
vt 0.25 0.25
vt 0.25 0.25
vt 0.75 0.25
vt 0.75 0.25
vt 0.75 0.25
vt 0.75 0.25
vt 0.25 0.25
vt 0.25 0.25
vt 0.25 0.25
vt 0.25 0.25
vt 0.25 0.25
vt 0.25 0.25
vt 0.25 0.25
vt 0.25 0.25
vt 0.25 0.25
vt 0.25 0.25
vt 0.25 0.25
vt 0.25 0.25
vt 0.25 0.75
vt 0.25 0.75
vt 0.25 0.75
vt 0.25 0.75
vt 0.25 0.75
vt 0.25 0.75
vt 0.249999985 0.749999881
vt 0.25 0.74999994
vt 0.25 0.74999994
vt 0.249999985 0.749999881
vt 0.25 0.75
vt 0.25 0.75
vt 0.25 0.75
vt 0.25 0.75
vt 0.25 0.75
vt 0.25 0.75
vt 0.25 0.75
vt 0.25 0.75
vt 0.25 0.75
vt 0.25 0.75
vt 0.25000003 0.75
vt 0.25 0.75
vt 0.25 0.75
vt 0.25000003 0.75
vt 0.25 0.25
vt 0.25 0.25
vt 0.25 0.25
vt 0.25 0.25
vt 0.25 0.75
vt 0.25 0.75
vt 0.25 0.75
vt 0.25 0.75
vt 0.25 0.75
vt 0.25 0.75
vt 0.25 0.75
vt 0.25 0.75
vt 0.25 0.75
vt 0.25 0.75
vt 0.25 0.74999994
vt 0.25 0.74999994
vt 0.25 0.25
vt 0.25 0.25
vt 0.25 0.25
vt 0.25 0.25
vt 0.25 0.25
vt 0.25 0.25
vt 0.25 0.25
vt 0.25 0.25
vt 0.75 0.25
vt 0.75 0.25
vt 0.75 0.25
vt 0.75 0.25
vt 0.75 0.25
vt 0.75 0.25
vt 0.75 0.25
vt 0.75 0.25
vt 0.75 0.25
vt 0.75 0.25
vt 0.75 0.25
vt 0.75 0.25
vt 0.75 0.25
vt 0.75 0.25
vt 0.75 0.25
vt 0.75 0.25
vt 0.75 0.25
vt 0.75 0.25
vt 0.75 0.25
vt 0.75 0.25
vt 0.75 0.25
vt 0.75 0.25
vt 0.75 0.25
vt 0.75 0.25
vt 0.75 0.25
vt 0.75 0.25
vt 0.75 0.25
vt 0.75 0.25
vt 0.75 0.25
vt 0.75 0.25
vt 0.75 0.25
vt 0.75 0.25
vt 0.75 0.25
vt 0.75 0.25
vt 0.75 0.25
vt 0.75 0.25
vt 0.25 0.25
vt 0.25 0.25
vt 0.25 0.25
vt 0.25 0.25
vt 0.25 0.25
vt 0.25 0.25
vt 0.25 0.25
vt 0.25 0.25
vt 0.751999676 0.75
vt 0.751999676 0.75
vt 0.751999676 0.75
vt 0.751999676 0.75
vt 0.751999676 0.75
vt 0.751999617 0.749999881
vt 0.776607513 0.764764726
vt 0.776607513 0.764764607
vt 0.776607513 0.764764667
vt 0.776607513 0.764764786
vt 0.776607513 0.764764726
vt 0.776607513 0.764764726
vt 0.776607513 0.764764726
vt 0.776607513 0.764764726
vt 0.776607513 0.764764667
vt 0.776607513 0.764764726
vt 0.75 0.75
vt 0.75 0.75
vt 0.75 0.75
vt 0.75 0.75
vt 0.75 0.75
vt 0.75 0.75
vt 0.75 0.75
vt 0.75 0.75
vt 0.25 0.25
vt 0.25 0.25
vt 0.25 0.25
vt 0.25 0.25
vt 0.25 0.25
vt 0.25 0.25
vt 0.25 0.25
vt 0.25 0.25
vt 0.25 0.25
vt 0.25 0.25
vt 0.25 0.25
vt 0.75 0.75
vt 0.75 0.75
vt 0.75 0.75
vt 0.75 0.75
vt 0.75 0.75
vt 0.75 0.75
vt 0.75 0.75
vt 0.75 0.75
vt 0.75 0.75
vt 0.75 0.75
vt 0.75 0.75
vt 0.75 0.75
vt 0.75 0.75
vt 0.75 0.75
vt 0.75 0.75
vt 0.75 0.75
vt 0.75 0.75
vt 0.75 0.75
vt 0.75 0.75
vt 0.75 0.75
vt 0.770865917 0.758464336
vt 0.770865917 0.758464336
vt 0.770865917 0.758464336
vt 0.770865917 0.758464336
vt 0.75 0.75
vt 0.75 0.75
vt 0.75 0.75
vt 0.75 0.75
vt 0.751999676 0.75
vt 0.751999676 0.75
vt 0.751999676 0.75
vt 0.751999736 0.75
vt 0.751999676 0.75
vt 0.751999676 0.75
vt 0.751999676 0.75
vt 0.751999676 0.75
vt 0.75 0.75
vt 0.75 0.75
vt 0.75 0.75
vt 0.75 0.75
vt 0.75 0.75
vt 0.75 0.75
vt 0.75 0.75
vt 0.75 0.75
vt 0.761842847 0.766764402
vt 0.761842847 0.766764402
vt 0.761842847 0.766764402
vt 0.761842847 0.766764402
vt 0.761842847 0.766764402
vt 0.761842847 0.766764402
vt 0.761842847 0.766764402
vt 0.761842847 0.766764402
vt 0.75 0.75
vt 0.75 0.75
vt 0.75 0.75
vt 0.75 0.75
vt 0.75 0.75
vt 0.75 0.75
vt 0.75 0.75
vt 0.75 0.75
vt 0.730905473 0.75
vt 0.730905473 0.75
vt 0.730905473 0.75
vt 0.730905473 0.75
vt 0.730905473 0.75
vt 0.730905473 0.75
vt 0.730905473 0.75
vt 0.730905473 0.75
vt 0.730905473 0.75
vt 0.730905473 0.75
vt 0.730905473 0.75
vt 0.730905473 0.75
vt 0.730905473 0.75
vt 0.730905473 0.75
vt 0.730905473 0.75
vt 0.730905473 0.75
vt 0.730905473 0.75
vt 0.730905473 0.75
vt 0.730905473 0.75
vt 0.730905473 0.75
vt 0.730905473 0.75
vt 0.730905473 0.75
vt 0.730905473 0.75
vt 0.75 0.75
vt 0.75 0.75
vt 0.75 0.75
vt 0.75 0.75
vt 0.730905473 0.75
vt 0.730905473 0.75
vt 0.730905473 0.75
vt 0.730905473 0.75
vt 0.730905473 0.75
vt 0.730905473 0.75
vt 0.730905473 0.75
vt 0.730905473 0.75
vt 0.730905473 0.75
vt 0.730905473 0.75
vt 0.730905473 0.75
vt 0.730905473 0.75
vt 0.730905473 0.75
vt 0.730905473 0.75
vt 0.730905473 0.75
vt 0.730905473 0.75
vt 0.75 0.75
vt 0.75 0.75
vt 0.75 0.75
vt 0.75 0.75
vt 0.75 0.75
vt 0.75 0.75
vt 0.75 0.75
vt 0.75 0.75
vt 0.75 0.75
vt 0.75 0.75
vt 0.75 0.75
vt 0.75 0.75
vt 0.75 0.75
vt 0.75 0.75
vt 0.75 0.75
vt 0.75 0.75
vt 0.75 0.75
vt 0.75 0.75
vt 0.75 0.75
vt 0.75 0.75
vt 0.75 0.75
vt 0.75 0.75
vt 0.75 0.75
vt 0.75 0.75
vt 0.75 0.75
vt 0.75 0.75
vt 0.75 0.75
vt 0.75 0.75
vt 0.75 0.75
vt 0.75 0.75
vt 0.75 0.75
vt 0.75 0.75
vt 0.75 0.75
vt 0.75 0.75
vt 0.75 0.75
vt 0.730905473 0.75
vt 0.730905473 0.75
vt 0.730905473 0.75
vt 0.730905473 0.75
vt 0.730905473 0.75
vt 0.730905473 0.75
vt 0.730905473 0.75
vt 0.730905473 0.75
vt 0.730905473 0.75
vt 0.730905473 0.75
vt 0.730905473 0.75
vt 0.730905473 0.75
vt 0.730905473 0.75
vt 0.730905473 0.75
vt 0.730905473 0.75
vt 0.730905473 0.75
vt 0.730905473 0.75
vt 0.730905473 0.75
vt 0.730905473 0.75
vt 0.730905473 0.75
vt 0.730905473 0.75
vt 0.730905473 0.75
vt 0.730905473 0.75
vt 0.730905473 0.75
vt 0.730905473 0.75
vt 0.730905473 0.75
vt 0.730905473 0.75
vt 0.730905473 0.75
vt 0.730905473 0.75
vt 0.730905473 0.75
vt 0.730905473 0.75
vt 0.730905473 0.75
vt 0.730905473 0.75
vt 0.730905473 0.75
vt 0.730905473 0.75
vt 0.730905473 0.75
vt 0.730905473 0.75
vt 0.730905473 0.75
vt 0.730905473 0.75
vt 0.730905473 0.75
vt 0.730905473 0.75
vt 0.730905473 0.75
vt 0.730905473 0.75
vt 0.730905473 0.75
vt 0.730905473 0.75
vt 0.730905473 0.75
vt 0.730905473 0.75
vt 0.730905473 0.75
vn -0.393135 0.207707 0.895713
vn -0.217751 0.543811 0.810465
vn -0.473597 0.132314 0.870746
vn -0.606346 -0.011567 0.795117
vn -0.606346 -0.011567 0.795117
vn -0.560136 -0.086029 0.823922
vn -0.259286 0.074325 0.962936
vn -0.815613 0.000000 0.578598
vn -0.815613 0.000000 0.578598
vn -0.815613 0.000000 0.578598
vn -0.815613 0.000000 0.578598
vn -0.858535 0.479506 0.181636
vn -0.858535 0.479506 0.181636
vn -0.858535 0.479506 0.181636
vn -0.858535 0.479506 0.181636
vn 0.487743 -0.014024 0.872875
vn 0.487743 -0.014024 0.872875
vn 0.487743 -0.014024 0.872875
vn 0.487743 -0.014024 0.872875
vn -0.033509 0.027841 0.999051
vn -0.081614 0.234709 0.968633
vn -0.081614 0.234709 0.968633
vn -0.033509 0.027841 0.999051
vn 0.016139 -0.180310 0.983477
vn -0.256147 -0.176682 0.950354
vn -0.002127 -0.999748 -0.022360
vn -0.002127 -0.999748 -0.022360
vn -0.002127 -0.999748 -0.022360
vn -0.002127 -0.999748 -0.022360
vn -0.000000 1.000000 -0.000000
vn -0.000000 1.000000 -0.000000
vn -0.000000 1.000000 -0.000000
vn -0.000000 1.000000 -0.000000
vn -0.000000 1.000000 -0.000000
vn -0.000000 1.000000 -0.000000
vn -0.860108 -0.485513 0.156494
vn -0.860108 -0.485513 0.156494
vn -0.860108 -0.485513 0.156494
vn -0.860108 -0.485513 0.156494
vn -0.484779 -0.000000 -0.874637
vn -0.484779 -0.000000 -0.874637
vn -0.484779 -0.000000 -0.874637
vn -0.484779 -0.000000 -0.874637
vn 0.533099 0.000000 0.846053
vn 0.476707 0.000000 0.879062
vn 0.533099 0.000000 0.846053
vn 0.459598 0.011234 0.888056
vn 0.438467 0.008412 0.898708
vn 0.440090 0.016823 0.897796
vn 0.445143 -0.011215 0.895389
vn 0.432860 -0.011216 0.901391
vn 0.459598 -0.011234 0.888056
vn 0.476707 0.000000 0.879062
vn 0.533099 0.000000 0.846053
vn 0.533099 0.000000 0.846053
vn -0.000000 1.000000 -0.000000
vn -0.000000 1.000000 -0.000000
vn -0.000000 1.000000 -0.000000
vn -0.000000 1.000000 -0.000000
vn -0.000000 1.000000 -0.000000
vn -0.000000 1.000000 -0.000000
vn -0.000000 0.999750 0.022360
vn -0.000000 0.999750 0.022360
vn -0.000000 0.999750 0.022360
vn -0.000000 0.999750 0.022360
vn -0.493796 0.865803 -0.080938
vn -0.493796 0.865803 -0.080938
vn -0.493796 0.865803 -0.080938
vn -0.493796 0.865803 -0.080938
vn 0.855235 0.500702 -0.133681
vn 0.855235 0.500702 -0.133681
vn 0.855235 0.500702 -0.133681
vn 0.855235 0.500702 -0.133681
vn 0.069285 0.868762 -0.490359
vn 0.055161 0.827435 -0.558845
vn 0.055161 0.827435 -0.558845
vn 0.028573 0.978923 -0.202223
vn 0.042505 0.975796 -0.214510
vn -0.000000 1.000000 -0.000000
vn -0.000000 1.000000 -0.000000
vn -0.000000 1.000000 -0.000000
vn -0.000000 1.000000 -0.000000
vn -0.000000 1.000000 -0.000000
vn 0.024680 0.991906 -0.124554
vn 0.046935 0.963010 -0.265348
vn 0.066291 0.917048 -0.393229
vn 0.056225 0.864410 -0.499634
vn 0.051954 0.857843 -0.511279
vn 0.048823 0.807498 -0.587847
vn 0.055160 0.827434 -0.558847
vn -0.493796 -0.865803 -0.080938
vn -0.493796 -0.865803 -0.080938
vn -0.493796 -0.865803 -0.080938
vn -0.493796 -0.865803 -0.080938
vn -1.000000 0.000000 -0.000000
vn -1.000000 0.000000 -0.000000
vn -1.000000 0.000000 -0.000000
vn -1.000000 0.000000 -0.000000
vn -0.980025 -0.000000 -0.198874
vn -0.980025 -0.000000 -0.198874
vn -0.980025 -0.000000 -0.198874
vn -0.980025 -0.000000 -0.198874
vn 0.998822 0.000000 0.048523
vn 0.998822 0.000000 0.048523
vn 0.998822 0.000000 0.048523
vn 0.998822 0.000000 0.048523
vn 0.998822 0.000000 0.048523
vn 0.998822 0.000000 0.048523
vn 0.998822 0.000000 0.048523
vn 0.998822 0.000000 0.048523
vn 0.998822 0.000000 0.048523
vn 0.998822 0.000000 0.048523
vn 0.998822 0.000000 0.048523
vn 0.947241 -0.143318 -0.286697
vn 0.998822 0.000000 0.048523
vn 0.998822 0.000000 0.048523
vn 0.767239 -0.267205 -0.583049
vn 0.767239 -0.267205 -0.583049
vn 0.767239 -0.267205 -0.583049
vn 0.852893 -0.498239 -0.155985
vn 0.852893 -0.498239 -0.155985
vn 0.852893 -0.498239 -0.155985
vn 0.852893 -0.498239 -0.155985
vn 0.493796 -0.865803 0.080939
vn 0.493796 -0.865803 0.080939
vn 0.493796 -0.865803 0.080939
vn 0.493796 -0.865803 0.080939
vn -0.120085 0.072345 0.990124
vn -0.027933 0.163620 0.986128
vn -0.027933 0.163620 0.986128
vn -0.120085 0.072345 0.990124
vn -0.210214 -0.020148 0.977448
vn -0.210214 -0.020148 0.977448
vn 0.083470 -0.000000 -0.996510
vn -0.141115 -0.290719 -0.946345
vn 0.083470 -0.000000 -0.996510
vn 0.068696 -0.000000 -0.997638
vn 0.083471 -0.000000 -0.996510
vn 0.068696 -0.000000 -0.997638
vn 0.098227 -0.000000 -0.995164
vn -0.136893 -0.000000 -0.990586
vn -0.259451 -0.000000 -0.965756
vn -0.776692 -0.000000 -0.629881
vn -0.776692 -0.000000 -0.629881
vn -0.000000 -0.999750 -0.022360
vn -0.000000 -0.999750 -0.022360
vn -0.000000 -0.999750 -0.022360
vn -0.000000 -0.999750 -0.022360
vn 0.806883 -0.000000 -0.590712
vn 0.806883 -0.000000 -0.590712
vn -0.031206 -0.000000 -0.999513
vn 0.069975 -0.000000 -0.997549
vn -0.173136 -0.000000 -0.984898
vn -0.173136 -0.000000 -0.984898
vn -0.173137 -0.000000 -0.984898
vn -0.171133 -0.155033 -0.972974
vn -0.171183 0.155033 -0.972965
vn -0.169528 -0.208259 -0.963270
vn -0.164546 0.314286 -0.934959
vn -0.144156 0.376809 -0.915005
vn -0.083628 0.673285 -0.734639
vn -0.138101 -0.522052 -0.841659
vn -0.083627 -0.673284 -0.734639
vn -0.093413 0.699558 -0.708443
vn -0.049445 0.881986 -0.468674
vn -0.112458 0.748729 -0.653268
vn -0.060133 0.935074 -0.349313
vn -0.000000 1.000000 -0.000000
vn -0.000000 1.000000 -0.000000
vn -0.105462 -0.727256 -0.678216
vn -0.029596 -0.958529 -0.283453
vn -0.079915 -0.882962 -0.462591
vn -0.118732 -0.758777 -0.640438
vn -0.119144 -0.756461 -0.643095
vn -0.115344 -0.745771 -0.656141
vn -0.000000 -1.000000 0.000000
vn -0.000000 -1.000000 0.000000
vn -0.000000 -1.000000 0.000000
vn -0.059019 -0.935624 -0.348029
vn -0.059019 -0.935624 -0.348029
vn -0.110439 -0.750785 -0.651248
vn -0.112075 -0.749120 -0.652885
vn -0.112892 -0.748285 -0.653701
vn -0.115344 -0.745770 -0.656142
vn 1.000000 0.000000 -0.000000
vn 1.000000 0.000000 -0.000000
vn 1.000000 0.000000 -0.000000
vn 1.000000 0.000000 -0.000000
vn -0.210952 -0.214835 0.953596
vn -0.210952 -0.214835 0.953596
vn -0.210952 -0.214835 0.953596
vn -0.210952 -0.214835 0.953596
vn 0.493796 -0.865803 0.080938
vn 0.493796 -0.865803 0.080938
vn 0.493796 -0.865803 0.080938
vn 0.493796 -0.865803 0.080938
vn -0.642662 -0.422067 -0.639410
vn -0.508323 -0.487446 -0.709932
vn -0.508323 -0.487446 -0.709932
vn -0.642662 -0.422067 -0.639410
vn -0.360111 -0.539521 -0.761077
vn -0.360111 -0.539521 -0.761077
vn -0.330691 -0.351544 -0.875820
vn 0.986832 0.000000 0.161751
vn 0.986832 0.000000 0.161751
vn 0.986832 0.000000 0.161751
vn 0.986832 0.000000 0.161751
vn 0.986831 0.000000 0.161754
vn 0.986831 0.000000 0.161754
vn 0.986831 0.000000 0.161754
vn 0.986831 0.000000 0.161754
vn -0.980025 -0.000000 -0.198874
vn -0.980025 -0.000000 -0.198874
vn -0.980025 -0.000000 -0.198874
vn -0.980025 -0.000000 -0.198874
vn -0.946360 0.284895 -0.152437
vn -0.946360 0.284895 -0.152437
vn -0.953617 0.269795 -0.133514
vn -0.960268 0.254512 -0.114495
vn -0.966301 0.239077 -0.095414
vn -0.966301 0.239077 -0.095414
vn -0.000000 1.000000 -0.000000
vn -0.000000 1.000000 -0.000000
vn -0.000000 1.000000 -0.000000
vn -0.000000 1.000000 -0.000000
vn -0.000000 1.000000 -0.000000
vn -0.000000 1.000000 -0.000000
vn -0.855235 -0.500702 0.133681
vn -0.855235 -0.500702 0.133681
vn -0.855235 -0.500702 0.133681
vn -0.855235 -0.500702 0.133681
vn -0.484780 0.000000 0.874636
vn -0.484780 0.000000 0.874636
vn -0.484780 0.000000 0.874636
vn -0.484780 0.000000 0.874636
vn -0.759573 0.142263 -0.634673
vn -0.614126 0.217104 -0.758759
vn -0.614126 0.217104 -0.758759
vn -0.759573 0.142263 -0.634673
vn -0.873001 0.061426 -0.483835
vn -0.873001 0.061426 -0.483835
vn 0.855235 0.500702 -0.133680
vn 0.855235 0.500702 -0.133680
vn 0.855235 0.500702 -0.133680
vn 0.855235 0.500702 -0.133680
vn -0.484780 0.000000 0.874636
vn -0.484780 0.000000 0.874636
vn -0.484780 0.000000 0.874636
vn -0.484780 0.000000 0.874636
vn 0.493795 0.865803 0.080939
vn 0.493795 0.865803 0.080939
vn 0.493795 0.865803 0.080939
vn 0.493795 0.865803 0.080939
vn 0.815613 0.000000 0.578598
vn 0.815613 0.000000 0.578598
vn 0.815613 0.000000 0.578598
vn 0.815613 0.000000 0.578598
vn 0.374249 0.569093 -0.732168
vn 0.374249 0.569093 -0.732168
vn 0.374249 0.569093 -0.732168
vn 0.374249 0.569093 -0.732168
vn -0.904887 0.352400 -0.238734
vn -0.904887 0.352400 -0.238734
vn -0.913621 0.340095 -0.222782
vn -0.921918 0.327621 -0.206715
vn -0.929767 0.314994 -0.190556
vn -0.929767 0.314994 -0.190556
vn -0.214845 -0.012246 0.976571
vn -0.263069 -0.024460 0.964467
vn -0.263069 -0.024460 0.964467
vn -0.214845 -0.012246 0.976571
vn -0.214845 0.012246 0.976571
vn -0.214845 0.012246 0.976571
vn -0.263069 0.024460 0.964467
vn -0.263069 0.024460 0.964467
vn 0.852893 -0.498239 -0.155985
vn 0.852893 -0.498239 -0.155985
vn 0.852893 -0.498239 -0.155985
vn 0.852893 -0.498239 -0.155985
vn -0.000000 -1.000000 0.000000
vn -0.000000 -1.000000 0.000000
vn -0.000000 -1.000000 0.000000
vn -0.000000 -1.000000 0.000000
vn -0.000000 -1.000000 0.000000
vn -0.000000 -1.000000 0.000000
vn 0.815613 0.000000 0.578598
vn 0.815613 0.000000 0.578598
vn 0.815613 0.000000 0.578598
vn 0.815613 0.000000 0.578598
vn -1.000000 0.000000 -0.000000
vn -1.000000 0.000000 -0.000000
vn -1.000000 0.000000 -0.000000
vn -1.000000 0.000000 -0.000000
vn -0.000000 -1.000000 0.000000
vn -0.000000 -1.000000 0.000000
vn -0.000000 -1.000000 0.000000
vn -0.000000 -1.000000 0.000000
vn -0.000000 -1.000000 0.000000
vn -0.000000 -1.000000 0.000000
vn 0.453037 0.288735 -0.843439
vn 0.453037 0.288735 -0.843439
vn 0.453037 0.288735 -0.843439
vn 0.453037 0.288735 -0.843439
vn -0.988369 0.000000 0.152078
vn -0.988369 0.000000 0.152078
vn -0.988369 0.000000 0.152078
vn -0.988369 0.000000 0.152078
vn 0.484780 0.000000 0.874636
vn 0.484780 0.000000 0.874636
vn 0.484780 0.000000 0.874636
vn 0.484780 0.000000 0.874636
vn -0.484780 -0.000000 -0.874636
vn -0.484780 -0.000000 -0.874636
vn -0.484780 -0.000000 -0.874636
vn -0.484780 -0.000000 -0.874636
vn -0.683805 -0.209835 0.698841
vn -0.683805 -0.209835 0.698841
vn -0.683805 -0.209835 0.698841
vn -0.683805 -0.209835 0.698841
vn 1.000000 0.000000 -0.000000
vn 1.000000 0.000000 -0.000000
vn 1.000000 0.000000 -0.000000
vn 1.000000 0.000000 -0.000000
vn 0.060207 -0.096489 -0.993511
vn 0.017981 0.055070 -0.998321
vn 0.060207 -0.096489 -0.993511
vn 0.017981 0.055070 -0.998321
vn -0.012413 0.103191 -0.994584
vn 0.011612 0.137718 -0.990403
vn 0.029844 0.103434 -0.994189
vn 0.059340 0.205666 -0.976822
vn 0.002128 0.999748 0.022360
vn 0.002128 0.999748 0.022360
vn 0.002128 0.999748 0.022360
vn 0.002128 0.999748 0.022360
vn 0.993372 -0.021495 -0.112914
vn 0.920543 0.015600 -0.390331
vn 0.920543 -0.015600 -0.390331
vn 0.993372 0.021495 -0.112914
vn 0.998247 0.042469 0.041219
vn 0.993372 0.021495 -0.112914
vn 0.998247 0.042469 0.041219
vn -0.000000 -0.000000 -1.000000
vn -0.000000 -0.000000 -1.000000
vn -0.000000 -0.000000 -1.000000
vn -0.000000 -0.000000 -1.000000
vn -1.000000 0.000000 -0.000000
vn -1.000000 0.000000 -0.000000
vn -1.000000 0.000000 -0.000000
vn -1.000000 0.000000 -0.000000
vn -0.000000 -0.000000 -1.000000
vn -0.000000 -0.000000 -1.000000
vn -0.000000 -0.000000 -1.000000
vn -0.000000 -0.000000 -1.000000
vn -0.815613 0.000000 0.578598
vn -0.815613 0.000000 0.578598
vn -0.815613 0.000000 0.578598
vn -0.815613 0.000000 0.578598
vn 1.000000 0.000000 -0.000000
vn 1.000000 0.000000 -0.000000
vn 1.000000 0.000000 -0.000000
vn 1.000000 0.000000 -0.000000
vn -0.000000 0.000000 1.000000
vn -0.000000 0.000000 1.000000
vn -0.000000 0.000000 1.000000
vn -0.000000 0.000000 1.000000
vn -0.484780 0.000000 0.874636
vn -0.484780 0.000000 0.874636
vn -0.484780 0.000000 0.874636
vn -0.484780 0.000000 0.874636
vn -0.000000 -1.000000 0.000000
vn -0.000000 -1.000000 0.000000
vn -0.000000 -1.000000 0.000000
vn -0.000000 -1.000000 0.000000
vn -0.000000 -1.000000 0.000000
vn -0.000000 -1.000000 0.000000
vn -0.000000 -1.000000 0.000000
vn -0.000000 -1.000000 0.000000
vn -0.000000 -1.000000 0.000000
vn -0.000000 -1.000000 0.000000
vn -0.000000 -1.000000 0.000000
vn -0.000000 -1.000000 0.000000
vn -0.000000 -1.000000 0.000000
vn -0.000000 -1.000000 0.000000
vn 0.484780 -0.000000 -0.874636
vn 0.484780 -0.000000 -0.874636
vn 0.484780 -0.000000 -0.874636
vn 0.484780 -0.000000 -0.874636
vn -0.852893 0.498239 0.155985
vn -0.852893 0.498239 0.155985
vn -0.852893 0.498239 0.155985
vn -0.852893 0.498239 0.155985
vn 0.831854 -0.433398 0.346676
vn 0.780046 -0.476071 0.406060
vn 0.831854 -0.433398 0.346676
vn 0.780046 -0.476071 0.406060
vn 0.721973 -0.514920 0.462183
vn 0.721973 -0.514920 0.462183
vn 0.484779 -0.000000 -0.874636
vn 0.484779 -0.000000 -0.874636
vn 0.484779 -0.000000 -0.874636
vn 0.484779 -0.000000 -0.874636
vn 0.710176 0.095108 -0.697571
vn 0.710176 0.095108 -0.697571
vn 0.710176 0.095108 -0.697571
vn 0.710176 0.095108 -0.697571
vn 0.151260 -0.013322 0.988404
vn 0.199350 -0.026610 0.979567
vn 0.199350 -0.026610 0.979567
vn 0.151260 -0.013322 0.988404
vn 0.151260 0.013322 0.988404
vn 0.151260 0.013322 0.988404
vn 0.199350 0.026610 0.979567
vn 0.199350 0.026610 0.979567
vn 0.441536 0.310694 -0.841734
vn 0.397431 0.322992 -0.858909
vn 0.441536 0.310694 -0.841734
vn 0.484585 0.297653 -0.822545
vn -1.000000 0.000000 -0.000000
vn -1.000000 0.000000 -0.000000
vn -1.000000 0.000000 -0.000000
vn -1.000000 0.000000 -0.000000
vn -0.997291 0.070240 0.021856
vn -0.997291 0.070240 0.021856
vn -0.980029 0.035997 -0.195570
vn -0.980029 0.035997 -0.195570
vn -0.901868 0.025379 -0.431266
vn -0.980029 -0.035997 -0.195570
vn -0.901868 -0.025379 -0.431266
vn -0.997291 -0.070240 0.021856
vn -0.980029 -0.035997 -0.195570
vn -0.997291 -0.070240 0.021856
vn 0.980025 -0.000000 -0.198874
vn 0.980025 -0.000000 -0.198874
vn 0.980025 -0.000000 -0.198874
vn 0.980025 -0.000000 -0.198874
vn 0.048823 -0.807499 -0.587845
vn 0.055160 -0.827436 -0.558845
vn 0.050247 -0.916163 -0.397644
vn 0.058753 -0.859007 -0.508581
vn 0.073462 -0.922062 -0.380007
vn 0.037098 -0.981617 -0.187222
vn -0.000000 -1.000000 0.000000
vn -0.000000 -1.000000 0.000000
vn 0.573895 0.099437 0.812870
vn 0.573895 0.099437 0.812870
vn 0.573895 0.099437 0.812870
vn 0.573895 0.099437 0.812870
vn -0.134537 -0.316746 -0.938920
vn -0.134537 -0.316746 -0.938920
vn -0.134537 -0.316746 -0.938920
vn -0.134537 -0.316746 -0.938920
vn -1.000000 0.000000 -0.000000
vn -1.000000 0.000000 -0.000000
vn -1.000000 0.000000 -0.000000
vn -1.000000 0.000000 -0.000000
vn 0.484780 -0.000000 -0.874636
vn 0.484780 -0.000000 -0.874636
vn 0.484780 -0.000000 -0.874636
vn 0.484780 -0.000000 -0.874636
vn 0.484780 0.000000 0.874636
vn 0.484780 0.000000 0.874636
vn 0.484780 0.000000 0.874636
vn 0.484780 0.000000 0.874636
vn -0.998770 0.000000 0.049587
vn -0.998770 0.000000 0.049587
vn -0.998770 0.000000 0.049587
vn -0.998770 0.000000 0.049587
vn -0.998770 0.000000 0.049587
vn -0.998770 0.000000 0.049587
vn -0.998770 0.000000 0.049587
vn -0.998770 0.000000 0.049587
vn -0.998770 0.000000 0.049587
vn -0.998770 0.000000 0.049587
vn -0.998770 0.000000 0.049587
vn -0.998770 0.000000 0.049587
vn 0.457976 -0.369450 0.808557
vn 0.457976 -0.369450 0.808557
vn 0.237061 -0.143486 0.960840
vn 0.237061 -0.143486 0.960840
vn 0.357913 -0.037460 0.933003
vn 0.183162 -0.090031 0.978952
vn 0.613799 -0.068784 0.786460
vn 0.712084 0.036806 0.701129
vn 0.761680 0.005839 0.647927
vn 0.761680 0.005839 0.647927
vn -0.527500 -0.173429 -0.831665
vn -0.527500 -0.173429 -0.831665
vn -0.527500 -0.173429 -0.831665
vn -0.527500 -0.173429 -0.831665
vn -0.484780 -0.000000 -0.874636
vn -0.484780 -0.000000 -0.874636
vn -0.484780 -0.000000 -0.874636
vn -0.484780 -0.000000 -0.874636
vn 0.493796 0.865803 0.080938
vn 0.493796 0.865803 0.080938
vn 0.493796 0.865803 0.080938
vn 0.493796 0.865803 0.080938
vn -0.986831 -0.000000 -0.161754
vn -0.986831 -0.000000 -0.161754
vn -0.986831 -0.000000 -0.161754
vn -0.986831 -0.000000 -0.161754
vn -0.525275 0.000000 0.850933
vn -0.525275 0.000000 0.850933
vn -0.639491 0.000000 0.768798
vn -0.639491 0.000000 0.768798
vn -0.741052 0.000000 0.671448
vn -0.741052 0.000000 0.671448
vn 0.998247 -0.042469 0.041219
vn 0.998247 -0.042469 0.041219
vn 0.993372 -0.021495 -0.112914
vn 0.993372 -0.021495 -0.112914
vn 0.271801 -0.340763 -0.900002
vn 0.271801 -0.340763 -0.900002
vn 0.271801 -0.340763 -0.900002
vn 0.271801 -0.340763 -0.900002
vn 0.992361 -0.081724 -0.092412
vn 0.992807 0.049975 -0.108795
vn 0.976078 0.191948 -0.102120
vn 0.973577 0.199506 -0.111106
vn 0.989708 -0.087654 -0.113117
vn 0.987257 -0.108942 -0.116000
vn -0.493795 0.865803 -0.080939
vn -0.493795 0.865803 -0.080939
vn -0.493795 0.865803 -0.080939
vn -0.493795 0.865803 -0.080939
vn -0.493795 -0.865803 -0.080939
vn -0.493795 -0.865803 -0.080939
vn -0.493795 -0.865803 -0.080939
vn -0.493795 -0.865803 -0.080939
vn 1.000000 0.000000 -0.000000
vn 1.000000 0.000000 -0.000000
vn 1.000000 0.000000 -0.000000
vn 1.000000 0.000000 -0.000000
vn 0.980025 -0.000000 -0.198874
vn 0.980025 -0.000000 -0.198874
vn 0.980025 -0.000000 -0.198874
vn 0.980025 -0.000000 -0.198874
vn -0.068986 -0.595696 -0.800242
vn -0.068986 -0.595696 -0.800242
vn -0.068986 -0.595696 -0.800242
vn -0.068986 -0.595696 -0.800242
vn -0.000000 0.000000 1.000000
vn -0.000000 0.000000 1.000000
vn -0.000000 0.000000 1.000000
vn -0.000000 0.000000 1.000000
vn -0.000000 1.000000 -0.000000
vn -0.000000 1.000000 -0.000000
vn -0.000000 1.000000 -0.000000
vn -0.000000 1.000000 -0.000000
vn -0.000000 1.000000 -0.000000
vn -0.000000 1.000000 -0.000000
vn -0.943716 0.249739 0.216864
vn -0.943716 0.249739 0.216864
vn -0.939540 0.256709 0.226638
vn -0.939540 0.256709 0.226638
vn -0.935213 0.263637 0.236375
vn -0.935213 0.263637 0.236375
vn -0.986831 -0.000000 -0.161752
vn -0.986831 -0.000000 -0.161752
vn -0.986831 -0.000000 -0.161752
vn -0.986831 -0.000000 -0.161752
vn -0.000000 -1.000000 0.000000
vn -0.000000 -1.000000 0.000000
vn -0.000000 -1.000000 0.000000
vn -0.000000 -1.000000 0.000000
vn -0.862129 0.002556 -0.506682
vn -0.862129 0.002556 -0.506682
vn -0.862129 0.002556 -0.506682
vn -0.862129 0.002556 -0.506682
vn -0.000000 1.000000 -0.000000
vn -0.000000 1.000000 -0.000000
vn -0.000000 1.000000 -0.000000
vn -0.000000 1.000000 -0.000000
vn -0.000000 1.000000 -0.000000
vn -0.000000 1.000000 -0.000000
vn -0.000000 1.000000 -0.000000
vn -0.000000 1.000000 -0.000000
vn -0.000000 1.000000 -0.000000
vn -0.000000 1.000000 -0.000000
vn -0.000000 1.000000 -0.000000
vn -0.000000 1.000000 -0.000000
vn -0.000000 1.000000 -0.000000
vn -0.000000 1.000000 -0.000000
vn -0.000000 1.000000 -0.000000
vn -0.000000 1.000000 -0.000000
vn -0.000000 1.000000 -0.000000
vn -0.000000 1.000000 -0.000000
vn -0.000000 1.000000 -0.000000
vn -0.000000 1.000000 -0.000000
vn 0.484780 0.000000 0.874636
vn 0.484780 0.000000 0.874636
vn 0.484780 0.000000 0.874636
vn 0.484780 0.000000 0.874636
vn -0.455163 0.000000 0.890408
vn -0.455163 0.000000 0.890408
vn -0.455163 0.000000 0.890408
vn -0.455163 0.000000 0.890408
vn -0.455163 0.000000 0.890408
vn -0.455163 0.000000 0.890408
vn -0.455163 0.000000 0.890408
vn -0.455163 0.000000 0.890408
vn -0.367947 0.275833 -0.887993
vn -0.367947 0.275833 -0.887993
vn -0.367947 0.275833 -0.887993
vn -0.367947 0.275833 -0.887993
vn -0.000000 -1.000000 0.000000
vn -0.000000 -1.000000 0.000000
vn -0.000000 -1.000000 0.000000
vn -0.000000 -1.000000 0.000000
vn -0.000000 -1.000000 0.000000
vn -0.000000 -1.000000 0.000000
vn 0.293034 0.557473 0.776759
vn 0.293034 0.557473 0.776759
vn 0.293034 0.557473 0.776759
vn 0.293034 0.557473 0.776759
vn 0.212573 0.574909 0.790121
vn 0.212573 0.574909 0.790121
vn 0.212573 0.574909 0.790121
vn 0.212573 0.574909 0.790121
vn 0.899474 0.000000 0.436973
vn 0.899474 0.000000 0.436973
vn 0.677281 0.000000 0.735724
vn 0.677281 0.000000 0.735724
vn 0.361202 0.000000 0.932488
vn 0.361202 0.000000 0.932488
vn -0.346924 -0.578647 0.738114
vn -0.346924 -0.578647 0.738114
vn -0.346924 -0.578647 0.738114
vn -0.346924 -0.578647 0.738114
vn 1.000000 0.000000 -0.000000
vn 1.000000 0.000000 -0.000000
vn 1.000000 0.000000 -0.000000
vn 1.000000 0.000000 -0.000000
vn 0.970135 0.000000 0.242564
vn 0.970135 0.000000 0.242564
vn 0.970135 0.000000 0.242564
vn 0.970135 0.000000 0.242564
vn 0.920183 -0.285750 -0.267601
vn 0.920183 -0.285750 -0.267601
vn 0.921051 -0.284545 -0.265894
vn 0.921914 -0.283338 -0.264185
vn 0.925194 -0.278680 -0.257593
vn 0.927577 -0.275217 -0.252700
vn 0.929921 -0.271743 -0.247796
vn 0.929921 -0.271743 -0.247796
vn -0.000000 -0.000000 -1.000000
vn -0.000000 -0.000000 -1.000000
vn -0.000000 -0.000000 -1.000000
vn -0.000000 -0.000000 -1.000000
vn -0.000000 -0.000000 -1.000000
vn -0.000000 -0.000000 -1.000000
vn -0.000000 -0.000000 -1.000000
vn -0.000000 -0.000000 -1.000000
vn -0.000000 -1.000000 0.000000
vn -0.000000 -1.000000 0.000000
vn -0.000000 -1.000000 0.000000
vn -0.000000 -1.000000 0.000000
vn -0.000000 -1.000000 0.000000
vn -0.000000 -1.000000 0.000000
vn -0.000000 -1.000000 0.000000
vn -0.000000 -1.000000 0.000000
vn -0.000000 -1.000000 0.000000
vn -0.000000 -1.000000 0.000000
vn -0.000000 -1.000000 0.000000
vn -0.000000 -1.000000 0.000000
vn -0.154412 0.020691 -0.987790
vn -0.154411 0.020690 -0.987790
vn -0.154410 0.020691 -0.987790
vn -0.154408 0.020690 -0.987791
vn -0.154412 0.020691 -0.987790
vn -0.154405 0.020690 -0.987791
vn -0.154411 0.020690 -0.987790
vn -0.154412 0.020690 -0.987790
vn -0.154410 0.020692 -0.987790
vn -0.154410 0.020691 -0.987790
vn -0.154410 0.020690 -0.987790
vn -0.154411 0.020688 -0.987790
vn 0.149369 -0.000000 -0.988782
vn 0.149369 -0.000000 -0.988782
vn 0.149369 -0.000000 -0.988781
vn 0.149369 -0.000000 -0.988781
vn 0.149369 -0.000000 -0.988781
vn 0.149369 -0.000000 -0.988782
vn 0.149368 -0.000000 -0.988782
vn 0.149369 -0.000000 -0.988781
vn 0.149368 -0.000000 -0.988782
vn 0.149369 -0.000000 -0.988782
vn 0.149368 -0.000000 -0.988782
vn 0.149368 -0.000000 -0.988782
vn -0.000000 0.000000 1.000000
vn -0.000000 0.000000 1.000000
vn -0.000000 0.000000 1.000000
vn -0.000000 0.000000 1.000000
vn -0.000000 0.000000 1.000000
vn -0.000000 0.000000 1.000000
vn -0.000000 0.000000 1.000000
vn -0.000000 0.000000 1.000000
vn -0.000000 -1.000000 0.000000
vn -0.000000 -1.000000 0.000000
vn -0.000000 -1.000000 0.000000
vn -0.173138 -0.000000 -0.984898
vn -0.173138 -0.000000 -0.984898
vn -0.173138 -0.000000 -0.984898
vn -0.000000 1.000000 -0.000000
vn -0.000000 1.000000 -0.000000
vn -0.000000 1.000000 -0.000000
vn 0.029482 0.988430 -0.148782
vn 0.055515 0.958336 -0.280197
vn 0.065647 0.858567 -0.508481
vn 0.067447 0.863662 -0.499538
vn 0.075231 0.642743 -0.762379
vn 0.097019 0.155036 -0.983133
vn 0.098210 -0.000000 -0.995166
vn 0.942219 0.000000 0.334998
vn 0.942219 0.000000 0.334998
vn 0.942219 0.000000 0.334998
vn 0.942219 0.000000 0.334998
vn 1.000000 0.000000 -0.000000
vn 1.000000 0.000000 -0.000000
vn 1.000000 0.000000 -0.000000
vn 1.000000 0.000000 -0.000000
vn -0.643157 0.656280 0.394519
vn -0.666331 0.562992 -0.488921
vn 0.666331 0.562992 -0.488921
vn 0.643157 0.656280 0.394519
vn -0.387661 0.658462 0.645094
vn 0.387661 0.658462 0.645094
vn -0.000000 0.644954 0.764221
vn 0.682998 0.608469 0.404079
vn -0.292224 0.569371 0.768389
vn -0.665845 0.559667 -0.493379
vn 0.589270 0.579809 -0.562657
vn -0.942219 0.000000 0.334998
vn -0.942219 0.000000 0.334998
vn -0.942219 0.000000 0.334998
vn -0.942219 0.000000 0.334998
vn -0.000000 -1.000000 0.000000
vn -0.000000 -1.000000 0.000000
vn -0.000000 -1.000000 0.000000
vn -0.597018 -0.801680 0.029634
vn -0.819254 -0.571988 0.040651
vn -0.998771 0.000000 0.049563
vn -0.998771 0.000000 0.049563
vn -0.998771 0.000000 0.049563
vn -0.682998 0.608469 0.404079
vn -0.589270 0.579809 -0.562657
vn 0.665845 0.559667 -0.493379
vn 0.292224 0.569371 0.768389
vn -0.481467 0.000000 0.876464
vn -0.481467 0.000000 0.876464
vn -0.481467 0.000000 0.876464
vn -0.481467 0.000000 0.876464
vn 0.998823 0.000000 0.048495
vn 0.706492 -0.706889 0.034304
vn 0.740120 -0.671513 0.035952
vn -0.000000 -1.000000 0.000000
vn 0.046216 -0.000000 -0.998931
vn 0.046216 -0.000000 -0.998931
vn 0.046216 -0.000000 -0.998931
vn 0.046216 -0.000000 -0.998931
vn -0.112494 -0.750166 -0.651610
vn -0.112494 -0.750166 -0.651610
vn -0.112494 -0.750166 -0.651610
vn -0.112494 -0.750166 -0.651610
vn -0.112494 -0.750166 -0.651610
vn -0.112494 -0.750166 -0.651610
vn -0.112494 -0.750166 -0.651610
vn -0.112494 -0.750166 -0.651610
vn -0.046216 -0.000000 -0.998931
vn -0.046216 -0.000000 -0.998931
vn -0.046216 -0.000000 -0.998931
vn -0.046216 -0.000000 -0.998931
vn 0.481468 0.000000 0.876464
vn 0.481468 0.000000 0.876464
vn 0.481468 0.000000 0.876464
vn 0.481468 0.000000 0.876464
vn -0.585664 0.807143 -0.074284
vn -0.788459 0.606902 -0.100011
vn -0.991264 0.039828 -0.125739
vn -0.000000 1.000000 -0.000000
vn -0.000000 1.000000 -0.000000
vn -0.000000 1.000000 -0.000000
vn -0.000000 1.000000 -0.000000
vn -0.000000 1.000000 -0.000000
vn 0.408135 0.912712 0.019563
vn 0.927859 0.370264 0.044528
vn -0.000000 1.000000 -0.000000
vn 0.998849 0.002228 0.047914
vn 0.998849 0.002228 0.047914
vn 0.998849 0.002228 0.047914
vn 0.998849 0.002228 0.047914
vn 0.998849 0.002228 0.047914
vn -0.000000 1.000000 -0.000000
vn -0.000000 1.000000 -0.000000
vn -0.000000 1.000000 -0.000000
vn -0.000000 1.000000 -0.000000
vn -0.000000 1.000000 -0.000000
vn -0.000000 1.000000 -0.000000
vn -0.000000 1.000000 -0.000000
vn -0.000000 1.000000 -0.000000
vn -0.000000 1.000000 -0.000000
vn -0.000000 1.000000 -0.000000
vn -0.000000 1.000000 -0.000000
vn -0.000000 1.000000 -0.000000
vn -0.000000 1.000000 -0.000000
vn -0.000000 1.000000 -0.000000
vn -0.000000 1.000000 -0.000000
vn -0.000000 1.000000 -0.000000
vn -0.000000 1.000000 -0.000000
vn -0.000000 1.000000 -0.000000
vn -0.000000 1.000000 -0.000000
vn -0.000000 1.000000 -0.000000
vn -0.000000 1.000000 -0.000000
vn -0.000000 1.000000 -0.000000
vn -0.000000 1.000000 -0.000000
vn -1.000000 0.000000 -0.000000
vn -1.000000 0.000000 -0.000000
vn -1.000000 0.000000 -0.000000
vn -1.000000 0.000000 -0.000000
vn -0.000000 1.000000 -0.000000
vn -0.000000 1.000000 -0.000000
vn -0.000000 1.000000 -0.000000
vn -0.000000 1.000000 -0.000000
vn -0.000000 1.000000 -0.000000
vn -0.000000 1.000000 -0.000000
vn -0.000000 1.000000 -0.000000
vn -0.000000 1.000000 -0.000000
vn -0.000000 1.000000 -0.000000
vn -0.000000 1.000000 -0.000000
vn -0.000000 1.000000 -0.000000
vn -0.000000 1.000000 -0.000000
vn -0.000000 1.000000 -0.000000
vn -0.000000 1.000000 -0.000000
vn -0.000000 1.000000 -0.000000
vn -0.000000 1.000000 -0.000000
vn 0.397820 -0.887779 -0.231490
vn -0.000000 -0.881873 -0.471486
vn -0.000000 -1.000000 0.000000
vn 0.397820 -0.887779 0.231490
vn -0.397820 -0.887779 -0.231490
vn -0.000000 -0.881873 0.471486
vn -0.397820 -0.887779 0.231490
vn -0.623658 0.017426 -0.781503
vn -0.404171 -0.276813 -0.871792
vn -0.157846 0.020997 -0.987240
vn -0.403223 0.314564 -0.859337
vn 0.118781 -0.273240 -0.954584
vn 0.120183 0.312086 -0.942422
vn 0.349504 0.018556 -0.936751
vn 0.130010 0.492299 -0.860662
vn 0.151865 -0.000061 -0.988401
vn 0.377367 0.136786 -0.915906
vn -0.088748 0.135747 -0.986761
vn 0.553660 -0.247241 -0.795194
vn -0.289751 -0.244949 -0.925227
vn 0.143409 -0.272107 -0.951521
vn 0.387661 0.658462 0.645094
vn 0.643157 0.656280 0.394519
vn 0.332813 0.763197 0.553865
vn -0.000000 0.781910 0.623392
vn 0.643157 0.656280 0.394519
vn -0.000000 0.644954 0.764221
vn 0.666331 0.562992 -0.488921
vn -0.387661 0.658462 0.645094
vn 0.666331 0.562992 -0.488921
vn -0.387661 0.658462 0.645094
vn -0.666331 0.562992 -0.488921
vn -0.643157 0.656280 0.394519
vn -0.666331 0.562992 -0.488921
vn -0.643157 0.656280 0.394519
vn -1.000000 0.000000 -0.000000
vn -0.413082 0.540745 -0.732774
vn -0.758819 0.651301 -0.000000
vn -0.650519 0.652289 -0.389030
vn -0.323497 -0.000000 -0.946229
vn -0.858227 -0.000000 -0.513270
vn 0.768361 0.611490 -0.188947
vn -0.368156 0.654184 -0.660685
vn 0.977452 -0.000000 -0.211159
vn -0.486783 -0.000000 -0.873523
vn 0.650519 0.652289 0.389030
vn -0.000000 0.655101 -0.755541
vn 0.858227 0.000000 0.513270
vn -0.000000 -0.000000 -1.000000
vn 0.368156 0.654184 0.660685
vn 0.368156 0.654184 -0.660685
vn 0.486783 0.000000 0.873523
vn 0.486759 -0.000000 -0.873536
vn -0.000000 0.655101 0.755541
vn 0.650519 0.652289 -0.389030
vn -0.000000 0.000000 1.000000
vn 0.858227 -0.000000 -0.513270
vn -0.368156 0.654184 0.660685
vn 0.758819 0.651301 -0.000000
vn -0.486759 0.000000 0.873536
vn 1.000000 0.000000 -0.000000
vn -0.650519 0.652289 0.389030
vn 0.413082 0.540745 -0.732774
vn -0.858227 0.000000 0.513270
vn 0.323497 -0.000000 -0.946229
vn -0.768361 0.611490 -0.188947
vn -0.977452 -0.000000 -0.211159
vn 0.540991 0.630292 0.556831
vn 0.778323 0.627865 -0.000000
vn 1.000000 0.000000 -0.000000
vn 0.696840 0.000000 0.717227
vn 0.696840 -0.000000 -0.717227
vn -0.000000 0.632631 0.774453
vn 0.540991 0.630292 -0.556831
vn -0.000000 0.000000 1.000000
vn -0.000000 -0.000000 -1.000000
vn -0.540991 0.630292 0.556831
vn -0.000000 0.632631 -0.774453
vn -0.696840 0.000000 0.717227
vn -0.696840 -0.000000 -0.717227
vn -0.778323 0.627865 -0.000000
vn -0.540991 0.630292 -0.556831
vn -1.000000 0.000000 -0.000000
f 1/1/1 2/2/2 3/3/3
f 4/4/4 3/3/3 5/5/5
f 4/4/4 6/6/6 3/3/3
f 7/7/7 3/3/3 6/6/6
f 8/8/8 9/9/9 10/10/10
f 8/8/8 10/10/10 11/11/11
f 12/12/12 13/13/13 14/14/14
f 12/12/12 14/14/14 15/15/15
f 16/16/16 17/17/17 18/18/18
f 16/16/16 18/18/18 19/19/19
f 20/20/20 21/21/21 22/22/22
f 20/20/20 23/23/23 21/21/21
f 23/23/23 20/20/20 24/24/24
f 23/23/23 24/24/24 25/25/25
f 26/26/26 27/27/27 28/28/28
f 26/26/26 28/28/28 29/29/29
f 30/30/30 31/31/31 32/32/32
f 33/33/33 30/30/30 32/32/32
f 33/33/33 32/32/32 34/34/34
f 34/34/34 35/35/35 33/33/33
f 36/36/36 37/37/37 38/38/38
f 36/36/36 38/38/38 39/39/39
f 40/40/40 41/41/41 42/42/42
f 40/40/40 42/42/42 43/43/43
f 44/44/44 45/45/45 46/46/46
f 44/44/44 47/47/47 45/45/45
f 48/48/48 45/45/45 47/47/47
f 48/48/48 47/47/47 49/49/49
f 49/49/49 50/50/50 48/48/48
f 51/51/51 48/48/48 50/50/50
f 50/50/50 52/52/52 51/51/51
f 52/52/52 53/53/53 51/51/51
f 52/52/52 54/54/54 53/53/53
f 52/52/52 55/55/55 54/54/54
f 56/56/56 57/57/57 58/58/58
f 58/58/58 59/59/59 56/56/56
f 59/59/59 60/60/60 56/56/56
f 59/59/59 61/61/61 60/60/60
f 62/62/62 63/63/63 64/64/64
f 62/62/62 64/64/64 65/65/65
f 66/66/66 67/67/67 68/68/68
f 66/66/66 68/68/68 69/69/69
f 70/70/70 71/71/71 72/72/72
f 70/70/70 72/72/72 73/73/73
f 74/74/74 75/75/75 76/76/76
f 74/74/74 77/77/77 75/75/75
f 78/78/78 77/77/77 74/74/74
f 77/77/77 78/78/78 79/79/79
f 77/77/77 79/79/79 80/80/80
f 80/80/80 81/81/81 77/77/77
f 81/81/81 80/80/80 82/82/82
f 83/83/83 81/81/81 82/82/82
f 82/82/82 84/84/84 83/83/83
f 82/82/82 85/85/85 84/84/84
f 86/86/86 84/84/84 85/85/85
f 85/85/85 87/87/87 86/86/86
f 87/87/87 88/88/88 86/86/86
f 87/87/87 89/89/89 88/88/88
f 90/90/90 89/89/89 87/87/87
f 91/91/91 92/92/92 93/93/93
f 91/91/91 93/93/93 94/94/94
f 95/95/95 96/96/96 97/97/97
f 95/95/95 97/97/97 98/98/98
f 99/99/99 100/100/100 101/101/101
f 99/99/99 101/101/101 102/102/102
f 103/103/103 104/104/104 105/105/105
f 106/106/106 103/103/103 105/105/105
f 107/107/107 106/106/106 105/105/105
f 107/107/107 105/105/105 108/108/108
f 108/108/108 109/109/109 107/107/107
f 107/107/107 109/109/109 110/110/110
f 110/110/110 111/111/111 107/107/107
f 112/112/112 111/111/111 110/110/110
f 112/112/112 113/113/113 111/111/111
f 112/112/112 114/114/114 113/113/113
f 115/115/115 112/112/112 110/110/110
f 110/110/110 116/116/116 115/115/115
f 117/117/117 118/118/118 114/114/114
f 117/117/117 119/119/119 118/118/118
f 120/120/120 121/121/121 122/122/122
f 120/120/120 122/122/122 123/123/123
f 124/124/124 125/125/125 126/126/126
f 124/124/124 126/126/126 127/127/127
f 128/128/128 129/129/129 130/130/130
f 128/128/128 130/130/130 131/131/131
f 128/128/128 131/131/131 132/132/132
f 128/128/128 132/132/132 133/133/133
f 134/134/134 135/135/135 136/136/136
f 136/136/136 137/137/137 134/134/134
f 136/136/136 138/138/138 137/137/137
f 138/138/138 139/139/139 137/137/137
f 138/138/138 136/136/136 140/140/140
f 141/141/141 138/138/138 140/140/140
f 140/140/140 142/142/142 141/141/141
f 143/143/143 141/141/141 142/142/142
f 143/143/143 144/144/144 141/141/141
f 145/145/145 146/146/146 147/147/147
f 145/145/145 147/147/147 148/148/148
f 149/149/149 150/150/150 151/151/151
f 149/149/149 151/151/151 152/152/152
f 152/152/152 151/151/151 153/153/153
f 153/153/153 154/154/154 152/152/152
f 155/155/155 153/153/153 151/151/151
f 156/156/156 155/155/155 151/151/151
f 156/156/156 151/151/151 157/157/157
f 158/158/158 156/156/156 157/157/157
f 157/157/157 159/159/159 158/158/158
f 160/160/160 161/161/161 159/159/159
f 162/162/162 158/158/158 163/163/163
f 164/164/164 165/165/165 161/161/161
f 166/166/166 165/165/165 164/164/164
f 166/166/166 167/167/167 165/165/165
f 165/165/165 167/167/167 168/168/168
f 165/165/165 168/168/168 169/169/169
f 170/170/170 163/163/163 171/171/171
f 170/170/170 171/171/171 172/172/172
f 172/172/172 173/173/173 170/170/170
f 173/173/173 174/174/174 170/170/170
f 174/174/174 175/175/175 170/170/170
f 176/176/176 172/172/172 171/171/171
f 177/177/177 176/176/176 171/171/171
f 171/171/171 178/178/178 177/177/177
f 176/176/176 177/177/177 179/179/179
f 179/179/179 180/180/180 176/176/176
f 181/181/181 180/180/180 179/179/179
f 179/179/179 182/182/182 181/181/181
f 182/182/182 183/183/183 181/181/181
f 182/182/182 184/184/184 183/183/183
f 185/185/185 186/186/186 187/187/187
f 185/185/185 187/187/187 188/188/188
f 189/189/189 190/190/190 191/191/191
f 189/189/189 191/191/191 192/192/192
f 193/193/193 194/194/194 195/195/195
f 193/193/193 195/195/195 196/196/196
f 197/197/197 198/198/198 199/199/199
f 197/197/197 199/199/199 200/200/200
f 201/201/201 202/202/202 199/199/199
f 201/201/201 199/199/199 203/203/203
f 204/204/204 205/205/205 206/206/206
f 204/204/204 206/206/206 207/207/207
f 208/208/208 209/209/209 210/210/210
f 208/208/208 210/210/210 211/211/211
f 212/212/212 213/213/213 214/214/214
f 212/212/212 214/214/214 215/215/215
f 216/216/216 217/217/217 218/218/218
f 218/218/218 219/219/219 216/216/216
f 218/218/218 220/220/220 219/219/219
f 220/220/220 221/221/221 219/219/219
f 222/222/222 223/223/223 224/224/224
f 224/224/224 225/225/225 222/222/222
f 225/225/225 226/226/226 222/222/222
f 225/225/225 227/227/227 226/226/226
f 228/228/228 229/229/229 230/230/230
f 228/228/228 230/230/230 231/231/231
f 232/232/232 233/233/233 234/234/234
f 232/232/232 234/234/234 235/235/235
f 236/236/236 237/237/237 238/238/238
f 236/236/236 239/239/239 237/237/237
f 240/240/240 239/239/239 236/236/236
f 240/240/240 241/241/241 239/239/239
f 242/242/242 243/243/243 244/244/244
f 242/242/242 244/244/244 245/245/245
f 246/246/246 247/247/247 248/248/248
f 246/246/246 248/248/248 249/249/249
f 250/250/250 251/251/251 252/252/252
f 250/250/250 252/252/252 253/253/253
f 254/254/254 255/255/255 256/256/256
f 254/254/254 256/256/256 257/257/257
f 258/258/258 259/259/259 260/260/260
f 258/258/258 260/260/260 261/261/261
f 262/262/262 263/263/263 264/264/264
f 264/264/264 265/265/265 262/262/262
f 264/264/264 266/266/266 265/265/265
f 266/266/266 267/267/267 265/265/265
f 268/268/268 269/269/269 270/270/270
f 268/268/268 271/271/271 269/269/269
f 268/268/268 272/272/272 271/271/271
f 268/268/268 273/273/273 272/272/272
f 273/273/273 274/274/274 272/272/272
f 273/273/273 275/275/275 274/274/274
f 276/276/276 277/277/277 278/278/278
f 276/276/276 278/278/278 279/279/279
f 280/280/280 281/281/281 282/282/282
f 282/282/282 283/283/283 280/280/280
f 283/283/283 284/284/284 280/280/280
f 283/283/283 285/285/285 284/284/284
f 286/286/286 287/287/287 288/288/288
f 286/286/286 288/288/288 289/289/289
f 290/290/290 291/291/291 292/292/292
f 290/290/290 292/292/292 293/293/293
f 294/294/294 295/295/295 296/296/296
f 296/296/296 297/297/297 294/294/294
f 298/298/298 294/294/294 297/297/297
f 297/297/297 299/299/299 298/298/298
f 300/300/300 301/301/301 302/302/302
f 300/300/300 302/302/302 303/303/303
f 304/304/304 305/305/305 306/306/306
f 304/304/304 306/306/306 307/307/307
f 308/308/308 309/309/309 310/310/310
f 308/308/308 310/310/310 311/311/311
f 312/312/312 313/313/313 314/314/314
f 312/312/312 314/314/314 315/315/315
f 316/316/316 317/317/317 318/318/318
f 316/316/316 318/318/318 319/319/319
f 320/320/320 321/321/321 322/322/322
f 320/320/320 322/322/322 323/323/323
f 324/324/324 325/325/325 326/326/326
f 324/324/324 327/327/327 325/325/325
f 327/327/327 328/328/328 325/325/325
f 327/327/327 329/329/329 328/328/328
f 329/329/329 330/330/330 328/328/328
f 329/329/329 331/331/331 330/330/330
f 332/332/332 333/333/333 334/334/334
f 332/332/332 334/334/334 335/335/335
f 336/336/336 337/337/337 338/338/338
f 336/336/336 339/339/339 337/337/337
f 340/340/340 341/341/341 339/339/339
f 340/340/340 339/339/339 342/342/342
f 343/343/343 344/344/344 345/345/345
f 343/343/343 345/345/345 346/346/346
f 347/347/347 348/348/348 349/349/349
f 347/347/347 349/349/349 350/350/350
f 351/351/351 352/352/352 353/353/353
f 351/351/351 353/353/353 354/354/354
f 355/355/355 356/356/356 357/357/357
f 355/355/355 357/357/357 358/358/358
f 359/359/359 360/360/360 361/361/361
f 359/359/359 361/361/361 362/362/362
f 363/363/363 364/364/364 365/365/365
f 363/363/363 365/365/365 366/366/366
f 367/367/367 368/368/368 369/369/369
f 367/367/367 369/369/369 370/370/370
f 371/371/371 372/372/372 373/373/373
f 373/373/373 374/374/374 371/371/371
f 375/375/375 371/371/371 374/374/374
f 374/374/374 376/376/376 375/375/375
f 375/375/375 377/377/377 371/371/371
f 375/375/375 378/378/378 377/377/377
f 379/379/379 377/377/377 378/378/378
f 378/378/378 380/380/380 379/379/379
f 371/371/371 377/377/377 381/381/381
f 382/382/382 371/371/371 381/381/381
f 382/382/382 381/381/381 383/383/383
f 383/383/383 384/384/384 382/382/382
f 385/385/385 386/386/386 387/387/387
f 385/385/385 387/387/387 388/388/388
f 389/389/389 390/390/390 391/391/391
f 389/389/389 391/391/391 392/392/392
f 393/393/393 394/394/394 395/395/395
f 393/393/393 396/396/396 394/394/394
f 397/397/397 394/394/394 396/396/396
f 397/397/397 398/398/398 394/394/394
f 399/399/399 400/400/400 401/401/401
f 399/399/399 401/401/401 402/402/402
f 403/403/403 404/404/404 405/405/405
f 403/403/403 405/405/405 406/406/406
f 407/407/407 408/408/408 409/409/409
f 407/407/407 409/409/409 410/410/410
f 407/407/407 410/410/410 411/411/411
f 407/407/407 411/411/411 412/412/412
f 413/413/413 412/412/412 411/411/411
f 413/413/413 414/414/414 412/412/412
f 415/415/415 416/416/416 417/417/417
f 415/415/415 417/417/417 418/418/418
f 419/419/419 420/420/420 421/421/421
f 419/419/419 421/421/421 422/422/422
f 423/423/423 424/424/424 425/425/425
f 423/423/423 425/425/425 426/426/426
f 427/427/427 425/425/425 428/428/428
f 427/427/427 428/428/428 429/429/429
f 430/430/430 431/431/431 428/428/428
f 430/430/430 428/428/428 432/432/432
f 433/433/433 434/434/434 435/435/435
f 433/433/433 435/435/435 436/436/436
f 437/437/437 438/438/438 439/439/439
f 440/440/440 437/437/437 439/439/439
f 441/441/441 440/440/440 439/439/439
f 439/439/439 442/442/442 441/441/441
f 442/442/442 439/439/439 443/443/443
f 442/442/442 443/443/443 444/444/444
f 445/445/445 446/446/446 447/447/447
f 445/445/445 447/447/447 448/448/448
f 449/449/449 450/450/450 451/451/451
f 449/449/449 451/451/451 452/452/452
f 453/453/453 454/454/454 455/455/455
f 453/453/453 455/455/455 456/456/456
f 457/457/457 458/458/458 459/459/459
f 457/457/457 459/459/459 460/460/460
f 461/461/461 462/462/462 463/463/463
f 461/461/461 463/463/463 464/464/464
f 465/465/465 466/466/466 467/467/467
f 467/467/467 468/468/468 465/465/465
f 468/468/468 469/469/469 465/465/465
f 470/470/470 465/465/465 469/469/469
f 471/471/471 470/470/470 469/469/469
f 469/469/469 472/472/472 471/471/471
f 473/473/473 471/471/471 472/472/472
f 473/473/473 474/474/474 471/471/471
f 475/475/475 473/473/473 472/472/472
f 472/472/472 476/476/476 475/475/475
f 477/477/477 478/478/478 479/479/479
f 477/477/477 479/479/479 480/480/480
f 480/480/480 479/479/479 481/481/481
f 480/480/480 481/481/481 482/482/482
f 483/483/483 482/482/482 481/481/481
f 483/483/483 481/481/481 484/484/484
f 485/485/485 483/483/483 484/484/484
f 485/485/485 484/484/484 486/486/486
f 487/487/487 488/488/488 489/489/489
f 487/487/487 489/489/489 490/490/490
f 491/491/491 492/492/492 493/493/493
f 491/491/491 493/493/493 494/494/494
f 495/495/495 496/496/496 497/497/497
f 495/495/495 497/497/497 498/498/498
f 499/499/499 500/500/500 501/501/501
f 499/499/499 501/501/501 502/502/502
f 503/503/503 504/504/504 505/505/505
f 503/503/503 505/505/505 506/506/506
f 506/506/506 505/505/505 507/507/507
f 506/506/506 507/507/507 508/508/508
f 509/509/509 510/510/510 511/511/511
f 509/509/509 511/511/511 512/512/512
f 513/513/513 514/514/514 515/515/515
f 513/513/513 515/515/515 516/516/516
f 517/517/517 518/518/518 519/519/519
f 520/520/520 519/519/519 518/518/518
f 521/521/521 520/520/520 518/518/518
f 518/518/518 522/522/522 521/521/521
f 523/523/523 524/524/524 525/525/525
f 523/523/523 525/525/525 526/526/526
f 527/527/527 528/528/528 529/529/529
f 527/527/527 529/529/529 530/530/530
f 531/531/531 532/532/532 533/533/533
f 531/531/531 533/533/533 534/534/534
f 535/535/535 536/536/536 537/537/537
f 535/535/535 537/537/537 538/538/538
f 539/539/539 540/540/540 541/541/541
f 539/539/539 541/541/541 542/542/542
f 543/543/543 544/544/544 545/545/545
f 543/543/543 545/545/545 546/546/546
f 547/547/547 548/548/548 549/549/549
f 549/549/549 550/550/550 547/547/547
f 550/550/550 551/551/551 547/547/547
f 550/550/550 552/552/552 551/551/551
f 553/553/553 554/554/554 555/555/555
f 556/556/556 553/553/553 555/555/555
f 557/557/557 556/556/556 555/555/555
f 555/555/555 558/558/558 557/557/557
f 559/559/559 560/560/560 561/561/561
f 559/559/559 561/561/561 562/562/562
f 563/563/563 564/564/564 565/565/565
f 563/563/563 565/565/565 566/566/566
f 567/567/567 568/568/568 569/569/569
f 567/567/567 569/569/569 570/570/570
f 571/571/571 572/572/572 573/573/573
f 573/573/573 574/574/574 571/571/571
f 574/574/574 575/575/575 571/571/571
f 576/576/576 571/571/571 575/575/575
f 576/576/576 575/575/575 577/577/577
f 578/578/578 576/576/576 577/577/577
f 577/577/577 579/579/579 578/578/578
f 580/580/580 574/574/574 573/573/573
f 581/581/581 580/580/580 573/573/573
f 581/581/581 573/573/573 582/582/582
f 582/582/582 583/583/583 581/581/581
f 584/584/584 580/580/580 581/581/581
f 584/584/584 581/581/581 585/585/585
f 585/585/585 586/586/586 584/584/584
f 587/587/587 588/588/588 589/589/589
f 587/587/587 589/589/589 590/590/590
f 591/591/591 592/592/592 593/593/593
f 591/591/591 593/593/593 594/594/594
f 595/595/595 596/596/596 597/597/597
f 597/597/597 598/598/598 595/595/595
f 598/598/598 599/599/599 595/595/595
f 600/600/600 595/595/595 599/599/599
f 601/601/601 600/600/600 599/599/599
f 599/599/599 602/602/602 601/601/601
f 603/603/603 604/604/604 605/605/605
f 603/603/603 605/605/605 606/606/606
f 607/607/607 608/608/608 609/609/609
f 609/609/609 610/610/610 607/607/607
f 610/610/610 611/611/611 607/607/607
f 610/610/610 612/612/612 611/611/611
f 613/613/613 614/614/614 615/615/615
f 613/613/613 615/615/615 616/616/616
f 617/617/617 618/618/618 619/619/619
f 617/617/617 619/619/619 620/620/620
f 621/621/621 622/622/622 623/623/623
f 621/621/621 623/623/623 624/624/624
f 624/624/624 623/623/623 625/625/625
f 624/624/624 625/625/625 626/626/626
f 627/627/627 628/628/628 629/629/629
f 627/627/627 629/629/629 630/630/630
f 631/631/631 632/632/632 633/633/633
f 631/631/631 633/633/633 634/634/634
f 635/635/635 636/636/636 637/637/637
f 635/635/635 637/637/637 638/638/638
f 639/639/639 640/640/640 641/641/641
f 641/641/641 642/642/642 639/639/639
f 641/641/641 643/643/643 642/642/642
f 643/643/643 644/644/644 642/642/642
f 643/643/643 645/645/645 644/644/644
f 645/645/645 646/646/646 644/644/644
f 647/647/647 648/648/648 649/649/649
f 648/648/648 650/650/650 649/649/649
f 649/649/649 651/651/651 647/647/647
f 652/652/652 649/649/649 650/650/650
f 647/647/647 651/651/651 653/653/653
f 650/650/650 654/654/654 652/652/652
f 653/653/653 654/654/654 647/647/647
f 653/653/653 652/652/652 654/654/654
f 655/655/655 656/656/656 657/657/657
f 655/655/655 658/658/658 656/656/656
f 659/659/659 655/655/655 657/657/657
f 655/655/655 660/660/660 658/658/658
f 659/659/659 657/657/657 661/661/661
f 661/661/661 662/662/662 659/659/659
f 663/663/663 662/662/662 661/661/661
f 661/661/661 664/664/664 663/663/663
f 658/658/658 660/660/660 665/665/665
f 664/664/664 665/665/665 663/663/663
f 666/666/666 658/658/658 665/665/665
f 664/664/664 666/666/666 665/665/665
f 667/667/667 668/668/668 669/669/669
f 668/668/668 670/670/670 669/669/669
f 667/667/667 669/669/669 671/671/671
f 670/670/670 672/672/672 669/669/669
f 673/673/673 667/667/667 671/671/671
f 671/671/671 674/674/674 673/673/673
f 673/673/673 674/674/674 675/675/675
f 675/675/675 676/676/676 673/673/673
f 677/677/677 672/672/672 670/670/670
f 676/676/676 675/675/675 677/677/677
f 677/677/677 670/670/670 678/678/678
f 677/677/677 678/678/678 676/676/676
f 679/679/679 680/680/680 681/681/681
f 680/680/680 682/682/682 681/681/681
f 679/679/679 681/681/681 683/683/683
f 684/684/684 681/681/681 682/682/682
f 679/679/679 683/683/683 685/685/685
f 686/686/686 684/684/684 682/682/682
f 687/687/687 679/679/679 685/685/685
f 682/682/682 688/688/688 686/686/686
f 687/687/687 685/685/685 689/689/689
f 689/689/689 686/686/686 688/688/688
f 689/689/689 690/690/690 687/687/687
f 689/689/689 688/688/688 690/690/690
f 691/691/691 692/692/692 693/693/693
f 693/693/693 692/692/692 694/694/694
f 693/693/693 695/695/695 691/691/691
f 694/694/694 696/696/696 693/693/693
f 695/695/695 697/697/697 691/691/691
f 694/694/694 698/698/698 696/696/696
f 697/697/697 698/698/698 691/691/691
f 698/698/698 697/697/697 696/696/696
f 699/699/699 700/700/700 701/701/701
f 702/702/702 703/703/703 704/704/704
f 705/705/705 706/706/706 707/707/707
f 707/707/707 708/708/708 705/705/705
f 707/707/707 709/709/709 708/708/708
f 710/710/710 708/708/708 709/709/709
f 710/710/710 709/709/709 711/711/711
f 712/712/712 710/710/710 711/711/711
f 712/712/712 713/713/713 710/710/710
f 713/713/713 712/712/712 714/714/714
f 715/715/715 716/716/716 717/717/717
f 715/715/715 717/717/717 718/718/718
f 719/719/719 720/720/720 721/721/721
f 719/719/719 721/721/721 722/722/722
f 723/723/723 724/724/724 725/725/725
f 725/725/725 726/726/726 723/723/723
f 726/726/726 727/727/727 723/723/723
f 726/726/726 728/728/728 727/727/727
f 728/728/728 729/729/729 727/727/727
f 730/730/730 731/731/731 732/732/732
f 730/730/730 732/732/732 733/733/733
f 734/734/734 735/735/735 736/736/736
f 734/734/734 736/736/736 737/737/737
f 738/738/738 739/739/739 740/740/740
f 738/738/738 740/740/740 741/741/741
f 741/741/741 742/742/742 738/738/738
f 743/743/743 742/742/742 741/741/741
f 741/741/741 744/744/744 743/743/743
f 744/744/744 745/745/745 743/743/743
f 746/746/746 747/747/747 748/748/748
f 746/746/746 748/748/748 749/749/749
f 750/750/750 751/751/751 752/752/752
f 750/750/750 752/752/752 753/753/753
f 754/754/754 755/755/755 756/756/756
f 757/757/757 756/756/756 755/755/755
f 758/758/758 759/759/759 760/760/760
f 758/758/758 760/760/760 761/761/761
f 762/762/762 763/763/763 764/764/764
f 764/764/764 765/765/765 762/762/762
f 765/765/765 766/766/766 762/762/762
f 765/765/765 767/767/767 766/766/766
f 767/767/767 768/768/768 766/766/766
f 767/767/767 769/769/769 768/768/768
f 770/770/770 771/771/771 772/772/772
f 770/770/770 772/772/772 773/773/773
f 774/774/774 775/775/775 776/776/776
f 774/774/774 776/776/776 777/777/777
f 778/778/778 779/779/779 780/780/780
f 781/781/781 779/779/779 778/778/778
f 778/778/778 782/782/782 781/781/781
f 782/782/782 783/783/783 781/781/781
f 782/782/782 784/784/784 783/783/783
f 784/784/784 785/785/785 783/783/783
f 786/786/786 787/787/787 788/788/788
f 789/789/789 787/787/787 786/786/786
f 789/789/789 786/786/786 790/790/790
f 789/789/789 790/790/790 791/791/791
f 792/792/792 789/789/789 791/791/791
f 791/791/791 793/793/793 792/792/792
f 794/794/794 795/795/795 796/796/796
f 796/796/796 797/797/797 794/794/794
f 797/797/797 798/798/798 794/794/794
f 799/799/799 797/797/797 796/796/796
f 797/797/797 800/800/800 798/798/798
f 796/796/796 801/801/801 799/799/799
f 800/800/800 802/802/802 798/798/798
f 801/801/801 803/803/803 799/799/799
f 801/801/801 804/804/804 803/803/803
f 802/802/802 805/805/805 798/798/798
f 801/801/801 806/806/806 804/804/804
f 805/805/805 804/804/804 806/806/806
f 801/801/801 807/807/807 806/806/806
f 807/807/807 808/808/808 806/806/806
f 808/808/808 807/807/807 809/809/809
f 810/810/810 808/808/808 809/809/809
f 805/805/805 811/811/811 798/798/798
f 811/811/811 812/812/812 798/798/798
f 811/811/811 813/813/813 812/812/812
f 809/809/809 812/812/812 813/813/813
f 814/814/814 811/811/811 805/805/805
f 806/806/806 814/814/814 805/805/805
f 806/806/806 815/815/815 814/814/814
f 813/813/813 816/816/816 809/809/809
f 810/810/810 809/809/809 816/816/816
f 815/815/815 816/816/816 814/814/814
f 815/815/815 810/810/810 816/816/816
f 817/817/817 818/818/818 819/819/819
f 817/817/817 819/819/819 820/820/820
f 821/821/821 822/822/822 823/823/823
f 823/823/823 824/824/824 821/821/821
f 825/825/825 824/824/824 823/823/823
f 824/824/824 826/826/826 821/821/821
f 823/823/823 827/827/827 825/825/825
f 826/826/826 828/828/828 821/821/821
f 827/827/827 829/829/829 825/825/825
f 826/826/826 830/830/830 828/828/828
f 827/827/827 831/831/831 829/829/829
f 831/831/831 832/832/832 829/829/829
f 831/831/831 833/833/833 832/832/832
f 830/830/830 834/834/834 828/828/828
f 830/830/830 835/835/835 834/834/834
f 835/835/835 836/836/836 834/834/834
f 837/837/837 838/838/838 839/839/839
f 837/837/837 839/839/839 840/840/840
f 841/841/841 839/839/839 838/838/838
f 842/842/842 840/840/840 839/839/839
f 841/841/841 843/843/843 839/839/839
f 842/842/842 839/839/839 843/843/843
f 844/844/844 845/845/845 846/846/846
f 844/844/844 846/846/846 847/847/847
f 846/846/846 845/845/845 848/848/848
f 846/846/846 849/849/849 847/847/847
f 846/846/846 848/848/848 850/850/850
f 846/846/846 850/850/850 849/849/849
f 851/851/851 852/852/852 853/853/853
f 851/851/851 854/854/854 852/852/852
f 855/855/855 853/853/853 852/852/852
f 856/856/856 852/852/852 854/854/854
f 855/855/855 852/852/852 857/857/857
f 856/856/856 857/857/857 852/852/852
f 858/858/858 859/859/859 860/860/860
f 861/861/861 858/858/858 860/860/860
f 858/858/858 862/862/862 859/859/859
f 861/861/861 863/863/863 858/858/858
f 862/862/862 864/864/864 859/859/859
f 861/861/861 865/865/865 863/863/863
f 862/862/862 866/866/866 864/864/864
f 861/861/861 867/867/867 865/865/865
f 866/866/866 868/868/868 864/864/864
f 867/867/867 869/869/869 865/865/865
f 866/866/866 870/870/870 868/868/868
f 867/867/867 871/871/871 869/869/869
f 871/871/871 868/868/868 870/870/870
f 871/871/871 870/870/870 869/869/869
f 872/872/872 873/873/873 874/874/874
f 872/872/872 874/874/874 875/875/875
f 872/872/872 876/876/876 873/873/873
f 872/872/872 875/875/875 877/877/877
f 876/876/876 878/878/878 873/873/873
f 879/879/879 877/877/877 875/875/875
f 876/876/876 880/880/880 878/878/878
f 879/879/879 881/881/881 877/877/877
f 880/880/880 882/882/882 878/878/878
f 883/883/883 881/881/881 879/879/879
f 880/880/880 884/884/884 882/882/882
f 883/883/883 885/885/885 881/881/881
f 884/884/884 886/886/886 882/882/882
f 885/885/885 883/883/883 887/887/887
f 884/884/884 888/888/888 886/886/886
f 885/885/885 887/887/887 889/889/889
f 890/890/890 886/886/886 888/888/888
f 891/891/891 889/889/889 887/887/887
f 890/890/890 888/888/888 892/892/892
f 891/891/891 893/893/893 889/889/889
f 894/894/894 890/890/890 892/892/892
f 893/893/893 891/891/891 895/895/895
f 894/894/894 892/892/892 896/896/896
f 893/893/893 895/895/895 897/897/897
f 896/896/896 898/898/898 894/894/894
f 897/897/897 895/895/895 899/899/899
f 896/896/896 900/900/900 898/898/898
f 897/897/897 899/899/899 901/901/901
f 900/900/900 902/902/902 898/898/898
f 901/901/901 899/899/899 902/902/902
f 900/900/900 903/903/903 902/902/902
f 901/901/901 902/902/902 903/903/903
f 904/904/904 905/905/905 906/906/906
f 904/904/904 906/906/906 907/907/907
f 908/908/908 906/906/906 905/905/905
f 909/909/909 904/904/904 907/907/907
f 908/908/908 905/905/905 910/910/910
f 909/909/909 907/907/907 911/911/911
f 910/910/910 912/912/912 908/908/908
f 911/911/911 913/913/913 909/909/909
f 910/910/910 914/914/914 912/912/912
f 911/911/911 915/915/915 913/913/913
f 914/914/914 916/916/916 912/912/912
f 917/917/917 913/913/913 915/915/915
f 914/914/914 918/918/918 916/916/916
f 917/917/917 915/915/915 919/919/919
f 918/918/918 917/917/917 919/919/919
f 918/918/918 919/919/919 916/916/916
