# Unturned item rip -> Godot (X+Z negated, winding reversed, RH Y-up)
v 0.293789 -0.112055 0.246923
v 0.293789 0.104821 0.250711
v 0.293789 0.008311 0.204498
v 0.298225 0.008311 0.174440
v 0.310430 0.044851 0.159305
v 0.310430 -0.028229 0.159305
v 0.293789 0.008311 0.204498
v 0.303963 0.237810 -0.040207
v 0.290050 0.178017 0.104146
v 0.244351 0.252663 0.159305
v 0.207740 0.216051 0.204498
v 0.293789 0.008311 0.204498
v 0.000000 0.302100 0.204498
v 0.207740 -0.199429 0.204498
v 0.282153 0.290464 -0.040207
v 0.000000 0.353876 0.159305
v -0.207740 0.216051 0.204498
v -0.244351 0.252663 0.159305
v -0.310430 0.044851 0.159305
v -0.293789 0.008311 0.204498
v 0.000000 0.407335 -0.040207
v -0.313225 0.008311 0.174440
v -0.310429 -0.028229 0.159305
v -0.303962 -0.221188 -0.040207
v -0.207740 -0.199429 0.204498
v -0.290050 0.178017 0.104146
v -0.282153 0.290464 -0.040207
v -0.303963 0.237810 -0.040207
v -0.279724 0.167264 -0.239719
v -0.292820 0.248311 -0.065560
v 0.244351 0.252663 -0.239719
v 0.000000 0.353876 -0.239719
v 0.141076 0.149388 -0.385772
v 0.279725 0.167264 -0.239719
v -0.244351 0.252663 -0.239719
v -0.141076 0.149388 -0.385772
v 0.292820 0.248311 -0.065560
v 0.276464 0.178017 -0.235265
v -0.276464 0.178017 -0.235265
v 0.000000 0.207823 -0.385772
v 0.303963 -0.221187 -0.040207
v 0.000000 0.083536 -0.419075
v -0.279724 0.008311 -0.305560
v -0.279724 -0.150642 -0.239719
v -0.141076 -0.132765 -0.385772
v -0.244351 -0.236040 -0.239719
v -0.276464 -0.161395 -0.235265
v -0.292819 -0.231689 -0.065560
v -0.282153 -0.273841 -0.040207
v -0.199512 0.008311 -0.385772
v -0.290050 -0.161395 0.104146
v -0.244351 -0.236040 0.159305
v -0.036540 -0.302118 0.159305
v 0.000000 -0.285478 0.204498
v -0.169706 -0.281739 0.104146
v 0.000000 -0.299913 0.174440
v -0.229498 -0.295651 -0.040207
v -0.240000 -0.284508 -0.065560
v 0.036540 -0.302118 0.159305
v -0.169706 -0.268153 -0.235265
v -0.158953 -0.271413 -0.239719
v 0.244351 -0.236040 0.159305
v 0.169706 -0.281739 0.104146
v 0.282153 -0.273841 -0.040207
v 0.229499 -0.295651 -0.040207
v 0.240000 -0.284508 -0.065560
v 0.244351 -0.236040 -0.239719
v 0.169706 -0.268153 -0.235265
v 0.158953 -0.271413 -0.239719
v -0.113137 -0.180597 -0.349513
v 0.000000 -0.271413 -0.305560
v 0.290050 -0.161395 0.104146
v 0.113137 -0.180597 -0.349513
v 0.141076 -0.132765 -0.385772
v 0.000000 -0.228764 -0.348209
v 0.292820 -0.231689 -0.065560
v -0.135186 -0.135205 -0.385772
v 0.135186 -0.135205 -0.385772
v 0.137665 -0.129354 -0.387064
v 0.279724 -0.150642 -0.239719
v 0.276464 -0.161394 -0.235265
v 0.279724 0.008311 -0.305560
v -0.137665 -0.129354 -0.387064
v 0.199512 0.008311 -0.385772
v -0.160000 -0.073586 -0.387270
v -0.125261 0.008311 -0.405668
v -0.052606 0.060918 -0.419297
v -0.113137 0.038644 -0.405549
v 0.052607 0.060918 -0.419297
v 0.160000 -0.073586 -0.387270
v 0.125261 0.008311 -0.405668
v 0.113137 0.038644 -0.405550
v -0.293789 0.008311 0.204498
v -0.293789 0.104821 0.250711
v -0.293789 -0.112055 0.246923
v 0.169706 -0.218142 0.104146
v 0.000000 -0.218142 0.174440
v -0.169706 -0.218142 0.104146
v 0.240000 -0.218142 -0.065560
v -0.240000 -0.218142 -0.065560
v 0.169706 -0.218142 -0.235265
v -0.169706 -0.218142 -0.235265
v 0.000000 -0.218142 -0.305560
v -0.341213 -0.104456 0.117045
v -0.341213 0.187434 -0.174845
v -0.341213 0.206245 -0.156034
v -0.341213 -0.085645 0.135856
v -0.341213 -0.190380 0.031121
v -0.341213 0.101510 -0.260769
v -0.341213 0.120321 -0.241958
v -0.341213 -0.171569 0.049932
v -0.341213 -0.171777 -0.174637
v -0.341213 0.120113 0.117254
v -0.341213 0.101185 0.136181
v -0.341213 -0.190705 -0.155709
v -0.341213 -0.104248 -0.242166
v -0.341213 -0.085320 -0.261094
v -0.341213 0.206570 0.030797
v -0.341213 0.187642 0.049724
v 0.341213 0.121078 0.117045
v 0.341213 -0.170812 -0.174845
v 0.341213 -0.189623 -0.156034
v 0.341213 0.102267 0.135856
v 0.341213 0.207003 0.031121
v 0.341213 -0.084888 -0.260769
v 0.341213 -0.103698 -0.241958
v 0.341213 0.188192 0.049932
v 0.341213 0.188400 -0.174637
v 0.341213 -0.103491 0.117254
v 0.341213 -0.084563 0.136181
v 0.341213 0.207327 -0.155709
v 0.341213 0.120870 -0.242166
v 0.341213 0.101943 -0.261094
v 0.341213 -0.189947 0.030797
v 0.341213 -0.171020 0.049724
v 0.112767 -0.332902 0.117045
v -0.179123 -0.332902 -0.174845
v -0.197934 -0.332902 -0.156034
v 0.093956 -0.332902 0.135856
v 0.198692 -0.332902 0.031121
v -0.093199 -0.332902 -0.260769
v -0.112010 -0.332902 -0.241958
v 0.179881 -0.332902 0.049932
v 0.180088 -0.332902 -0.174637
v -0.111802 -0.332902 0.117254
v -0.092874 -0.332902 0.136181
v 0.199016 -0.332902 -0.155709
v 0.112559 -0.332902 -0.242166
v 0.093632 -0.332902 -0.261094
v -0.198259 -0.332902 0.030797
v -0.179331 -0.332902 0.049724
v 0.065394 -0.183568 -0.400817
v -0.103821 -0.021347 -0.448964
v -0.118055 -0.034993 -0.444914
v 0.051160 -0.197214 -0.396767
v 0.119699 -0.131508 -0.416269
v -0.049516 0.030713 -0.464415
v -0.064018 0.016810 -0.460289
v 0.105197 -0.145411 -0.412142
v 0.105583 -0.021460 -0.448931
v -0.063633 -0.183681 -0.400784
v -0.049341 -0.197382 -0.396718
v 0.119874 -0.035161 -0.444864
v 0.065865 0.016616 -0.460232
v 0.050985 0.030881 -0.464465
v -0.118230 -0.131340 -0.416318
v -0.103351 -0.145605 -0.412085
v 0.238117 -0.216334 0.234129
v 0.267029 -0.207076 0.222302
v 0.281659 -0.230245 0.239928
v 0.252746 -0.239503 0.251756
v 0.267029 -0.207076 0.222302
v 0.250958 -0.306060 0.105530
v 0.265587 -0.329229 0.123157
v 0.281659 -0.230245 0.239928
v 0.250958 -0.306060 0.105530
v 0.222045 -0.315318 0.117358
v 0.236675 -0.338487 0.134984
v 0.265587 -0.329229 0.123157
v 0.222045 -0.315318 0.117358
v 0.238117 -0.216334 0.234129
v 0.252746 -0.239503 0.251756
v 0.236675 -0.338487 0.134984
v 0.267029 -0.207076 0.222302
v 0.238117 -0.216334 0.234129
v 0.222045 -0.315318 0.117358
v 0.250958 -0.306060 0.105530
v 0.265587 -0.329229 0.123157
v 0.236675 -0.338487 0.134984
v 0.252746 -0.239503 0.251756
v 0.281659 -0.230245 0.239928
v 0.319748 -0.237111 0.160535
v 0.316346 -0.258064 0.135817
v 0.330976 -0.281233 0.153444
v 0.334378 -0.260281 0.178161
v 0.316346 -0.258064 0.135817
v 0.179757 -0.301803 0.191692
v 0.194387 -0.324972 0.209319
v 0.330976 -0.281233 0.153444
v 0.179757 -0.301803 0.191692
v 0.183159 -0.280850 0.216410
v 0.197789 -0.304020 0.234036
v 0.194387 -0.324972 0.209319
v 0.183159 -0.280850 0.216410
v 0.319748 -0.237111 0.160535
v 0.334378 -0.260281 0.178161
v 0.197789 -0.304020 0.234036
v 0.316346 -0.258064 0.135817
v 0.319748 -0.237111 0.160535
v 0.183159 -0.280850 0.216410
v 0.179757 -0.301803 0.191692
v 0.194387 -0.324972 0.209319
v 0.197789 -0.304020 0.234036
v 0.334378 -0.260281 0.178161
v 0.330976 -0.281233 0.153444
v -0.160802 0.239097 0.074043
v -0.154365 0.317007 0.072850
v -0.168690 0.264760 -0.001318
v -0.181145 0.279935 0.138489
v -0.106581 0.358156 0.081177
v -0.103604 0.325732 0.154251
v -0.024197 0.329464 0.071393
v 0.004857 0.319773 0.145298
v -0.254481 0.308872 0.124913
v -0.232704 0.204292 0.069715
v -0.240591 0.229955 -0.005645
v -0.227702 0.345945 0.059274
v -0.156619 0.379665 0.180341
v -0.159596 0.412089 0.107267
v -0.000008 0.398678 0.157558
v -0.029062 0.408370 0.083653
v -0.181145 0.279935 0.138489
v -0.160802 0.239097 0.074043
v -0.232704 0.204292 0.069715
v -0.254481 0.308872 0.124913
v -0.103604 0.325732 0.154251
v -0.156619 0.379665 0.180341
v 0.004857 0.319773 0.145298
v -0.000008 0.398678 0.157558
v -0.227702 0.345945 0.059274
v -0.240591 0.229955 -0.005645
v -0.168690 0.264760 -0.001318
v -0.154365 0.317007 0.072850
v -0.159596 0.412089 0.107267
v -0.106581 0.358156 0.081177
v -0.029062 0.408370 0.083653
v -0.024197 0.329464 0.071393
v 0.061095 0.309601 0.160891
v 0.061095 0.399086 0.193215
v 0.061095 0.440598 0.078292
v 0.061095 0.351112 0.045969
v 0.061095 0.399086 0.193215
v -0.061095 0.399086 0.193215
v -0.061095 0.440598 0.078292
v 0.061095 0.440598 0.078292
v -0.061095 0.399086 0.193215
v -0.061095 0.309601 0.160891
v -0.061095 0.351112 0.045969
v -0.061095 0.440598 0.078292
v -0.061095 0.309601 0.160891
v 0.061095 0.309601 0.160891
v 0.061095 0.351112 0.045969
v -0.061095 0.351112 0.045969
v 0.061095 0.399086 0.193215
v 0.061095 0.309601 0.160891
v -0.061095 0.309601 0.160891
v -0.061095 0.399086 0.193215
v -0.061095 0.440598 0.078292
v -0.061095 0.351112 0.045969
v 0.061095 0.351112 0.045969
v 0.061095 0.440598 0.078292
v 0.214841 0.270040 -0.286487
v 0.165469 0.252641 -0.339416
v 0.172018 0.188616 -0.376829
v 0.227938 0.141990 -0.361313
v 0.270762 0.223413 -0.270971
v 0.277310 0.159389 -0.308384
v -0.270762 0.223413 -0.270971
v -0.277310 0.159389 -0.308384
v -0.227938 0.141990 -0.361313
v -0.214841 0.270040 -0.286487
v -0.172017 0.188616 -0.376829
v -0.165469 0.252641 -0.339416
v 0.215439 -0.265016 0.210469
v 0.256931 -0.237115 0.210469
v 0.291478 -0.243689 0.174926
v 0.208494 -0.299490 0.174926
v 0.243041 -0.306064 0.139383
v 0.284533 -0.278163 0.139383
v -0.226453 -0.231689 -0.065560
v -0.240000 -0.231689 -0.065560
v -0.226453 -0.218142 -0.098264
v -0.226453 -0.218142 -0.032856
v 0.226454 -0.231689 -0.065560
v 0.240000 -0.231689 -0.065560
v 0.226454 -0.218142 -0.032856
v 0.226454 -0.218142 -0.098264
v 0.000000 -0.233702 0.249690
v 0.171129 -0.162818 0.249690
v 0.171129 -0.283183 0.292115
v -0.171129 -0.162818 0.249690
v -0.171129 -0.283183 0.292115
v -0.242013 0.008311 0.249690
v -0.171129 0.179440 0.249690
v 0.000000 0.250324 0.249690
v 0.171129 0.179440 0.249690
v 0.242013 0.008311 0.249690
v 0.000000 0.250324 0.249690
v -0.171129 0.275951 0.295903
v 0.171129 0.275950 0.295903
v -0.242013 0.104821 0.295903
v -0.171129 0.275951 0.295903
v -0.242013 0.008311 0.249690
v -0.242013 -0.112055 0.292115
v -0.242013 0.008311 0.249690
v -0.171129 -0.283183 0.292115
v 0.000000 -0.275601 0.292115
v 0.171129 -0.283183 0.292115
v 0.171129 0.275950 0.295903
v 0.242013 0.104821 0.295903
v 0.242013 0.008311 0.249690
v 0.242013 -0.112055 0.292115
v 0.242013 0.008311 0.249690
v 0.000000 0.250324 0.249690
v 0.000000 0.268368 0.295903
v 0.171129 0.275950 0.295903
v -0.171129 0.275951 0.295903
v -0.226453 -0.161395 -0.235265
v -0.226453 0.008311 -0.305560
v -0.226453 -0.218142 -0.098264
v -0.226453 0.178017 -0.235265
v -0.226453 0.248311 -0.065560
v -0.226453 -0.218142 -0.032856
v -0.226453 -0.231689 -0.065560
v -0.226453 0.178017 0.104146
v -0.226453 0.008311 0.174440
v -0.226453 -0.161395 0.104146
v 0.207740 -0.319794 0.246923
v 0.171129 -0.283183 0.292115
v 0.242013 -0.112055 0.292115
v 0.293789 -0.112055 0.246923
v 0.293789 0.104821 0.250711
v 0.242013 0.104821 0.295903
v 0.171129 0.275950 0.295903
v 0.207740 0.312561 0.250711
v 0.000000 0.320144 0.250711
v 0.000000 0.268368 0.295903
v -0.171129 0.275951 0.295903
v -0.207740 0.312562 0.250711
v -0.293789 0.104821 0.250711
v -0.242013 0.104821 0.295903
v -0.242013 -0.112055 0.292115
v -0.293789 -0.112055 0.246923
v -0.207740 -0.319795 0.246923
v -0.171129 -0.283183 0.292115
v -0.171129 -0.283183 0.292115
v 0.000000 -0.327377 0.246923
v 0.000000 -0.275601 0.292115
v 0.171129 -0.283183 0.292115
v 0.207740 0.216051 0.204498
v 0.293789 0.008311 0.204498
v 0.293789 0.104821 0.250711
v 0.207740 0.312561 0.250711
v 0.000000 0.302100 0.204498
v 0.000000 0.320144 0.250711
v -0.207740 0.312562 0.250711
v -0.207740 0.216051 0.204498
v -0.293789 0.104821 0.250711
v -0.293789 0.008311 0.204498
v -0.207740 -0.199429 0.204498
v -0.293789 -0.112055 0.246923
v -0.207740 -0.319795 0.246923
v 0.000000 -0.285478 0.204498
v 0.000000 -0.327377 0.246923
v 0.207740 -0.319794 0.246923
v 0.207740 -0.199429 0.204498
v 0.293789 -0.112055 0.246923
v 0.293789 0.008311 0.204498
v 0.226453 -0.161394 -0.235265
v 0.226454 -0.218142 -0.098264
v 0.226454 0.008311 -0.305560
v 0.226454 0.178017 -0.235265
v 0.226454 0.248311 -0.065560
v 0.226454 -0.218142 -0.032856
v 0.226454 -0.231689 -0.065560
v 0.226454 0.178017 0.104146
v 0.226454 0.008311 0.174440
v 0.226454 -0.161394 0.104146
v -0.036540 -0.302118 0.159305
v -0.229498 -0.295651 -0.040207
v -0.169706 -0.281739 0.104146
v 0.036540 -0.302118 0.159305
v 0.000000 -0.299913 0.174440
v 0.229499 -0.295651 -0.040207
v 0.169706 -0.281739 0.104146
v 0.158953 -0.271413 -0.239719
v 0.240000 -0.284508 -0.065560
v 0.169706 -0.268153 -0.235265
v -0.158953 -0.271413 -0.239719
v 0.000000 -0.271413 -0.305560
v -0.240000 -0.284508 -0.065560
v -0.169706 -0.268153 -0.235265
v -0.333983 -0.088499 0.031250
v -0.333984 -0.128599 -0.065560
v -0.333984 -0.088499 -0.162369
v -0.333984 0.008311 0.071350
v -0.333984 0.008311 -0.202469
v -0.333983 0.105121 0.031250
v -0.333984 0.105121 -0.162369
v -0.333984 0.145221 -0.065560
v 0.333984 -0.088499 -0.162369
v 0.333984 -0.128599 -0.065560
v 0.333984 -0.088499 0.031250
v 0.333984 0.008311 -0.202469
v 0.333984 0.008311 0.071350
v 0.333984 0.105121 -0.162369
v 0.333984 0.105121 0.031250
v 0.333984 0.145221 -0.065560
v -0.052017 -0.033292 -0.437869
v -0.073563 -0.083537 -0.424407
v -0.052017 -0.133781 -0.410943
v 0.000000 -0.012480 -0.443446
v 0.000000 -0.154593 -0.405367
v 0.052017 -0.033292 -0.437869
v 0.052017 -0.133781 -0.410943
v 0.073563 -0.083537 -0.424407
v 0.000000 -0.271413 -0.305560
v -0.158953 -0.271413 -0.239719
v 0.000000 -0.218142 -0.305560
v 0.158953 -0.271413 -0.239719
v -0.169706 -0.218142 -0.235265
v 0.169706 -0.218142 -0.235265
v -0.169706 -0.268153 -0.235265
v 0.169706 -0.268153 -0.235265
v -0.226453 -0.218142 -0.098264
v 0.226454 -0.218142 -0.098264
v -0.240000 -0.284508 -0.065560
v 0.240000 -0.284508 -0.065560
v -0.240000 -0.231689 -0.065560
v 0.240000 -0.231689 -0.065560
v -0.229498 -0.295651 -0.040207
v 0.229499 -0.295651 -0.040207
v -0.226453 -0.218142 -0.032856
v 0.226454 -0.218142 -0.032856
v -0.169706 -0.281739 0.104146
v 0.169706 -0.281739 0.104146
v -0.169706 -0.218142 0.104146
v 0.169706 -0.218142 0.104146
v -0.036540 -0.302118 0.159305
v 0.036540 -0.302118 0.159305
v 0.000000 -0.218142 0.174440
v 0.000000 -0.299913 0.174440
v -0.082061 -0.008907 -0.462946
v 0.000000 0.031572 -0.443206
v 0.000000 0.023926 -0.471743
v -0.082061 -0.001260 -0.434408
v 0.082061 -0.001260 -0.434408
v -0.116052 -0.088172 -0.441707
v 0.082061 -0.008907 -0.462946
v -0.116052 -0.080526 -0.413169
v 0.116052 -0.080526 -0.413169
v -0.082061 -0.167437 -0.420468
v 0.116052 -0.088172 -0.441707
v -0.082061 -0.159791 -0.391930
v 0.082061 -0.159791 -0.391930
v 0.000000 -0.200270 -0.411670
v 0.082061 -0.167437 -0.420468
v 0.000000 -0.192624 -0.383133
v 0.160000 -0.088172 -0.441707
v 0.116052 -0.088172 -0.441707
v 0.082061 -0.167437 -0.420468
v 0.113137 -0.197454 -0.412425
v 0.113137 0.021110 -0.470989
v 0.000000 -0.200270 -0.411670
v 0.082061 -0.008907 -0.462946
v 0.000000 -0.242720 -0.400296
v 0.000000 0.066376 -0.483118
v -0.082061 -0.167437 -0.420468
v 0.000000 0.023926 -0.471743
v -0.113137 -0.197454 -0.412425
v -0.113137 0.021110 -0.470989
v -0.116052 -0.088172 -0.441707
v -0.082061 -0.008907 -0.462946
v -0.160000 -0.088172 -0.441707
v 0.363100 -0.109812 -0.183682
v 0.311299 0.008311 -0.232610
v 0.363100 0.008311 -0.232610
v 0.311299 -0.109812 -0.183682
v 0.311299 0.126434 -0.183682
v 0.363100 -0.158740 -0.065560
v 0.363100 0.126434 -0.183682
v 0.311299 -0.158740 -0.065560
v 0.311299 0.175362 -0.065560
v 0.363100 -0.109812 0.052563
v 0.363100 0.175362 -0.065560
v 0.311299 -0.109812 0.052563
v 0.311299 0.126434 0.052563
v 0.363100 0.008311 0.101491
v 0.363100 0.126434 0.052563
v 0.311299 0.008311 0.101491
v 0.363100 0.008311 0.174440
v 0.363100 0.008311 0.101491
v 0.363100 -0.109812 0.052563
v 0.363100 -0.161395 0.104146
v 0.363100 0.178017 0.104146
v 0.363100 -0.158740 -0.065560
v 0.363100 0.126434 0.052563
v 0.363100 -0.231689 -0.065560
v 0.363100 0.248311 -0.065560
v 0.363100 -0.109812 -0.183682
v 0.363100 0.175362 -0.065560
v 0.363100 -0.161395 -0.235265
v 0.363100 0.178017 -0.235265
v 0.363100 0.008311 -0.232610
v 0.363100 0.126434 -0.183682
v 0.363100 0.008311 -0.305560
v 0.226454 0.248311 -0.065560
v 0.226454 0.178017 -0.235265
v 0.363100 0.178017 -0.235265
v 0.363100 0.248311 -0.065560
v 0.363100 0.008311 -0.305560
v 0.226454 0.178017 0.104146
v 0.226454 0.008311 -0.305560
v 0.363100 0.178017 0.104146
v 0.363100 -0.161395 -0.235265
v 0.226454 0.008311 0.174440
v 0.226453 -0.161394 -0.235265
v 0.363100 0.008311 0.174440
v 0.363100 -0.231689 -0.065560
v 0.226454 -0.161394 0.104146
v 0.226454 -0.231689 -0.065560
v 0.363100 -0.161395 0.104146
v -0.363099 0.126434 -0.183682
v -0.311299 0.008311 -0.232610
v -0.363099 0.008311 -0.232610
v -0.311299 0.126434 -0.183682
v -0.311299 -0.109812 -0.183682
v -0.363100 0.175362 -0.065560
v -0.363099 -0.109812 -0.183682
v -0.311299 0.175362 -0.065560
v -0.311299 -0.158740 -0.065560
v -0.363099 0.126434 0.052563
v -0.363100 -0.158740 -0.065560
v -0.311299 0.126434 0.052563
v -0.311299 -0.109812 0.052563
v -0.363099 0.008311 0.101491
v -0.363099 -0.109812 0.052563
v -0.311299 0.008311 0.101491
v -0.363100 0.008311 0.174440
v -0.363099 0.008311 0.101491
v -0.363099 0.126434 0.052563
v -0.363099 0.178017 0.104146
v -0.363099 -0.161395 0.104146
v -0.363100 0.175362 -0.065560
v -0.363099 -0.109812 0.052563
v -0.363100 0.248311 -0.065560
v -0.363100 -0.231689 -0.065560
v -0.363099 0.126434 -0.183682
v -0.363100 -0.158740 -0.065560
v -0.363099 0.178017 -0.235265
v -0.363099 -0.161395 -0.235265
v -0.363099 0.008311 -0.232610
v -0.363099 -0.109812 -0.183682
v -0.363100 0.008311 -0.305560
v -0.226453 -0.231689 -0.065560
v -0.226453 -0.161395 -0.235265
v -0.363099 -0.161395 -0.235265
v -0.363100 -0.231689 -0.065560
v -0.363100 0.008311 -0.305560
v -0.226453 -0.161395 0.104146
v -0.226453 0.008311 -0.305560
v -0.363099 -0.161395 0.104146
v -0.363099 0.178017 -0.235265
v -0.226453 0.008311 0.174440
v -0.226453 0.178017 -0.235265
v -0.363100 0.008311 0.174440
v -0.363100 0.248311 -0.065560
v -0.226453 0.178017 0.104146
v -0.226453 0.248311 -0.065560
v -0.363099 0.178017 0.104146
v -0.118123 -0.354788 -0.183682
v 0.000000 -0.302988 -0.232610
v 0.000000 -0.354788 -0.232610
v -0.118123 -0.302988 -0.183682
v 0.118123 -0.302988 -0.183682
v -0.167051 -0.354788 -0.065560
v 0.118123 -0.354788 -0.183682
v -0.167051 -0.302988 -0.065560
v 0.167051 -0.302988 -0.065560
v -0.118123 -0.354788 0.052563
v 0.167051 -0.354788 -0.065560
v -0.118123 -0.302988 0.052563
v 0.118123 -0.302988 0.052563
v 0.000000 -0.354788 0.101491
v 0.118123 -0.354788 0.052563
v 0.000000 -0.302988 0.101491
v 0.000000 -0.354788 0.174440
v 0.000000 -0.354788 0.101491
v -0.118123 -0.354788 0.052563
v -0.169706 -0.354788 0.104146
v 0.169706 -0.354788 0.104146
v -0.167051 -0.354788 -0.065560
v 0.118123 -0.354788 0.052563
v -0.240000 -0.354788 -0.065560
v 0.240000 -0.354788 -0.065560
v -0.118123 -0.354788 -0.183682
v 0.167051 -0.354788 -0.065560
v -0.169706 -0.354788 -0.235265
v 0.169706 -0.354788 -0.235265
v 0.000000 -0.354788 -0.232610
v 0.118123 -0.354788 -0.183682
v 0.000000 -0.354788 -0.305560
v 0.240000 -0.218142 -0.065560
v 0.169706 -0.218142 -0.235265
v 0.169706 -0.354788 -0.235265
v 0.240000 -0.354788 -0.065560
v 0.000000 -0.354788 -0.305560
v 0.169706 -0.218142 0.104146
v 0.000000 -0.218142 -0.305560
v 0.169706 -0.354788 0.104146
v -0.169706 -0.354788 -0.235265
v 0.000000 -0.218142 0.174440
v -0.169706 -0.218142 -0.235265
v 0.000000 -0.354788 0.174440
v -0.240000 -0.354788 -0.065560
v -0.169706 -0.218142 0.104146
v -0.240000 -0.218142 -0.065560
v -0.169706 -0.354788 0.104146
v 0.116052 -0.080526 -0.413169
v 0.073563 -0.083537 -0.424407
v 0.052017 -0.133781 -0.410943
v 0.082061 -0.159791 -0.391930
v 0.082061 -0.001260 -0.434408
v 0.000000 -0.154593 -0.405367
v 0.052017 -0.033292 -0.437869
v 0.000000 -0.192624 -0.383133
v 0.000000 0.031572 -0.443206
v -0.052017 -0.133781 -0.410943
v 0.000000 -0.012480 -0.443446
v -0.082061 -0.159791 -0.391930
v -0.082061 -0.001260 -0.434408
v -0.073563 -0.083537 -0.424407
v -0.052017 -0.033292 -0.437869
v -0.116052 -0.080526 -0.413169
v -0.311299 0.008311 -0.232610
v -0.333984 0.008311 -0.202469
v -0.333984 -0.088499 -0.162369
v -0.311299 -0.109812 -0.183682
v -0.311299 0.126434 -0.183682
v -0.333984 -0.128599 -0.065560
v -0.333984 0.105121 -0.162369
v -0.311299 -0.158740 -0.065560
v -0.311299 0.175362 -0.065560
v -0.333983 -0.088499 0.031250
v -0.333984 0.145221 -0.065560
v -0.311299 -0.109812 0.052563
v -0.311299 0.126434 0.052563
v -0.333984 0.008311 0.071350
v -0.333983 0.105121 0.031250
v -0.311299 0.008311 0.101491
v 0.311299 -0.109812 0.052563
v 0.333984 -0.088499 0.031250
v 0.333984 -0.128599 -0.065560
v 0.311299 -0.158740 -0.065560
v 0.311299 0.008311 0.101491
v 0.333984 -0.088499 -0.162369
v 0.333984 0.008311 0.071350
v 0.311299 -0.109812 -0.183682
v 0.311299 0.126434 0.052563
v 0.333984 0.008311 -0.202469
v 0.333984 0.105121 0.031250
v 0.311299 0.008311 -0.232610
v 0.311299 0.175362 -0.065560
v 0.333984 0.105121 -0.162369
v 0.333984 0.145221 -0.065560
v 0.311299 0.126434 -0.183682
v -0.118123 -0.302988 -0.183682
v 0.000000 -0.330125 -0.168288
v 0.000000 -0.302988 -0.232610
v -0.072640 -0.330125 -0.138200
v -0.167051 -0.302988 -0.065560
v 0.072640 -0.330125 -0.138200
v 0.118123 -0.302988 -0.183682
v 0.102729 -0.330125 -0.065560
v 0.167051 -0.302988 -0.065560
v -0.102729 -0.330125 -0.065560
v -0.118123 -0.302988 0.052563
v 0.072640 -0.330125 0.007081
v 0.118123 -0.302988 0.052563
v -0.072640 -0.330125 0.007081
v 0.000000 -0.302988 0.101491
v 0.000000 -0.330125 0.037169
v 0.160000 -0.005350 -0.132611
v 0.113137 0.103932 -0.161893
v 0.113137 0.021110 -0.470989
v 0.160000 -0.088172 -0.441707
v 0.000000 0.066376 -0.483118
v 0.113137 -0.114632 -0.103329
v 0.000000 0.149198 -0.174022
v 0.113137 -0.197454 -0.412425
v -0.113137 0.021110 -0.470989
v 0.000000 -0.159898 -0.091200
v -0.113137 0.103932 -0.161893
v 0.000000 -0.242720 -0.400296
v -0.160000 -0.088172 -0.441707
v -0.113137 -0.114632 -0.103329
v -0.160000 -0.005350 -0.132611
v -0.113137 -0.197454 -0.412425
v 0.243041 -0.306064 0.139383
v 0.284533 -0.278163 0.139383
v 0.238730 -0.210048 0.082266
v 0.197238 -0.237949 0.082266
v 0.245675 -0.175574 0.117808
v 0.208494 -0.299490 0.174926
v 0.291478 -0.243689 0.174926
v 0.162691 -0.231375 0.117809
v 0.211128 -0.169000 0.153352
v 0.215439 -0.265016 0.210469
v 0.256931 -0.237115 0.210469
v 0.169636 -0.196901 0.153351
v -0.214841 0.270040 -0.286487
v -0.129907 0.201984 -0.184890
v -0.185827 0.155358 -0.169374
v -0.165469 0.252641 -0.339416
v -0.270762 0.223413 -0.270971
v -0.080535 0.184586 -0.237819
v -0.192375 0.091333 -0.206787
v -0.172017 0.188616 -0.376829
v -0.277310 0.159389 -0.308384
v -0.087083 0.120561 -0.275233
v -0.143003 0.073934 -0.259717
v -0.227938 0.141990 -0.361313
v 0.214841 0.270040 -0.286487
v 0.270762 0.223413 -0.270971
v 0.185827 0.155358 -0.169374
v 0.129907 0.201984 -0.184890
v 0.192375 0.091333 -0.206787
v 0.165469 0.252641 -0.339416
v 0.277310 0.159389 -0.308384
v 0.080535 0.184586 -0.237819
v 0.143003 0.073934 -0.259717
v 0.172018 0.188616 -0.376829
v 0.227938 0.141990 -0.361313
v 0.087083 0.120561 -0.275233
vt 0.25000003 0.749960423
vt 0.25000003 0.749960423
vt 0.25000003 0.749960423
vt 0.25000003 0.749960423
vt 0.25000003 0.749960423
vt 0.25000003 0.749960423
vt 0.25000003 0.749960423
vt 0.25000003 0.749960423
vt 0.25000003 0.749960423
vt 0.25000003 0.749960423
vt 0.25000003 0.749960423
vt 0.25000003 0.749960423
vt 0.25000003 0.749960423
vt 0.25000003 0.749960423
vt 0.25000003 0.749960423
vt 0.25000003 0.749960423
vt 0.25000003 0.749960423
vt 0.25000003 0.749960423
vt 0.25000003 0.749960423
vt 0.25000003 0.749960423
vt 0.25000003 0.749960423
vt 0.25000003 0.749960423
vt 0.25000003 0.749960423
vt 0.25000003 0.749960423
vt 0.25000003 0.749960423
vt 0.25000003 0.749960423
vt 0.25000003 0.749960423
vt 0.25000003 0.749960423
vt 0.25000003 0.749960423
vt 0.25000003 0.749960423
vt 0.25000003 0.749960423
vt 0.25000003 0.749960423
vt 0.25000003 0.749960423
vt 0.25000003 0.749960423
vt 0.25000003 0.749960423
vt 0.25000003 0.749960423
vt 0.25000003 0.749960423
vt 0.25000003 0.749960423
vt 0.25000003 0.749960423
vt 0.25000003 0.749960423
vt 0.25000003 0.749960423
vt 0.25000003 0.749960423
vt 0.25000003 0.749960423
vt 0.25000003 0.749960423
vt 0.25000003 0.749960423
vt 0.25000003 0.749960423
vt 0.25000003 0.749960423
vt 0.25000003 0.749960423
vt 0.25000003 0.749960423
vt 0.25000003 0.749960423
vt 0.25000003 0.749960423
vt 0.25000003 0.749960423
vt 0.25000003 0.749960423
vt 0.25000003 0.749960423
vt 0.25000003 0.749960423
vt 0.25000003 0.749960423
vt 0.25000003 0.749960423
vt 0.25000003 0.749960423
vt 0.25000003 0.749960423
vt 0.25000003 0.749960423
vt 0.25000003 0.749960423
vt 0.25000003 0.749960423
vt 0.25000003 0.749960423
vt 0.25000003 0.749960423
vt 0.25000003 0.749960423
vt 0.25000003 0.749960423
vt 0.25000003 0.749960423
vt 0.25000003 0.749960423
vt 0.25000003 0.749960423
vt 0.25000003 0.749960423
vt 0.25000003 0.749960423
vt 0.25000003 0.749960423
vt 0.25000003 0.749960423
vt 0.25000003 0.749960423
vt 0.25000003 0.749960423
vt 0.25000003 0.749960423
vt 0.25000003 0.749960423
vt 0.25000003 0.749960423
vt 0.25000003 0.749960423
vt 0.25000003 0.749960423
vt 0.25000003 0.749960423
vt 0.25000003 0.749960423
vt 0.25000003 0.749960423
vt 0.25000003 0.749960423
vt 0.25000003 0.749960423
vt 0.25000003 0.749960423
vt 0.25000003 0.749960423
vt 0.25000003 0.749960423
vt 0.25000003 0.749960423
vt 0.25000003 0.749960423
vt 0.25000003 0.749960423
vt 0.25000003 0.749960423
vt 0.25000003 0.749960423
vt 0.25000003 0.749960423
vt 0.25000003 0.749960423
vt 0.750999808 0.746078253
vt 0.750999808 0.746078253
vt 0.750999808 0.746078253
vt 0.750999808 0.746078253
vt 0.750999808 0.746078253
vt 0.750999808 0.746078253
vt 0.750999808 0.746078253
vt 0.750999808 0.746078253
vt 0.765764594 0.22931388
vt 0.765764594 0.22931388
vt 0.765764594 0.22931388
vt 0.765764594 0.22931388
vt 0.765764594 0.22931388
vt 0.765764594 0.22931388
vt 0.765764594 0.22931388
vt 0.765764594 0.22931388
vt 0.765764594 0.22931388
vt 0.765764594 0.22931388
vt 0.765764594 0.22931388
vt 0.765764594 0.22931388
vt 0.765764594 0.22931388
vt 0.765764594 0.22931388
vt 0.765764594 0.22931388
vt 0.765764594 0.22931388
vt 0.765764594 0.22931388
vt 0.765764594 0.22931388
vt 0.765764594 0.22931388
vt 0.765764594 0.22931388
vt 0.765764594 0.22931388
vt 0.765764594 0.22931388
vt 0.765764594 0.22931388
vt 0.765764594 0.22931388
vt 0.765764594 0.22931388
vt 0.765764594 0.22931388
vt 0.765764594 0.22931388
vt 0.765764594 0.22931388
vt 0.765764594 0.22931388
vt 0.765764594 0.22931388
vt 0.765764594 0.22931388
vt 0.765764594 0.22931388
vt 0.765764594 0.22931388
vt 0.765764594 0.22931388
vt 0.765764594 0.22931388
vt 0.765764594 0.22931388
vt 0.765764594 0.22931388
vt 0.765764594 0.22931388
vt 0.765764594 0.22931388
vt 0.765764594 0.22931388
vt 0.765764594 0.22931388
vt 0.765764594 0.22931388
vt 0.765764594 0.22931388
vt 0.765764594 0.22931388
vt 0.765764594 0.22931388
vt 0.765764594 0.22931388
vt 0.765764594 0.22931388
vt 0.765764594 0.22931388
vt 0.765764594 0.22931388
vt 0.765764594 0.22931388
vt 0.765764594 0.22931388
vt 0.765764594 0.22931388
vt 0.765764594 0.22931388
vt 0.765764594 0.22931388
vt 0.765764594 0.22931388
vt 0.765764594 0.22931388
vt 0.765764594 0.22931388
vt 0.765764594 0.22931388
vt 0.765764594 0.22931388
vt 0.765764594 0.22931388
vt 0.765764594 0.22931388
vt 0.765764594 0.22931388
vt 0.765764594 0.22931388
vt 0.765764594 0.22931388
vt 0.75 0.750000179
vt 0.75 0.750000179
vt 0.75 0.750000179
vt 0.75 0.750000179
vt 0.75 0.750000179
vt 0.75 0.750000179
vt 0.75 0.750000179
vt 0.75 0.750000179
vt 0.75 0.750000179
vt 0.75 0.750000179
vt 0.75 0.750000179
vt 0.75 0.750000179
vt 0.75 0.750000179
vt 0.75 0.750000179
vt 0.75 0.750000179
vt 0.75 0.750000179
vt 0.75 0.750000179
vt 0.75 0.750000179
vt 0.75 0.750000179
vt 0.75 0.750000179
vt 0.75 0.750000179
vt 0.75 0.750000179
vt 0.75 0.750000179
vt 0.75 0.750000179
vt 0.75 0.750000179
vt 0.75 0.750000179
vt 0.75 0.750000179
vt 0.75 0.750000179
vt 0.75 0.750000179
vt 0.75 0.750000179
vt 0.75 0.750000179
vt 0.75 0.750000179
vt 0.75 0.750000179
vt 0.75 0.750000179
vt 0.75 0.750000179
vt 0.75 0.750000179
vt 0.75 0.750000179
vt 0.75 0.750000179
vt 0.75 0.750000179
vt 0.75 0.750000179
vt 0.75 0.750000179
vt 0.75 0.750000179
vt 0.75 0.750000179
vt 0.75 0.750000179
vt 0.75 0.750000179
vt 0.75 0.750000179
vt 0.75 0.750000179
vt 0.75 0.750000179
vt 0.75 0.25
vt 0.75 0.25
vt 0.75 0.25
vt 0.75 0.25
vt 0.75 0.25
vt 0.75 0.25
vt 0.75 0.25
vt 0.75 0.25
vt 0.75 0.25
vt 0.75 0.25
vt 0.75 0.25
vt 0.75 0.25
vt 0.75 0.25
vt 0.75 0.25
vt 0.75 0.25
vt 0.75 0.25
vt 0.75 0.25
vt 0.75 0.25
vt 0.75 0.25
vt 0.75 0.25
vt 0.75 0.25
vt 0.75 0.25
vt 0.75 0.25
vt 0.75 0.25
vt 0.75 0.25
vt 0.75 0.25
vt 0.75 0.25
vt 0.75 0.25
vt 0.75 0.25
vt 0.75 0.25
vt 0.75 0.25
vt 0.75 0.25
vt 0.75 0.75
vt 0.75 0.75
vt 0.75 0.75
vt 0.75 0.75
vt 0.75 0.75
vt 0.75 0.75
vt 0.75 0.75
vt 0.75 0.75
vt 0.75 0.75
vt 0.75 0.75
vt 0.75 0.75
vt 0.75 0.75
vt 0.75 0.75
vt 0.75 0.75
vt 0.75 0.75
vt 0.75 0.75
vt 0.75 0.75
vt 0.75 0.75
vt 0.75 0.75
vt 0.75 0.75
vt 0.75 0.75
vt 0.75 0.75
vt 0.75 0.75
vt 0.75 0.75
vt 0.75 0.75
vt 0.75 0.75
vt 0.75 0.75
vt 0.75 0.75
vt 0.75 0.75
vt 0.75 0.75
vt 0.75 0.75
vt 0.75 0.75
vt 0.75 0.75
vt 0.75 0.75
vt 0.75 0.75
vt 0.75 0.75
vt 0.25 0.75
vt 0.25 0.75
vt 0.25 0.75
vt 0.25 0.75
vt 0.25 0.75
vt 0.25 0.75
vt 0.25000003 0.749960423
vt 0.25000003 0.749960423
vt 0.25000003 0.749960423
vt 0.25000003 0.749960423
vt 0.25000003 0.749960423
vt 0.25000003 0.749960423
vt 0.25000003 0.749960423
vt 0.25000003 0.749960423
vt 0.25000003 0.749960423
vt 0.25000003 0.749960423
vt 0.25000003 0.749960423
vt 0.25000003 0.749960423
vt 0.25000003 0.749960423
vt 0.25000003 0.749960423
vt 0.25000003 0.749960423
vt 0.25000003 0.749960423
vt 0.25000003 0.749960423
vt 0.25000003 0.749960423
vt 0.25000003 0.749960423
vt 0.25000003 0.749960423
vt 0.25000003 0.749960423
vt 0.25000003 0.749960423
vt 0.25000003 0.749960423
vt 0.25000003 0.749960423
vt 0.25000003 0.749960423
vt 0.25000003 0.749960423
vt 0.25000003 0.749960423
vt 0.25000003 0.749960423
vt 0.25000003 0.749960423
vt 0.25000003 0.749960423
vt 0.25000003 0.749960423
vt 0.25000003 0.749960423
vt 0.25000003 0.749960423
vt 0.25000003 0.749960423
vt 0.25000003 0.749960423
vt 0.25000003 0.749960423
vt 0.25000003 0.749960423
vt 0.25000003 0.749960423
vt 0.25000003 0.749960423
vt 0.25000003 0.749960423
vt 0.25000003 0.749960423
vt 0.25000003 0.749960423
vt 0.25000003 0.749960423
vt 0.25000003 0.749960423
vt 0.25000003 0.749960423
vt 0.25000003 0.749960423
vt 0.25000003 0.749960423
vt 0.25000003 0.749960423
vt 0.25000003 0.749960423
vt 0.25000003 0.749960423
vt 0.25000003 0.749960423
vt 0.25000003 0.749960423
vt 0.25000003 0.749960423
vt 0.25000003 0.749960423
vt 0.25000003 0.749960423
vt 0.25000003 0.749960423
vt 0.25000003 0.749960423
vt 0.25000003 0.749960423
vt 0.25000003 0.749960423
vt 0.25000003 0.749960423
vt 0.25000003 0.749960423
vt 0.25000003 0.749960423
vt 0.25000003 0.749960423
vt 0.25000003 0.749960423
vt 0.25000003 0.749960423
vt 0.25000003 0.749960423
vt 0.25000003 0.749960423
vt 0.25000003 0.749960423
vt 0.25000003 0.749960423
vt 0.25000003 0.749960423
vt 0.25000003 0.749960423
vt 0.25000003 0.749960423
vt 0.25000003 0.749960423
vt 0.25000003 0.749960423
vt 0.25000003 0.749960423
vt 0.25000003 0.749960423
vt 0.25000003 0.749960423
vt 0.25000003 0.749960423
vt 0.25000003 0.749960423
vt 0.25000003 0.749960423
vt 0.25000003 0.749960423
vt 0.25000003 0.749960423
vt 0.25000003 0.749960423
vt 0.25000003 0.749960423
vt 0.25000003 0.749960423
vt 0.25000003 0.749960423
vt 0.25000003 0.749960423
vt 0.25000003 0.749960423
vt 0.25000003 0.749960423
vt 0.25000003 0.749960423
vt 0.25000003 0.749960423
vt 0.25000003 0.749960423
vt 0.25000003 0.749960423
vt 0.25000003 0.749960423
vt 0.25000003 0.749960423
vt 0.25000003 0.749960423
vt 0.25000003 0.749960423
vt 0.25000003 0.749960423
vt 0.25000003 0.749960423
vt 0 0
vt 0 0
vt 0 0
vt 0 0
vt 0 0
vt 0 0
vt 0 0
vt 0 0
vt 0 0
vt 0 0
vt 0 0
vt 0 0
vt 0 0
vt 0 0
vt 0.248000324 0.248000264
vt 0.248000324 0.248000264
vt 0.248000324 0.248000264
vt 0.248000324 0.248000264
vt 0.248000324 0.248000264
vt 0.248000324 0.248000264
vt 0.248000324 0.248000264
vt 0.248000324 0.248000264
vt 0.224392295 0.239157021
vt 0.224392295 0.239157021
vt 0.224392295 0.239157021
vt 0.224392295 0.239157021
vt 0.224392295 0.239157021
vt 0.224392295 0.239157021
vt 0.224392295 0.239157021
vt 0.224392295 0.239157021
vt 0.22931391 0.234235466
vt 0.22931391 0.234235466
vt 0.22931391 0.234235466
vt 0.22931391 0.234235466
vt 0.22931391 0.234235466
vt 0.22931391 0.234235466
vt 0.22931391 0.234235466
vt 0.22931391 0.234235466
vt 0.25000003 0.749960423
vt 0.25000003 0.749960423
vt 0.25000003 0.749960423
vt 0.25000003 0.749960423
vt 0.25000003 0.749960423
vt 0.25000003 0.749960423
vt 0.25000003 0.749960423
vt 0.25000003 0.749960423
vt 0.25000003 0.749960423
vt 0.25000003 0.749960423
vt 0.25000003 0.749960423
vt 0.25000003 0.749960423
vt 0.25000003 0.749960423
vt 0.25000003 0.749960423
vt 0.25000003 0.749960423
vt 0.25000003 0.749960423
vt 0.25000003 0.749960423
vt 0.25000003 0.749960423
vt 0.25000003 0.749960423
vt 0.25000003 0.749960423
vt 0.25000003 0.749960423
vt 0.25000003 0.749960423
vt 0.25000003 0.749960423
vt 0.25000003 0.749960423
vt 0.25000003 0.749960423
vt 0.25000003 0.749960423
vt 0.765764594 0.755921423
vt 0.765764594 0.755921423
vt 0.765764594 0.755921423
vt 0.765764594 0.755921423
vt 0.765764594 0.755921423
vt 0.765764594 0.755921423
vt 0.765764594 0.755921423
vt 0.765764594 0.755921423
vt 0.765764594 0.755921423
vt 0.765764594 0.755921423
vt 0.765764594 0.755921423
vt 0.765764594 0.755921423
vt 0.765764594 0.755921423
vt 0.765764594 0.755921423
vt 0.765764594 0.755921423
vt 0.765764594 0.755921423
vt 0.765764594 0.755921423
vt 0.765764594 0.755921423
vt 0.765764594 0.755921423
vt 0.765764594 0.755921423
vt 0.765764594 0.755921423
vt 0.765764594 0.755921423
vt 0.765764594 0.755921423
vt 0.765764594 0.755921423
vt 0.765764594 0.755921423
vt 0.765764594 0.755921423
vt 0.765764594 0.755921423
vt 0.765764594 0.755921423
vt 0.765764594 0.755921423
vt 0.765764594 0.755921423
vt 0.765764594 0.755921423
vt 0.765764594 0.755921423
vt 0.746078253 0.746078253
vt 0.746078253 0.746078253
vt 0.746078253 0.746078253
vt 0.746078253 0.746078253
vt 0.746078253 0.746078253
vt 0.746078253 0.746078253
vt 0.746078253 0.746078253
vt 0.746078253 0.746078253
vt 0.746078253 0.746078253
vt 0.746078253 0.746078253
vt 0.746078253 0.746078253
vt 0.746078253 0.746078253
vt 0.746078253 0.746078253
vt 0.746078253 0.746078253
vt 0.746078253 0.746078253
vt 0.746078253 0.746078253
vt 0.746078253 0.746078253
vt 0.746078253 0.746078253
vt 0.746078253 0.746078253
vt 0.746078253 0.746078253
vt 0.746078253 0.746078253
vt 0.746078253 0.746078253
vt 0.746078253 0.746078253
vt 0.746078253 0.746078253
vt 0.746078253 0.746078253
vt 0.746078253 0.746078253
vt 0.746078253 0.746078253
vt 0.746078253 0.746078253
vt 0.746078253 0.746078253
vt 0.746078253 0.746078253
vt 0.746078253 0.746078253
vt 0.746078253 0.746078253
vt 0.746078253 0.746078253
vt 0.746078253 0.746078253
vt 0.746078253 0.746078253
vt 0.746078253 0.746078253
vt 0.746078253 0.746078253
vt 0.746078253 0.746078253
vt 0.746078253 0.746078253
vt 0.746078253 0.746078253
vt 0.746078253 0.746078253
vt 0.746078253 0.746078253
vt 0.746078253 0.746078253
vt 0.746078253 0.746078253
vt 0.746078253 0.746078253
vt 0.746078253 0.746078253
vt 0.746078253 0.746078253
vt 0.746078253 0.746078253
vt 0.75 0.75
vt 0.75 0.75
vt 0.75 0.75
vt 0.75 0.75
vt 0.75 0.75
vt 0.75 0.75
vt 0.75 0.75
vt 0.75 0.75
vt 0.75 0.75
vt 0.75 0.75
vt 0.75 0.75
vt 0.75 0.75
vt 0.75 0.75
vt 0.75 0.75
vt 0.75 0.75
vt 0.75 0.75
vt 0.75 0.75
vt 0.75 0.75
vt 0.75 0.75
vt 0.75 0.75
vt 0.75 0.75
vt 0.75 0.75
vt 0.75 0.75
vt 0.75 0.75
vt 0.75 0.75
vt 0.75 0.75
vt 0.75 0.75
vt 0.75 0.75
vt 0.75 0.75
vt 0.75 0.75
vt 0.75 0.75
vt 0.75 0.75
vt 0.75 0.75
vt 0.75 0.75
vt 0.75 0.75
vt 0.75 0.75
vt 0.75 0.75
vt 0.75 0.75
vt 0.75 0.75
vt 0.75 0.75
vt 0.75 0.75
vt 0.75 0.75
vt 0.75 0.75
vt 0.75 0.75
vt 0.75 0.75
vt 0.75 0.75
vt 0.75 0.75
vt 0.75 0.75
vt 0.750999808 0.746078253
vt 0.750999808 0.746078253
vt 0.750999808 0.746078253
vt 0.750999808 0.746078253
vt 0.750999808 0.746078253
vt 0.750999808 0.746078253
vt 0.750999808 0.746078253
vt 0.750999808 0.746078253
vt 0.750999808 0.746078253
vt 0.750999808 0.746078253
vt 0.750999808 0.746078253
vt 0.750999808 0.746078253
vt 0.750999808 0.746078253
vt 0.750999808 0.746078253
vt 0.750999808 0.746078253
vt 0.750999808 0.746078253
vt 0.750999808 0.746078253
vt 0.750999808 0.746078253
vt 0.750999808 0.746078253
vt 0.750999808 0.746078253
vt 0.750999808 0.746078253
vt 0.750999808 0.746078253
vt 0.750999808 0.746078253
vt 0.750999808 0.746078253
vt 0.750999808 0.746078253
vt 0.750999808 0.746078253
vt 0.750999808 0.746078253
vt 0.750999808 0.746078253
vt 0.750999808 0.746078253
vt 0.750999808 0.746078253
vt 0.750999808 0.746078253
vt 0.750999808 0.746078253
vt 0.750999808 0.746078253
vt 0.750999808 0.746078253
vt 0.750999808 0.746078253
vt 0.750999808 0.746078253
vt 0.750999808 0.746078253
vt 0.750999808 0.746078253
vt 0.750999808 0.746078253
vt 0.750999808 0.746078253
vt 0.750999808 0.746078253
vt 0.750999808 0.746078253
vt 0.750999808 0.746078253
vt 0.750999808 0.746078253
vt 0.750999808 0.746078253
vt 0.750999808 0.746078253
vt 0.750999808 0.746078253
vt 0.750999808 0.746078253
vt 0.201493144 0.272260189
vt 0.201493144 0.272260189
vt 0.201493144 0.272260189
vt 0.201493144 0.272260189
vt 0.201493144 0.272260189
vt 0.201493144 0.272260189
vt 0.201493144 0.272260189
vt 0.201493144 0.272260189
vt 0.201493144 0.272260189
vt 0.201493144 0.272260189
vt 0.201493144 0.272260189
vt 0.201493144 0.272260189
vt 0.201493144 0.272260189
vt 0.201493144 0.272260189
vt 0.201493144 0.272260189
vt 0.201493144 0.272260189
vt 0.210531712 0.266338766
vt 0.210531712 0.266338766
vt 0.210531712 0.266338766
vt 0.210531712 0.266338766
vt 0.210531712 0.266338766
vt 0.210531712 0.266338766
vt 0.210531712 0.266338766
vt 0.210531712 0.266338766
vt 0.210531712 0.266338766
vt 0.210531712 0.266338766
vt 0.210531712 0.266338766
vt 0.210531712 0.266338766
vt 0.210531712 0.266338766
vt 0.210531712 0.266338766
vt 0.210531712 0.266338766
vt 0.210531712 0.266338766
vt 0.206609964 0.262417018
vt 0.206609964 0.262417018
vt 0.206609964 0.262417018
vt 0.206609964 0.262417018
vt 0.206609964 0.262417018
vt 0.206609964 0.262417018
vt 0.206609964 0.262417018
vt 0.206609964 0.262417018
vt 0.206609964 0.262417018
vt 0.206609964 0.262417018
vt 0.206609964 0.262417018
vt 0.206609964 0.262417018
vt 0.206609964 0.262417018
vt 0.206609964 0.262417018
vt 0.206609964 0.262417018
vt 0.206609964 0.262417018
vt 0.229626209 0.251968563
vt 0.229626209 0.251968563
vt 0.229626209 0.251968563
vt 0.229626209 0.251968563
vt 0.229626209 0.251968563
vt 0.229626209 0.251968563
vt 0.229626209 0.251968563
vt 0.229626209 0.251968563
vt 0.229626209 0.251968563
vt 0.229626209 0.251968563
vt 0.229626209 0.251968563
vt 0.229626209 0.251968563
vt 0.229626209 0.251968563
vt 0.229626209 0.251968563
vt 0.229626209 0.251968563
vt 0.229626209 0.251968563
vt 0.765764594 0.755921423
vt 0.765764594 0.755921423
vt 0.765764594 0.755921423
vt 0.765764594 0.755921423
vt 0.765764594 0.755921423
vt 0.765764594 0.755921423
vt 0.765764594 0.755921423
vt 0.765764594 0.755921423
vt 0.765764594 0.755921423
vt 0.765764594 0.755921423
vt 0.765764594 0.755921423
vt 0.765764594 0.755921423
vt 0.765764594 0.755921423
vt 0.765764594 0.755921423
vt 0.765764594 0.755921423
vt 0.765764594 0.755921423
vt 0.25 0.75
vt 0.25 0.75
vt 0.25 0.75
vt 0.25 0.75
vt 0.25 0.75
vt 0.25 0.75
vt 0.25 0.75
vt 0.25 0.75
vt 0.25 0.75
vt 0.25 0.75
vt 0.25 0.75
vt 0.25 0.75
vt 0.75 0.75
vt 0.75 0.75
vt 0.75 0.75
vt 0.75 0.75
vt 0.75 0.75
vt 0.75 0.75
vt 0.75 0.75
vt 0.75 0.75
vt 0.75 0.75
vt 0.75 0.75
vt 0.75 0.75
vt 0.75 0.75
vt 0.75 0.75
vt 0.75 0.75
vt 0.75 0.75
vt 0.75 0.75
vt 0.75 0.75
vt 0.75 0.75
vt 0.75 0.75
vt 0.75 0.75
vt 0.75 0.75
vt 0.75 0.75
vt 0.75 0.75
vt 0.75 0.75
vn 0.975776 -0.218758 0.002510
vn 0.927053 0.202320 0.315657
vn 0.999975 0.006834 0.001990
vn 0.947257 0.000000 0.320476
vn 0.915308 0.118357 0.384971
vn 0.936945 -0.103914 0.333671
vn 0.988154 0.057012 0.142481
vn 0.979689 0.197341 -0.035576
vn 0.914357 0.313640 0.256090
vn 0.617787 0.558837 0.553210
vn 0.595158 0.407503 0.692624
vn 0.955828 0.000000 0.293928
vn 0.090422 0.654892 0.750293
vn 0.525512 -0.525512 0.669085
vn 0.747096 0.663619 0.038184
vn 0.019995 0.845302 0.533915
vn -0.517341 0.473685 0.712728
vn -0.640912 0.610128 0.465806
vn -0.944777 0.175792 0.276575
vn -0.889996 0.000000 0.455968
vn -0.000000 1.000000 -0.000000
vn -0.949113 0.000000 0.314934
vn -0.925773 -0.200572 0.320492
vn -0.983920 -0.172413 -0.046629
vn -0.525512 -0.525512 0.669085
vn -0.914357 0.313640 0.256089
vn -0.747096 0.663619 -0.038184
vn -0.972388 0.230581 -0.035983
vn -0.926252 0.220806 -0.305453
vn -0.896809 0.371470 -0.240299
vn 0.687716 0.605476 -0.400557
vn -0.016517 0.863683 -0.503765
vn 0.392017 0.345162 -0.852752
vn 0.926252 0.220805 -0.305454
vn -0.673494 0.571255 -0.469120
vn -0.402182 0.297166 -0.865992
vn 0.896810 0.371469 -0.240299
vn 0.896809 0.371467 -0.240304
vn -0.896809 0.371469 -0.240302
vn -0.059605 0.540835 -0.839014
vn 0.979112 -0.197426 -0.048613
vn -0.000000 0.209857 -0.977732
vn -0.807388 -0.000000 -0.590021
vn -0.909264 -0.252379 -0.330974
vn -0.418272 -0.324341 -0.848441
vn -0.615595 -0.664094 -0.424289
vn -0.896809 -0.371471 -0.240298
vn -0.896809 -0.371471 -0.240299
vn -0.707107 -0.707107 0.000000
vn -0.417200 -0.000000 -0.908815
vn -0.914357 -0.313640 0.256090
vn -0.617797 -0.617797 0.486471
vn -0.173554 -0.920973 0.348839
vn -0.000000 -0.863637 0.504115
vn -0.313640 -0.914357 0.256089
vn -0.000000 -0.940554 0.339644
vn -0.172414 -0.983920 -0.046630
vn -0.371469 -0.896809 -0.240299
vn 0.152600 -0.940863 0.302474
vn -0.371468 -0.896809 -0.240302
vn -0.252378 -0.909264 -0.330976
vn 0.617797 -0.617797 0.486471
vn 0.313640 -0.914357 0.256090
vn 0.707107 -0.707107 0.000000
vn 0.230582 -0.972387 -0.035983
vn 0.371471 -0.896809 -0.240299
vn 0.615596 -0.664095 -0.424288
vn 0.371470 -0.896809 -0.240298
vn 0.220806 -0.926253 -0.305451
vn -0.281084 -0.678598 -0.678599
vn -0.000000 -0.807388 -0.590020
vn 0.914357 -0.313640 0.256089
vn 0.281084 -0.678598 -0.678598
vn 0.418272 -0.324341 -0.848441
vn -0.000000 -0.646546 -0.762875
vn 0.896809 -0.371470 -0.240300
vn -0.098725 -0.379535 -0.919895
vn 0.119146 -0.412323 -0.903213
vn 0.076817 -0.139088 -0.987296
vn 0.909264 -0.252379 -0.330975
vn 0.896809 -0.371469 -0.240300
vn 0.807388 -0.000000 -0.590020
vn -0.102497 -0.121222 -0.987319
vn 0.417201 -0.000000 -0.908814
vn -0.257343 -0.106597 -0.960423
vn -0.226651 -0.025182 -0.973650
vn -0.104113 0.003111 -0.994561
vn -0.257346 0.106598 -0.960422
vn 0.121343 0.031926 -0.992097
vn 0.257342 -0.106596 -0.960423
vn 0.226650 -0.025186 -0.973651
vn 0.257344 0.106594 -0.960423
vn -0.990281 0.007131 0.138898
vn -0.927053 0.202320 0.315657
vn -0.975776 -0.218757 0.002511
vn -0.000000 1.000000 -0.000000
vn -0.000000 1.000000 -0.000000
vn -0.000000 1.000000 -0.000000
vn -0.000000 1.000000 -0.000000
vn -0.000000 1.000000 -0.000000
vn -0.000000 1.000000 -0.000000
vn -0.000000 1.000000 -0.000000
vn -0.000000 1.000000 -0.000000
vn -1.000000 0.000000 -0.000000
vn -1.000000 0.000000 -0.000000
vn -1.000000 0.000000 -0.000000
vn -1.000000 0.000000 -0.000000
vn -1.000000 0.000000 -0.000000
vn -1.000000 0.000000 -0.000000
vn -1.000000 0.000000 -0.000000
vn -1.000000 0.000000 -0.000000
vn -1.000000 0.000000 -0.000000
vn -1.000000 0.000000 -0.000000
vn -1.000000 0.000000 -0.000000
vn -1.000000 0.000000 -0.000000
vn -1.000000 0.000000 -0.000000
vn -1.000000 0.000000 -0.000000
vn -1.000000 0.000000 -0.000000
vn -1.000000 0.000000 -0.000000
vn 1.000000 0.000000 -0.000000
vn 1.000000 0.000000 -0.000000
vn 1.000000 0.000000 -0.000000
vn 1.000000 0.000000 -0.000000
vn 1.000000 0.000000 -0.000000
vn 1.000000 0.000000 -0.000000
vn 1.000000 0.000000 -0.000000
vn 1.000000 0.000000 -0.000000
vn 1.000000 0.000000 -0.000000
vn 1.000000 0.000000 -0.000000
vn 1.000000 0.000000 -0.000000
vn 1.000000 0.000000 -0.000000
vn 1.000000 0.000000 -0.000000
vn 1.000000 0.000000 -0.000000
vn 1.000000 0.000000 -0.000000
vn 1.000000 0.000000 -0.000000
vn -0.000000 -1.000000 0.000000
vn -0.000000 -1.000000 0.000000
vn -0.000000 -1.000000 0.000000
vn -0.000000 -1.000000 0.000000
vn -0.000000 -1.000000 0.000000
vn -0.000000 -1.000000 0.000000
vn -0.000000 -1.000000 0.000000
vn -0.000000 -1.000000 0.000000
vn -0.000000 -1.000000 0.000000
vn -0.000000 -1.000000 0.000000
vn -0.000000 -1.000000 0.000000
vn -0.000000 -1.000000 0.000000
vn -0.000000 -1.000000 0.000000
vn -0.000000 -1.000000 0.000000
vn -0.000000 -1.000000 0.000000
vn -0.000000 -1.000000 0.000000
vn -0.000000 -0.284527 -0.958668
vn -0.000000 -0.284528 -0.958668
vn -0.000000 -0.284527 -0.958668
vn -0.000000 -0.284527 -0.958668
vn -0.000000 -0.284534 -0.958666
vn -0.000000 -0.284533 -0.958666
vn -0.000000 -0.284534 -0.958666
vn -0.000000 -0.284534 -0.958666
vn -0.000000 -0.284529 -0.958668
vn -0.000000 -0.284529 -0.958667
vn -0.000000 -0.284529 -0.958668
vn -0.000000 -0.284528 -0.958668
vn -0.000000 -0.284528 -0.958668
vn -0.000000 -0.284528 -0.958668
vn -0.000000 -0.284528 -0.958668
vn -0.000000 -0.284529 -0.958667
vn 0.104413 0.643083 0.758645
vn 0.104413 0.643083 0.758645
vn 0.104413 0.643083 0.758645
vn 0.104413 0.643083 0.758645
vn 0.887397 0.284164 -0.363011
vn 0.887397 0.284164 -0.363011
vn 0.887397 0.284164 -0.363011
vn 0.887397 0.284164 -0.363011
vn -0.104412 -0.643083 -0.758645
vn -0.104412 -0.643083 -0.758645
vn -0.104412 -0.643083 -0.758645
vn -0.104412 -0.643083 -0.758645
vn -0.887397 -0.284165 0.363012
vn -0.887397 -0.284165 0.363012
vn -0.887397 -0.284165 0.363012
vn -0.887397 -0.284165 0.363012
vn -0.449028 0.711123 -0.540998
vn -0.449028 0.711123 -0.540998
vn -0.449028 0.711123 -0.540998
vn -0.449028 0.711123 -0.540998
vn 0.449026 -0.711123 0.540999
vn 0.449026 -0.711123 0.540999
vn 0.449026 -0.711123 0.540999
vn 0.449026 -0.711123 0.540999
vn 0.887397 0.284164 -0.363012
vn 0.887397 0.284164 -0.363012
vn 0.887397 0.284164 -0.363012
vn 0.887397 0.284164 -0.363012
vn -0.104414 -0.643081 -0.758647
vn -0.104414 -0.643081 -0.758647
vn -0.104414 -0.643081 -0.758647
vn -0.104414 -0.643081 -0.758647
vn -0.887397 -0.284164 0.363011
vn -0.887397 -0.284164 0.363011
vn -0.887397 -0.284164 0.363011
vn -0.887397 -0.284164 0.363011
vn 0.104415 0.643079 0.758648
vn 0.104415 0.643079 0.758648
vn 0.104415 0.643079 0.758648
vn 0.104415 0.643079 0.758648
vn -0.449026 0.711123 -0.540999
vn -0.449026 0.711123 -0.540999
vn -0.449026 0.711123 -0.540999
vn -0.449026 0.711123 -0.540999
vn 0.449026 -0.711124 0.540998
vn 0.449026 -0.711124 0.540998
vn 0.449026 -0.711124 0.540998
vn 0.449026 -0.711124 0.540998
vn 0.992015 -0.080474 0.097110
vn 0.877064 -0.469234 -0.102855
vn 0.992015 -0.080474 0.097110
vn 0.877064 -0.469234 -0.102855
vn 0.211405 -0.936524 -0.279697
vn 0.211405 -0.936524 -0.279697
vn -0.195696 -0.953195 -0.230481
vn -0.195696 -0.953195 -0.230481
vn -0.921391 0.384835 0.054234
vn -0.992268 0.026093 -0.121340
vn -0.992268 0.026093 -0.121340
vn -0.921391 0.384835 0.054234
vn -0.380383 0.885038 0.268360
vn -0.380383 0.885038 0.268360
vn -0.006462 0.960920 0.276751
vn -0.006462 0.960920 0.276751
vn -0.105567 -0.507052 0.855426
vn -0.067697 -0.645515 0.760742
vn -0.067697 -0.645515 0.760742
vn -0.105567 -0.507052 0.855426
vn -0.006875 -0.291984 0.956399
vn -0.006875 -0.291984 0.956399
vn 0.126720 -0.223775 0.966368
vn 0.126720 -0.223775 0.966368
vn 0.103157 0.493115 -0.863826
vn 0.070048 0.628857 -0.774359
vn 0.070048 0.628857 -0.774359
vn 0.103157 0.493115 -0.863826
vn 0.008348 0.288769 -0.957363
vn 0.008348 0.288769 -0.957363
vn -0.116892 0.228121 -0.966590
vn -0.116892 0.228121 -0.966590
vn 1.000000 0.000000 -0.000000
vn 1.000000 0.000000 -0.000000
vn 1.000000 0.000000 -0.000000
vn 1.000000 0.000000 -0.000000
vn -0.000000 0.940523 0.339729
vn -0.000000 0.940523 0.339729
vn -0.000000 0.940523 0.339729
vn -0.000000 0.940523 0.339729
vn -1.000000 0.000000 -0.000000
vn -1.000000 0.000000 -0.000000
vn -1.000000 0.000000 -0.000000
vn -1.000000 0.000000 -0.000000
vn -0.000000 -0.940523 -0.339729
vn -0.000000 -0.940523 -0.339729
vn -0.000000 -0.940523 -0.339729
vn -0.000000 -0.940523 -0.339729
vn -0.000000 -0.339729 0.940523
vn -0.000000 -0.339729 0.940523
vn -0.000000 -0.339729 0.940523
vn -0.000000 -0.339729 0.940523
vn -0.000000 0.339730 -0.940523
vn -0.000000 0.339730 -0.940523
vn -0.000000 0.339730 -0.940523
vn -0.000000 0.339730 -0.940523
vn 0.570463 0.457094 -0.682376
vn 0.570461 0.457096 -0.682377
vn 0.570462 0.457095 -0.682376
vn 0.570464 0.457094 -0.682376
vn 0.570463 0.457094 -0.682375
vn 0.570462 0.457095 -0.682376
vn -0.570463 0.457094 -0.682376
vn -0.570462 0.457095 -0.682376
vn -0.570464 0.457094 -0.682376
vn -0.570463 0.457094 -0.682376
vn -0.570462 0.457095 -0.682376
vn -0.570461 0.457096 -0.682377
vn 0.458031 -0.681152 0.571174
vn 0.458031 -0.681153 0.571173
vn 0.458031 -0.681152 0.571174
vn 0.458031 -0.681152 0.571174
vn 0.458031 -0.681152 0.571173
vn 0.458031 -0.681152 0.571173
vn -0.000000 1.000000 -0.000000
vn -0.000000 1.000000 -0.000000
vn -0.000000 0.923879 0.382684
vn -0.000000 0.923880 -0.382683
vn -0.000000 1.000000 -0.000000
vn -0.000000 1.000000 -0.000000
vn -0.000000 0.923880 -0.382683
vn -0.000000 0.923879 0.382684
vn -0.000000 0.437811 0.899067
vn -0.162149 0.099030 0.981785
vn -0.029465 0.317160 0.947914
vn 0.295608 0.180539 0.938095
vn 0.029464 0.317160 0.947914
vn 0.372244 -0.010963 0.928070
vn 0.355279 -0.224422 0.907420
vn -0.000000 -0.219695 0.975569
vn -0.355279 -0.224423 0.907420
vn -0.495845 -0.014603 0.868288
vn -0.000000 -0.515925 0.856634
vn 0.323992 -0.625914 0.709409
vn -0.323993 -0.625914 0.709408
vn 0.870058 -0.212896 0.444606
vn 0.472080 -0.380728 0.795101
vn 0.572735 -0.009682 0.819683
vn 0.822045 0.189289 0.537039
vn 0.865221 -0.014627 0.501177
vn 0.260823 0.463872 0.846637
vn -0.000000 0.711503 0.702683
vn -0.260823 0.463872 0.846637
vn -0.472080 -0.380729 0.795101
vn -0.870058 -0.212897 0.444606
vn -0.705217 -0.011922 0.708892
vn -0.822045 0.189289 0.537039
vn -0.865221 -0.014627 0.501177
vn -0.000000 -0.734890 0.678186
vn -0.000000 -0.931512 0.363710
vn -0.072901 -0.732935 0.676381
vn 0.072900 -0.732935 0.676382
vn -1.000000 0.000000 -0.000000
vn -1.000000 0.000000 -0.000000
vn -1.000000 0.000000 -0.000000
vn -1.000000 0.000000 -0.000000
vn -1.000000 0.000000 -0.000000
vn -1.000000 0.000000 -0.000000
vn -1.000000 0.000000 -0.000000
vn -1.000000 0.000000 -0.000000
vn -1.000000 0.000000 -0.000000
vn -1.000000 0.000000 -0.000000
vn 0.466014 -0.463950 0.753380
vn 0.146956 -0.401142 0.904151
vn 0.651193 -0.139092 0.746057
vn 0.835781 -0.100631 0.539762
vn 0.766581 0.106794 0.633205
vn 0.652340 0.126049 0.747371
vn 0.344732 0.529824 0.774885
vn 0.360714 0.559974 0.745865
vn -0.000000 0.713840 0.700309
vn -0.000000 0.657585 0.753380
vn -0.344731 0.529824 0.774885
vn -0.360714 0.559974 0.745865
vn -0.766580 0.106794 0.633206
vn -0.652340 0.126049 0.747372
vn -0.651193 -0.139091 0.746057
vn -0.835781 -0.100631 0.539763
vn -0.466014 -0.463950 0.753380
vn -0.146955 -0.401142 0.904151
vn -0.227505 -0.605556 0.762590
vn -0.000000 -0.713840 0.700309
vn -0.000000 -0.657585 0.753380
vn 0.227505 -0.605556 0.762590
vn 0.564400 0.356520 -0.744544
vn 0.969376 0.009036 -0.245417
vn 0.870058 0.212897 -0.444606
vn 0.349071 0.620020 -0.702656
vn -0.000000 0.734927 -0.678146
vn -0.000000 0.931512 -0.363710
vn -0.349070 0.620019 -0.702657
vn -0.564400 0.356520 -0.744544
vn -0.870058 0.212896 -0.444606
vn -0.865221 0.014627 -0.501177
vn -0.478071 -0.291975 -0.828371
vn -0.822045 -0.189289 -0.537039
vn -0.279768 -0.461330 -0.841965
vn -0.000000 -0.536510 -0.843894
vn -0.000000 -0.711503 -0.702683
vn 0.279768 -0.461330 -0.841965
vn 0.478071 -0.291975 -0.828371
vn 0.822045 -0.189289 -0.537039
vn 0.936306 -0.062636 -0.345554
vn 1.000000 0.000000 -0.000000
vn 1.000000 0.000000 -0.000000
vn 1.000000 0.000000 -0.000000
vn 1.000000 0.000000 -0.000000
vn 1.000000 0.000000 -0.000000
vn 1.000000 0.000000 -0.000000
vn 1.000000 0.000000 -0.000000
vn 1.000000 0.000000 -0.000000
vn 1.000000 0.000000 -0.000000
vn 1.000000 0.000000 -0.000000
vn -0.173554 -0.920973 0.348839
vn -0.172414 -0.983920 -0.046630
vn -0.313640 -0.914357 0.256089
vn 0.152600 -0.940863 0.302474
vn -0.000000 -0.940554 0.339644
vn 0.230582 -0.972387 -0.035983
vn 0.313640 -0.914357 0.256090
vn 0.220806 -0.926253 -0.305451
vn 0.371471 -0.896809 -0.240299
vn 0.371470 -0.896809 -0.240298
vn -0.252378 -0.909264 -0.330976
vn -0.000000 -0.807388 -0.590020
vn -0.371469 -0.896809 -0.240299
vn -0.371468 -0.896809 -0.240302
vn -0.950001 -0.220792 0.220792
vn -0.909337 -0.416061 0.000000
vn -0.968654 -0.175655 -0.175655
vn -0.968654 0.000000 0.248414
vn -0.968654 -0.000000 -0.248414
vn -0.968654 0.175655 0.175655
vn -0.950001 0.220792 -0.220792
vn -0.909337 0.416061 -0.000000
vn 0.950001 -0.220792 -0.220792
vn 0.909337 -0.416061 0.000000
vn 0.968654 -0.175655 0.175655
vn 0.968654 -0.000000 -0.248414
vn 0.968654 0.000000 0.248414
vn 0.968654 0.175655 -0.175655
vn 0.950001 0.220792 0.220792
vn 0.909337 0.416061 -0.000000
vn -0.093926 -0.165801 -0.981676
vn -0.177108 -0.254728 -0.950656
vn -0.075067 -0.329867 -0.941038
vn -0.000000 -0.154812 -0.987944
vn -0.000000 -0.359901 -0.932991
vn 0.075068 -0.184847 -0.979896
vn 0.093925 -0.347252 -0.933056
vn 0.177108 -0.254728 -0.950656
vn -0.000000 0.000000 1.000000
vn 0.382680 0.000000 0.923881
vn -0.000000 0.000000 1.000000
vn -0.382682 0.000000 0.923880
vn 0.603744 0.000000 0.797178
vn -0.603746 0.000000 0.797177
vn 0.797172 0.000000 0.603753
vn -0.797173 0.000000 0.603751
vn 0.923880 0.000000 0.382683
vn -0.923879 0.000000 0.382684
vn 0.990602 0.000000 0.136773
vn -0.990602 0.000000 0.136774
vn 0.990602 -0.000000 -0.136774
vn -0.990602 -0.000000 -0.136774
vn 0.923880 -0.000000 -0.382683
vn -0.923879 -0.000000 -0.382684
vn 0.923880 -0.000000 -0.382683
vn -0.923879 -0.000000 -0.382684
vn 0.797175 -0.000000 -0.603748
vn -0.797175 -0.000000 -0.603748
vn 0.603748 -0.000000 -0.797175
vn -0.603748 -0.000000 -0.797175
vn 0.382684 -0.000000 -0.923879
vn -0.382683 -0.000000 -0.923880
vn -0.000000 -0.000000 -1.000000
vn -0.000000 -0.000000 -1.000000
vn 0.707107 -0.683012 0.183014
vn -0.000000 -0.965925 0.258820
vn -0.000000 -0.965925 0.258820
vn 0.707107 -0.683012 0.183014
vn -0.707107 -0.683012 0.183014
vn 1.000000 0.000000 -0.000000
vn -0.707107 -0.683012 0.183014
vn 1.000000 0.000000 -0.000000
vn -1.000000 0.000000 -0.000000
vn 0.707107 0.683012 -0.183014
vn -1.000000 0.000000 -0.000000
vn 0.707107 0.683012 -0.183014
vn -0.707107 0.683012 -0.183014
vn -0.000000 0.965925 -0.258820
vn -0.707107 0.683012 -0.183014
vn -0.000000 0.965925 -0.258820
vn -0.000000 -0.258820 -0.965926
vn -0.000000 -0.258820 -0.965926
vn -0.000000 -0.258820 -0.965926
vn -0.000000 -0.258820 -0.965926
vn -0.000000 -0.258819 -0.965926
vn -0.000000 -0.258819 -0.965926
vn -0.000000 -0.258819 -0.965926
vn -0.000000 -0.258819 -0.965926
vn -0.000000 -0.258820 -0.965926
vn -0.000000 -0.258820 -0.965926
vn -0.000000 -0.258820 -0.965926
vn -0.000000 -0.258820 -0.965926
vn -0.000000 -0.258819 -0.965926
vn -0.000000 -0.258820 -0.965926
vn -0.000000 -0.258819 -0.965926
vn -0.000000 -0.258820 -0.965926
vn -0.000000 0.707106 0.707107
vn -0.000000 0.000000 1.000000
vn -0.000000 0.000000 1.000000
vn -0.000000 0.707106 0.707107
vn -0.000000 -0.707106 0.707107
vn -0.000000 1.000000 -0.000000
vn -0.000000 -0.707106 0.707107
vn -0.000000 1.000000 -0.000000
vn -0.000000 -1.000000 0.000000
vn -0.000000 0.707107 -0.707107
vn -0.000000 -1.000000 0.000000
vn -0.000000 0.707107 -0.707107
vn -0.000000 -0.707107 -0.707107
vn -0.000000 -0.000000 -1.000000
vn -0.000000 -0.707107 -0.707107
vn -0.000000 -0.000000 -1.000000
vn 1.000000 0.000000 -0.000000
vn 1.000000 0.000000 -0.000000
vn 1.000000 0.000000 -0.000000
vn 1.000000 0.000000 -0.000000
vn 1.000000 0.000000 -0.000000
vn 1.000000 0.000000 -0.000000
vn 1.000000 0.000000 -0.000000
vn 1.000000 0.000000 -0.000000
vn 1.000000 0.000000 -0.000000
vn 1.000000 0.000000 -0.000000
vn 1.000000 0.000000 -0.000000
vn 1.000000 0.000000 -0.000000
vn 1.000000 0.000000 -0.000000
vn 1.000000 0.000000 -0.000000
vn 1.000000 0.000000 -0.000000
vn 1.000000 0.000000 -0.000000
vn -0.000000 1.000000 -0.000000
vn -0.000000 0.707107 -0.707106
vn -0.000000 0.707107 -0.707106
vn -0.000000 1.000000 -0.000000
vn -0.000000 -0.000000 -1.000000
vn -0.000000 0.707107 0.707107
vn -0.000000 -0.000000 -1.000000
vn -0.000000 0.707107 0.707107
vn -0.000000 -0.707107 -0.707106
vn -0.000000 0.000000 1.000000
vn -0.000000 -0.707107 -0.707106
vn -0.000000 0.000000 1.000000
vn -0.000000 -1.000000 0.000000
vn -0.000000 -0.707107 0.707107
vn -0.000000 -1.000000 0.000000
vn -0.000000 -0.707107 0.707107
vn -0.000000 -0.707106 0.707107
vn -0.000000 0.000000 1.000000
vn -0.000000 0.000000 1.000000
vn -0.000000 -0.707106 0.707107
vn -0.000000 0.707106 0.707107
vn -0.000000 -1.000000 0.000000
vn -0.000000 0.707106 0.707107
vn -0.000000 -1.000000 0.000000
vn -0.000000 1.000000 -0.000000
vn -0.000000 -0.707107 -0.707107
vn -0.000000 1.000000 -0.000000
vn -0.000000 -0.707107 -0.707107
vn -0.000000 0.707107 -0.707107
vn -0.000000 -0.000000 -1.000000
vn -0.000000 0.707107 -0.707107
vn -0.000000 -0.000000 -1.000000
vn -1.000000 0.000000 -0.000000
vn -1.000000 0.000000 -0.000000
vn -1.000000 0.000000 -0.000000
vn -1.000000 0.000000 -0.000000
vn -1.000000 0.000000 -0.000000
vn -1.000000 0.000000 -0.000000
vn -1.000000 0.000000 -0.000000
vn -1.000000 0.000000 -0.000000
vn -1.000000 0.000000 -0.000000
vn -1.000000 0.000000 -0.000000
vn -1.000000 0.000000 -0.000000
vn -1.000000 0.000000 -0.000000
vn -1.000000 0.000000 -0.000000
vn -1.000000 0.000000 -0.000000
vn -1.000000 0.000000 -0.000000
vn -1.000000 0.000000 -0.000000
vn -0.000000 -1.000000 0.000000
vn -0.000000 -0.707107 -0.707106
vn -0.000000 -0.707107 -0.707106
vn -0.000000 -1.000000 0.000000
vn -0.000000 -0.000000 -1.000000
vn -0.000000 -0.707107 0.707107
vn -0.000000 -0.000000 -1.000000
vn -0.000000 -0.707107 0.707107
vn -0.000000 0.707107 -0.707106
vn -0.000000 0.000000 1.000000
vn -0.000000 0.707107 -0.707106
vn -0.000000 0.000000 1.000000
vn -0.000000 1.000000 -0.000000
vn -0.000000 0.707107 0.707107
vn -0.000000 1.000000 -0.000000
vn -0.000000 0.707107 0.707107
vn 0.707106 0.000000 0.707107
vn -0.000000 0.000000 1.000000
vn -0.000000 0.000000 1.000000
vn 0.707106 0.000000 0.707107
vn -0.707106 0.000000 0.707107
vn 1.000000 0.000000 -0.000000
vn -0.707106 0.000000 0.707107
vn 1.000000 0.000000 -0.000000
vn -1.000000 0.000000 -0.000000
vn 0.707107 -0.000000 -0.707107
vn -1.000000 0.000000 -0.000000
vn 0.707107 -0.000000 -0.707107
vn -0.707107 -0.000000 -0.707107
vn -0.000000 -0.000000 -1.000000
vn -0.707107 -0.000000 -0.707107
vn -0.000000 -0.000000 -1.000000
vn -0.000000 -1.000000 0.000000
vn -0.000000 -1.000000 0.000000
vn -0.000000 -1.000000 0.000000
vn -0.000000 -1.000000 0.000000
vn -0.000000 -1.000000 0.000000
vn -0.000000 -1.000000 0.000000
vn -0.000000 -1.000000 0.000000
vn -0.000000 -1.000000 0.000000
vn -0.000000 -1.000000 0.000000
vn -0.000000 -1.000000 0.000000
vn -0.000000 -1.000000 0.000000
vn -0.000000 -1.000000 0.000000
vn -0.000000 -1.000000 0.000000
vn -0.000000 -1.000000 0.000000
vn -0.000000 -1.000000 0.000000
vn -0.000000 -1.000000 0.000000
vn 1.000000 0.000000 -0.000000
vn 0.707107 -0.000000 -0.707106
vn 0.707107 -0.000000 -0.707106
vn 1.000000 0.000000 -0.000000
vn -0.000000 -0.000000 -1.000000
vn 0.707107 0.000000 0.707107
vn -0.000000 -0.000000 -1.000000
vn 0.707107 0.000000 0.707107
vn -0.707107 -0.000000 -0.707106
vn -0.000000 0.000000 1.000000
vn -0.707107 -0.000000 -0.707106
vn -0.000000 0.000000 1.000000
vn -1.000000 0.000000 -0.000000
vn -0.707107 0.000000 0.707107
vn -1.000000 0.000000 -0.000000
vn -0.707107 0.000000 0.707107
vn 0.264077 -0.249631 -0.931637
vn 0.177108 -0.254728 -0.950656
vn 0.093925 -0.347252 -0.933056
vn 0.186731 -0.430000 -0.883307
vn 0.186733 -0.069261 -0.979966
vn -0.000000 -0.359901 -0.932991
vn 0.075068 -0.184847 -0.979896
vn -0.000000 -0.504709 -0.863289
vn -0.000000 0.005450 -0.999985
vn -0.075067 -0.329867 -0.941038
vn -0.000000 -0.154812 -0.987944
vn -0.186731 -0.430000 -0.883307
vn -0.186733 -0.069261 -0.979966
vn -0.177108 -0.254728 -0.950656
vn -0.093926 -0.165801 -0.981676
vn -0.264077 -0.249631 -0.931637
vn -0.798995 -0.000000 -0.601337
vn -0.968654 -0.000000 -0.248414
vn -0.968654 -0.175655 -0.175655
vn -0.798995 -0.425209 -0.425210
vn -0.798995 0.425209 -0.425210
vn -0.909337 -0.416061 0.000000
vn -0.950001 0.220792 -0.220792
vn -0.798996 -0.601337 0.000000
vn -0.798996 0.601337 -0.000000
vn -0.950001 -0.220792 0.220792
vn -0.909337 0.416061 -0.000000
vn -0.798996 -0.425209 0.425210
vn -0.798996 0.425209 0.425210
vn -0.968654 0.000000 0.248414
vn -0.968654 0.175655 0.175655
vn -0.798996 0.000000 0.601337
vn 0.798996 -0.425209 0.425210
vn 0.968654 -0.175655 0.175655
vn 0.909337 -0.416061 0.000000
vn 0.798996 -0.601337 0.000000
vn 0.798996 0.000000 0.601337
vn 0.950001 -0.220792 -0.220792
vn 0.968654 0.000000 0.248414
vn 0.798995 -0.425209 -0.425210
vn 0.798996 0.425209 0.425210
vn 0.968654 -0.000000 -0.248414
vn 0.950001 0.220792 0.220792
vn 0.798995 -0.000000 -0.601337
vn 0.798996 0.601337 -0.000000
vn 0.968654 0.175655 -0.175655
vn 0.909337 0.416061 -0.000000
vn 0.798996 0.425209 -0.425210
vn -0.274864 -0.921357 -0.274864
vn -0.000000 -0.964881 -0.262688
vn -0.000000 -0.921357 -0.388717
vn -0.111216 -0.987553 -0.111216
vn -0.388716 -0.921358 0.000000
vn 0.139319 -0.980398 -0.139319
vn 0.274864 -0.921357 -0.274864
vn 0.157283 -0.987554 0.000000
vn 0.388716 -0.921358 0.000000
vn -0.157283 -0.987554 0.000000
vn -0.274864 -0.921358 0.274864
vn 0.111216 -0.987553 0.111216
vn 0.274864 -0.921358 0.274864
vn -0.139319 -0.980398 0.139319
vn -0.000000 -0.921358 0.388716
vn -0.000000 -0.964881 0.262688
vn 1.000000 0.000000 -0.000000
vn 0.707107 0.683013 -0.183013
vn 0.707107 0.683013 -0.183013
vn 1.000000 0.000000 -0.000000
vn -0.000000 0.965926 -0.258819
vn 0.707107 -0.683013 0.183013
vn -0.000000 0.965926 -0.258819
vn 0.707107 -0.683013 0.183013
vn -0.707107 0.683013 -0.183013
vn -0.000000 -0.965926 0.258819
vn -0.707107 0.683013 -0.183013
vn -0.000000 -0.965926 0.258819
vn -1.000000 0.000000 -0.000000
vn -0.707107 -0.683013 0.183013
vn -1.000000 0.000000 -0.000000
vn -0.707107 -0.683013 0.183013
vn -0.138896 -0.689483 -0.710859
vn 0.690937 -0.131473 -0.710859
vn 0.690937 -0.131473 -0.710859
vn -0.138896 -0.689483 -0.710859
vn 0.829834 0.558010 -0.000000
vn -0.829834 -0.558010 0.000000
vn 0.829834 0.558010 -0.000000
vn -0.829834 -0.558010 0.000000
vn 0.138896 0.689483 0.710859
vn -0.690937 0.131472 0.710859
vn 0.138896 0.689483 0.710859
vn -0.690937 0.131472 0.710859
vn 0.087961 0.860048 0.502574
vn 0.087961 0.860048 0.502574
vn -0.663215 0.233715 0.711002
vn 0.751176 0.626332 -0.208428
vn -0.663215 0.233715 0.711002
vn 0.751176 0.626332 -0.208428
vn -0.751176 -0.626332 0.208429
vn 0.663215 -0.233715 -0.711002
vn -0.751176 -0.626332 0.208429
vn 0.663215 -0.233715 -0.711002
vn -0.087961 -0.860048 -0.502574
vn -0.087961 -0.860048 -0.502574
vn -0.087961 0.860048 0.502574
vn 0.663215 0.233715 0.711002
vn 0.663215 0.233715 0.711002
vn -0.087961 0.860048 0.502574
vn 0.751176 -0.626332 0.208429
vn -0.751176 0.626332 -0.208428
vn 0.751176 -0.626332 0.208429
vn -0.751176 0.626332 -0.208428
vn 0.087961 -0.860048 -0.502574
vn -0.663215 -0.233715 -0.711002
vn 0.087961 -0.860048 -0.502574
vn -0.663215 -0.233715 -0.711002
f 1/1/1 2/2/2 3/3/3
f 4/4/4 3/3/3 5/5/5
f 4/4/4 5/5/5 6/6/6
f 6/6/6 7/7/7 4/4/4
f 8/8/8 6/6/6 5/5/5
f 9/9/9 8/8/8 5/5/5
f 10/10/10 9/9/9 5/5/5
f 5/5/5 11/11/11 10/10/10
f 11/11/11 5/5/5 12/12/12
f 10/10/10 11/11/11 13/13/13
f 12/12/12 6/6/6 14/14/14
f 9/9/9 10/10/10 15/15/15
f 9/9/9 15/15/15 8/8/8
f 10/10/10 13/13/13 16/16/16
f 15/15/15 10/10/10 16/16/16
f 16/16/16 13/13/13 17/17/17
f 16/16/16 17/17/17 18/18/18
f 18/18/18 17/17/17 19/19/19
f 20/20/20 19/19/19 17/17/17
f 15/15/15 16/16/16 21/21/21
f 21/21/21 16/16/16 18/18/18
f 19/19/19 20/20/20 22/22/22
f 22/22/22 20/20/20 23/23/23
f 23/23/23 19/19/19 22/22/22
f 24/24/24 19/19/19 23/23/23
f 25/25/25 23/23/23 20/20/20
f 26/26/26 18/18/18 19/19/19
f 18/18/18 26/26/26 27/27/27
f 21/21/21 18/18/18 27/27/27
f 19/19/19 28/28/28 26/26/26
f 19/19/19 24/24/24 28/28/28
f 27/27/27 26/26/26 28/28/28
f 29/29/29 28/28/28 24/24/24
f 30/30/30 27/27/27 28/28/28
f 28/28/28 29/29/29 30/30/30
f 31/31/31 15/15/15 21/21/21
f 32/32/32 21/21/21 27/27/27
f 31/31/31 21/21/21 32/32/32
f 33/33/33 31/31/31 32/32/32
f 31/31/31 33/33/33 34/34/34
f 27/27/27 30/30/30 35/35/35
f 32/32/32 27/27/27 35/35/35
f 29/29/29 36/36/36 35/35/35
f 15/15/15 31/31/31 37/37/37
f 15/15/15 37/37/37 8/8/8
f 37/37/37 34/34/34 8/8/8
f 38/38/38 37/37/37 31/31/31
f 38/38/38 31/31/31 34/34/34
f 34/34/34 37/37/37 38/38/38
f 35/35/35 30/30/30 39/39/39
f 30/30/30 29/29/29 39/39/39
f 35/35/35 39/39/39 29/29/29
f 40/40/40 32/32/32 35/35/35
f 33/33/33 32/32/32 40/40/40
f 40/40/40 35/35/35 36/36/36
f 8/8/8 34/34/34 41/41/41
f 6/6/6 8/8/8 41/41/41
f 33/33/33 40/40/40 42/42/42
f 42/42/42 40/40/40 36/36/36
f 36/36/36 29/29/29 43/43/43
f 29/29/29 44/44/44 43/43/43
f 43/43/43 44/44/44 45/45/45
f 29/29/29 24/24/24 44/44/44
f 46/46/46 45/45/45 44/44/44
f 47/47/47 46/46/46 44/44/44
f 47/47/47 44/44/44 48/48/48
f 44/44/44 24/24/24 48/48/48
f 47/47/47 48/48/48 46/46/46
f 49/49/49 48/48/48 24/24/24
f 49/49/49 46/46/46 48/48/48
f 36/36/36 43/43/43 50/50/50
f 43/43/43 45/45/45 50/50/50
f 51/51/51 49/49/49 24/24/24
f 24/24/24 23/23/23 51/51/51
f 52/52/52 51/51/51 23/23/23
f 51/51/51 52/52/52 49/49/49
f 23/23/23 25/25/25 52/52/52
f 25/25/25 53/53/53 52/52/52
f 25/25/25 54/54/54 53/53/53
f 55/55/55 52/52/52 53/53/53
f 52/52/52 55/55/55 49/49/49
f 56/56/56 53/53/53 54/54/54
f 49/49/49 55/55/55 57/57/57
f 58/58/58 49/49/49 57/57/57
f 54/54/54 59/59/59 56/56/56
f 49/49/49 58/58/58 46/46/46
f 46/46/46 58/58/58 60/60/60
f 54/54/54 14/14/14 59/59/59
f 46/46/46 60/60/60 61/61/61
f 62/62/62 59/59/59 14/14/14
f 62/62/62 14/14/14 6/6/6
f 62/62/62 63/63/63 59/59/59
f 63/63/63 62/62/62 64/64/64
f 63/63/63 64/64/64 65/65/65
f 64/64/64 66/66/66 65/65/65
f 64/64/64 67/67/67 66/66/66
f 68/68/68 66/66/66 67/67/67
f 68/68/68 67/67/67 69/69/69
f 61/61/61 70/70/70 46/46/46
f 70/70/70 61/61/61 71/71/71
f 46/46/46 70/70/70 45/45/45
f 72/72/72 62/62/62 6/6/6
f 62/62/62 72/72/72 64/64/64
f 72/72/72 6/6/6 41/41/41
f 64/64/64 72/72/72 41/41/41
f 69/69/69 73/73/73 71/71/71
f 67/67/67 73/73/73 69/69/69
f 73/73/73 67/67/67 74/74/74
f 70/70/70 71/71/71 75/75/75
f 71/71/71 73/73/73 75/75/75
f 76/76/76 64/64/64 41/41/41
f 64/64/64 76/76/76 67/67/67
f 70/70/70 75/75/75 77/77/77
f 45/45/45 70/70/70 77/77/77
f 73/73/73 78/78/78 75/75/75
f 73/73/73 74/74/74 78/78/78
f 75/75/75 78/78/78 77/77/77
f 79/79/79 77/77/77 78/78/78
f 78/78/78 74/74/74 79/79/79
f 76/76/76 41/41/41 80/80/80
f 80/80/80 74/74/74 67/67/67
f 41/41/41 34/34/34 80/80/80
f 67/67/67 76/76/76 81/81/81
f 67/67/67 81/81/81 80/80/80
f 76/76/76 80/80/80 81/81/81
f 80/80/80 34/34/34 82/82/82
f 74/74/74 80/80/80 82/82/82
f 82/82/82 34/34/34 33/33/33
f 45/45/45 77/77/77 83/83/83
f 77/77/77 79/79/79 83/83/83
f 74/74/74 82/82/82 84/84/84
f 82/82/82 33/33/33 84/84/84
f 85/85/85 45/45/45 83/83/83
f 50/50/50 45/45/45 85/85/85
f 83/83/83 86/86/86 85/85/85
f 50/50/50 85/85/85 86/86/86
f 83/83/83 87/87/87 86/86/86
f 87/87/87 83/83/83 79/79/79
f 88/88/88 50/50/50 86/86/86
f 86/86/86 87/87/87 88/88/88
f 50/50/50 88/88/88 36/36/36
f 87/87/87 36/36/36 88/88/88
f 42/42/42 36/36/36 87/87/87
f 87/87/87 89/89/89 42/42/42
f 33/33/33 42/42/42 89/89/89
f 87/87/87 79/79/79 89/89/89
f 79/79/79 74/74/74 90/90/90
f 84/84/84 90/90/90 74/74/74
f 91/91/91 79/79/79 90/90/90
f 91/91/91 89/89/89 79/79/79
f 90/90/90 84/84/84 91/91/91
f 33/33/33 92/92/92 84/84/84
f 92/92/92 33/33/33 89/89/89
f 91/91/91 84/84/84 92/92/92
f 89/89/89 91/91/91 92/92/92
f 93/93/93 94/94/94 95/95/95
f 96/96/96 97/97/97 98/98/98
f 98/98/98 99/99/99 96/96/96
f 98/98/98 100/100/100 99/99/99
f 100/100/100 101/101/101 99/99/99
f 100/100/100 102/102/102 101/101/101
f 102/102/102 103/103/103 101/101/101
f 104/104/104 105/105/105 106/106/106
f 104/104/104 106/106/106 107/107/107
f 108/108/108 109/109/109 110/110/110
f 108/108/108 110/110/110 111/111/111
f 112/112/112 113/113/113 114/114/114
f 112/112/112 114/114/114 115/115/115
f 116/116/116 117/117/117 118/118/118
f 116/116/116 118/118/118 119/119/119
f 120/120/120 121/121/121 122/122/122
f 120/120/120 122/122/122 123/123/123
f 124/124/124 125/125/125 126/126/126
f 124/124/124 126/126/126 127/127/127
f 128/128/128 129/129/129 130/130/130
f 128/128/128 130/130/130 131/131/131
f 132/132/132 133/133/133 134/134/134
f 132/132/132 134/134/134 135/135/135
f 136/136/136 137/137/137 138/138/138
f 136/136/136 138/138/138 139/139/139
f 140/140/140 141/141/141 142/142/142
f 140/140/140 142/142/142 143/143/143
f 144/144/144 145/145/145 146/146/146
f 144/144/144 146/146/146 147/147/147
f 148/148/148 149/149/149 150/150/150
f 148/148/148 150/150/150 151/151/151
f 152/152/152 153/153/153 154/154/154
f 152/152/152 154/154/154 155/155/155
f 156/156/156 157/157/157 158/158/158
f 156/156/156 158/158/158 159/159/159
f 160/160/160 161/161/161 162/162/162
f 160/160/160 162/162/162 163/163/163
f 164/164/164 165/165/165 166/166/166
f 164/164/164 166/166/166 167/167/167
f 168/168/168 169/169/169 170/170/170
f 168/168/168 170/170/170 171/171/171
f 172/172/172 173/173/173 174/174/174
f 172/172/172 174/174/174 175/175/175
f 176/176/176 177/177/177 178/178/178
f 176/176/176 178/178/178 179/179/179
f 180/180/180 181/181/181 182/182/182
f 180/180/180 182/182/182 183/183/183
f 184/184/184 185/185/185 186/186/186
f 184/184/184 186/186/186 187/187/187
f 188/188/188 189/189/189 190/190/190
f 188/188/188 190/190/190 191/191/191
f 192/192/192 193/193/193 194/194/194
f 192/192/192 194/194/194 195/195/195
f 196/196/196 197/197/197 198/198/198
f 196/196/196 198/198/198 199/199/199
f 200/200/200 201/201/201 202/202/202
f 200/200/200 202/202/202 203/203/203
f 204/204/204 205/205/205 206/206/206
f 204/204/204 206/206/206 207/207/207
f 208/208/208 209/209/209 210/210/210
f 208/208/208 210/210/210 211/211/211
f 212/212/212 213/213/213 214/214/214
f 212/212/212 214/214/214 215/215/215
f 216/216/216 217/217/217 218/218/218
f 216/216/216 219/219/219 217/217/217
f 219/219/219 220/220/220 217/217/217
f 219/219/219 221/221/221 220/220/220
f 221/221/221 222/222/222 220/220/220
f 221/221/221 223/223/223 222/222/222
f 224/224/224 225/225/225 226/226/226
f 224/224/224 226/226/226 227/227/227
f 227/227/227 228/228/228 224/224/224
f 227/227/227 229/229/229 228/228/228
f 229/229/229 230/230/230 228/228/228
f 229/229/229 231/231/231 230/230/230
f 232/232/232 233/233/233 234/234/234
f 232/232/232 234/234/234 235/235/235
f 235/235/235 236/236/236 232/232/232
f 235/235/235 237/237/237 236/236/236
f 237/237/237 238/238/238 236/236/236
f 237/237/237 239/239/239 238/238/238
f 240/240/240 241/241/241 242/242/242
f 240/240/240 242/242/242 243/243/243
f 243/243/243 244/244/244 240/240/240
f 243/243/243 245/245/245 244/244/244
f 245/245/245 246/246/246 244/244/244
f 245/245/245 247/247/247 246/246/246
f 248/248/248 249/249/249 250/250/250
f 248/248/248 250/250/250 251/251/251
f 252/252/252 253/253/253 254/254/254
f 252/252/252 254/254/254 255/255/255
f 256/256/256 257/257/257 258/258/258
f 256/256/256 258/258/258 259/259/259
f 260/260/260 261/261/261 262/262/262
f 260/260/260 262/262/262 263/263/263
f 264/264/264 265/265/265 266/266/266
f 264/264/264 266/266/266 267/267/267
f 268/268/268 269/269/269 270/270/270
f 268/268/268 270/270/270 271/271/271
f 272/272/272 273/273/273 274/274/274
f 274/274/274 275/275/275 272/272/272
f 275/275/275 276/276/276 272/272/272
f 275/275/275 277/277/277 276/276/276
f 278/278/278 279/279/279 280/280/280
f 280/280/280 281/281/281 278/278/278
f 280/280/280 282/282/282 281/281/281
f 282/282/282 283/283/283 281/281/281
f 284/284/284 285/285/285 286/286/286
f 286/286/286 287/287/287 284/284/284
f 286/286/286 288/288/288 287/287/287
f 286/286/286 289/289/289 288/288/288
f 290/290/290 291/291/291 292/292/292
f 293/293/293 291/291/291 290/290/290
f 294/294/294 295/295/295 296/296/296
f 297/297/297 295/295/295 294/294/294
f 298/298/298 299/299/299 300/300/300
f 301/301/301 299/299/299 298/298/298
f 298/298/298 302/302/302 301/301/301
f 303/303/303 299/299/299 301/301/301
f 304/304/304 299/299/299 303/303/303
f 299/299/299 304/304/304 305/305/305
f 306/306/306 299/299/299 305/305/305
f 299/299/299 306/306/306 307/307/307
f 308/308/308 304/304/304 309/309/309
f 308/308/308 310/310/310 306/306/306
f 304/304/304 311/311/311 312/312/312
f 304/304/304 313/313/313 311/311/311
f 301/301/301 314/314/314 313/313/313
f 315/315/315 314/314/314 311/311/311
f 301/301/301 316/316/316 314/314/314
f 298/298/298 317/317/317 316/316/316
f 298/298/298 318/318/318 317/317/317
f 306/306/306 319/319/319 320/320/320
f 306/306/306 320/320/320 321/321/321
f 322/322/322 323/323/323 320/320/320
f 299/299/299 322/322/322 318/318/318
f 299/299/299 321/321/321 322/322/322
f 324/324/324 325/325/325 326/326/326
f 324/324/324 327/327/327 325/325/325
f 328/328/328 329/329/329 330/330/330
f 331/331/331 330/330/330 329/329/329
f 331/331/331 332/332/332 330/330/330
f 333/333/333 330/330/330 332/332/332
f 334/334/334 330/330/330 333/333/333
f 335/335/335 333/333/333 332/332/332
f 333/333/333 335/335/335 336/336/336
f 337/337/337 333/333/333 336/336/336
f 338/338/338 339/339/339 340/340/340
f 338/338/338 340/340/340 341/341/341
f 340/340/340 342/342/342 341/341/341
f 340/340/340 343/343/343 342/342/342
f 342/342/342 343/343/343 344/344/344
f 342/342/342 344/344/344 345/345/345
f 345/345/345 344/344/344 346/346/346
f 347/347/347 346/346/346 344/344/344
f 348/348/348 346/346/346 347/347/347
f 349/349/349 346/346/346 348/348/348
f 348/348/348 350/350/350 349/349/349
f 348/348/348 351/351/351 350/350/350
f 352/352/352 350/350/350 351/351/351
f 352/352/352 353/353/353 350/350/350
f 352/352/352 354/354/354 353/353/353
f 352/352/352 355/355/355 354/354/354
f 354/354/354 356/356/356 357/357/357
f 358/358/358 357/357/357 356/356/356
f 359/359/359 357/357/357 358/358/358
f 338/338/338 357/357/357 359/359/359
f 360/360/360 361/361/361 362/362/362
f 360/360/360 362/362/362 363/363/363
f 364/364/364 360/360/360 363/363/363
f 364/364/364 363/363/363 365/365/365
f 364/364/364 365/365/365 366/366/366
f 364/364/364 366/366/366 367/367/367
f 367/367/367 366/366/366 368/368/368
f 367/367/367 368/368/368 369/369/369
f 370/370/370 369/369/369 371/371/371
f 370/370/370 371/371/371 372/372/372
f 373/373/373 370/370/370 372/372/372
f 373/373/373 372/372/372 374/374/374
f 373/373/373 374/374/374 375/375/375
f 373/373/373 375/375/375 376/376/376
f 376/376/376 375/375/375 377/377/377
f 376/376/376 377/377/377 378/378/378
f 379/379/379 380/380/380 381/381/381
f 380/380/380 382/382/382 381/381/381
f 382/382/382 380/380/380 383/383/383
f 383/383/383 380/380/380 384/384/384
f 384/384/384 380/380/380 385/385/385
f 386/386/386 383/383/383 384/384/384
f 386/386/386 384/384/384 387/387/387
f 388/388/388 387/387/387 384/384/384
f 389/389/389 390/390/390 391/391/391
f 392/392/392 390/390/390 389/389/389
f 393/393/393 392/392/392 389/389/389
f 390/390/390 392/392/392 394/394/394
f 395/395/395 394/394/394 392/392/392
f 396/396/396 390/390/390 394/394/394
f 397/397/397 396/396/396 394/394/394
f 396/396/396 397/397/397 398/398/398
f 390/390/390 396/396/396 399/399/399
f 399/399/399 396/396/396 400/400/400
f 390/390/390 399/399/399 401/401/401
f 401/401/401 399/399/399 402/402/402
f 403/403/403 404/404/404 405/405/405
f 405/405/405 406/406/406 403/403/403
f 405/405/405 407/407/407 406/406/406
f 407/407/407 408/408/408 406/406/406
f 407/407/407 409/409/409 408/408/408
f 409/409/409 410/410/410 408/408/408
f 411/411/411 412/412/412 413/413/413
f 413/413/413 414/414/414 411/411/411
f 413/413/413 415/415/415 414/414/414
f 415/415/415 416/416/416 414/414/414
f 415/415/415 417/417/417 416/416/416
f 417/417/417 418/418/418 416/416/416
f 419/419/419 420/420/420 421/421/421
f 421/421/421 422/422/422 419/419/419
f 421/421/421 423/423/423 422/422/422
f 423/423/423 424/424/424 422/422/422
f 423/423/423 425/425/425 424/424/424
f 425/425/425 426/426/426 424/424/424
f 427/427/427 428/428/428 429/429/429
f 429/429/429 430/430/430 427/427/427
f 431/431/431 429/429/429 428/428/428
f 429/429/429 432/432/432 430/430/430
f 431/431/431 428/428/428 433/433/433
f 434/434/434 430/430/430 432/432/432
f 433/433/433 435/435/435 431/431/431
f 436/436/436 434/434/434 432/432/432
f 435/435/435 433/433/433 437/437/437
f 436/436/436 438/438/438 434/434/434
f 435/435/435 437/437/437 439/439/439
f 438/438/438 436/436/436 440/440/440
f 437/437/437 441/441/441 439/439/439
f 438/438/438 440/440/440 442/442/442
f 443/443/443 439/439/439 441/441/441
f 444/444/444 442/442/442 440/440/440
f 445/445/445 443/443/443 441/441/441
f 444/444/444 446/446/446 442/442/442
f 443/443/443 445/445/445 447/447/447
f 446/446/446 444/444/444 448/448/448
f 445/445/445 449/449/449 447/447/447
f 448/448/448 450/450/450 446/446/446
f 451/451/451 447/447/447 449/449/449
f 448/448/448 451/451/451 450/450/450
f 451/451/451 449/449/449 452/452/452
f 452/452/452 450/450/450 451/451/451
f 453/453/453 454/454/454 455/455/455
f 453/453/453 456/456/456 454/454/454
f 455/455/455 454/454/454 457/457/457
f 458/458/458 456/456/456 453/453/453
f 455/455/455 457/457/457 459/459/459
f 458/458/458 460/460/460 456/456/456
f 459/459/459 457/457/457 461/461/461
f 462/462/462 460/460/460 458/458/458
f 459/459/459 461/461/461 463/463/463
f 462/462/462 464/464/464 460/460/460
f 463/463/463 461/461/461 465/465/465
f 466/466/466 464/464/464 462/462/462
f 463/463/463 465/465/465 467/467/467
f 466/466/466 468/468/468 464/464/464
f 467/467/467 465/465/465 468/468/468
f 467/467/467 468/468/468 466/466/466
f 469/469/469 470/470/470 471/471/471
f 469/469/469 471/471/471 472/472/472
f 473/473/473 470/470/470 469/469/469
f 472/472/472 471/471/471 474/474/474
f 473/473/473 475/475/475 470/470/470
f 472/472/472 474/474/474 476/476/476
f 477/477/477 475/475/475 473/473/473
f 476/476/476 474/474/474 478/478/478
f 477/477/477 479/479/479 475/475/475
f 476/476/476 478/478/478 480/480/480
f 481/481/481 479/479/479 477/477/477
f 480/480/480 478/478/478 482/482/482
f 481/481/481 483/483/483 479/479/479
f 480/480/480 482/482/482 484/484/484
f 484/484/484 483/483/483 481/481/481
f 484/484/484 482/482/482 483/483/483
f 485/485/485 486/486/486 487/487/487
f 485/485/485 488/488/488 486/486/486
f 487/487/487 486/486/486 489/489/489
f 490/490/490 488/488/488 485/485/485
f 487/487/487 489/489/489 491/491/491
f 490/490/490 492/492/492 488/488/488
f 491/491/491 489/489/489 493/493/493
f 494/494/494 492/492/492 490/490/490
f 491/491/491 493/493/493 495/495/495
f 494/494/494 496/496/496 492/492/492
f 495/495/495 493/493/493 497/497/497
f 498/498/498 496/496/496 494/494/494
f 495/495/495 497/497/497 499/499/499
f 498/498/498 500/500/500 496/496/496
f 499/499/499 497/497/497 500/500/500
f 499/499/499 500/500/500 498/498/498
f 501/501/501 502/502/502 503/503/503
f 501/501/501 503/503/503 504/504/504
f 505/505/505 502/502/502 501/501/501
f 504/504/504 503/503/503 506/506/506
f 505/505/505 507/507/507 502/502/502
f 504/504/504 506/506/506 508/508/508
f 509/509/509 507/507/507 505/505/505
f 508/508/508 506/506/506 510/510/510
f 509/509/509 511/511/511 507/507/507
f 508/508/508 510/510/510 512/512/512
f 513/513/513 511/511/511 509/509/509
f 512/512/512 510/510/510 514/514/514
f 513/513/513 515/515/515 511/511/511
f 512/512/512 514/514/514 516/516/516
f 516/516/516 515/515/515 513/513/513
f 516/516/516 514/514/514 515/515/515
f 517/517/517 518/518/518 519/519/519
f 517/517/517 519/519/519 520/520/520
f 518/518/518 521/521/521 519/519/519
f 522/522/522 517/517/517 520/520/520
f 518/518/518 523/523/523 521/521/521
f 522/522/522 520/520/520 524/524/524
f 523/523/523 525/525/525 521/521/521
f 526/526/526 522/522/522 524/524/524
f 523/523/523 527/527/527 525/525/525
f 526/526/526 524/524/524 528/528/528
f 527/527/527 529/529/529 525/525/525
f 530/530/530 526/526/526 528/528/528
f 527/527/527 531/531/531 529/529/529
f 530/530/530 528/528/528 532/532/532
f 531/531/531 530/530/530 532/532/532
f 531/531/531 532/532/532 529/529/529
f 533/533/533 534/534/534 535/535/535
f 533/533/533 536/536/536 534/534/534
f 535/535/535 534/534/534 537/537/537
f 538/538/538 536/536/536 533/533/533
f 535/535/535 537/537/537 539/539/539
f 538/538/538 540/540/540 536/536/536
f 539/539/539 537/537/537 541/541/541
f 542/542/542 540/540/540 538/538/538
f 539/539/539 541/541/541 543/543/543
f 542/542/542 544/544/544 540/540/540
f 543/543/543 541/541/541 545/545/545
f 546/546/546 544/544/544 542/542/542
f 543/543/543 545/545/545 547/547/547
f 546/546/546 548/548/548 544/544/544
f 547/547/547 545/545/545 548/548/548
f 547/547/547 548/548/548 546/546/546
f 549/549/549 550/550/550 551/551/551
f 549/549/549 551/551/551 552/552/552
f 553/553/553 550/550/550 549/549/549
f 552/552/552 551/551/551 554/554/554
f 553/553/553 555/555/555 550/550/550
f 552/552/552 554/554/554 556/556/556
f 557/557/557 555/555/555 553/553/553
f 556/556/556 554/554/554 558/558/558
f 557/557/557 559/559/559 555/555/555
f 556/556/556 558/558/558 560/560/560
f 561/561/561 559/559/559 557/557/557
f 560/560/560 558/558/558 562/562/562
f 561/561/561 563/563/563 559/559/559
f 560/560/560 562/562/562 564/564/564
f 564/564/564 563/563/563 561/561/561
f 564/564/564 562/562/562 563/563/563
f 565/565/565 566/566/566 567/567/567
f 565/565/565 567/567/567 568/568/568
f 566/566/566 569/569/569 567/567/567
f 570/570/570 565/565/565 568/568/568
f 566/566/566 571/571/571 569/569/569
f 570/570/570 568/568/568 572/572/572
f 571/571/571 573/573/573 569/569/569
f 574/574/574 570/570/570 572/572/572
f 571/571/571 575/575/575 573/573/573
f 574/574/574 572/572/572 576/576/576
f 575/575/575 577/577/577 573/573/573
f 578/578/578 574/574/574 576/576/576
f 575/575/575 579/579/579 577/577/577
f 578/578/578 576/576/576 580/580/580
f 579/579/579 578/578/578 580/580/580
f 579/579/579 580/580/580 577/577/577
f 581/581/581 582/582/582 583/583/583
f 581/581/581 584/584/584 582/582/582
f 583/583/583 582/582/582 585/585/585
f 586/586/586 584/584/584 581/581/581
f 583/583/583 585/585/585 587/587/587
f 586/586/586 588/588/588 584/584/584
f 587/587/587 585/585/585 589/589/589
f 590/590/590 588/588/588 586/586/586
f 587/587/587 589/589/589 591/591/591
f 590/590/590 592/592/592 588/588/588
f 591/591/591 589/589/589 593/593/593
f 594/594/594 592/592/592 590/590/590
f 591/591/591 593/593/593 595/595/595
f 594/594/594 596/596/596 592/592/592
f 595/595/595 593/593/593 596/596/596
f 595/595/595 596/596/596 594/594/594
f 597/597/597 598/598/598 599/599/599
f 597/597/597 599/599/599 600/600/600
f 601/601/601 598/598/598 597/597/597
f 600/600/600 599/599/599 602/602/602
f 601/601/601 603/603/603 598/598/598
f 600/600/600 602/602/602 604/604/604
f 605/605/605 603/603/603 601/601/601
f 604/604/604 602/602/602 606/606/606
f 605/605/605 607/607/607 603/603/603
f 604/604/604 606/606/606 608/608/608
f 609/609/609 607/607/607 605/605/605
f 608/608/608 606/606/606 610/610/610
f 609/609/609 611/611/611 607/607/607
f 608/608/608 610/610/610 612/612/612
f 612/612/612 611/611/611 609/609/609
f 612/612/612 610/610/610 611/611/611
f 613/613/613 614/614/614 615/615/615
f 613/613/613 615/615/615 616/616/616
f 614/614/614 617/617/617 615/615/615
f 618/618/618 613/613/613 616/616/616
f 614/614/614 619/619/619 617/617/617
f 618/618/618 616/616/616 620/620/620
f 619/619/619 621/621/621 617/617/617
f 622/622/622 618/618/618 620/620/620
f 619/619/619 623/623/623 621/621/621
f 622/622/622 620/620/620 624/624/624
f 623/623/623 625/625/625 621/621/621
f 626/626/626 622/622/622 624/624/624
f 623/623/623 627/627/627 625/625/625
f 626/626/626 624/624/624 628/628/628
f 627/627/627 626/626/626 628/628/628
f 627/627/627 628/628/628 625/625/625
f 629/629/629 630/630/630 631/631/631
f 629/629/629 631/631/631 632/632/632
f 633/633/633 630/630/630 629/629/629
f 632/632/632 631/631/631 634/634/634
f 633/633/633 635/635/635 630/630/630
f 632/632/632 634/634/634 636/636/636
f 637/637/637 635/635/635 633/633/633
f 636/636/636 634/634/634 638/638/638
f 637/637/637 639/639/639 635/635/635
f 636/636/636 638/638/638 640/640/640
f 641/641/641 639/639/639 637/637/637
f 640/640/640 638/638/638 642/642/642
f 641/641/641 643/643/643 639/639/639
f 640/640/640 642/642/642 644/644/644
f 644/644/644 643/643/643 641/641/641
f 644/644/644 642/642/642 643/643/643
f 645/645/645 646/646/646 647/647/647
f 645/645/645 647/647/647 648/648/648
f 649/649/649 646/646/646 645/645/645
f 648/648/648 647/647/647 650/650/650
f 649/649/649 651/651/651 646/646/646
f 648/648/648 650/650/650 652/652/652
f 653/653/653 651/651/651 649/649/649
f 652/652/652 650/650/650 654/654/654
f 653/653/653 655/655/655 651/651/651
f 652/652/652 654/654/654 656/656/656
f 657/657/657 655/655/655 653/653/653
f 656/656/656 654/654/654 658/658/658
f 657/657/657 659/659/659 655/655/655
f 656/656/656 658/658/658 660/660/660
f 660/660/660 659/659/659 657/657/657
f 660/660/660 658/658/658 659/659/659
f 661/661/661 662/662/662 663/663/663
f 661/661/661 663/663/663 664/664/664
f 665/665/665 662/662/662 661/661/661
f 664/664/664 663/663/663 666/666/666
f 665/665/665 667/667/667 662/662/662
f 664/664/664 666/666/666 668/668/668
f 669/669/669 667/667/667 665/665/665
f 668/668/668 666/666/666 670/670/670
f 669/669/669 671/671/671 667/667/667
f 668/668/668 670/670/670 672/672/672
f 673/673/673 671/671/671 669/669/669
f 672/672/672 670/670/670 674/674/674
f 673/673/673 675/675/675 671/671/671
f 672/672/672 674/674/674 676/676/676
f 676/676/676 675/675/675 673/673/673
f 676/676/676 674/674/674 675/675/675
f 677/677/677 678/678/678 679/679/679
f 677/677/677 680/680/680 678/678/678
f 681/681/681 680/680/680 677/677/677
f 679/679/679 678/678/678 682/682/682
f 682/682/682 678/678/678 680/680/680
f 679/679/679 682/682/682 683/683/683
f 683/683/683 682/682/682 684/684/684
f 684/684/684 682/682/682 680/680/680
f 683/683/683 684/684/684 685/685/685
f 681/681/681 686/686/686 680/680/680
f 684/684/684 680/680/680 686/686/686
f 687/687/687 686/686/686 681/681/681
f 685/685/685 684/684/684 688/688/688
f 688/688/688 684/684/684 686/686/686
f 685/685/685 688/688/688 689/689/689
f 687/687/687 690/690/690 686/686/686
f 688/688/688 686/686/686 690/690/690
f 691/691/691 690/690/690 687/687/687
f 689/689/689 688/688/688 692/692/692
f 689/689/689 692/692/692 691/691/691
f 690/690/690 692/692/692 688/688/688
f 691/691/691 692/692/692 690/690/690
f 693/693/693 694/694/694 695/695/695
f 693/693/693 695/695/695 696/696/696
f 694/694/694 697/697/697 695/695/695
f 698/698/698 693/693/693 696/696/696
f 694/694/694 699/699/699 697/697/697
f 698/698/698 696/696/696 700/700/700
f 699/699/699 701/701/701 697/697/697
f 702/702/702 698/698/698 700/700/700
f 699/699/699 703/703/703 701/701/701
f 702/702/702 700/700/700 704/704/704
f 703/703/703 705/705/705 701/701/701
f 706/706/706 702/702/702 704/704/704
f 703/703/703 707/707/707 705/705/705
f 706/706/706 704/704/704 708/708/708
f 707/707/707 706/706/706 708/708/708
f 707/707/707 708/708/708 705/705/705
f 709/709/709 710/710/710 711/711/711
f 709/709/709 711/711/711 712/712/712
f 710/710/710 713/713/713 711/711/711
f 714/714/714 709/709/709 712/712/712
f 710/710/710 715/715/715 713/713/713
f 714/714/714 712/712/712 716/716/716
f 715/715/715 717/717/717 713/713/713
f 718/718/718 714/714/714 716/716/716
f 715/715/715 719/719/719 717/717/717
f 718/718/718 716/716/716 720/720/720
f 719/719/719 718/718/718 720/720/720
f 719/719/719 720/720/720 717/717/717
f 721/721/721 722/722/722 723/723/723
f 724/724/724 722/722/722 721/721/721
f 721/721/721 723/723/723 725/725/725
f 724/724/724 726/726/726 722/722/722
f 725/725/725 723/723/723 727/727/727
f 728/728/728 726/726/726 724/724/724
f 725/725/725 727/727/727 729/729/729
f 728/728/728 730/730/730 726/726/726
f 729/729/729 727/727/727 731/731/731
f 732/732/732 730/730/730 728/728/728
f 729/729/729 731/731/731 732/732/732
f 732/732/732 731/731/731 730/730/730
f 733/733/733 734/734/734 735/735/735
f 733/733/733 735/735/735 736/736/736
f 734/734/734 737/737/737 735/735/735
f 738/738/738 733/733/733 736/736/736
f 734/734/734 739/739/739 737/737/737
f 738/738/738 736/736/736 740/740/740
f 739/739/739 741/741/741 737/737/737
f 742/742/742 738/738/738 740/740/740
f 739/739/739 743/743/743 741/741/741
f 742/742/742 740/740/740 744/744/744
f 743/743/743 742/742/742 744/744/744
f 743/743/743 744/744/744 741/741/741
