# Unturned item rip -> Godot (X+Z negated, winding reversed, RH Y-up)
v 0.072286 0.107122 -0.522240
v 0.149670 0.112252 -0.753275
v 0.217662 0.040767 -0.603404
v 0.300935 0.065284 -0.446260
v 0.072286 0.107122 -0.522240
v 0.217662 0.040767 -0.603404
v 0.149670 0.112252 -0.753275
v 0.378319 0.070415 -0.677295
v 0.217662 0.040767 -0.603404
v 0.378319 0.070415 -0.677295
v 0.300935 0.065284 -0.446260
v 0.217662 0.040767 -0.603404
v 0.344378 0.173435 -0.759007
v 0.584126 0.127574 -0.769776
v 0.457394 0.086188 -0.650138
v 0.349521 0.139569 -0.517526
v 0.344378 0.173435 -0.759007
v 0.457394 0.086188 -0.650138
v 0.584126 0.127574 -0.769776
v 0.589268 0.093707 -0.528295
v 0.457394 0.086188 -0.650138
v 0.589268 0.093707 -0.528295
v 0.349521 0.139569 -0.517526
v 0.457394 0.086188 -0.650138
v 0.428841 0.139176 -0.898216
v 0.275735 0.175215 -0.712059
v 0.258231 0.091468 -0.869559
v 0.238437 0.103030 -1.047372
v 0.428841 0.139176 -0.898216
v 0.258231 0.091468 -0.869559
v 0.275735 0.175215 -0.712059
v 0.085331 0.139069 -0.861215
v 0.258231 0.091468 -0.869559
v 0.085331 0.139069 -0.861215
v 0.238437 0.103030 -1.047372
v 0.258231 0.091468 -0.869559
v 0.240479 0.068229 -0.164248
v 0.324193 0.068229 -0.145624
v 0.324193 0.107848 -0.145624
v 0.240479 0.107848 -0.164248
v 0.222934 0.068229 0.011474
v 0.138421 0.068229 0.026043
v 0.138421 0.107848 0.026043
v 0.222934 0.107848 0.011474
v 0.138421 0.068229 0.026043
v 0.126502 0.068229 -0.021649
v 0.126502 0.107848 -0.021649
v 0.138421 0.107848 0.026043
v 0.126502 0.068229 -0.021649
v 0.207933 0.068229 -0.048552
v 0.207933 0.107848 -0.048552
v 0.126502 0.107848 -0.021649
v 0.222934 0.068229 0.011474
v 0.207933 0.068229 -0.048552
v 0.126502 0.068229 -0.021649
v 0.138421 0.068229 0.026043
v 0.138421 0.107848 0.026043
v 0.126502 0.107848 -0.021649
v 0.207933 0.107848 -0.048552
v 0.222934 0.107848 0.011474
v 0.324193 0.068229 -0.145624
v 0.317103 0.068229 -0.096979
v 0.317103 0.107848 -0.096979
v 0.324193 0.107848 -0.145624
v 0.317103 0.068229 -0.096979
v 0.231556 0.068229 -0.103023
v 0.231556 0.107848 -0.103023
v 0.317103 0.107848 -0.096979
v 0.240479 0.068229 -0.164248
v 0.231556 0.068229 -0.103023
v 0.317103 0.068229 -0.096979
v 0.324193 0.068229 -0.145624
v 0.324193 0.107848 -0.145624
v 0.317103 0.107848 -0.096979
v 0.231556 0.107848 -0.103023
v 0.240479 0.107848 -0.164248
v 0.359011 0.068229 -0.236449
v 0.276349 0.068229 -0.259290
v 0.276349 0.107848 -0.259290
v 0.359011 0.107848 -0.236449
v 0.276349 0.068229 -0.259290
v 0.285893 0.068229 -0.307513
v 0.285893 0.107848 -0.307513
v 0.276349 0.107848 -0.259290
v 0.285893 0.068229 -0.307513
v 0.371024 0.068229 -0.297143
v 0.371024 0.107848 -0.297143
v 0.285893 0.107848 -0.307513
v 0.359011 0.068229 -0.236449
v 0.371024 0.068229 -0.297143
v 0.285893 0.068229 -0.307513
v 0.276349 0.068229 -0.259290
v 0.276349 0.107848 -0.259290
v 0.285893 0.107848 -0.307513
v 0.371024 0.107848 -0.297143
v 0.359011 0.107848 -0.236449
v 0.383691 0.068229 -0.157937
v 0.469245 0.068229 -0.163874
v 0.469245 0.107848 -0.163874
v 0.383691 0.107848 -0.157937
v 0.469245 0.068229 -0.163874
v 0.476274 0.068229 -0.115221
v 0.476274 0.107848 -0.115221
v 0.469245 0.107848 -0.163874
v 0.476274 0.068229 -0.115221
v 0.392538 0.068229 -0.096701
v 0.392538 0.107848 -0.096701
v 0.476274 0.107848 -0.115221
v 0.383691 0.068229 -0.157937
v 0.392538 0.068229 -0.096701
v 0.476274 0.068229 -0.115221
v 0.469245 0.068229 -0.163874
v 0.469245 0.107848 -0.163874
v 0.476274 0.107848 -0.115221
v 0.392538 0.107848 -0.096701
v 0.383691 0.107848 -0.157937
v 0.348314 0.068229 0.064217
v 0.268864 0.068229 0.031929
v 0.268864 0.107848 0.031929
v 0.348314 0.107848 0.064217
v 0.268864 0.068229 0.031929
v 0.283945 0.068229 -0.014859
v 0.283945 0.107848 -0.014859
v 0.268864 0.107848 0.031929
v 0.283945 0.068229 -0.014859
v 0.367295 0.068229 0.005329
v 0.367295 0.107848 0.005329
v 0.283945 0.107848 -0.014859
v 0.348314 0.068229 0.064217
v 0.367295 0.068229 0.005329
v 0.283945 0.068229 -0.014859
v 0.268864 0.068229 0.031929
v 0.268864 0.107848 0.031929
v 0.283945 0.107848 -0.014859
v 0.367295 0.107848 0.005329
v 0.348314 0.107848 0.064217
v 0.320128 0.068229 -0.391307
v 0.402832 0.068229 -0.413997
v 0.402832 0.107848 -0.413997
v 0.320128 0.107848 -0.391307
v 0.402832 0.068229 -0.413997
v 0.419317 0.068229 -0.367685
v 0.419317 0.107848 -0.367685
v 0.402832 0.107848 -0.413997
v 0.419317 0.068229 -0.367685
v 0.340876 0.068229 -0.333017
v 0.340876 0.107848 -0.333017
v 0.419317 0.107848 -0.367685
v 0.320128 0.068229 -0.391307
v 0.340876 0.068229 -0.333017
v 0.419317 0.068229 -0.367685
v 0.402832 0.068229 -0.413997
v 0.402832 0.107848 -0.413997
v 0.419317 0.107848 -0.367685
v 0.340876 0.107848 -0.333017
v 0.320128 0.107848 -0.391307
v 0.422210 0.051850 -0.142441
v 0.393419 0.050579 0.117936
v 0.393419 0.130579 0.117936
v 0.422210 0.129307 -0.142441
v 0.313419 0.130579 0.117936
v 0.313419 0.050579 0.189515
v 0.313419 0.050579 0.117936
v 0.313419 -0.251407 0.117938
v 0.313419 -0.251406 0.189517
v 0.313419 0.050579 0.117936
v 0.344753 0.051850 -0.142441
v 0.344753 0.129307 -0.142441
v 0.313419 0.130579 0.117936
v 0.393419 0.050579 0.117936
v 0.344753 0.051850 -0.142441
v 0.313419 0.050579 0.117936
v 0.422210 0.051850 -0.142441
v 0.310347 0.053949 -0.363619
v 0.383606 0.053949 -0.363619
v 0.323810 0.056676 -0.492460
v 0.391616 0.056676 -0.492460
v 0.313419 0.130579 0.117936
v 0.422210 0.129307 -0.142441
v 0.393419 0.130579 0.117936
v 0.344753 0.129307 -0.142441
v 0.383606 0.127208 -0.363619
v 0.310347 0.127208 -0.363619
v 0.391616 0.124482 -0.492460
v 0.323810 0.124482 -0.492460
v 0.313419 0.050579 0.117936
v 0.313419 -0.251407 0.117938
v 0.393419 -0.251407 0.117938
v 0.393419 0.050579 0.117936
v 0.393419 0.130579 0.117936
v 0.393419 0.050579 0.189515
v 0.313419 0.050579 0.189515
v 0.313419 0.130579 0.117936
v 0.393419 0.050579 0.117936
v 0.393419 0.050579 0.189515
v 0.393419 0.130579 0.117936
v 0.393419 -0.251406 0.189517
v 0.393419 -0.251407 0.117938
v 0.313419 -0.251407 0.117938
v 0.313419 -0.251406 0.189517
v 0.393419 -0.251406 0.189517
v 0.393419 -0.251407 0.117938
v 0.393419 0.050579 0.189515
v 0.393419 -0.251406 0.189517
v 0.313419 -0.251406 0.189517
v 0.313419 0.050579 0.189515
v 0.344753 0.051850 -0.142441
v 0.310347 0.053949 -0.363619
v 0.310347 0.127208 -0.363619
v 0.344753 0.129307 -0.142441
v 0.422210 0.129307 -0.142441
v 0.383606 0.127208 -0.363619
v 0.383606 0.053949 -0.363619
v 0.422210 0.051850 -0.142441
v 0.323810 0.056676 -0.492460
v 0.391616 0.056676 -0.492460
v 0.391616 0.124482 -0.492460
v 0.323810 0.124482 -0.492460
v 0.383606 0.127208 -0.363619
v 0.391616 0.124482 -0.492460
v 0.391616 0.056676 -0.492460
v 0.383606 0.053949 -0.363619
v 0.310347 0.053949 -0.363619
v 0.323810 0.056676 -0.492460
v 0.323810 0.124482 -0.492460
v 0.310347 0.127208 -0.363619
v 0.256829 0.056180 -0.039368
v 0.265866 0.050579 0.122231
v 0.265866 0.130579 0.122231
v 0.256829 0.124978 -0.039368
v 0.185866 0.050579 0.122231
v 0.188031 0.056180 -0.039368
v 0.188031 0.124978 -0.039368
v 0.185866 0.130579 0.122231
v 0.185866 0.050579 0.193810
v 0.185866 -0.251407 0.122233
v 0.185866 -0.251406 0.193811
v 0.256829 0.056180 -0.039368
v 0.274365 0.057110 -0.148883
v 0.207429 0.057110 -0.148883
v 0.188031 0.056180 -0.039368
v 0.265866 0.050579 0.122231
v 0.185866 0.050579 0.122231
v 0.185866 0.130579 0.122231
v 0.256829 0.124978 -0.039368
v 0.265866 0.130579 0.122231
v 0.188031 0.124978 -0.039368
v 0.274365 0.124047 -0.148883
v 0.207429 0.124047 -0.148883
v 0.185866 0.050579 0.122231
v 0.185866 -0.251407 0.122233
v 0.265866 -0.251407 0.122233
v 0.265866 0.050579 0.122231
v 0.265866 0.130579 0.122231
v 0.265866 0.050579 0.193810
v 0.185866 0.050579 0.193810
v 0.185866 0.130579 0.122231
v 0.265866 0.050579 0.122231
v 0.265866 0.050579 0.193810
v 0.265866 0.130579 0.122231
v 0.265866 -0.251406 0.193811
v 0.265866 -0.251407 0.122233
v 0.185866 -0.251407 0.122233
v 0.185866 -0.251406 0.193811
v 0.265866 -0.251406 0.193811
v 0.265866 -0.251407 0.122233
v 0.265866 0.050579 0.193810
v 0.265866 -0.251406 0.193811
v 0.185866 -0.251406 0.193811
v 0.185866 0.050579 0.193810
v 0.274365 0.057110 -0.148883
v 0.244398 0.067752 -0.324966
v 0.198744 0.067752 -0.324966
v 0.207429 0.057110 -0.148883
v 0.188031 0.056180 -0.039368
v 0.207429 0.057110 -0.148883
v 0.207429 0.124047 -0.148883
v 0.188031 0.124978 -0.039368
v 0.256829 0.124978 -0.039368
v 0.274365 0.124047 -0.148883
v 0.274365 0.057110 -0.148883
v 0.256829 0.056180 -0.039368
v 0.198744 0.067752 -0.324966
v 0.244398 0.067752 -0.324966
v 0.244398 0.113406 -0.324966
v 0.198744 0.113406 -0.324966
v 0.274365 0.124047 -0.148883
v 0.244398 0.113406 -0.324966
v 0.244398 0.067752 -0.324966
v 0.274365 0.057110 -0.148883
v 0.207429 0.124047 -0.148883
v 0.198744 0.113406 -0.324966
v 0.244398 0.113406 -0.324966
v 0.274365 0.124047 -0.148883
v 0.207429 0.057110 -0.148883
v 0.198744 0.067752 -0.324966
v 0.198744 0.113406 -0.324966
v 0.207429 0.124047 -0.148883
v 0.597381 0.078427 -0.793054
v 0.599269 0.069487 -0.509162
v 0.315932 0.089300 -0.506653
v 0.314044 0.098240 -0.790546
v 0.425577 0.083864 -0.946851
v 0.308751 0.083864 -0.687949
v 0.049849 0.083864 -0.804774
v 0.166674 0.083864 -1.063677
v 0.018611 0.039579 -0.648482
v 0.252803 0.039579 -0.809208
v 0.413529 0.039579 -0.575016
v 0.179337 0.039579 -0.414290
v -0.167653 -0.056381 -0.789604
v -0.221660 -0.048361 -0.426762
v -0.199075 0.068441 -0.417029
v -0.134770 0.113682 -0.775433
v -0.221660 -0.048361 -0.426762
v -0.414592 -0.009486 -0.445609
v -0.392007 0.107317 -0.435876
v -0.199075 0.068441 -0.417029
v -0.414592 -0.009486 -0.445609
v -0.399013 -0.009762 -0.812205
v -0.366129 0.160301 -0.798035
v -0.392007 0.107317 -0.435876
v -0.399013 -0.009762 -0.812205
v -0.167653 -0.056381 -0.789604
v -0.134770 0.113682 -0.775433
v -0.366129 0.160301 -0.798035
v -0.221660 -0.048361 -0.426762
v -0.167653 -0.056381 -0.789604
v -0.399013 -0.009762 -0.812205
v -0.414592 -0.009486 -0.445609
v -0.392007 0.107317 -0.435876
v -0.366129 0.160301 -0.798035
v -0.134770 0.113682 -0.775433
v -0.199075 0.068441 -0.417029
v -0.171818 0.035314 -0.547001
v -0.181998 0.029584 -0.454612
v -0.165613 0.114322 -0.447551
v -0.155433 0.120052 -0.539940
v -0.181998 0.029584 -0.454612
v -0.415373 0.076609 -0.477410
v -0.398989 0.161347 -0.470349
v -0.165613 0.114322 -0.447551
v -0.415373 0.076609 -0.477410
v -0.405193 0.082339 -0.569799
v -0.388809 0.167077 -0.562738
v -0.398989 0.161347 -0.470349
v -0.405193 0.082339 -0.569799
v -0.171818 0.035314 -0.547001
v -0.155433 0.120052 -0.539940
v -0.388809 0.167077 -0.562738
v -0.181998 0.029584 -0.454612
v -0.171818 0.035314 -0.547001
v -0.405193 0.082339 -0.569799
v -0.415373 0.076609 -0.477410
v -0.398989 0.161347 -0.470349
v -0.388809 0.167077 -0.562738
v -0.155433 0.120052 -0.539940
v -0.165613 0.114322 -0.447551
v -0.237490 0.077271 -0.702225
v -0.254729 0.067568 -0.545773
v -0.245729 0.114114 -0.541894
v -0.221986 0.157455 -0.695543
v -0.254729 0.067568 -0.545773
v -0.318051 0.080328 -0.551959
v -0.309051 0.126873 -0.548080
v -0.245729 0.114114 -0.541894
v -0.318051 0.080328 -0.551959
v -0.300812 0.090031 -0.708411
v -0.285308 0.170214 -0.701729
v -0.309051 0.126873 -0.548080
v -0.300812 0.090031 -0.708411
v -0.237490 0.077271 -0.702225
v -0.221986 0.157455 -0.695543
v -0.285308 0.170214 -0.701729
v -0.254729 0.067568 -0.545773
v -0.237490 0.077271 -0.702225
v -0.300812 0.090031 -0.708411
v -0.318051 0.080328 -0.551959
v -0.309051 0.126873 -0.548080
v -0.285308 0.170214 -0.701729
v -0.221986 0.157455 -0.695543
v -0.245729 0.114114 -0.541894
v 0.556368 0.014719 0.072835
v 0.454188 0.014719 0.173430
v 0.454188 0.101577 0.173430
v 0.556368 0.101577 0.072835
v 0.454188 0.014719 0.173430
v 0.434493 0.014719 0.153424
v 0.434493 0.101577 0.153424
v 0.454188 0.101577 0.173430
v 0.434493 0.014719 0.153424
v 0.536672 0.014719 0.052829
v 0.536672 0.101577 0.052829
v 0.434493 0.101577 0.153424
v 0.536672 0.014719 0.052829
v 0.556368 0.014719 0.072835
v 0.556368 0.101577 0.072835
v 0.536672 0.101577 0.052829
v 0.454188 0.014719 0.173430
v 0.556368 0.014719 0.072835
v 0.536672 0.014719 0.052829
v 0.434493 0.014719 0.153424
v 0.434493 0.101577 0.153424
v 0.536672 0.101577 0.052829
v 0.556368 0.101577 0.072835
v 0.454188 0.101577 0.173430
v 0.541611 0.014719 0.169736
v 0.431311 0.014719 0.078118
v 0.431311 0.101577 0.078118
v 0.541611 0.101577 0.169736
v 0.431311 0.014719 0.078118
v 0.449249 0.014719 0.056522
v 0.449249 0.101577 0.056522
v 0.431311 0.101577 0.078118
v 0.449249 0.014719 0.056522
v 0.559550 0.014719 0.148140
v 0.559550 0.101577 0.148140
v 0.449249 0.101577 0.056522
v 0.559550 0.014719 0.148140
v 0.541611 0.014719 0.169736
v 0.541611 0.101577 0.169736
v 0.559550 0.101577 0.148140
v 0.431311 0.014719 0.078118
v 0.541611 0.014719 0.169736
v 0.559550 0.014719 0.148140
v 0.449249 0.014719 0.056522
v 0.449249 0.101577 0.056522
v 0.559550 0.101577 0.148140
v 0.541611 0.101577 0.169736
v 0.431311 0.101577 0.078118
v -0.433133 0.014719 0.060466
v -0.535312 0.014719 0.161061
v -0.535312 0.101577 0.161061
v -0.433133 0.101577 0.060466
v -0.535312 0.014719 0.161061
v -0.555008 0.014719 0.141055
v -0.555008 0.101577 0.141055
v -0.535312 0.101577 0.161061
v -0.555008 0.014719 0.141055
v -0.452828 0.014719 0.040460
v -0.452828 0.101577 0.040460
v -0.555008 0.101577 0.141055
v -0.452828 0.014719 0.040460
v -0.433133 0.014719 0.060466
v -0.433133 0.101577 0.060466
v -0.452828 0.101577 0.040460
v -0.535312 0.014719 0.161061
v -0.433133 0.014719 0.060466
v -0.452828 0.014719 0.040460
v -0.555008 0.014719 0.141055
v -0.555008 0.101577 0.141055
v -0.452828 0.101577 0.040460
v -0.433133 0.101577 0.060466
v -0.535312 0.101577 0.161061
v -0.447889 0.014719 0.157367
v -0.558189 0.014719 0.065749
v -0.558189 0.101577 0.065749
v -0.447889 0.101577 0.157367
v -0.558189 0.014719 0.065749
v -0.540251 0.014719 0.044153
v -0.540251 0.101577 0.044153
v -0.558189 0.101577 0.065749
v -0.540251 0.014719 0.044153
v -0.429951 0.014719 0.135771
v -0.429951 0.101577 0.135771
v -0.540251 0.101577 0.044153
v -0.429951 0.014719 0.135771
v -0.447889 0.014719 0.157367
v -0.447889 0.101577 0.157367
v -0.429951 0.101577 0.135771
v -0.558189 0.014719 0.065749
v -0.447889 0.014719 0.157367
v -0.429951 0.014719 0.135771
v -0.540251 0.014719 0.044153
v -0.540251 0.101577 0.044153
v -0.429951 0.101577 0.135771
v -0.447889 0.101577 0.157367
v -0.558189 0.101577 0.065749
v -0.444800 0.017330 -0.934040
v -0.540838 0.017330 -0.839491
v -0.540838 0.098967 -0.839491
v -0.444800 0.098967 -0.934040
v -0.540838 0.017330 -0.839491
v -0.559350 0.017330 -0.858295
v -0.559350 0.098967 -0.858295
v -0.540838 0.098967 -0.839491
v -0.559350 0.017330 -0.858295
v -0.463312 0.017330 -0.952844
v -0.463312 0.098967 -0.952844
v -0.559350 0.098967 -0.858295
v -0.463312 0.017330 -0.952844
v -0.444800 0.017330 -0.934040
v -0.444800 0.098967 -0.934040
v -0.463312 0.098967 -0.952844
v -0.540838 0.017330 -0.839491
v -0.444800 0.017330 -0.934040
v -0.463312 0.017330 -0.952844
v -0.559350 0.017330 -0.858295
v -0.559350 0.098967 -0.858295
v -0.463312 0.098967 -0.952844
v -0.444800 0.098967 -0.934040
v -0.540838 0.098967 -0.839491
v -0.458670 0.017330 -0.842963
v -0.562340 0.017330 -0.929074
v -0.562340 0.098967 -0.929074
v -0.458670 0.098967 -0.842963
v -0.562340 0.017330 -0.929074
v -0.545480 0.017330 -0.949372
v -0.545480 0.098967 -0.949372
v -0.562340 0.098967 -0.929074
v -0.545480 0.017330 -0.949372
v -0.441810 0.017330 -0.863261
v -0.441810 0.098967 -0.863261
v -0.545480 0.098967 -0.949372
v -0.441810 0.017330 -0.863261
v -0.458670 0.017330 -0.842963
v -0.458670 0.098967 -0.842963
v -0.441810 0.098967 -0.863261
v -0.562340 0.017330 -0.929074
v -0.458670 0.017330 -0.842963
v -0.441810 0.017330 -0.863261
v -0.545480 0.017330 -0.949372
v -0.545480 0.098967 -0.949372
v -0.441810 0.098967 -0.863261
v -0.458670 0.098967 -0.842963
v -0.562340 0.098967 -0.929074
v 0.564456 0.017330 -0.919009
v 0.468418 0.017330 -0.824460
v 0.468418 0.098967 -0.824460
v 0.564456 0.098967 -0.919009
v 0.468418 0.017330 -0.824460
v 0.449906 0.017330 -0.843263
v 0.449906 0.098967 -0.843263
v 0.468418 0.098967 -0.824460
v 0.449906 0.017330 -0.843263
v 0.545944 0.017330 -0.937812
v 0.545944 0.098967 -0.937812
v 0.449906 0.098967 -0.843263
v 0.545944 0.017330 -0.937812
v 0.564456 0.017330 -0.919009
v 0.564456 0.098967 -0.919009
v 0.545944 0.098967 -0.937812
v 0.468418 0.017330 -0.824460
v 0.564456 0.017330 -0.919009
v 0.545944 0.017330 -0.937812
v 0.449906 0.017330 -0.843263
v 0.449906 0.098967 -0.843263
v 0.545944 0.098967 -0.937812
v 0.564456 0.098967 -0.919009
v 0.468418 0.098967 -0.824460
v 0.550586 0.017330 -0.827931
v 0.446916 0.017330 -0.914043
v 0.446916 0.098967 -0.914043
v 0.550586 0.098967 -0.827931
v 0.446916 0.017330 -0.914043
v 0.463776 0.017330 -0.934341
v 0.463776 0.098967 -0.934341
v 0.446916 0.098967 -0.914043
v 0.463776 0.017330 -0.934341
v 0.567446 0.017330 -0.848229
v 0.567446 0.098967 -0.848229
v 0.463776 0.098967 -0.934341
v 0.567446 0.017330 -0.848229
v 0.550586 0.017330 -0.827931
v 0.550586 0.098967 -0.827931
v 0.567446 0.098967 -0.848229
v 0.446916 0.017330 -0.914043
v 0.550586 0.017330 -0.827931
v 0.567446 0.017330 -0.848229
v 0.463776 0.017330 -0.934341
v 0.463776 0.098967 -0.934341
v 0.567446 0.098967 -0.848229
v 0.550586 0.098967 -0.827931
v 0.446916 0.098967 -0.914043
v 0.597254 0.017277 0.084051
v 0.596336 0.017298 0.147170
v 0.598803 0.055350 0.147170
v 0.599720 0.055328 0.084051
v 0.596336 0.017298 0.147170
v -0.570283 0.044816 0.130182
v -0.567816 0.082867 0.130182
v 0.598803 0.055350 0.147170
v -0.570283 0.044816 0.130182
v -0.569365 0.044794 0.067063
v -0.566898 0.082846 0.067063
v -0.567816 0.082867 0.130182
v -0.569365 0.044794 0.067063
v 0.597254 0.017277 0.084051
v 0.599720 0.055328 0.084051
v -0.566898 0.082846 0.067063
v 0.596336 0.017298 0.147170
v 0.597254 0.017277 0.084051
v -0.569365 0.044794 0.067063
v -0.570283 0.044816 0.130182
v -0.567816 0.082867 0.130182
v -0.566898 0.082846 0.067063
v 0.599720 0.055328 0.084051
v 0.598803 0.055350 0.147170
v 0.524816 0.054880 0.197368
v 0.461695 0.054856 0.196619
v 0.461695 0.092886 0.193354
v 0.524816 0.092910 0.194103
v 0.461695 0.054856 0.196619
v 0.475569 0.018436 -0.969371
v 0.475569 0.056466 -0.972635
v 0.461695 0.092886 0.193354
v 0.475569 0.018436 -0.969371
v 0.538691 0.018459 -0.968622
v 0.538691 0.056489 -0.971886
v 0.475569 0.056466 -0.972635
v 0.538691 0.018459 -0.968622
v 0.524816 0.054880 0.197368
v 0.524816 0.092910 0.194103
v 0.538691 0.056489 -0.971886
v 0.461695 0.054856 0.196619
v 0.524816 0.054880 0.197368
v 0.538691 0.018459 -0.968622
v 0.475569 0.018436 -0.969371
v 0.475569 0.056466 -0.972635
v 0.538691 0.056489 -0.971886
v 0.524816 0.092910 0.194103
v 0.461695 0.092886 0.193354
v -0.462985 0.021976 0.201834
v -0.526110 0.021963 0.202269
v -0.526129 0.060042 0.202828
v -0.463004 0.060056 0.202392
v -0.526110 0.021963 0.202269
v -0.534165 0.028191 -0.965291
v -0.534184 0.066270 -0.964733
v -0.526129 0.060042 0.202828
v -0.534165 0.028191 -0.965291
v -0.471040 0.028205 -0.965727
v -0.471059 0.066284 -0.965168
v -0.534184 0.066270 -0.964733
v -0.471040 0.028205 -0.965727
v -0.462985 0.021976 0.201834
v -0.463004 0.060056 0.202392
v -0.471059 0.066284 -0.965168
v -0.526110 0.021963 0.202269
v -0.462985 0.021976 0.201834
v -0.471040 0.028205 -0.965727
v -0.534165 0.028191 -0.965291
v -0.534184 0.066270 -0.964733
v -0.471059 0.066284 -0.965168
v -0.463004 0.060056 0.202392
v -0.526129 0.060042 0.202828
v 0.605859 0.047620 -0.911634
v 0.604943 0.047579 -0.848515
v 0.600310 0.085557 -0.848515
v 0.601226 0.085598 -0.911634
v 0.604943 0.047579 -0.848515
v -0.559419 -0.004107 -0.865503
v -0.564052 0.033871 -0.865503
v 0.600310 0.085557 -0.848515
v -0.559419 -0.004107 -0.865503
v -0.558504 -0.004067 -0.928622
v -0.563136 0.033911 -0.928622
v -0.564052 0.033871 -0.865503
v -0.558504 -0.004067 -0.928622
v 0.605859 0.047620 -0.911634
v 0.601226 0.085598 -0.911634
v -0.563136 0.033911 -0.928622
v 0.604943 0.047579 -0.848515
v 0.605859 0.047620 -0.911634
v -0.558504 -0.004067 -0.928622
v -0.559419 -0.004107 -0.865503
v -0.564052 0.033871 -0.865503
v -0.563136 0.033911 -0.928622
v 0.601226 0.085598 -0.911634
v 0.600310 0.085557 -0.848515
v -0.500000 0.031372 0.107666
v -0.500000 0.031372 -0.892334
v 0.500000 0.031372 -0.892334
v 0.500000 0.031372 0.107666
v 0.038171 0.074372 -0.545460
v 0.032531 0.074372 -0.489613
v -0.043227 0.074372 -0.544899
v -0.045768 0.074372 -0.462254
v 0.020894 0.074372 -0.432789
v -0.009805 0.074372 -0.384435
v -0.059265 0.074372 -0.335022
v -0.109889 0.074372 -0.383318
v -0.172504 0.074372 -0.304738
v -0.094073 0.074372 -0.282880
v -0.178505 0.074372 -0.209783
v -0.092837 0.074372 -0.228853
v -0.139010 0.074372 -0.125488
v -0.070651 0.074372 -0.186962
v -0.057211 0.074372 -0.080872
v -0.027500 0.074372 -0.166985
v 0.049534 0.074372 -0.081187
v 0.021501 0.074372 -0.167261
v 0.128895 0.074372 -0.118884
v 0.063527 0.074372 -0.190936
v 0.177903 0.074372 -0.191382
v 0.094880 0.074372 -0.230869
v 0.031303 0.074372 -0.620874
v -0.000733 0.074372 -0.607549
v -0.032768 0.074372 -0.620874
v 0.044627 0.074372 -0.652909
v -0.046093 0.074372 -0.652909
v 0.031303 0.074372 -0.684945
v -0.032768 0.074372 -0.684945
v -0.000733 0.074372 -0.698269
v -0.009805 -0.051628 -0.384435
v -0.009805 0.074372 -0.384435
v 0.020894 0.074372 -0.432789
v 0.020894 -0.051628 -0.432789
v -0.043227 -0.051628 -0.544899
v -0.043227 0.074372 -0.544899
v -0.045768 0.074372 -0.462254
v -0.045768 -0.051628 -0.462254
v 0.049534 -0.051628 -0.081187
v 0.049534 0.074372 -0.081187
v 0.128895 0.074372 -0.118884
v 0.128895 -0.051628 -0.118884
v 0.031303 -0.051628 -0.684945
v 0.031303 0.074372 -0.684945
v -0.000733 0.074372 -0.698269
v -0.000733 -0.051628 -0.698269
v 0.021501 -0.051628 -0.167261
v 0.021501 0.074372 -0.167261
v -0.027500 0.074372 -0.166985
v -0.027500 -0.051628 -0.166985
v 0.032531 -0.051628 -0.489613
v 0.032531 0.074372 -0.489613
v 0.038171 0.074372 -0.545460
v 0.038171 -0.051628 -0.545460
v 0.177903 -0.051628 -0.191382
v 0.177903 0.074372 -0.191382
v 0.094880 0.074372 -0.230869
v 0.094880 -0.051628 -0.230869
v -0.092837 -0.051628 -0.228853
v -0.092837 0.074372 -0.228853
v -0.094073 0.074372 -0.282880
v -0.094073 -0.051628 -0.282880
v 0.128895 -0.051628 -0.118884
v 0.128895 0.074372 -0.118884
v 0.177903 0.074372 -0.191382
v 0.177903 -0.051628 -0.191382
v -0.032768 -0.051628 -0.620874
v -0.032768 0.074372 -0.620874
v -0.000733 0.074372 -0.607549
v -0.000733 -0.051628 -0.607549
v 0.094880 -0.051628 -0.230869
v 0.094880 0.074372 -0.230869
v 0.063527 0.074372 -0.190936
v 0.063527 -0.051628 -0.190936
v -0.000733 -0.051628 -0.607549
v -0.000733 0.074372 -0.607549
v 0.031303 0.074372 -0.620874
v 0.031303 -0.051628 -0.620874
v -0.000733 -0.051628 -0.698269
v -0.000733 0.074372 -0.698269
v -0.032768 0.074372 -0.684945
v -0.032768 -0.051628 -0.684945
v -0.172504 -0.051628 -0.304738
v -0.172504 0.074372 -0.304738
v -0.178505 0.074372 -0.209783
v -0.178505 -0.051628 -0.209783
v 0.038171 -0.051628 -0.545460
v 0.038171 0.074372 -0.545460
v -0.043227 0.074372 -0.544899
v -0.043227 -0.051628 -0.544899
v -0.094073 -0.051628 -0.282880
v -0.094073 0.074372 -0.282880
v -0.059265 0.074372 -0.335022
v -0.059265 -0.051628 -0.335022
v -0.070651 -0.051628 -0.186962
v -0.070651 0.074372 -0.186962
v -0.092837 0.074372 -0.228853
v -0.092837 -0.051628 -0.228853
v -0.109889 -0.051628 -0.383318
v -0.172504 0.074372 -0.304738
v -0.172504 -0.051628 -0.304738
v -0.109889 0.074372 -0.383318
v -0.045768 -0.051628 -0.462254
v -0.045768 0.074372 -0.462254
v 0.031303 -0.051628 -0.620874
v 0.031303 0.074372 -0.620874
v 0.044627 0.074372 -0.652909
v 0.044627 -0.051628 -0.652909
v -0.032768 -0.051628 -0.684945
v -0.032768 0.074372 -0.684945
v -0.046093 0.074372 -0.652909
v -0.046093 -0.051628 -0.652909
v -0.059265 -0.051628 -0.335022
v -0.059265 0.074372 -0.335022
v -0.009805 0.074372 -0.384435
v -0.009805 -0.051628 -0.384435
v -0.057211 -0.051628 -0.080872
v -0.057211 0.074372 -0.080872
v 0.049534 0.074372 -0.081187
v 0.049534 -0.051628 -0.081187
v 0.063527 -0.051628 -0.190936
v 0.063527 0.074372 -0.190936
v 0.021501 0.074372 -0.167261
v 0.021501 -0.051628 -0.167261
v -0.178505 -0.051628 -0.209783
v -0.178505 0.074372 -0.209783
v -0.139010 0.074372 -0.125488
v -0.139010 -0.051628 -0.125488
v 0.044627 -0.051628 -0.652909
v 0.044627 0.074372 -0.652909
v 0.031303 0.074372 -0.684945
v 0.031303 -0.051628 -0.684945
v -0.139010 -0.051628 -0.125488
v -0.139010 0.074372 -0.125488
v -0.057211 0.074372 -0.080872
v -0.057211 -0.051628 -0.080872
v 0.020894 -0.051628 -0.432789
v 0.020894 0.074372 -0.432789
v 0.032531 0.074372 -0.489613
v 0.032531 -0.051628 -0.489613
v -0.027500 -0.051628 -0.166985
v -0.027500 0.074372 -0.166985
v -0.070651 0.074372 -0.186962
v -0.070651 -0.051628 -0.186962
v -0.046093 -0.051628 -0.652909
v -0.046093 0.074372 -0.652909
v -0.032768 0.074372 -0.620874
v -0.032768 -0.051628 -0.620874
vt 0.749602735 0.254699081
vt 0.618346334 0.448087066
vt 0.728819668 0.487472504
vt 0.846340179 0.51663357
vt 0.749602735 0.254699081
vt 0.728819668 0.487472504
vt 0.618346334 0.448087066
vt 0.715083778 0.710021377
vt 0.728819668 0.487472504
vt 0.715083778 0.710021377
vt 0.846340179 0.51663357
vt 0.728819668 0.487472504
vt 0.583123147 0.649650574
vt 0.583123147 0.900143802
vt 0.639270961 0.769316435
vt 0.707404077 0.646000028
vt 0.583123147 0.649650574
vt 0.639270961 0.769316435
vt 0.583123147 0.900143802
vt 0.707404077 0.896493196
vt 0.639270961 0.769316435
vt 0.707404077 0.896493196
vt 0.707404077 0.646000028
vt 0.639270961 0.769316435
vt 0.723781407 0.950686514
vt 0.874194324 0.950267017
vt 0.79497391 0.800321758
vt 0.723781526 0.650280297
vt 0.723781407 0.950686514
vt 0.79497391 0.800321758
vt 0.874194324 0.950267017
vt 0.874194324 0.649860799
vt 0.79497391 0.800321758
vt 0.874194324 0.649860799
vt 0.723781526 0.650280297
vt 0.79497391 0.800321758
vt 0.503390551 0.97713089
vt 0.503390551 0.97713089
vt 0.503390551 0.97713089
vt 0.503390551 0.97713089
vt 0.503390551 0.97713089
vt 0.503390551 0.97713089
vt 0.503390551 0.97713089
vt 0.503390551 0.97713089
vt 0.503390551 0.97713089
vt 0.503390551 0.97713089
vt 0.503390551 0.97713089
vt 0.503390551 0.97713089
vt 0.503390551 0.97713089
vt 0.503390551 0.97713089
vt 0.503390551 0.97713089
vt 0.503390551 0.97713089
vt 0.503390551 0.97713089
vt 0.503390551 0.97713089
vt 0.503390551 0.97713089
vt 0.503390551 0.97713089
vt 0.503390551 0.97713089
vt 0.503390551 0.97713089
vt 0.503390551 0.97713089
vt 0.503390551 0.97713089
vt 0.503390551 0.97713089
vt 0.503390551 0.97713089
vt 0.503390551 0.97713089
vt 0.503390551 0.97713089
vt 0.503390551 0.97713089
vt 0.503390551 0.97713089
vt 0.503390551 0.97713089
vt 0.503390551 0.97713089
vt 0.503390551 0.97713089
vt 0.503390551 0.97713089
vt 0.503390551 0.97713089
vt 0.503390551 0.97713089
vt 0.503390551 0.97713089
vt 0.503390551 0.97713089
vt 0.503390551 0.97713089
vt 0.503390551 0.97713089
vt 0.503390551 0.97713089
vt 0.503390551 0.97713089
vt 0.503390551 0.97713089
vt 0.503390551 0.97713089
vt 0.503390551 0.97713089
vt 0.503390551 0.97713089
vt 0.503390551 0.97713089
vt 0.503390551 0.97713089
vt 0.503390551 0.97713089
vt 0.503390551 0.97713089
vt 0.503390551 0.97713089
vt 0.503390551 0.97713089
vt 0.503390551 0.97713089
vt 0.503390551 0.97713089
vt 0.503390551 0.97713089
vt 0.503390551 0.97713089
vt 0.503390551 0.97713089
vt 0.503390551 0.97713089
vt 0.503390551 0.97713089
vt 0.503390551 0.97713089
vt 0.503390551 0.97713089
vt 0.503390551 0.97713089
vt 0.503390551 0.97713089
vt 0.503390551 0.97713089
vt 0.503390551 0.97713089
vt 0.503390551 0.97713089
vt 0.503390551 0.97713089
vt 0.503390551 0.97713089
vt 0.503390551 0.97713089
vt 0.503390551 0.97713089
vt 0.503390551 0.97713089
vt 0.503390551 0.97713089
vt 0.503390551 0.97713089
vt 0.503390551 0.97713089
vt 0.503390551 0.97713089
vt 0.503390551 0.97713089
vt 0.503390551 0.97713089
vt 0.503390551 0.97713089
vt 0.503390551 0.97713089
vt 0.503390551 0.97713089
vt 0.503390551 0.97713089
vt 0.503390551 0.97713089
vt 0.503390551 0.97713089
vt 0.503390551 0.97713089
vt 0.503390551 0.97713089
vt 0.503390551 0.97713089
vt 0.503390551 0.97713089
vt 0.503390551 0.97713089
vt 0.503390551 0.97713089
vt 0.503390551 0.97713089
vt 0.503390551 0.97713089
vt 0.503390551 0.97713089
vt 0.503390551 0.97713089
vt 0.503390551 0.97713089
vt 0.503390551 0.97713089
vt 0.503390551 0.97713089
vt 0.503390551 0.97713089
vt 0.503390551 0.97713089
vt 0.503390551 0.97713089
vt 0.503390551 0.97713089
vt 0.503390551 0.97713089
vt 0.503390551 0.97713089
vt 0.503390551 0.97713089
vt 0.503390551 0.97713089
vt 0.503390551 0.97713089
vt 0.503390551 0.97713089
vt 0.503390551 0.97713089
vt 0.503390551 0.97713089
vt 0.503390551 0.97713089
vt 0.503390551 0.97713089
vt 0.503390551 0.97713089
vt 0.503390551 0.97713089
vt 0.503390551 0.97713089
vt 0.503390551 0.97713089
vt 0.503390551 0.97713089
vt 0.503390551 0.97713089
vt 0.503390551 0.97713089
vt 0.503390551 0.97713089
vt 0.503390551 0.97713089
vt 0.503390551 0.97713089
vt 0.511691332 0.97713089
vt 0.511691332 0.97713089
vt 0.511691332 0.97713089
vt 0.511691332 0.97713089
vt 0.511691332 0.97713089
vt 0.511691332 0.97713089
vt 0.511691332 0.97713089
vt 0.511691332 0.97713089
vt 0.511691332 0.97713089
vt 0.511691332 0.97713089
vt 0.511691332 0.97713089
vt 0.511691332 0.97713089
vt 0.511691332 0.97713089
vt 0.511691332 0.97713089
vt 0.511691332 0.97713089
vt 0.511691332 0.97713089
vt 0.511691332 0.97713089
vt 0.511691332 0.97713089
vt 0.511691332 0.97713089
vt 0.511691332 0.97713089
vt 0.511691332 0.97713089
vt 0.511691332 0.97713089
vt 0.511691332 0.97713089
vt 0.511691332 0.97713089
vt 0.511691332 0.97713089
vt 0.511691332 0.97713089
vt 0.511691332 0.97713089
vt 0.511691332 0.97713089
vt 0.511691332 0.97713089
vt 0.511691332 0.97713089
vt 0.511691332 0.97713089
vt 0.511691332 0.97713089
vt 0.511691332 0.97713089
vt 0.511691332 0.97713089
vt 0.511691332 0.97713089
vt 0.511691332 0.97713089
vt 0.511691332 0.97713089
vt 0.511691332 0.97713089
vt 0.511691332 0.97713089
vt 0.511691332 0.97713089
vt 0.511691332 0.97713089
vt 0.511691332 0.97713089
vt 0.511691332 0.97713089
vt 0.511691332 0.97713089
vt 0.511691332 0.97713089
vt 0.511691332 0.97713089
vt 0.511691332 0.97713089
vt 0.511691332 0.97713089
vt 0.511691332 0.97713089
vt 0.511691332 0.97713089
vt 0.511691332 0.97713089
vt 0.511691332 0.97713089
vt 0.511691332 0.97713089
vt 0.511691332 0.97713089
vt 0.511691332 0.97713089
vt 0.511691332 0.97713089
vt 0.511691332 0.97713089
vt 0.511691332 0.97713089
vt 0.511691332 0.97713089
vt 0.511691332 0.97713089
vt 0.511691332 0.97713089
vt 0.511691332 0.97713089
vt 0.511691332 0.97713089
vt 0.511691332 0.97713089
vt 0.511691332 0.97713089
vt 0.511691332 0.97713089
vt 0.511691332 0.97713089
vt 0.511691332 0.97713089
vt 0.511691332 0.97713089
vt 0.511691332 0.97713089
vt 0.511691332 0.97713089
vt 0.511691332 0.97713089
vt 0.511691332 0.97713089
vt 0.511691332 0.97713089
vt 0.511691332 0.97713089
vt 0.511691332 0.97713089
vt 0.511691332 0.97713089
vt 0.511691332 0.97713089
vt 0.511691332 0.97713089
vt 0.511691332 0.97713089
vt 0.511691332 0.97713089
vt 0.511691332 0.97713089
vt 0.511691332 0.97713089
vt 0.511691332 0.97713089
vt 0.511691332 0.97713089
vt 0.511691332 0.97713089
vt 0.511691332 0.97713089
vt 0.511691332 0.97713089
vt 0.511691332 0.97713089
vt 0.511691332 0.97713089
vt 0.511691332 0.97713089
vt 0.511691332 0.97713089
vt 0.511691332 0.97713089
vt 0.511691332 0.97713089
vt 0.511691332 0.97713089
vt 0.511691332 0.97713089
vt 0.511691332 0.97713089
vt 0.511691332 0.97713089
vt 0.511691332 0.97713089
vt 0.511691332 0.97713089
vt 0.511691332 0.97713089
vt 0.511691332 0.97713089
vt 0.511691332 0.97713089
vt 0.511691332 0.97713089
vt 0.511691332 0.97713089
vt 0.511691332 0.97713089
vt 0.511691332 0.97713089
vt 0.511691332 0.97713089
vt 0.511691332 0.97713089
vt 0.511691332 0.97713089
vt 0.511691332 0.97713089
vt 0.511691332 0.97713089
vt 0.511691332 0.97713089
vt 0.511691332 0.97713089
vt 0.511691332 0.97713089
vt 0.511691332 0.97713089
vt 0.511691332 0.97713089
vt 0.511691332 0.97713089
vt 0.511691332 0.97713089
vt 0.511691332 0.97713089
vt 0.511691332 0.97713089
vt 0.511691332 0.97713089
vt 0.511691332 0.97713089
vt 0.511691332 0.97713089
vt 0.511691332 0.97713089
vt 0.511691332 0.97713089
vt 0.511691332 0.97713089
vt 0.511691332 0.97713089
vt 0.511691332 0.97713089
vt 0.511691332 0.97713089
vt 0.511691332 0.97713089
vt 0.511691332 0.97713089
vt 0.511691332 0.97713089
vt 0.511691332 0.97713089
vt 0.511691332 0.97713089
vt 0.511691332 0.97713089
vt 0.511691332 0.97713089
vt 0.511691332 0.97713089
vt 0.511691332 0.97713089
vt 0.511691332 0.97713089
vt 0.511691332 0.97713089
vt 0.511691332 0.97713089
vt 0.515413046 0.314277172
vt 0.515413046 0.58729142
vt 0.651920199 0.58729142
vt 0.651920199 0.314277232
vt 0.515413046 0.314277172
vt 0.515413046 0.58729142
vt 0.651920199 0.58729142
vt 0.651920199 0.314277232
vt 0.515413046 0.314277172
vt 0.515413046 0.58729142
vt 0.651920199 0.58729142
vt 0.651920199 0.314277232
vt 0.503967762 0.992388964
vt 0.503967762 0.992388964
vt 0.503967762 0.992388964
vt 0.503967762 0.992388964
vt 0.503967762 0.992388964
vt 0.503967762 0.992388964
vt 0.503967762 0.992388964
vt 0.503967762 0.992388964
vt 0.503967762 0.992388964
vt 0.503967762 0.992388964
vt 0.503967762 0.992388964
vt 0.503967762 0.992388964
vt 0.503967762 0.992388964
vt 0.503967762 0.992388964
vt 0.503967762 0.992388964
vt 0.503967762 0.992388964
vt 0.503967762 0.992388964
vt 0.503967762 0.992388964
vt 0.503967762 0.992388964
vt 0.503967762 0.992388964
vt 0.503967762 0.992388964
vt 0.503967762 0.992388964
vt 0.503967762 0.992388964
vt 0.503967762 0.992388964
vt 0.519857287 0.976499438
vt 0.519857287 0.976499438
vt 0.519857287 0.976499438
vt 0.519857287 0.976499438
vt 0.519857287 0.976499438
vt 0.519857287 0.976499438
vt 0.519857287 0.976499438
vt 0.519857287 0.976499438
vt 0.519857287 0.976499438
vt 0.519857287 0.976499438
vt 0.519857287 0.976499438
vt 0.519857287 0.976499438
vt 0.519857287 0.976499438
vt 0.519857287 0.976499438
vt 0.519857287 0.976499438
vt 0.519857287 0.976499438
vt 0.519857287 0.976499438
vt 0.519857287 0.976499438
vt 0.519857287 0.976499438
vt 0.519857287 0.976499438
vt 0.519857287 0.976499438
vt 0.519857287 0.976499438
vt 0.519857287 0.976499438
vt 0.519857287 0.976499438
vt 0.519857287 0.976499438
vt 0.519857287 0.976499438
vt 0.519857287 0.976499438
vt 0.519857287 0.976499438
vt 0.519857287 0.976499438
vt 0.519857287 0.976499438
vt 0.519857287 0.976499438
vt 0.519857287 0.976499438
vt 0.519857287 0.976499438
vt 0.519857287 0.976499438
vt 0.519857287 0.976499438
vt 0.519857287 0.976499438
vt 0.519857287 0.976499438
vt 0.519857287 0.976499438
vt 0.519857287 0.976499438
vt 0.519857287 0.976499438
vt 0.519857287 0.976499438
vt 0.519857287 0.976499438
vt 0.519857287 0.976499438
vt 0.519857287 0.976499438
vt 0.519857287 0.976499438
vt 0.519857287 0.976499438
vt 0.519857287 0.976499438
vt 0.519857287 0.976499438
vt 0.51953125 0.993408203
vt 0.51953125 0.993408203
vt 0.51953125 0.993408203
vt 0.51953125 0.993408203
vt 0.51953125 0.993408203
vt 0.51953125 0.993408203
vt 0.51953125 0.993408203
vt 0.51953125 0.993408203
vt 0.51953125 0.993408203
vt 0.51953125 0.993408203
vt 0.51953125 0.993408203
vt 0.51953125 0.993408203
vt 0.51953125 0.993408203
vt 0.51953125 0.993408203
vt 0.51953125 0.993408203
vt 0.51953125 0.993408203
vt 0.51953125 0.993408203
vt 0.51953125 0.993408203
vt 0.51953125 0.993408203
vt 0.51953125 0.993408203
vt 0.51953125 0.993408203
vt 0.51953125 0.993408203
vt 0.51953125 0.993408203
vt 0.51953125 0.993408203
vt 0.51953125 0.993408203
vt 0.51953125 0.993408203
vt 0.51953125 0.993408203
vt 0.51953125 0.993408203
vt 0.51953125 0.993408203
vt 0.51953125 0.993408203
vt 0.51953125 0.993408203
vt 0.51953125 0.993408203
vt 0.51953125 0.993408203
vt 0.51953125 0.993408203
vt 0.51953125 0.993408203
vt 0.51953125 0.993408203
vt 0.51953125 0.993408203
vt 0.51953125 0.993408203
vt 0.51953125 0.993408203
vt 0.51953125 0.993408203
vt 0.51953125 0.993408203
vt 0.51953125 0.993408203
vt 0.51953125 0.993408203
vt 0.51953125 0.993408203
vt 0.51953125 0.993408203
vt 0.51953125 0.993408203
vt 0.51953125 0.993408203
vt 0.51953125 0.993408203
vt 0.51953125 0.993408203
vt 0.51953125 0.993408203
vt 0.51953125 0.993408203
vt 0.51953125 0.993408203
vt 0.51953125 0.993408203
vt 0.51953125 0.993408203
vt 0.51953125 0.993408203
vt 0.51953125 0.993408203
vt 0.51953125 0.993408203
vt 0.51953125 0.993408203
vt 0.51953125 0.993408203
vt 0.51953125 0.993408203
vt 0.51953125 0.993408203
vt 0.51953125 0.993408203
vt 0.51953125 0.993408203
vt 0.51953125 0.993408203
vt 0.51953125 0.993408203
vt 0.51953125 0.993408203
vt 0.51953125 0.993408203
vt 0.51953125 0.993408203
vt 0.51953125 0.993408203
vt 0.51953125 0.993408203
vt 0.51953125 0.993408203
vt 0.51953125 0.993408203
vt 0.51953125 0.993408203
vt 0.51953125 0.993408203
vt 0.51953125 0.993408203
vt 0.51953125 0.993408203
vt 0.51953125 0.993408203
vt 0.51953125 0.993408203
vt 0.51953125 0.993408203
vt 0.51953125 0.993408203
vt 0.51953125 0.993408203
vt 0.51953125 0.993408203
vt 0.51953125 0.993408203
vt 0.51953125 0.993408203
vt 0.51953125 0.993408203
vt 0.51953125 0.993408203
vt 0.51953125 0.993408203
vt 0.51953125 0.993408203
vt 0.51953125 0.993408203
vt 0.51953125 0.993408203
vt 0.51953125 0.993408203
vt 0.51953125 0.993408203
vt 0.51953125 0.993408203
vt 0.51953125 0.993408203
vt 0.51953125 0.993408203
vt 0.51953125 0.993408203
vt 0.51953125 0.993408203
vt 0.51953125 0.993408203
vt 0.51953125 0.993408203
vt 0.51953125 0.993408203
vt 0.51953125 0.993408203
vt 0.51953125 0.993408203
vt 0.51953125 0.993408203
vt 0.51953125 0.993408203
vt 0.51953125 0.993408203
vt 0.51953125 0.993408203
vt 0.51953125 0.993408203
vt 0.51953125 0.993408203
vt 0.51953125 0.993408203
vt 0.51953125 0.993408203
vt 0.51953125 0.993408203
vt 0.51953125 0.993408203
vt 0.51953125 0.993408203
vt 0.51953125 0.993408203
vt 0.51953125 0.993408203
vt 0.51953125 0.993408203
vt 0.51953125 0.993408203
vt 0.51953125 0.993408203
vt 0.51953125 0.993408203
vt 0.51953125 0.993408203
vt 0.51953125 0.993408203
vt 0.51953125 0.993408203
vt 0.51953125 0.993408203
vt 0.51953125 0.993408203
vt 0.51953125 0.993408203
vt 0.51953125 0.993408203
vt 0.51953125 0.993408203
vt 0.51953125 0.993408203
vt 0.51953125 0.993408203
vt 0.51953125 0.993408203
vt 0.51953125 0.993408203
vt 0.51953125 0.993408203
vt 0.51953125 0.993408203
vt 0.51953125 0.993408203
vt 0.51953125 0.993408203
vt 0.51953125 0.993408203
vt 0.51953125 0.993408203
vt 0.51953125 0.993408203
vt 0.51953125 0.993408203
vt 0.51953125 0.993408203
vt 0.51953125 0.993408203
vt 0.51953125 0.993408203
vt 0.51953125 0.993408203
vt 0.51953125 0.993408203
vt 0.51953125 0.993408203
vt 0.51953125 0.993408203
vt 0.51953125 0.993408203
vt 0.51953125 0.993408203
vt 0.51953125 0.993408203
vt 0.51953125 0.993408203
vt 0.51953125 0.993408203
vt 0.51953125 0.993408203
vt 0.51953125 0.993408203
vt 0.51953125 0.993408203
vt 0.51953125 0.993408203
vt 0.51953125 0.993408203
vt 0.51953125 0.993408203
vt 0.51953125 0.993408203
vt 0.51953125 0.993408203
vt 0.51953125 0.993408203
vt 0.51953125 0.993408203
vt 0.51953125 0.993408203
vt 0.51953125 0.993408203
vt 0.51953125 0.993408203
vt 0.51953125 0.993408203
vt 0.51953125 0.993408203
vt 0.51953125 0.993408203
vt 0.51953125 0.993408203
vt 0.51953125 0.993408203
vt 0.51953125 0.993408203
vt 0.51953125 0.993408203
vt 0.51953125 0.993408203
vt 0.51953125 0.993408203
vt 0.51953125 0.993408203
vt 0.51953125 0.993408203
vt 0.51953125 0.993408203
vt 0.51953125 0.993408203
vt 0.51953125 0.993408203
vt 0.51953125 0.993408203
vt 0.51953125 0.993408203
vt 0.51953125 0.993408203
vt 0.51953125 0.993408203
vt 0.51953125 0.993408203
vt 0.51953125 0.993408203
vt 0.51953125 0.993408203
vt 0.51953125 0.993408203
vt 0.51953125 0.993408203
vt 0.51953125 0.993408203
vt 0.51953125 0.993408203
vt 0.51953125 0.993408203
vt 0.51953125 0.993408203
vt 0.51953125 0.993408203
vt 0.511962891 0.993652284
vt 0.511962891 0.993652284
vt 0.511962891 0.993652284
vt 0.511962891 0.993652284
vt 0.511962891 0.993652284
vt 0.511962891 0.993652284
vt 0.511962891 0.993652284
vt 0.511962891 0.993652284
vt 0.511962891 0.993652284
vt 0.511962891 0.993652284
vt 0.511962891 0.993652284
vt 0.511962891 0.993652284
vt 0.511962891 0.993652284
vt 0.511962891 0.993652284
vt 0.511962891 0.993652284
vt 0.511962891 0.993652284
vt 0.511962891 0.993652284
vt 0.511962891 0.993652284
vt 0.511962891 0.993652284
vt 0.511962891 0.993652284
vt 0.511962891 0.993652284
vt 0.511962891 0.993652284
vt 0.511962891 0.993652284
vt 0.511962891 0.993652284
vt 0.511962891 0.993652284
vt 0.511962891 0.993652284
vt 0.511962891 0.993652284
vt 0.511962891 0.993652284
vt 0.511962891 0.993652284
vt 0.511962891 0.993652284
vt 0.511962891 0.993652284
vt 0.511962891 0.993652284
vt 0.511962891 0.993652284
vt 0.511962891 0.993652284
vt 0.511962891 0.993652284
vt 0.511962891 0.993652284
vt 0.511962891 0.993652284
vt 0.511962891 0.993652284
vt 0.511962891 0.993652284
vt 0.511962891 0.993652284
vt 0.511962891 0.993652284
vt 0.511962891 0.993652284
vt 0.511962891 0.993652284
vt 0.511962891 0.993652284
vt 0.511962891 0.993652284
vt 0.511962891 0.993652284
vt 0.511962891 0.993652284
vt 0.511962891 0.993652284
vt 0.511962891 0.993652284
vt 0.511962891 0.993652284
vt 0.511962891 0.993652284
vt 0.511962891 0.993652284
vt 0.511962891 0.993652284
vt 0.511962891 0.993652284
vt 0.511962891 0.993652284
vt 0.511962891 0.993652284
vt 0.511962891 0.993652284
vt 0.511962891 0.993652284
vt 0.511962891 0.993652284
vt 0.511962891 0.993652284
vt 0.511962891 0.993652284
vt 0.511962891 0.993652284
vt 0.511962891 0.993652284
vt 0.511962891 0.993652284
vt 0.511962891 0.993652284
vt 0.511962891 0.993652284
vt 0.511962891 0.993652284
vt 0.511962891 0.993652284
vt 0.511962891 0.993652284
vt 0.511962891 0.993652284
vt 0.511962891 0.993652284
vt 0.511962891 0.993652284
vt 0.511962891 0.993652284
vt 0.511962891 0.993652284
vt 0.511962891 0.993652284
vt 0.511962891 0.993652284
vt 0.511962891 0.993652284
vt 0.511962891 0.993652284
vt 0.511962891 0.993652284
vt 0.511962891 0.993652284
vt 0.511962891 0.993652284
vt 0.511962891 0.993652284
vt 0.511962891 0.993652284
vt 0.511962891 0.993652284
vt 0.511962891 0.993652284
vt 0.511962891 0.993652284
vt 0.511962891 0.993652284
vt 0.511962891 0.993652284
vt 0.511962891 0.993652284
vt 0.511962891 0.993652284
vt 0.511962891 0.993652284
vt 0.511962891 0.993652284
vt 0.511962891 0.993652284
vt 0.511962891 0.993652284
vt 0.511962891 0.993652284
vt 0.511962891 0.993652284
vt 0.49999994 0
vt 0 1.49011598E-07
vt 7.45057989E-08 1
vt 0.5 0.999999881
vt 0.504691005 0.99707818
vt 0.504691005 0.99707818
vt 0.504691005 0.99707818
vt 0.504691005 0.99707818
vt 0.504691005 0.99707818
vt 0.504691005 0.99707818
vt 0.504691005 0.99707818
vt 0.504691005 0.99707818
vt 0.504691005 0.99707818
vt 0.504691005 0.99707818
vt 0.504691005 0.99707818
vt 0.504691005 0.99707818
vt 0.504691005 0.99707818
vt 0.504691005 0.99707818
vt 0.504691005 0.99707818
vt 0.504691005 0.99707818
vt 0.504691005 0.99707818
vt 0.504691005 0.99707818
vt 0.504691005 0.99707818
vt 0.504691005 0.99707818
vt 0.504691005 0.99707818
vt 0.504691005 0.99707818
vt 0.504691005 0.99707818
vt 0.504691005 0.99707818
vt 0.504691005 0.99707818
vt 0.504691005 0.99707818
vt 0.504691005 0.99707818
vt 0.504691005 0.99707818
vt 0.504691005 0.99707818
vt 0.504691005 0.99707818
vt 0.504691005 0.99707818
vt 0.504691005 0.99707818
vt 0.504691005 0.99707818
vt 0.504691005 0.99707818
vt 0.504691005 0.99707818
vt 0.504691005 0.99707818
vt 0.504691005 0.99707818
vt 0.504691005 0.99707818
vt 0.504691005 0.99707818
vt 0.504691005 0.99707818
vt 0.504691005 0.99707818
vt 0.504691005 0.99707818
vt 0.504691005 0.99707818
vt 0.504691005 0.99707818
vt 0.504691005 0.99707818
vt 0.504691005 0.99707818
vt 0.504691005 0.99707818
vt 0.504691005 0.99707818
vt 0.504691005 0.99707818
vt 0.504691005 0.99707818
vt 0.504691005 0.99707818
vt 0.504691005 0.99707818
vt 0.504691005 0.99707818
vt 0.504691005 0.99707818
vt 0.504691005 0.99707818
vt 0.504691005 0.99707818
vt 0.504691005 0.99707818
vt 0.504691005 0.99707818
vt 0.504691005 0.99707818
vt 0.504691005 0.99707818
vt 0.504691005 0.99707818
vt 0.504691005 0.99707818
vt 0.504691005 0.99707818
vt 0.504691005 0.99707818
vt 0.504691005 0.99707818
vt 0.504691005 0.99707818
vt 0.504691005 0.99707818
vt 0.504691005 0.99707818
vt 0.504691005 0.99707818
vt 0.504691005 0.99707818
vt 0.504691005 0.99707818
vt 0.504691005 0.99707818
vt 0.504691005 0.99707818
vt 0.504691005 0.99707818
vt 0.504691005 0.99707818
vt 0.504691005 0.99707818
vt 0.504691005 0.99707818
vt 0.504691005 0.99707818
vt 0.504691005 0.99707818
vt 0.504691005 0.99707818
vt 0.504691005 0.99707818
vt 0.504691005 0.99707818
vt 0.504691005 0.99707818
vt 0.504691005 0.99707818
vt 0.504691005 0.99707818
vt 0.504691005 0.99707818
vt 0.504691005 0.99707818
vt 0.504691005 0.99707818
vt 0.504691005 0.99707818
vt 0.504691005 0.99707818
vt 0.504691005 0.99707818
vt 0.504691005 0.99707818
vt 0.504691005 0.99707818
vt 0.504691005 0.99707818
vt 0.504691005 0.99707818
vt 0.504691005 0.99707818
vt 0.504691005 0.99707818
vt 0.504691005 0.99707818
vt 0.504691005 0.99707818
vt 0.504691005 0.99707818
vt 0.504691005 0.99707818
vt 0.504691005 0.99707818
vt 0.504691005 0.99707818
vt 0.504691005 0.99707818
vt 0.504691005 0.99707818
vt 0.504691005 0.99707818
vt 0.504691005 0.99707818
vt 0.504691005 0.99707818
vt 0.504691005 0.99707818
vt 0.504691005 0.99707818
vt 0.504691005 0.99707818
vt 0.504691005 0.99707818
vt 0.504691005 0.99707818
vt 0.504691005 0.99707818
vt 0.504691005 0.99707818
vt 0.504691005 0.99707818
vt 0.504691005 0.99707818
vt 0.504691005 0.99707818
vt 0.504691005 0.99707818
vt 0.504691005 0.99707818
vt 0.504691005 0.99707818
vt 0.504691005 0.99707818
vt 0.504691005 0.99707818
vt 0.504691005 0.99707818
vt 0.504691005 0.99707818
vt 0.504691005 0.99707818
vt 0.504691005 0.99707818
vt 0.504691005 0.99707818
vt 0.504691005 0.99707818
vt 0.504691005 0.99707818
vt 0.504691005 0.99707818
vt 0.504691005 0.99707818
vt 0.504691005 0.99707818
vt 0.504691005 0.99707818
vt 0.504691005 0.99707818
vt 0.504691005 0.99707818
vt 0.504691005 0.99707818
vt 0.504691005 0.99707818
vt 0.504691005 0.99707818
vt 0.504691005 0.99707818
vt 0.504691005 0.99707818
vt 0.504691005 0.99707818
vt 0.504691005 0.99707818
vt 0.504691005 0.99707818
vt 0.504691005 0.99707818
vt 0.504691005 0.99707818
vt 0.504691005 0.99707818
vt 0.504691005 0.99707818
vn 0.491086 0.851587 0.183395
vn 0.491086 0.851587 0.183395
vn 0.491086 0.851587 0.183395
vn 0.262873 0.922332 -0.283199
vn 0.262873 0.922332 -0.283199
vn 0.262873 0.922332 -0.283199
vn 0.026139 0.906833 0.420678
vn 0.026139 0.906833 0.420678
vn 0.026139 0.906833 0.420678
vn -0.201617 0.978393 -0.045805
vn -0.201617 0.978393 -0.045805
vn -0.201617 0.978393 -0.045805
vn 0.184935 0.851599 0.490487
vn 0.184935 0.851599 0.490487
vn 0.184935 0.851599 0.490487
vn 0.542087 0.833689 0.105377
vn 0.542087 0.833689 0.105377
vn 0.542087 0.833689 0.105377
vn -0.185130 0.972640 0.140351
vn -0.185130 0.972640 0.140351
vn -0.185130 0.972640 0.140351
vn 0.171569 0.954328 -0.244584
vn 0.171569 0.954328 -0.244584
vn 0.171569 0.954328 -0.244584
vn -0.309128 0.853509 -0.419478
vn -0.309128 0.853509 -0.419478
vn -0.309128 0.853509 -0.419478
vn -0.253999 0.962925 0.090888
vn -0.253999 0.962925 0.090888
vn -0.253999 0.962925 0.090888
vn 0.211802 0.852957 -0.477078
vn 0.211802 0.852957 -0.477078
vn 0.211802 0.852957 -0.477078
vn 0.266765 0.963199 0.032933
vn 0.266765 0.963199 0.032933
vn 0.266765 0.963199 0.032933
vn 0.217167 -0.000000 -0.976135
vn 0.217167 -0.000000 -0.976135
vn 0.217167 -0.000000 -0.976135
vn 0.217167 -0.000000 -0.976135
vn 0.169879 0.000000 0.985465
vn 0.169879 0.000000 0.985465
vn 0.169879 0.000000 0.985465
vn 0.169879 0.000000 0.985465
vn -0.970163 0.000000 0.242454
vn -0.970163 0.000000 0.242454
vn -0.970163 0.000000 0.242454
vn -0.970163 0.000000 0.242454
vn -0.313695 -0.000000 -0.949524
vn -0.313695 -0.000000 -0.949524
vn -0.313695 -0.000000 -0.949524
vn -0.313695 -0.000000 -0.949524
vn -0.000000 -1.000000 0.000000
vn -0.000000 -1.000000 0.000000
vn -0.000000 -1.000000 0.000000
vn -0.000000 -1.000000 0.000000
vn -0.000000 1.000000 -0.000000
vn -0.000000 1.000000 -0.000000
vn -0.000000 1.000000 -0.000000
vn -0.000000 1.000000 -0.000000
vn 0.989546 0.000000 0.144217
vn 0.989546 0.000000 0.144217
vn 0.989546 0.000000 0.144217
vn 0.989546 0.000000 0.144217
vn -0.070477 0.000000 0.997513
vn -0.070477 0.000000 0.997513
vn -0.070477 0.000000 0.997513
vn -0.070477 0.000000 0.997513
vn -0.000000 -1.000000 0.000000
vn -0.000000 -1.000000 0.000000
vn -0.000000 -1.000000 0.000000
vn -0.000000 -1.000000 0.000000
vn -0.000000 1.000000 -0.000000
vn -0.000000 1.000000 -0.000000
vn -0.000000 1.000000 -0.000000
vn -0.000000 1.000000 -0.000000
vn -0.266338 0.000000 0.963880
vn -0.266338 0.000000 0.963880
vn -0.266338 0.000000 0.963880
vn -0.266338 0.000000 0.963880
vn -0.980969 -0.000000 -0.194162
vn -0.980969 -0.000000 -0.194162
vn -0.980969 -0.000000 -0.194162
vn -0.980969 -0.000000 -0.194162
vn 0.120920 -0.000000 -0.992662
vn 0.120920 -0.000000 -0.992662
vn 0.120920 -0.000000 -0.992662
vn 0.120920 -0.000000 -0.992662
vn -0.000000 -1.000000 0.000000
vn -0.000000 -1.000000 0.000000
vn -0.000000 -1.000000 0.000000
vn -0.000000 -1.000000 0.000000
vn -0.000000 1.000000 -0.000000
vn -0.000000 1.000000 -0.000000
vn -0.000000 1.000000 -0.000000
vn -0.000000 1.000000 -0.000000
vn -0.069236 -0.000000 -0.997600
vn -0.069236 -0.000000 -0.997600
vn -0.069236 -0.000000 -0.997600
vn -0.069236 -0.000000 -0.997600
vn 0.989724 -0.000000 -0.142989
vn 0.989724 -0.000000 -0.142989
vn 0.989724 -0.000000 -0.142989
vn 0.989724 -0.000000 -0.142989
vn 0.215953 0.000000 0.976404
vn 0.215953 0.000000 0.976404
vn 0.215953 0.000000 0.976404
vn 0.215953 0.000000 0.976404
vn -0.000000 -1.000000 0.000000
vn -0.000000 -1.000000 0.000000
vn -0.000000 -1.000000 0.000000
vn -0.000000 -1.000000 0.000000
vn -0.000000 1.000000 -0.000000
vn -0.000000 1.000000 -0.000000
vn -0.000000 1.000000 -0.000000
vn -0.000000 1.000000 -0.000000
vn -0.376493 0.000000 0.926419
vn -0.376493 0.000000 0.926419
vn -0.376493 0.000000 0.926419
vn -0.376493 0.000000 0.926419
vn -0.951777 -0.000000 -0.306790
vn -0.951777 -0.000000 -0.306790
vn -0.951777 -0.000000 -0.306790
vn -0.951777 -0.000000 -0.306790
vn 0.235401 -0.000000 -0.971898
vn 0.235401 -0.000000 -0.971898
vn 0.235401 -0.000000 -0.971898
vn 0.235401 -0.000000 -0.971898
vn -0.000000 -1.000000 0.000000
vn -0.000000 -1.000000 0.000000
vn -0.000000 -1.000000 0.000000
vn -0.000000 -1.000000 0.000000
vn -0.000000 1.000000 -0.000000
vn -0.000000 1.000000 -0.000000
vn -0.000000 1.000000 -0.000000
vn -0.000000 1.000000 -0.000000
vn -0.264580 -0.000000 -0.964364
vn -0.264580 -0.000000 -0.964364
vn -0.264580 -0.000000 -0.964364
vn -0.264580 -0.000000 -0.964364
vn 0.942100 -0.000000 -0.335331
vn 0.942100 -0.000000 -0.335331
vn 0.942100 -0.000000 -0.335331
vn 0.942100 -0.000000 -0.335331
vn 0.404237 0.000000 0.914654
vn 0.404237 0.000000 0.914654
vn 0.404237 0.000000 0.914654
vn 0.404237 0.000000 0.914654
vn -0.000000 -1.000000 0.000000
vn -0.000000 -1.000000 0.000000
vn -0.000000 -1.000000 0.000000
vn -0.000000 -1.000000 0.000000
vn -0.000000 1.000000 -0.000000
vn -0.000000 1.000000 -0.000000
vn -0.000000 1.000000 -0.000000
vn -0.000000 1.000000 -0.000000
vn 0.993942 0.000000 0.109906
vn 0.993942 0.000000 0.109906
vn 0.993942 0.000000 0.109906
vn 0.993942 0.000000 0.109906
vn -1.000000 0.000000 -0.000000
vn -1.000000 0.000000 -0.000000
vn -1.000000 0.000000 -0.000000
vn -1.000000 0.000000 -0.000000
vn -1.000000 0.000000 -0.000000
vn -0.992837 -0.000000 -0.119480
vn -0.992837 -0.000000 -0.119480
vn -0.992837 -0.000000 -0.119480
vn -0.992837 -0.000000 -0.119480
vn -0.000000 -0.999988 -0.004883
vn -0.000000 -0.999955 -0.009490
vn -0.000000 -0.999988 -0.004883
vn -0.000000 -0.999955 -0.009490
vn -0.000000 -0.999955 -0.009490
vn -0.000000 -0.999955 -0.009490
vn -0.000000 -0.999776 -0.021156
vn -0.000000 -0.999776 -0.021156
vn -0.000000 0.999988 -0.004883
vn -0.000000 0.999988 -0.004883
vn -0.000000 0.999988 -0.004883
vn -0.000000 0.999988 -0.004883
vn -0.000000 0.999955 -0.009490
vn -0.000000 0.999955 -0.009490
vn -0.000000 0.999776 -0.021157
vn -0.000000 0.999776 -0.021157
vn -0.000000 -0.000000 -1.000000
vn -0.000000 -0.000000 -1.000000
vn -0.000000 -0.000000 -1.000000
vn -0.000000 -0.000000 -1.000000
vn -0.000000 0.666794 0.745242
vn -0.000000 0.666794 0.745242
vn -0.000000 0.666794 0.745242
vn -0.000000 0.666794 0.745242
vn 1.000000 0.000000 -0.000000
vn 1.000000 0.000000 -0.000000
vn 1.000000 0.000000 -0.000000
vn 1.000000 0.000000 -0.000000
vn 1.000000 0.000000 -0.000000
vn -0.000000 -1.000000 0.000000
vn -0.000000 -1.000000 0.000000
vn -0.000000 -1.000000 0.000000
vn -0.000000 -1.000000 0.000000
vn -0.000000 0.000000 1.000000
vn -0.000000 0.000000 1.000000
vn -0.000000 0.000000 1.000000
vn -0.000000 0.000000 1.000000
vn -0.988116 0.000000 0.153709
vn -0.988116 0.000000 0.153709
vn -0.988116 0.000000 0.153709
vn -0.988116 0.000000 0.153709
vn 0.985107 -0.000000 -0.171940
vn 0.985107 -0.000000 -0.171940
vn 0.985107 -0.000000 -0.171940
vn 0.985107 -0.000000 -0.171940
vn -0.000000 -0.000000 -1.000000
vn -0.000000 -0.000000 -1.000000
vn -0.000000 -0.000000 -1.000000
vn -0.000000 -0.000000 -1.000000
vn 0.998073 0.000000 0.062052
vn 0.998073 0.000000 0.062052
vn 0.998073 0.000000 0.062052
vn 0.998073 0.000000 0.062052
vn -0.994585 -0.000000 -0.103929
vn -0.994585 -0.000000 -0.103929
vn -0.994585 -0.000000 -0.103929
vn -0.994585 -0.000000 -0.103929
vn 0.998440 -0.000000 -0.055834
vn 0.998440 -0.000000 -0.055834
vn 0.998440 -0.000000 -0.055834
vn 0.998440 -0.000000 -0.055834
vn -1.000000 0.000000 -0.000000
vn -0.999910 -0.000000 -0.013398
vn -0.999910 -0.000000 -0.013398
vn -1.000000 0.000000 -0.000000
vn -1.000000 0.000000 -0.000000
vn -1.000000 0.000000 -0.000000
vn -1.000000 0.000000 -0.000000
vn -0.000000 -0.999964 -0.008498
vn -0.000000 -0.999964 -0.008498
vn -0.000000 -0.999964 -0.008498
vn -0.000000 -0.999964 -0.008498
vn -0.000000 -0.999400 -0.034640
vn -0.000000 -0.999400 -0.034640
vn -0.000000 0.999400 -0.034640
vn -0.000000 0.999400 -0.034640
vn -0.000000 0.999400 -0.034640
vn -0.000000 0.999400 -0.034640
vn -0.000000 0.999964 -0.008498
vn -0.000000 0.999964 -0.008498
vn -0.000000 -0.000000 -1.000000
vn -0.000000 -0.000000 -1.000000
vn -0.000000 -0.000000 -1.000000
vn -0.000000 -0.000000 -1.000000
vn -0.000000 0.666794 0.745242
vn -0.000000 0.666794 0.745242
vn -0.000000 0.666794 0.745242
vn -0.000000 0.666794 0.745242
vn 1.000000 0.000000 -0.000000
vn 1.000000 0.000000 -0.000000
vn 1.000000 0.000000 -0.000000
vn 1.000000 0.000000 -0.000000
vn 1.000000 0.000000 -0.000000
vn -0.000000 -1.000000 0.000000
vn -0.000000 -1.000000 0.000000
vn -0.000000 -1.000000 0.000000
vn -0.000000 -1.000000 0.000000
vn -0.000000 0.000000 1.000000
vn -0.000000 0.000000 1.000000
vn -0.000000 0.000000 1.000000
vn -0.000000 0.000000 1.000000
vn -0.000000 -0.998179 -0.060323
vn -0.000000 -0.998179 -0.060323
vn -0.000000 -0.998179 -0.060323
vn -0.000000 -0.998179 -0.060323
vn -0.984673 -0.000000 -0.174411
vn -0.984673 -0.000000 -0.174411
vn -0.984673 -0.000000 -0.174411
vn -0.984673 -0.000000 -0.174411
vn 0.987421 0.000000 0.158114
vn 0.987421 0.000000 0.158114
vn 0.987421 0.000000 0.158114
vn 0.987421 0.000000 0.158114
vn -0.000000 -0.000000 -1.000000
vn -0.000000 -0.000000 -1.000000
vn -0.000000 -0.000000 -1.000000
vn -0.000000 -0.000000 -1.000000
vn 0.985825 -0.000000 -0.167776
vn 0.985825 -0.000000 -0.167776
vn 0.985825 -0.000000 -0.167776
vn 0.985825 -0.000000 -0.167776
vn -0.000000 0.998179 -0.060323
vn -0.000000 0.998179 -0.060323
vn -0.000000 0.998179 -0.060323
vn -0.000000 0.998179 -0.060323
vn -0.998786 0.000000 0.049264
vn -0.998786 0.000000 0.049264
vn -0.998786 0.000000 0.049264
vn -0.998786 0.000000 0.049264
vn 0.069996 0.997068 0.030933
vn 0.069996 0.997068 0.030933
vn 0.069996 0.997068 0.030933
vn 0.069996 0.997068 0.030933
vn -0.000000 1.000000 -0.000000
vn -0.000000 1.000000 -0.000000
vn -0.000000 1.000000 -0.000000
vn -0.000000 1.000000 -0.000000
vn -0.000000 1.000000 -0.000000
vn -0.000000 1.000000 -0.000000
vn -0.000000 1.000000 -0.000000
vn -0.000000 1.000000 -0.000000
vn 0.968537 -0.199655 0.148574
vn 0.968537 -0.199655 0.148574
vn 0.968537 -0.199655 0.148574
vn 0.968537 -0.199655 0.148574
vn -0.109315 -0.061531 0.992101
vn -0.109315 -0.061531 0.992101
vn -0.109315 -0.061531 0.992101
vn -0.109315 -0.061531 0.992101
vn -0.980301 0.193033 -0.041806
vn -0.980301 0.193033 -0.041806
vn -0.980301 0.193033 -0.041806
vn -0.980301 0.193033 -0.041806
vn 0.109316 0.061531 -0.992101
vn 0.109316 0.061531 -0.992101
vn 0.109316 0.061531 -0.992101
vn 0.109316 0.061531 -0.992101
vn -0.196807 -0.980413 -0.007625
vn -0.196807 -0.980413 -0.007625
vn -0.196807 -0.980413 -0.007625
vn -0.196807 -0.980413 -0.007625
vn 0.180568 0.971272 0.155001
vn 0.180568 0.971272 0.155001
vn 0.180568 0.971272 0.155001
vn 0.180568 0.971272 0.155001
vn 0.975833 -0.196629 0.095328
vn 0.975833 -0.196629 0.095328
vn 0.975833 -0.196629 0.095328
vn 0.975833 -0.196629 0.095328
vn -0.109316 -0.061531 0.992101
vn -0.109316 -0.061531 0.992101
vn -0.109316 -0.061531 0.992101
vn -0.109316 -0.061531 0.992101
vn -0.975833 0.196629 -0.095329
vn -0.975833 0.196629 -0.095329
vn -0.975833 0.196629 -0.095329
vn -0.975833 0.196629 -0.095329
vn 0.109316 0.061531 -0.992101
vn 0.109316 0.061531 -0.992101
vn 0.109316 0.061531 -0.992101
vn 0.109316 0.061531 -0.992101
vn -0.189210 -0.978545 -0.081538
vn -0.189210 -0.978545 -0.081538
vn -0.189210 -0.978545 -0.081538
vn -0.189210 -0.978545 -0.081538
vn 0.189211 0.978545 0.081538
vn 0.189211 0.978545 0.081538
vn 0.189211 0.978545 0.081538
vn 0.189211 0.978545 0.081538
vn 0.975833 -0.196629 0.095328
vn 0.975833 -0.196629 0.095328
vn 0.975833 -0.196629 0.095328
vn 0.975833 -0.196629 0.095328
vn -0.109316 -0.061531 0.992101
vn -0.109316 -0.061531 0.992101
vn -0.109316 -0.061531 0.992101
vn -0.109316 -0.061531 0.992101
vn -0.975833 0.196629 -0.095328
vn -0.975833 0.196629 -0.095328
vn -0.975833 0.196629 -0.095328
vn -0.975833 0.196629 -0.095328
vn 0.109316 0.061530 -0.992101
vn 0.109316 0.061530 -0.992101
vn 0.109316 0.061530 -0.992101
vn 0.109316 0.061530 -0.992101
vn -0.189210 -0.978545 -0.081538
vn -0.189210 -0.978545 -0.081538
vn -0.189210 -0.978545 -0.081538
vn -0.189210 -0.978545 -0.081538
vn 0.161588 0.942989 0.290965
vn 0.161588 0.942989 0.290965
vn 0.161588 0.942989 0.290965
vn 0.161588 0.942989 0.290965
vn 0.701559 0.000000 0.712611
vn 0.701559 0.000000 0.712611
vn 0.701559 0.000000 0.712611
vn 0.701559 0.000000 0.712611
vn -0.712611 0.000000 0.701559
vn -0.712611 0.000000 0.701559
vn -0.712611 0.000000 0.701559
vn -0.712611 0.000000 0.701559
vn -0.701560 -0.000000 -0.712611
vn -0.701560 -0.000000 -0.712611
vn -0.701560 -0.000000 -0.712611
vn -0.701560 -0.000000 -0.712611
vn 0.712610 -0.000000 -0.701561
vn 0.712610 -0.000000 -0.701561
vn 0.712610 -0.000000 -0.701561
vn 0.712610 -0.000000 -0.701561
vn -0.000000 -1.000000 0.000000
vn -0.000000 -1.000000 0.000000
vn -0.000000 -1.000000 0.000000
vn -0.000000 -1.000000 0.000000
vn -0.000000 1.000000 -0.000000
vn -0.000000 1.000000 -0.000000
vn -0.000000 1.000000 -0.000000
vn -0.000000 1.000000 -0.000000
vn -0.638955 0.000000 0.769244
vn -0.638955 0.000000 0.769244
vn -0.638955 0.000000 0.769244
vn -0.638955 0.000000 0.769244
vn -0.769244 -0.000000 -0.638955
vn -0.769244 -0.000000 -0.638955
vn -0.769244 -0.000000 -0.638955
vn -0.769244 -0.000000 -0.638955
vn 0.638955 -0.000000 -0.769244
vn 0.638955 -0.000000 -0.769244
vn 0.638955 -0.000000 -0.769244
vn 0.638955 -0.000000 -0.769244
vn 0.769245 0.000000 0.638954
vn 0.769245 0.000000 0.638954
vn 0.769245 0.000000 0.638954
vn 0.769245 0.000000 0.638954
vn -0.000000 -1.000000 0.000000
vn -0.000000 -1.000000 0.000000
vn -0.000000 -1.000000 0.000000
vn -0.000000 -1.000000 0.000000
vn -0.000000 1.000000 -0.000000
vn -0.000000 1.000000 -0.000000
vn -0.000000 1.000000 -0.000000
vn -0.000000 1.000000 -0.000000
vn 0.701559 0.000000 0.712611
vn 0.701559 0.000000 0.712611
vn 0.701559 0.000000 0.712611
vn 0.701559 0.000000 0.712611
vn -0.712610 0.000000 0.701560
vn -0.712610 0.000000 0.701560
vn -0.712610 0.000000 0.701560
vn -0.712610 0.000000 0.701560
vn -0.701560 -0.000000 -0.712611
vn -0.701560 -0.000000 -0.712611
vn -0.701560 -0.000000 -0.712611
vn -0.701560 -0.000000 -0.712611
vn 0.712611 -0.000000 -0.701560
vn 0.712611 -0.000000 -0.701560
vn 0.712611 -0.000000 -0.701560
vn 0.712611 -0.000000 -0.701560
vn -0.000000 -1.000000 0.000000
vn -0.000000 -1.000000 0.000000
vn -0.000000 -1.000000 0.000000
vn -0.000000 -1.000000 0.000000
vn -0.000000 1.000000 -0.000000
vn -0.000000 1.000000 -0.000000
vn -0.000000 1.000000 -0.000000
vn -0.000000 1.000000 -0.000000
vn -0.638955 0.000000 0.769244
vn -0.638955 0.000000 0.769244
vn -0.638955 0.000000 0.769244
vn -0.638955 0.000000 0.769244
vn -0.769244 -0.000000 -0.638955
vn -0.769244 -0.000000 -0.638955
vn -0.769244 -0.000000 -0.638955
vn -0.769244 -0.000000 -0.638955
vn 0.638955 -0.000000 -0.769244
vn 0.638955 -0.000000 -0.769244
vn 0.638955 -0.000000 -0.769244
vn 0.638955 -0.000000 -0.769244
vn 0.769245 0.000000 0.638954
vn 0.769245 0.000000 0.638954
vn 0.769245 0.000000 0.638954
vn 0.769245 0.000000 0.638954
vn -0.000000 -1.000000 0.000000
vn -0.000000 -1.000000 0.000000
vn -0.000000 -1.000000 0.000000
vn -0.000000 -1.000000 0.000000
vn -0.000000 1.000000 -0.000000
vn -0.000000 1.000000 -0.000000
vn -0.000000 1.000000 -0.000000
vn -0.000000 1.000000 -0.000000
vn 0.701559 0.000000 0.712611
vn 0.701559 0.000000 0.712611
vn 0.701559 0.000000 0.712611
vn 0.701559 0.000000 0.712611
vn -0.712610 0.000000 0.701560
vn -0.712610 0.000000 0.701560
vn -0.712610 0.000000 0.701560
vn -0.712610 0.000000 0.701560
vn -0.701559 -0.000000 -0.712611
vn -0.701559 -0.000000 -0.712611
vn -0.701559 -0.000000 -0.712611
vn -0.701559 -0.000000 -0.712611
vn 0.712609 -0.000000 -0.701561
vn 0.712609 -0.000000 -0.701561
vn 0.712609 -0.000000 -0.701561
vn 0.712609 -0.000000 -0.701561
vn -0.000000 -1.000000 0.000000
vn -0.000000 -1.000000 0.000000
vn -0.000000 -1.000000 0.000000
vn -0.000000 -1.000000 0.000000
vn -0.000000 1.000000 -0.000000
vn -0.000000 1.000000 -0.000000
vn -0.000000 1.000000 -0.000000
vn -0.000000 1.000000 -0.000000
vn -0.638955 0.000000 0.769244
vn -0.638955 0.000000 0.769244
vn -0.638955 0.000000 0.769244
vn -0.638955 0.000000 0.769244
vn -0.769244 -0.000000 -0.638955
vn -0.769244 -0.000000 -0.638955
vn -0.769244 -0.000000 -0.638955
vn -0.769244 -0.000000 -0.638955
vn 0.638955 -0.000000 -0.769244
vn 0.638955 -0.000000 -0.769244
vn 0.638955 -0.000000 -0.769244
vn 0.638955 -0.000000 -0.769244
vn 0.769245 0.000000 0.638954
vn 0.769245 0.000000 0.638954
vn 0.769245 0.000000 0.638954
vn 0.769245 0.000000 0.638954
vn -0.000000 -1.000000 0.000000
vn -0.000000 -1.000000 0.000000
vn -0.000000 -1.000000 0.000000
vn -0.000000 -1.000000 0.000000
vn -0.000000 1.000000 -0.000000
vn -0.000000 1.000000 -0.000000
vn -0.000000 1.000000 -0.000000
vn -0.000000 1.000000 -0.000000
vn 0.701559 0.000000 0.712611
vn 0.701559 0.000000 0.712611
vn 0.701559 0.000000 0.712611
vn 0.701559 0.000000 0.712611
vn -0.712610 0.000000 0.701560
vn -0.712610 0.000000 0.701560
vn -0.712610 0.000000 0.701560
vn -0.712610 0.000000 0.701560
vn -0.701559 -0.000000 -0.712611
vn -0.701559 -0.000000 -0.712611
vn -0.701559 -0.000000 -0.712611
vn -0.701559 -0.000000 -0.712611
vn 0.712609 -0.000000 -0.701561
vn 0.712609 -0.000000 -0.701561
vn 0.712609 -0.000000 -0.701561
vn 0.712609 -0.000000 -0.701561
vn -0.000000 -1.000000 0.000000
vn -0.000000 -1.000000 0.000000
vn -0.000000 -1.000000 0.000000
vn -0.000000 -1.000000 0.000000
vn -0.000000 1.000000 -0.000000
vn -0.000000 1.000000 -0.000000
vn -0.000000 1.000000 -0.000000
vn -0.000000 1.000000 -0.000000
vn -0.638956 0.000000 0.769244
vn -0.638956 0.000000 0.769244
vn -0.638956 0.000000 0.769244
vn -0.638956 0.000000 0.769244
vn -0.769244 -0.000000 -0.638955
vn -0.769244 -0.000000 -0.638955
vn -0.769244 -0.000000 -0.638955
vn -0.769244 -0.000000 -0.638955
vn 0.638955 -0.000000 -0.769244
vn 0.638955 -0.000000 -0.769244
vn 0.638955 -0.000000 -0.769244
vn 0.638955 -0.000000 -0.769244
vn 0.769244 0.000000 0.638955
vn 0.769244 0.000000 0.638955
vn 0.769244 0.000000 0.638955
vn 0.769244 0.000000 0.638955
vn -0.000000 -1.000000 0.000000
vn -0.000000 -1.000000 0.000000
vn -0.000000 -1.000000 0.000000
vn -0.000000 -1.000000 0.000000
vn -0.000000 1.000000 -0.000000
vn -0.000000 1.000000 -0.000000
vn -0.000000 1.000000 -0.000000
vn -0.000000 1.000000 -0.000000
vn 0.997801 -0.064676 0.014530
vn 0.997801 -0.064676 0.014530
vn 0.997801 -0.064676 0.014530
vn 0.997801 -0.064676 0.014530
vn -0.014538 0.000943 0.999894
vn -0.014538 0.000943 0.999894
vn -0.014538 0.000943 0.999894
vn -0.014538 0.000943 0.999894
vn -0.997801 0.064676 -0.014530
vn -0.997801 0.064676 -0.014530
vn -0.997801 0.064676 -0.014530
vn -0.997801 0.064676 -0.014530
vn 0.014538 -0.000942 -0.999894
vn 0.014538 -0.000942 -0.999894
vn 0.014538 -0.000942 -0.999894
vn 0.014538 -0.000942 -0.999894
vn -0.023581 -0.999722 0.000000
vn -0.023581 -0.999722 0.000000
vn -0.023581 -0.999722 0.000000
vn -0.023581 -0.999722 0.000000
vn 0.023581 0.999722 -0.000000
vn 0.023581 0.999722 -0.000000
vn 0.023581 0.999722 -0.000000
vn 0.023581 0.999722 -0.000000
vn -0.011853 0.085515 0.996266
vn -0.011853 0.085515 0.996266
vn -0.011853 0.085515 0.996266
vn -0.011853 0.085515 0.996266
vn -0.999929 -0.001019 -0.011866
vn -0.999929 -0.001019 -0.011866
vn -0.999929 -0.001019 -0.011866
vn -0.999929 -0.001019 -0.011866
vn 0.011854 -0.085515 -0.996266
vn 0.011854 -0.085515 -0.996266
vn 0.011854 -0.085515 -0.996266
vn 0.011854 -0.085515 -0.996266
vn 0.999929 0.001019 0.011866
vn 0.999929 0.001019 0.011866
vn 0.999929 0.001019 0.011866
vn 0.999929 0.001019 0.011866
vn -0.000000 -0.999513 0.031220
vn -0.000000 -0.999513 0.031220
vn -0.000000 -0.999513 0.031220
vn -0.000000 -0.999513 0.031220
vn -0.000000 0.999513 -0.031220
vn -0.000000 0.999513 -0.031220
vn -0.000000 0.999513 -0.031220
vn -0.000000 0.999513 -0.031220
vn 0.006898 -0.014654 0.999869
vn 0.006898 -0.014654 0.999869
vn 0.006898 -0.014654 0.999869
vn 0.006898 -0.014654 0.999869
vn -0.999976 -0.000590 0.006896
vn -0.999976 -0.000590 0.006896
vn -0.999976 -0.000590 0.006896
vn -0.999976 -0.000590 0.006896
vn -0.006898 0.014654 -0.999869
vn -0.006898 0.014654 -0.999869
vn -0.006898 0.014654 -0.999869
vn -0.006898 0.014654 -0.999869
vn 0.999976 0.000590 -0.006896
vn 0.999976 0.000590 -0.006896
vn 0.999976 0.000590 -0.006896
vn 0.999976 0.000590 -0.006896
vn 0.000178 -0.999986 -0.005336
vn 0.000178 -0.999986 -0.005336
vn 0.000178 -0.999986 -0.005336
vn 0.000178 -0.999986 -0.005336
vn -0.000178 0.999986 0.005336
vn -0.000178 0.999986 0.005336
vn -0.000178 0.999986 0.005336
vn -0.000178 0.999986 0.005336
vn 0.992538 0.121074 0.014481
vn 0.992538 0.121074 0.014481
vn 0.992538 0.121074 0.014481
vn 0.992538 0.121074 0.014481
vn -0.014510 -0.001770 0.999893
vn -0.014510 -0.001770 0.999893
vn -0.014510 -0.001770 0.999893
vn -0.014510 -0.001770 0.999893
vn -0.992538 -0.121074 -0.014481
vn -0.992538 -0.121074 -0.014481
vn -0.992538 -0.121074 -0.014481
vn -0.992538 -0.121074 -0.014481
vn 0.014510 0.001769 -0.999893
vn 0.014510 0.001769 -0.999893
vn 0.014510 0.001769 -0.999893
vn 0.014510 0.001769 -0.999893
vn 0.044347 -0.999016 0.000000
vn 0.044347 -0.999016 0.000000
vn 0.044347 -0.999016 0.000000
vn 0.044347 -0.999016 0.000000
vn -0.044347 0.999016 -0.000000
vn -0.044347 0.999016 -0.000000
vn -0.044347 0.999016 -0.000000
vn -0.044347 0.999016 -0.000000
vn -0.000000 1.000000 -0.000000
vn -0.000000 1.000000 -0.000000
vn -0.000000 1.000000 -0.000000
vn -0.000000 1.000000 -0.000000
vn -0.000000 1.000000 -0.000000
vn -0.000000 1.000000 -0.000000
vn -0.000000 1.000000 -0.000000
vn -0.000000 1.000000 -0.000000
vn -0.000000 1.000000 -0.000000
vn -0.000000 1.000000 -0.000000
vn -0.000000 1.000000 -0.000000
vn -0.000000 1.000000 -0.000000
vn -0.000000 1.000000 -0.000000
vn -0.000000 1.000000 -0.000000
vn -0.000000 1.000000 -0.000000
vn -0.000000 1.000000 -0.000000
vn -0.000000 1.000000 -0.000000
vn -0.000000 1.000000 -0.000000
vn -0.000000 1.000000 -0.000000
vn -0.000000 1.000000 -0.000000
vn -0.000000 1.000000 -0.000000
vn -0.000000 1.000000 -0.000000
vn -0.000000 1.000000 -0.000000
vn -0.000000 1.000000 -0.000000
vn -0.000000 1.000000 -0.000000
vn -0.000000 1.000000 -0.000000
vn -0.000000 1.000000 -0.000000
vn -0.000000 1.000000 -0.000000
vn -0.000000 1.000000 -0.000000
vn -0.000000 1.000000 -0.000000
vn -0.000000 1.000000 -0.000000
vn -0.000000 1.000000 -0.000000
vn -0.000000 1.000000 -0.000000
vn -0.000000 1.000000 -0.000000
vn 0.844233 0.000000 0.535976
vn 0.844233 0.000000 0.535976
vn 0.844233 0.000000 0.535976
vn 0.844233 0.000000 0.535976
vn -0.999528 -0.000000 -0.030732
vn -0.999528 -0.000000 -0.030732
vn -0.999528 -0.000000 -0.030732
vn -0.999528 -0.000000 -0.030732
vn 0.429056 0.000000 0.903278
vn 0.429056 0.000000 0.903278
vn 0.429056 0.000000 0.903278
vn 0.429056 0.000000 0.903278
vn 0.384036 -0.000000 -0.923318
vn 0.384036 -0.000000 -0.923318
vn 0.384036 -0.000000 -0.923318
vn 0.384036 -0.000000 -0.923318
vn -0.005632 -0.000000 -0.999984
vn -0.005632 -0.000000 -0.999984
vn -0.005632 -0.000000 -0.999984
vn -0.005632 -0.000000 -0.999984
vn 0.994940 0.000000 0.100475
vn 0.994940 0.000000 0.100475
vn 0.994940 0.000000 0.100475
vn 0.994940 0.000000 0.100475
vn 0.429509 -0.000000 -0.903063
vn 0.429509 -0.000000 -0.903063
vn 0.429509 -0.000000 -0.903063
vn 0.429509 -0.000000 -0.903063
vn 0.999738 -0.000000 -0.022876
vn 0.999738 -0.000000 -0.022876
vn 0.999738 -0.000000 -0.022876
vn 0.999738 -0.000000 -0.022876
vn 0.828472 0.000000 0.560030
vn 0.828472 0.000000 0.560030
vn 0.828472 0.000000 0.560030
vn 0.828472 0.000000 0.560030
vn -0.384034 0.000000 0.923319
vn -0.384034 0.000000 0.923319
vn -0.384034 0.000000 0.923319
vn -0.384034 0.000000 0.923319
vn -0.786541 -0.000000 -0.617538
vn -0.786541 -0.000000 -0.617538
vn -0.786541 -0.000000 -0.617538
vn -0.786541 -0.000000 -0.617538
vn 0.384034 0.000000 0.923319
vn 0.384034 0.000000 0.923319
vn 0.384034 0.000000 0.923319
vn 0.384034 0.000000 0.923319
vn -0.384036 -0.000000 -0.923318
vn -0.384036 -0.000000 -0.923318
vn -0.384036 -0.000000 -0.923318
vn -0.384036 -0.000000 -0.923318
vn -0.998009 -0.000000 -0.063076
vn -0.998009 -0.000000 -0.063076
vn -0.998009 -0.000000 -0.063076
vn -0.998009 -0.000000 -0.063076
vn -0.006896 -0.000000 -0.999976
vn -0.006896 -0.000000 -0.999976
vn -0.006896 -0.000000 -0.999976
vn -0.006896 -0.000000 -0.999976
vn 0.831707 0.000000 0.555215
vn 0.831707 0.000000 0.555215
vn 0.831707 0.000000 0.555215
vn 0.831707 0.000000 0.555215
vn 0.883716 -0.000000 -0.468024
vn 0.883716 -0.000000 -0.468024
vn 0.883716 -0.000000 -0.468024
vn 0.883716 -0.000000 -0.468024
vn -0.782077 -0.000000 -0.623182
vn -0.782077 -0.000000 -0.623182
vn -0.782077 -0.000000 -0.623182
vn -0.782077 -0.000000 -0.623182
vn -0.776186 -0.000000 -0.630504
vn -0.776186 -0.000000 -0.630504
vn 0.923319 0.000000 0.384035
vn 0.923319 0.000000 0.384035
vn 0.923319 0.000000 0.384035
vn 0.923319 0.000000 0.384035
vn -0.923318 -0.000000 -0.384035
vn -0.923318 -0.000000 -0.384035
vn -0.923318 -0.000000 -0.384035
vn -0.923318 -0.000000 -0.384035
vn 0.706766 0.000000 0.707447
vn 0.706766 0.000000 0.707447
vn 0.706766 0.000000 0.707447
vn 0.706766 0.000000 0.707447
vn 0.002953 0.000000 0.999996
vn 0.002953 0.000000 0.999996
vn 0.002953 0.000000 0.999996
vn 0.002953 0.000000 0.999996
vn -0.490808 -0.000000 -0.871268
vn -0.490808 -0.000000 -0.871268
vn -0.490808 -0.000000 -0.871268
vn -0.490808 -0.000000 -0.871268
vn -0.905533 0.000000 0.424275
vn -0.905533 0.000000 0.424275
vn -0.905533 0.000000 0.424275
vn -0.905533 0.000000 0.424275
vn 0.923318 -0.000000 -0.384035
vn 0.923318 -0.000000 -0.384035
vn 0.923318 -0.000000 -0.384035
vn 0.923318 -0.000000 -0.384035
vn -0.478837 0.000000 0.877904
vn -0.478837 0.000000 0.877904
vn -0.478837 0.000000 0.877904
vn -0.478837 0.000000 0.877904
vn 0.979665 0.000000 0.200638
vn 0.979665 0.000000 0.200638
vn 0.979665 0.000000 0.200638
vn 0.979665 0.000000 0.200638
vn 0.420118 -0.000000 -0.907469
vn 0.420118 -0.000000 -0.907469
vn 0.420118 -0.000000 -0.907469
vn 0.420118 -0.000000 -0.907469
vn -0.923318 0.000000 0.384035
vn -0.923318 0.000000 0.384035
vn -0.923318 0.000000 0.384035
vn -0.923318 0.000000 0.384035
f 1/1/1 2/2/2 3/3/3
f 4/4/4 5/5/5 6/6/6
f 7/7/7 8/8/8 9/9/9
f 10/10/10 11/11/11 12/12/12
f 13/13/13 14/14/14 15/15/15
f 16/16/16 17/17/17 18/18/18
f 19/19/19 20/20/20 21/21/21
f 22/22/22 23/23/23 24/24/24
f 25/25/25 26/26/26 27/27/27
f 28/28/28 29/29/29 30/30/30
f 31/31/31 32/32/32 33/33/33
f 34/34/34 35/35/35 36/36/36
f 37/37/37 38/38/38 39/39/39
f 37/37/37 39/39/39 40/40/40
f 41/41/41 42/42/42 43/43/43
f 41/41/41 43/43/43 44/44/44
f 45/45/45 46/46/46 47/47/47
f 45/45/45 47/47/47 48/48/48
f 49/49/49 50/50/50 51/51/51
f 49/49/49 51/51/51 52/52/52
f 53/53/53 54/54/54 55/55/55
f 53/53/53 55/55/55 56/56/56
f 57/57/57 58/58/58 59/59/59
f 57/57/57 59/59/59 60/60/60
f 61/61/61 62/62/62 63/63/63
f 61/61/61 63/63/63 64/64/64
f 65/65/65 66/66/66 67/67/67
f 65/65/65 67/67/67 68/68/68
f 69/69/69 70/70/70 71/71/71
f 69/69/69 71/71/71 72/72/72
f 73/73/73 74/74/74 75/75/75
f 73/73/73 75/75/75 76/76/76
f 77/77/77 78/78/78 79/79/79
f 77/77/77 79/79/79 80/80/80
f 81/81/81 82/82/82 83/83/83
f 81/81/81 83/83/83 84/84/84
f 85/85/85 86/86/86 87/87/87
f 85/85/85 87/87/87 88/88/88
f 89/89/89 90/90/90 91/91/91
f 89/89/89 91/91/91 92/92/92
f 93/93/93 94/94/94 95/95/95
f 93/93/93 95/95/95 96/96/96
f 97/97/97 98/98/98 99/99/99
f 97/97/97 99/99/99 100/100/100
f 101/101/101 102/102/102 103/103/103
f 101/101/101 103/103/103 104/104/104
f 105/105/105 106/106/106 107/107/107
f 105/105/105 107/107/107 108/108/108
f 109/109/109 110/110/110 111/111/111
f 109/109/109 111/111/111 112/112/112
f 113/113/113 114/114/114 115/115/115
f 113/113/113 115/115/115 116/116/116
f 117/117/117 118/118/118 119/119/119
f 117/117/117 119/119/119 120/120/120
f 121/121/121 122/122/122 123/123/123
f 121/121/121 123/123/123 124/124/124
f 125/125/125 126/126/126 127/127/127
f 125/125/125 127/127/127 128/128/128
f 129/129/129 130/130/130 131/131/131
f 129/129/129 131/131/131 132/132/132
f 133/133/133 134/134/134 135/135/135
f 133/133/133 135/135/135 136/136/136
f 137/137/137 138/138/138 139/139/139
f 137/137/137 139/139/139 140/140/140
f 141/141/141 142/142/142 143/143/143
f 141/141/141 143/143/143 144/144/144
f 145/145/145 146/146/146 147/147/147
f 145/145/145 147/147/147 148/148/148
f 149/149/149 150/150/150 151/151/151
f 149/149/149 151/151/151 152/152/152
f 153/153/153 154/154/154 155/155/155
f 153/153/153 155/155/155 156/156/156
f 157/157/157 158/158/158 159/159/159
f 157/157/157 159/159/159 160/160/160
f 161/161/161 162/162/162 163/163/163
f 162/162/162 164/164/164 163/163/163
f 162/162/162 165/165/165 164/164/164
f 166/166/166 167/167/167 168/168/168
f 166/166/166 168/168/168 169/169/169
f 170/170/170 171/171/171 172/172/172
f 170/170/170 173/173/173 171/171/171
f 173/173/173 174/174/174 171/171/171
f 173/173/173 175/175/175 174/174/174
f 175/175/175 176/176/176 174/174/174
f 175/175/175 177/177/177 176/176/176
f 178/178/178 179/179/179 180/180/180
f 178/178/178 181/181/181 179/179/179
f 181/181/181 182/182/182 179/179/179
f 181/181/181 183/183/183 182/182/182
f 183/183/183 184/184/184 182/182/182
f 183/183/183 185/185/185 184/184/184
f 186/186/186 187/187/187 188/188/188
f 186/186/186 188/188/188 189/189/189
f 190/190/190 191/191/191 192/192/192
f 190/190/190 192/192/192 193/193/193
f 194/194/194 195/195/195 196/196/196
f 194/194/194 197/197/197 195/195/195
f 194/194/194 198/198/198 197/197/197
f 199/199/199 200/200/200 201/201/201
f 199/199/199 201/201/201 202/202/202
f 203/203/203 204/204/204 205/205/205
f 203/203/203 205/205/205 206/206/206
f 207/207/207 208/208/208 209/209/209
f 207/207/207 209/209/209 210/210/210
f 211/211/211 212/212/212 213/213/213
f 211/211/211 213/213/213 214/214/214
f 215/215/215 216/216/216 217/217/217
f 215/215/215 217/217/217 218/218/218
f 219/219/219 220/220/220 221/221/221
f 219/219/219 221/221/221 222/222/222
f 223/223/223 224/224/224 225/225/225
f 223/223/223 225/225/225 226/226/226
f 227/227/227 228/228/228 229/229/229
f 227/227/227 229/229/229 230/230/230
f 231/231/231 232/232/232 233/233/233
f 231/231/231 233/233/233 234/234/234
f 234/234/234 235/235/235 231/231/231
f 235/235/235 236/236/236 231/231/231
f 235/235/235 237/237/237 236/236/236
f 238/238/238 239/239/239 240/240/240
f 238/238/238 240/240/240 241/241/241
f 242/242/242 238/238/238 241/241/241
f 242/242/242 241/241/241 243/243/243
f 244/244/244 245/245/245 246/246/246
f 244/244/244 247/247/247 245/245/245
f 247/247/247 248/248/248 245/245/245
f 247/247/247 249/249/249 248/248/248
f 250/250/250 251/251/251 252/252/252
f 250/250/250 252/252/252 253/253/253
f 254/254/254 255/255/255 256/256/256
f 254/254/254 256/256/256 257/257/257
f 258/258/258 259/259/259 260/260/260
f 258/258/258 261/261/261 259/259/259
f 258/258/258 262/262/262 261/261/261
f 263/263/263 264/264/264 265/265/265
f 263/263/263 265/265/265 266/266/266
f 267/267/267 268/268/268 269/269/269
f 267/267/267 269/269/269 270/270/270
f 271/271/271 272/272/272 273/273/273
f 271/271/271 273/273/273 274/274/274
f 275/275/275 276/276/276 277/277/277
f 275/275/275 277/277/277 278/278/278
f 279/279/279 280/280/280 281/281/281
f 279/279/279 281/281/281 282/282/282
f 283/283/283 284/284/284 285/285/285
f 283/283/283 285/285/285 286/286/286
f 287/287/287 288/288/288 289/289/289
f 287/287/287 289/289/289 290/290/290
f 291/291/291 292/292/292 293/293/293
f 291/291/291 293/293/293 294/294/294
f 295/295/295 296/296/296 297/297/297
f 295/295/295 297/297/297 298/298/298
f 299/299/299 300/300/300 301/301/301
f 299/299/299 301/301/301 302/302/302
f 303/303/303 304/304/304 305/305/305
f 303/303/303 305/305/305 306/306/306
f 307/307/307 308/308/308 309/309/309
f 307/307/307 309/309/309 310/310/310
f 311/311/311 312/312/312 313/313/313
f 311/311/311 313/313/313 314/314/314
f 315/315/315 316/316/316 317/317/317
f 315/315/315 317/317/317 318/318/318
f 319/319/319 320/320/320 321/321/321
f 319/319/319 321/321/321 322/322/322
f 323/323/323 324/324/324 325/325/325
f 323/323/323 325/325/325 326/326/326
f 327/327/327 328/328/328 329/329/329
f 327/327/327 329/329/329 330/330/330
f 331/331/331 332/332/332 333/333/333
f 331/331/331 333/333/333 334/334/334
f 335/335/335 336/336/336 337/337/337
f 335/335/335 337/337/337 338/338/338
f 339/339/339 340/340/340 341/341/341
f 339/339/339 341/341/341 342/342/342
f 343/343/343 344/344/344 345/345/345
f 343/343/343 345/345/345 346/346/346
f 347/347/347 348/348/348 349/349/349
f 347/347/347 349/349/349 350/350/350
f 351/351/351 352/352/352 353/353/353
f 351/351/351 353/353/353 354/354/354
f 355/355/355 356/356/356 357/357/357
f 355/355/355 357/357/357 358/358/358
f 359/359/359 360/360/360 361/361/361
f 359/359/359 361/361/361 362/362/362
f 363/363/363 364/364/364 365/365/365
f 363/363/363 365/365/365 366/366/366
f 367/367/367 368/368/368 369/369/369
f 367/367/367 369/369/369 370/370/370
f 371/371/371 372/372/372 373/373/373
f 371/371/371 373/373/373 374/374/374
f 375/375/375 376/376/376 377/377/377
f 375/375/375 377/377/377 378/378/378
f 379/379/379 380/380/380 381/381/381
f 379/379/379 381/381/381 382/382/382
f 383/383/383 384/384/384 385/385/385
f 383/383/383 385/385/385 386/386/386
f 387/387/387 388/388/388 389/389/389
f 387/387/387 389/389/389 390/390/390
f 391/391/391 392/392/392 393/393/393
f 391/391/391 393/393/393 394/394/394
f 395/395/395 396/396/396 397/397/397
f 395/395/395 397/397/397 398/398/398
f 399/399/399 400/400/400 401/401/401
f 399/399/399 401/401/401 402/402/402
f 403/403/403 404/404/404 405/405/405
f 403/403/403 405/405/405 406/406/406
f 407/407/407 408/408/408 409/409/409
f 407/407/407 409/409/409 410/410/410
f 411/411/411 412/412/412 413/413/413
f 411/411/411 413/413/413 414/414/414
f 415/415/415 416/416/416 417/417/417
f 415/415/415 417/417/417 418/418/418
f 419/419/419 420/420/420 421/421/421
f 419/419/419 421/421/421 422/422/422
f 423/423/423 424/424/424 425/425/425
f 423/423/423 425/425/425 426/426/426
f 427/427/427 428/428/428 429/429/429
f 427/427/427 429/429/429 430/430/430
f 431/431/431 432/432/432 433/433/433
f 431/431/431 433/433/433 434/434/434
f 435/435/435 436/436/436 437/437/437
f 435/435/435 437/437/437 438/438/438
f 439/439/439 440/440/440 441/441/441
f 439/439/439 441/441/441 442/442/442
f 443/443/443 444/444/444 445/445/445
f 443/443/443 445/445/445 446/446/446
f 447/447/447 448/448/448 449/449/449
f 447/447/447 449/449/449 450/450/450
f 451/451/451 452/452/452 453/453/453
f 451/451/451 453/453/453 454/454/454
f 455/455/455 456/456/456 457/457/457
f 455/455/455 457/457/457 458/458/458
f 459/459/459 460/460/460 461/461/461
f 459/459/459 461/461/461 462/462/462
f 463/463/463 464/464/464 465/465/465
f 463/463/463 465/465/465 466/466/466
f 467/467/467 468/468/468 469/469/469
f 467/467/467 469/469/469 470/470/470
f 471/471/471 472/472/472 473/473/473
f 471/471/471 473/473/473 474/474/474
f 475/475/475 476/476/476 477/477/477
f 475/475/475 477/477/477 478/478/478
f 479/479/479 480/480/480 481/481/481
f 479/479/479 481/481/481 482/482/482
f 483/483/483 484/484/484 485/485/485
f 483/483/483 485/485/485 486/486/486
f 487/487/487 488/488/488 489/489/489
f 487/487/487 489/489/489 490/490/490
f 491/491/491 492/492/492 493/493/493
f 491/491/491 493/493/493 494/494/494
f 495/495/495 496/496/496 497/497/497
f 495/495/495 497/497/497 498/498/498
f 499/499/499 500/500/500 501/501/501
f 499/499/499 501/501/501 502/502/502
f 503/503/503 504/504/504 505/505/505
f 503/503/503 505/505/505 506/506/506
f 507/507/507 508/508/508 509/509/509
f 507/507/507 509/509/509 510/510/510
f 511/511/511 512/512/512 513/513/513
f 511/511/511 513/513/513 514/514/514
f 515/515/515 516/516/516 517/517/517
f 515/515/515 517/517/517 518/518/518
f 519/519/519 520/520/520 521/521/521
f 519/519/519 521/521/521 522/522/522
f 523/523/523 524/524/524 525/525/525
f 523/523/523 525/525/525 526/526/526
f 527/527/527 528/528/528 529/529/529
f 527/527/527 529/529/529 530/530/530
f 531/531/531 532/532/532 533/533/533
f 531/531/531 533/533/533 534/534/534
f 535/535/535 536/536/536 537/537/537
f 535/535/535 537/537/537 538/538/538
f 539/539/539 540/540/540 541/541/541
f 539/539/539 541/541/541 542/542/542
f 543/543/543 544/544/544 545/545/545
f 543/543/543 545/545/545 546/546/546
f 547/547/547 548/548/548 549/549/549
f 547/547/547 549/549/549 550/550/550
f 551/551/551 552/552/552 553/553/553
f 551/551/551 553/553/553 554/554/554
f 555/555/555 556/556/556 557/557/557
f 555/555/555 557/557/557 558/558/558
f 559/559/559 560/560/560 561/561/561
f 559/559/559 561/561/561 562/562/562
f 563/563/563 564/564/564 565/565/565
f 563/563/563 565/565/565 566/566/566
f 567/567/567 568/568/568 569/569/569
f 567/567/567 569/569/569 570/570/570
f 571/571/571 572/572/572 573/573/573
f 571/571/571 573/573/573 574/574/574
f 575/575/575 576/576/576 577/577/577
f 575/575/575 577/577/577 578/578/578
f 579/579/579 580/580/580 581/581/581
f 579/579/579 581/581/581 582/582/582
f 583/583/583 584/584/584 585/585/585
f 583/583/583 585/585/585 586/586/586
f 587/587/587 588/588/588 589/589/589
f 587/587/587 589/589/589 590/590/590
f 591/591/591 592/592/592 593/593/593
f 591/591/591 593/593/593 594/594/594
f 595/595/595 596/596/596 597/597/597
f 595/595/595 597/597/597 598/598/598
f 599/599/599 600/600/600 601/601/601
f 599/599/599 601/601/601 602/602/602
f 603/603/603 604/604/604 605/605/605
f 603/603/603 605/605/605 606/606/606
f 607/607/607 608/608/608 609/609/609
f 607/607/607 609/609/609 610/610/610
f 611/611/611 612/612/612 613/613/613
f 611/611/611 613/613/613 614/614/614
f 615/615/615 616/616/616 617/617/617
f 615/615/615 617/617/617 618/618/618
f 619/619/619 620/620/620 621/621/621
f 619/619/619 621/621/621 622/622/622
f 623/623/623 624/624/624 625/625/625
f 623/623/623 625/625/625 626/626/626
f 627/627/627 628/628/628 629/629/629
f 627/627/627 629/629/629 630/630/630
f 631/631/631 632/632/632 633/633/633
f 631/631/631 633/633/633 634/634/634
f 635/635/635 636/636/636 637/637/637
f 635/635/635 637/637/637 638/638/638
f 639/639/639 640/640/640 641/641/641
f 639/639/639 641/641/641 642/642/642
f 643/643/643 644/644/644 645/645/645
f 643/643/643 645/645/645 646/646/646
f 647/647/647 648/648/648 649/649/649
f 647/647/647 649/649/649 650/650/650
f 651/651/651 652/652/652 653/653/653
f 651/651/651 653/653/653 654/654/654
f 655/655/655 656/656/656 657/657/657
f 655/655/655 657/657/657 658/658/658
f 659/659/659 660/660/660 661/661/661
f 659/659/659 661/661/661 662/662/662
f 663/663/663 664/664/664 665/665/665
f 663/663/663 665/665/665 666/666/666
f 667/667/667 668/668/668 669/669/669
f 667/667/667 669/669/669 670/670/670
f 671/671/671 672/672/672 673/673/673
f 671/671/671 673/673/673 674/674/674
f 675/675/675 676/676/676 677/677/677
f 676/676/676 678/678/678 677/677/677
f 676/676/676 679/679/679 678/678/678
f 679/679/679 680/680/680 678/678/678
f 680/680/680 681/681/681 678/678/678
f 681/681/681 682/682/682 678/678/678
f 682/682/682 681/681/681 683/683/683
f 681/681/681 684/684/684 683/683/683
f 684/684/684 685/685/685 683/683/683
f 684/684/684 686/686/686 685/685/685
f 686/686/686 687/687/687 685/685/685
f 686/686/686 688/688/688 687/687/687
f 688/688/688 689/689/689 687/687/687
f 688/688/688 690/690/690 689/689/689
f 690/690/690 691/691/691 689/689/689
f 690/690/690 692/692/692 691/691/691
f 692/692/692 693/693/693 691/691/691
f 692/692/692 694/694/694 693/693/693
f 694/694/694 695/695/695 693/693/693
f 694/694/694 696/696/696 695/695/695
f 697/697/697 698/698/698 699/699/699
f 700/700/700 697/697/697 699/699/699
f 700/700/700 699/699/699 701/701/701
f 702/702/702 700/700/700 701/701/701
f 702/702/702 701/701/701 703/703/703
f 704/704/704 702/702/702 703/703/703
f 705/705/705 706/706/706 707/707/707
f 705/705/705 707/707/707 708/708/708
f 709/709/709 710/710/710 711/711/711
f 709/709/709 711/711/711 712/712/712
f 713/713/713 714/714/714 715/715/715
f 713/713/713 715/715/715 716/716/716
f 717/717/717 718/718/718 719/719/719
f 717/717/717 719/719/719 720/720/720
f 721/721/721 722/722/722 723/723/723
f 721/721/721 723/723/723 724/724/724
f 725/725/725 726/726/726 727/727/727
f 725/725/725 727/727/727 728/728/728
f 729/729/729 730/730/730 731/731/731
f 729/729/729 731/731/731 732/732/732
f 733/733/733 734/734/734 735/735/735
f 733/733/733 735/735/735 736/736/736
f 737/737/737 738/738/738 739/739/739
f 737/737/737 739/739/739 740/740/740
f 741/741/741 742/742/742 743/743/743
f 741/741/741 743/743/743 744/744/744
f 745/745/745 746/746/746 747/747/747
f 745/745/745 747/747/747 748/748/748
f 749/749/749 750/750/750 751/751/751
f 749/749/749 751/751/751 752/752/752
f 753/753/753 754/754/754 755/755/755
f 753/753/753 755/755/755 756/756/756
f 757/757/757 758/758/758 759/759/759
f 757/757/757 759/759/759 760/760/760
f 761/761/761 762/762/762 763/763/763
f 761/761/761 763/763/763 764/764/764
f 765/765/765 766/766/766 767/767/767
f 765/765/765 767/767/767 768/768/768
f 769/769/769 770/770/770 771/771/771
f 769/769/769 771/771/771 772/772/772
f 773/773/773 774/774/774 775/775/775
f 773/773/773 776/776/776 774/774/774
f 777/777/777 776/776/776 773/773/773
f 777/777/777 778/778/778 776/776/776
f 779/779/779 780/780/780 781/781/781
f 779/779/779 781/781/781 782/782/782
f 783/783/783 784/784/784 785/785/785
f 783/783/783 785/785/785 786/786/786
f 787/787/787 788/788/788 789/789/789
f 787/787/787 789/789/789 790/790/790
f 791/791/791 792/792/792 793/793/793
f 791/791/791 793/793/793 794/794/794
f 795/795/795 796/796/796 797/797/797
f 795/795/795 797/797/797 798/798/798
f 799/799/799 800/800/800 801/801/801
f 799/799/799 801/801/801 802/802/802
f 803/803/803 804/804/804 805/805/805
f 803/803/803 805/805/805 806/806/806
f 807/807/807 808/808/808 809/809/809
f 807/807/807 809/809/809 810/810/810
f 811/811/811 812/812/812 813/813/813
f 811/811/811 813/813/813 814/814/814
f 815/815/815 816/816/816 817/817/817
f 815/815/815 817/817/817 818/818/818
f 819/819/819 820/820/820 821/821/821
f 819/819/819 821/821/821 822/822/822
