# Unturned item rip -> Godot (X+Z negated, winding reversed, RH Y-up)
v 0.016297 0.218854 0.163816
v 0.016297 0.171764 -0.269082
v 0.016297 0.218854 -0.269082
v -0.016297 0.218854 0.163816
v -0.016297 0.218854 -0.269082
v -0.016297 0.171764 -0.269082
v 0.016297 0.218854 0.163816
v 0.016297 0.171764 0.163816
v 0.016297 0.171764 -0.269082
v -0.016297 0.218854 0.163816
v -0.016297 0.171764 -0.269082
v -0.016297 0.171764 0.163816
v -0.170275 0.215908 -0.371142
v -0.255420 0.267127 -0.371368
v -0.172096 0.270776 -0.371581
v -0.253599 0.212258 -0.370929
v -0.394752 0.218854 -0.128145
v -0.068087 0.218854 0.198727
v -0.394752 0.218854 0.198727
v -0.016297 0.218854 0.163816
v -0.016297 0.218854 -0.269082
v -0.305157 0.218854 -0.335434
v -0.128052 0.218854 -0.411448
v -0.305157 0.218854 -0.525079
v -0.141245 0.218854 -0.498961
v -0.141245 0.218854 -0.525079
v -0.068087 0.171764 0.198727
v -0.352795 0.171764 -0.128145
v -0.352795 0.171764 0.198727
v -0.016297 0.171764 0.163816
v -0.016297 0.171764 -0.269082
v -0.305157 0.171764 -0.335434
v -0.394752 0.171764 -0.128145
v -0.128052 0.171764 -0.411448
v -0.305157 0.171764 -0.481230
v -0.141245 0.171764 -0.481230
v 0.170455 0.236659 -0.022117
v 0.170455 0.315186 0.027057
v 0.170455 0.316319 -0.020207
v 0.170455 0.235526 0.025147
v -0.090061 0.297245 -0.077550
v -0.093130 0.234537 -0.015865
v -0.089727 0.304072 -0.015865
v -0.093130 0.234537 -0.086906
v 0.254207 0.209233 -0.255711
v 0.142679 0.277787 -0.255711
v 0.258247 0.271540 -0.255711
v 0.138639 0.215480 -0.255711
v 0.084433 0.256708 0.145873
v 0.077479 0.214651 -0.113606
v 0.084433 0.256708 -0.106653
v 0.077479 0.214651 0.152826
v 0.355162 0.295867 -0.077550
v 0.223235 0.238294 -0.086906
v 0.353147 0.233106 -0.086906
v 0.225249 0.301055 -0.077550
v -0.170454 0.235526 0.025147
v -0.138803 0.315186 0.027057
v -0.138803 0.235526 0.025147
v -0.170454 0.315186 0.027057
v 0.138804 0.235526 0.025147
v 0.170455 0.315186 0.027057
v 0.170455 0.235526 0.025147
v 0.138804 0.315186 0.027057
v 0.057346 0.229177 -0.214516
v 0.057346 0.199821 -0.168684
v 0.057346 0.229177 -0.168684
v 0.057346 0.199821 -0.214516
v 0.141245 -0.218854 -0.474945
v 0.141245 -0.174215 -0.481230
v 0.141245 -0.174215 -0.474945
v 0.141245 -0.218854 -0.525079
v 0.141245 0.000000 -0.538650
v 0.141245 0.171764 -0.481230
v 0.141245 0.218854 -0.525079
v 0.141245 0.218854 -0.498961
v 0.128052 0.218854 -0.411448
v 0.128052 0.171764 -0.411448
v 0.016297 0.171764 -0.269082
v 0.016297 0.218854 -0.269082
v 0.120152 0.216679 -0.274236
v 0.123795 0.272869 -0.335922
v 0.124192 0.278986 -0.274236
v 0.120152 0.216679 -0.345277
v 0.222934 0.242440 -0.086906
v 0.090062 0.297245 -0.077550
v 0.093131 0.234537 -0.086906
v 0.219865 0.305147 -0.077550
v 0.216289 0.203300 -0.280488
v 0.184637 0.282960 -0.278579
v 0.184637 0.203300 -0.280488
v 0.216289 0.282960 -0.278579
v -0.068087 0.218854 0.198727
v -0.016297 0.171764 0.163816
v -0.068087 0.171764 0.198727
v -0.016297 0.218854 0.163816
v -0.274599 0.233929 -0.022117
v -0.306251 0.313589 -0.020207
v -0.306251 0.233929 -0.022117
v -0.274599 0.313589 -0.020207
v 0.089728 0.304072 -0.015865
v 0.111629 0.235663 0.002661
v 0.093131 0.234537 -0.015865
v 0.108226 0.305198 0.002661
v 0.394752 -0.174215 -0.128145
v 0.408323 -0.000000 -0.128145
v 0.353211 -0.174215 -0.128145
v 0.352795 0.171764 -0.128145
v 0.394752 0.171764 -0.128145
v -0.267561 0.257542 -0.387553
v -0.159090 0.257205 -0.316226
v -0.267224 0.252733 -0.315951
v -0.159427 0.262014 -0.387828
v 0.184637 0.282960 -0.278579
v 0.184637 0.202166 -0.233225
v 0.184637 0.203300 -0.280488
v 0.184637 0.281827 -0.231315
v 0.077479 0.214651 0.152826
v 0.361798 0.256708 0.145873
v 0.368751 0.214651 0.152826
v 0.084433 0.256708 0.145873
v -0.170716 0.276261 -0.205970
v -0.155046 0.213926 -0.224977
v -0.171335 0.213300 -0.208698
v -0.154428 0.276887 -0.222249
v 0.057346 0.229177 -0.214516
v -0.057346 0.229177 -0.168684
v -0.057346 0.229177 -0.214516
v 0.057346 0.229177 -0.168684
v -0.274599 0.232796 0.025147
v -0.274599 0.313589 -0.020207
v -0.274599 0.233929 -0.022117
v -0.274599 0.312456 0.027057
v -0.155792 0.265360 -0.442104
v -0.154031 0.216316 -0.387471
v -0.155851 0.271184 -0.387910
v -0.154169 0.215812 -0.449934
v 0.258247 0.271540 -0.255711
v 0.276337 0.264224 -0.335922
v 0.276734 0.270341 -0.274236
v 0.142679 0.277787 -0.255711
v 0.123795 0.272869 -0.335922
v 0.124192 0.278986 -0.274236
v 0.184637 0.202166 -0.233225
v 0.216289 0.281827 -0.231315
v 0.216289 0.202166 -0.233225
v 0.184637 0.281827 -0.231315
v -0.057346 0.199821 -0.214516
v 0.057346 0.199821 -0.168684
v 0.057346 0.199821 -0.214516
v -0.057346 0.199821 -0.168684
v 0.306251 0.233929 -0.022117
v 0.306251 0.312456 0.027057
v 0.306251 0.313589 -0.020207
v 0.306251 0.232796 0.025147
v 0.241748 0.237555 0.002661
v 0.336868 0.303438 0.002661
v 0.334634 0.233845 0.002661
v 0.243983 0.307148 0.002661
v 0.090062 0.297245 -0.077550
v 0.093131 0.234537 -0.015865
v 0.093131 0.234537 -0.086906
v 0.089728 0.304072 -0.015865
v -0.334633 0.233845 0.002661
v -0.355381 0.302699 -0.015865
v -0.336868 0.303438 0.002661
v -0.353147 0.233106 -0.015865
v -0.305156 -0.218854 -0.525079
v -0.141245 -0.218854 -0.474945
v -0.141245 -0.218854 -0.525079
v -0.305156 -0.218854 -0.335434
v -0.000000 -0.218854 -0.441073
v -0.394752 -0.218854 -0.128145
v 0.394752 -0.218854 -0.128145
v -0.394752 -0.218854 0.198727
v 0.394752 -0.218854 0.198727
v 0.305156 -0.218854 -0.335434
v 0.141245 -0.218854 -0.474945
v 0.305156 -0.218854 -0.525079
v 0.141245 -0.218854 -0.525079
v -0.243982 0.307148 0.002661
v -0.225249 0.301055 -0.077550
v -0.225468 0.307887 -0.015865
v -0.336868 0.303438 0.002661
v -0.355162 0.295867 -0.077550
v -0.355381 0.302699 -0.015865
v 0.138804 0.316319 -0.020207
v 0.170455 0.315186 0.027057
v 0.138804 0.315186 0.027057
v 0.170455 0.316319 -0.020207
v -0.306251 0.233929 -0.022117
v -0.306251 0.312456 0.027057
v -0.306251 0.232796 0.025147
v -0.306251 0.313589 -0.020207
v -0.361797 0.256708 0.145873
v -0.084432 0.256708 -0.106653
v -0.084432 0.256708 0.145873
v -0.361797 0.256708 -0.106653
v 0.068087 0.218854 0.198727
v 0.352795 0.171764 0.198727
v 0.068087 0.171764 0.198727
v 0.394752 0.218854 0.198727
v 0.408323 -0.000000 0.198727
v 0.353211 -0.174216 0.198727
v 0.394752 -0.218854 0.198727
v -0.353211 -0.174216 0.198727
v -0.394752 -0.218854 0.198727
v -0.408323 -0.000000 0.198727
v -0.352795 0.171764 0.198727
v -0.394752 0.218854 0.198727
v -0.068087 0.218854 0.198727
v -0.068087 0.171764 0.198727
v -0.108225 0.305198 0.002661
v -0.090061 0.297245 -0.077550
v -0.089727 0.304072 -0.015865
v -0.219864 0.305147 -0.077550
v -0.201032 0.310848 0.002661
v -0.219530 0.311974 -0.015865
v -0.141245 -0.174215 -0.474945
v -0.305156 -0.174215 -0.481230
v -0.141245 -0.174215 -0.481230
v -0.305156 -0.174215 -0.335434
v -0.000000 -0.174215 -0.441073
v -0.353211 -0.174215 -0.128145
v -0.394752 -0.174215 -0.128145
v 0.353211 -0.174215 -0.128145
v -0.353211 -0.174216 0.198727
v 0.353211 -0.174216 0.198727
v 0.305156 -0.174215 -0.335434
v 0.394752 -0.174215 -0.128145
v 0.141245 -0.174215 -0.474945
v 0.305156 -0.174215 -0.481230
v 0.141245 -0.174215 -0.481230
v 0.057346 0.229177 0.054978
v 0.057346 0.199821 0.100810
v 0.057346 0.229177 0.100810
v 0.057346 0.199821 0.054978
v -0.090061 0.297245 -0.077550
v -0.222933 0.242440 -0.086906
v -0.093130 0.234537 -0.086906
v -0.219864 0.305147 -0.077550
v -0.361797 0.256708 -0.106653
v -0.368751 0.214651 0.152826
v -0.368751 0.214651 -0.113606
v -0.361797 0.256708 0.145873
v -0.267150 0.210337 -0.145268
v -0.266633 0.268228 -0.222680
v -0.266694 0.266460 -0.151474
v -0.267150 0.216252 -0.264154
v 0.068087 0.218854 0.198727
v 0.394752 0.218854 -0.128145
v 0.394752 0.218854 0.198727
v 0.016297 0.218854 0.163816
v 0.016297 0.218854 -0.269082
v 0.305157 0.218854 -0.335434
v 0.128052 0.218854 -0.411448
v 0.305157 0.218854 -0.525079
v 0.141245 0.218854 -0.498961
v 0.141245 0.218854 -0.525079
v -0.138803 0.236659 -0.022117
v -0.138803 0.315186 0.027057
v -0.138803 0.316319 -0.020207
v -0.138803 0.235526 0.025147
v 0.184637 0.282960 -0.278579
v 0.216289 0.281827 -0.231315
v 0.184637 0.281827 -0.231315
v 0.216289 0.282960 -0.278579
v 0.222934 0.242440 -0.015865
v 0.219865 0.305147 -0.077550
v 0.222934 0.242440 -0.086906
v 0.219531 0.311974 -0.015865
v -0.171335 0.213300 -0.208698
v -0.254120 0.276314 -0.205968
v -0.170716 0.276261 -0.205970
v -0.254739 0.213353 -0.208696
v 0.127530 0.262316 -0.168100
v 0.268293 0.208319 -0.158744
v 0.124552 0.216393 -0.158744
v 0.271271 0.254242 -0.168100
v 0.276337 0.264224 -0.335922
v 0.272694 0.208034 -0.274236
v 0.276734 0.270341 -0.274236
v 0.272694 0.208034 -0.345277
v -0.201032 0.310848 0.002661
v -0.222933 0.242440 -0.015865
v -0.219530 0.311974 -0.015865
v -0.204435 0.241313 0.002661
v -0.057346 0.229177 0.054978
v 0.057346 0.199821 0.054978
v 0.057346 0.229177 0.054978
v -0.057346 0.199821 0.054978
v 0.127927 0.268433 -0.274236
v 0.271271 0.254242 -0.168100
v 0.127530 0.262316 -0.168100
v 0.271668 0.260359 -0.274236
v -0.254120 0.276314 -0.205968
v -0.271027 0.214346 -0.224956
v -0.270408 0.277307 -0.222228
v -0.254739 0.213353 -0.208696
v -0.170716 0.276261 -0.205970
v -0.154489 0.274199 -0.276689
v -0.154428 0.276887 -0.222249
v -0.254120 0.276314 -0.205968
v -0.270469 0.274619 -0.276668
v -0.270408 0.277307 -0.222228
v -0.158924 0.210005 -0.145285
v -0.158407 0.267895 -0.222696
v -0.158924 0.215920 -0.264170
v -0.158468 0.266128 -0.151490
v 0.368751 0.214651 0.152826
v 0.361798 0.256708 -0.106653
v 0.368751 0.214651 -0.113606
v 0.361798 0.256708 0.145873
v 0.016297 0.171764 0.163816
v 0.068087 0.218854 0.198727
v 0.068087 0.171764 0.198727
v 0.016297 0.218854 0.163816
v 0.216289 0.282960 -0.278579
v 0.216289 0.202166 -0.233225
v 0.216289 0.281827 -0.231315
v 0.216289 0.203300 -0.280488
v 0.305157 0.171764 -0.335434
v 0.352795 0.171764 -0.128145
v 0.394752 0.171764 -0.128145
v 0.016297 0.171764 -0.269082
v 0.128052 0.171764 -0.411448
v 0.305157 0.171764 -0.481230
v 0.141245 0.171764 -0.481230
v 0.016297 0.171764 0.163816
v 0.068087 0.171764 0.198727
v 0.352795 0.171764 0.198727
v 0.274600 0.313589 -0.020207
v 0.306251 0.312456 0.027057
v 0.274600 0.312456 0.027057
v 0.306251 0.313589 -0.020207
v -0.172096 0.270776 -0.371581
v -0.155792 0.265360 -0.442104
v -0.155851 0.271184 -0.387910
v -0.255420 0.267127 -0.371368
v -0.271677 0.260631 -0.441810
v -0.271736 0.266455 -0.387616
v -0.108225 0.305198 0.002661
v -0.204435 0.241313 0.002661
v -0.201032 0.310848 0.002661
v -0.111629 0.235663 0.002661
v -0.170454 0.236659 -0.022117
v -0.170454 0.315186 0.027057
v -0.170454 0.235526 0.025147
v -0.170454 0.316319 -0.020207
v -0.057346 0.229177 -0.214516
v 0.057346 0.199821 -0.214516
v 0.057346 0.229177 -0.214516
v -0.057346 0.199821 -0.214516
v 0.222934 0.242440 -0.015865
v 0.201033 0.310848 0.002661
v 0.219531 0.311974 -0.015865
v 0.204436 0.241313 0.002661
v -0.348740 0.233282 0.131613
v -0.350606 0.291407 -0.015865
v -0.350387 0.284574 0.122258
v -0.348740 0.233282 -0.060497
v 0.123795 0.272869 -0.335922
v 0.272694 0.208034 -0.345277
v 0.276337 0.264224 -0.335922
v 0.120152 0.216679 -0.345277
v 0.084433 0.256708 -0.106653
v 0.361798 0.256708 0.145873
v 0.084433 0.256708 0.145873
v 0.361798 0.256708 -0.106653
v 0.057346 0.229177 0.054978
v -0.057346 0.229177 0.100810
v -0.057346 0.229177 0.054978
v 0.057346 0.229177 0.100810
v -0.306251 0.313589 -0.020207
v -0.274599 0.312456 0.027057
v -0.306251 0.312456 0.027057
v -0.274599 0.313589 -0.020207
v 0.229288 0.289411 0.122258
v 0.350607 0.291407 -0.015865
v 0.350387 0.284574 0.122258
v 0.229508 0.296243 -0.015865
v 0.223235 0.238294 -0.015865
v 0.243983 0.307148 0.002661
v 0.241748 0.237555 0.002661
v 0.225469 0.307887 -0.015865
v -0.227641 0.238118 0.131613
v -0.350387 0.284574 0.122258
v -0.229288 0.289411 0.122258
v -0.348740 0.233282 0.131613
v 0.274600 0.232796 0.025147
v 0.306251 0.312456 0.027057
v 0.306251 0.232796 0.025147
v 0.274600 0.312456 0.027057
v 0.124552 0.216393 -0.158744
v 0.127927 0.268433 -0.274236
v 0.127530 0.262316 -0.168100
v 0.124552 0.216393 -0.318868
v -0.057346 0.199821 0.054978
v 0.057346 0.199821 0.100810
v 0.057346 0.199821 0.054978
v -0.057346 0.199821 0.100810
v 0.170455 0.236659 -0.022117
v 0.138804 0.316319 -0.020207
v 0.138804 0.236659 -0.022117
v 0.170455 0.316319 -0.020207
v -0.141245 -0.174215 -0.481230
v -0.305157 0.171764 -0.481230
v -0.141245 0.171764 -0.481230
v -0.305156 -0.174215 -0.481230
v 0.057346 0.199821 0.100810
v -0.057346 0.229177 0.100810
v 0.057346 0.229177 0.100810
v -0.057346 0.199821 0.100810
v -0.218530 0.242172 0.131613
v -0.095025 0.286055 0.122258
v -0.097534 0.234805 0.131613
v -0.216022 0.293421 0.122258
v 0.229508 0.296243 -0.015865
v 0.227641 0.238118 0.131613
v 0.227641 0.238118 -0.060497
v 0.229288 0.289411 0.122258
v 0.138639 0.215480 -0.255711
v 0.124192 0.278986 -0.274236
v 0.142679 0.277787 -0.255711
v 0.120152 0.216679 -0.274236
v 0.305156 -0.174215 -0.481230
v 0.141245 0.171764 -0.481230
v 0.305157 0.171764 -0.481230
v 0.141245 -0.174215 -0.481230
v 0.057346 0.199821 -0.168684
v -0.057346 0.229177 -0.168684
v 0.057346 0.229177 -0.168684
v -0.057346 0.199821 -0.168684
v -0.111629 0.235663 0.002661
v -0.089727 0.304072 -0.015865
v -0.093130 0.234537 -0.015865
v -0.108225 0.305198 0.002661
v 0.355382 0.302699 -0.015865
v 0.336868 0.303438 0.002661
v 0.355162 0.295867 -0.077550
v 0.225249 0.301055 -0.077550
v 0.243983 0.307148 0.002661
v 0.225469 0.307887 -0.015865
v 0.219531 0.311974 -0.015865
v 0.201033 0.310848 0.002661
v 0.219865 0.305147 -0.077550
v 0.108226 0.305198 0.002661
v 0.090062 0.297245 -0.077550
v 0.089728 0.304072 -0.015865
v -0.267224 0.252733 -0.315951
v -0.157730 0.216831 -0.307676
v -0.265864 0.212359 -0.307401
v -0.159090 0.257205 -0.316226
v -0.306251 0.232796 0.025147
v -0.274599 0.312456 0.027057
v -0.274599 0.232796 0.025147
v -0.306251 0.312456 0.027057
v -0.305157 0.218854 -0.525079
v -0.141245 0.000000 -0.538650
v -0.141245 0.218854 -0.525079
v -0.305157 -0.000000 -0.538650
v -0.141245 -0.218854 -0.525079
v -0.305156 -0.218854 -0.525079
v 0.268293 0.208319 -0.158744
v 0.271668 0.260359 -0.274236
v 0.268293 0.208319 -0.318868
v 0.271271 0.254242 -0.168100
v 0.306251 0.233929 -0.022117
v 0.306251 0.313589 -0.020207
v 0.274600 0.313589 -0.020207
v 0.274600 0.233929 -0.022117
v -0.352795 0.171764 0.198727
v -0.353211 -0.174215 -0.128145
v -0.353211 -0.174216 0.198727
v -0.352795 0.171764 -0.128145
v -0.266694 0.266460 -0.151474
v -0.158924 0.210005 -0.145285
v -0.267150 0.210337 -0.145268
v -0.158468 0.266128 -0.151490
v -0.216022 0.293421 0.122258
v -0.094691 0.292881 -0.015865
v -0.095025 0.286055 0.122258
v -0.215688 0.300247 -0.015865
v -0.222933 0.242440 -0.015865
v -0.219864 0.305147 -0.077550
v -0.219530 0.311974 -0.015865
v -0.222933 0.242440 -0.086906
v -0.218530 0.242172 0.131613
v -0.215688 0.300247 -0.015865
v -0.216022 0.293421 0.122258
v -0.218530 0.242172 -0.060497
v -0.170454 0.316319 -0.020207
v -0.138803 0.315186 0.027057
v -0.170454 0.315186 0.027057
v -0.138803 0.316319 -0.020207
v -0.270469 0.274619 -0.276668
v -0.155046 0.217030 -0.287365
v -0.154489 0.274199 -0.276689
v -0.271027 0.217450 -0.287344
v 0.225249 0.301055 -0.077550
v 0.223235 0.238294 -0.015865
v 0.223235 0.238294 -0.086906
v 0.225469 0.307887 -0.015865
v -0.227641 0.238118 0.131613
v -0.229507 0.296243 -0.015865
v -0.227641 0.238118 -0.060497
v -0.229288 0.289411 0.122258
v -0.225249 0.301055 -0.077550
v -0.223234 0.238294 -0.015865
v -0.225468 0.307887 -0.015865
v -0.223234 0.238294 -0.086906
v 0.218531 0.242172 0.131613
v 0.215688 0.300247 -0.015865
v 0.218531 0.242172 -0.060497
v 0.216022 0.293421 0.122258
v 0.204436 0.241313 0.002661
v 0.111629 0.235663 0.002661
v 0.108226 0.305198 0.002661
v 0.201033 0.310848 0.002661
v -0.138803 0.236659 -0.022117
v -0.170454 0.316319 -0.020207
v -0.170454 0.236659 -0.022117
v -0.138803 0.316319 -0.020207
v -0.155851 0.271184 -0.387910
v -0.154031 0.216316 -0.387471
v -0.170275 0.215908 -0.371142
v -0.172096 0.270776 -0.371581
v 0.094692 0.292881 -0.015865
v 0.095026 0.286055 0.122258
v 0.097534 0.234805 0.131613
v 0.097534 0.234805 -0.060497
v -0.269916 0.211587 -0.387177
v -0.270054 0.211083 -0.449640
v -0.271677 0.260631 -0.441810
v -0.271736 0.266455 -0.387616
v -0.000000 -0.218854 -0.441073
v 0.141245 -0.218854 -0.474945
v 0.141245 -0.174215 -0.474945
v -0.000000 -0.174215 -0.441073
v -0.141245 -0.218854 -0.474945
v -0.141245 -0.174215 -0.474945
v 0.334634 0.233845 0.002661
v 0.336868 0.303438 0.002661
v 0.355382 0.302699 -0.015865
v 0.353147 0.233106 -0.015865
v -0.141245 -0.174215 -0.481230
v -0.141245 -0.218854 -0.474945
v -0.141245 -0.174215 -0.474945
v -0.141245 -0.218854 -0.525079
v -0.141245 0.000000 -0.538650
v -0.141245 0.171764 -0.481230
v -0.141245 0.218854 -0.525079
v -0.141245 0.218854 -0.498961
v -0.128052 0.218854 -0.411448
v -0.128052 0.171764 -0.411448
v -0.016297 0.218854 -0.269082
v -0.016297 0.171764 -0.269082
v 0.216022 0.293421 0.122258
v 0.095026 0.286055 0.122258
v 0.094692 0.292881 -0.015865
v 0.215688 0.300247 -0.015865
v -0.077479 0.214651 -0.113606
v -0.077479 0.214651 0.152826
v -0.084432 0.256708 0.145873
v -0.084432 0.256708 -0.106653
v 0.095026 0.286055 0.122258
v 0.216022 0.293421 0.122258
v 0.218531 0.242172 0.131613
v 0.097534 0.234805 0.131613
v -0.097534 0.234805 0.131613
v -0.095025 0.286055 0.122258
v -0.094691 0.292881 -0.015865
v -0.097534 0.234805 -0.060497
v 0.272694 0.208034 -0.274236
v 0.254207 0.209233 -0.255711
v 0.258247 0.271540 -0.255711
v 0.276734 0.270341 -0.274236
v -0.223234 0.238294 -0.015865
v -0.241748 0.237555 0.002661
v -0.243982 0.307148 0.002661
v -0.225468 0.307887 -0.015865
v -0.154489 0.274199 -0.276689
v -0.155046 0.217030 -0.287365
v -0.155046 0.213926 -0.224977
v -0.154428 0.276887 -0.222249
v -0.368751 0.214651 -0.113606
v -0.077479 0.214651 -0.113606
v -0.084432 0.256708 -0.106653
v -0.361797 0.256708 -0.106653
v -0.266633 0.268228 -0.222680
v -0.158407 0.267895 -0.222696
v -0.158468 0.266128 -0.151490
v -0.266694 0.266460 -0.151474
v -0.057346 0.229177 -0.214516
v -0.057346 0.229177 -0.168684
v -0.057346 0.199821 -0.168684
v -0.057346 0.199821 -0.214516
v 0.352795 0.171764 -0.128145
v 0.353211 -0.174216 0.198727
v 0.353211 -0.174215 -0.128145
v 0.352795 0.171764 0.198727
v 0.141245 0.000000 -0.538650
v 0.141245 -0.218854 -0.525079
v 0.305156 -0.218854 -0.525079
v 0.305157 -0.000000 -0.538650
v 0.141245 0.218854 -0.525079
v 0.305157 0.218854 -0.525079
v -0.271677 0.260631 -0.441810
v -0.154169 0.215812 -0.449934
v -0.155792 0.265360 -0.442104
v -0.270054 0.211083 -0.449640
v 0.274600 0.233929 -0.022117
v 0.274600 0.312456 0.027057
v 0.274600 0.232796 0.025147
v 0.274600 0.313589 -0.020207
v -0.408323 -0.000000 -0.128145
v -0.352795 0.171764 -0.128145
v -0.394752 0.171764 -0.128145
v -0.353211 -0.174215 -0.128145
v -0.394752 -0.174215 -0.128145
v 0.368751 0.214651 -0.113606
v 0.361798 0.256708 -0.106653
v 0.084433 0.256708 -0.106653
v 0.077479 0.214651 -0.113606
v -0.265864 0.212359 -0.307401
v -0.266127 0.211399 -0.426429
v -0.267561 0.257542 -0.387553
v -0.267224 0.252733 -0.315951
v -0.253599 0.212258 -0.370929
v -0.269916 0.211587 -0.387177
v -0.271736 0.266455 -0.387616
v -0.255420 0.267127 -0.371368
v -0.157730 0.216831 -0.307676
v -0.159090 0.257205 -0.316226
v -0.159427 0.262014 -0.387828
v -0.157993 0.215871 -0.426704
v 0.353147 0.233106 -0.015865
v 0.355382 0.302699 -0.015865
v 0.355162 0.295867 -0.077550
v 0.353147 0.233106 -0.086906
v -0.350606 0.291407 -0.015865
v -0.229288 0.289411 0.122258
v -0.350387 0.284574 0.122258
v -0.229507 0.296243 -0.015865
v -0.241748 0.237555 0.002661
v -0.334633 0.233845 0.002661
v -0.336868 0.303438 0.002661
v -0.243982 0.307148 0.002661
v -0.223234 0.238294 -0.086906
v -0.225249 0.301055 -0.077550
v -0.355162 0.295867 -0.077550
v -0.353147 0.233106 -0.086906
v -0.057346 0.229177 0.054978
v -0.057346 0.229177 0.100810
v -0.057346 0.199821 0.100810
v -0.057346 0.199821 0.054978
v -0.353147 0.233106 -0.015865
v -0.353147 0.233106 -0.086906
v -0.355162 0.295867 -0.077550
v -0.355381 0.302699 -0.015865
v 0.138804 0.236659 -0.022117
v 0.138804 0.316319 -0.020207
v 0.138804 0.315186 0.027057
v 0.138804 0.235526 0.025147
v -0.271027 0.214346 -0.224956
v -0.271027 0.217450 -0.287344
v -0.270469 0.274619 -0.276668
v -0.270408 0.277307 -0.222228
v -0.361797 0.256708 0.145873
v -0.084432 0.256708 0.145873
v -0.077479 0.214651 0.152826
v -0.368751 0.214651 0.152826
v 0.348741 0.233282 0.131613
v 0.350387 0.284574 0.122258
v 0.350607 0.291407 -0.015865
v 0.348741 0.233282 -0.060497
v 0.350387 0.284574 0.122258
v 0.227641 0.238118 0.131613
v 0.229288 0.289411 0.122258
v 0.348741 0.233282 0.131613
v 0.394752 0.218854 0.198727
v 0.394752 0.171764 -0.128145
v 0.408323 -0.000000 0.198727
v 0.394752 0.218854 -0.128145
v 0.408323 -0.000000 -0.128145
v 0.305157 0.171764 -0.335434
v 0.305157 0.218854 -0.335434
v 0.394752 -0.174215 -0.128145
v 0.305157 0.171764 -0.481230
v 0.305157 0.218854 -0.525079
v 0.305157 -0.000000 -0.538650
v 0.394752 -0.218854 0.198727
v 0.394752 -0.218854 -0.128145
v 0.305156 -0.174215 -0.481230
v 0.305156 -0.218854 -0.525079
v 0.305156 -0.218854 -0.335434
v 0.305156 -0.174215 -0.335434
v -0.408323 -0.000000 0.198727
v -0.394752 -0.174215 -0.128145
v -0.408323 -0.000000 -0.128145
v -0.394752 0.171764 -0.128145
v -0.394752 -0.218854 0.198727
v -0.394752 0.218854 0.198727
v -0.394752 -0.218854 -0.128145
v -0.394752 0.218854 -0.128145
v -0.305156 -0.174215 -0.335434
v -0.305157 0.171764 -0.335434
v -0.305156 -0.218854 -0.335434
v -0.305157 0.218854 -0.335434
v -0.305156 -0.174215 -0.481230
v -0.305156 -0.218854 -0.525079
v -0.305157 -0.000000 -0.538650
v -0.305157 0.171764 -0.481230
v -0.305157 0.218854 -0.525079
vt 0.249998003 0.249976337
vt 0.249860078 0.249976337
vt 0.249994457 0.24989903
vt 0.249998003 0.249976337
vt 0.249994457 0.24989903
vt 0.249860078 0.249976337
vt 0.249998003 0.249976337
vt 0.24992618 0.249976277
vt 0.249860078 0.249976337
vt 0.249998003 0.249976337
vt 0.249860078 0.249976337
vt 0.24992618 0.249976277
vt 0.274410695 0.746376872
vt 0.274340361 0.746372581
vt 0.2744039 0.746376872
vt 0.274333447 0.746372581
vt 0.24996382 0.249860346
vt 0.249928325 0.249870777
vt 0.249928325 0.249860346
vt 0.24992834 0.24989903
vt 0.249994457 0.24989903
vt 0.249978513 0.249870777
vt 0.249997765 0.249881506
vt 0.250002235 0.249870777
vt 0.250001222 0.249881506
vt 0.250002235 0.249881506
vt 0.24992618 0.249948144
vt 0.249890715 0.249939561
vt 0.24992618 0.249939561
vt 0.24992618 0.249976277
vt 0.249860078 0.249976337
vt 0.249876022 0.249948144
vt 0.249890715 0.249937654
vt 0.24985677 0.249958873
vt 0.249854416 0.249948144
vt 0.249854416 0.249958873
vt 0.796173692 0.703114331
vt 0.796173692 0.703114331
vt 0.796173692 0.703114331
vt 0.796173692 0.703114331
vt 0.274426132 0.746327221
vt 0.274435669 0.746317625
vt 0.274426132 0.746317625
vt 0.274435669 0.74632901
vt 0.274410695 0.746376872
vt 0.274340361 0.746372581
vt 0.2744039 0.746376872
vt 0.274333447 0.746372581
vt 0.274427682 0.746219218
vt 0.274418265 0.746248007
vt 0.274427682 0.746248007
vt 0.274418265 0.746219218
vt 0.27428022 0.746367633
vt 0.274270684 0.746389568
vt 0.274270684 0.746367633
vt 0.27428022 0.746389568
vt 0.796173692 0.703114331
vt 0.796173692 0.703114331
vt 0.796173692 0.703114331
vt 0.796173692 0.703114331
vt 0.796173692 0.703114331
vt 0.796173692 0.703114331
vt 0.796173692 0.703114331
vt 0.796173692 0.703114331
vt 0.208351135 0.717787504
vt 0.208351135 0.717787504
vt 0.208351135 0.717787504
vt 0.208351135 0.717787504
vt 0.250066876 0.250014961
vt 0.250064522 0.25001806
vt 0.250066876 0.25001806
vt 0.250062406 0.250014961
vt 0.250062406 0.2500377
vt 0.250064522 0.250054717
vt 0.250062406 0.250057817
vt 0.250063419 0.250057817
vt 0.25007242 0.249860346
vt 0.250075489 0.249860346
vt 0.250075489 0.24987781
vt 0.25007242 0.24987781
vt 0.27431801 0.746374607
vt 0.274327666 0.746384084
vt 0.274327666 0.746374547
vt 0.27431801 0.746385872
vt 0.274270684 0.746367633
vt 0.27428022 0.746389568
vt 0.274270684 0.746389568
vt 0.27428022 0.746367633
vt 0.796173692 0.703114331
vt 0.796173692 0.703114331
vt 0.796173692 0.703114331
vt 0.796173692 0.703114331
vt 0.249998003 0.25000447
vt 0.250001073 0.249976277
vt 0.250001073 0.25000453
vt 0.249998003 0.249976337
vt 0.796173692 0.703114331
vt 0.796173692 0.703114331
vt 0.796173692 0.703114331
vt 0.796173692 0.703114331
vt 0.274426132 0.746317625
vt 0.274410695 0.746376872
vt 0.274435669 0.746317625
vt 0.2744039 0.746376872
vt 0.250077099 0.24997431
vt 0.250077099 0.249955982
vt 0.250075281 0.24997431
vt 0.250075221 0.249937654
vt 0.250077099 0.249937654
vt 0.739713132 0.37409395
vt 0.739692092 0.374122739
vt 0.739713132 0.374122739
vt 0.739692092 0.37409395
vt 0.796173692 0.703114331
vt 0.796173692 0.703114331
vt 0.796173692 0.703114331
vt 0.796173692 0.703114331
vt 0.274299294 0.746367633
vt 0.274289876 0.746388614
vt 0.274299294 0.746388614
vt 0.274289876 0.746367633
vt 0.2744039 0.746376872
vt 0.274435669 0.746317625
vt 0.274410695 0.746376872
vt 0.274426132 0.746317625
vt 0.208351135 0.717787504
vt 0.208351135 0.717787504
vt 0.208351135 0.717787504
vt 0.208351135 0.717787504
vt 0.796173692 0.703114331
vt 0.796173692 0.703114331
vt 0.796173692 0.703114331
vt 0.796173692 0.703114331
vt 0.274426132 0.746327221
vt 0.274435669 0.746317625
vt 0.274426132 0.746317625
vt 0.274435669 0.74632901
vt 0.274366289 0.746378541
vt 0.274353772 0.7463817
vt 0.274363369 0.7463817
vt 0.274366349 0.746362925
vt 0.274353772 0.746359766
vt 0.274363428 0.746359766
vt 0.796173692 0.703114331
vt 0.796173692 0.703114331
vt 0.796173692 0.703114331
vt 0.796173692 0.703114331
vt 0.208351135 0.717787504
vt 0.208351135 0.717787504
vt 0.208351135 0.717787504
vt 0.208351135 0.717787504
vt 0.796173692 0.703114331
vt 0.796173692 0.703114331
vt 0.796173692 0.703114331
vt 0.796173692 0.703114331
vt 0.274410695 0.746376872
vt 0.274340361 0.746372581
vt 0.274333447 0.746372581
vt 0.2744039 0.746376872
vt 0.274426132 0.746327221
vt 0.274435669 0.746317625
vt 0.274435669 0.74632901
vt 0.274426132 0.746317625
vt 0.274333447 0.746372581
vt 0.274327666 0.746374547
vt 0.274340361 0.746372581
vt 0.27431801 0.746374607
vt 0.249854416 0.249870777
vt 0.249858886 0.249881506
vt 0.249854416 0.249881506
vt 0.249878168 0.249870777
vt 0.249865323 0.249893665
vt 0.249892861 0.249860346
vt 0.249892861 0.249860346
vt 0.249928325 0.249860346
vt 0.249928325 0.249860346
vt 0.249878168 0.249870777
vt 0.249858886 0.249881506
vt 0.249854416 0.249870777
vt 0.249854416 0.249881506
vt 0.274366289 0.746378541
vt 0.274353772 0.7463817
vt 0.274363369 0.7463817
vt 0.274366349 0.746362925
vt 0.274353772 0.746359766
vt 0.274363428 0.746359766
vt 0.796173692 0.703114331
vt 0.796173692 0.703114331
vt 0.796173692 0.703114331
vt 0.796173692 0.703114331
vt 0.796173692 0.703114331
vt 0.796173692 0.703114331
vt 0.796173692 0.703114331
vt 0.796173692 0.703114331
vt 0.274395794 0.746359766
vt 0.274416834 0.746330976
vt 0.274416834 0.746359766
vt 0.274395794 0.746330976
vt 0.249998003 0.25000447
vt 0.250001073 0.250013113
vt 0.250001073 0.25000453
vt 0.249998003 0.250014961
vt 0.250019431 0.250014961
vt 0.25003776 0.250013113
vt 0.250040859 0.250014961
vt 0.25003776 0.250013113
vt 0.250040859 0.250014961
vt 0.250019431 0.250014961
vt 0.250001073 0.250013113
vt 0.249998003 0.250014961
vt 0.249998003 0.25000447
vt 0.250001073 0.25000453
vt 0.274366289 0.746378541
vt 0.274353772 0.7463817
vt 0.274363369 0.7463817
vt 0.274353772 0.746359766
vt 0.274366349 0.746362925
vt 0.274363428 0.746359766
vt 0.249928564 0.249993742
vt 0.24992618 0.25000447
vt 0.24992618 0.249993742
vt 0.249947816 0.25000447
vt 0.249935001 0.249970973
vt 0.249962509 0.250013113
vt 0.249962509 0.250014961
vt 0.249962509 0.250013113
vt 0.249998003 0.250013113
vt 0.249998003 0.250013113
vt 0.249947816 0.25000447
vt 0.249962509 0.250014961
vt 0.249928564 0.249993742
vt 0.24992618 0.25000447
vt 0.24992618 0.249993742
vt 0.208351135 0.717787504
vt 0.208351135 0.717787504
vt 0.208351135 0.717787504
vt 0.208351135 0.717787504
vt 0.27428022 0.746389568
vt 0.274270684 0.746367633
vt 0.274270684 0.746389568
vt 0.27428022 0.746367633
vt 0.274416834 0.746359766
vt 0.274426192 0.746330976
vt 0.274426192 0.746359766
vt 0.274416834 0.746330976
vt 0.739714563 0.373982191
vt 0.73972398 0.37401098
vt 0.73972398 0.373982191
vt 0.739714563 0.37401098
vt 0.249928325 0.249870777
vt 0.24996382 0.249860346
vt 0.249928325 0.249860346
vt 0.24992834 0.24989903
vt 0.249994457 0.24989903
vt 0.249978513 0.249870777
vt 0.249997765 0.249881506
vt 0.250002235 0.249870777
vt 0.250001222 0.249881506
vt 0.250002235 0.249881506
vt 0.796173692 0.703114331
vt 0.796173692 0.703114331
vt 0.796173692 0.703114331
vt 0.796173692 0.703114331
vt 0.796173692 0.703114331
vt 0.796173692 0.703114331
vt 0.796173692 0.703114331
vt 0.796173692 0.703114331
vt 0.27431801 0.746374607
vt 0.274327666 0.746384084
vt 0.27431801 0.746385872
vt 0.274327666 0.746374547
vt 0.274410695 0.746376872
vt 0.274340361 0.746372581
vt 0.2744039 0.746376872
vt 0.274333447 0.746372581
vt 0.739586174 0.374130607
vt 0.739595592 0.374151587
vt 0.739595592 0.374130607
vt 0.739586174 0.374151587
vt 0.274426132 0.746327221
vt 0.274435669 0.746317625
vt 0.274426132 0.746317625
vt 0.274435669 0.74632901
vt 0.274340361 0.746372581
vt 0.27431801 0.746374607
vt 0.274327666 0.746374547
vt 0.274333447 0.746372581
vt 0.208351135 0.717787504
vt 0.208351135 0.717787504
vt 0.208351135 0.717787504
vt 0.208351135 0.717787504
vt 0.739713132 0.37409395
vt 0.739692092 0.374122739
vt 0.739713132 0.374122739
vt 0.739692092 0.37409395
vt 0.274340361 0.746372581
vt 0.27431801 0.746374607
vt 0.274327666 0.746374547
vt 0.274333447 0.746372581
vt 0.274366289 0.746378541
vt 0.274353772 0.7463817
vt 0.274363369 0.7463817
vt 0.274366349 0.746362925
vt 0.274353772 0.746359766
vt 0.274363428 0.746359766
vt 0.73972249 0.37409395
vt 0.739713132 0.374122739
vt 0.73972249 0.374122739
vt 0.739713132 0.37409395
vt 0.274426192 0.746330976
vt 0.274416834 0.746359766
vt 0.274426192 0.746359766
vt 0.274416834 0.746330976
vt 0.250001073 0.249976277
vt 0.249998003 0.25000447
vt 0.250001073 0.25000453
vt 0.249998003 0.249976337
vt 0.796173692 0.703114331
vt 0.796173692 0.703114331
vt 0.796173692 0.703114331
vt 0.796173692 0.703114331
vt 0.249876022 0.249948144
vt 0.249890715 0.249939561
vt 0.249890715 0.249937654
vt 0.249860078 0.249976337
vt 0.24985677 0.249958873
vt 0.249854416 0.249948144
vt 0.249854416 0.249958873
vt 0.24992618 0.249976277
vt 0.24992618 0.249948144
vt 0.24992618 0.249939561
vt 0.796173692 0.703114331
vt 0.796173692 0.703114331
vt 0.796173692 0.703114331
vt 0.796173692 0.703114331
vt 0.274366289 0.746378541
vt 0.274353772 0.7463817
vt 0.274363369 0.7463817
vt 0.274366349 0.746362925
vt 0.274353772 0.746359766
vt 0.274363428 0.746359766
vt 0.2744039 0.746376872
vt 0.274333447 0.746372581
vt 0.274340361 0.746372581
vt 0.274410695 0.746376872
vt 0.796173692 0.703114331
vt 0.796173692 0.703114331
vt 0.796173692 0.703114331
vt 0.796173692 0.703114331
vt 0.208351135 0.717787504
vt 0.208351135 0.717787504
vt 0.208351135 0.717787504
vt 0.208351135 0.717787504
vt 0.27431801 0.746374607
vt 0.274340361 0.746372581
vt 0.274327666 0.746374547
vt 0.274333447 0.746372581
vt 0.739714563 0.373982191
vt 0.73972398 0.37401098
vt 0.73972398 0.373982191
vt 0.739714563 0.37401098
vt 0.27428022 0.746367633
vt 0.274270684 0.746389568
vt 0.27428022 0.746389568
vt 0.274270684 0.746367633
vt 0.274416834 0.746330976
vt 0.274395794 0.746359766
vt 0.274416834 0.746359766
vt 0.274395794 0.746330976
vt 0.208351135 0.717787504
vt 0.208351135 0.717787504
vt 0.208351135 0.717787504
vt 0.208351135 0.717787504
vt 0.796173692 0.703114331
vt 0.796173692 0.703114331
vt 0.796173692 0.703114331
vt 0.796173692 0.703114331
vt 0.739692092 0.374122739
vt 0.739713132 0.37409395
vt 0.739713132 0.374122739
vt 0.739692092 0.37409395
vt 0.274435669 0.746317625
vt 0.2744039 0.746376872
vt 0.274410695 0.746376872
vt 0.274426132 0.746317625
vt 0.739595592 0.374151587
vt 0.739586174 0.374130607
vt 0.739586174 0.374151587
vt 0.739595592 0.374130607
vt 0.796173692 0.703114331
vt 0.796173692 0.703114331
vt 0.796173692 0.703114331
vt 0.796173692 0.703114331
vt 0.739714563 0.373982191
vt 0.73972398 0.37401098
vt 0.73972398 0.373982191
vt 0.739714563 0.37401098
vt 0.208351135 0.717787504
vt 0.208351195 0.717787504
vt 0.208351135 0.717787504
vt 0.208351135 0.717787504
vt 0.796173692 0.703114331
vt 0.796173692 0.703114331
vt 0.796173692 0.703114331
vt 0.796173692 0.703114331
vt 0.250051588 0.24997431
vt 0.250062317 0.250010967
vt 0.250051588 0.250010967
vt 0.250062317 0.24997431
vt 0.208351135 0.717787504
vt 0.208351135 0.717787504
vt 0.208351135 0.717787504
vt 0.208351135 0.717787504
vt 0.739595592 0.374130607
vt 0.739586174 0.374151587
vt 0.739595592 0.374151587
vt 0.739586174 0.374130607
vt 0.739713132 0.374122739
vt 0.73972249 0.37409395
vt 0.73972249 0.374122739
vt 0.739713132 0.37409395
vt 0.274333447 0.746372581
vt 0.274327666 0.746374547
vt 0.274340361 0.746372581
vt 0.27431801 0.746374607
vt 0.250062317 0.24997431
vt 0.250051588 0.250010967
vt 0.250062317 0.250010967
vt 0.250051588 0.24997431
vt 0.208351135 0.717787504
vt 0.208351135 0.717787504
vt 0.208351135 0.717787504
vt 0.208351135 0.717787504
vt 0.274410695 0.746376872
vt 0.274426132 0.746317625
vt 0.274435669 0.746317625
vt 0.2744039 0.746376872
vt 0.274363428 0.746359766
vt 0.274366349 0.746362925
vt 0.274353772 0.746359766
vt 0.274353772 0.7463817
vt 0.274366289 0.746378541
vt 0.274363369 0.7463817
vt 0.274363428 0.746359766
vt 0.274366349 0.746362925
vt 0.274353772 0.746359766
vt 0.274366289 0.746378541
vt 0.274353772 0.7463817
vt 0.274363369 0.7463817
vt 0.739586174 0.374130607
vt 0.739595592 0.374151587
vt 0.739595592 0.374130607
vt 0.739586174 0.374151587
vt 0.796173692 0.703114331
vt 0.796173692 0.703114331
vt 0.796173692 0.703114331
vt 0.796173692 0.703114331
vt 0.250051588 0.249937654
vt 0.250040859 0.24995777
vt 0.250040859 0.249937654
vt 0.250051588 0.24995777
vt 0.250040859 0.249980509
vt 0.250051588 0.249980509
vt 0.73972249 0.37409395
vt 0.739713132 0.374122739
vt 0.73972249 0.374122739
vt 0.739713132 0.37409395
vt 0.796173692 0.703114331
vt 0.796173692 0.703114331
vt 0.796173692 0.703114331
vt 0.796173692 0.703114331
vt 0.249968231 0.250051618
vt 0.249932736 0.250014961
vt 0.249968231 0.250014961
vt 0.249932736 0.250051618
vt 0.739586174 0.374130607
vt 0.739595592 0.374151587
vt 0.739595592 0.374130607
vt 0.739586174 0.374151587
vt 0.739713132 0.374122739
vt 0.739692092 0.37409395
vt 0.739692092 0.374122739
vt 0.739713132 0.37409395
vt 0.27431801 0.746374607
vt 0.274327666 0.746384084
vt 0.274327666 0.746374547
vt 0.27431801 0.746385872
vt 0.739714563 0.373982191
vt 0.73972398 0.37401098
vt 0.73972398 0.373982191
vt 0.739714563 0.37401098
vt 0.796173692 0.703114331
vt 0.796173692 0.703114331
vt 0.796173692 0.703114331
vt 0.796173692 0.703114331
vt 0.27428022 0.746367633
vt 0.274270684 0.746389568
vt 0.27428022 0.746389568
vt 0.274270684 0.746367633
vt 0.274426132 0.746327221
vt 0.274435669 0.746317625
vt 0.274435669 0.74632901
vt 0.274426132 0.746317625
vt 0.73972249 0.37409395
vt 0.739713132 0.374122739
vt 0.73972249 0.374122739
vt 0.739713132 0.37409395
vt 0.274426132 0.746327221
vt 0.274435669 0.746317625
vt 0.274426132 0.746317625
vt 0.274435669 0.74632901
vt 0.739714563 0.373982191
vt 0.73972398 0.37401098
vt 0.739714563 0.37401098
vt 0.73972398 0.373982191
vt 0.274333447 0.746372581
vt 0.274410695 0.746376872
vt 0.2744039 0.746376872
vt 0.274340361 0.746372581
vt 0.796173692 0.703114331
vt 0.796173692 0.703114331
vt 0.796173692 0.703114331
vt 0.796173692 0.703114331
vt 0.274426132 0.746317625
vt 0.274435669 0.746317625
vt 0.274410695 0.746376872
vt 0.2744039 0.746376872
vt 0.739713132 0.374122739
vt 0.739713132 0.37409395
vt 0.73972249 0.37409395
vt 0.73972249 0.374122739
vt 0.27431801 0.746374607
vt 0.27431801 0.746385872
vt 0.274327666 0.746384084
vt 0.274327666 0.746374547
vt 0.250074834 0.250027061
vt 0.250074834 0.250014961
vt 0.250071734 0.250014961
vt 0.250071734 0.250027061
vt 0.250074834 0.250014961
vt 0.250071734 0.250014961
vt 0.274333447 0.746372581
vt 0.274340361 0.746372581
vt 0.274327666 0.746374547
vt 0.27431801 0.746374607
vt 0.250064522 0.25001806
vt 0.250066876 0.250014961
vt 0.250066876 0.25001806
vt 0.250062406 0.250014961
vt 0.250062406 0.2500377
vt 0.250064522 0.250054717
vt 0.250062406 0.250057817
vt 0.250063419 0.250057817
vt 0.25007242 0.249860346
vt 0.250075489 0.249860346
vt 0.25007242 0.24987781
vt 0.250075489 0.24987781
vt 0.739713132 0.374122739
vt 0.739692092 0.374122739
vt 0.739692092 0.37409395
vt 0.739713132 0.37409395
vt 0.274418265 0.746248007
vt 0.274418265 0.746219218
vt 0.274427682 0.746219218
vt 0.274427682 0.746248007
vt 0.739586174 0.374151587
vt 0.739586174 0.374130607
vt 0.739595592 0.374130607
vt 0.739595592 0.374151587
vt 0.73972249 0.37409395
vt 0.739713132 0.37409395
vt 0.739713132 0.374122739
vt 0.73972249 0.374122739
vt 0.274435669 0.746317625
vt 0.274410695 0.746376872
vt 0.2744039 0.746376872
vt 0.274426132 0.746317625
vt 0.274435669 0.746317625
vt 0.274410695 0.746376872
vt 0.2744039 0.746376872
vt 0.274426132 0.746317625
vt 0.274426132 0.746327221
vt 0.274435669 0.74632901
vt 0.274435669 0.746317625
vt 0.274426132 0.746317625
vt 0.274426192 0.746359766
vt 0.274418265 0.746248007
vt 0.274416834 0.746330976
vt 0.274395794 0.746330976
vt 0.739713132 0.37409395
vt 0.739692092 0.37409395
vt 0.739692092 0.374122739
vt 0.739713132 0.374122739
vt 0.208351135 0.717787504
vt 0.208351135 0.717787504
vt 0.208351135 0.717787504
vt 0.208351135 0.717787504
vt 0.249932736 0.250051618
vt 0.249968231 0.250014961
vt 0.249932736 0.250014961
vt 0.249968231 0.250051618
vt 0.250040859 0.24995777
vt 0.250040859 0.249980509
vt 0.250051588 0.249980509
vt 0.250051588 0.24995777
vt 0.250040859 0.249937654
vt 0.250051588 0.249937654
vt 0.27428022 0.746367633
vt 0.274270684 0.746389568
vt 0.27428022 0.746389568
vt 0.274270684 0.746367633
vt 0.796173692 0.703114331
vt 0.796173692 0.703114331
vt 0.796173692 0.703114331
vt 0.796173692 0.703114331
vt 0.250077099 0.249955982
vt 0.250075221 0.249937654
vt 0.250077099 0.249937654
vt 0.250075281 0.24997431
vt 0.250077099 0.24997431
vt 0.274426192 0.746359766
vt 0.274395794 0.746330976
vt 0.274416834 0.746330976
vt 0.274418265 0.746248007
vt 0.739714563 0.373982191
vt 0.739714563 0.37401098
vt 0.73972398 0.37401098
vt 0.73972398 0.373982191
vt 0.274333447 0.746372581
vt 0.27431801 0.746374607
vt 0.274327666 0.746374547
vt 0.274340361 0.746372581
vt 0.73972249 0.37409395
vt 0.739713132 0.37409395
vt 0.739713132 0.374122739
vt 0.73972249 0.374122739
vt 0.27431801 0.746374607
vt 0.274327666 0.746374547
vt 0.274327666 0.746384084
vt 0.27431801 0.746385872
vt 0.739713132 0.37409395
vt 0.739692092 0.374122739
vt 0.739713132 0.374122739
vt 0.739692092 0.37409395
vt 0.274410695 0.746376872
vt 0.274333447 0.746372581
vt 0.274340361 0.746372581
vt 0.2744039 0.746376872
vt 0.274270684 0.746389568
vt 0.27428022 0.746389568
vt 0.27428022 0.746367633
vt 0.274270684 0.746367633
vt 0.208351135 0.717787504
vt 0.208351135 0.717787504
vt 0.208351135 0.717787504
vt 0.208351135 0.717787504
vt 0.27431801 0.746374607
vt 0.27431801 0.746385872
vt 0.274327666 0.746384084
vt 0.274327666 0.746374547
vt 0.796173692 0.703114331
vt 0.796173692 0.703114331
vt 0.796173692 0.703114331
vt 0.796173692 0.703114331
vt 0.27431801 0.746374607
vt 0.27431801 0.746385872
vt 0.274327666 0.746384084
vt 0.274327666 0.746374547
vt 0.274289876 0.746388614
vt 0.274289876 0.746367633
vt 0.274299294 0.746367633
vt 0.274299294 0.746388614
vt 0.739714563 0.373982191
vt 0.73972398 0.373982191
vt 0.73972398 0.37401098
vt 0.739714563 0.37401098
vt 0.739586174 0.374130607
vt 0.739595592 0.374151587
vt 0.739586174 0.374151587
vt 0.739595592 0.374130607
vt 0.250045151 0.249934256
vt 0.250042021 0.249898791
vt 0.250023693 0.249934256
vt 0.250045151 0.249898791
vt 0.250023663 0.249898791
vt 0.250042051 0.249884069
vt 0.250045151 0.249884069
vt 0.250005335 0.249898791
vt 0.250042051 0.249862432
vt 0.250045151 0.249860346
vt 0.250025004 0.249860346
vt 0.250002235 0.249934256
vt 0.250002235 0.249898791
vt 0.250005364 0.249862432
vt 0.250002235 0.249860346
vt 0.250002235 0.249884069
vt 0.250005364 0.249884069
vt 0.250023693 0.249934256
vt 0.250005335 0.249898791
vt 0.250023663 0.249898791
vt 0.250042021 0.249898791
vt 0.250002235 0.249934256
vt 0.250045151 0.249934256
vt 0.250002235 0.249898791
vt 0.250045151 0.249898791
vt 0.250005364 0.249884069
vt 0.250042051 0.249884069
vt 0.250002235 0.249884069
vt 0.250045151 0.249884069
vt 0.250005364 0.249862432
vt 0.250002235 0.249860346
vt 0.250025004 0.249860346
vt 0.250042051 0.249862432
vt 0.250045151 0.249860346
vn -1.000000 0.000000 -0.000000
vn -1.000000 0.000000 -0.000000
vn -1.000000 0.000000 -0.000000
vn 1.000000 0.000000 -0.000000
vn 1.000000 0.000000 -0.000000
vn 1.000000 0.000000 -0.000000
vn -1.000000 0.000000 -0.000000
vn -1.000000 0.000000 -0.000000
vn -1.000000 0.000000 -0.000000
vn 1.000000 0.000000 -0.000000
vn 1.000000 0.000000 -0.000000
vn 1.000000 0.000000 -0.000000
vn 0.002209 0.008069 0.999965
vn 0.002209 0.008069 0.999965
vn 0.002210 0.008069 0.999965
vn 0.002209 0.008069 0.999965
vn -0.000000 1.000000 -0.000000
vn -0.000000 1.000000 -0.000000
vn -0.000000 1.000000 -0.000000
vn -0.000000 1.000000 -0.000000
vn -0.000000 1.000000 -0.000000
vn -0.000000 1.000000 -0.000000
vn -0.000000 1.000000 -0.000000
vn -0.000000 1.000000 -0.000000
vn -0.000000 1.000000 -0.000000
vn -0.000000 1.000000 -0.000000
vn -0.000000 -1.000000 0.000000
vn -0.000000 -1.000000 0.000000
vn -0.000000 -1.000000 0.000000
vn -0.000000 -1.000000 0.000000
vn -0.000000 -1.000000 0.000000
vn -0.000000 -1.000000 0.000000
vn -0.000000 -1.000000 0.000000
vn -0.000000 -1.000000 0.000000
vn -0.000000 -1.000000 0.000000
vn -0.000000 -1.000000 0.000000
vn 1.000000 0.000000 -0.000000
vn 1.000000 0.000000 -0.000000
vn 1.000000 0.000000 -0.000000
vn 1.000000 0.000000 -0.000000
vn 0.998804 -0.048883 0.000000
vn 0.998804 -0.048883 0.000000
vn 0.998804 -0.048883 0.000000
vn 0.998804 -0.048884 0.000000
vn -0.000000 0.000000 1.000000
vn -0.000000 0.000000 1.000000
vn -0.000000 0.000000 1.000000
vn -0.000000 0.000000 1.000000
vn -0.986606 0.163122 -0.000000
vn -0.986606 0.163123 -0.000000
vn -0.986606 0.163123 -0.000000
vn -0.986606 0.163122 -0.000000
vn 0.005881 0.147249 -0.989082
vn 0.005881 0.147249 -0.989082
vn 0.005881 0.147249 -0.989082
vn 0.005881 0.147249 -0.989082
vn -0.000000 -0.023966 0.999713
vn -0.000000 -0.023966 0.999713
vn -0.000000 -0.023966 0.999713
vn -0.000000 -0.023966 0.999713
vn -0.000000 -0.023966 0.999713
vn -0.000000 -0.023966 0.999713
vn -0.000000 -0.023966 0.999713
vn -0.000000 -0.023966 0.999713
vn 1.000000 0.000000 -0.000000
vn 1.000000 0.000000 -0.000000
vn 1.000000 0.000000 -0.000000
vn 1.000000 0.000000 -0.000000
vn -1.000000 0.000000 -0.000000
vn -1.000000 0.000000 -0.000000
vn -1.000000 0.000000 -0.000000
vn -1.000000 0.000000 -0.000000
vn -1.000000 0.000000 -0.000000
vn -0.997710 -0.016011 -0.065711
vn -1.000000 0.000000 -0.000000
vn -0.998101 -0.021708 -0.057652
vn -0.913338 -0.010789 -0.407059
vn -0.910549 -0.000000 -0.413401
vn -0.786595 -0.000000 -0.617469
vn -0.786595 -0.000000 -0.617469
vn -0.997904 0.064706 -0.000000
vn -0.997904 0.064706 -0.000000
vn -0.997904 0.064706 -0.000000
vn -0.997904 0.064706 -0.000000
vn -0.008957 0.147123 -0.989078
vn -0.008957 0.147124 -0.989078
vn -0.008957 0.147124 -0.989078
vn -0.008957 0.147123 -0.989078
vn -0.000000 0.023967 -0.999713
vn -0.000000 0.023967 -0.999713
vn -0.000000 0.023967 -0.999713
vn -0.000000 0.023967 -0.999713
vn 0.558947 0.000000 0.829203
vn 0.558947 0.000000 0.829203
vn 0.558947 0.000000 0.829203
vn 0.558947 0.000000 0.829203
vn -0.000000 0.023966 -0.999713
vn -0.000000 0.023966 -0.999713
vn -0.000000 0.023966 -0.999713
vn -0.000000 0.023966 -0.999713
vn -0.706158 -0.034560 0.707210
vn -0.706159 -0.034561 0.707210
vn -0.706159 -0.034561 0.707210
vn -0.706158 -0.034560 0.707210
vn -0.000000 -0.000000 -1.000000
vn -0.000000 -0.000000 -1.000000
vn -0.000000 -0.000000 -1.000000
vn -0.000000 -0.000000 -1.000000
vn -0.000000 -0.000000 -1.000000
vn -0.041058 0.996898 0.067151
vn -0.041058 0.996898 0.067151
vn -0.041057 0.996898 0.067150
vn -0.041058 0.996898 0.067152
vn -1.000000 0.000000 -0.000000
vn -1.000000 0.000000 -0.000000
vn -1.000000 0.000000 -0.000000
vn -1.000000 0.000000 -0.000000
vn -0.000000 0.163112 0.986608
vn -0.000000 0.163112 0.986608
vn -0.000000 0.163112 0.986608
vn -0.000000 0.163112 0.986608
vn 0.707114 -0.037541 0.706102
vn 0.707114 -0.037541 0.706102
vn 0.707115 -0.037541 0.706102
vn 0.707114 -0.037541 0.706103
vn -0.000000 1.000000 -0.000000
vn -0.000000 1.000000 -0.000000
vn -0.000000 1.000000 -0.000000
vn -0.000000 1.000000 -0.000000
vn 1.000000 0.000000 -0.000000
vn 1.000000 0.000000 -0.000000
vn 1.000000 0.000000 -0.000000
vn 1.000000 0.000000 -0.000000
vn 0.999448 0.033133 -0.002476
vn 0.999448 0.033133 -0.002476
vn 0.999448 0.033134 -0.002476
vn 0.999448 0.033132 -0.002476
vn 0.032856 0.995972 -0.083431
vn 0.042010 0.995903 -0.080072
vn -0.034124 0.994561 -0.098409
vn 0.081151 0.993393 -0.081152
vn 0.071801 0.994374 -0.077877
vn 0.162278 0.981826 -0.098410
vn -0.000000 -0.023966 0.999713
vn -0.000000 -0.023966 0.999713
vn -0.000000 -0.023966 0.999713
vn -0.000000 -0.023966 0.999713
vn -0.000000 -1.000000 0.000000
vn -0.000000 -1.000000 0.000000
vn -0.000000 -1.000000 0.000000
vn -0.000000 -1.000000 0.000000
vn 1.000000 0.000000 -0.000000
vn 1.000000 0.000000 -0.000000
vn 1.000000 0.000000 -0.000000
vn 1.000000 0.000000 -0.000000
vn -0.000000 0.000000 1.000000
vn -0.000000 0.000000 1.000000
vn -0.000000 0.000000 1.000000
vn -0.000000 0.000000 1.000000
vn -0.998804 -0.048884 0.000000
vn -0.998804 -0.048884 0.000000
vn -0.998804 -0.048884 0.000000
vn -0.998804 -0.048884 0.000000
vn -0.706698 -0.022689 0.707151
vn -0.706698 -0.022689 0.707151
vn -0.706698 -0.022689 0.707151
vn -0.706699 -0.022689 0.707151
vn -0.000000 -1.000000 0.000000
vn -0.000000 -1.000000 0.000000
vn -0.000000 -1.000000 0.000000
vn -0.000000 -1.000000 0.000000
vn -0.000000 -1.000000 0.000000
vn -0.000000 -1.000000 0.000000
vn -0.000000 -1.000000 0.000000
vn -0.000000 -1.000000 0.000000
vn -0.000000 -1.000000 0.000000
vn -0.000000 -1.000000 0.000000
vn -0.000000 -1.000000 0.000000
vn -0.000000 -1.000000 0.000000
vn -0.000000 -1.000000 0.000000
vn -0.065888 0.993681 -0.090871
vn -0.055584 0.994522 -0.088529
vn -0.148706 0.982813 -0.109387
vn -0.013578 0.995767 -0.090903
vn -0.023890 0.995785 -0.088553
vn 0.070043 0.991508 -0.109574
vn -0.000000 0.999713 0.023967
vn -0.000000 0.999713 0.023967
vn -0.000000 0.999713 0.023967
vn -0.000000 0.999713 0.023967
vn -1.000000 0.000000 -0.000000
vn -1.000000 0.000000 -0.000000
vn -1.000000 0.000000 -0.000000
vn -1.000000 0.000000 -0.000000
vn -0.000000 1.000000 -0.000000
vn -0.000000 1.000000 -0.000000
vn -0.000000 1.000000 -0.000000
vn -0.000000 1.000000 -0.000000
vn -0.000000 0.000000 1.000000
vn -0.000000 0.000000 1.000000
vn -0.000000 0.000000 1.000000
vn -0.000000 0.000000 1.000000
vn -0.000000 0.000000 1.000000
vn -0.000000 0.000000 1.000000
vn -0.000000 0.000000 1.000000
vn -0.000000 0.000000 1.000000
vn -0.000000 0.000000 1.000000
vn -0.000000 0.000000 1.000000
vn -0.000000 0.000000 1.000000
vn -0.000000 0.000000 1.000000
vn -0.000000 0.000000 1.000000
vn -0.000000 0.000000 1.000000
vn 0.034387 0.995267 -0.090893
vn 0.044684 0.995070 -0.088541
vn -0.049321 0.992751 -0.109599
vn 0.076339 0.993146 -0.088506
vn 0.086623 0.992090 -0.090846
vn 0.169111 0.979516 -0.109318
vn -0.000000 1.000000 -0.000000
vn -0.000000 1.000000 -0.000000
vn -0.000000 1.000000 -0.000000
vn -0.000000 1.000000 -0.000000
vn -0.000000 1.000000 -0.000000
vn -0.000000 1.000000 -0.000000
vn -0.000000 1.000000 -0.000000
vn -0.000000 1.000000 -0.000000
vn -0.000000 1.000000 -0.000000
vn -0.000000 1.000000 -0.000000
vn -0.000000 1.000000 -0.000000
vn -0.000000 1.000000 -0.000000
vn -0.000000 1.000000 -0.000000
vn -0.000000 1.000000 -0.000000
vn -0.000000 1.000000 -0.000000
vn 1.000000 0.000000 -0.000000
vn 1.000000 0.000000 -0.000000
vn 1.000000 0.000000 -0.000000
vn 1.000000 0.000000 -0.000000
vn 0.008957 0.147124 -0.989078
vn 0.008957 0.147123 -0.989078
vn 0.008957 0.147124 -0.989078
vn 0.008957 0.147123 -0.989078
vn -0.986606 0.163121 -0.000000
vn -0.986606 0.163121 -0.000000
vn -0.986606 0.163121 -0.000000
vn -0.986606 0.163121 -0.000000
vn -0.999962 0.008684 -0.000179
vn -0.999958 0.009140 0.000162
vn -0.999967 0.008051 -0.000653
vn -0.999954 0.009560 0.000476
vn -0.000000 1.000000 -0.000000
vn -0.000000 1.000000 -0.000000
vn -0.000000 1.000000 -0.000000
vn -0.000000 1.000000 -0.000000
vn -0.000000 1.000000 -0.000000
vn -0.000000 1.000000 -0.000000
vn -0.000000 1.000000 -0.000000
vn -0.000000 1.000000 -0.000000
vn -0.000000 1.000000 -0.000000
vn -0.000000 1.000000 -0.000000
vn 1.000000 0.000000 -0.000000
vn 1.000000 0.000000 -0.000000
vn 1.000000 0.000000 -0.000000
vn 1.000000 0.000000 -0.000000
vn -0.000000 0.999713 0.023967
vn -0.000000 0.999713 0.023967
vn -0.000000 0.999713 0.023967
vn -0.000000 0.999713 0.023965
vn 0.998804 0.048883 -0.000000
vn 0.998804 0.048883 -0.000000
vn 0.998805 0.048883 -0.000000
vn 0.998804 0.048884 -0.000000
vn -0.000000 -0.043287 0.999063
vn -0.000000 -0.043287 0.999063
vn -0.000000 -0.043287 0.999063
vn -0.000000 -0.043287 0.999063
vn 0.011173 0.198913 0.979954
vn 0.011173 0.198913 0.979954
vn 0.011173 0.198913 0.979954
vn 0.011173 0.198913 0.979954
vn 0.997904 -0.064706 0.000000
vn 0.997904 -0.064707 0.000000
vn 0.997904 -0.064707 0.000000
vn 0.997904 -0.064706 0.000000
vn -0.706158 0.034561 0.707211
vn -0.706158 0.034561 0.707210
vn -0.706157 0.034560 0.707211
vn -0.706158 0.034561 0.707210
vn -0.000000 -0.000000 -1.000000
vn -0.000000 -0.000000 -1.000000
vn -0.000000 -0.000000 -1.000000
vn -0.000000 -0.000000 -1.000000
vn 0.055989 0.996765 0.057656
vn 0.055989 0.996765 0.057656
vn 0.055989 0.996765 0.057656
vn 0.055989 0.996765 0.057657
vn -0.707017 -0.023678 0.706800
vn -0.707018 -0.023678 0.706799
vn -0.707017 -0.023679 0.706800
vn -0.707018 -0.023677 0.706799
vn -0.020346 0.999222 -0.033799
vn -0.010915 0.999482 -0.030263
vn -0.087242 0.994980 -0.049026
vn 0.028121 0.999101 -0.031735
vn 0.018962 0.999418 -0.028346
vn 0.109557 0.992765 -0.049136
vn 0.999962 -0.008685 0.000179
vn 0.999958 -0.009140 -0.000162
vn 0.999954 -0.009560 -0.000476
vn 0.999967 -0.008051 0.000653
vn 0.986606 0.163122 -0.000000
vn 0.986606 0.163121 -0.000000
vn 0.986606 0.163121 -0.000000
vn 0.986606 0.163122 -0.000000
vn -0.558947 0.000000 0.829204
vn -0.558947 0.000000 0.829204
vn -0.558947 0.000000 0.829204
vn -0.558947 0.000000 0.829204
vn 1.000000 0.000000 -0.000000
vn 1.000000 0.000000 -0.000000
vn 1.000000 0.000000 -0.000000
vn 1.000000 0.000000 -0.000000
vn -0.000000 -1.000000 0.000000
vn -0.000000 -1.000000 0.000000
vn -0.000000 -1.000000 0.000000
vn -0.000000 -1.000000 0.000000
vn -0.000000 -1.000000 0.000000
vn -0.000000 -1.000000 0.000000
vn -0.000000 -1.000000 0.000000
vn -0.000000 -1.000000 0.000000
vn -0.000000 -1.000000 0.000000
vn -0.000000 -1.000000 0.000000
vn -0.000000 0.999713 0.023967
vn -0.000000 0.999713 0.023967
vn -0.000000 0.999713 0.023967
vn -0.000000 0.999713 0.023967
vn -0.064758 0.993717 -0.091290
vn -0.055347 0.994599 -0.087799
vn -0.131400 0.985638 -0.106075
vn -0.016332 0.995867 -0.089346
vn -0.025497 0.995973 -0.085958
vn 0.065305 0.992159 -0.106562
vn -0.000000 0.000000 1.000000
vn -0.000000 0.000000 1.000000
vn -0.000000 0.000000 1.000000
vn -0.000000 0.000000 1.000000
vn -1.000000 0.000000 -0.000000
vn -1.000000 0.000000 -0.000000
vn -1.000000 0.000000 -0.000000
vn -1.000000 0.000000 -0.000000
vn -0.000000 -0.000000 -1.000000
vn -0.000000 -0.000000 -1.000000
vn -0.000000 -0.000000 -1.000000
vn -0.000000 -0.000000 -1.000000
vn 0.706159 0.034561 0.707210
vn 0.706158 0.034561 0.707210
vn 0.706158 0.034560 0.707210
vn 0.706159 0.034561 0.707210
vn -0.999485 -0.032089 0.000000
vn -0.999485 -0.032090 0.000000
vn -0.999485 -0.032089 0.000000
vn -0.999485 -0.032090 0.000000
vn 0.009274 0.163644 -0.986476
vn 0.009274 0.163644 -0.986476
vn 0.009274 0.163644 -0.986476
vn 0.009274 0.163644 -0.986476
vn -0.000000 1.000000 -0.000000
vn -0.000000 1.000000 -0.000000
vn -0.000000 1.000000 -0.000000
vn -0.000000 1.000000 -0.000000
vn -0.000000 1.000000 -0.000000
vn -0.000000 1.000000 -0.000000
vn -0.000000 1.000000 -0.000000
vn -0.000000 1.000000 -0.000000
vn -0.000000 0.999713 0.023967
vn -0.000000 0.999713 0.023967
vn -0.000000 0.999713 0.023967
vn -0.000000 0.999713 0.023967
vn 0.039856 0.997982 0.049429
vn 0.039856 0.997982 0.049429
vn 0.039857 0.997982 0.049430
vn 0.039856 0.997982 0.049429
vn -0.706698 0.022689 0.707151
vn -0.706698 0.022689 0.707151
vn -0.706699 0.022689 0.707151
vn -0.706698 0.022689 0.707152
vn -0.007157 0.179205 0.983786
vn -0.007157 0.179206 0.983786
vn -0.007157 0.179205 0.983786
vn -0.007157 0.179206 0.983786
vn -0.000000 -0.023966 0.999713
vn -0.000000 -0.023966 0.999713
vn -0.000000 -0.023966 0.999713
vn -0.000000 -0.023966 0.999713
vn -0.997904 0.064706 -0.000000
vn -0.997904 0.064706 -0.000000
vn -0.997904 0.064706 -0.000000
vn -0.997904 0.064706 -0.000000
vn -0.000000 -1.000000 0.000000
vn -0.000000 -1.000000 0.000000
vn -0.000000 -1.000000 0.000000
vn -0.000000 -1.000000 0.000000
vn -0.000000 0.023966 -0.999713
vn -0.000000 0.023966 -0.999713
vn -0.000000 0.023966 -0.999713
vn -0.000000 0.023966 -0.999713
vn -0.000000 0.000000 1.000000
vn -0.000000 0.000000 1.000000
vn -0.000000 0.000000 1.000000
vn -0.000000 0.000000 1.000000
vn -0.000000 0.000000 1.000000
vn -0.000000 0.000000 1.000000
vn -0.000000 0.000000 1.000000
vn -0.000000 0.000000 1.000000
vn 0.010901 0.179053 0.983779
vn 0.010901 0.179053 0.983779
vn 0.010901 0.179052 0.983779
vn 0.010901 0.179053 0.983779
vn -0.999485 0.032089 -0.000000
vn -0.999485 0.032089 -0.000000
vn -0.999485 0.032089 -0.000000
vn -0.999485 0.032089 -0.000000
vn -0.705626 0.045754 0.707106
vn -0.705624 0.045754 0.707107
vn -0.705624 0.045754 0.707108
vn -0.705626 0.045754 0.707106
vn -0.000000 0.000000 1.000000
vn -0.000000 0.000000 1.000000
vn -0.000000 0.000000 1.000000
vn -0.000000 0.000000 1.000000
vn -0.000000 0.000000 1.000000
vn -0.000000 0.000000 1.000000
vn -0.000000 0.000000 1.000000
vn -0.000000 0.000000 1.000000
vn 0.706159 -0.034561 0.707210
vn 0.706158 -0.034560 0.707210
vn 0.706159 -0.034561 0.707210
vn 0.706158 -0.034560 0.707210
vn -0.070043 0.991508 -0.109574
vn 0.013578 0.995767 -0.090903
vn 0.023890 0.995785 -0.088552
vn 0.055584 0.994522 -0.088529
vn 0.065888 0.993681 -0.090872
vn 0.148706 0.982813 -0.109388
vn -0.169111 0.979516 -0.109317
vn -0.086623 0.992091 -0.090845
vn -0.076339 0.993146 -0.088506
vn -0.034387 0.995267 -0.090893
vn -0.044684 0.995070 -0.088542
vn 0.049321 0.992751 -0.109599
vn -0.006071 0.206957 0.978331
vn -0.006071 0.206956 0.978331
vn -0.006071 0.206957 0.978331
vn -0.006071 0.206956 0.978331
vn -0.000000 -0.023966 0.999713
vn -0.000000 -0.023966 0.999713
vn -0.000000 -0.023966 0.999713
vn -0.000000 -0.023966 0.999713
vn -0.000000 0.061892 -0.998083
vn -0.000000 -0.000000 -1.000000
vn -0.000000 0.061892 -0.998083
vn -0.000000 -0.000000 -1.000000
vn -0.000000 -0.061891 -0.998083
vn -0.000000 -0.061891 -0.998083
vn 0.997904 -0.064707 0.000000
vn 0.997904 -0.064706 0.000000
vn 0.997904 -0.064706 0.000000
vn 0.997904 -0.064707 0.000000
vn -0.000000 0.023966 -0.999713
vn -0.000000 0.023966 -0.999713
vn -0.000000 0.023966 -0.999713
vn -0.000000 0.023966 -0.999713
vn 0.999999 -0.001200 0.000000
vn 0.999999 -0.001200 0.000000
vn 0.999999 -0.001200 0.000000
vn 0.999999 -0.001200 0.000000
vn 0.000489 0.109892 0.993943
vn 0.000489 0.109892 0.993943
vn 0.000489 0.109892 0.993943
vn 0.000489 0.109892 0.993943
vn 0.060693 0.996932 0.049419
vn 0.060693 0.996932 0.049419
vn 0.060693 0.996932 0.049419
vn 0.060692 0.996932 0.049419
vn -0.998804 0.048883 -0.000000
vn -0.998804 0.048883 -0.000000
vn -0.998805 0.048883 -0.000000
vn -0.998804 0.048884 -0.000000
vn -0.998804 0.048884 -0.000000
vn -0.998805 0.048883 -0.000000
vn -0.998804 0.048884 -0.000000
vn -0.998805 0.048883 -0.000000
vn -0.000000 0.999713 0.023967
vn -0.000000 0.999713 0.023967
vn -0.000000 0.999713 0.023967
vn -0.000000 0.999713 0.023967
vn 0.000487 0.183566 -0.983007
vn 0.000487 0.183566 -0.983007
vn 0.000487 0.183566 -0.983007
vn 0.000487 0.183566 -0.983007
vn -0.999485 0.032089 -0.000000
vn -0.999485 0.032089 -0.000000
vn -0.999485 0.032089 -0.000000
vn -0.999485 0.032089 -0.000000
vn 0.999485 0.032089 -0.000000
vn 0.999485 0.032088 -0.000000
vn 0.999485 0.032088 -0.000000
vn 0.999485 0.032089 -0.000000
vn 0.999485 0.032089 -0.000000
vn 0.999485 0.032089 -0.000000
vn 0.999485 0.032088 -0.000000
vn 0.999485 0.032089 -0.000000
vn 0.998804 0.048884 -0.000000
vn 0.998804 0.048883 -0.000000
vn 0.998805 0.048883 -0.000000
vn 0.998804 0.048884 -0.000000
vn -0.000000 0.000000 1.000000
vn -0.000000 0.000000 1.000000
vn -0.000000 0.000000 1.000000
vn -0.000000 0.000000 1.000000
vn -0.000000 0.023966 -0.999713
vn -0.000000 0.023966 -0.999713
vn -0.000000 0.023966 -0.999713
vn -0.000000 0.023966 -0.999713
vn 0.708280 0.029135 0.705330
vn 0.708279 0.029135 0.705331
vn 0.708279 0.029135 0.705331
vn 0.708280 0.029135 0.705330
vn -0.998804 -0.048884 0.000000
vn -0.998804 -0.048883 0.000000
vn -0.998804 -0.048884 0.000000
vn -0.998804 -0.048884 0.000000
vn -0.999448 -0.033133 0.002476
vn -0.999448 -0.033134 0.002476
vn -0.999448 -0.033133 0.002476
vn -0.999448 -0.033133 0.002476
vn -0.000000 -0.000000 -1.000000
vn -0.233194 -0.000000 -0.972430
vn -0.233194 -0.000000 -0.972430
vn -0.000000 -0.000000 -1.000000
vn 0.233194 -0.000000 -0.972430
vn 0.233194 -0.000000 -0.972430
vn 0.706698 -0.022688 0.707151
vn 0.706698 -0.022688 0.707151
vn 0.706698 -0.022688 0.707151
vn 0.706698 -0.022689 0.707151
vn 1.000000 0.000000 -0.000000
vn 1.000000 0.000000 -0.000000
vn 1.000000 0.000000 -0.000000
vn 1.000000 0.000000 -0.000000
vn 1.000000 0.000000 -0.000000
vn 0.997710 -0.016011 -0.065711
vn 1.000000 0.000000 -0.000000
vn 0.998101 -0.021708 -0.057652
vn 0.913339 -0.010789 -0.407058
vn 0.910549 -0.000000 -0.413400
vn 0.786596 -0.000000 -0.617468
vn 0.786596 -0.000000 -0.617468
vn -0.060693 0.996932 0.049419
vn -0.060693 0.996932 0.049419
vn -0.060693 0.996932 0.049419
vn -0.060692 0.996932 0.049419
vn 0.986606 0.163123 -0.000000
vn 0.986606 0.163123 -0.000000
vn 0.986606 0.163123 -0.000000
vn 0.986606 0.163123 -0.000000
vn -0.010901 0.179053 0.983779
vn -0.010901 0.179053 0.983779
vn -0.010901 0.179053 0.983779
vn -0.010901 0.179052 0.983779
vn 0.998804 -0.048884 0.000000
vn 0.998804 -0.048884 0.000000
vn 0.998804 -0.048884 0.000000
vn 0.998804 -0.048884 0.000000
vn 0.705625 -0.045753 0.707107
vn 0.705625 -0.045753 0.707107
vn 0.705625 -0.045753 0.707106
vn 0.705626 -0.045753 0.707106
vn 0.706699 0.022689 0.707151
vn 0.706699 0.022689 0.707150
vn 0.706698 0.022689 0.707151
vn 0.706698 0.022689 0.707151
vn 0.999952 -0.009733 -0.000557
vn 0.999953 -0.009667 -0.000481
vn 0.999953 -0.009730 -0.000554
vn 0.999952 -0.009797 -0.000632
vn -0.000000 0.163112 -0.986608
vn -0.000000 0.163112 -0.986608
vn -0.000000 0.163112 -0.986608
vn -0.000000 0.163112 -0.986608
vn 0.003073 0.999687 0.024824
vn 0.003073 0.999687 0.024823
vn 0.003073 0.999687 0.024824
vn 0.003073 0.999687 0.024824
vn -1.000000 0.000000 -0.000000
vn -1.000000 0.000000 -0.000000
vn -1.000000 0.000000 -0.000000
vn -1.000000 0.000000 -0.000000
vn -0.999999 -0.001200 0.000000
vn -0.999999 -0.001200 0.000000
vn -0.999999 -0.001200 0.000000
vn -0.999999 -0.001200 0.000000
vn -0.000000 -0.000000 -1.000000
vn -0.000000 -0.061891 -0.998083
vn -0.000000 -0.061891 -0.998083
vn -0.000000 -0.000000 -1.000000
vn -0.000000 0.061892 -0.998083
vn -0.000000 0.061892 -0.998083
vn -0.008866 0.155804 -0.987748
vn -0.008866 0.155804 -0.987748
vn -0.008866 0.155804 -0.987748
vn -0.008866 0.155804 -0.987748
vn -1.000000 0.000000 -0.000000
vn -1.000000 0.000000 -0.000000
vn -1.000000 0.000000 -0.000000
vn -1.000000 0.000000 -0.000000
vn -0.000000 -0.000000 -1.000000
vn -0.000000 -0.000000 -1.000000
vn -0.000000 -0.000000 -1.000000
vn -0.000000 -0.000000 -1.000000
vn -0.000000 -0.000000 -1.000000
vn -0.000000 0.163112 -0.986608
vn -0.000000 0.163112 -0.986608
vn -0.000000 0.163112 -0.986608
vn -0.000000 0.163112 -0.986608
vn -0.999448 -0.033133 0.002476
vn -0.999448 -0.033133 0.002476
vn -0.999448 -0.033133 0.002476
vn -0.999448 -0.033133 0.002476
vn -0.705154 -0.017722 0.708832
vn -0.705153 -0.017722 0.708833
vn -0.705156 -0.017723 0.708831
vn -0.705156 -0.017723 0.708830
vn 0.999448 0.033133 -0.002476
vn 0.999448 0.033133 -0.002476
vn 0.999448 0.033133 -0.002476
vn 0.999448 0.033133 -0.002476
vn 0.999485 -0.032089 0.000000
vn 0.999485 -0.032090 0.000000
vn 0.999485 -0.032089 0.000000
vn 0.999485 -0.032088 0.000000
vn -0.039856 0.997982 0.049429
vn -0.039856 0.997982 0.049429
vn -0.039857 0.997982 0.049430
vn -0.039856 0.997982 0.049429
vn -0.000000 0.000000 1.000000
vn -0.000000 0.000000 1.000000
vn -0.000000 0.000000 1.000000
vn -0.000000 0.000000 1.000000
vn -0.005881 0.147249 -0.989082
vn -0.005881 0.147249 -0.989082
vn -0.005881 0.147249 -0.989082
vn -0.005881 0.147249 -0.989082
vn -1.000000 0.000000 -0.000000
vn -1.000000 0.000000 -0.000000
vn -1.000000 0.000000 -0.000000
vn -1.000000 0.000000 -0.000000
vn -0.999485 -0.032089 0.000000
vn -0.999485 -0.032090 0.000000
vn -0.999485 -0.032089 0.000000
vn -0.999485 -0.032089 0.000000
vn -1.000000 0.000000 -0.000000
vn -1.000000 0.000000 -0.000000
vn -1.000000 0.000000 -0.000000
vn -1.000000 0.000000 -0.000000
vn -0.999953 0.009729 0.000553
vn -0.999953 0.009667 0.000481
vn -0.999952 0.009732 0.000557
vn -0.999952 0.009796 0.000631
vn -0.000000 0.163112 0.986608
vn -0.000000 0.163112 0.986608
vn -0.000000 0.163112 0.986608
vn -0.000000 0.163112 0.986608
vn 0.999485 -0.032089 0.000000
vn 0.999485 -0.032089 0.000000
vn 0.999485 -0.032089 0.000000
vn 0.999485 -0.032089 0.000000
vn 0.007157 0.179206 0.983786
vn 0.007157 0.179205 0.983786
vn 0.007157 0.179205 0.983786
vn 0.007157 0.179206 0.983786
vn 0.998383 0.056261 -0.008105
vn 0.990342 0.026901 -0.136014
vn 0.999982 0.000141 -0.006000
vn 0.979267 -0.000000 -0.202576
vn 1.000000 0.000552 -0.000000
vn 0.979267 -0.000000 -0.202576
vn 0.979267 -0.000000 -0.202576
vn 0.990361 -0.026524 -0.135946
vn 1.000000 0.000000 -0.000000
vn 1.000000 0.000000 -0.000000
vn 1.000000 0.000000 -0.000000
vn 0.998370 -0.056550 -0.007723
vn 0.979267 -0.000000 -0.202576
vn 1.000000 0.000000 -0.000000
vn 1.000000 0.000000 -0.000000
vn 0.979267 -0.000000 -0.202576
vn 0.979267 -0.000000 -0.202576
vn -0.999982 0.000141 -0.006000
vn -0.990361 -0.026524 -0.135946
vn -1.000000 0.000552 -0.000000
vn -0.990342 0.026901 -0.136014
vn -0.998370 -0.056550 -0.007723
vn -0.998383 0.056261 -0.008105
vn -0.979267 -0.000000 -0.202576
vn -0.979267 -0.000000 -0.202576
vn -0.979267 -0.000000 -0.202576
vn -0.979267 -0.000000 -0.202576
vn -0.979267 -0.000000 -0.202576
vn -0.979267 -0.000000 -0.202576
vn -1.000000 0.000000 -0.000000
vn -1.000000 0.000000 -0.000000
vn -1.000000 0.000000 -0.000000
vn -1.000000 0.000000 -0.000000
vn -1.000000 0.000000 -0.000000
f 1/1/1 2/2/2 3/3/3
f 4/4/4 5/5/5 6/6/6
f 7/7/7 8/8/8 9/9/9
f 10/10/10 11/11/11 12/12/12
f 13/13/13 14/14/14 15/15/15
f 13/13/13 16/16/16 14/14/14
f 17/17/17 18/18/18 19/19/19
f 20/20/20 18/18/18 17/17/17
f 20/20/20 17/17/17 21/21/21
f 22/22/22 21/21/21 17/17/17
f 21/21/21 22/22/22 23/23/23
f 24/24/24 23/23/23 22/22/22
f 25/25/25 23/23/23 24/24/24
f 25/25/25 24/24/24 26/26/26
f 27/27/27 28/28/28 29/29/29
f 30/30/30 28/28/28 27/27/27
f 31/31/31 28/28/28 30/30/30
f 31/31/31 32/32/32 28/28/28
f 28/28/28 32/32/32 33/33/33
f 34/34/34 32/32/32 31/31/31
f 32/32/32 34/34/34 35/35/35
f 35/35/35 34/34/34 36/36/36
f 37/37/37 38/38/38 39/39/39
f 37/37/37 40/40/40 38/38/38
f 41/41/41 42/42/42 43/43/43
f 41/41/41 44/44/44 42/42/42
f 45/45/45 46/46/46 47/47/47
f 45/45/45 48/48/48 46/46/46
f 49/49/49 50/50/50 51/51/51
f 49/49/49 52/52/52 50/50/50
f 53/53/53 54/54/54 55/55/55
f 53/53/53 56/56/56 54/54/54
f 57/57/57 58/58/58 59/59/59
f 57/57/57 60/60/60 58/58/58
f 61/61/61 62/62/62 63/63/63
f 61/61/61 64/64/64 62/62/62
f 65/65/65 66/66/66 67/67/67
f 65/65/65 68/68/68 66/66/66
f 69/69/69 70/70/70 71/71/71
f 72/72/72 70/70/70 69/69/69
f 73/73/73 70/70/70 72/72/72
f 70/70/70 73/73/73 74/74/74
f 75/75/75 74/74/74 73/73/73
f 74/74/74 75/75/75 76/76/76
f 77/77/77 74/74/74 76/76/76
f 77/77/77 78/78/78 74/74/74
f 79/79/79 78/78/78 77/77/77
f 79/79/79 77/77/77 80/80/80
f 81/81/81 82/82/82 83/83/83
f 81/81/81 84/84/84 82/82/82
f 85/85/85 86/86/86 87/87/87
f 85/85/85 88/88/88 86/86/86
f 89/89/89 90/90/90 91/91/91
f 89/89/89 92/92/92 90/90/90
f 93/93/93 94/94/94 95/95/95
f 93/93/93 96/96/96 94/94/94
f 97/97/97 98/98/98 99/99/99
f 97/97/97 100/100/100 98/98/98
f 101/101/101 102/102/102 103/103/103
f 101/101/101 104/104/104 102/102/102
f 105/105/105 106/106/106 107/107/107
f 107/107/107 106/106/106 108/108/108
f 108/108/108 106/106/106 109/109/109
f 110/110/110 111/111/111 112/112/112
f 110/110/110 113/113/113 111/111/111
f 114/114/114 115/115/115 116/116/116
f 114/114/114 117/117/117 115/115/115
f 118/118/118 119/119/119 120/120/120
f 118/118/118 121/121/121 119/119/119
f 122/122/122 123/123/123 124/124/124
f 122/122/122 125/125/125 123/123/123
f 126/126/126 127/127/127 128/128/128
f 126/126/126 129/129/129 127/127/127
f 130/130/130 131/131/131 132/132/132
f 130/130/130 133/133/133 131/131/131
f 134/134/134 135/135/135 136/136/136
f 134/134/134 137/137/137 135/135/135
f 138/138/138 139/139/139 140/140/140
f 139/139/139 138/138/138 141/141/141
f 139/139/139 141/141/141 142/142/142
f 142/142/142 141/141/141 143/143/143
f 144/144/144 145/145/145 146/146/146
f 144/144/144 147/147/147 145/145/145
f 148/148/148 149/149/149 150/150/150
f 148/148/148 151/151/151 149/149/149
f 152/152/152 153/153/153 154/154/154
f 152/152/152 155/155/155 153/153/153
f 156/156/156 157/157/157 158/158/158
f 156/156/156 159/159/159 157/157/157
f 160/160/160 161/161/161 162/162/162
f 160/160/160 163/163/163 161/161/161
f 164/164/164 165/165/165 166/166/166
f 164/164/164 167/167/167 165/165/165
f 168/168/168 169/169/169 170/170/170
f 171/171/171 169/169/169 168/168/168
f 169/169/169 171/171/171 172/172/172
f 173/173/173 172/172/172 171/171/171
f 174/174/174 172/172/172 173/173/173
f 174/174/174 173/173/173 175/175/175
f 174/174/174 175/175/175 176/176/176
f 177/177/177 172/172/172 174/174/174
f 172/172/172 177/177/177 178/178/178
f 178/178/178 177/177/177 179/179/179
f 178/178/178 179/179/179 180/180/180
f 181/181/181 182/182/182 183/183/183
f 182/182/182 181/181/181 184/184/184
f 182/182/182 184/184/184 185/185/185
f 185/185/185 184/184/184 186/186/186
f 187/187/187 188/188/188 189/189/189
f 187/187/187 190/190/190 188/188/188
f 191/191/191 192/192/192 193/193/193
f 191/191/191 194/194/194 192/192/192
f 195/195/195 196/196/196 197/197/197
f 195/195/195 198/198/198 196/196/196
f 199/199/199 200/200/200 201/201/201
f 202/202/202 200/200/200 199/199/199
f 203/203/203 200/200/200 202/202/202
f 203/203/203 204/204/204 200/200/200
f 205/205/205 204/204/204 203/203/203
f 205/205/205 206/206/206 204/204/204
f 207/207/207 206/206/206 205/205/205
f 208/208/208 206/206/206 207/207/207
f 209/209/209 206/206/206 208/208/208
f 210/210/210 209/209/209 208/208/208
f 211/211/211 209/209/209 210/210/210
f 212/212/212 209/209/209 211/211/211
f 213/213/213 214/214/214 215/215/215
f 216/216/216 214/214/214 213/213/213
f 216/216/216 213/213/213 217/217/217
f 216/216/216 217/217/217 218/218/218
f 219/219/219 220/220/220 221/221/221
f 219/219/219 222/222/222 220/220/220
f 223/223/223 222/222/222 219/219/219
f 222/222/222 223/223/223 224/224/224
f 222/222/222 224/224/224 225/225/225
f 224/224/224 223/223/223 226/226/226
f 224/224/224 226/226/226 227/227/227
f 227/227/227 226/226/226 228/228/228
f 226/226/226 223/223/223 229/229/229
f 226/226/226 229/229/229 230/230/230
f 223/223/223 231/231/231 229/229/229
f 229/229/229 231/231/231 232/232/232
f 232/232/232 231/231/231 233/233/233
f 234/234/234 235/235/235 236/236/236
f 234/234/234 237/237/237 235/235/235
f 238/238/238 239/239/239 240/240/240
f 238/238/238 241/241/241 239/239/239
f 242/242/242 243/243/243 244/244/244
f 242/242/242 245/245/245 243/243/243
f 246/246/246 247/247/247 248/248/248
f 246/246/246 249/249/249 247/247/247
f 250/250/250 251/251/251 252/252/252
f 253/253/253 251/251/251 250/250/250
f 254/254/254 251/251/251 253/253/253
f 255/255/255 251/251/251 254/254/254
f 256/256/256 255/255/255 254/254/254
f 255/255/255 256/256/256 257/257/257
f 257/257/257 256/256/256 258/258/258
f 257/257/257 258/258/258 259/259/259
f 260/260/260 261/261/261 262/262/262
f 260/260/260 263/263/263 261/261/261
f 264/264/264 265/265/265 266/266/266
f 264/264/264 267/267/267 265/265/265
f 268/268/268 269/269/269 270/270/270
f 268/268/268 271/271/271 269/269/269
f 272/272/272 273/273/273 274/274/274
f 272/272/272 275/275/275 273/273/273
f 276/276/276 277/277/277 278/278/278
f 276/276/276 279/279/279 277/277/277
f 280/280/280 281/281/281 282/282/282
f 280/280/280 283/283/283 281/281/281
f 284/284/284 285/285/285 286/286/286
f 284/284/284 287/287/287 285/285/285
f 288/288/288 289/289/289 290/290/290
f 288/288/288 291/291/291 289/289/289
f 292/292/292 293/293/293 294/294/294
f 292/292/292 295/295/295 293/293/293
f 296/296/296 297/297/297 298/298/298
f 296/296/296 299/299/299 297/297/297
f 300/300/300 301/301/301 302/302/302
f 301/301/301 300/300/300 303/303/303
f 301/301/301 303/303/303 304/304/304
f 304/304/304 303/303/303 305/305/305
f 306/306/306 307/307/307 308/308/308
f 306/306/306 309/309/309 307/307/307
f 310/310/310 311/311/311 312/312/312
f 310/310/310 313/313/313 311/311/311
f 314/314/314 315/315/315 316/316/316
f 314/314/314 317/317/317 315/315/315
f 318/318/318 319/319/319 320/320/320
f 318/318/318 321/321/321 319/319/319
f 322/322/322 323/323/323 324/324/324
f 322/322/322 325/325/325 323/323/323
f 325/325/325 322/322/322 326/326/326
f 327/327/327 326/326/326 322/322/322
f 328/328/328 326/326/326 327/327/327
f 329/329/329 323/323/323 325/325/325
f 330/330/330 323/323/323 329/329/329
f 323/323/323 330/330/330 331/331/331
f 332/332/332 333/333/333 334/334/334
f 332/332/332 335/335/335 333/333/333
f 336/336/336 337/337/337 338/338/338
f 337/337/337 336/336/336 339/339/339
f 337/337/337 339/339/339 340/340/340
f 340/340/340 339/339/339 341/341/341
f 342/342/342 343/343/343 344/344/344
f 342/342/342 345/345/345 343/343/343
f 346/346/346 347/347/347 348/348/348
f 346/346/346 349/349/349 347/347/347
f 350/350/350 351/351/351 352/352/352
f 350/350/350 353/353/353 351/351/351
f 354/354/354 355/355/355 356/356/356
f 354/354/354 357/357/357 355/355/355
f 358/358/358 359/359/359 360/360/360
f 358/358/358 361/361/361 359/359/359
f 362/362/362 363/363/363 364/364/364
f 362/362/362 365/365/365 363/363/363
f 366/366/366 367/367/367 368/368/368
f 366/366/366 369/369/369 367/367/367
f 370/370/370 371/371/371 372/372/372
f 370/370/370 373/373/373 371/371/371
f 374/374/374 375/375/375 376/376/376
f 374/374/374 377/377/377 375/375/375
f 378/378/378 379/379/379 380/380/380
f 378/378/378 381/381/381 379/379/379
f 382/382/382 383/383/383 384/384/384
f 382/382/382 385/385/385 383/383/383
f 386/386/386 387/387/387 388/388/388
f 386/386/386 389/389/389 387/387/387
f 390/390/390 391/391/391 392/392/392
f 390/390/390 393/393/393 391/391/391
f 394/394/394 395/395/395 396/396/396
f 394/394/394 397/397/397 395/395/395
f 398/398/398 399/399/399 400/400/400
f 398/398/398 401/401/401 399/399/399
f 402/402/402 403/403/403 404/404/404
f 402/402/402 405/405/405 403/403/403
f 406/406/406 407/407/407 408/408/408
f 406/406/406 409/409/409 407/407/407
f 410/410/410 411/411/411 412/412/412
f 410/410/410 413/413/413 411/411/411
f 414/414/414 415/415/415 416/416/416
f 414/414/414 417/417/417 415/415/415
f 418/418/418 419/419/419 420/420/420
f 418/418/418 421/421/421 419/419/419
f 422/422/422 423/423/423 424/424/424
f 422/422/422 425/425/425 423/423/423
f 426/426/426 427/427/427 428/428/428
f 426/426/426 429/429/429 427/427/427
f 430/430/430 431/431/431 432/432/432
f 430/430/430 433/433/433 431/431/431
f 434/434/434 435/435/435 436/436/436
f 434/434/434 437/437/437 435/435/435
f 438/438/438 439/439/439 440/440/440
f 439/439/439 441/441/441 440/440/440
f 439/439/439 442/442/442 441/441/441
f 441/441/441 442/442/442 443/443/443
f 444/444/444 445/445/445 446/446/446
f 447/447/447 446/446/446 445/445/445
f 447/447/447 448/448/448 446/446/446
f 448/448/448 447/447/447 449/449/449
f 450/450/450 451/451/451 452/452/452
f 450/450/450 453/453/453 451/451/451
f 454/454/454 455/455/455 456/456/456
f 454/454/454 457/457/457 455/455/455
f 458/458/458 459/459/459 460/460/460
f 458/458/458 461/461/461 459/459/459
f 461/461/461 462/462/462 459/459/459
f 461/461/461 463/463/463 462/462/462
f 464/464/464 465/465/465 466/466/466
f 464/464/464 467/467/467 465/465/465
f 468/468/468 469/469/469 470/470/470
f 468/468/468 470/470/470 471/471/471
f 472/472/472 473/473/473 474/474/474
f 472/472/472 475/475/475 473/473/473
f 476/476/476 477/477/477 478/478/478
f 476/476/476 479/479/479 477/477/477
f 480/480/480 481/481/481 482/482/482
f 480/480/480 483/483/483 481/481/481
f 484/484/484 485/485/485 486/486/486
f 484/484/484 487/487/487 485/485/485
f 488/488/488 489/489/489 490/490/490
f 488/488/488 491/491/491 489/489/489
f 492/492/492 493/493/493 494/494/494
f 492/492/492 495/495/495 493/493/493
f 496/496/496 497/497/497 498/498/498
f 496/496/496 499/499/499 497/497/497
f 500/500/500 501/501/501 502/502/502
f 500/500/500 503/503/503 501/501/501
f 504/504/504 505/505/505 506/506/506
f 504/504/504 507/507/507 505/505/505
f 508/508/508 509/509/509 510/510/510
f 508/508/508 511/511/511 509/509/509
f 512/512/512 513/513/513 514/514/514
f 512/512/512 515/515/515 513/513/513
f 516/516/516 517/517/517 518/518/518
f 516/516/516 518/518/518 519/519/519
f 520/520/520 521/521/521 522/522/522
f 520/520/520 523/523/523 521/521/521
f 524/524/524 525/525/525 526/526/526
f 524/524/524 526/526/526 527/527/527
f 528/528/528 529/529/529 530/530/530
f 528/528/528 530/530/530 531/531/531
f 532/532/532 533/533/533 534/534/534
f 532/532/532 534/534/534 535/535/535
f 536/536/536 537/537/537 538/538/538
f 536/536/536 538/538/538 539/539/539
f 540/540/540 536/536/536 539/539/539
f 540/540/540 539/539/539 541/541/541
f 542/542/542 543/543/543 544/544/544
f 542/542/542 544/544/544 545/545/545
f 546/546/546 547/547/547 548/548/548
f 546/546/546 549/549/549 547/547/547
f 549/549/549 546/546/546 550/550/550
f 546/546/546 551/551/551 550/550/550
f 550/550/550 551/551/551 552/552/552
f 552/552/552 551/551/551 553/553/553
f 551/551/551 554/554/554 553/553/553
f 551/551/551 555/555/555 554/554/554
f 555/555/555 556/556/556 554/554/554
f 555/555/555 557/557/557 556/556/556
f 558/558/558 559/559/559 560/560/560
f 558/558/558 560/560/560 561/561/561
f 562/562/562 563/563/563 564/564/564
f 562/562/562 564/564/564 565/565/565
f 566/566/566 567/567/567 568/568/568
f 566/566/566 568/568/568 569/569/569
f 570/570/570 571/571/571 572/572/572
f 570/570/570 572/572/572 573/573/573
f 574/574/574 575/575/575 576/576/576
f 574/574/574 576/576/576 577/577/577
f 578/578/578 579/579/579 580/580/580
f 578/578/578 580/580/580 581/581/581
f 582/582/582 583/583/583 584/584/584
f 582/582/582 584/584/584 585/585/585
f 586/586/586 587/587/587 588/588/588
f 586/586/586 588/588/588 589/589/589
f 590/590/590 591/591/591 592/592/592
f 590/590/590 592/592/592 593/593/593
f 594/594/594 595/595/595 596/596/596
f 594/594/594 596/596/596 597/597/597
f 598/598/598 599/599/599 600/600/600
f 598/598/598 601/601/601 599/599/599
f 602/602/602 603/603/603 604/604/604
f 602/602/602 604/604/604 605/605/605
f 605/605/605 606/606/606 602/602/602
f 605/605/605 607/607/607 606/606/606
f 608/608/608 609/609/609 610/610/610
f 608/608/608 611/611/611 609/609/609
f 612/612/612 613/613/613 614/614/614
f 612/612/612 615/615/615 613/613/613
f 616/616/616 617/617/617 618/618/618
f 617/617/617 616/616/616 619/619/619
f 619/619/619 616/616/616 620/620/620
f 621/621/621 622/622/622 623/623/623
f 621/621/621 623/623/623 624/624/624
f 625/625/625 626/626/626 627/627/627
f 625/625/625 627/627/627 628/628/628
f 629/629/629 630/630/630 631/631/631
f 629/629/629 631/631/631 632/632/632
f 633/633/633 634/634/634 635/635/635
f 633/633/633 635/635/635 636/636/636
f 637/637/637 638/638/638 639/639/639
f 637/637/637 639/639/639 640/640/640
f 641/641/641 642/642/642 643/643/643
f 641/641/641 644/644/644 642/642/642
f 645/645/645 646/646/646 647/647/647
f 645/645/645 647/647/647 648/648/648
f 649/649/649 650/650/650 651/651/651
f 649/649/649 651/651/651 652/652/652
f 653/653/653 654/654/654 655/655/655
f 653/653/653 655/655/655 656/656/656
f 657/657/657 658/658/658 659/659/659
f 657/657/657 659/659/659 660/660/660
f 661/661/661 662/662/662 663/663/663
f 661/661/661 663/663/663 664/664/664
f 665/665/665 666/666/666 667/667/667
f 665/665/665 667/667/667 668/668/668
f 669/669/669 670/670/670 671/671/671
f 669/669/669 671/671/671 672/672/672
f 673/673/673 674/674/674 675/675/675
f 673/673/673 675/675/675 676/676/676
f 677/677/677 678/678/678 679/679/679
f 677/677/677 680/680/680 678/678/678
f 681/681/681 682/682/682 683/683/683
f 684/684/684 682/682/682 681/681/681
f 683/683/683 682/682/682 685/685/685
f 686/686/686 682/682/682 684/684/684
f 686/686/686 684/684/684 687/687/687
f 688/688/688 683/683/683 685/685/685
f 687/687/687 689/689/689 686/686/686
f 690/690/690 689/689/689 687/687/687
f 691/691/691 689/689/689 690/690/690
f 692/692/692 683/683/683 688/688/688
f 693/693/693 692/692/692 688/688/688
f 694/694/694 689/689/689 691/691/691
f 695/695/695 694/694/694 691/691/691
f 688/688/688 696/696/696 693/693/693
f 696/696/696 694/694/694 695/695/695
f 688/688/688 697/697/697 696/696/696
f 697/697/697 694/694/694 696/696/696
f 698/698/698 699/699/699 700/700/700
f 701/701/701 698/698/698 700/700/700
f 702/702/702 699/699/699 698/698/698
f 703/703/703 698/698/698 701/701/701
f 704/704/704 699/699/699 702/702/702
f 705/705/705 703/703/703 701/701/701
f 704/704/704 706/706/706 699/699/699
f 707/707/707 705/705/705 701/701/701
f 704/704/704 708/708/708 706/706/706
f 707/707/707 709/709/709 705/705/705
f 708/708/708 710/710/710 706/706/706
f 711/711/711 710/710/710 708/708/708
f 712/712/712 710/710/710 711/711/711
f 707/707/707 713/713/713 709/709/709
f 713/713/713 710/710/710 712/712/712
f 709/709/709 713/713/713 714/714/714
f 714/714/714 713/713/713 712/712/712
