# Unturned item rip -> Godot (X+Z negated, winding reversed, RH Y-up)
v 0.231622 0.323986 -0.341164
v 0.231622 0.323986 -0.009176
v 0.164638 0.323986 -0.009176
v 0.164638 0.323986 -0.341164
v 0.146333 0.080120 -0.512576
v 0.146333 -0.355413 -0.512576
v 0.221942 -0.355413 -0.512576
v 0.221942 0.080120 -0.512576
v -0.222069 0.032919 0.148028
v -0.222069 0.311711 0.148028
v 0.222069 0.311711 0.148028
v 0.222069 0.032919 0.148028
v 0.000000 0.123192 -0.372249
v -0.355700 0.123192 -0.284446
v -0.355700 0.219015 -0.284446
v 0.000000 0.219015 -0.372249
v 0.355700 0.123192 -0.284446
v 0.355700 0.219015 -0.284446
v 0.222069 0.032919 -0.341164
v -0.222069 0.032919 -0.341164
v -0.222069 0.032919 0.148028
v 0.222069 0.032919 0.148028
v 0.422418 0.115417 -0.289644
v 0.300520 0.115417 -0.322306
v 0.352040 0.115417 -0.270786
v 0.319378 0.115417 -0.392684
v 0.389755 0.115417 -0.411541
v 0.441275 0.115417 -0.360021
v 0.146333 0.058010 -0.453310
v 0.221942 0.058010 -0.453310
v 0.221943 -0.294385 -0.453310
v 0.146333 -0.294385 -0.453310
v -0.036985 0.311711 -0.106909
v -0.036985 0.443157 -0.106909
v -0.036985 0.443157 -0.032939
v -0.036985 0.311711 -0.032939
v -0.146333 0.058010 -0.453310
v -0.146333 -0.294385 -0.453310
v -0.221943 -0.294385 -0.453310
v -0.221943 0.058010 -0.453310
v 0.231622 0.257002 -0.341164
v 0.231622 0.257002 -0.009176
v 0.231622 0.323986 -0.009176
v 0.231622 0.323986 -0.341164
v 0.301022 -0.278066 0.251020
v 0.301022 -0.278066 0.172634
v 0.301022 0.002632 0.172634
v 0.301022 0.002632 0.251020
v 0.000000 0.219015 -0.372249
v 0.386095 0.219015 -0.397882
v 0.355700 0.219015 -0.284446
v 0.000000 0.219015 -0.485685
v -0.386095 0.219015 -0.397882
v -0.355700 0.219015 -0.284446
v -0.036985 0.443157 -0.106909
v 0.036985 0.443157 -0.106909
v 0.036985 0.443157 -0.032939
v -0.036985 0.443157 -0.032939
v -0.250007 0.015395 0.403057
v -0.250007 0.276654 0.403057
v 0.250007 0.276654 0.403057
v 0.250007 0.015395 0.403057
v 0.222069 0.032919 -0.341164
v 0.222069 0.032919 0.148028
v 0.222069 0.311711 0.148028
v 0.222069 0.311711 -0.341164
v -0.386095 0.123192 -0.397882
v -0.160637 0.123192 -0.458293
v -0.386095 0.219015 -0.397882
v 0.000000 0.219015 -0.485685
v 0.000000 0.123192 -0.485685
v 0.160637 0.123192 -0.458293
v 0.386095 0.219015 -0.397882
v 0.386095 0.123192 -0.397882
v -0.231622 0.257002 -0.341164
v -0.231622 0.323986 -0.341164
v -0.231622 0.323986 -0.009176
v -0.231622 0.257002 -0.009176
v -0.346227 -0.006296 0.321656
v -0.346227 0.273661 0.321656
v 0.346226 0.273661 0.321656
v 0.346227 -0.006296 0.321656
v -0.346227 0.273661 0.108002
v 0.346226 0.273661 0.108002
v 0.346226 0.273661 0.321656
v -0.346227 0.273661 0.321656
v -0.375839 -0.343487 0.172634
v -0.375839 -0.343487 0.251020
v -0.327198 -0.351413 0.251020
v -0.327198 -0.351413 0.172634
v 0.327198 -0.351413 0.251020
v 0.327198 -0.351413 0.172634
v 0.375839 -0.343487 0.251020
v 0.375839 -0.343487 0.172634
v -0.146333 -0.294385 -0.453310
v -0.146333 -0.290386 0.172634
v -0.221943 -0.290386 0.172634
v -0.221943 -0.294385 -0.453310
v 0.346226 0.273661 0.108002
v 0.346227 -0.006296 0.108002
v 0.346227 -0.006296 0.321656
v 0.346226 0.273661 0.321656
v -0.222069 0.032919 -0.341164
v -0.222069 0.311711 -0.341164
v -0.222069 0.311711 0.148028
v -0.222069 0.032919 0.148028
v -0.375839 0.039924 0.251020
v -0.375839 0.039924 0.172634
v 0.375839 0.039924 0.172634
v 0.375839 0.039924 0.251020
v -0.146333 0.080120 -0.512576
v -0.146333 -0.294385 -0.453310
v -0.146333 0.058010 -0.453310
v -0.146333 -0.355413 -0.512576
v -0.146333 -0.351413 0.172634
v -0.146333 -0.290386 0.172634
v 0.036985 0.443157 -0.106909
v 0.036985 0.311711 -0.106909
v 0.036985 0.311711 -0.032939
v 0.036985 0.443157 -0.032939
v 0.250007 0.015395 -0.126729
v 0.250007 0.344705 -0.126729
v -0.250007 0.344705 -0.126729
v -0.250007 0.015395 -0.126729
v -0.036985 0.311711 -0.106909
v 0.036985 0.311711 -0.106909
v 0.036985 0.443157 -0.106909
v -0.036985 0.443157 -0.106909
v 0.346226 0.273661 0.108002
v -0.346227 0.273661 0.108002
v -0.346227 -0.006296 0.108002
v 0.346227 -0.006296 0.108002
v 0.164638 0.257002 -0.341164
v 0.164638 0.257002 -0.009176
v 0.231622 0.257002 -0.009176
v 0.231622 0.257002 -0.341164
v 0.375839 0.039924 0.251020
v 0.375839 0.039924 0.172634
v 0.375839 -0.343487 0.172634
v 0.375839 -0.343487 0.251020
v -0.250007 0.344705 -0.126729
v 0.250007 0.344705 -0.126729
v 0.250007 0.344705 0.224258
v -0.250007 0.344705 0.224258
v -0.250007 0.276654 0.403057
v 0.250007 0.276654 0.403057
v -0.222069 0.311711 -0.341164
v 0.222069 0.311711 -0.341164
v 0.222069 0.311711 0.148028
v -0.222069 0.311711 0.148028
v -0.301022 -0.278066 0.172634
v -0.301022 -0.278066 0.251020
v -0.301022 0.002632 0.251020
v -0.301022 0.002632 0.172634
v 0.146333 -0.294385 -0.453310
v 0.221943 -0.294385 -0.453310
v 0.221943 -0.290386 0.172634
v 0.146333 -0.290386 0.172634
v -0.146333 -0.355413 -0.512576
v -0.146333 0.080120 -0.512576
v -0.221943 0.080120 -0.512576
v -0.221943 -0.355413 -0.512576
v 0.346227 -0.006296 0.108002
v -0.346227 -0.006296 0.108002
v -0.346227 -0.006296 0.321656
v 0.346227 -0.006296 0.321656
v 0.250007 0.015395 -0.126729
v -0.250007 0.015395 -0.126729
v -0.250007 0.015395 0.224258
v 0.250007 0.015395 0.224258
v 0.250007 0.015395 0.403057
v -0.250007 0.015395 0.403057
v -0.164638 0.257002 -0.341164
v -0.231622 0.257002 -0.341164
v -0.231622 0.257002 -0.009176
v -0.164638 0.257002 -0.009176
v -0.164638 0.323986 -0.009176
v -0.164638 0.323986 -0.341164
v -0.164638 0.257002 -0.341164
v -0.164638 0.257002 -0.009176
v -0.221943 -0.355413 -0.512576
v -0.221943 -0.351413 0.172634
v -0.146333 -0.351413 0.172634
v -0.146333 -0.355413 -0.512576
v -0.231622 0.323986 -0.341164
v -0.164638 0.323986 -0.341164
v -0.164638 0.323986 -0.009176
v -0.231622 0.323986 -0.009176
v 0.221942 -0.351413 0.172634
v 0.221942 -0.355413 -0.512576
v 0.146333 -0.355413 -0.512576
v 0.146333 -0.351413 0.172634
v -0.036985 0.311711 -0.032939
v -0.036985 0.443157 -0.032939
v 0.036985 0.443157 -0.032939
v 0.036985 0.311711 -0.032939
v 0.164638 0.257002 -0.341164
v 0.164638 0.323986 -0.341164
v 0.164638 0.323986 -0.009176
v 0.164638 0.257002 -0.009176
v -0.346227 0.273661 0.321656
v -0.346227 -0.006296 0.321656
v -0.346227 -0.006296 0.108002
v -0.346227 0.273661 0.108002
v -0.205491 0.124306 -0.049715
v -0.286956 0.075613 -0.027886
v -0.246634 0.075613 0.122596
v -0.337442 0.124306 0.109553
v -0.368420 0.124306 -0.006058
v -0.368420 0.221691 -0.006058
v -0.337442 0.221691 0.109553
v -0.286956 0.270384 -0.027886
v -0.246634 0.270384 0.122596
v -0.205491 0.221691 -0.049715
v -0.286956 0.270384 -0.027886
v -0.205491 0.124306 -0.049715
v -0.205491 0.221691 -0.049715
v -0.368420 0.221691 -0.006058
v -0.368420 0.124306 -0.006058
v -0.286956 0.075613 -0.027886
v 0.205491 0.221691 -0.049715
v 0.286956 0.270384 -0.027886
v 0.246634 0.270384 0.122596
v 0.337442 0.221691 0.109553
v 0.368420 0.221691 -0.006058
v 0.337442 0.124306 0.109553
v 0.368420 0.124306 -0.006058
v 0.286956 0.075613 -0.027886
v 0.246634 0.075613 0.122596
v 0.205491 0.124306 -0.049715
v 0.286956 0.270384 -0.027886
v 0.368420 0.124306 -0.006058
v 0.368420 0.221691 -0.006058
v 0.286956 0.075613 -0.027886
v 0.205491 0.124306 -0.049715
v 0.205491 0.221691 -0.049715
v -0.266053 0.269658 -0.503348
v -0.266053 -0.012564 -0.461202
v -0.266053 0.119818 -0.540725
v -0.266053 0.029582 -0.178980
v -0.266053 -0.049941 -0.311362
v -0.266053 0.179422 -0.141603
v -0.266053 0.311804 -0.221126
v -0.266053 0.349181 -0.370966
v -0.375839 -0.343487 0.172634
v -0.375839 0.039924 0.172634
v -0.375839 0.039924 0.251020
v -0.375839 -0.343487 0.251020
v 0.221942 0.080120 -0.512576
v 0.221943 -0.294385 -0.453310
v 0.221942 0.058010 -0.453310
v 0.221942 -0.355413 -0.512576
v 0.221942 -0.351413 0.172634
v 0.221943 -0.290386 0.172634
v 0.146333 -0.351413 0.172634
v 0.146333 -0.294385 -0.453310
v 0.146333 -0.290386 0.172634
v 0.146333 -0.355413 -0.512576
v 0.146333 0.080120 -0.512576
v 0.146333 0.058010 -0.453310
v 0.250007 0.015395 -0.126729
v 0.250007 0.344705 0.224258
v 0.250007 0.344705 -0.126729
v 0.250007 0.015395 0.224258
v 0.250007 0.276654 0.403057
v 0.250007 0.015395 0.403057
v 0.352040 0.230580 -0.270786
v 0.441275 0.230580 -0.360021
v 0.422418 0.230580 -0.289644
v 0.319378 0.230580 -0.392684
v 0.389755 0.230580 -0.411541
v 0.300520 0.230580 -0.322306
v -0.250007 0.344705 -0.126729
v -0.250007 0.015395 0.224258
v -0.250007 0.015395 -0.126729
v -0.250007 0.344705 0.224258
v -0.250007 0.276654 0.403057
v -0.250007 0.015395 0.403057
v -0.221943 -0.351413 0.172634
v -0.221943 -0.294385 -0.453310
v -0.221943 -0.290386 0.172634
v -0.221943 -0.355413 -0.512576
v -0.221943 0.080120 -0.512576
v -0.221943 0.058010 -0.453310
v -0.301022 -0.278066 0.251020
v -0.301022 -0.278066 0.172634
v 0.301022 -0.278066 0.172634
v 0.301022 -0.278066 0.251020
v 0.266053 0.119818 -0.540725
v 0.266053 0.349181 -0.370966
v 0.266053 0.269658 -0.503348
v 0.266053 -0.049941 -0.311362
v 0.266053 -0.012564 -0.461202
v 0.266053 0.179422 -0.141603
v 0.266053 0.311804 -0.221126
v 0.266053 0.029582 -0.178980
v 0.182412 0.415241 0.055408
v 0.125332 0.415241 0.112488
v 0.084238 0.423958 0.075980
v 0.145905 0.423958 0.014314
v 0.168476 0.423958 -0.069924
v 0.084238 0.423958 -0.215829
v -0.168476 0.423958 -0.069924
v 0.145905 0.423958 -0.154163
v 0.220640 0.415241 -0.087259
v 0.199747 0.415241 -0.165232
v -0.084238 0.423958 0.075980
v -0.000000 0.423958 0.098552
v -0.017334 0.415241 0.150715
v -0.095308 0.415241 0.129822
v -0.145905 0.423958 0.014314
v -0.199747 0.415241 0.025383
v -0.220640 0.415241 -0.052590
v -0.000000 0.423958 -0.238401
v 0.017334 0.415241 -0.290564
v 0.095308 0.415241 -0.269671
v -0.084238 0.423958 -0.215829
v -0.145905 0.423958 -0.154162
v -0.182412 0.415241 -0.195256
v -0.125332 0.415241 -0.252337
v -0.095308 0.415241 0.129822
v -0.017334 0.415241 0.150715
v -0.017335 0.352447 0.150715
v -0.095308 0.352447 0.129822
v 0.220640 0.352447 -0.087259
v 0.199747 0.352447 -0.165232
v 0.145905 0.343729 -0.154163
v 0.168476 0.343729 -0.069924
v 0.084238 0.343730 -0.215829
v -0.084238 0.343730 0.075980
v 0.145905 0.343729 0.014314
v 0.084238 0.343729 0.075980
v 0.182412 0.352447 0.055408
v 0.125332 0.352447 0.112488
v -0.000000 0.343730 0.098552
v -0.095308 0.352447 0.129822
v -0.017335 0.352447 0.150715
v -0.084238 0.343730 -0.215829
v -0.000000 0.343730 -0.238401
v 0.095308 0.352447 -0.269671
v 0.017334 0.352447 -0.290564
v -0.168476 0.343730 -0.069924
v -0.145905 0.343730 0.014314
v -0.220640 0.352447 -0.052590
v -0.199747 0.352447 0.025383
v -0.145905 0.343730 -0.154162
v -0.182413 0.352447 -0.195256
v -0.125332 0.352447 -0.252337
v 0.199747 0.352447 -0.165232
v 0.220640 0.352447 -0.087259
v 0.220640 0.415241 -0.087259
v 0.199747 0.415241 -0.165232
v -0.125332 0.352447 -0.252337
v -0.125332 0.415241 -0.252337
v -0.182412 0.415241 -0.195256
v -0.182413 0.352447 -0.195256
v -0.199747 0.352447 0.025383
v -0.199747 0.415241 0.025383
v -0.145905 0.423958 0.014314
v -0.145905 0.343730 0.014314
v -0.084238 0.343730 0.075980
v -0.084238 0.423958 0.075980
v -0.095308 0.352447 0.129822
v -0.095308 0.415241 0.129822
v -0.017335 0.352447 0.150715
v -0.017334 0.415241 0.150715
v -0.000000 0.423958 0.098552
v -0.000000 0.343730 0.098552
v 0.084238 0.423958 0.075980
v 0.084238 0.343729 0.075980
v 0.125332 0.352447 0.112488
v 0.125332 0.415241 0.112488
v -0.125332 0.415241 -0.252337
v -0.125332 0.352447 -0.252337
v -0.084238 0.343730 -0.215829
v -0.084238 0.423958 -0.215829
v -0.000000 0.423958 -0.238401
v -0.000000 0.343730 -0.238401
v 0.017334 0.415241 -0.290564
v 0.017334 0.352447 -0.290564
v -0.168476 0.423958 -0.069924
v -0.220640 0.415241 -0.052590
v -0.220640 0.352447 -0.052590
v -0.168476 0.343730 -0.069924
v -0.145905 0.423958 -0.154162
v -0.145905 0.343730 -0.154162
v -0.182412 0.415241 -0.195256
v -0.182413 0.352447 -0.195256
v 0.182412 0.352447 0.055408
v 0.182412 0.415241 0.055408
v 0.145905 0.423958 0.014314
v 0.145905 0.343729 0.014314
v 0.168476 0.343729 -0.069924
v 0.168476 0.423958 -0.069924
v 0.220640 0.352447 -0.087259
v 0.220640 0.415241 -0.087259
v 0.125332 0.415241 0.112488
v 0.182412 0.415241 0.055408
v 0.182412 0.352447 0.055408
v 0.125332 0.352447 0.112488
v 0.095308 0.352447 -0.269671
v 0.095308 0.415241 -0.269671
v 0.017334 0.415241 -0.290564
v 0.017334 0.352447 -0.290564
v -0.220640 0.415241 -0.052590
v -0.199747 0.415241 0.025383
v -0.199747 0.352447 0.025383
v -0.220640 0.352447 -0.052590
v 0.199747 0.352447 -0.165232
v 0.199747 0.415241 -0.165232
v 0.145905 0.423958 -0.154163
v 0.145905 0.343729 -0.154163
v 0.084238 0.423958 -0.215829
v 0.084238 0.343730 -0.215829
v 0.095308 0.352447 -0.269671
v 0.095308 0.415241 -0.269671
v -0.308176 0.098926 -0.099187
v -0.234972 0.098926 0.158628
v -0.246175 0.136138 -0.116792
v -0.296974 0.136138 0.176233
v -0.370178 0.136138 -0.081582
v -0.370178 0.210562 -0.081582
v -0.296974 0.210562 0.176233
v -0.234972 0.247773 0.158628
v -0.308176 0.247773 -0.099187
v -0.246175 0.210562 -0.116792
v 0.369133 0.199967 -0.456546
v 0.451238 0.199967 -0.423999
v 0.486280 0.199967 -0.342928
v 0.288062 0.199967 -0.421504
v 0.255515 0.199967 -0.339399
v 0.435148 0.199967 -0.220651
v 0.310351 0.199967 -0.218766
v 0.373272 0.199967 -0.185902
v 0.271319 0.191650 0.017586
v 0.220811 0.191650 -0.013159
v 0.353998 0.191650 -0.231961
v 0.404506 0.191650 -0.201217
v 0.390219 0.191650 -0.234627
v 0.246175 0.136138 -0.116792
v 0.234972 0.098926 0.158628
v 0.308176 0.098926 -0.099187
v 0.370178 0.136138 -0.081582
v 0.296974 0.136138 0.176233
v 0.370178 0.210562 -0.081582
v 0.296974 0.210562 0.176233
v 0.308176 0.247773 -0.099187
v 0.234972 0.247773 0.158628
v 0.246175 0.210562 -0.116792
v 0.246175 0.136138 -0.116792
v 0.308176 0.247773 -0.099187
v 0.246175 0.210562 -0.116792
v 0.308176 0.098926 -0.099187
v 0.370178 0.136138 -0.081582
v 0.370178 0.210562 -0.081582
v 0.353998 0.154347 -0.231961
v 0.220811 0.154347 -0.013159
v 0.271319 0.154347 0.017586
v 0.404506 0.154347 -0.201217
v 0.390219 0.154347 -0.234627
v 0.271319 0.154347 0.017586
v 0.271319 0.191650 0.017586
v 0.404506 0.191650 -0.201217
v 0.404506 0.154347 -0.201217
v 0.390219 0.191650 -0.234627
v 0.390219 0.154347 -0.234627
v 0.390219 0.154347 -0.234627
v 0.390219 0.191650 -0.234627
v 0.353998 0.191650 -0.231961
v 0.353998 0.154347 -0.231961
v 0.220811 0.191650 -0.013159
v 0.220811 0.154347 -0.013159
v -0.370178 0.136138 -0.081582
v -0.308176 0.247773 -0.099187
v -0.370178 0.210562 -0.081582
v -0.308176 0.098926 -0.099187
v -0.246175 0.136138 -0.116792
v -0.246175 0.210562 -0.116792
v 0.369133 0.146030 -0.456546
v 0.486280 0.146030 -0.342928
v 0.451238 0.146030 -0.423999
v 0.288062 0.146030 -0.421504
v 0.255515 0.146030 -0.339399
v 0.435148 0.146030 -0.220651
v 0.310351 0.146030 -0.218766
v 0.373272 0.146030 -0.185902
v -0.422418 0.115417 -0.289644
v -0.352040 0.115417 -0.270786
v -0.300520 0.115417 -0.322306
v -0.319378 0.115417 -0.392684
v -0.389755 0.115417 -0.411541
v -0.441275 0.115417 -0.360021
v -0.352040 0.230580 -0.270786
v -0.422418 0.230580 -0.289644
v -0.441275 0.230580 -0.360021
v -0.319378 0.230580 -0.392684
v -0.389755 0.230580 -0.411541
v -0.300520 0.230580 -0.322306
v -0.369133 0.199967 -0.456546
v -0.486280 0.199967 -0.342928
v -0.451238 0.199967 -0.423999
v -0.288062 0.199967 -0.421504
v -0.255515 0.199967 -0.339399
v -0.435148 0.199967 -0.220651
v -0.310351 0.199967 -0.218766
v -0.373272 0.199967 -0.185902
v -0.271319 0.191650 0.017586
v -0.353998 0.191650 -0.231961
v -0.220811 0.191650 -0.013159
v -0.404506 0.191650 -0.201217
v -0.390219 0.191650 -0.234627
v -0.353998 0.154347 -0.231961
v -0.271319 0.154347 0.017586
v -0.220811 0.154347 -0.013159
v -0.404506 0.154347 -0.201217
v -0.390219 0.154347 -0.234627
v -0.271319 0.154347 0.017586
v -0.404506 0.191650 -0.201217
v -0.271319 0.191650 0.017586
v -0.404506 0.154347 -0.201217
v -0.390219 0.191650 -0.234627
v -0.390219 0.154347 -0.234627
v -0.390219 0.154347 -0.234627
v -0.353998 0.191650 -0.231961
v -0.390219 0.191650 -0.234627
v -0.353998 0.154347 -0.231961
v -0.220811 0.191650 -0.013159
v -0.220811 0.154347 -0.013159
v -0.369133 0.146030 -0.456546
v -0.451238 0.146030 -0.423999
v -0.486280 0.146030 -0.342928
v -0.288062 0.146030 -0.421504
v -0.255515 0.146030 -0.339399
v -0.435148 0.146030 -0.220651
v -0.310351 0.146030 -0.218766
v -0.373272 0.146030 -0.185902
v 0.355700 0.123192 -0.284446
v 0.386095 0.123192 -0.397882
v 0.160637 0.123192 -0.458293
v 0.000000 0.123192 -0.372249
v -0.160637 0.123192 -0.458293
v -0.355700 0.123192 -0.284446
v -0.386095 0.123192 -0.397882
v -0.202735 0.162792 0.371595
v -0.202735 0.389715 0.396276
v -0.202735 0.269128 0.449442
v -0.202735 0.297627 0.187414
v -0.202735 0.403964 0.265262
v 0.120344 0.269128 0.449442
v 0.120344 0.403964 0.265262
v 0.120344 0.389715 0.396276
v 0.120344 0.162792 0.371595
v 0.120344 0.297627 0.187414
v 0.202735 0.269128 0.449442
v 0.202735 0.297627 0.187414
v 0.202735 0.162792 0.371595
v 0.202735 0.389715 0.396276
v 0.202735 0.403964 0.265262
v 0.202735 0.162792 0.371595
v 0.120344 0.162792 0.371595
v 0.120344 0.269128 0.449442
v 0.202735 0.269128 0.449442
v 0.202735 0.389715 0.396276
v 0.120344 0.389715 0.396276
v 0.202735 0.403964 0.265262
v 0.120344 0.403964 0.265262
v 0.202735 0.297627 0.187414
v 0.120344 0.297627 0.187414
v -0.202735 0.297627 0.187414
v -0.120344 0.297627 0.187414
v -0.120344 0.403964 0.265262
v -0.202735 0.403964 0.265262
v -0.120344 0.389715 0.396276
v -0.202735 0.389715 0.396276
v -0.120344 0.269128 0.449442
v -0.202735 0.269128 0.449442
v -0.202735 0.162792 0.371595
v -0.120344 0.162792 0.371595
v -0.120344 0.403964 0.265262
v -0.120344 0.269128 0.449442
v -0.120344 0.389715 0.396276
v -0.120344 0.297627 0.187414
v -0.120344 0.162792 0.371595
v -0.301022 0.002632 0.172634
v -0.375839 0.039924 0.172634
v -0.301022 -0.278066 0.172634
v 0.301022 0.002632 0.172634
v -0.375839 -0.343487 0.172634
v 0.375839 0.039924 0.172634
v 0.301022 -0.278066 0.172634
v -0.327198 -0.351413 0.172634
v 0.375839 -0.343487 0.172634
v 0.327198 -0.351413 0.172634
v -0.375839 -0.343487 0.251020
v -0.301022 -0.278066 0.251020
v -0.327198 -0.351413 0.251020
v -0.375839 0.039924 0.251020
v 0.327198 -0.351413 0.251020
v -0.301022 0.002632 0.251020
v 0.301022 -0.278066 0.251020
v 0.375839 -0.343487 0.251020
v 0.375839 0.039924 0.251020
v 0.301022 0.002632 0.251020
v -0.300520 0.115417 -0.322306
v -0.300520 0.230580 -0.322306
v -0.319378 0.230580 -0.392684
v -0.352040 0.230580 -0.270786
v -0.319378 0.115417 -0.392684
v -0.352040 0.115417 -0.270786
v -0.422418 0.115417 -0.289644
v -0.422418 0.230580 -0.289644
v -0.389755 0.230580 -0.411541
v -0.389755 0.115417 -0.411541
v -0.441275 0.115417 -0.360021
v -0.441275 0.230580 -0.360021
v 0.300520 0.115417 -0.322306
v 0.319378 0.230580 -0.392684
v 0.300520 0.230580 -0.322306
v 0.352040 0.230580 -0.270786
v 0.319378 0.115417 -0.392684
v 0.352040 0.115417 -0.270786
v 0.422418 0.115417 -0.289644
v 0.422418 0.230580 -0.289644
v 0.389755 0.230580 -0.411541
v 0.389755 0.115417 -0.411541
v 0.441275 0.115417 -0.360021
v 0.441275 0.230580 -0.360021
v -0.266053 -0.012564 -0.461202
v -0.266053 -0.049941 -0.311362
v 0.266053 -0.049941 -0.311362
v -0.266053 0.029582 -0.178980
v 0.266053 -0.012564 -0.461202
v 0.266053 0.029582 -0.178980
v -0.266053 0.119818 -0.540725
v -0.266053 0.179422 -0.141603
v 0.266053 0.119818 -0.540725
v 0.266053 0.179422 -0.141603
v -0.266053 0.269658 -0.503348
v 0.266053 0.269658 -0.503348
v -0.266053 0.349181 -0.370966
v 0.266053 0.349181 -0.370966
v -0.266053 0.311804 -0.221126
v 0.266053 0.311804 -0.221126
v -0.451238 0.199967 -0.423999
v -0.369133 0.146030 -0.456546
v -0.369133 0.199967 -0.456546
v -0.451238 0.146030 -0.423999
v -0.288062 0.146030 -0.421504
v -0.486280 0.199967 -0.342928
v -0.288062 0.199967 -0.421504
v -0.486280 0.146030 -0.342928
v -0.255515 0.146030 -0.339399
v -0.435148 0.199967 -0.220651
v -0.255515 0.199967 -0.339399
v -0.435148 0.146030 -0.220651
v -0.310351 0.146030 -0.218766
v -0.373272 0.199967 -0.185902
v -0.310351 0.199967 -0.218766
v -0.373272 0.146030 -0.185902
v 0.451238 0.199967 -0.423999
v 0.369133 0.199967 -0.456546
v 0.369133 0.146030 -0.456546
v 0.451238 0.146030 -0.423999
v 0.288062 0.146030 -0.421504
v 0.486280 0.199967 -0.342928
v 0.288062 0.199967 -0.421504
v 0.486280 0.146030 -0.342928
v 0.255515 0.146030 -0.339399
v 0.435148 0.199967 -0.220651
v 0.255515 0.199967 -0.339399
v 0.435148 0.146030 -0.220651
v 0.310351 0.146030 -0.218766
v 0.373272 0.199967 -0.185902
v 0.310351 0.199967 -0.218766
v 0.373272 0.146030 -0.185902
v -0.196698 0.384765 0.273727
v -0.196698 0.295359 0.208274
v 0.196698 0.295359 0.208274
v 0.196698 0.384765 0.273727
v -0.196698 0.372784 0.383881
v 0.196698 0.372784 0.383881
v 0.196698 0.271397 0.428583
v -0.196698 0.271397 0.428583
v -0.196698 0.181991 0.363130
v 0.196698 0.181991 0.363130
vt 0.0952260494 0.631607473
vt 0.0952260494 0.631607473
vt 0.0952260494 0.631607473
vt 0.0952260494 0.631607473
vt 0.301709741 0.403521746
vt 0.301709741 0.403521746
vt 0.301709741 0.403521746
vt 0.301709741 0.403521746
vt 0.10948541 0.136887968
vt 0.10948541 0.136887968
vt 0.10948541 0.136887968
vt 0.10948541 0.136887968
vt 0.636259139 0.191572309
vt 0.636259139 0.191572309
vt 0.636259139 0.191572309
vt 0.636259139 0.191572309
vt 0.636259139 0.191572309
vt 0.636259139 0.191572309
vt 0.10948541 0.136887968
vt 0.10948541 0.136887968
vt 0.10948541 0.136887968
vt 0.10948541 0.136887968
vt 0.611748934 0.663954735
vt 0.611748934 0.663954735
vt 0.611748934 0.663954735
vt 0.611748934 0.663954735
vt 0.611748934 0.663954735
vt 0.611748934 0.663954735
vt 0.301709741 0.403521746
vt 0.301709741 0.403521746
vt 0.301709741 0.403521746
vt 0.301709741 0.403521746
vt 0.57960099 0.654836357
vt 0.57960099 0.654836357
vt 0.57960099 0.654836357
vt 0.57960099 0.654836357
vt 0.301709741 0.403521746
vt 0.301709741 0.403521746
vt 0.301709741 0.403521746
vt 0.301709741 0.403521746
vt 0.0952260494 0.631607473
vt 0.0952260494 0.631607473
vt 0.0952260494 0.631607473
vt 0.0952260494 0.631607473
vt 0.301709741 0.403521746
vt 0.301709741 0.403521746
vt 0.301709741 0.403521746
vt 0.301709741 0.403521746
vt 0.636259139 0.191572309
vt 0.636259139 0.191572309
vt 0.636259139 0.191572309
vt 0.636259139 0.191572309
vt 0.636259139 0.191572309
vt 0.636259139 0.191572309
vt 0.57960099 0.654836357
vt 0.57960099 0.654836357
vt 0.57960099 0.654836357
vt 0.57960099 0.654836357
vt 0.134288549 0.831375897
vt 0.134288549 0.831375897
vt 0.134288549 0.831375897
vt 0.134288549 0.831375897
vt 0.10948541 0.136887968
vt 0.10948541 0.136887968
vt 0.10948541 0.136887968
vt 0.10948541 0.136887968
vt 0.636259139 0.191572309
vt 0.636259139 0.191572309
vt 0.636259139 0.191572309
vt 0.636259139 0.191572309
vt 0.636259139 0.191572309
vt 0.636259139 0.191572309
vt 0.636259139 0.191572309
vt 0.636259139 0.191572309
vt 0.0952260494 0.631607473
vt 0.0952260494 0.631607473
vt 0.0952260494 0.631607473
vt 0.0952260494 0.631607473
vt 0.363717586 0.62488395
vt 0.363717586 0.62488395
vt 0.363717586 0.62488395
vt 0.363717586 0.62488395
vt 0.363717586 0.62488395
vt 0.363717586 0.62488395
vt 0.363717586 0.62488395
vt 0.363717586 0.62488395
vt 0.301709741 0.403521746
vt 0.301709741 0.403521746
vt 0.301709741 0.403521746
vt 0.301709741 0.403521746
vt 0.301709741 0.403521746
vt 0.301709741 0.403521746
vt 0.301709741 0.403521746
vt 0.301709741 0.403521746
vt 0.301709741 0.403521746
vt 0.301709741 0.403521746
vt 0.301709741 0.403521746
vt 0.301709741 0.403521746
vt 0.363717586 0.62488395
vt 0.363717586 0.62488395
vt 0.363717586 0.62488395
vt 0.363717586 0.62488395
vt 0.10948541 0.136887968
vt 0.10948541 0.136887968
vt 0.10948541 0.136887968
vt 0.10948541 0.136887968
vt 0.301709741 0.403521746
vt 0.301709741 0.403521746
vt 0.301709741 0.403521746
vt 0.301709741 0.403521746
vt 0.301709741 0.403521746
vt 0.301709741 0.403521746
vt 0.301709741 0.403521746
vt 0.301709741 0.403521746
vt 0.301709741 0.403521746
vt 0.301709741 0.403521746
vt 0.57960099 0.654836357
vt 0.57960099 0.654836357
vt 0.57960099 0.654836357
vt 0.57960099 0.654836357
vt 0.134288549 0.831375897
vt 0.134288549 0.831375897
vt 0.134288549 0.831375897
vt 0.134288549 0.831375897
vt 0.57960099 0.654836357
vt 0.57960099 0.654836357
vt 0.57960099 0.654836357
vt 0.57960099 0.654836357
vt 0.363717586 0.62488395
vt 0.363717586 0.62488395
vt 0.363717586 0.62488395
vt 0.363717586 0.62488395
vt 0.0952260494 0.631607473
vt 0.0952260494 0.631607473
vt 0.0952260494 0.631607473
vt 0.0952260494 0.631607473
vt 0.301709741 0.403521746
vt 0.301709741 0.403521746
vt 0.301709741 0.403521746
vt 0.301709741 0.403521746
vt 0.134288549 0.831375897
vt 0.134288549 0.831375897
vt 0.134288549 0.831375897
vt 0.134288549 0.831375897
vt 0.134288549 0.831375897
vt 0.134288549 0.831375897
vt 0.10948541 0.136887968
vt 0.10948541 0.136887968
vt 0.10948541 0.136887968
vt 0.10948541 0.136887968
vt 0.301709741 0.403521746
vt 0.301709741 0.403521746
vt 0.301709741 0.403521746
vt 0.301709741 0.403521746
vt 0.301709741 0.403521746
vt 0.301709741 0.403521746
vt 0.301709741 0.403521746
vt 0.301709741 0.403521746
vt 0.301709741 0.403521746
vt 0.301709741 0.403521746
vt 0.301709741 0.403521746
vt 0.301709741 0.403521746
vt 0.363717586 0.62488395
vt 0.363717586 0.62488395
vt 0.363717586 0.62488395
vt 0.363717586 0.62488395
vt 0.134288549 0.831375897
vt 0.134288549 0.831375897
vt 0.134288549 0.831375897
vt 0.134288549 0.831375897
vt 0.134288549 0.831375897
vt 0.134288549 0.831375897
vt 0.0952260494 0.631607473
vt 0.0952260494 0.631607473
vt 0.0952260494 0.631607473
vt 0.0952260494 0.631607473
vt 0.0952260494 0.631607473
vt 0.0952260494 0.631607473
vt 0.0952260494 0.631607473
vt 0.0952260494 0.631607473
vt 0.301709741 0.403521746
vt 0.301709741 0.403521746
vt 0.301709741 0.403521746
vt 0.301709741 0.403521746
vt 0.0952260494 0.631607473
vt 0.0952260494 0.631607473
vt 0.0952260494 0.631607473
vt 0.0952260494 0.631607473
vt 0.301709741 0.403521746
vt 0.301709741 0.403521746
vt 0.301709741 0.403521746
vt 0.301709741 0.403521746
vt 0.57960099 0.654836357
vt 0.57960099 0.654836357
vt 0.57960099 0.654836357
vt 0.57960099 0.654836357
vt 0.0952260494 0.631607473
vt 0.0952260494 0.631607473
vt 0.0952260494 0.631607473
vt 0.0952260494 0.631607473
vt 0.363717586 0.62488395
vt 0.363717586 0.62488395
vt 0.363717586 0.62488395
vt 0.363717586 0.62488395
vt 0.171493277 0.608147621
vt 0.171493277 0.608147621
vt 0.171493277 0.608147621
vt 0.171493277 0.608147621
vt 0.171493277 0.608147621
vt 0.171493277 0.608147621
vt 0.171493277 0.608147621
vt 0.171493277 0.608147621
vt 0.171493277 0.608147621
vt 0.171493277 0.608147621
vt 0.171493277 0.608147621
vt 0.171493277 0.608147621
vt 0.171493277 0.608147621
vt 0.171493277 0.608147621
vt 0.171493277 0.608147621
vt 0.171493277 0.608147621
vt 0.134288549 0.831375897
vt 0.134288549 0.831375897
vt 0.134288549 0.831375897
vt 0.134288549 0.831375897
vt 0.134288549 0.831375897
vt 0.134288549 0.831375897
vt 0.134288549 0.831375897
vt 0.134288549 0.831375897
vt 0.134288549 0.831375897
vt 0.134288549 0.831375897
vt 0.134288549 0.831375897
vt 0.134288549 0.831375897
vt 0.134288549 0.831375897
vt 0.134288549 0.831375897
vt 0.134288549 0.831375897
vt 0.134288549 0.831375897
vt 0.0671504959 0.950957477
vt 0.0671504959 0.950957477
vt 0.0671504959 0.950957477
vt 0.0671504959 0.950957477
vt 0.0671504959 0.950957477
vt 0.0671504959 0.950957477
vt 0.0671504959 0.950957477
vt 0.0671504959 0.950957477
vt 0.301709741 0.403521746
vt 0.301709741 0.403521746
vt 0.301709741 0.403521746
vt 0.301709741 0.403521746
vt 0.301709741 0.403521746
vt 0.301709741 0.403521746
vt 0.301709741 0.403521746
vt 0.301709741 0.403521746
vt 0.301709741 0.403521746
vt 0.301709741 0.403521746
vt 0.301709741 0.403521746
vt 0.301709741 0.403521746
vt 0.301709741 0.403521746
vt 0.301709741 0.403521746
vt 0.301709741 0.403521746
vt 0.301709741 0.403521746
vt 0.134288549 0.831375897
vt 0.134288549 0.831375897
vt 0.134288549 0.831375897
vt 0.134288549 0.831375897
vt 0.134288549 0.831375897
vt 0.134288549 0.831375897
vt 0.611748934 0.663954735
vt 0.611748934 0.663954735
vt 0.611748934 0.663954735
vt 0.611748934 0.663954735
vt 0.611748934 0.663954735
vt 0.611748934 0.663954735
vt 0.134288549 0.831375897
vt 0.134288549 0.831375897
vt 0.134288549 0.831375897
vt 0.134288549 0.831375897
vt 0.134288549 0.831375897
vt 0.134288549 0.831375897
vt 0.301709741 0.403521746
vt 0.301709741 0.403521746
vt 0.301709741 0.403521746
vt 0.301709741 0.403521746
vt 0.301709741 0.403521746
vt 0.301709741 0.403521746
vt 0.301709741 0.403521746
vt 0.301709741 0.403521746
vt 0.301709741 0.403521746
vt 0.301709741 0.403521746
vt 0.0671504959 0.950957477
vt 0.0671504959 0.950957477
vt 0.0671504959 0.950957477
vt 0.0671504959 0.950957477
vt 0.0671504959 0.950957477
vt 0.0671504959 0.950957477
vt 0.0671504959 0.950957477
vt 0.0671504959 0.950957477
vt 0.634178102 0.858882725
vt 0.634178102 0.858882725
vt 0.634178102 0.858882725
vt 0.634178102 0.858882725
vt 0.634178102 0.858882725
vt 0.634178102 0.858882725
vt 0.634178102 0.858882725
vt 0.634178102 0.858882725
vt 0.634178102 0.858882725
vt 0.634178102 0.858882725
vt 0.634178102 0.858882725
vt 0.634178102 0.858882725
vt 0.634178102 0.858882725
vt 0.634178102 0.858882725
vt 0.634178102 0.858882725
vt 0.634178102 0.858882725
vt 0.634178102 0.858882725
vt 0.634178102 0.858882725
vt 0.634178102 0.858882725
vt 0.634178102 0.858882725
vt 0.634178102 0.858882725
vt 0.634178102 0.858882725
vt 0.634178102 0.858882725
vt 0.634178102 0.858882725
vt 0.634178102 0.858882725
vt 0.634178102 0.858882725
vt 0.634178102 0.858882725
vt 0.634178102 0.858882725
vt 0.634178102 0.858882725
vt 0.634178102 0.858882725
vt 0.634178102 0.858882725
vt 0.634178102 0.858882725
vt 0.634178102 0.858882725
vt 0.634178102 0.858882725
vt 0.634178102 0.858882725
vt 0.634178102 0.858882725
vt 0.634178102 0.858882725
vt 0.634178102 0.858882725
vt 0.634178102 0.858882725
vt 0.634178102 0.858882725
vt 0.634178102 0.858882725
vt 0.634178102 0.858882725
vt 0.634178102 0.858882725
vt 0.634178102 0.858882725
vt 0.634178102 0.858882725
vt 0.634178102 0.858882725
vt 0.634178102 0.858882725
vt 0.634178102 0.858882725
vt 0.634178102 0.858882725
vt 0.634178102 0.858882725
vt 0.634178102 0.858882725
vt 0.634178102 0.858882725
vt 0.634178102 0.858882725
vt 0.634178102 0.858882725
vt 0.634178102 0.858882725
vt 0.634178102 0.858882725
vt 0.634178102 0.858882725
vt 0.634178102 0.858882725
vt 0.634178102 0.858882725
vt 0.634178102 0.858882725
vt 0.634178102 0.858882725
vt 0.634178102 0.858882725
vt 0.634178102 0.858882725
vt 0.634178102 0.858882725
vt 0.634178102 0.858882725
vt 0.634178102 0.858882725
vt 0.634178102 0.858882725
vt 0.634178102 0.858882725
vt 0.634178102 0.858882725
vt 0.634178102 0.858882725
vt 0.634178102 0.858882725
vt 0.634178102 0.858882725
vt 0.634178102 0.858882725
vt 0.634178102 0.858882725
vt 0.634178102 0.858882725
vt 0.634178102 0.858882725
vt 0.634178102 0.858882725
vt 0.634178102 0.858882725
vt 0.634178102 0.858882725
vt 0.634178102 0.858882725
vt 0.634178102 0.858882725
vt 0.634178102 0.858882725
vt 0.634178102 0.858882725
vt 0.634178102 0.858882725
vt 0.634178102 0.858882725
vt 0.634178102 0.858882725
vt 0.634178102 0.858882725
vt 0.634178102 0.858882725
vt 0.634178102 0.858882725
vt 0.634178102 0.858882725
vt 0.634178102 0.858882725
vt 0.634178102 0.858882725
vt 0.634178102 0.858882725
vt 0.634178102 0.858882725
vt 0.634178102 0.858882725
vt 0.634178102 0.858882725
vt 0.634178102 0.858882725
vt 0.634178102 0.858882725
vt 0.634178102 0.858882725
vt 0.634178102 0.858882725
vt 0.634178102 0.858882725
vt 0.634178102 0.858882725
vt 0.634178102 0.858882725
vt 0.634178102 0.858882725
vt 0.634178102 0.858882725
vt 0.634178102 0.858882725
vt 0.634178102 0.858882725
vt 0.634178102 0.858882725
vt 0.634178102 0.858882725
vt 0.634178102 0.858882725
vt 0.634178102 0.858882725
vt 0.634178102 0.858882725
vt 0.634178102 0.858882725
vt 0.634178102 0.858882725
vt 0.634178102 0.858882725
vt 0.634178102 0.858882725
vt 0.634178102 0.858882725
vt 0.634178102 0.858882725
vt 0.634178102 0.858882725
vt 0.634178102 0.858882725
vt 0.0992125571 0.353444725
vt 0.0992125571 0.353444725
vt 0.0992125571 0.353444725
vt 0.0992125571 0.353444725
vt 0.0992125571 0.353444725
vt 0.0992125571 0.353444725
vt 0.0992125571 0.353444725
vt 0.0992125571 0.353444725
vt 0.0992125571 0.353444725
vt 0.0992125571 0.353444725
vt 0.130216464 0.322440803
vt 0.130216464 0.322440803
vt 0.130216464 0.322440803
vt 0.130216464 0.322440803
vt 0.130216464 0.322440803
vt 0.130216464 0.322440803
vt 0.130216464 0.322440803
vt 0.130216464 0.322440803
vt 0.657283127 0.899113834
vt 0.657283127 0.899113834
vt 0.657283127 0.899113834
vt 0.657283127 0.899113834
vt 0.657283127 0.899113834
vt 0.0992125571 0.353444725
vt 0.0992125571 0.353444725
vt 0.0992125571 0.353444725
vt 0.0992125571 0.353444725
vt 0.0992125571 0.353444725
vt 0.0992125571 0.353444725
vt 0.0992125571 0.353444725
vt 0.0992125571 0.353444725
vt 0.0992125571 0.353444725
vt 0.0992125571 0.353444725
vt 0.0992125571 0.353444725
vt 0.0992125571 0.353444725
vt 0.0992125571 0.353444725
vt 0.0992125571 0.353444725
vt 0.0992125571 0.353444725
vt 0.0992125571 0.353444725
vt 0.657283127 0.899113834
vt 0.657283127 0.899113834
vt 0.657283127 0.899113834
vt 0.657283127 0.899113834
vt 0.657283127 0.899113834
vt 0.657283127 0.899113834
vt 0.657283127 0.899113834
vt 0.657283127 0.899113834
vt 0.657283127 0.899113834
vt 0.657283127 0.899113834
vt 0.657283127 0.899113834
vt 0.657283127 0.899113834
vt 0.657283127 0.899113834
vt 0.657283127 0.899113834
vt 0.657283127 0.899113834
vt 0.657283127 0.899113834
vt 0.657283127 0.899113834
vt 0.0992125571 0.353444725
vt 0.0992125571 0.353444725
vt 0.0992125571 0.353444725
vt 0.0992125571 0.353444725
vt 0.0992125571 0.353444725
vt 0.0992125571 0.353444725
vt 0.130216464 0.322440803
vt 0.130216464 0.322440803
vt 0.130216464 0.322440803
vt 0.130216464 0.322440803
vt 0.130216464 0.322440803
vt 0.130216464 0.322440803
vt 0.130216464 0.322440803
vt 0.130216464 0.322440803
vt 0.611748934 0.663954735
vt 0.611748934 0.663954735
vt 0.611748934 0.663954735
vt 0.611748934 0.663954735
vt 0.611748934 0.663954735
vt 0.611748934 0.663954735
vt 0.611748934 0.663954735
vt 0.611748934 0.663954735
vt 0.611748934 0.663954735
vt 0.611748934 0.663954735
vt 0.611748934 0.663954735
vt 0.611748934 0.663954735
vt 0.130216464 0.322440803
vt 0.130216464 0.322440803
vt 0.130216464 0.322440803
vt 0.130216464 0.322440803
vt 0.130216464 0.322440803
vt 0.130216464 0.322440803
vt 0.130216464 0.322440803
vt 0.130216464 0.322440803
vt 0.657283127 0.899113834
vt 0.657283127 0.899113834
vt 0.657283127 0.899113834
vt 0.657283127 0.899113834
vt 0.657283127 0.899113834
vt 0.657283127 0.899113834
vt 0.657283127 0.899113834
vt 0.657283127 0.899113834
vt 0.657283127 0.899113834
vt 0.657283127 0.899113834
vt 0.657283127 0.899113834
vt 0.657283127 0.899113834
vt 0.657283127 0.899113834
vt 0.657283127 0.899113834
vt 0.657283127 0.899113834
vt 0.657283127 0.899113834
vt 0.657283127 0.899113834
vt 0.657283127 0.899113834
vt 0.657283127 0.899113834
vt 0.657283127 0.899113834
vt 0.657283127 0.899113834
vt 0.657283127 0.899113834
vt 0.130216464 0.322440803
vt 0.130216464 0.322440803
vt 0.130216464 0.322440803
vt 0.130216464 0.322440803
vt 0.130216464 0.322440803
vt 0.130216464 0.322440803
vt 0.130216464 0.322440803
vt 0.130216464 0.322440803
vt 0.636259139 0.191572309
vt 0.636259139 0.191572309
vt 0.636259139 0.191572309
vt 0.636259139 0.191572309
vt 0.636259139 0.191572309
vt 0.636259139 0.191572309
vt 0.636259139 0.191572309
vt 0.382319927 0.610134542
vt 0.382319927 0.610134542
vt 0.382319927 0.610134542
vt 0.382319927 0.610134542
vt 0.382319927 0.610134542
vt 0.382319927 0.610134542
vt 0.382319927 0.610134542
vt 0.382319927 0.610134542
vt 0.382319927 0.610134542
vt 0.382319927 0.610134542
vt 0.382319927 0.610134542
vt 0.382319927 0.610134542
vt 0.382319927 0.610134542
vt 0.382319927 0.610134542
vt 0.382319927 0.610134542
vt 0.382319927 0.610134542
vt 0.382319927 0.610134542
vt 0.382319927 0.610134542
vt 0.382319927 0.610134542
vt 0.382319927 0.610134542
vt 0.382319927 0.610134542
vt 0.382319927 0.610134542
vt 0.382319927 0.610134542
vt 0.382319927 0.610134542
vt 0.382319927 0.610134542
vt 0.382319927 0.610134542
vt 0.382319927 0.610134542
vt 0.382319927 0.610134542
vt 0.382319927 0.610134542
vt 0.382319927 0.610134542
vt 0.382319927 0.610134542
vt 0.382319927 0.610134542
vt 0.382319927 0.610134542
vt 0.382319927 0.610134542
vt 0.382319927 0.610134542
vt 0.382319927 0.610134542
vt 0.382319927 0.610134542
vt 0.382319927 0.610134542
vt 0.382319927 0.610134542
vt 0.382319927 0.610134542
vt 0.301709741 0.403521746
vt 0.301709741 0.403521746
vt 0.301709741 0.403521746
vt 0.301709741 0.403521746
vt 0.301709741 0.403521746
vt 0.301709741 0.403521746
vt 0.301709741 0.403521746
vt 0.301709741 0.403521746
vt 0.301709741 0.403521746
vt 0.301709741 0.403521746
vt 0.301709741 0.403521746
vt 0.301709741 0.403521746
vt 0.301709741 0.403521746
vt 0.301709741 0.403521746
vt 0.301709741 0.403521746
vt 0.301709741 0.403521746
vt 0.301709741 0.403521746
vt 0.301709741 0.403521746
vt 0.301709741 0.403521746
vt 0.301709741 0.403521746
vt 0.611748934 0.663954735
vt 0.611748934 0.663954735
vt 0.611748934 0.663954735
vt 0.611748934 0.663954735
vt 0.611748934 0.663954735
vt 0.611748934 0.663954735
vt 0.611748934 0.663954735
vt 0.611748934 0.663954735
vt 0.611748934 0.663954735
vt 0.611748934 0.663954735
vt 0.611748934 0.663954735
vt 0.611748934 0.663954735
vt 0.611748934 0.663954735
vt 0.611748934 0.663954735
vt 0.611748934 0.663954735
vt 0.611748934 0.663954735
vt 0.611748934 0.663954735
vt 0.611748934 0.663954735
vt 0.611748934 0.663954735
vt 0.611748934 0.663954735
vt 0.611748934 0.663954735
vt 0.611748934 0.663954735
vt 0.611748934 0.663954735
vt 0.611748934 0.663954735
vt 0.0671504959 0.950957477
vt 0.0671504959 0.950957477
vt 0.0671504959 0.950957477
vt 0.0671504959 0.950957477
vt 0.0671504959 0.950957477
vt 0.0671504959 0.950957477
vt 0.0671504959 0.950957477
vt 0.0671504959 0.950957477
vt 0.0671504959 0.950957477
vt 0.0671504959 0.950957477
vt 0.0671504959 0.950957477
vt 0.0671504959 0.950957477
vt 0.0671504959 0.950957477
vt 0.0671504959 0.950957477
vt 0.0671504959 0.950957477
vt 0.0671504959 0.950957477
vt 0.130216464 0.322440803
vt 0.130216464 0.322440803
vt 0.130216464 0.322440803
vt 0.130216464 0.322440803
vt 0.130216464 0.322440803
vt 0.130216464 0.322440803
vt 0.130216464 0.322440803
vt 0.130216464 0.322440803
vt 0.130216464 0.322440803
vt 0.130216464 0.322440803
vt 0.130216464 0.322440803
vt 0.130216464 0.322440803
vt 0.130216464 0.322440803
vt 0.130216464 0.322440803
vt 0.130216464 0.322440803
vt 0.130216464 0.322440803
vt 0.130216464 0.322440803
vt 0.130216464 0.322440803
vt 0.130216464 0.322440803
vt 0.130216464 0.322440803
vt 0.130216464 0.322440803
vt 0.130216464 0.322440803
vt 0.130216464 0.322440803
vt 0.130216464 0.322440803
vt 0.130216464 0.322440803
vt 0.130216464 0.322440803
vt 0.130216464 0.322440803
vt 0.130216464 0.322440803
vt 0.130216464 0.322440803
vt 0.130216464 0.322440803
vt 0.130216464 0.322440803
vt 0.130216464 0.322440803
vt 0.548718929 0.437288612
vt 0.591102004 0.394905508
vt 0.440626353 0.244429976
vt 0.398243278 0.28681311
vt 0.506335855 0.479671687
vt 0.355860204 0.329196185
vt 0.313477069 0.371579349
vt 0.46395269 0.522054851
vt 0.421569586 0.564438045
vt 0.271093935 0.413962424
vn -0.000000 1.000000 -0.000000
vn -0.000000 1.000000 -0.000000
vn -0.000000 1.000000 -0.000000
vn -0.000000 1.000000 -0.000000
vn -0.000000 -0.000000 -1.000000
vn -0.000000 -0.000000 -1.000000
vn -0.000000 -0.000000 -1.000000
vn -0.000000 -0.000000 -1.000000
vn -0.000000 0.000000 1.000000
vn -0.000000 0.000000 1.000000
vn -0.000000 0.000000 1.000000
vn -0.000000 0.000000 1.000000
vn -0.000000 0.000000 1.000000
vn 0.239653 0.000000 0.970859
vn 0.239653 0.000000 0.970859
vn -0.000000 0.000000 1.000000
vn -0.239653 0.000000 0.970859
vn -0.239653 0.000000 0.970859
vn -0.000000 -1.000000 0.000000
vn -0.000000 -1.000000 0.000000
vn -0.000000 -1.000000 0.000000
vn -0.000000 -1.000000 0.000000
vn -0.000000 -1.000000 0.000000
vn -0.000000 -1.000000 0.000000
vn -0.000000 -1.000000 0.000000
vn -0.000000 -1.000000 0.000000
vn -0.000000 -1.000000 0.000000
vn -0.000000 -1.000000 0.000000
vn -0.000000 0.000000 1.000000
vn -0.000000 0.000000 1.000000
vn -0.000000 0.000000 1.000000
vn -0.000000 0.000000 1.000000
vn -1.000000 0.000000 -0.000000
vn -1.000000 0.000000 -0.000000
vn -1.000000 0.000000 -0.000000
vn -1.000000 0.000000 -0.000000
vn -0.000000 0.000000 1.000000
vn -0.000000 0.000000 1.000000
vn -0.000000 0.000000 1.000000
vn -0.000000 0.000000 1.000000
vn 1.000000 0.000000 -0.000000
vn 1.000000 0.000000 -0.000000
vn 1.000000 0.000000 -0.000000
vn 1.000000 0.000000 -0.000000
vn -1.000000 0.000000 -0.000000
vn -1.000000 0.000000 -0.000000
vn -1.000000 0.000000 -0.000000
vn -1.000000 0.000000 -0.000000
vn -0.000000 1.000000 -0.000000
vn -0.000000 1.000000 -0.000000
vn -0.000000 1.000000 -0.000000
vn -0.000000 1.000000 -0.000000
vn -0.000000 1.000000 -0.000000
vn -0.000000 1.000000 -0.000000
vn -0.000000 1.000000 -0.000000
vn -0.000000 1.000000 -0.000000
vn -0.000000 1.000000 -0.000000
vn -0.000000 1.000000 -0.000000
vn -0.000000 0.000000 1.000000
vn -0.000000 0.000000 1.000000
vn -0.000000 0.000000 1.000000
vn -0.000000 0.000000 1.000000
vn 1.000000 0.000000 -0.000000
vn 1.000000 0.000000 -0.000000
vn 1.000000 0.000000 -0.000000
vn 1.000000 0.000000 -0.000000
vn -0.258819 -0.000000 -0.965926
vn -0.216855 0.065493 -0.974004
vn -0.249593 0.023064 -0.968076
vn -0.000000 0.032037 -0.999487
vn -0.000000 -0.000000 -1.000000
vn 0.216855 0.065493 -0.974004
vn 0.249593 0.023064 -0.968076
vn 0.258819 -0.000000 -0.965926
vn -1.000000 0.000000 -0.000000
vn -1.000000 0.000000 -0.000000
vn -1.000000 0.000000 -0.000000
vn -1.000000 0.000000 -0.000000
vn -0.000000 0.000000 1.000000
vn -0.000000 0.000000 1.000000
vn -0.000000 0.000000 1.000000
vn -0.000000 0.000000 1.000000
vn -0.000000 1.000000 -0.000000
vn -0.000000 1.000000 -0.000000
vn -0.000000 1.000000 -0.000000
vn -0.000000 1.000000 -0.000000
vn -0.160816 -0.986984 0.000000
vn -0.160816 -0.986984 0.000000
vn -0.080671 -0.996741 0.000000
vn -0.080671 -0.996741 0.000000
vn 0.080671 -0.996741 0.000000
vn 0.080671 -0.996741 0.000000
vn 0.160816 -0.986984 0.000000
vn 0.160816 -0.986984 0.000000
vn -0.000000 0.999980 -0.006390
vn -0.000000 0.999980 -0.006390
vn -0.000000 0.999980 -0.006390
vn -0.000000 0.999980 -0.006390
vn 1.000000 0.000000 -0.000000
vn 1.000000 0.000000 -0.000000
vn 1.000000 0.000000 -0.000000
vn 1.000000 0.000000 -0.000000
vn -1.000000 0.000000 -0.000000
vn -1.000000 0.000000 -0.000000
vn -1.000000 0.000000 -0.000000
vn -1.000000 0.000000 -0.000000
vn -0.000000 1.000000 -0.000000
vn -0.000000 1.000000 -0.000000
vn -0.000000 1.000000 -0.000000
vn -0.000000 1.000000 -0.000000
vn 1.000000 0.000000 -0.000000
vn 1.000000 0.000000 -0.000000
vn 1.000000 0.000000 -0.000000
vn 1.000000 0.000000 -0.000000
vn 1.000000 0.000000 -0.000000
vn 1.000000 0.000000 -0.000000
vn 1.000000 0.000000 -0.000000
vn 1.000000 0.000000 -0.000000
vn 1.000000 0.000000 -0.000000
vn 1.000000 0.000000 -0.000000
vn -0.000000 -0.000000 -1.000000
vn -0.000000 -0.000000 -1.000000
vn -0.000000 -0.000000 -1.000000
vn -0.000000 -0.000000 -1.000000
vn -0.000000 -0.000000 -1.000000
vn -0.000000 -0.000000 -1.000000
vn -0.000000 -0.000000 -1.000000
vn -0.000000 -0.000000 -1.000000
vn -0.000000 -0.000000 -1.000000
vn -0.000000 -0.000000 -1.000000
vn -0.000000 -0.000000 -1.000000
vn -0.000000 -0.000000 -1.000000
vn -0.000000 -1.000000 0.000000
vn -0.000000 -1.000000 0.000000
vn -0.000000 -1.000000 0.000000
vn -0.000000 -1.000000 0.000000
vn 1.000000 0.000000 -0.000000
vn 1.000000 0.000000 -0.000000
vn 1.000000 0.000000 -0.000000
vn 1.000000 0.000000 -0.000000
vn -0.000000 1.000000 -0.000000
vn -0.000000 1.000000 -0.000000
vn -0.000000 0.983515 0.180828
vn -0.000000 0.983514 0.180835
vn -0.000000 0.934598 0.355706
vn -0.000000 0.934598 0.355707
vn -0.000000 1.000000 -0.000000
vn -0.000000 1.000000 -0.000000
vn -0.000000 1.000000 -0.000000
vn -0.000000 1.000000 -0.000000
vn 1.000000 0.000000 -0.000000
vn 1.000000 0.000000 -0.000000
vn 1.000000 0.000000 -0.000000
vn 1.000000 0.000000 -0.000000
vn -0.000000 0.999980 -0.006390
vn -0.000000 0.999980 -0.006390
vn -0.000000 0.999980 -0.006390
vn -0.000000 0.999980 -0.006390
vn -0.000000 -0.000000 -1.000000
vn -0.000000 -0.000000 -1.000000
vn -0.000000 -0.000000 -1.000000
vn -0.000000 -0.000000 -1.000000
vn -0.000000 -1.000000 0.000000
vn -0.000000 -1.000000 0.000000
vn -0.000000 -1.000000 0.000000
vn -0.000000 -1.000000 0.000000
vn -0.000000 -1.000000 0.000000
vn -0.000000 -1.000000 0.000000
vn -0.000000 -1.000000 0.000000
vn -0.000000 -1.000000 0.000000
vn -0.000000 -1.000000 0.000000
vn -0.000000 -1.000000 0.000000
vn -0.000000 -1.000000 0.000000
vn -0.000000 -1.000000 0.000000
vn -0.000000 -1.000000 0.000000
vn -0.000000 -1.000000 0.000000
vn 1.000000 0.000000 -0.000000
vn 1.000000 0.000000 -0.000000
vn 1.000000 0.000000 -0.000000
vn 1.000000 0.000000 -0.000000
vn -0.000000 -0.999983 0.005837
vn -0.000000 -0.999983 0.005837
vn -0.000000 -0.999983 0.005837
vn -0.000000 -0.999983 0.005837
vn -0.000000 1.000000 -0.000000
vn -0.000000 1.000000 -0.000000
vn -0.000000 1.000000 -0.000000
vn -0.000000 1.000000 -0.000000
vn -0.000000 -0.999983 0.005837
vn -0.000000 -0.999983 0.005837
vn -0.000000 -0.999983 0.005837
vn -0.000000 -0.999983 0.005837
vn -0.000000 0.000000 1.000000
vn -0.000000 0.000000 1.000000
vn -0.000000 0.000000 1.000000
vn -0.000000 0.000000 1.000000
vn -1.000000 0.000000 -0.000000
vn -1.000000 0.000000 -0.000000
vn -1.000000 0.000000 -0.000000
vn -1.000000 0.000000 -0.000000
vn -1.000000 0.000000 -0.000000
vn -1.000000 0.000000 -0.000000
vn -1.000000 0.000000 -0.000000
vn -1.000000 0.000000 -0.000000
vn 0.482962 -0.866026 -0.129410
vn -0.000013 -1.000000 0.000000
vn -0.201942 -0.977902 0.054110
vn -0.806829 -0.549809 0.216189
vn -0.836516 -0.500000 0.224144
vn -0.836522 0.499989 0.224146
vn -0.806821 0.549820 0.216187
vn -0.000012 1.000000 -0.000000
vn -0.201942 0.977902 0.054110
vn 0.482963 0.866025 -0.129410
vn -0.258819 -0.000000 -0.965926
vn -0.258819 -0.000000 -0.965926
vn -0.258819 -0.000000 -0.965926
vn -0.258819 -0.000000 -0.965926
vn -0.258819 -0.000000 -0.965926
vn -0.258819 -0.000000 -0.965926
vn -0.482963 0.866025 -0.129410
vn 0.000012 1.000000 -0.000000
vn 0.201942 0.977902 0.054110
vn 0.806821 0.549820 0.216187
vn 0.836522 0.499989 0.224146
vn 0.806828 -0.549809 0.216189
vn 0.836516 -0.500000 0.224144
vn 0.000013 -1.000000 0.000000
vn 0.201942 -0.977902 0.054110
vn -0.482962 -0.866026 -0.129410
vn 0.258819 -0.000000 -0.965926
vn 0.258819 -0.000000 -0.965926
vn 0.258819 -0.000000 -0.965926
vn 0.258819 -0.000000 -0.965926
vn 0.258819 -0.000000 -0.965926
vn 0.258819 -0.000000 -0.965926
vn -1.000000 0.000000 -0.000000
vn -1.000000 0.000000 -0.000000
vn -1.000000 0.000000 -0.000000
vn -1.000000 0.000000 -0.000000
vn -1.000000 0.000000 -0.000000
vn -1.000000 0.000000 -0.000000
vn -1.000000 0.000000 -0.000000
vn -1.000000 0.000000 -0.000000
vn -1.000000 0.000000 -0.000000
vn -1.000000 0.000000 -0.000000
vn -1.000000 0.000000 -0.000000
vn -1.000000 0.000000 -0.000000
vn 1.000000 0.000000 -0.000000
vn 1.000000 0.000000 -0.000000
vn 1.000000 0.000000 -0.000000
vn 1.000000 0.000000 -0.000000
vn 1.000000 0.000000 -0.000000
vn 1.000000 0.000000 -0.000000
vn -1.000000 0.000000 -0.000000
vn -1.000000 0.000000 -0.000000
vn -1.000000 0.000000 -0.000000
vn -1.000000 0.000000 -0.000000
vn -1.000000 0.000000 -0.000000
vn -1.000000 0.000000 -0.000000
vn 1.000000 0.000000 -0.000000
vn 1.000000 0.000000 -0.000000
vn 1.000000 0.000000 -0.000000
vn 1.000000 0.000000 -0.000000
vn 1.000000 0.000000 -0.000000
vn 1.000000 0.000000 -0.000000
vn -0.000000 1.000000 -0.000000
vn -0.000000 1.000000 -0.000000
vn -0.000000 1.000000 -0.000000
vn -0.000000 1.000000 -0.000000
vn -0.000000 1.000000 -0.000000
vn -0.000000 1.000000 -0.000000
vn -1.000000 0.000000 -0.000000
vn -1.000000 0.000000 -0.000000
vn -1.000000 0.000000 -0.000000
vn -1.000000 0.000000 -0.000000
vn -1.000000 0.000000 -0.000000
vn -1.000000 0.000000 -0.000000
vn -1.000000 0.000000 -0.000000
vn -1.000000 0.000000 -0.000000
vn -1.000000 0.000000 -0.000000
vn -1.000000 0.000000 -0.000000
vn -1.000000 0.000000 -0.000000
vn -1.000000 0.000000 -0.000000
vn -0.000000 1.000000 -0.000000
vn -0.000000 1.000000 -0.000000
vn -0.000000 1.000000 -0.000000
vn -0.000000 1.000000 -0.000000
vn 1.000000 0.000000 -0.000000
vn 1.000000 0.000000 -0.000000
vn 1.000000 0.000000 -0.000000
vn 1.000000 0.000000 -0.000000
vn 1.000000 0.000000 -0.000000
vn 1.000000 0.000000 -0.000000
vn 1.000000 0.000000 -0.000000
vn 1.000000 0.000000 -0.000000
vn 0.110941 0.987615 0.110941
vn 0.110941 0.987615 0.110941
vn 0.040743 0.998339 0.040743
vn 0.040743 0.998339 0.040742
vn 0.055656 0.998339 -0.014912
vn 0.014913 0.998339 -0.055654
vn -0.055657 0.998339 0.014913
vn 0.055653 0.998339 -0.014911
vn 0.151549 0.987615 -0.040606
vn 0.151549 0.987615 -0.040606
vn -0.014913 0.998339 0.055655
vn -0.014913 0.998339 0.055652
vn -0.040608 0.987615 0.151549
vn -0.040607 0.987616 0.151547
vn -0.055655 0.998339 0.014913
vn -0.151546 0.987616 0.040607
vn -0.151547 0.987616 0.040607
vn 0.014913 0.998339 -0.055655
vn 0.040607 0.987616 -0.151547
vn 0.040607 0.987616 -0.151546
vn -0.040742 0.998339 -0.040742
vn -0.040742 0.998339 -0.040743
vn -0.110940 0.987616 -0.110940
vn -0.110940 0.987616 -0.110940
vn -0.258819 0.000000 0.965926
vn -0.258819 0.000000 0.965926
vn -0.258819 0.000000 0.965926
vn -0.258819 0.000000 0.965926
vn 0.151548 -0.987615 -0.040608
vn 0.151549 -0.987615 -0.040609
vn 0.055653 -0.998339 -0.014912
vn 0.055654 -0.998339 -0.014913
vn 0.014913 -0.998339 -0.055656
vn -0.014914 -0.998339 0.055657
vn 0.040741 -0.998339 0.040742
vn 0.040742 -0.998339 0.040743
vn 0.110941 -0.987615 0.110941
vn 0.110941 -0.987615 0.110941
vn -0.014914 -0.998339 0.055653
vn -0.040608 -0.987615 0.151548
vn -0.040608 -0.987615 0.151549
vn -0.040743 -0.998339 -0.040742
vn 0.014913 -0.998339 -0.055651
vn 0.040608 -0.987616 -0.151547
vn 0.040608 -0.987616 -0.151546
vn -0.055655 -0.998339 0.014913
vn -0.055652 -0.998339 0.014912
vn -0.151548 -0.987616 0.040607
vn -0.151548 -0.987615 0.040607
vn -0.040742 -0.998339 -0.040741
vn -0.110941 -0.987616 -0.110940
vn -0.110940 -0.987616 -0.110940
vn 0.965926 -0.000000 -0.258819
vn 0.965926 -0.000000 -0.258819
vn 0.965926 -0.000000 -0.258819
vn 0.965926 -0.000000 -0.258819
vn -0.707107 -0.000000 -0.707106
vn -0.707107 -0.000000 -0.707107
vn -0.707107 -0.000000 -0.707106
vn -0.707108 -0.000000 -0.707106
vn 0.201383 0.000000 0.979513
vn 0.201383 0.000000 0.979513
vn -0.314275 0.000000 0.949332
vn -0.314271 0.000000 0.949333
vn -0.949328 0.000000 0.314286
vn -0.949336 0.000000 0.314262
vn -0.979513 -0.000000 -0.201382
vn -0.979513 -0.000000 -0.201382
vn 0.948974 0.000000 0.315354
vn 0.948974 0.000000 0.315354
vn 0.665019 0.000000 0.746827
vn 0.665000 0.000000 0.746844
vn -0.202495 0.000000 0.979283
vn -0.202499 0.000000 0.979282
vn -0.664158 0.000000 0.747592
vn -0.664158 0.000000 0.747592
vn 0.664158 -0.000000 -0.747592
vn 0.664158 -0.000000 -0.747592
vn 0.202495 -0.000000 -0.979283
vn 0.202499 -0.000000 -0.979282
vn -0.665000 -0.000000 -0.746844
vn -0.665019 -0.000000 -0.746827
vn -0.948974 -0.000000 -0.315354
vn -0.948974 -0.000000 -0.315354
vn -0.746827 -0.000000 -0.665018
vn -0.315354 -0.000000 -0.948974
vn -0.315354 -0.000000 -0.948974
vn -0.746844 -0.000000 -0.665000
vn -0.979285 0.000000 0.202486
vn -0.979280 0.000000 0.202510
vn -0.747591 0.000000 0.664159
vn -0.747591 0.000000 0.664159
vn 0.747592 -0.000000 -0.664158
vn 0.747592 -0.000000 -0.664158
vn 0.979283 -0.000000 -0.202495
vn 0.979283 -0.000000 -0.202499
vn 0.746844 0.000000 0.665000
vn 0.746827 0.000000 0.665019
vn 0.315354 0.000000 0.948974
vn 0.315354 0.000000 0.948974
vn 0.707107 0.000000 0.707106
vn 0.707107 0.000000 0.707106
vn 0.707107 0.000000 0.707106
vn 0.707107 0.000000 0.707107
vn 0.258819 -0.000000 -0.965926
vn 0.258819 -0.000000 -0.965926
vn 0.258819 -0.000000 -0.965926
vn 0.258820 -0.000000 -0.965926
vn -0.965926 0.000000 0.258820
vn -0.965926 0.000000 0.258820
vn -0.965926 0.000000 0.258820
vn -0.965926 0.000000 0.258820
vn -0.201382 -0.000000 -0.979513
vn -0.201382 -0.000000 -0.979513
vn 0.314262 -0.000000 -0.949336
vn 0.314285 -0.000000 -0.949329
vn 0.949332 -0.000000 -0.314276
vn 0.949333 -0.000000 -0.314272
vn 0.979513 0.000000 0.201382
vn 0.979513 0.000000 0.201382
vn 0.000013 -1.000000 0.000000
vn -0.363053 -0.926049 0.103086
vn 0.480987 -0.866025 -0.136572
vn -0.833093 -0.500000 0.236550
vn -0.833093 -0.500000 0.236550
vn -0.833093 0.500000 0.236550
vn -0.833093 0.500000 0.236550
vn -0.363048 0.926051 0.103085
vn -0.000000 1.000000 -0.000000
vn 0.480986 0.866025 -0.136572
vn -0.000000 1.000000 -0.000000
vn -0.000000 1.000000 -0.000000
vn -0.000000 1.000000 -0.000000
vn -0.000000 1.000000 -0.000000
vn -0.000000 1.000000 -0.000000
vn -0.000000 1.000000 -0.000000
vn -0.000000 1.000000 -0.000000
vn -0.000000 1.000000 -0.000000
vn -0.000000 1.000000 -0.000000
vn -0.000000 1.000000 -0.000000
vn -0.000000 1.000000 -0.000000
vn -0.000000 1.000000 -0.000000
vn -0.000000 1.000000 -0.000000
vn -0.480987 -0.866025 -0.136572
vn 0.363048 -0.926051 0.103084
vn -0.000000 -1.000000 0.000000
vn 0.833099 -0.499989 0.236552
vn 0.833087 -0.500011 0.236548
vn 0.833087 0.500011 0.236548
vn 0.833099 0.499989 0.236552
vn -0.000013 1.000000 -0.000000
vn 0.363053 0.926049 0.103086
vn -0.480986 0.866025 -0.136572
vn 0.273144 -0.000000 -0.961973
vn 0.273144 -0.000000 -0.961973
vn 0.273144 -0.000000 -0.961973
vn 0.273144 -0.000000 -0.961973
vn 0.273144 -0.000000 -0.961973
vn 0.273144 -0.000000 -0.961973
vn -0.000000 -1.000000 0.000000
vn -0.000000 -1.000000 0.000000
vn -0.000000 -1.000000 0.000000
vn -0.000000 -1.000000 0.000000
vn -0.000000 -1.000000 0.000000
vn 0.854194 0.000000 0.519955
vn 0.854194 0.000000 0.519955
vn 0.997455 0.000000 0.071294
vn 0.997456 0.000000 0.071280
vn 0.919461 -0.000000 -0.393180
vn 0.919461 -0.000000 -0.393181
vn -0.073388 -0.000000 -0.997303
vn -0.073388 -0.000000 -0.997303
vn -0.521589 -0.000000 -0.853197
vn -0.521600 -0.000000 -0.853190
vn -0.854194 -0.000000 -0.519955
vn -0.854194 -0.000000 -0.519955
vn -0.273144 -0.000000 -0.961973
vn -0.273144 -0.000000 -0.961973
vn -0.273145 -0.000000 -0.961973
vn -0.273144 -0.000000 -0.961973
vn -0.273144 -0.000000 -0.961973
vn -0.273144 -0.000000 -0.961973
vn -0.000000 -1.000000 0.000000
vn -0.000000 -1.000000 0.000000
vn -0.000000 -1.000000 0.000000
vn -0.000000 -1.000000 0.000000
vn -0.000000 -1.000000 0.000000
vn -0.000000 -1.000000 0.000000
vn -0.000000 -1.000000 0.000000
vn -0.000000 -1.000000 0.000000
vn -0.000000 -1.000000 0.000000
vn -0.000000 -1.000000 0.000000
vn -0.000000 -1.000000 0.000000
vn -0.000000 -1.000000 0.000000
vn -0.000000 -1.000000 0.000000
vn -0.000000 -1.000000 0.000000
vn -0.000000 1.000000 -0.000000
vn -0.000000 1.000000 -0.000000
vn -0.000000 1.000000 -0.000000
vn -0.000000 1.000000 -0.000000
vn -0.000000 1.000000 -0.000000
vn -0.000000 1.000000 -0.000000
vn -0.000000 1.000000 -0.000000
vn -0.000000 1.000000 -0.000000
vn -0.000000 1.000000 -0.000000
vn -0.000000 1.000000 -0.000000
vn -0.000000 1.000000 -0.000000
vn -0.000000 1.000000 -0.000000
vn -0.000000 1.000000 -0.000000
vn -0.000000 1.000000 -0.000000
vn -0.000000 1.000000 -0.000000
vn -0.000000 1.000000 -0.000000
vn -0.000000 1.000000 -0.000000
vn -0.000000 1.000000 -0.000000
vn -0.000000 1.000000 -0.000000
vn -0.000000 -1.000000 0.000000
vn -0.000000 -1.000000 0.000000
vn -0.000000 -1.000000 0.000000
vn -0.000000 -1.000000 0.000000
vn -0.000000 -1.000000 0.000000
vn -0.854194 0.000000 0.519955
vn -0.997455 0.000000 0.071294
vn -0.854194 0.000000 0.519955
vn -0.997456 0.000000 0.071280
vn -0.919461 -0.000000 -0.393180
vn -0.919461 -0.000000 -0.393181
vn 0.073388 -0.000000 -0.997303
vn 0.521589 -0.000000 -0.853197
vn 0.073388 -0.000000 -0.997303
vn 0.521600 -0.000000 -0.853190
vn 0.854194 -0.000000 -0.519955
vn 0.854194 -0.000000 -0.519955
vn -0.000000 -1.000000 0.000000
vn -0.000000 -1.000000 0.000000
vn -0.000000 -1.000000 0.000000
vn -0.000000 -1.000000 0.000000
vn -0.000000 -1.000000 0.000000
vn -0.000000 -1.000000 0.000000
vn -0.000000 -1.000000 0.000000
vn -0.000000 -1.000000 0.000000
vn -0.000000 -1.000000 0.000000
vn -0.000000 -1.000000 0.000000
vn -0.000000 -1.000000 0.000000
vn -0.000000 -1.000000 0.000000
vn -0.000000 -1.000000 0.000000
vn -0.000000 -1.000000 0.000000
vn -0.000000 -1.000000 0.000000
vn -1.000000 0.000000 -0.000000
vn -1.000000 0.000000 -0.000000
vn -1.000000 0.000000 -0.000000
vn -1.000000 0.000000 -0.000000
vn -1.000000 0.000000 -0.000000
vn -1.000000 0.000000 -0.000000
vn -1.000000 0.000000 -0.000000
vn -1.000000 0.000000 -0.000000
vn -1.000000 0.000000 -0.000000
vn -1.000000 0.000000 -0.000000
vn 1.000000 0.000000 -0.000000
vn 1.000000 0.000000 -0.000000
vn 1.000000 0.000000 -0.000000
vn 1.000000 0.000000 -0.000000
vn 1.000000 0.000000 -0.000000
vn -0.000000 -0.590708 0.806885
vn -0.000000 -0.590708 0.806885
vn -0.000000 -0.108126 0.994137
vn -0.000000 -0.108126 0.994137
vn -0.000000 0.806885 0.590709
vn -0.000000 0.806885 0.590708
vn -0.000000 0.915011 -0.403428
vn -0.000000 0.915011 -0.403430
vn -0.000000 0.590708 -0.806885
vn -0.000000 0.590709 -0.806885
vn -0.000000 0.590709 -0.806885
vn -0.000000 0.590709 -0.806885
vn -0.000000 0.915011 -0.403430
vn -0.000000 0.915011 -0.403428
vn -0.000000 0.806886 0.590708
vn -0.000000 0.806885 0.590709
vn -0.000000 -0.108126 0.994137
vn -0.000000 -0.108126 0.994137
vn -0.000000 -0.590709 0.806885
vn -0.000000 -0.590708 0.806885
vn 1.000000 0.000000 -0.000000
vn 1.000000 0.000000 -0.000000
vn 1.000000 0.000000 -0.000000
vn 1.000000 0.000000 -0.000000
vn 1.000000 0.000000 -0.000000
vn -0.000000 -0.000000 -1.000000
vn -0.000000 -0.000000 -1.000000
vn -0.000000 -0.000000 -1.000000
vn -0.000000 -0.000000 -1.000000
vn -0.000000 -0.000000 -1.000000
vn -0.000000 -0.000000 -1.000000
vn -0.000000 -0.000000 -1.000000
vn -0.000000 -0.000000 -1.000000
vn -0.000000 -0.000000 -1.000000
vn -0.000000 -0.000000 -1.000000
vn -0.000000 0.000000 1.000000
vn -0.000000 0.000000 1.000000
vn -0.000000 0.000000 1.000000
vn -0.000000 0.000000 1.000000
vn -0.000000 0.000000 1.000000
vn -0.000000 0.000000 1.000000
vn -0.000000 0.000000 1.000000
vn -0.000000 0.000000 1.000000
vn -0.000000 0.000000 1.000000
vn -0.000000 0.000000 1.000000
vn 0.965926 0.000000 0.258819
vn 0.965926 0.000000 0.258819
vn 0.707108 -0.000000 -0.707106
vn 0.258819 0.000000 0.965926
vn 0.707106 -0.000000 -0.707108
vn 0.258819 0.000000 0.965926
vn -0.707106 0.000000 0.707108
vn -0.707107 0.000000 0.707106
vn -0.258819 -0.000000 -0.965926
vn -0.258819 -0.000000 -0.965926
vn -0.965926 -0.000000 -0.258819
vn -0.965926 -0.000000 -0.258819
vn -0.965926 0.000000 0.258819
vn -0.707108 -0.000000 -0.707106
vn -0.965926 0.000000 0.258819
vn -0.258819 0.000000 0.965926
vn -0.707106 -0.000000 -0.707108
vn -0.258819 0.000000 0.965926
vn 0.707106 0.000000 0.707108
vn 0.707107 0.000000 0.707106
vn 0.258819 -0.000000 -0.965926
vn 0.258819 -0.000000 -0.965926
vn 0.965926 -0.000000 -0.258819
vn 0.965926 -0.000000 -0.258819
vn -0.000000 -0.803785 -0.594920
vn -0.000000 -0.989032 0.147699
vn -0.000000 -0.989032 0.147699
vn -0.000000 -0.594904 0.803796
vn -0.000000 -0.803796 -0.594905
vn -0.000000 -0.594920 0.803785
vn -0.000000 -0.147689 -0.989034
vn -0.000000 0.147709 0.989031
vn -0.000000 -0.147709 -0.989031
vn -0.000000 0.147689 0.989034
vn -0.000000 0.594920 -0.803785
vn -0.000000 0.594904 -0.803797
vn -0.000000 0.989034 -0.147690
vn -0.000000 0.989031 -0.147709
vn -0.000000 0.803791 0.594912
vn -0.000000 0.803790 0.594913
vn -0.696213 -0.000000 -0.717835
vn 0.015291 -0.000000 -0.999883
vn 0.015290 -0.000000 -0.999883
vn -0.696212 -0.000000 -0.717836
vn 0.717836 -0.000000 -0.696213
vn -0.999982 -0.000000 -0.005959
vn 0.717835 -0.000000 -0.696213
vn -0.999982 -0.000000 -0.005970
vn 0.999697 0.000000 0.024615
vn -0.746778 0.000000 0.665074
vn 0.999697 0.000000 0.024605
vn -0.746779 0.000000 0.665072
vn 0.726167 0.000000 0.687519
vn -0.015195 0.000000 0.999885
vn 0.726169 0.000000 0.687517
vn -0.015176 0.000000 0.999885
vn 0.696213 -0.000000 -0.717835
vn -0.015290 -0.000000 -0.999883
vn -0.015291 -0.000000 -0.999883
vn 0.696212 -0.000000 -0.717836
vn -0.717836 -0.000000 -0.696213
vn 0.999982 -0.000000 -0.005959
vn -0.717835 -0.000000 -0.696213
vn 0.999982 -0.000000 -0.005970
vn -0.999697 0.000000 0.024615
vn 0.746778 0.000000 0.665074
vn -0.999697 0.000000 0.024605
vn 0.746779 0.000000 0.665072
vn -0.726167 0.000000 0.687519
vn 0.015195 0.000000 0.999885
vn -0.726168 0.000000 0.687517
vn 0.015176 0.000000 0.999885
vn -0.000000 0.915016 -0.403416
vn -0.000000 0.590709 -0.806885
vn -0.000000 0.590708 -0.806885
vn -0.000000 0.915006 -0.403441
vn -0.000000 0.806885 0.590708
vn -0.000000 0.806885 0.590709
vn -0.000000 -0.108126 0.994137
vn -0.000000 -0.108126 0.994137
vn -0.000000 -0.590709 0.806885
vn -0.000000 -0.590708 0.806885
f 1/1/1 2/2/2 3/3/3
f 1/1/1 3/3/3 4/4/4
f 5/5/5 6/6/6 7/7/7
f 5/5/5 7/7/7 8/8/8
f 9/9/9 10/10/10 11/11/11
f 9/9/9 11/11/11 12/12/12
f 13/13/13 14/14/14 15/15/15
f 13/13/13 15/15/15 16/16/16
f 17/17/17 13/13/13 16/16/16
f 17/17/17 16/16/16 18/18/18
f 19/19/19 20/20/20 21/21/21
f 19/19/19 21/21/21 22/22/22
f 23/23/23 24/24/24 25/25/25
f 24/24/24 23/23/23 26/26/26
f 26/26/26 23/23/23 27/27/27
f 27/27/27 23/23/23 28/28/28
f 29/29/29 30/30/30 31/31/31
f 29/29/29 31/31/31 32/32/32
f 33/33/33 34/34/34 35/35/35
f 33/33/33 35/35/35 36/36/36
f 37/37/37 38/38/38 39/39/39
f 37/37/37 39/39/39 40/40/40
f 41/41/41 42/42/42 43/43/43
f 41/41/41 43/43/43 44/44/44
f 45/45/45 46/46/46 47/47/47
f 45/45/45 47/47/47 48/48/48
f 49/49/49 50/50/50 51/51/51
f 50/50/50 49/49/49 52/52/52
f 52/52/52 49/49/49 53/53/53
f 53/53/53 49/49/49 54/54/54
f 55/55/55 56/56/56 57/57/57
f 55/55/55 57/57/57 58/58/58
f 59/59/59 60/60/60 61/61/61
f 59/59/59 61/61/61 62/62/62
f 63/63/63 64/64/64 65/65/65
f 63/63/63 65/65/65 66/66/66
f 67/67/67 68/68/68 69/69/69
f 69/69/69 68/68/68 70/70/70
f 70/70/70 68/68/68 71/71/71
f 72/72/72 70/70/70 71/71/71
f 73/73/73 70/70/70 72/72/72
f 74/74/74 73/73/73 72/72/72
f 75/75/75 76/76/76 77/77/77
f 75/75/75 77/77/77 78/78/78
f 79/79/79 80/80/80 81/81/81
f 79/79/79 81/81/81 82/82/82
f 83/83/83 84/84/84 85/85/85
f 83/83/83 85/85/85 86/86/86
f 87/87/87 88/88/88 89/89/89
f 87/87/87 89/89/89 90/90/90
f 91/91/91 90/90/90 89/89/89
f 91/91/91 92/92/92 90/90/90
f 93/93/93 92/92/92 91/91/91
f 93/93/93 94/94/94 92/92/92
f 95/95/95 96/96/96 97/97/97
f 95/95/95 97/97/97 98/98/98
f 99/99/99 100/100/100 101/101/101
f 99/99/99 101/101/101 102/102/102
f 103/103/103 104/104/104 105/105/105
f 103/103/103 105/105/105 106/106/106
f 107/107/107 108/108/108 109/109/109
f 107/107/107 109/109/109 110/110/110
f 111/111/111 112/112/112 113/113/113
f 114/114/114 112/112/112 111/111/111
f 115/115/115 112/112/112 114/114/114
f 116/116/116 112/112/112 115/115/115
f 117/117/117 118/118/118 119/119/119
f 117/117/117 119/119/119 120/120/120
f 121/121/121 122/122/122 123/123/123
f 121/121/121 123/123/123 124/124/124
f 125/125/125 126/126/126 127/127/127
f 125/125/125 127/127/127 128/128/128
f 129/129/129 130/130/130 131/131/131
f 129/129/129 131/131/131 132/132/132
f 133/133/133 134/134/134 135/135/135
f 133/133/133 135/135/135 136/136/136
f 137/137/137 138/138/138 139/139/139
f 137/137/137 139/139/139 140/140/140
f 141/141/141 142/142/142 143/143/143
f 141/141/141 143/143/143 144/144/144
f 145/145/145 144/144/144 143/143/143
f 145/145/145 143/143/143 146/146/146
f 147/147/147 148/148/148 149/149/149
f 147/147/147 149/149/149 150/150/150
f 151/151/151 152/152/152 153/153/153
f 151/151/151 153/153/153 154/154/154
f 155/155/155 156/156/156 157/157/157
f 155/155/155 157/157/157 158/158/158
f 159/159/159 160/160/160 161/161/161
f 159/159/159 161/161/161 162/162/162
f 163/163/163 164/164/164 165/165/165
f 163/163/163 165/165/165 166/166/166
f 167/167/167 168/168/168 169/169/169
f 167/167/167 169/169/169 170/170/170
f 171/171/171 170/170/170 169/169/169
f 171/171/171 169/169/169 172/172/172
f 173/173/173 174/174/174 175/175/175
f 173/173/173 175/175/175 176/176/176
f 177/177/177 178/178/178 179/179/179
f 177/177/177 179/179/179 180/180/180
f 181/181/181 182/182/182 183/183/183
f 181/181/181 183/183/183 184/184/184
f 185/185/185 186/186/186 187/187/187
f 185/185/185 187/187/187 188/188/188
f 189/189/189 190/190/190 191/191/191
f 189/189/189 191/191/191 192/192/192
f 193/193/193 194/194/194 195/195/195
f 193/193/193 195/195/195 196/196/196
f 197/197/197 198/198/198 199/199/199
f 197/197/197 199/199/199 200/200/200
f 201/201/201 202/202/202 203/203/203
f 201/201/201 203/203/203 204/204/204
f 205/205/205 206/206/206 207/207/207
f 206/206/206 208/208/208 207/207/207
f 206/206/206 209/209/209 208/208/208
f 208/208/208 209/209/209 210/210/210
f 208/208/208 210/210/210 211/211/211
f 212/212/212 211/211/211 210/210/210
f 212/212/212 213/213/213 211/211/211
f 214/214/214 213/213/213 212/212/212
f 215/215/215 216/216/216 217/217/217
f 218/218/218 216/216/216 215/215/215
f 219/219/219 216/216/216 218/218/218
f 216/216/216 219/219/219 220/220/220
f 221/221/221 222/222/222 223/223/223
f 222/222/222 224/224/224 223/223/223
f 222/222/222 225/225/225 224/224/224
f 225/225/225 226/226/226 224/224/224
f 225/225/225 227/227/227 226/226/226
f 228/228/228 226/226/226 227/227/227
f 228/228/228 229/229/229 226/226/226
f 230/230/230 229/229/229 228/228/228
f 231/231/231 232/232/232 233/233/233
f 232/232/232 231/231/231 234/234/234
f 234/234/234 231/231/231 235/235/235
f 235/235/235 231/231/231 236/236/236
f 237/237/237 238/238/238 239/239/239
f 237/237/237 240/240/240 238/238/238
f 238/238/238 240/240/240 241/241/241
f 240/240/240 237/237/237 242/242/242
f 242/242/242 237/237/237 243/243/243
f 243/243/243 237/237/237 244/244/244
f 245/245/245 246/246/246 247/247/247
f 245/245/245 247/247/247 248/248/248
f 249/249/249 250/250/250 251/251/251
f 252/252/252 250/250/250 249/249/249
f 252/252/252 253/253/253 250/250/250
f 250/250/250 253/253/253 254/254/254
f 255/255/255 256/256/256 257/257/257
f 258/258/258 256/256/256 255/255/255
f 258/258/258 259/259/259 256/256/256
f 256/256/256 259/259/259 260/260/260
f 261/261/261 262/262/262 263/263/263
f 264/264/264 262/262/262 261/261/261
f 262/262/262 264/264/264 265/265/265
f 265/265/265 264/264/264 266/266/266
f 267/267/267 268/268/268 269/269/269
f 268/268/268 267/267/267 270/270/270
f 268/268/268 270/270/270 271/271/271
f 270/270/270 267/267/267 272/272/272
f 273/273/273 274/274/274 275/275/275
f 276/276/276 274/274/274 273/273/273
f 277/277/277 274/274/274 276/276/276
f 274/274/274 277/277/277 278/278/278
f 279/279/279 280/280/280 281/281/281
f 282/282/282 280/280/280 279/279/279
f 280/280/280 282/282/282 283/283/283
f 280/280/280 283/283/283 284/284/284
f 285/285/285 286/286/286 287/287/287
f 285/285/285 287/287/287 288/288/288
f 289/289/289 290/290/290 291/291/291
f 289/289/289 292/292/292 290/290/290
f 292/292/292 289/289/289 293/293/293
f 290/290/290 292/292/292 294/294/294
f 290/290/290 294/294/294 295/295/295
f 294/294/294 292/292/292 296/296/296
f 297/297/297 298/298/298 299/299/299
f 297/297/297 299/299/299 300/300/300
f 299/299/299 301/301/301 300/300/300
f 299/299/299 302/302/302 301/301/301
f 303/303/303 302/302/302 299/299/299
f 301/301/301 302/302/302 304/304/304
f 305/305/305 301/301/301 304/304/304
f 305/305/305 304/304/304 306/306/306
f 303/303/303 299/299/299 307/307/307
f 307/307/307 299/299/299 308/308/308
f 309/309/309 307/307/307 308/308/308
f 309/309/309 310/310/310 307/307/307
f 303/303/303 307/307/307 311/311/311
f 312/312/312 303/303/303 311/311/311
f 312/312/312 313/313/313 303/303/303
f 302/302/302 303/303/303 314/314/314
f 315/315/315 302/302/302 314/314/314
f 315/315/315 316/316/316 302/302/302
f 314/314/314 303/303/303 317/317/317
f 317/317/317 303/303/303 318/318/318
f 319/319/319 317/317/317 318/318/318
f 319/319/319 320/320/320 317/317/317
f 321/321/321 322/322/322 323/323/323
f 321/321/321 323/323/323 324/324/324
f 325/325/325 326/326/326 327/327/327
f 325/325/325 327/327/327 328/328/328
f 329/329/329 328/328/328 327/327/327
f 329/329/329 330/330/330 328/328/328
f 328/328/328 330/330/330 331/331/331
f 331/331/331 330/330/330 332/332/332
f 333/333/333 331/331/331 332/332/332
f 333/333/333 332/332/332 334/334/334
f 332/332/332 330/330/330 335/335/335
f 335/335/335 330/330/330 336/336/336
f 335/335/335 336/336/336 337/337/337
f 338/338/338 330/330/330 329/329/329
f 338/338/338 329/329/329 339/339/339
f 340/340/340 339/339/339 329/329/329
f 340/340/340 341/341/341 339/339/339
f 330/330/330 338/338/338 342/342/342
f 330/330/330 342/342/342 343/343/343
f 343/343/343 342/342/342 344/344/344
f 343/343/343 344/344/344 345/345/345
f 342/342/342 338/338/338 346/346/346
f 338/338/338 347/347/347 346/346/346
f 338/338/338 348/348/348 347/347/347
f 349/349/349 350/350/350 351/351/351
f 349/349/349 351/351/351 352/352/352
f 353/353/353 354/354/354 355/355/355
f 353/353/353 355/355/355 356/356/356
f 357/357/357 358/358/358 359/359/359
f 357/357/357 359/359/359 360/360/360
f 359/359/359 361/361/361 360/360/360
f 359/359/359 362/362/362 361/361/361
f 363/363/363 361/361/361 362/362/362
f 363/363/363 362/362/362 364/364/364
f 365/365/365 366/366/366 367/367/367
f 365/365/365 367/367/367 368/368/368
f 368/368/368 367/367/367 369/369/369
f 368/368/368 369/369/369 370/370/370
f 371/371/371 370/370/370 369/369/369
f 371/371/371 369/369/369 372/372/372
f 373/373/373 374/374/374 375/375/375
f 373/373/373 375/375/375 376/376/376
f 377/377/377 376/376/376 375/375/375
f 377/377/377 375/375/375 378/378/378
f 378/378/378 379/379/379 377/377/377
f 378/378/378 380/380/380 379/379/379
f 381/381/381 382/382/382 383/383/383
f 381/381/381 383/383/383 384/384/384
f 385/385/385 381/381/381 384/384/384
f 385/385/385 384/384/384 386/386/386
f 387/387/387 385/385/385 386/386/386
f 387/387/387 386/386/386 388/388/388
f 389/389/389 390/390/390 391/391/391
f 389/389/389 391/391/391 392/392/392
f 393/393/393 392/392/392 391/391/391
f 393/393/393 391/391/391 394/394/394
f 395/395/395 393/393/393 394/394/394
f 395/395/395 394/394/394 396/396/396
f 397/397/397 398/398/398 399/399/399
f 397/397/397 399/399/399 400/400/400
f 401/401/401 402/402/402 403/403/403
f 401/401/401 403/403/403 404/404/404
f 405/405/405 406/406/406 407/407/407
f 405/405/405 407/407/407 408/408/408
f 409/409/409 410/410/410 411/411/411
f 409/409/409 411/411/411 412/412/412
f 413/413/413 412/412/412 411/411/411
f 413/413/413 414/414/414 412/412/412
f 415/415/415 414/414/414 413/413/413
f 415/415/415 413/413/413 416/416/416
f 417/417/417 418/418/418 419/419/419
f 420/420/420 418/418/418 417/417/417
f 420/420/420 417/417/417 421/421/421
f 422/422/422 420/420/420 421/421/421
f 422/422/422 423/423/423 420/420/420
f 424/424/424 423/423/423 422/422/422
f 424/424/424 422/422/422 425/425/425
f 426/426/426 424/424/424 425/425/425
f 427/427/427 428/428/428 429/429/429
f 427/427/427 429/429/429 430/430/430
f 431/431/431 430/430/430 429/429/429
f 431/431/431 429/429/429 432/432/432
f 433/433/433 431/431/431 432/432/432
f 433/433/433 432/432/432 434/434/434
f 435/435/435 436/436/436 437/437/437
f 435/435/435 437/437/437 438/438/438
f 437/437/437 439/439/439 438/438/438
f 440/440/440 441/441/441 442/442/442
f 441/441/441 443/443/443 442/442/442
f 441/441/441 444/444/444 443/443/443
f 444/444/444 445/445/445 443/443/443
f 444/444/444 446/446/446 445/445/445
f 446/446/446 447/447/447 445/445/445
f 446/446/446 448/448/448 447/447/447
f 448/448/448 449/449/449 447/447/447
f 450/450/450 451/451/451 452/452/452
f 453/453/453 451/451/451 450/450/450
f 454/454/454 451/451/451 453/453/453
f 451/451/451 454/454/454 455/455/455
f 456/456/456 457/457/457 458/458/458
f 456/456/456 458/458/458 459/459/459
f 456/456/456 459/459/459 460/460/460
f 461/461/461 462/462/462 463/463/463
f 461/461/461 463/463/463 464/464/464
f 464/464/464 463/463/463 465/465/465
f 464/464/464 465/465/465 466/466/466
f 467/467/467 468/468/468 469/469/469
f 467/467/467 469/469/469 470/470/470
f 470/470/470 469/469/469 471/471/471
f 470/470/470 471/471/471 472/472/472
f 473/473/473 474/474/474 475/475/475
f 476/476/476 474/474/474 473/473/473
f 477/477/477 474/474/474 476/476/476
f 474/474/474 477/477/477 478/478/478
f 479/479/479 480/480/480 481/481/481
f 479/479/479 482/482/482 480/480/480
f 480/480/480 482/482/482 483/483/483
f 480/480/480 483/483/483 484/484/484
f 484/484/484 483/483/483 485/485/485
f 484/484/484 485/485/485 486/486/486
f 487/487/487 488/488/488 489/489/489
f 489/489/489 490/490/490 487/487/487
f 490/490/490 491/491/491 487/487/487
f 491/491/491 492/492/492 487/487/487
f 493/493/493 494/494/494 495/495/495
f 495/495/495 496/496/496 493/493/493
f 495/495/495 497/497/497 496/496/496
f 496/496/496 498/498/498 493/493/493
f 499/499/499 500/500/500 501/501/501
f 499/499/499 502/502/502 500/500/500
f 503/503/503 500/500/500 502/502/502
f 503/503/503 504/504/504 500/500/500
f 505/505/505 504/504/504 503/503/503
f 505/505/505 506/506/506 504/504/504
f 507/507/507 508/508/508 509/509/509
f 507/507/507 510/510/510 508/508/508
f 508/508/508 510/510/510 511/511/511
f 512/512/512 513/513/513 514/514/514
f 512/512/512 515/515/515 513/513/513
f 512/512/512 516/516/516 515/515/515
f 517/517/517 518/518/518 519/519/519
f 517/517/517 520/520/520 518/518/518
f 520/520/520 521/521/521 518/518/518
f 520/520/520 522/522/522 521/521/521
f 523/523/523 524/524/524 525/525/525
f 523/523/523 526/526/526 524/524/524
f 526/526/526 527/527/527 524/524/524
f 526/526/526 528/528/528 527/527/527
f 529/529/529 530/530/530 531/531/531
f 529/529/529 531/531/531 532/532/532
f 531/531/531 533/533/533 532/532/532
f 531/531/531 534/534/534 533/533/533
f 534/534/534 535/535/535 533/533/533
f 534/534/534 536/536/536 535/535/535
f 537/537/537 538/538/538 539/539/539
f 537/537/537 539/539/539 540/540/540
f 541/541/541 542/542/542 540/540/540
f 541/541/541 543/543/543 542/542/542
f 544/544/544 545/545/545 546/546/546
f 547/547/547 545/545/545 544/544/544
f 545/545/545 547/547/547 548/548/548
f 549/549/549 550/550/550 551/551/551
f 552/552/552 550/550/550 549/549/549
f 553/553/553 550/550/550 552/552/552
f 554/554/554 555/555/555 556/556/556
f 557/557/557 555/555/555 554/554/554
f 558/558/558 555/555/555 557/557/557
f 559/559/559 560/560/560 561/561/561
f 559/559/559 561/561/561 562/562/562
f 563/563/563 562/562/562 561/561/561
f 563/563/563 561/561/561 564/564/564
f 565/565/565 563/563/563 564/564/564
f 565/565/565 564/564/564 566/566/566
f 567/567/567 565/565/565 566/566/566
f 567/567/567 566/566/566 568/568/568
f 569/569/569 570/570/570 571/571/571
f 569/569/569 571/571/571 572/572/572
f 573/573/573 572/572/572 571/571/571
f 573/573/573 574/574/574 572/572/572
f 575/575/575 574/574/574 573/573/573
f 575/575/575 576/576/576 574/574/574
f 575/575/575 577/577/577 576/576/576
f 575/575/575 578/578/578 577/577/577
f 579/579/579 580/580/580 581/581/581
f 580/580/580 579/579/579 582/582/582
f 580/580/580 582/582/582 583/583/583
f 584/584/584 585/585/585 586/586/586
f 587/587/587 585/585/585 584/584/584
f 586/586/586 585/585/585 588/588/588
f 585/585/585 587/587/587 589/589/589
f 586/586/586 588/588/588 590/590/590
f 589/589/589 587/587/587 590/590/590
f 590/590/590 588/588/588 591/591/591
f 589/589/589 590/590/590 592/592/592
f 593/593/593 590/590/590 591/591/591
f 592/592/592 590/590/590 593/593/593
f 594/594/594 595/595/595 596/596/596
f 597/597/597 595/595/595 594/594/594
f 595/595/595 598/598/598 596/596/596
f 595/595/595 597/597/597 599/599/599
f 595/595/595 600/600/600 598/598/598
f 600/600/600 601/601/601 598/598/598
f 599/599/599 597/597/597 602/602/602
f 600/600/600 602/602/602 601/601/601
f 599/599/599 602/602/602 603/603/603
f 603/603/603 602/602/602 600/600/600
f 604/604/604 605/605/605 606/606/606
f 607/607/607 605/605/605 604/604/604
f 604/604/604 606/606/606 608/608/608
f 607/607/607 604/604/604 609/609/609
f 610/610/610 607/607/607 609/609/609
f 610/610/610 611/611/611 607/607/607
f 608/608/608 606/606/606 612/612/612
f 608/608/608 612/612/612 613/613/613
f 614/614/614 611/611/611 610/610/610
f 614/614/614 613/613/613 612/612/612
f 614/614/614 615/615/615 611/611/611
f 614/614/614 612/612/612 615/615/615
f 616/616/616 617/617/617 618/618/618
f 619/619/619 616/616/616 618/618/618
f 616/616/616 620/620/620 617/617/617
f 619/619/619 621/621/621 616/616/616
f 622/622/622 621/621/621 619/619/619
f 622/622/622 619/619/619 623/623/623
f 620/620/620 624/624/624 617/617/617
f 620/620/620 625/625/625 624/624/624
f 626/626/626 622/622/622 623/623/623
f 626/626/626 624/624/624 625/625/625
f 626/626/626 623/623/623 627/627/627
f 626/626/626 627/627/627 624/624/624
f 628/628/628 629/629/629 630/630/630
f 631/631/631 630/630/630 629/629/629
f 628/628/628 630/630/630 632/632/632
f 631/631/631 633/633/633 630/630/630
f 632/632/632 634/634/634 628/628/628
f 633/633/633 631/631/631 635/635/635
f 632/632/632 636/636/636 634/634/634
f 633/633/633 635/635/635 637/637/637
f 638/638/638 634/634/634 636/636/636
f 638/638/638 636/636/636 639/639/639
f 640/640/640 638/638/638 639/639/639
f 640/640/640 639/639/639 641/641/641
f 642/642/642 637/637/637 635/635/635
f 642/642/642 640/640/640 641/641/641
f 642/642/642 643/643/643 637/637/637
f 642/642/642 641/641/641 643/643/643
f 644/644/644 645/645/645 646/646/646
f 644/644/644 647/647/647 645/645/645
f 646/646/646 645/645/645 648/648/648
f 649/649/649 647/647/647 644/644/644
f 646/646/646 648/648/648 650/650/650
f 649/649/649 651/651/651 647/647/647
f 650/650/650 648/648/648 652/652/652
f 653/653/653 651/651/651 649/649/649
f 650/650/650 652/652/652 654/654/654
f 653/653/653 655/655/655 651/651/651
f 654/654/654 652/652/652 656/656/656
f 657/657/657 655/655/655 653/653/653
f 654/654/654 656/656/656 658/658/658
f 657/657/657 659/659/659 655/655/655
f 658/658/658 656/656/656 659/659/659
f 658/658/658 659/659/659 657/657/657
f 660/660/660 661/661/661 662/662/662
f 660/660/660 662/662/662 663/663/663
f 661/661/661 664/664/664 662/662/662
f 665/665/665 660/660/660 663/663/663
f 661/661/661 666/666/666 664/664/664
f 665/665/665 663/663/663 667/667/667
f 666/666/666 668/668/668 664/664/664
f 669/669/669 665/665/665 667/667/667
f 666/666/666 670/670/670 668/668/668
f 669/669/669 667/667/667 671/671/671
f 670/670/670 672/672/672 668/668/668
f 673/673/673 669/669/669 671/671/671
f 670/670/670 674/674/674 672/672/672
f 673/673/673 671/671/671 675/675/675
f 674/674/674 673/673/673 675/675/675
f 674/674/674 675/675/675 672/672/672
f 676/676/676 677/677/677 678/678/678
f 676/676/676 678/678/678 679/679/679
f 680/680/680 676/676/676 679/679/679
f 680/680/680 679/679/679 681/681/681
f 680/680/680 681/681/681 682/682/682
f 680/680/680 682/682/682 683/683/683
f 684/684/684 683/683/683 682/682/682
f 684/684/684 682/682/682 685/685/685
