# Unturned item rip -> Godot (X+Z negated, winding reversed, RH Y-up)
v 0.147873 -0.275150 0.001948
v 0.147873 -0.140242 -0.122360
v 0.147873 -0.275150 -0.122360
v -0.147873 -0.140242 -0.122360
v -0.147873 -0.275150 0.001948
v -0.147873 -0.275150 -0.122360
v 0.000000 0.463397 0.223639
v -0.218587 0.367294 0.223639
v -0.218587 0.367294 -0.134119
v 0.000000 0.463397 -0.134119
v -0.252302 0.199432 0.223639
v -0.218587 0.367294 -0.134119
v -0.218587 0.367294 0.223639
v -0.277750 -0.062389 -0.134119
v -0.277750 -0.062389 0.287043
v -0.252302 0.199432 0.287043
v -0.194885 -0.274222 0.223639
v -0.223523 -0.229537 -0.134119
v -0.194885 -0.274222 0.287043
v 0.252303 0.199432 0.223639
v 0.277750 -0.062389 0.287043
v 0.252303 0.199432 0.287043
v 0.277750 -0.062389 -0.134119
v 0.218588 0.367294 -0.134119
v 0.218588 0.367294 0.223639
v 0.194885 -0.274222 0.223639
v 0.194885 -0.274222 0.287043
v 0.223523 -0.229537 -0.134119
v -0.288735 -0.048174 -0.059008
v -0.288735 -0.048174 -0.025130
v 0.288735 -0.048174 -0.025130
v 0.288735 -0.048174 -0.059008
v 0.263798 0.185218 -0.025130
v 0.288735 -0.048174 -0.025130
v -0.288735 -0.048174 -0.025130
v -0.263798 0.185218 -0.025130
v 0.218588 0.367294 -0.134119
v 0.218588 0.367294 0.223639
v 0.000000 0.463397 0.223639
v 0.000000 0.463397 -0.134119
v -0.122774 -0.400314 0.109753
v -0.122774 -0.253485 0.250852
v -0.122774 -0.318406 0.236822
v -0.122774 -0.241310 -0.119923
v -0.122774 -0.368379 -0.038016
v -0.122774 -0.253485 0.250852
v 0.122774 -0.253485 0.250852
v 0.122774 -0.318406 0.236822
v -0.122774 -0.318406 0.236822
v -0.122774 -0.400314 0.109753
v 0.122774 -0.400314 0.109753
v 0.122774 -0.368379 -0.038016
v -0.122774 -0.368379 -0.038016
v -0.122774 -0.241310 -0.119923
v 0.122774 -0.241310 -0.119924
v -0.181370 -0.372270 0.104654
v -0.181370 -0.262794 0.221898
v -0.181370 -0.302182 0.213386
v -0.181370 -0.233208 -0.091880
v -0.181370 -0.344944 -0.021792
v -0.181370 -0.262794 0.221898
v 0.181370 -0.262794 0.221898
v 0.181370 -0.302182 0.213386
v -0.181370 -0.302182 0.213386
v 0.181370 -0.372270 0.104654
v -0.181370 -0.372270 0.104654
v 0.181370 -0.344944 -0.021792
v -0.181370 -0.344944 -0.021792
v -0.181370 -0.233208 -0.091880
v 0.181370 -0.233208 -0.091880
v 0.181370 -0.233208 -0.091880
v 0.181370 -0.344944 -0.021792
v 0.181370 -0.372270 0.104654
v 0.181370 -0.262794 0.221898
v 0.181370 -0.302182 0.213386
v -0.147873 -0.275150 -0.122360
v -0.147873 -0.275150 0.001948
v 0.147873 -0.275150 0.001948
v 0.147873 -0.275150 -0.122360
v 0.147873 -0.140242 -0.122360
v -0.147873 -0.140242 -0.122360
v -0.147873 -0.275150 -0.122360
v 0.147873 -0.275150 -0.122360
v 0.288735 -0.048174 -0.059008
v 0.263798 0.185218 -0.059008
v -0.263798 0.185218 -0.059008
v -0.288735 -0.048174 -0.059008
v 0.085058 -0.293591 0.201431
v 0.085058 -0.423199 0.201431
v -0.085058 -0.423199 0.201431
v -0.085058 -0.293591 0.201431
v -0.085058 -0.293591 0.011836
v -0.085058 -0.452282 0.012690
v -0.041169 -0.431962 -0.017337
v -0.041169 -0.293591 -0.017337
v 0.041169 -0.431962 -0.017337
v 0.041169 -0.293591 -0.017337
v 0.085058 -0.293591 0.011836
v 0.085058 -0.452282 0.012690
v -0.085058 -0.452282 0.123511
v -0.085058 -0.423199 0.201431
v 0.085058 -0.423199 0.201431
v 0.085058 -0.452282 0.123511
v -0.085058 -0.452282 0.012690
v 0.085058 -0.452282 0.012690
v 0.041169 -0.431962 -0.017337
v -0.041169 -0.431962 -0.017337
v -0.109114 -0.134974 -0.179975
v -0.109114 -0.134973 -0.131626
v -0.126371 -0.105477 -0.131626
v -0.126371 -0.105477 -0.179975
v -0.129823 -0.111376 -0.203439
v -0.116017 -0.134974 -0.203439
v -0.126371 -0.105477 -0.179975
v -0.126371 -0.105477 -0.131626
v -0.160885 -0.105477 -0.131626
v -0.160885 -0.105477 -0.179975
v -0.157434 -0.111376 -0.203439
v -0.129823 -0.111376 -0.203439
v -0.160885 -0.105477 -0.179975
v -0.160885 -0.105477 -0.131626
v -0.178142 -0.134973 -0.131626
v -0.178142 -0.134973 -0.179975
v -0.157434 -0.111376 -0.203439
v -0.171240 -0.134974 -0.203439
v -0.178142 -0.134973 -0.179975
v -0.178142 -0.134973 -0.131626
v -0.160885 -0.164470 -0.131626
v -0.160885 -0.164470 -0.179975
v -0.171240 -0.134974 -0.203439
v -0.157434 -0.158571 -0.203439
v -0.160885 -0.164470 -0.179975
v -0.160885 -0.164470 -0.131626
v -0.126371 -0.164470 -0.131626
v -0.126371 -0.164470 -0.179975
v -0.157434 -0.158571 -0.203439
v -0.129823 -0.158571 -0.203439
v -0.126371 -0.164470 -0.179975
v -0.126371 -0.164470 -0.131626
v -0.109114 -0.134973 -0.131626
v -0.109114 -0.134974 -0.179975
v -0.116017 -0.134974 -0.203439
v -0.129823 -0.158571 -0.203439
v 0.157434 -0.158571 -0.203439
v 0.116017 -0.134974 -0.203439
v 0.129823 -0.158571 -0.203439
v 0.129823 -0.111376 -0.203439
v 0.157434 -0.111376 -0.203439
v 0.171240 -0.134974 -0.203439
v 0.109114 -0.134973 -0.131626
v 0.126371 -0.164470 -0.131626
v 0.126371 -0.164470 -0.179975
v 0.109114 -0.134974 -0.179975
v 0.116017 -0.134974 -0.203439
v 0.129823 -0.158571 -0.203439
v -0.157434 -0.158571 -0.203439
v -0.157434 -0.111376 -0.203439
v -0.171240 -0.134974 -0.203439
v -0.129823 -0.111376 -0.203439
v -0.116017 -0.134974 -0.203439
v -0.129823 -0.158571 -0.203439
v 0.126371 -0.164470 -0.131626
v 0.160885 -0.164470 -0.131626
v 0.160885 -0.164470 -0.179975
v 0.126371 -0.164470 -0.179975
v 0.157434 -0.158571 -0.203439
v 0.129823 -0.158571 -0.203439
v 0.160885 -0.164470 -0.131626
v 0.178142 -0.134973 -0.131626
v 0.178142 -0.134974 -0.179975
v 0.160885 -0.164470 -0.179975
v 0.171240 -0.134974 -0.203439
v 0.157434 -0.158571 -0.203439
v 0.178142 -0.134973 -0.131626
v 0.160885 -0.105477 -0.131626
v 0.160885 -0.105477 -0.179975
v 0.178142 -0.134974 -0.179975
v 0.157434 -0.111376 -0.203439
v 0.171240 -0.134974 -0.203439
v 0.160885 -0.105477 -0.131626
v 0.126371 -0.105477 -0.131626
v 0.126371 -0.105477 -0.179975
v 0.160885 -0.105477 -0.179975
v 0.157434 -0.111376 -0.203439
v 0.129823 -0.111376 -0.203439
v 0.126371 -0.105477 -0.131626
v 0.109114 -0.134973 -0.131626
v 0.109114 -0.134974 -0.179975
v 0.126371 -0.105477 -0.179975
v 0.129823 -0.111376 -0.203439
v 0.116017 -0.134974 -0.203439
v 0.162271 0.384415 -0.087786
v 0.162271 0.384415 0.181742
v 0.162271 0.413621 0.181742
v 0.162271 0.413621 -0.087786
v 0.000000 0.483237 -0.087786
v 0.000000 0.483237 0.181742
v -0.162271 0.413621 0.181742
v -0.162271 0.413621 -0.087786
v -0.162271 0.413621 -0.087786
v -0.162271 0.413621 0.181742
v -0.162271 0.384415 0.181742
v -0.162271 0.384415 -0.087786
v 0.162271 0.413621 0.181742
v 0.000000 0.483237 0.181742
v 0.000000 0.483237 -0.087786
v 0.162271 0.413621 -0.087786
v 0.133140 0.275842 -0.147555
v 0.133140 0.275842 -0.130593
v 0.205122 0.275842 -0.130593
v 0.205122 0.275842 -0.147555
v 0.205122 0.275842 -0.147555
v 0.205122 0.275842 -0.130593
v 0.205122 0.334402 -0.130593
v 0.205122 0.334402 -0.147555
v 0.205122 0.334402 -0.147555
v 0.205122 0.334402 -0.130593
v 0.133140 0.334402 -0.130593
v 0.133140 0.334402 -0.147555
v 0.133140 0.334402 -0.147555
v 0.133140 0.334402 -0.130593
v 0.133140 0.275842 -0.130593
v 0.133140 0.275842 -0.147555
v 0.205122 0.275842 -0.147555
v 0.205122 0.334402 -0.147555
v 0.133140 0.334402 -0.147555
v 0.133140 0.275842 -0.147555
v 0.229099 -0.055225 -0.432684
v 0.236843 -0.047582 -0.133719
v 0.205955 -0.047582 -0.133719
v 0.213700 -0.055225 -0.432684
v 0.205955 -0.047582 -0.133719
v 0.205955 -0.078064 -0.133719
v 0.213700 -0.070421 -0.432684
v 0.213700 -0.055225 -0.432684
v 0.213700 -0.070421 -0.432684
v 0.205955 -0.078064 -0.133719
v 0.236843 -0.078064 -0.133719
v 0.229099 -0.070421 -0.432684
v 0.229099 -0.070421 -0.432684
v 0.236843 -0.078064 -0.133719
v 0.236843 -0.047582 -0.133719
v 0.229099 -0.055225 -0.432684
v 0.198860 -0.085064 -0.142912
v 0.198860 -0.085064 -0.116702
v 0.243937 -0.085064 -0.116702
v 0.243937 -0.085064 -0.142912
v 0.213700 -0.055225 -0.432684
v 0.213700 -0.070421 -0.432684
v 0.229099 -0.070421 -0.432684
v 0.229099 -0.055225 -0.432684
v 0.243937 -0.085064 -0.142912
v 0.243937 -0.085064 -0.116702
v 0.243937 -0.040580 -0.116702
v 0.243937 -0.040580 -0.142912
v 0.243937 -0.040580 -0.142912
v 0.243937 -0.040580 -0.116702
v 0.198860 -0.040580 -0.116702
v 0.198860 -0.040580 -0.142912
v 0.198860 -0.040580 -0.142912
v 0.198860 -0.040580 -0.116702
v 0.198860 -0.085064 -0.116702
v 0.198860 -0.085064 -0.142912
v 0.243937 -0.040580 -0.142912
v 0.198860 -0.040580 -0.142912
v 0.198860 -0.085064 -0.142912
v 0.243937 -0.085064 -0.142912
v 0.288735 -0.048174 -0.059008
v 0.288735 -0.048174 -0.025130
v 0.263798 0.185218 -0.025130
v 0.263798 0.185218 -0.059008
v -0.263798 0.185218 -0.059008
v -0.263798 0.185218 -0.025130
v -0.288735 -0.048174 -0.025130
v -0.288735 -0.048174 -0.059008
v -0.085058 -0.293591 0.011836
v -0.085058 -0.452282 0.123511
v -0.085058 -0.452282 0.012690
v -0.085058 -0.293591 0.201431
v -0.085058 -0.423199 0.201431
v 0.288735 -0.048174 0.141352
v 0.263798 0.185218 0.141352
v 0.263798 0.185218 0.107474
v 0.288735 -0.048174 0.107474
v -0.263798 0.185218 0.107474
v -0.263798 0.185218 0.141352
v -0.288735 -0.048174 0.141352
v -0.288735 -0.048174 0.107474
v -0.162271 0.384415 -0.087786
v 0.000000 0.483237 -0.087786
v -0.162271 0.413621 -0.087786
v 0.162271 0.384415 -0.087786
v 0.162271 0.413621 -0.087786
v 0.263798 0.185218 0.141352
v 0.288735 -0.048174 0.141352
v -0.288735 -0.048174 0.141352
v -0.263798 0.185218 0.141352
v 0.263798 0.185218 0.107474
v 0.263798 0.185218 0.141352
v -0.263798 0.185218 0.141352
v -0.263798 0.185218 0.107474
v 0.263798 0.185218 -0.059008
v 0.263798 0.185218 -0.025130
v -0.263798 0.185218 -0.025130
v -0.263798 0.185218 -0.059008
v -0.218587 0.367294 -0.134119
v 0.218588 0.367294 -0.134119
v 0.000000 0.463397 -0.134119
v -0.277750 -0.062389 -0.134119
v 0.277750 -0.062389 -0.134119
v 0.223523 -0.229537 -0.134119
v -0.223523 -0.229537 -0.134119
v 0.000000 0.483237 0.181742
v -0.162271 0.384415 0.181742
v -0.162271 0.413621 0.181742
v 0.162271 0.384415 0.181742
v 0.162271 0.413621 0.181742
v -0.288735 -0.048174 0.107474
v -0.288735 -0.048174 0.141352
v 0.288735 -0.048174 0.141352
v 0.288735 -0.048174 0.107474
v -0.252302 0.199432 0.223639
v 0.252303 0.199432 0.223639
v 0.252303 0.199432 0.287043
v -0.252302 0.199432 0.287043
v 0.288735 -0.048174 0.107474
v 0.263798 0.185218 0.107474
v -0.263798 0.185218 0.107474
v -0.288735 -0.048174 0.107474
v -0.277750 -0.062389 0.287043
v 0.194885 -0.274222 0.287043
v -0.194885 -0.274222 0.287043
v 0.277750 -0.062389 0.287043
v 0.252303 0.199432 0.287043
v -0.252302 0.199432 0.287043
v 0.122774 -0.241310 -0.119924
v 0.122774 -0.368379 -0.038016
v 0.122774 -0.253485 0.250852
v 0.122774 -0.400314 0.109753
v 0.122774 -0.318406 0.236822
v 0.026538 -0.442586 0.094290
v -0.026538 -0.442586 0.094290
v -0.000000 -0.442586 0.105138
v 0.037530 -0.442586 0.068101
v 0.026538 -0.442586 0.041913
v -0.000000 -0.442586 0.031065
v -0.026538 -0.442586 0.041913
v -0.037531 -0.442586 0.068101
v -0.102973 0.214870 -0.155479
v 0.018901 0.094600 -0.155479
v -0.016795 0.179643 -0.155479
v -0.224848 0.094600 -0.155479
v -0.189152 0.179643 -0.155479
v -0.102973 -0.025670 -0.155479
v -0.016795 0.009556 -0.155479
v -0.189152 0.009556 -0.155479
v -0.102973 0.193724 -0.169619
v -0.002527 0.094600 -0.169619
v -0.031947 0.164691 -0.169619
v -0.203420 0.094600 -0.169619
v -0.174000 0.164691 -0.169619
v -0.102973 -0.004525 -0.169619
v -0.031947 0.024508 -0.169619
v -0.174000 0.024508 -0.169619
v 0.085058 -0.293591 0.201431
v 0.085058 -0.452282 0.123511
v 0.085058 -0.423199 0.201431
v 0.085058 -0.293591 0.011836
v 0.085058 -0.452282 0.012690
v 0.252303 0.199432 0.223639
v 0.000000 0.463397 0.223639
v 0.218588 0.367294 0.223639
v -0.252302 0.199432 0.223639
v -0.218587 0.367294 0.223639
v -0.194885 -0.274222 0.223639
v 0.223523 -0.229537 -0.134119
v -0.223523 -0.229537 -0.134119
v 0.194885 -0.274222 0.223639
v -0.194885 -0.274222 0.287043
v 0.194885 -0.274222 0.287043
v -0.000000 -0.681704 0.031064
v -0.000000 -0.681704 -0.001962
v -0.026538 -0.681704 0.041912
v 0.026538 -0.681704 0.041912
v -0.050203 -0.681704 0.018559
v 0.050203 -0.681704 0.018559
v -0.070998 -0.681704 0.068101
v -0.037530 -0.681704 0.068101
v -0.050203 -0.681704 0.117643
v -0.026538 -0.681704 0.094290
v 0.070997 -0.681704 0.068101
v 0.037530 -0.681704 0.068101
v -0.000000 -0.681704 0.138164
v -0.000000 -0.681704 0.105137
v 0.026538 -0.681704 0.094290
v 0.050203 -0.681704 0.117643
v -0.026538 -0.681704 0.094290
v -0.026538 -0.442586 0.094290
v -0.037531 -0.442586 0.068101
v -0.000000 -0.442586 0.105138
v -0.037530 -0.681704 0.068101
v -0.000000 -0.681704 0.105137
v -0.026538 -0.442586 0.041913
v 0.026538 -0.442586 0.094290
v -0.026538 -0.681704 0.041912
v 0.026538 -0.681704 0.094290
v 0.037530 -0.442586 0.068101
v 0.037530 -0.681704 0.068101
v 0.026538 -0.442586 0.041913
v 0.026538 -0.681704 0.041912
v -0.000000 -0.442586 0.031065
v -0.000000 -0.681704 0.031064
v -0.102973 -0.025670 -0.132024
v -0.016795 0.009556 -0.132024
v -0.016795 0.009556 -0.155479
v 0.018901 0.094600 -0.132024
v -0.102973 -0.025670 -0.155479
v 0.018901 0.094600 -0.155479
v -0.016795 0.179643 -0.132024
v -0.016795 0.179643 -0.155479
v -0.102973 0.214870 -0.132024
v -0.102973 0.214870 -0.155479
v -0.189152 0.179643 -0.132024
v -0.189152 0.179643 -0.155479
v -0.224848 0.094600 -0.132024
v -0.224848 0.094600 -0.155479
v -0.189152 0.009556 -0.132024
v -0.189152 0.009556 -0.155479
v -0.050203 -0.681704 0.117643
v -0.070998 -0.681704 0.068101
v -0.070997 -0.406771 0.068101
v -0.050203 -0.681704 0.018559
v -0.050203 -0.406771 0.117643
v -0.050203 -0.406771 0.018559
v -0.000000 -0.681704 -0.001962
v -0.000000 -0.406771 -0.001962
v 0.050203 -0.681704 0.018559
v 0.050203 -0.406771 0.018559
v 0.070997 -0.681704 0.068101
v 0.070997 -0.406771 0.068101
v 0.050203 -0.681704 0.117643
v 0.050203 -0.406771 0.117643
v -0.000000 -0.681704 0.138164
v -0.000000 -0.406771 0.138164
v -0.102973 -0.004525 -0.169619
v -0.102973 -0.004525 -0.132306
v -0.031947 0.024508 -0.132306
v -0.174000 0.024508 -0.169619
v -0.031947 0.024508 -0.169619
v -0.174000 0.024508 -0.132306
v -0.002527 0.094600 -0.132306
v -0.203420 0.094600 -0.169619
v -0.002527 0.094600 -0.169619
v -0.203420 0.094600 -0.132306
v -0.031947 0.164691 -0.132306
v -0.174000 0.164691 -0.169619
v -0.031947 0.164691 -0.169619
v -0.174000 0.164691 -0.132306
v -0.102973 0.193724 -0.132306
v -0.102973 0.193724 -0.169619
vt 0.398541421 0.693547487
vt 0.398541421 0.693547487
vt 0.398541421 0.693547487
vt 0.398541421 0.693547487
vt 0.398541421 0.693547487
vt 0.398541421 0.693547487
vt 0.115551345 0.782135665
vt 0.115551345 0.782135665
vt 0.115551345 0.782135665
vt 0.115551345 0.782135665
vt 0.115551345 0.782135665
vt 0.115551345 0.782135665
vt 0.115551345 0.782135665
vt 0.115551345 0.782135665
vt 0.115551345 0.782135665
vt 0.115551345 0.782135665
vt 0.115551345 0.782135665
vt 0.115551345 0.782135665
vt 0.115551345 0.782135665
vt 0.115551345 0.782135665
vt 0.115551345 0.782135665
vt 0.115551345 0.782135665
vt 0.115551345 0.782135665
vt 0.115551345 0.782135665
vt 0.115551345 0.782135665
vt 0.115551345 0.782135665
vt 0.115551345 0.782135665
vt 0.115551345 0.782135665
vt 0.334129006 0.785236061
vt 0.334129006 0.785236061
vt 0.334129006 0.785236061
vt 0.334129006 0.785236061
vt 0.334129006 0.785236061
vt 0.334129006 0.785236061
vt 0.334129006 0.785236061
vt 0.334129006 0.785236061
vt 0.115551345 0.782135665
vt 0.115551345 0.782135665
vt 0.115551345 0.782135665
vt 0.115551345 0.782135665
vt 0.521580517 0.757527828
vt 0.521580517 0.757527828
vt 0.521580517 0.757527828
vt 0.521580517 0.757527828
vt 0.521580517 0.757527828
vt 0.521580517 0.757527828
vt 0.521580517 0.757527828
vt 0.521580517 0.757527828
vt 0.521580517 0.757527828
vt 0.521580517 0.757527828
vt 0.521580517 0.757527828
vt 0.521580517 0.757527828
vt 0.521580517 0.757527828
vt 0.521580517 0.757527828
vt 0.521580517 0.757527828
vt 0.306225479 0.717027426
vt 0.306225479 0.717027426
vt 0.306225479 0.717027426
vt 0.306225479 0.717027426
vt 0.306225479 0.717027426
vt 0.306225479 0.717027426
vt 0.306225479 0.717027426
vt 0.306225479 0.717027426
vt 0.306225479 0.717027426
vt 0.306225479 0.717027426
vt 0.306225479 0.717027426
vt 0.306225479 0.717027426
vt 0.306225479 0.717027426
vt 0.306225479 0.717027426
vt 0.306225479 0.717027426
vt 0.306225479 0.717027426
vt 0.306225479 0.717027426
vt 0.306225479 0.717027426
vt 0.306225479 0.717027426
vt 0.306225479 0.717027426
vt 0.398541421 0.693547487
vt 0.398541421 0.693547487
vt 0.398541421 0.693547487
vt 0.398541421 0.693547487
vt 0.398541421 0.693547487
vt 0.398541421 0.693547487
vt 0.398541421 0.693547487
vt 0.398541421 0.693547487
vt 0.334129006 0.785236061
vt 0.334129006 0.785236061
vt 0.334129006 0.785236061
vt 0.334129006 0.785236061
vt 0.391159058 0.801821947
vt 0.391159058 0.801821947
vt 0.391159058 0.801821947
vt 0.391159058 0.801821947
vt 0.391159058 0.801821947
vt 0.391159058 0.801821947
vt 0.391159058 0.801821947
vt 0.391159058 0.801821947
vt 0.391159058 0.801821947
vt 0.391159058 0.801821947
vt 0.391159058 0.801821947
vt 0.391159058 0.801821947
vt 0.391159058 0.801821947
vt 0.391159058 0.801821947
vt 0.391159058 0.801821947
vt 0.391159058 0.801821947
vt 0.391159058 0.801821947
vt 0.391159058 0.801821947
vt 0.391159058 0.801821947
vt 0.391159058 0.801821947
vt 0.371333718 0.748031378
vt 0.371333718 0.748031378
vt 0.371333718 0.748031378
vt 0.371333718 0.748031378
vt 0.371333718 0.748031378
vt 0.371333718 0.748031378
vt 0.371333718 0.748031378
vt 0.371333718 0.748031378
vt 0.371333718 0.748031378
vt 0.371333718 0.748031378
vt 0.371333718 0.748031378
vt 0.371333718 0.748031378
vt 0.371333718 0.748031378
vt 0.371333718 0.748031378
vt 0.371333718 0.748031378
vt 0.371333718 0.748031378
vt 0.371333718 0.748031378
vt 0.371333718 0.748031378
vt 0.371333718 0.748031378
vt 0.371333718 0.748031378
vt 0.371333718 0.748031378
vt 0.371333718 0.748031378
vt 0.371333718 0.748031378
vt 0.371333718 0.748031378
vt 0.371333718 0.748031378
vt 0.371333718 0.748031378
vt 0.371333718 0.748031378
vt 0.371333718 0.748031378
vt 0.371333718 0.748031378
vt 0.371333718 0.748031378
vt 0.371333718 0.748031378
vt 0.371333718 0.748031378
vt 0.371333718 0.748031378
vt 0.371333718 0.748031378
vt 0.371333718 0.748031378
vt 0.371333718 0.748031378
vt 0.371333718 0.748031378
vt 0.371333718 0.748031378
vt 0.371333718 0.748031378
vt 0.371333718 0.748031378
vt 0.371333718 0.748031378
vt 0.371333718 0.748031378
vt 0.371333718 0.748031378
vt 0.371333718 0.748031378
vt 0.371333718 0.748031378
vt 0.371333718 0.748031378
vt 0.371333718 0.748031378
vt 0.371333718 0.748031378
vt 0.371333718 0.748031378
vt 0.371333718 0.748031378
vt 0.371333718 0.748031378
vt 0.371333718 0.748031378
vt 0.371333718 0.748031378
vt 0.371333718 0.748031378
vt 0.371333718 0.748031378
vt 0.371333718 0.748031378
vt 0.371333718 0.748031378
vt 0.371333718 0.748031378
vt 0.371333718 0.748031378
vt 0.371333718 0.748031378
vt 0.371333718 0.748031378
vt 0.371333718 0.748031378
vt 0.371333718 0.748031378
vt 0.371333718 0.748031378
vt 0.371333718 0.748031378
vt 0.371333718 0.748031378
vt 0.371333718 0.748031378
vt 0.371333718 0.748031378
vt 0.371333718 0.748031378
vt 0.371333718 0.748031378
vt 0.371333718 0.748031378
vt 0.371333718 0.748031378
vt 0.371333718 0.748031378
vt 0.371333718 0.748031378
vt 0.371333718 0.748031378
vt 0.371333718 0.748031378
vt 0.371333718 0.748031378
vt 0.371333718 0.748031378
vt 0.371333718 0.748031378
vt 0.371333718 0.748031378
vt 0.371333718 0.748031378
vt 0.371333718 0.748031378
vt 0.371333718 0.748031378
vt 0.371333718 0.748031378
vt 0.373933554 0.688625932
vt 0.373933554 0.688625932
vt 0.373933554 0.688625932
vt 0.373933554 0.688625932
vt 0.373933554 0.688625932
vt 0.373933554 0.688625932
vt 0.373933554 0.688625932
vt 0.373933554 0.688625932
vt 0.373933554 0.688625932
vt 0.373933554 0.688625932
vt 0.373933554 0.688625932
vt 0.373933554 0.688625932
vt 0.373933554 0.688625932
vt 0.373933554 0.688625932
vt 0.373933554 0.688625932
vt 0.373933554 0.688625932
vt 0.334129006 0.785236061
vt 0.334129006 0.785236061
vt 0.334129006 0.785236061
vt 0.334129006 0.785236061
vt 0.334129006 0.785236061
vt 0.334129006 0.785236061
vt 0.334129006 0.785236061
vt 0.334129006 0.785236061
vt 0.334129006 0.785236061
vt 0.334129006 0.785236061
vt 0.334129006 0.785236061
vt 0.334129006 0.785236061
vt 0.334129006 0.785236061
vt 0.334129006 0.785236061
vt 0.334129006 0.785236061
vt 0.334129006 0.785236061
vt 0.334129006 0.785236061
vt 0.334129006 0.785236061
vt 0.334129006 0.785236061
vt 0.334129006 0.785236061
vt 0.366551191 0.250606537
vt 0.366551191 0.250606537
vt 0.366551191 0.250606537
vt 0.366551191 0.250606537
vt 0.366551191 0.250606537
vt 0.366551191 0.250606537
vt 0.366551191 0.250606537
vt 0.366551191 0.250606537
vt 0.366551191 0.250606537
vt 0.366551191 0.250606537
vt 0.366551191 0.250606537
vt 0.366551191 0.250606537
vt 0.366551191 0.250606537
vt 0.366551191 0.250606537
vt 0.366551191 0.250606537
vt 0.366551191 0.250606537
vt 0.351786524 0.737841547
vt 0.351786524 0.737841547
vt 0.351786524 0.737841547
vt 0.351786524 0.737841547
vt 0.366551191 0.250606537
vt 0.366551191 0.250606537
vt 0.366551191 0.250606537
vt 0.366551191 0.250606537
vt 0.351786524 0.737841547
vt 0.351786524 0.737841547
vt 0.351786524 0.737841547
vt 0.351786524 0.737841547
vt 0.351786524 0.737841547
vt 0.351786524 0.737841547
vt 0.351786524 0.737841547
vt 0.351786524 0.737841547
vt 0.351786524 0.737841547
vt 0.351786524 0.737841547
vt 0.351786524 0.737841547
vt 0.351786524 0.737841547
vt 0.351786524 0.737841547
vt 0.351786524 0.737841547
vt 0.351786524 0.737841547
vt 0.351786524 0.737841547
vt 0.334129006 0.785236061
vt 0.334129006 0.785236061
vt 0.334129006 0.785236061
vt 0.334129006 0.785236061
vt 0.334129006 0.785236061
vt 0.334129006 0.785236061
vt 0.334129006 0.785236061
vt 0.334129006 0.785236061
vt 0.391159058 0.801821947
vt 0.391159058 0.801821947
vt 0.391159058 0.801821947
vt 0.391159058 0.801821947
vt 0.391159058 0.801821947
vt 0.334129006 0.785236061
vt 0.334129006 0.785236061
vt 0.334129006 0.785236061
vt 0.334129006 0.785236061
vt 0.334129006 0.785236061
vt 0.334129006 0.785236061
vt 0.334129006 0.785236061
vt 0.334129006 0.785236061
vt 0.373933554 0.688625932
vt 0.373933554 0.688625932
vt 0.373933554 0.688625932
vt 0.373933554 0.688625932
vt 0.373933554 0.688625932
vt 0.334129006 0.785236061
vt 0.334129006 0.785236061
vt 0.334129006 0.785236061
vt 0.334129006 0.785236061
vt 0.334129006 0.785236061
vt 0.334129006 0.785236061
vt 0.334129006 0.785236061
vt 0.334129006 0.785236061
vt 0.334129006 0.785236061
vt 0.334129006 0.785236061
vt 0.334129006 0.785236061
vt 0.334129006 0.785236061
vt 0.115551345 0.782135665
vt 0.115551345 0.782135665
vt 0.115551345 0.782135665
vt 0.115551345 0.782135665
vt 0.115551345 0.782135665
vt 0.115551345 0.782135665
vt 0.115551345 0.782135665
vt 0.373933554 0.688625932
vt 0.373933554 0.688625932
vt 0.373933554 0.688625932
vt 0.373933554 0.688625932
vt 0.373933554 0.688625932
vt 0.334129006 0.785236061
vt 0.334129006 0.785236061
vt 0.334129006 0.785236061
vt 0.334129006 0.785236061
vt 0.115551345 0.782135665
vt 0.115551345 0.782135665
vt 0.115551345 0.782135665
vt 0.115551345 0.782135665
vt 0.334129006 0.785236061
vt 0.334129006 0.785236061
vt 0.334129006 0.785236061
vt 0.334129006 0.785236061
vt 0.115551345 0.782135665
vt 0.115551345 0.782135665
vt 0.115551345 0.782135665
vt 0.115551345 0.782135665
vt 0.115551345 0.782135665
vt 0.115551345 0.782135665
vt 0.521580517 0.757527828
vt 0.521580517 0.757527828
vt 0.521580517 0.757527828
vt 0.521580517 0.757527828
vt 0.521580517 0.757527828
vt 0.115551345 0.782135665
vt 0.115551345 0.782135665
vt 0.115551345 0.782135665
vt 0.115551345 0.782135665
vt 0.115551345 0.782135665
vt 0.115551345 0.782135665
vt 0.115551345 0.782135665
vt 0.115551345 0.782135665
vt 0.321727425 0.760432899
vt 0.321727425 0.760432899
vt 0.321727425 0.760432899
vt 0.321727425 0.760432899
vt 0.321727425 0.760432899
vt 0.321727425 0.760432899
vt 0.321727425 0.760432899
vt 0.321727425 0.760432899
vt 0.546505868 0.723228216
vt 0.546505868 0.723228216
vt 0.546505868 0.723228216
vt 0.546505868 0.723228216
vt 0.546505868 0.723228216
vt 0.546505868 0.723228216
vt 0.546505868 0.723228216
vt 0.546505868 0.723228216
vt 0.391159058 0.801821947
vt 0.391159058 0.801821947
vt 0.391159058 0.801821947
vt 0.391159058 0.801821947
vt 0.391159058 0.801821947
vt 0.115551345 0.782135665
vt 0.115551345 0.782135665
vt 0.115551345 0.782135665
vt 0.115551345 0.782135665
vt 0.115551345 0.782135665
vt 0.115551345 0.782135665
vt 0.115551345 0.782135665
vt 0.115551345 0.782135665
vt 0.115551345 0.782135665
vt 0.115551345 0.782135665
vt 0.115551345 0.782135665
vt 0.115551345 0.782135665
vt 0.115551345 0.782135665
vt 0.115551345 0.782135665
vt 0.115551345 0.782135665
vt 0.115551345 0.782135665
vt 0.115551345 0.782135665
vt 0.115551345 0.782135665
vt 0.115551345 0.782135665
vt 0.115551345 0.782135665
vt 0.115551345 0.782135665
vt 0.115551345 0.782135665
vt 0.115551345 0.782135665
vt 0.115551345 0.782135665
vt 0.115551345 0.782135665
vt 0.115551345 0.782135665
vt 0.115551345 0.782135665
vt 0.115551345 0.782135665
vt 0.115551345 0.782135665
vt 0.115551345 0.782135665
vt 0.115551345 0.782135665
vt 0.115551345 0.782135665
vt 0.115551345 0.782135665
vt 0.115551345 0.782135665
vt 0.115551345 0.782135665
vt 0.115551345 0.782135665
vt 0.115551345 0.782135665
vt 0.115551345 0.782135665
vt 0.115551345 0.782135665
vt 0.115551345 0.782135665
vt 0.115551345 0.782135665
vt 0.115551345 0.782135665
vt 0.115551345 0.782135665
vt 0.321727425 0.760432899
vt 0.321727425 0.760432899
vt 0.321727425 0.760432899
vt 0.321727425 0.760432899
vt 0.321727425 0.760432899
vt 0.321727425 0.760432899
vt 0.321727425 0.760432899
vt 0.321727425 0.760432899
vt 0.321727425 0.760432899
vt 0.321727425 0.760432899
vt 0.321727425 0.760432899
vt 0.321727425 0.760432899
vt 0.321727425 0.760432899
vt 0.321727425 0.760432899
vt 0.321727425 0.760432899
vt 0.321727425 0.760432899
vt 0.115551345 0.782135665
vt 0.115551345 0.782135665
vt 0.115551345 0.782135665
vt 0.115551345 0.782135665
vt 0.115551345 0.782135665
vt 0.115551345 0.782135665
vt 0.115551345 0.782135665
vt 0.115551345 0.782135665
vt 0.115551345 0.782135665
vt 0.115551345 0.782135665
vt 0.115551345 0.782135665
vt 0.115551345 0.782135665
vt 0.115551345 0.782135665
vt 0.115551345 0.782135665
vt 0.115551345 0.782135665
vt 0.115551345 0.782135665
vt 0.546505868 0.723228216
vt 0.546505868 0.723228216
vt 0.546505868 0.723228216
vt 0.546505868 0.723228216
vt 0.546505868 0.723228216
vt 0.546505868 0.723228216
vt 0.546505868 0.723228216
vt 0.546505868 0.723228216
vt 0.546505868 0.723228216
vt 0.546505868 0.723228216
vt 0.546505868 0.723228216
vt 0.546505868 0.723228216
vt 0.546505868 0.723228216
vt 0.546505868 0.723228216
vt 0.546505868 0.723228216
vt 0.546505868 0.723228216
vn 1.000000 -0.000000 -0.000000
vn 1.000000 -0.000000 -0.000000
vn 1.000000 -0.000000 -0.000000
vn -1.000000 0.000000 0.000000
vn -1.000000 0.000000 0.000000
vn -1.000000 0.000000 0.000000
vn -0.402474 0.915431 0.000000
vn -0.402474 0.915432 0.000000
vn -0.402474 0.915431 0.000000
vn -0.402474 0.915431 0.000000
vn -0.991512 0.129841 -0.006727
vn -0.987907 0.153619 -0.021022
vn -0.980420 0.196917 0.000000
vn -0.994259 -0.106948 0.003357
vn -0.990494 -0.137557 0.000000
vn -0.995310 0.096739 0.000000
vn -0.934274 -0.356517 0.005300
vn -0.950524 -0.308371 0.037572
vn -0.931282 -0.364298 -0.000001
vn 0.991512 0.129840 -0.006727
vn 0.990494 -0.137557 -0.000000
vn 0.995310 0.096738 -0.000000
vn 0.994259 -0.106948 0.003357
vn 0.987907 0.153618 -0.021022
vn 0.980420 0.196917 -0.000000
vn 0.934274 -0.356516 0.005300
vn 0.931283 -0.364297 -0.000000
vn 0.950524 -0.308371 0.037571
vn 0.000000 -1.000000 0.000000
vn 0.000000 -1.000000 0.000000
vn 0.000000 -1.000000 0.000000
vn 0.000000 -1.000000 0.000000
vn 0.000000 -0.000000 1.000000
vn 0.000000 -0.000000 1.000000
vn 0.000000 -0.000000 1.000000
vn 0.000000 -0.000000 1.000000
vn 0.402473 0.915432 0.000000
vn 0.402473 0.915432 -0.000000
vn 0.402473 0.915432 -0.000000
vn 0.402474 0.915432 0.000000
vn -1.000000 0.000000 0.000000
vn -1.000000 0.000000 0.000000
vn -1.000000 0.000000 0.000000
vn -1.000000 0.000000 0.000000
vn -1.000000 0.000000 0.000000
vn 0.000000 -0.211231 0.977436
vn 0.000000 -0.211231 0.977436
vn 0.000000 -0.569201 0.822198
vn 0.000000 -0.569201 0.822198
vn 0.000000 -0.983868 0.178895
vn 0.000000 -0.983868 0.178895
vn -0.000000 -0.822198 -0.569202
vn -0.000000 -0.822198 -0.569202
vn -0.000000 -0.541788 -0.840515
vn -0.000001 -0.541788 -0.840515
vn -1.000000 0.000000 0.000000
vn -1.000000 0.000000 -0.000000
vn -1.000000 0.000000 -0.000000
vn -1.000000 0.000000 0.000000
vn -1.000000 0.000000 0.000000
vn 0.000000 -0.211231 0.977436
vn 0.000000 -0.211233 0.977436
vn 0.000000 -0.569202 0.822198
vn 0.000000 -0.569201 0.822198
vn 0.000000 -0.983868 0.178895
vn 0.000000 -0.983868 0.178895
vn -0.000000 -0.818672 -0.574262
vn -0.000000 -0.818671 -0.574262
vn -0.000000 -0.531378 -0.847135
vn -0.000001 -0.531379 -0.847134
vn 1.000000 -0.000000 -0.000000
vn 1.000000 -0.000000 -0.000000
vn 1.000000 -0.000000 -0.000000
vn 1.000000 -0.000000 -0.000000
vn 1.000000 -0.000000 -0.000000
vn 0.000000 -1.000000 0.000000
vn 0.000000 -1.000000 0.000000
vn 0.000000 -1.000000 0.000000
vn 0.000000 -1.000000 0.000000
vn -0.000000 0.000000 -1.000000
vn -0.000000 0.000000 -1.000000
vn -0.000000 0.000000 -1.000000
vn -0.000000 0.000000 -1.000000
vn -0.000000 0.000000 -1.000000
vn -0.000000 0.000000 -1.000000
vn -0.000000 0.000000 -1.000000
vn -0.000000 0.000000 -1.000000
vn 0.000000 -0.000000 1.000000
vn 0.000000 -0.000000 1.000000
vn 0.000000 -0.000000 1.000000
vn 0.000000 -0.000000 1.000000
vn -0.555824 -0.001037 -0.831299
vn -0.563240 -0.004447 -0.826281
vn -0.324063 -0.002084 -0.946033
vn -0.289128 0.000000 -0.957290
vn 0.324063 -0.002084 -0.946033
vn 0.289128 0.000000 -0.957290
vn 0.555824 -0.001037 -0.831299
vn 0.563240 -0.004447 -0.826281
vn 0.000000 -0.984091 0.177667
vn 0.000000 -0.936869 0.349681
vn 0.000000 -0.936869 0.349681
vn 0.000000 -0.984091 0.177667
vn -0.000000 -0.984079 -0.177729
vn -0.000000 -0.984079 -0.177730
vn -0.000000 -0.828182 -0.560459
vn -0.000000 -0.828182 -0.560459
vn 0.857093 0.501443 -0.118098
vn 0.863133 0.504976 -0.000000
vn 0.863133 0.504976 -0.000000
vn 0.857069 0.501427 -0.118339
vn 0.836583 0.489445 -0.246115
vn 0.836582 0.489448 -0.246111
vn -0.000000 0.993127 -0.117043
vn -0.000000 1.000000 0.000000
vn -0.000000 1.000000 0.000000
vn -0.000000 0.993127 -0.117043
vn -0.000000 0.969817 -0.243835
vn -0.000000 0.969817 -0.243835
vn -0.857068 0.501428 -0.118340
vn -0.863133 0.504976 0.000000
vn -0.863133 0.504976 0.000000
vn -0.857092 0.501443 -0.118098
vn -0.836582 0.489445 -0.246116
vn -0.836582 0.489449 -0.246112
vn -0.857093 -0.501442 -0.118096
vn -0.863134 -0.504976 0.000000
vn -0.863133 -0.504976 -0.000000
vn -0.857068 -0.501429 -0.118338
vn -0.836583 -0.489446 -0.246113
vn -0.836580 -0.489448 -0.246117
vn -0.000000 -0.993127 -0.117041
vn 0.000000 -1.000000 -0.000000
vn 0.000000 -1.000000 -0.000000
vn -0.000000 -0.993127 -0.117041
vn -0.000000 -0.969818 -0.243831
vn -0.000000 -0.969818 -0.243831
vn 0.857068 -0.501429 -0.118338
vn 0.863133 -0.504976 -0.000000
vn 0.863133 -0.504976 -0.000000
vn 0.857093 -0.501443 -0.118096
vn 0.836583 -0.489446 -0.246113
vn 0.836581 -0.489447 -0.246116
vn -0.000000 0.000000 -1.000000
vn -0.000000 0.000000 -1.000000
vn -0.000000 0.000000 -1.000000
vn -0.000000 -0.000000 -1.000000
vn -0.000000 -0.000000 -1.000000
vn -0.000000 0.000000 -1.000000
vn -0.863134 -0.504976 0.000000
vn -0.863133 -0.504976 0.000000
vn -0.857068 -0.501429 -0.118338
vn -0.857093 -0.501442 -0.118096
vn -0.836583 -0.489446 -0.246113
vn -0.836581 -0.489448 -0.246117
vn -0.000000 0.000000 -1.000000
vn -0.000000 0.000000 -1.000000
vn -0.000000 0.000000 -1.000000
vn -0.000000 0.000000 -1.000000
vn -0.000000 0.000000 -1.000000
vn -0.000000 0.000001 -1.000000
vn 0.000000 -1.000000 0.000000
vn 0.000000 -1.000000 0.000000
vn -0.000000 -0.993127 -0.117042
vn -0.000000 -0.993127 -0.117042
vn -0.000000 -0.969818 -0.243832
vn -0.000000 -0.969818 -0.243832
vn 0.863133 -0.504976 -0.000000
vn 0.863133 -0.504976 -0.000000
vn 0.857093 -0.501443 -0.118096
vn 0.857068 -0.501429 -0.118338
vn 0.836583 -0.489446 -0.246113
vn 0.836580 -0.489449 -0.246118
vn 0.863133 0.504976 -0.000000
vn 0.863133 0.504976 -0.000000
vn 0.857068 0.501428 -0.118340
vn 0.857092 0.501443 -0.118098
vn 0.836583 0.489445 -0.246116
vn 0.836582 0.489449 -0.246111
vn -0.000000 1.000000 -0.000000
vn -0.000000 1.000000 -0.000000
vn -0.000000 0.993127 -0.117043
vn -0.000000 0.993127 -0.117043
vn -0.000000 0.969817 -0.243835
vn -0.000000 0.969817 -0.243835
vn -0.863133 0.504976 -0.000000
vn -0.863133 0.504976 -0.000000
vn -0.857092 0.501444 -0.118098
vn -0.857068 0.501428 -0.118339
vn -0.836583 0.489445 -0.246115
vn -0.836582 0.489449 -0.246111
vn 1.000000 -0.000000 -0.000000
vn 1.000000 -0.000000 -0.000000
vn 1.000000 -0.000000 -0.000000
vn 1.000000 -0.000000 -0.000000
vn -0.394261 0.918999 0.000000
vn -0.394261 0.918999 -0.000000
vn -0.394261 0.918999 -0.000000
vn -0.394261 0.918999 0.000000
vn -1.000000 0.000000 0.000000
vn -1.000000 0.000000 0.000000
vn -1.000000 0.000000 0.000000
vn -1.000000 0.000000 0.000000
vn 0.394261 0.918999 -0.000000
vn 0.394261 0.918999 -0.000000
vn 0.394261 0.918999 -0.000000
vn 0.394261 0.918999 -0.000000
vn 0.000000 -1.000000 0.000000
vn 0.000000 -1.000000 0.000000
vn 0.000000 -1.000000 0.000000
vn 0.000000 -1.000000 0.000000
vn 1.000000 -0.000000 -0.000000
vn 1.000000 -0.000000 -0.000000
vn 1.000000 -0.000000 -0.000000
vn 1.000000 -0.000000 -0.000000
vn -0.000000 1.000000 -0.000000
vn -0.000000 1.000000 -0.000000
vn -0.000000 1.000000 -0.000000
vn -0.000000 1.000000 -0.000000
vn -1.000000 0.000000 0.000000
vn -1.000000 0.000000 0.000000
vn -1.000000 0.000000 0.000000
vn -1.000000 0.000000 0.000000
vn -0.000000 0.000000 -1.000000
vn -0.000000 0.000000 -1.000000
vn -0.000000 0.000000 -1.000000
vn -0.000000 0.000000 -1.000000
vn -0.000000 0.999673 -0.025555
vn -0.000000 0.999673 -0.025555
vn -0.000000 0.999673 -0.025555
vn -0.000000 0.999673 -0.025555
vn -0.999665 0.000000 -0.025894
vn -0.999665 0.000000 -0.025894
vn -0.999665 0.000000 -0.025894
vn -0.999665 0.000000 -0.025894
vn -0.000000 -0.999673 -0.025557
vn -0.000000 -0.999673 -0.025557
vn -0.000000 -0.999673 -0.025557
vn -0.000000 -0.999673 -0.025557
vn 0.999665 -0.000000 -0.025894
vn 0.999665 -0.000000 -0.025894
vn 0.999665 -0.000000 -0.025894
vn 0.999665 0.000000 -0.025894
vn 0.000000 -1.000000 0.000000
vn 0.000000 -1.000000 0.000000
vn 0.000000 -1.000000 0.000000
vn 0.000000 -1.000000 0.000000
vn -0.000001 0.000002 -1.000000
vn -0.000002 0.000000 -1.000000
vn -0.000001 0.000002 -1.000000
vn -0.000000 0.000004 -1.000000
vn 1.000000 -0.000000 -0.000000
vn 1.000000 -0.000000 -0.000000
vn 1.000000 -0.000000 -0.000000
vn 1.000000 -0.000000 -0.000000
vn 0.000000 1.000000 -0.000000
vn 0.000000 1.000000 -0.000000
vn 0.000000 1.000000 -0.000000
vn 0.000000 1.000000 -0.000000
vn -1.000000 0.000000 0.000000
vn -1.000000 0.000000 0.000000
vn -1.000000 0.000000 0.000000
vn -1.000000 0.000000 0.000000
vn -0.000000 0.000000 -1.000000
vn -0.000000 0.000000 -1.000000
vn -0.000000 0.000000 -1.000000
vn -0.000000 0.000000 -1.000000
vn 0.994341 0.106239 0.000002
vn 0.994341 0.106239 0.000002
vn 0.994341 0.106239 0.000000
vn 0.994341 0.106239 -0.000000
vn -0.994341 0.106239 0.000000
vn -0.994341 0.106239 0.000000
vn -0.994341 0.106239 -0.000000
vn -0.994341 0.106239 -0.000000
vn -1.000000 0.000000 0.000000
vn -1.000000 0.000000 0.000000
vn -1.000000 0.000000 0.000000
vn -1.000000 0.000000 0.000000
vn -1.000000 0.000000 0.000000
vn 0.994341 0.106239 -0.000000
vn 0.994341 0.106239 0.000000
vn 0.994341 0.106239 -0.000000
vn 0.994341 0.106239 -0.000000
vn -0.994341 0.106239 0.000002
vn -0.994341 0.106239 0.000002
vn -0.994341 0.106239 0.000001
vn -0.994341 0.106239 0.000001
vn -0.000000 0.000000 -1.000000
vn -0.000000 -0.000000 -1.000000
vn -0.000000 0.000000 -1.000000
vn -0.000000 0.000000 -1.000000
vn -0.000000 0.000000 -1.000000
vn 0.000000 -0.000000 1.000000
vn 0.000000 -0.000000 1.000000
vn 0.000000 -0.000000 1.000000
vn 0.000000 -0.000000 1.000000
vn 0.000000 1.000000 -0.000001
vn 0.000000 1.000000 -0.000001
vn 0.000000 1.000000 -0.000000
vn 0.000000 1.000000 -0.000000
vn 0.000000 1.000000 -0.000000
vn 0.000000 1.000000 -0.000000
vn 0.000000 1.000000 -0.000000
vn 0.000000 1.000000 -0.000000
vn -0.000000 0.000000 -1.000000
vn -0.000000 0.000000 -1.000000
vn -0.000000 0.000000 -1.000000
vn -0.000000 0.000000 -1.000000
vn -0.000000 0.000000 -1.000000
vn -0.000000 0.000000 -1.000000
vn -0.000000 0.000000 -1.000000
vn 0.000000 -0.000000 1.000000
vn 0.000000 -0.000000 1.000000
vn 0.000000 -0.000000 1.000000
vn 0.000000 -0.000000 1.000000
vn 0.000000 -0.000000 1.000000
vn 0.000000 -1.000000 -0.000000
vn 0.000000 -1.000000 -0.000000
vn 0.000000 -1.000000 -0.000000
vn 0.000000 -1.000000 -0.000000
vn 0.000000 1.000000 -0.000000
vn 0.000000 1.000000 -0.000000
vn 0.000000 1.000000 -0.000000
vn 0.000000 1.000000 -0.000000
vn -0.000000 0.000000 -1.000000
vn -0.000000 0.000000 -1.000000
vn -0.000000 0.000000 -1.000000
vn -0.000000 0.000000 -1.000000
vn 0.000000 0.000000 1.000000
vn 0.000000 -0.000000 1.000000
vn 0.000000 0.000000 1.000000
vn 0.000000 -0.000000 1.000000
vn 0.000000 0.000000 1.000000
vn 0.000000 -0.000000 1.000000
vn 1.000000 -0.000000 -0.000000
vn 1.000000 -0.000000 -0.000000
vn 1.000000 -0.000000 -0.000000
vn 1.000000 -0.000000 -0.000000
vn 1.000000 0.000000 -0.000000
vn 0.000000 -1.000000 0.000000
vn 0.000001 -1.000000 -0.000001
vn 0.000000 -1.000000 0.000000
vn -0.000001 -1.000000 -0.000001
vn -0.000001 -1.000000 -0.000001
vn 0.000000 -1.000000 -0.000001
vn 0.000001 -1.000000 -0.000001
vn 0.000006 -1.000000 -0.000001
vn -0.000000 -0.000000 -1.000000
vn -0.000000 -0.000000 -1.000000
vn -0.000000 -0.000001 -1.000000
vn -0.000000 0.000000 -1.000000
vn 0.000000 -0.000000 -1.000000
vn -0.000000 0.000000 -1.000000
vn -0.000000 -0.000000 -1.000000
vn -0.000000 0.000000 -1.000000
vn -0.000000 -0.000000 -1.000000
vn -0.000000 -0.000000 -1.000000
vn -0.000000 -0.000000 -1.000000
vn -0.000000 -0.000000 -1.000000
vn 0.000000 -0.000000 -1.000000
vn -0.000000 0.000000 -1.000000
vn -0.000000 0.000000 -1.000000
vn -0.000000 0.000000 -1.000000
vn 1.000000 -0.000000 -0.000000
vn 1.000000 -0.000000 -0.000000
vn 1.000000 -0.000000 -0.000000
vn 1.000000 -0.000000 -0.000000
vn 1.000000 -0.000000 -0.000000
vn 0.000000 0.000000 1.000000
vn 0.000000 -0.000000 1.000000
vn 0.000000 0.000000 1.000000
vn 0.000000 -0.000000 1.000000
vn 0.000000 -0.000000 1.000000
vn -0.000000 -0.997974 -0.063618
vn -0.000000 -0.992290 -0.123941
vn -0.000000 -0.992290 -0.123941
vn -0.000000 -0.997974 -0.063618
vn 0.000000 -1.000000 0.000000
vn 0.000000 -1.000000 0.000000
vn 0.000000 -1.000000 0.000000
vn 0.000001 -1.000000 0.000000
vn 0.000000 -1.000000 0.000000
vn 0.000000 -1.000000 0.000000
vn 0.000000 -1.000000 0.000000
vn 0.000000 -1.000000 0.000000
vn -0.000000 -1.000000 0.000000
vn 0.000001 -1.000000 0.000000
vn -0.000001 -1.000000 0.000000
vn -0.000001 -1.000000 0.000000
vn -0.000000 -1.000000 0.000000
vn 0.000001 -1.000000 0.000000
vn 0.000000 -1.000000 0.000000
vn 0.000001 -1.000000 0.000000
vn 0.000000 -1.000000 0.000000
vn 0.000000 -1.000000 0.000000
vn 0.703789 0.000003 -0.710409
vn 0.703785 0.000002 -0.710413
vn 1.000000 0.000001 0.000001
vn 0.000000 0.000003 -1.000000
vn 1.000000 0.000001 0.000000
vn 0.000001 0.000003 -1.000000
vn 0.703784 -0.000001 0.710414
vn -0.703789 0.000002 -0.710409
vn 0.703788 -0.000002 0.710410
vn -0.703785 0.000001 -0.710413
vn -1.000000 -0.000001 -0.000000
vn -1.000000 -0.000001 0.000000
vn -0.703787 -0.000003 0.710411
vn -0.703783 -0.000002 0.710415
vn 0.000000 -0.000003 1.000000
vn -0.000001 -0.000003 1.000000
vn 0.000001 -1.000000 0.000000
vn 0.703787 -0.710411 -0.000000
vn 0.703787 -0.710411 -0.000000
vn 1.000000 -0.000000 -0.000000
vn 0.000001 -1.000000 0.000000
vn 1.000000 0.000000 -0.000000
vn 0.703787 0.710411 -0.000000
vn 0.703787 0.710411 -0.000000
vn 0.000000 1.000000 -0.000000
vn 0.000000 1.000000 -0.000000
vn -0.703786 0.710412 0.000000
vn -0.703786 0.710412 0.000000
vn -1.000000 -0.000000 0.000000
vn -1.000000 0.000000 0.000000
vn -0.703787 -0.710411 0.000000
vn -0.703787 -0.710411 0.000000
vn -0.703787 0.000000 0.710411
vn -1.000000 0.000000 -0.000000
vn -1.000000 0.000000 0.000000
vn -0.703786 0.000000 -0.710412
vn -0.703786 0.000000 0.710412
vn -0.703786 0.000000 -0.710412
vn 0.000000 0.000000 -1.000000
vn -0.000000 0.000000 -1.000000
vn 0.703786 -0.000000 -0.710412
vn 0.703786 -0.000000 -0.710412
vn 1.000000 -0.000000 -0.000000
vn 1.000000 -0.000000 -0.000000
vn 0.703787 -0.000000 0.710411
vn 0.703786 -0.000000 0.710412
vn 0.000000 -0.000000 1.000000
vn -0.000000 -0.000000 1.000000
vn 0.000001 -1.000000 0.000000
vn 0.000001 -1.000000 0.000000
vn 0.703787 -0.710411 -0.000000
vn -0.703787 -0.710411 0.000000
vn 0.703787 -0.710411 -0.000000
vn -0.703787 -0.710411 0.000000
vn 1.000000 0.000000 -0.000000
vn -1.000000 0.000000 0.000000
vn 1.000000 0.000000 -0.000000
vn -1.000000 0.000000 0.000000
vn 0.703787 0.710411 -0.000000
vn -0.703787 0.710411 0.000000
vn 0.703787 0.710411 -0.000000
vn -0.703787 0.710411 0.000000
vn 0.000001 1.000000 -0.000000
vn 0.000001 1.000000 -0.000000
f 1/1/1 2/2/2 3/3/3
f 4/4/4 5/5/5 6/6/6
f 7/7/7 8/8/8 9/9/9
f 7/7/7 9/9/9 10/10/10
f 11/11/11 12/12/12 13/13/13
f 12/12/12 11/11/11 14/14/14
f 14/14/14 11/11/11 15/15/15
f 15/15/15 11/11/11 16/16/16
f 14/14/14 15/15/15 17/17/17
f 18/18/18 14/14/14 17/17/17
f 17/17/17 15/15/15 19/19/19
f 20/20/20 21/21/21 22/22/22
f 21/21/21 20/20/20 23/23/23
f 23/23/23 20/20/20 24/24/24
f 24/24/24 20/20/20 25/25/25
f 21/21/21 23/23/23 26/26/26
f 27/27/27 21/21/21 26/26/26
f 26/26/26 23/23/23 28/28/28
f 29/29/29 30/30/30 31/31/31
f 29/29/29 31/31/31 32/32/32
f 33/33/33 34/34/34 35/35/35
f 33/33/33 35/35/35 36/36/36
f 37/37/37 38/38/38 39/39/39
f 37/37/37 39/39/39 40/40/40
f 41/41/41 42/42/42 43/43/43
f 42/42/42 41/41/41 44/44/44
f 41/41/41 45/45/45 44/44/44
f 46/46/46 47/47/47 48/48/48
f 46/46/46 48/48/48 49/49/49
f 48/48/48 50/50/50 49/49/49
f 48/48/48 51/51/51 50/50/50
f 50/50/50 51/51/51 52/52/52
f 50/50/50 52/52/52 53/53/53
f 52/52/52 54/54/54 53/53/53
f 52/52/52 55/55/55 54/54/54
f 56/56/56 57/57/57 58/58/58
f 57/57/57 56/56/56 59/59/59
f 56/56/56 60/60/60 59/59/59
f 61/61/61 62/62/62 63/63/63
f 61/61/61 63/63/63 64/64/64
f 64/64/64 63/63/63 65/65/65
f 64/64/64 65/65/65 66/66/66
f 66/66/66 65/65/65 67/67/67
f 66/66/66 67/67/67 68/68/68
f 67/67/67 69/69/69 68/68/68
f 67/67/67 70/70/70 69/69/69
f 71/71/71 72/72/72 73/73/73
f 71/71/71 73/73/73 74/74/74
f 74/74/74 73/73/73 75/75/75
f 76/76/76 77/77/77 78/78/78
f 76/76/76 78/78/78 79/79/79
f 80/80/80 81/81/81 82/82/82
f 80/80/80 82/82/82 83/83/83
f 84/84/84 85/85/85 86/86/86
f 84/84/84 86/86/86 87/87/87
f 88/88/88 89/89/89 90/90/90
f 88/88/88 90/90/90 91/91/91
f 92/92/92 93/93/93 94/94/94
f 92/92/92 94/94/94 95/95/95
f 96/96/96 95/95/95 94/94/94
f 96/96/96 97/97/97 95/95/95
f 98/98/98 97/97/97 96/96/96
f 98/98/98 96/96/96 99/99/99
f 100/100/100 101/101/101 102/102/102
f 100/100/100 102/102/102 103/103/103
f 104/104/104 100/100/100 103/103/103
f 104/104/104 103/103/103 105/105/105
f 104/104/104 105/105/105 106/106/106
f 104/104/104 106/106/106 107/107/107
f 108/108/108 109/109/109 110/110/110
f 108/108/108 110/110/110 111/111/111
f 108/108/108 111/111/111 112/112/112
f 108/108/108 112/112/112 113/113/113
f 114/114/114 115/115/115 116/116/116
f 114/114/114 116/116/116 117/117/117
f 114/114/114 117/117/117 118/118/118
f 114/114/114 118/118/118 119/119/119
f 120/120/120 121/121/121 122/122/122
f 120/120/120 122/122/122 123/123/123
f 123/123/123 124/124/124 120/120/120
f 123/123/123 125/125/125 124/124/124
f 126/126/126 127/127/127 128/128/128
f 126/126/126 128/128/128 129/129/129
f 129/129/129 130/130/130 126/126/126
f 129/129/129 131/131/131 130/130/130
f 132/132/132 133/133/133 134/134/134
f 132/132/132 134/134/134 135/135/135
f 135/135/135 136/136/136 132/132/132
f 135/135/135 137/137/137 136/136/136
f 138/138/138 139/139/139 140/140/140
f 138/138/138 140/140/140 141/141/141
f 138/138/138 141/141/141 142/142/142
f 138/138/138 142/142/142 143/143/143
f 144/144/144 145/145/145 146/146/146
f 145/145/145 144/144/144 147/147/147
f 147/147/147 144/144/144 148/148/148
f 148/148/148 144/144/144 149/149/149
f 150/150/150 151/151/151 152/152/152
f 150/150/150 152/152/152 153/153/153
f 154/154/154 153/153/153 152/152/152
f 154/154/154 152/152/152 155/155/155
f 156/156/156 157/157/157 158/158/158
f 157/157/157 156/156/156 159/159/159
f 159/159/159 156/156/156 160/160/160
f 160/160/160 156/156/156 161/161/161
f 162/162/162 163/163/163 164/164/164
f 162/162/162 164/164/164 165/165/165
f 165/165/165 164/164/164 166/166/166
f 165/165/165 166/166/166 167/167/167
f 168/168/168 169/169/169 170/170/170
f 168/168/168 170/170/170 171/171/171
f 171/171/171 170/170/170 172/172/172
f 171/171/171 172/172/172 173/173/173
f 174/174/174 175/175/175 176/176/176
f 174/174/174 176/176/176 177/177/177
f 177/177/177 176/176/176 178/178/178
f 177/177/177 178/178/178 179/179/179
f 180/180/180 181/181/181 182/182/182
f 180/180/180 182/182/182 183/183/183
f 184/184/184 183/183/183 182/182/182
f 184/184/184 182/182/182 185/185/185
f 186/186/186 187/187/187 188/188/188
f 186/186/186 188/188/188 189/189/189
f 190/190/190 189/189/189 188/188/188
f 190/190/190 188/188/188 191/191/191
f 192/192/192 193/193/193 194/194/194
f 192/192/192 194/194/194 195/195/195
f 196/196/196 197/197/197 198/198/198
f 196/196/196 198/198/198 199/199/199
f 200/200/200 201/201/201 202/202/202
f 200/200/200 202/202/202 203/203/203
f 204/204/204 205/205/205 206/206/206
f 204/204/204 206/206/206 207/207/207
f 208/208/208 209/209/209 210/210/210
f 208/208/208 210/210/210 211/211/211
f 212/212/212 213/213/213 214/214/214
f 212/212/212 214/214/214 215/215/215
f 216/216/216 217/217/217 218/218/218
f 216/216/216 218/218/218 219/219/219
f 220/220/220 221/221/221 222/222/222
f 220/220/220 222/222/222 223/223/223
f 224/224/224 225/225/225 226/226/226
f 224/224/224 226/226/226 227/227/227
f 228/228/228 229/229/229 230/230/230
f 228/228/228 230/230/230 231/231/231
f 232/232/232 233/233/233 234/234/234
f 232/232/232 234/234/234 235/235/235
f 236/236/236 237/237/237 238/238/238
f 236/236/236 238/238/238 239/239/239
f 240/240/240 241/241/241 242/242/242
f 240/240/240 242/242/242 243/243/243
f 244/244/244 245/245/245 246/246/246
f 244/244/244 246/246/246 247/247/247
f 248/248/248 249/249/249 250/250/250
f 248/248/248 250/250/250 251/251/251
f 252/252/252 253/253/253 254/254/254
f 252/252/252 254/254/254 255/255/255
f 256/256/256 257/257/257 258/258/258
f 256/256/256 258/258/258 259/259/259
f 260/260/260 261/261/261 262/262/262
f 260/260/260 262/262/262 263/263/263
f 264/264/264 265/265/265 266/266/266
f 264/264/264 266/266/266 267/267/267
f 268/268/268 269/269/269 270/270/270
f 268/268/268 270/270/270 271/271/271
f 272/272/272 273/273/273 274/274/274
f 272/272/272 274/274/274 275/275/275
f 276/276/276 277/277/277 278/278/278
f 279/279/279 277/277/277 276/276/276
f 280/280/280 277/277/277 279/279/279
f 281/281/281 282/282/282 283/283/283
f 281/281/281 283/283/283 284/284/284
f 285/285/285 286/286/286 287/287/287
f 285/285/285 287/287/287 288/288/288
f 289/289/289 290/290/290 291/291/291
f 292/292/292 290/290/290 289/289/289
f 290/290/290 292/292/292 293/293/293
f 294/294/294 295/295/295 296/296/296
f 294/294/294 296/296/296 297/297/297
f 298/298/298 299/299/299 300/300/300
f 298/298/298 300/300/300 301/301/301
f 302/302/302 303/303/303 304/304/304
f 302/302/302 304/304/304 305/305/305
f 306/306/306 307/307/307 308/308/308
f 309/309/309 307/307/307 306/306/306
f 307/307/307 309/309/309 310/310/310
f 310/310/310 309/309/309 311/311/311
f 311/311/311 309/309/309 312/312/312
f 313/313/313 314/314/314 315/315/315
f 314/314/314 313/313/313 316/316/316
f 316/316/316 313/313/313 317/317/317
f 318/318/318 319/319/319 320/320/320
f 318/318/318 320/320/320 321/321/321
f 322/322/322 323/323/323 324/324/324
f 322/322/322 324/324/324 325/325/325
f 326/326/326 327/327/327 328/328/328
f 326/326/326 328/328/328 329/329/329
f 330/330/330 331/331/331 332/332/332
f 331/331/331 330/330/330 333/333/333
f 333/333/333 330/330/330 334/334/334
f 334/334/334 330/330/330 335/335/335
f 336/336/336 337/337/337 338/338/338
f 337/337/337 339/339/339 338/338/338
f 338/338/338 339/339/339 340/340/340
f 341/341/341 342/342/342 343/343/343
f 344/344/344 342/342/342 341/341/341
f 345/345/345 342/342/342 344/344/344
f 346/346/346 342/342/342 345/345/345
f 347/347/347 342/342/342 346/346/346
f 342/342/342 347/347/347 348/348/348
f 349/349/349 350/350/350 351/351/351
f 349/349/349 352/352/352 350/350/350
f 352/352/352 349/349/349 353/353/353
f 350/350/350 352/352/352 354/354/354
f 350/350/350 354/354/354 355/355/355
f 354/354/354 352/352/352 356/356/356
f 357/357/357 358/358/358 359/359/359
f 357/357/357 360/360/360 358/358/358
f 360/360/360 357/357/357 361/361/361
f 358/358/358 360/360/360 362/362/362
f 358/358/358 362/362/362 363/363/363
f 362/362/362 360/360/360 364/364/364
f 365/365/365 366/366/366 367/367/367
f 366/366/366 365/365/365 368/368/368
f 366/366/366 368/368/368 369/369/369
f 370/370/370 371/371/371 372/372/372
f 371/371/371 370/370/370 373/373/373
f 371/371/371 373/373/373 374/374/374
f 375/375/375 376/376/376 377/377/377
f 375/375/375 378/378/378 376/376/376
f 378/378/378 375/375/375 379/379/379
f 378/378/378 379/379/379 380/380/380
f 381/381/381 382/382/382 383/383/383
f 384/384/384 382/382/382 381/381/381
f 385/385/385 383/383/383 382/382/382
f 382/382/382 384/384/384 386/386/386
f 387/387/387 383/383/383 385/385/385
f 383/383/383 387/387/387 388/388/388
f 388/388/388 387/387/387 389/389/389
f 388/388/388 389/389/389 390/390/390
f 386/386/386 384/384/384 391/391/391
f 384/384/384 392/392/392 391/391/391
f 393/393/393 390/390/390 389/389/389
f 393/393/393 394/394/394 390/390/390
f 391/391/391 392/392/392 395/395/395
f 393/393/393 395/395/395 394/394/394
f 391/391/391 395/395/395 396/396/396
f 396/396/396 395/395/395 393/393/393
f 397/397/397 398/398/398 399/399/399
f 397/397/397 400/400/400 398/398/398
f 397/397/397 399/399/399 401/401/401
f 397/397/397 402/402/402 400/400/400
f 401/401/401 399/399/399 403/403/403
f 402/402/402 404/404/404 400/400/400
f 401/401/401 403/403/403 405/405/405
f 402/402/402 406/406/406 404/404/404
f 406/406/406 407/407/407 404/404/404
f 406/406/406 408/408/408 407/407/407
f 408/408/408 409/409/409 407/407/407
f 408/408/408 410/410/410 409/409/409
f 405/405/405 403/403/403 411/411/411
f 410/410/410 411/411/411 409/409/409
f 405/405/405 411/411/411 412/412/412
f 410/410/410 412/412/412 411/411/411
f 413/413/413 414/414/414 415/415/415
f 415/415/415 414/414/414 416/416/416
f 413/413/413 415/415/415 417/417/417
f 415/415/415 416/416/416 418/418/418
f 418/418/418 416/416/416 419/419/419
f 418/418/418 419/419/419 420/420/420
f 420/420/420 419/419/419 421/421/421
f 420/420/420 421/421/421 422/422/422
f 422/422/422 421/421/421 423/423/423
f 422/422/422 423/423/423 424/424/424
f 424/424/424 423/423/423 425/425/425
f 424/424/424 425/425/425 426/426/426
f 427/427/427 413/413/413 417/417/417
f 426/426/426 425/425/425 427/427/427
f 427/427/427 417/417/417 428/428/428
f 426/426/426 427/427/427 428/428/428
f 429/429/429 430/430/430 431/431/431
f 431/431/431 430/430/430 432/432/432
f 429/429/429 431/431/431 433/433/433
f 431/431/431 432/432/432 434/434/434
f 434/434/434 432/432/432 435/435/435
f 434/434/434 435/435/435 436/436/436
f 436/436/436 435/435/435 437/437/437
f 436/436/436 437/437/437 438/438/438
f 438/438/438 437/437/437 439/439/439
f 438/438/438 439/439/439 440/440/440
f 440/440/440 439/439/439 441/441/441
f 440/440/440 441/441/441 442/442/442
f 443/443/443 429/429/429 433/433/433
f 442/442/442 441/441/441 443/443/443
f 443/443/443 433/433/433 444/444/444
f 442/442/442 443/443/443 444/444/444
f 445/445/445 446/446/446 447/447/447
f 448/448/448 446/446/446 445/445/445
f 445/445/445 447/447/447 449/449/449
f 448/448/448 450/450/450 446/446/446
f 449/449/449 447/447/447 451/451/451
f 452/452/452 450/450/450 448/448/448
f 449/449/449 451/451/451 453/453/453
f 452/452/452 454/454/454 450/450/450
f 453/453/453 451/451/451 455/455/455
f 456/456/456 454/454/454 452/452/452
f 453/453/453 455/455/455 457/457/457
f 456/456/456 458/458/458 454/454/454
f 457/457/457 455/455/455 459/459/459
f 460/460/460 458/458/458 456/456/456
f 457/457/457 459/459/459 460/460/460
f 460/460/460 459/459/459 458/458/458
