# Unturned item rip -> Godot (X+Z negated, winding reversed, RH Y-up)
v 0.239029 -0.256849 -0.003193
v 0.067765 -0.242014 0.211624
v 0.230714 -0.232343 0.198544
v -0.057781 -0.242572 0.179694
v -0.239029 -0.256849 -0.003193
v -0.245096 -0.236076 0.207992
v 0.177633 -0.196429 -0.183587
v -0.177633 -0.196429 -0.183587
v -0.096864 0.266428 -0.150236
v -0.114055 0.255585 -0.048666
v -0.227294 0.228279 -0.048250
v -0.227294 0.182398 -0.208925
v -0.177633 -0.196429 -0.183587
v -0.227294 -0.006102 -0.235643
v -0.239029 -0.256849 -0.003193
v -0.275541 0.026822 0.023306
v -0.227294 0.182398 -0.208925
v -0.227294 0.228279 -0.048250
v -0.259635 -0.112693 0.165102
v -0.245096 -0.236076 0.207992
v -0.249866 0.001025 0.166488
v -0.227294 0.182398 -0.208925
v -0.000000 0.205558 -0.246392
v -0.096864 0.266428 -0.150236
v -0.000000 0.263880 -0.182605
v -0.069443 0.415500 -0.152720
v 0.069445 0.415500 -0.152720
v 0.096864 0.266428 -0.150236
v 0.227294 0.182398 -0.208925
v 0.227294 0.228279 -0.048250
v 0.114055 0.255585 -0.048666
v 0.096864 0.266428 -0.150236
v 0.227294 0.182398 -0.208925
v 0.069445 0.415500 -0.152720
v 0.114055 0.255585 -0.048666
v 0.055611 0.410301 -0.035886
v 0.096864 0.266428 -0.150236
v -0.069443 0.415500 -0.152720
v -0.055609 0.410301 -0.035886
v -0.114055 0.255585 -0.048666
v -0.096864 0.266428 -0.150236
v 0.177633 -0.196429 -0.183587
v 0.239029 -0.256849 -0.003193
v 0.227294 -0.006102 -0.235643
v 0.275541 0.019719 0.008568
v 0.227294 0.182398 -0.208925
v 0.227294 0.228279 -0.048250
v 0.259635 -0.112540 0.162075
v 0.249866 0.001456 0.175506
v 0.230714 -0.232343 0.198544
v 0.069445 0.415500 -0.152720
v -0.055609 0.410301 -0.035886
v -0.069443 0.415500 -0.152720
v 0.055611 0.410301 -0.035886
v -0.168542 0.018090 -0.371549
v -0.132474 0.016806 -0.368528
v -0.220180 0.013296 -0.241081
v -0.094190 -0.012261 -0.216586
v -0.203595 0.009012 -0.164606
v -0.248088 0.015250 -0.239495
v -0.226580 0.010349 -0.153653
v -0.209942 -0.107223 -0.186588
v -0.207635 -0.089385 -0.279072
v -0.175552 -0.062873 -0.377989
v -0.186122 0.019475 -0.399400
v -0.130782 -0.087641 -0.363686
v -0.084596 -0.116606 -0.217194
v -0.209942 -0.107223 -0.186588
v 0.203595 0.009012 -0.164605
v 0.219902 0.022130 -0.240647
v 0.202968 0.017756 -0.162563
v 0.220180 0.013296 -0.241081
v 0.168264 0.026924 -0.371114
v 0.168542 0.018090 -0.371549
v -0.092870 0.016800 -0.213569
v -0.132196 0.025640 -0.368094
v -0.060088 0.016515 -0.228756
v -0.111428 0.018453 -0.393228
v -0.168264 0.026924 -0.371114
v -0.186122 0.019475 -0.399400
v -0.248088 0.015250 -0.239495
v -0.219902 0.022130 -0.240647
v -0.226580 0.010349 -0.153653
v -0.202968 0.017756 -0.162563
v -0.130782 -0.087641 -0.363686
v -0.060088 0.016515 -0.228756
v -0.111428 0.018453 -0.393228
v -0.084596 -0.116606 -0.217194
v 0.275541 0.019719 0.008568
v 0.114055 0.255585 -0.048666
v 0.227294 0.228279 -0.048250
v -0.114055 0.255585 -0.048666
v 0.055611 0.410301 -0.035886
v -0.055609 0.410301 -0.035886
v -0.275541 0.026822 0.023306
v -0.227294 0.228279 -0.048250
v 0.168542 0.018090 -0.371549
v 0.220180 0.013296 -0.241081
v 0.132474 0.016806 -0.368528
v 0.094190 -0.012261 -0.216586
v 0.203595 0.009012 -0.164605
v 0.226580 0.010349 -0.153653
v 0.202968 0.017756 -0.162563
v 0.219902 0.022130 -0.240647
v 0.248088 0.015250 -0.239495
v 0.168264 0.026924 -0.371114
v 0.186122 0.019475 -0.399400
v 0.111428 0.018453 -0.393228
v 0.132196 0.025640 -0.368094
v 0.060088 0.016515 -0.228756
v 0.092870 0.016800 -0.213569
v 0.248088 0.015250 -0.239495
v 0.209942 -0.107223 -0.186588
v 0.226580 0.010349 -0.153653
v 0.207635 -0.089385 -0.279072
v 0.175552 -0.062873 -0.377989
v 0.186122 0.019475 -0.399400
v 0.130782 -0.087641 -0.363686
v 0.084596 -0.116606 -0.217194
v 0.209942 -0.107223 -0.186588
v -0.132474 0.016806 -0.368528
v -0.092870 0.016800 -0.213569
v -0.094190 -0.012261 -0.216586
v -0.132196 0.025640 -0.368094
v 0.175552 -0.062873 -0.377989
v 0.111428 0.018453 -0.393228
v 0.130782 -0.087641 -0.363686
v 0.186122 0.019475 -0.399400
v 0.060088 0.016515 -0.228756
v 0.130782 -0.087641 -0.363686
v 0.111428 0.018453 -0.393228
v 0.084596 -0.116606 -0.217194
v -0.002915 0.001456 0.191173
v 0.275541 0.019719 0.008568
v 0.249866 0.001456 0.175506
v -0.275541 0.026822 0.023306
v -0.249866 0.001025 0.166488
v 0.092870 0.016800 -0.213569
v 0.132474 0.016806 -0.368528
v 0.094190 -0.012261 -0.216586
v 0.132196 0.025640 -0.368094
v -0.219902 0.022130 -0.240647
v -0.203595 0.009012 -0.164606
v -0.202968 0.017756 -0.162563
v -0.220180 0.013296 -0.241081
v -0.168264 0.026924 -0.371114
v -0.168542 0.018090 -0.371549
v -0.259635 -0.112693 0.165102
v -0.249866 0.001025 0.166488
v -0.002915 0.001456 0.191173
v -0.078480 -0.112351 0.184699
v -0.245096 -0.236076 0.207992
v -0.057781 -0.242572 0.179694
v 0.067765 -0.112192 0.193781
v 0.249866 0.001456 0.175506
v 0.067765 -0.242014 0.211624
v 0.259635 -0.112540 0.162075
v 0.230714 -0.232343 0.198544
v -0.168264 0.026924 -0.371114
v -0.132474 0.016806 -0.368528
v -0.168542 0.018090 -0.371549
v -0.132196 0.025640 -0.368094
v -0.111428 0.018453 -0.393228
v -0.175552 -0.062873 -0.377989
v -0.130782 -0.087641 -0.363686
v -0.186122 0.019475 -0.399400
v 0.132196 0.025640 -0.368094
v 0.168542 0.018090 -0.371549
v 0.132474 0.016806 -0.368528
v 0.168264 0.026924 -0.371114
v -0.124564 0.140800 -0.246491
v -0.138668 0.156467 -0.197829
v -0.032588 0.180351 -0.228740
v -0.143632 0.150192 -0.222715
v -0.032588 0.180351 -0.228740
v -0.137189 0.178253 -0.266610
v -0.124564 0.140800 -0.246491
v -0.044306 0.213207 -0.243386
v -0.152718 0.180395 -0.246111
v -0.124564 0.140800 -0.246491
v -0.137189 0.178253 -0.266610
v -0.143632 0.150192 -0.222715
v -0.152385 0.198683 -0.227734
v -0.138668 0.156467 -0.197829
v -0.138668 0.156467 -0.197829
v -0.065414 0.228128 -0.215543
v -0.053234 0.191726 -0.191856
v -0.152385 0.198683 -0.227734
v -0.137189 0.178253 -0.266610
v -0.152385 0.198683 -0.227734
v -0.152718 0.180395 -0.246111
v -0.065414 0.228128 -0.215543
v -0.044306 0.213207 -0.243386
v -0.053234 0.191726 -0.191856
v -0.044306 0.213207 -0.243386
v -0.032588 0.180351 -0.228740
v -0.065414 0.228128 -0.215543
v 0.124564 0.140800 -0.246491
v 0.032588 0.180351 -0.228740
v 0.138668 0.156467 -0.197829
v 0.143632 0.150192 -0.222715
v 0.032588 0.180351 -0.228740
v 0.124564 0.140800 -0.246491
v 0.137189 0.178253 -0.266610
v 0.044306 0.213207 -0.243386
v 0.152718 0.180395 -0.246111
v 0.137189 0.178253 -0.266610
v 0.124564 0.140800 -0.246491
v 0.143632 0.150192 -0.222715
v 0.152385 0.198683 -0.227734
v 0.138668 0.156467 -0.197829
v 0.138668 0.156467 -0.197829
v 0.053234 0.191726 -0.191856
v 0.065414 0.228128 -0.215543
v 0.152385 0.198683 -0.227734
v 0.137189 0.178253 -0.266610
v 0.152718 0.180395 -0.246111
v 0.152385 0.198683 -0.227734
v 0.065414 0.228128 -0.215543
v 0.044306 0.213207 -0.243386
v 0.053234 0.191726 -0.191856
v 0.032588 0.180351 -0.228740
v 0.044306 0.213207 -0.243386
v 0.065414 0.228128 -0.215543
v -0.219902 0.054418 0.235310
v -0.219902 -0.077992 0.212200
v -0.231900 0.069044 0.090804
v -0.219902 -0.220175 0.154703
v -0.219902 -0.216846 0.242424
v -0.247981 -0.023740 -0.017361
v -0.234517 0.126859 0.000173
v -0.214827 0.216107 -0.071831
v -0.214827 0.223699 -0.036581
v 0.214827 0.216107 -0.071831
v 0.233161 0.141554 -0.005215
v 0.214827 0.223736 -0.034496
v 0.248014 -0.023740 -0.017361
v 0.231634 0.068653 0.090804
v 0.219636 -0.220025 0.154703
v 0.219636 -0.078131 0.231080
v 0.219636 -0.216697 0.277276
v 0.219636 0.054027 0.235078
v -0.048433 0.403795 -0.063633
v -0.096864 0.238666 -0.036777
v -0.096864 0.231074 -0.072027
v -0.048433 0.398635 -0.028160
v 0.096864 0.238684 -0.035735
v 0.048538 0.398654 -0.027118
v 0.048538 0.403795 -0.063633
v 0.096864 0.231074 -0.072027
v 0.048538 0.403795 -0.063633
v -0.048433 0.398635 -0.028160
v -0.048433 0.403795 -0.063633
v 0.048538 0.398654 -0.027118
v -0.231900 0.069044 0.090804
v -0.001088 0.054418 0.249309
v -0.219902 0.054418 0.235310
v 0.231634 0.068653 0.090804
v 0.219636 0.054027 0.235078
v -0.234517 0.126859 0.000173
v 0.233161 0.141554 -0.005215
v 0.096864 0.238684 -0.035735
v 0.214827 0.223736 -0.034496
v -0.096864 0.238666 -0.036777
v -0.214827 0.223699 -0.036581
v -0.048433 0.398635 -0.028160
v 0.048538 0.398654 -0.027118
v 0.214827 0.223736 -0.034496
v 0.096864 0.238684 -0.035735
v 0.096864 0.231074 -0.072027
v 0.214827 0.216107 -0.071831
v -0.214827 0.223699 -0.036581
v -0.096864 0.231074 -0.072027
v -0.096864 0.238666 -0.036777
v -0.214827 0.216107 -0.071831
v -0.064882 -0.231142 0.265544
v -0.219902 -0.220175 0.154703
v -0.219902 -0.216846 0.242424
v 0.054998 -0.234976 0.154703
v 0.050925 -0.231647 0.236399
v 0.219636 -0.220025 0.154703
v 0.219636 -0.216697 0.277276
v -0.000000 -0.006678 -0.268615
v 0.177633 -0.196429 -0.183587
v 0.227294 -0.006102 -0.235643
v -0.177633 -0.196429 -0.183587
v 0.227294 0.182398 -0.208925
v -0.227294 -0.006102 -0.235643
v -0.000000 0.205558 -0.246392
v -0.227294 0.182398 -0.208925
v 0.219636 -0.216697 0.277276
v 0.050925 -0.231647 0.236399
v 0.002830 -0.077749 0.244288
v 0.219636 -0.078131 0.231080
v -0.064882 -0.231142 0.265544
v 0.219636 0.054027 0.235078
v -0.219902 -0.216846 0.242424
v -0.001088 0.054418 0.249309
v -0.219902 -0.077992 0.212200
v -0.219902 0.054418 0.235310
v 0.051239 0.408751 -0.045237
v 0.039768 0.355644 -0.044310
v 0.067745 0.361345 -0.044410
v -0.051237 0.408752 -0.045237
v -0.067743 0.361345 -0.044410
v -0.039766 0.355644 -0.044310
v -0.037937 0.379752 0.017799
v -0.037834 0.399923 0.009670
v -0.026442 0.405858 -0.045187
v -0.039766 0.355644 -0.044310
v -0.037834 0.399923 0.009670
v -0.050864 0.399265 0.009681
v -0.051237 0.408752 -0.045237
v -0.026442 0.405858 -0.045187
v -0.051237 0.408752 -0.045237
v -0.050864 0.399265 0.009681
v -0.067743 0.361345 -0.044410
v -0.050966 0.381900 0.017762
v -0.050966 0.381900 0.017762
v -0.037937 0.379752 0.017799
v -0.039766 0.355644 -0.044310
v -0.067743 0.361345 -0.044410
v -0.050864 0.399265 0.009681
v -0.037834 0.399923 0.009670
v -0.037937 0.379752 0.017799
v -0.050966 0.381900 0.017762
v 0.037939 0.379546 0.006021
v 0.026444 0.405858 -0.045187
v 0.037837 0.399718 -0.002108
v 0.039768 0.355644 -0.044310
v 0.037837 0.399718 -0.002108
v 0.051239 0.408751 -0.045237
v 0.050866 0.399059 -0.002097
v 0.026444 0.405858 -0.045187
v 0.050968 0.381694 0.005984
v 0.039768 0.355644 -0.044310
v 0.037939 0.379546 0.006021
v 0.067745 0.361345 -0.044410
v 0.050866 0.399059 -0.002097
v 0.037939 0.379546 0.006021
v 0.037837 0.399718 -0.002108
v 0.050968 0.381694 0.005984
v 0.050968 0.381694 0.005984
v 0.050866 0.399059 -0.002097
v 0.067745 0.361345 -0.044410
v 0.051239 0.408751 -0.045237
v -0.057084 0.209773 -0.226189
v -0.073215 0.233778 -0.194021
v -0.103126 0.223948 -0.197390
v -0.096859 0.202127 -0.225972
v 0.057084 0.209773 -0.226189
v 0.096859 0.202127 -0.225972
v 0.103126 0.223948 -0.197390
v 0.073215 0.233778 -0.194021
v -0.000000 0.423917 -0.172582
v 0.044866 0.427728 -0.161743
v -0.044866 0.427728 -0.161743
v 0.035929 0.423611 -0.078302
v -0.035929 0.423611 -0.078302
v -0.035929 0.423611 -0.078302
v -0.033478 0.363736 -0.160208
v -0.044866 0.427728 -0.161743
v -0.039607 0.365471 -0.060839
v 0.035929 0.423611 -0.078302
v 0.044866 0.427728 -0.161743
v 0.033478 0.363736 -0.160208
v 0.039607 0.365471 -0.060839
v -0.000000 0.423917 -0.172582
v 0.033478 0.363736 -0.160208
v 0.044866 0.427728 -0.161743
v -0.033478 0.363736 -0.160208
v -0.044866 0.427728 -0.161743
v -0.035929 0.423611 -0.078302
v 0.035929 0.423611 -0.078302
v 0.039607 0.365471 -0.060839
v -0.039607 0.365471 -0.060839
v -0.168542 0.019621 -0.371549
v -0.132474 0.018337 -0.368529
v -0.220180 0.014827 -0.241081
v -0.094190 -0.010731 -0.216586
v -0.203595 0.010543 -0.164606
v 0.168542 0.019621 -0.371549
v 0.220180 0.014827 -0.241081
v 0.132474 0.018337 -0.368529
v 0.094190 -0.010731 -0.216586
v 0.203595 0.010543 -0.164606
v -0.124746 0.140397 -0.246666
v -0.138991 0.156221 -0.197517
v -0.031850 0.180344 -0.228737
v -0.144005 0.149883 -0.222652
v -0.031850 0.180344 -0.228737
v -0.137497 0.178226 -0.266986
v -0.124746 0.140397 -0.246666
v -0.043686 0.213529 -0.243529
v -0.153182 0.180388 -0.246281
v -0.124746 0.140397 -0.246666
v -0.137497 0.178226 -0.266986
v -0.144005 0.149883 -0.222652
v -0.152846 0.198859 -0.227721
v -0.138991 0.156221 -0.197517
v -0.138991 0.156221 -0.197517
v -0.065005 0.228599 -0.215408
v -0.052702 0.191832 -0.191484
v -0.152846 0.198859 -0.227721
v -0.137497 0.178226 -0.266986
v -0.152846 0.198859 -0.227721
v -0.153182 0.180388 -0.246281
v -0.065005 0.228599 -0.215408
v -0.043686 0.213529 -0.243529
v -0.052702 0.191832 -0.191484
v -0.043686 0.213529 -0.243529
v -0.031850 0.180344 -0.228737
v -0.065005 0.228599 -0.215408
v 0.124746 0.140397 -0.246666
v 0.031850 0.180344 -0.228737
v 0.138991 0.156221 -0.197517
v 0.144005 0.149883 -0.222652
v 0.031850 0.180344 -0.228737
v 0.124746 0.140397 -0.246666
v 0.137497 0.178226 -0.266986
v 0.043686 0.213529 -0.243529
v 0.153182 0.180388 -0.246282
v 0.137497 0.178226 -0.266986
v 0.124746 0.140397 -0.246666
v 0.144005 0.149883 -0.222652
v 0.152846 0.198859 -0.227721
v 0.138991 0.156221 -0.197517
v 0.138991 0.156221 -0.197517
v 0.052702 0.191832 -0.191484
v 0.065005 0.228599 -0.215408
v 0.152846 0.198859 -0.227721
v 0.137497 0.178226 -0.266986
v 0.153182 0.180388 -0.246282
v 0.152846 0.198859 -0.227721
v 0.065005 0.228599 -0.215408
v 0.043686 0.213529 -0.243529
v 0.052702 0.191832 -0.191484
v 0.031850 0.180344 -0.228737
v 0.043686 0.213529 -0.243529
v 0.065005 0.228599 -0.215408
v -0.103126 0.223948 -0.197390
v -0.144248 0.208518 -0.202713
v -0.140932 0.190844 -0.224948
v -0.096859 0.202127 -0.225972
v 0.103126 0.223948 -0.197390
v 0.096859 0.202127 -0.225972
v 0.140932 0.190844 -0.224948
v 0.144248 0.208518 -0.202713
v -0.221212 0.055043 0.235310
v -0.222567 -0.077552 0.212953
v -0.234709 0.070834 0.093813
v -0.219902 -0.221506 0.154703
v -0.222078 -0.216934 0.243384
v -0.250984 -0.024837 -0.015656
v -0.237358 0.127576 0.001262
v -0.217431 0.216836 -0.070782
v -0.217431 0.224520 -0.035934
v 0.217399 0.216836 -0.070782
v 0.235954 0.142448 -0.004191
v 0.217399 0.224556 -0.033824
v 0.250986 -0.024837 -0.015656
v 0.234409 0.070438 0.093813
v 0.222266 -0.221438 0.158481
v 0.220834 -0.078131 0.232724
v 0.221283 -0.216991 0.279477
v 0.219636 0.055399 0.236394
v -0.049032 0.407786 -0.062485
v -0.098046 0.239621 -0.036133
v -0.098046 0.231938 -0.070980
v -0.049032 0.402564 -0.026585
v 0.098015 0.239640 -0.035078
v 0.049107 0.402583 -0.025531
v 0.049107 0.407786 -0.062485
v 0.098015 0.231938 -0.070980
v 0.049107 0.407786 -0.062485
v -0.049032 0.402564 -0.026585
v -0.049032 0.407786 -0.062485
v 0.049107 0.402583 -0.025531
v -0.234709 0.070834 0.093813
v -0.001117 0.058222 0.251172
v -0.221212 0.055043 0.235310
v 0.234409 0.070438 0.093813
v 0.219636 0.055399 0.236394
v -0.237358 0.127576 0.001262
v 0.235954 0.142448 -0.004191
v 0.098015 0.239640 -0.035078
v 0.217399 0.224556 -0.033824
v -0.098046 0.239621 -0.036133
v -0.217431 0.224520 -0.035934
v -0.049032 0.402564 -0.026585
v 0.049107 0.402583 -0.025531
v 0.217399 0.224556 -0.033824
v 0.098015 0.239640 -0.035078
v 0.098015 0.231938 -0.070980
v 0.217399 0.216836 -0.070782
v -0.217431 0.224520 -0.035934
v -0.098046 0.231938 -0.070980
v -0.098046 0.239621 -0.036133
v -0.217431 0.216836 -0.070782
v -0.064882 -0.231142 0.266178
v -0.219902 -0.221506 0.154703
v -0.222078 -0.216934 0.243384
v 0.055645 -0.240571 0.158481
v 0.051522 -0.232314 0.237439
v 0.222266 -0.221438 0.158481
v 0.221283 -0.216991 0.279477
v 0.221283 -0.216991 0.279477
v 0.051522 -0.232314 0.237439
v 0.002849 -0.077306 0.246091
v 0.220834 -0.078131 0.232724
v -0.064882 -0.231142 0.266178
v 0.219636 0.055399 0.236394
v -0.222078 -0.216934 0.243384
v -0.001117 0.058222 0.251172
v -0.222567 -0.077552 0.212953
v -0.221212 0.055043 0.235310
vt 0.0788463056 0.225714564
vt 0.0788473189 0.225716591
vt 0.0788473189 0.225714564
vt 0.0788473189 0.225716591
vt 0.0788463056 0.225714564
vt 0.0788473189 0.225714564
vt 0.0788463056 0.225714564
vt 0.0788473189 0.225716591
vt 0.0788473189 0.225714564
vt 0.0788463056 0.225714564
vt 0.0788473189 0.225714564
vt 0.0788463056 0.225714564
vt 0.0788463056 0.225714564
vt 0.0788473189 0.225716591
vt 0.0788473189 0.225714564
vt 0.0788473189 0.225716591
vt 0.0788473189 0.225716591
vt 0.0788473189 0.225714564
vt 0.0788473189 0.225714564
vt 0.0788473189 0.225714564
vt 0.0788473189 0.225714564
vt 0.0788463056 0.225714564
vt 0.0788473189 0.225716591
vt 0.0788463056 0.225714564
vt 0.0788473189 0.225716591
vt 0.0788473189 0.225714564
vt 0.0788473189 0.225714564
vt 0.0788473189 0.225716591
vt 0.0788473189 0.225716591
vt 0.0788473189 0.225714564
vt 0.0788473189 0.225714564
vt 0.0788473189 0.225714564
vt 0.0788473189 0.225716591
vt 0.0788463056 0.225714564
vt 0.0788473189 0.225716591
vt 0.0788473189 0.225714564
vt 0.0788473189 0.225716591
vt 0.0788463056 0.225714564
vt 0.0788473189 0.225716591
vt 0.0788473189 0.225714564
vt 0.0788473189 0.225716591
vt 0.0788463056 0.225714564
vt 0.0788473189 0.225716591
vt 0.0788473189 0.225714564
vt 0.0788473189 0.225714564
vt 0.0788463056 0.225714564
vt 0.0788473189 0.225714564
vt 0.0788463056 0.225714564
vt 0.0788473189 0.225714564
vt 0.0788473189 0.225714564
vt 0.0788463056 0.225714564
vt 0.0788473189 0.225716591
vt 0.0788473189 0.225714564
vt 0.0788473189 0.225716591
vt 0.0855278969 0.229359284
vt 0.0855278969 0.229359284
vt 0.0855278969 0.229359284
vt 0.0855278969 0.229359284
vt 0.0855278969 0.229359284
vt 0.0788473189 0.225714564
vt 0.0788473189 0.225716591
vt 0.0788463056 0.225714564
vt 0.0788473189 0.225716591
vt 0.0788463056 0.225714564
vt 0.0788473189 0.225714564
vt 0.0788473189 0.225714564
vt 0.0788463056 0.225714564
vt 0.0788473189 0.225714564
vt 0.0788463056 0.225714564
vt 0.0788473189 0.225716591
vt 0.0788473189 0.225714564
vt 0.0788473189 0.225716591
vt 0.0788463056 0.225714564
vt 0.0788473189 0.225714564
vt 0.0788463056 0.225714564
vt 0.0788473189 0.225716591
vt 0.0788473189 0.225714564
vt 0.0788473189 0.225714564
vt 0.0788463056 0.225714564
vt 0.0788473189 0.225714564
vt 0.0788473189 0.225716591
vt 0.0788463056 0.225714564
vt 0.0788473189 0.225716591
vt 0.0788473189 0.225716591
vt 0.0788463056 0.225714564
vt 0.0788473189 0.225716591
vt 0.0788473189 0.225714564
vt 0.0788473189 0.225716591
vt 0.0788463056 0.225714564
vt 0.0788473189 0.225716591
vt 0.0788473189 0.225714564
vt 0.0788463056 0.225714564
vt 0.0788473189 0.225714564
vt 0.0788473189 0.225716591
vt 0.0788473189 0.225716591
vt 0.0788473189 0.225714564
vt 0.0855278969 0.229359284
vt 0.0855278969 0.229359284
vt 0.0855278969 0.229359284
vt 0.0855278969 0.229359284
vt 0.0855278969 0.229359284
vt 0.0788463056 0.225714564
vt 0.0788473189 0.225716591
vt 0.0788473189 0.225714564
vt 0.0788473189 0.225714564
vt 0.0788463056 0.225714564
vt 0.0788473189 0.225714564
vt 0.0788473189 0.225716591
vt 0.0788473189 0.225714564
vt 0.0788473189 0.225716591
vt 0.0788463056 0.225714564
vt 0.0788473189 0.225714564
vt 0.0788463056 0.225714564
vt 0.0788473189 0.225714564
vt 0.0788473189 0.225716591
vt 0.0788463056 0.225714564
vt 0.0788473189 0.225714564
vt 0.0788473189 0.225716591
vt 0.0788473189 0.225716591
vt 0.0788473189 0.225714564
vt 0.0788463056 0.225714564
vt 0.0788473189 0.225716591
vt 0.0788473189 0.225714564
vt 0.0788473189 0.225716591
vt 0.0788463056 0.225714564
vt 0.0788473189 0.225716591
vt 0.0788473189 0.225714564
vt 0.0788473189 0.225716591
vt 0.0788463056 0.225714564
vt 0.0788473189 0.225716591
vt 0.0788473189 0.225714564
vt 0.0788473189 0.225716591
vt 0.0788463056 0.225714564
vt 0.0788473189 0.225716591
vt 0.0788473189 0.225714564
vt 0.0788473189 0.225714564
vt 0.0788463056 0.225714564
vt 0.0788463056 0.225714564
vt 0.0788473189 0.225716591
vt 0.0788473189 0.225714564
vt 0.0788473189 0.225716591
vt 0.0788463056 0.225714564
vt 0.0788473189 0.225714564
vt 0.0788473189 0.225714564
vt 0.0788473189 0.225716591
vt 0.0788473189 0.225716591
vt 0.0788473189 0.225714564
vt 0.0788473189 0.225716591
vt 0.0788473189 0.225716591
vt 0.0788473189 0.225716591
vt 0.0788473189 0.225714564
vt 0.0788463056 0.225714564
vt 0.0788473189 0.225716591
vt 0.0788463056 0.225714564
vt 0.0788473189 0.225714564
vt 0.0788473189 0.225714564
vt 0.0788473189 0.225716591
vt 0.0788473189 0.225714564
vt 0.0788463056 0.225714564
vt 0.0788473189 0.225716591
vt 0.0788473189 0.225714564
vt 0.0788473189 0.225716591
vt 0.0788463056 0.225714564
vt 0.0788473189 0.225716591
vt 0.0788473189 0.225714564
vt 0.0788473189 0.225716591
vt 0.0788463056 0.225714564
vt 0.0788473189 0.225716591
vt 0.0788473189 0.225714564
vt 0.0788473189 0.225716591
vt 0.0855278969 0.229359284
vt 0.0855278969 0.229359284
vt 0.0855278969 0.229359284
vt 0.0855278969 0.229359284
vt 0.0855278969 0.229359284
vt 0.0855278969 0.229359284
vt 0.0855278969 0.229359284
vt 0.0855278969 0.229359284
vt 0.0855278969 0.229359284
vt 0.0855278969 0.229359284
vt 0.0855278969 0.229359284
vt 0.0855278969 0.229359284
vt 0.0855278969 0.229359284
vt 0.0855278969 0.229359284
vt 0.0855278969 0.229359284
vt 0.0855278969 0.229359284
vt 0.0855278969 0.229359284
vt 0.0855278969 0.229359284
vt 0.0855278969 0.229359284
vt 0.0855278969 0.229359284
vt 0.0855278969 0.229359284
vt 0.0855278969 0.229359284
vt 0.0855278969 0.229359284
vt 0.0855278969 0.229359284
vt 0.0855278969 0.229359284
vt 0.0855278969 0.229359284
vt 0.0855278969 0.229359284
vt 0.0855278969 0.229359284
vt 0.0855278969 0.229359284
vt 0.0855278969 0.229359284
vt 0.0855278969 0.229359284
vt 0.0855278969 0.229359284
vt 0.0855278969 0.229359284
vt 0.0855278969 0.229359284
vt 0.0855278969 0.229359284
vt 0.0855278969 0.229359284
vt 0.0855278969 0.229359284
vt 0.0855278969 0.229359284
vt 0.0855278969 0.229359284
vt 0.0855278969 0.229359284
vt 0.0855278969 0.229359284
vt 0.0855278969 0.229359284
vt 0.0855278969 0.229359284
vt 0.0855278969 0.229359284
vt 0.0855278969 0.229359284
vt 0.0855278969 0.229359284
vt 0.0855278969 0.229359284
vt 0.0855278969 0.229359284
vt 0.0855278969 0.229359284
vt 0.0855278969 0.229359284
vt 0.0855278969 0.229359284
vt 0.0855278969 0.229359284
vt 0.0855278969 0.229359284
vt 0.0855278969 0.229359284
vt 0.0855038762 0.229397967
vt 0.0855038762 0.229397967
vt 0.0855038762 0.229397967
vt 0.0855038762 0.229397967
vt 0.0855038762 0.229397967
vt 0.0855039358 0.229397967
vt 0.0855039358 0.229397967
vt 0.0855039358 0.229397967
vt 0.0855039358 0.229397967
vt 0.0855039358 0.229397967
vt 0.0855039358 0.229397967
vt 0.0855039358 0.229397967
vt 0.0855039358 0.229397967
vt 0.0855039358 0.229397967
vt 0.0855038762 0.229397967
vt 0.0855038762 0.229397967
vt 0.0855038762 0.229397967
vt 0.0855038762 0.229397967
vt 0.0855039358 0.229397967
vt 0.0855039358 0.229397967
vt 0.0855039358 0.229397967
vt 0.0855039358 0.229397967
vt 0.0855039358 0.229397967
vt 0.0855039358 0.229397967
vt 0.0855039358 0.229397967
vt 0.0855039358 0.229397967
vt 0.0855039358 0.229397967
vt 0.0855039358 0.229397967
vt 0.0855039358 0.229397967
vt 0.0855039358 0.229397967
vt 0.0855038762 0.229397967
vt 0.0855038762 0.229397967
vt 0.0855038762 0.229397967
vt 0.0855038762 0.229397967
vt 0.0855038762 0.229397967
vt 0.0855039358 0.229397967
vt 0.0855039358 0.229397967
vt 0.0855039358 0.229397967
vt 0.0855039358 0.229397967
vt 0.0855039358 0.229397967
vt 0.0855039358 0.229397967
vt 0.0855039358 0.229397967
vt 0.0855039358 0.229397967
vt 0.0855039358 0.229397967
vt 0.0855039358 0.229397967
vt 0.0855039358 0.229397967
vt 0.0855039358 0.229397967
vt 0.0855039358 0.229397967
vt 0.0855039358 0.229397967
vt 0.0855039358 0.229397967
vt 0.0855039358 0.229397967
vt 0.0855038762 0.229397967
vt 0.0855038762 0.229397967
vt 0.0855038762 0.229397967
vt 0.0855038762 0.229397967
vt 0.0855038762 0.229397967
vt 0.0855038762 0.229397967
vt 0.0855038762 0.229397967
vt 0.0788463056 0.225714564
vt 0.0788473189 0.225716591
vt 0.0788473189 0.225714564
vt 0.0788473189 0.225714564
vt 0.0788473189 0.225716591
vt 0.0788473189 0.225716591
vt 0.0788473189 0.225714564
vt 0.0788473189 0.225716591
vt 0.0855038762 0.229397967
vt 0.0855038762 0.229397967
vt 0.0855038762 0.229397967
vt 0.0855038762 0.229397967
vt 0.0855038762 0.229397967
vt 0.0855038762 0.229397967
vt 0.0855038762 0.229397967
vt 0.0855038762 0.229397967
vt 0.0855038762 0.229397967
vt 0.0855038762 0.229397967
vt 0.595874548 0.315989345
vt 0.595874548 0.315991372
vt 0.595875621 0.315991372
vt 0.595874548 0.315989345
vt 0.595875621 0.315991372
vt 0.595875621 0.315989345
vt 0.595874548 0.315989345
vt 0.595875621 0.315991372
vt 0.595875621 0.315989345
vt 0.595875621 0.315989345
vt 0.595874548 0.315989345
vt 0.595875621 0.315991372
vt 0.595875621 0.315989345
vt 0.595875621 0.315989345
vt 0.595874548 0.315989345
vt 0.595874548 0.315991372
vt 0.595875621 0.315991372
vt 0.595874548 0.315989345
vt 0.595874548 0.315989345
vt 0.595875621 0.315991372
vt 0.595875621 0.315989345
vt 0.595875621 0.315989345
vt 0.595874548 0.315989345
vt 0.595875621 0.315991372
vt 0.595875621 0.315989345
vt 0.595875621 0.315989345
vt 0.595874548 0.315989345
vt 0.595875621 0.315991372
vt 0.595875621 0.315989345
vt 0.595875621 0.315991372
vt 0.595874548 0.315989345
vt 0.595875621 0.315991372
vt 0.595875621 0.315989345
vt 0.595875621 0.315991372
vt 0.595874548 0.315989345
vt 0.595875621 0.315991372
vt 0.595875621 0.315989345
vt 0.595875621 0.315991372
vt 0.595874548 0.315989345
vt 0.595875621 0.315991372
vt 0.595875621 0.315989345
vt 0.595875621 0.315991372
vt 0.595874548 0.315989345
vt 0.595875621 0.315991372
vt 0.595875621 0.315989345
vt 0.595874548 0.315989345
vt 0.109866053 0.79440999
vt 0.109866053 0.794412017
vt 0.109867066 0.794412017
vt 0.109867066 0.79440999
vt 0.109866053 0.79440999
vt 0.109866053 0.794412017
vt 0.109867066 0.794412017
vt 0.109867066 0.79440999
vt 0.352854639 0.784070015
vt 0.352854103 0.784070015
vt 0.352855176 0.784070015
vt 0.352855176 0.784072042
vt 0.352855176 0.784070015
vt 0.352854103 0.784070015
vt 0.352855176 0.784072042
vt 0.352855176 0.784070015
vt 0.352855176 0.784072042
vt 0.352854103 0.784070015
vt 0.352855176 0.784072042
vt 0.352855176 0.784070015
vt 0.352855176 0.784070015
vt 0.352854639 0.784070015
vt 0.352855176 0.784070015
vt 0.352855176 0.784072042
vt 0.352855176 0.784072042
vt 0.352855176 0.784070015
vt 0.352855176 0.784070015
vt 0.352854103 0.784070015
vt 0.352855176 0.784072042
vt 0.352855176 0.784070015
vt 0.776591897 0.125630796
vt 0.776591897 0.125630796
vt 0.776591897 0.125630796
vt 0.776591897 0.125630796
vt 0.776591897 0.125630796
vt 0.776591897 0.125630796
vt 0.776591897 0.125630796
vt 0.776591897 0.125630796
vt 0.776591897 0.125630796
vt 0.776591897 0.125630796
vt 0.307111442 0.738180757
vt 0.307111442 0.738180757
vt 0.307111442 0.738180757
vt 0.307111442 0.738180757
vt 0.307111442 0.738180757
vt 0.307111442 0.738180757
vt 0.307111442 0.738180757
vt 0.307111442 0.738180757
vt 0.307111442 0.738180757
vt 0.307111442 0.738180757
vt 0.307111442 0.738180757
vt 0.307111442 0.738180757
vt 0.307111442 0.738180757
vt 0.307111442 0.738180757
vt 0.307111442 0.738180757
vt 0.307111442 0.738180757
vt 0.307111442 0.738180757
vt 0.307111442 0.738180757
vt 0.307111442 0.738180757
vt 0.307111442 0.738180757
vt 0.307111442 0.738180757
vt 0.307111442 0.738180757
vt 0.307111442 0.738180757
vt 0.307111442 0.738180757
vt 0.307111442 0.738180757
vt 0.307111442 0.738180757
vt 0.307111442 0.738180757
vt 0.307111442 0.738180757
vt 0.307111442 0.738180757
vt 0.307111442 0.738180757
vt 0.307111442 0.738180757
vt 0.307111442 0.738180757
vt 0.307111442 0.738180757
vt 0.307111442 0.738180757
vt 0.307111442 0.738180757
vt 0.307111442 0.738180757
vt 0.307111442 0.738180757
vt 0.307111442 0.738180757
vt 0.307111442 0.738180757
vt 0.307111442 0.738180757
vt 0.307111442 0.738180757
vt 0.307111442 0.738180757
vt 0.307111442 0.738180757
vt 0.307111442 0.738180757
vt 0.307111442 0.738180757
vt 0.307111442 0.738180757
vt 0.307111442 0.738180757
vt 0.307111442 0.738180757
vt 0.307111442 0.738180757
vt 0.307111442 0.738180757
vt 0.307111442 0.738180757
vt 0.307111442 0.738180757
vt 0.307111442 0.738180757
vt 0.307111442 0.738180757
vt 0.298904657 0.253979683
vt 0.298904657 0.253979683
vt 0.298904657 0.253979683
vt 0.298904657 0.253979683
vt 0.298904657 0.253979683
vt 0.298904657 0.253979683
vt 0.298904657 0.253979683
vt 0.298904657 0.253979683
vt 0.168605745 0.349256158
vt 0.168605745 0.349256158
vt 0.168605745 0.349256158
vt 0.168605745 0.349256158
vt 0.168605745 0.349256158
vt 0.168605804 0.349256158
vt 0.168605804 0.349256158
vt 0.168605804 0.349256158
vt 0.168605804 0.349256158
vt 0.168605804 0.349256158
vt 0.168605804 0.349256158
vt 0.168605804 0.349256158
vt 0.168605804 0.349256158
vt 0.168605804 0.349256158
vt 0.168605745 0.349256158
vt 0.168605745 0.349256158
vt 0.168605745 0.349256158
vt 0.168605745 0.349256158
vt 0.168605804 0.349256158
vt 0.168605804 0.349256158
vt 0.168605804 0.349256158
vt 0.168605804 0.349256158
vt 0.168605804 0.349256158
vt 0.168605804 0.349256158
vt 0.168605804 0.349256158
vt 0.168605804 0.349256158
vt 0.168605804 0.349256158
vt 0.168605804 0.349256158
vt 0.168605804 0.349256158
vt 0.168605804 0.349256158
vt 0.168605745 0.349256158
vt 0.168605745 0.349256158
vt 0.168605745 0.349256158
vt 0.168605745 0.349256158
vt 0.168605745 0.349256158
vt 0.168605804 0.349256158
vt 0.168605804 0.349256158
vt 0.168605804 0.349256158
vt 0.168605804 0.349256158
vt 0.168605804 0.349256158
vt 0.168605804 0.349256158
vt 0.168605804 0.349256158
vt 0.168605804 0.349256158
vt 0.168605804 0.349256158
vt 0.168605804 0.349256158
vt 0.168605804 0.349256158
vt 0.168605804 0.349256158
vt 0.168605804 0.349256158
vt 0.168605804 0.349256158
vt 0.168605804 0.349256158
vt 0.168605804 0.349256158
vt 0.168605745 0.349256158
vt 0.168605745 0.349256158
vt 0.168605745 0.349256158
vt 0.168605745 0.349256158
vt 0.168605745 0.349256158
vt 0.168605745 0.349256158
vt 0.168605745 0.349256158
vt 0.168605745 0.349256158
vt 0.168605745 0.349256158
vt 0.168605745 0.349256158
vt 0.168605745 0.349256158
vt 0.168605745 0.349256158
vt 0.168605745 0.349256158
vt 0.168605745 0.349256158
vt 0.168605745 0.349256158
vt 0.168605745 0.349256158
vt 0.168605745 0.349256158
vn 0.014537 -0.995417 -0.094519
vn 0.012398 -0.996820 0.078720
vn 0.068640 -0.990019 0.123089
vn -0.007744 -0.996841 0.079044
vn -0.005720 -0.995676 -0.092717
vn -0.019809 -0.995057 0.097309
vn -0.000000 -0.948228 -0.317590
vn -0.000000 -0.948228 -0.317590
vn -0.363718 0.923799 -0.119601
vn -0.233718 0.970195 0.064012
vn -0.370150 0.919933 -0.129273
vn -0.444303 0.861444 -0.245987
vn -0.853239 -0.332518 -0.401765
vn -0.969837 -0.091745 -0.225828
vn -0.976029 -0.164926 -0.142011
vn -0.997356 -0.014104 -0.071289
vn -0.985292 0.108476 -0.132030
vn -0.975373 0.212083 -0.060561
vn -0.996467 -0.076951 0.033646
vn -0.992314 -0.122648 -0.016444
vn -0.978345 0.081726 0.190162
vn -0.182349 0.737333 -0.650453
vn -0.000000 0.744285 -0.667863
vn -0.255461 0.501480 -0.826594
vn -0.000000 0.479219 -0.877695
vn -0.114419 0.141415 -0.983316
vn 0.114419 0.141413 -0.983316
vn 0.255462 0.501477 -0.826595
vn 0.182349 0.737333 -0.650453
vn 0.370150 0.919933 -0.129273
vn 0.233718 0.970195 0.064011
vn 0.363718 0.923799 -0.119601
vn 0.444303 0.861444 -0.245987
vn 0.957601 0.286548 0.029835
vn 0.967810 0.249756 -0.031086
vn 0.931467 0.341498 0.125490
vn 0.973407 0.176608 -0.145904
vn -0.957598 0.286559 0.029836
vn -0.931464 0.341508 0.125489
vn -0.967807 0.249767 -0.031085
vn -0.973405 0.176620 -0.145902
vn 0.853239 -0.332518 -0.401765
vn 0.973760 -0.190856 -0.123954
vn 0.967553 -0.093656 -0.234670
vn 0.996353 -0.021487 -0.082583
vn 0.984536 0.112813 -0.134022
vn 0.975981 0.209483 -0.059818
vn 0.992661 -0.103930 0.061827
vn 0.985136 0.065723 0.158708
vn 0.974354 -0.215039 0.066281
vn -0.000000 0.999011 0.044462
vn -0.000000 0.999011 0.044462
vn -0.000000 0.999011 0.044462
vn -0.000000 0.999011 0.044462
vn 0.031422 0.998299 0.049116
vn 0.093936 0.991323 0.091945
vn 0.170230 0.982471 0.075978
vn 0.179808 0.978949 0.096578
vn 0.196490 0.980428 0.012316
vn -0.965910 -0.245993 -0.080657
vn -0.953300 -0.198641 0.227508
vn -0.958796 -0.281221 0.040308
vn -0.663263 -0.703141 -0.256270
vn -0.750006 -0.534712 -0.389325
vn -0.909785 -0.209891 -0.358102
vn -0.264606 -0.928792 -0.259479
vn -0.131200 -0.976869 -0.168862
vn -0.119549 -0.974302 -0.190901
vn -0.976845 -0.020266 -0.212985
vn -0.996168 -0.035292 0.080017
vn -0.976845 -0.020266 -0.212985
vn -0.996168 -0.035292 0.080019
vn -0.929373 -0.047258 0.366104
vn -0.929373 -0.047258 0.366104
vn 0.031422 0.998299 0.049116
vn 0.143167 0.978972 -0.145320
vn 0.055019 0.997804 0.036872
vn 0.152258 0.975242 -0.160376
vn -0.116508 0.977493 -0.175878
vn -0.121253 0.976075 -0.180484
vn -0.238149 0.970666 0.033049
vn -0.238575 0.970900 0.020874
vn -0.253024 0.961102 0.110734
vn -0.259442 0.959471 0.110021
vn 0.923686 -0.228695 -0.307412
vn 0.923535 -0.218751 -0.315009
vn 0.923530 -0.249563 -0.291222
vn 0.922789 -0.198571 -0.330196
vn 0.029244 0.265468 0.963676
vn 0.011662 0.151494 0.988389
vn 0.063004 0.275874 0.959127
vn -0.003472 0.184103 0.982901
vn -0.000000 -0.082325 0.996606
vn -0.000000 -0.082325 0.996606
vn -0.001063 0.300794 0.953689
vn -0.081171 0.350809 0.932922
vn -0.031422 0.998299 0.049116
vn -0.170229 0.982471 0.075978
vn -0.093936 0.991323 0.091945
vn -0.179808 0.978949 0.096578
vn -0.196490 0.980428 0.012316
vn 0.253025 0.961102 0.110734
vn 0.259443 0.959471 0.110021
vn 0.238575 0.970900 0.020874
vn 0.238149 0.970666 0.033049
vn 0.116508 0.977493 -0.175878
vn 0.121253 0.976075 -0.180484
vn -0.152258 0.975242 -0.160376
vn -0.143167 0.978972 -0.145320
vn -0.055019 0.997804 0.036872
vn -0.031422 0.998299 0.049116
vn 0.965910 -0.245993 -0.080657
vn 0.958796 -0.281221 0.040308
vn 0.953300 -0.198641 0.227508
vn 0.663263 -0.703141 -0.256270
vn 0.750006 -0.534712 -0.389325
vn 0.909785 -0.209891 -0.358102
vn 0.264606 -0.928792 -0.259479
vn 0.131200 -0.976869 -0.168862
vn 0.119549 -0.974302 -0.190901
vn -0.968695 0.018315 0.247578
vn -0.968695 0.018309 0.247578
vn -0.968695 0.018309 0.247578
vn -0.968695 0.018316 0.247578
vn -0.119323 -0.272967 -0.954595
vn -0.099185 -0.258282 -0.960964
vn -0.142219 -0.289513 -0.946550
vn -0.076621 -0.241683 -0.967326
vn -0.923535 -0.218751 -0.315009
vn -0.923686 -0.228695 -0.307412
vn -0.923530 -0.249563 -0.291222
vn -0.922789 -0.198571 -0.330196
vn 0.008956 0.991455 0.130144
vn 0.010522 0.993264 0.115391
vn 0.006805 0.993932 0.109789
vn -0.005097 0.987506 0.157501
vn -0.019780 0.983336 0.180717
vn 0.968695 0.018309 0.247578
vn 0.968695 0.018315 0.247578
vn 0.968695 0.018308 0.247578
vn 0.968695 0.018316 0.247578
vn 0.996169 -0.035290 0.080017
vn 0.976845 -0.020271 -0.212985
vn 0.976845 -0.020271 -0.212985
vn 0.996168 -0.035290 0.080019
vn 0.929373 -0.047258 0.366104
vn 0.929373 -0.047258 0.366104
vn -0.103494 0.157704 0.982048
vn -0.099455 -0.003591 0.995036
vn -0.035196 0.016394 0.999246
vn -0.045693 0.023156 0.998687
vn -0.004451 0.190797 0.981619
vn -0.016292 0.013826 0.999772
vn 0.008267 0.061228 0.998090
vn 0.129139 -0.047644 0.990481
vn -0.090033 0.135608 0.986663
vn 0.162802 0.065790 0.984463
vn 0.126154 0.209528 0.969630
vn -0.084997 -0.046291 0.995305
vn -0.084998 -0.046297 0.995305
vn -0.084996 -0.046290 0.995305
vn -0.084998 -0.046299 0.995305
vn 0.099185 -0.258282 -0.960964
vn 0.119322 -0.272967 -0.954595
vn 0.142219 -0.289513 -0.946550
vn 0.076620 -0.241683 -0.967326
vn 0.084997 -0.046298 0.995305
vn 0.084998 -0.046291 0.995305
vn 0.084996 -0.046299 0.995305
vn 0.084999 -0.046289 0.995305
vn 0.222427 -0.907389 0.356610
vn 0.179819 -0.919970 0.348312
vn 0.305529 -0.876974 0.370902
vn -0.136067 -0.953855 0.267670
vn 0.329733 -0.303538 -0.893947
vn 0.325849 -0.342924 -0.881037
vn 0.323893 -0.360663 -0.874652
vn 0.331520 -0.282941 -0.900022
vn -0.913628 -0.371508 -0.165126
vn -0.738157 -0.520736 -0.428904
vn -0.713544 -0.502667 -0.488039
vn -0.940358 -0.336872 -0.047380
vn -0.968678 -0.154761 0.194196
vn -0.961680 -0.149832 0.229614
vn -0.273352 0.484802 0.830810
vn -0.261970 0.475404 0.839859
vn -0.252042 0.467143 0.847498
vn -0.281999 0.491889 0.823724
vn -0.305718 0.781632 -0.543679
vn -0.314174 0.784297 -0.534951
vn -0.635204 0.553177 -0.538991
vn -0.176337 0.816568 -0.549656
vn -0.165343 0.811630 -0.560285
vn 0.817148 0.467918 0.336632
vn 0.816848 0.468350 0.336760
vn 0.833234 0.444042 0.329466
vn 0.800382 0.491330 0.343487
vn -0.222427 -0.907389 0.356610
vn -0.305529 -0.876974 0.370902
vn -0.179819 -0.919970 0.348312
vn 0.136067 -0.953855 0.267670
vn -0.329733 -0.303538 -0.893947
vn -0.323893 -0.360663 -0.874652
vn -0.325849 -0.342924 -0.881037
vn -0.331520 -0.282941 -0.900022
vn 0.913627 -0.371508 -0.165126
vn 0.713543 -0.502667 -0.488039
vn 0.738157 -0.520736 -0.428904
vn 0.940358 -0.336872 -0.047380
vn 0.968678 -0.154761 0.194196
vn 0.961680 -0.149832 0.229614
vn 0.273352 0.484802 0.830810
vn 0.252042 0.467143 0.847498
vn 0.261970 0.475404 0.839859
vn 0.281999 0.491889 0.823724
vn 0.305718 0.781632 -0.543679
vn 0.635204 0.553177 -0.538991
vn 0.314174 0.784297 -0.534951
vn 0.176337 0.816568 -0.549656
vn 0.165343 0.811630 -0.560285
vn -0.817148 0.467919 0.336632
vn -0.833233 0.444043 0.329466
vn -0.816848 0.468350 0.336760
vn -0.800382 0.491330 0.343487
vn -0.996588 -0.014191 0.081310
vn -0.998093 -0.019150 0.058682
vn -0.994753 0.019411 0.100443
vn -0.998607 -0.008773 0.052031
vn -1.000000 0.000000 -0.000000
vn -0.994970 0.031897 0.094964
vn -0.992309 0.104132 -0.066936
vn -0.984443 0.161664 -0.068824
vn -0.982013 0.184581 -0.039754
vn 0.982149 0.170467 -0.079527
vn 0.990796 0.106718 -0.083272
vn 0.978209 0.203419 -0.041564
vn 0.994700 0.032541 0.097533
vn 0.994816 0.023876 0.098845
vn 0.998597 -0.010747 0.051847
vn 0.998700 -0.016428 0.048261
vn 1.000000 0.000000 -0.000000
vn 0.996578 -0.002500 0.082625
vn -0.957957 0.285530 0.028123
vn -0.960558 0.274029 -0.047285
vn -0.960465 0.272159 -0.058617
vn -0.956885 0.287442 0.041813
vn 0.960789 0.273503 -0.045611
vn 0.957092 0.286955 0.040407
vn 0.958163 0.284967 0.026784
vn 0.960732 0.271571 -0.056947
vn -0.001305 0.990086 0.140455
vn -0.000389 0.989736 0.142911
vn -0.000000 0.989585 0.143951
vn -0.001685 0.990229 0.139438
vn -0.001364 0.942486 0.334242
vn 0.000856 0.995525 0.094499
vn -0.006476 0.994842 0.101229
vn -0.005563 0.930149 0.367141
vn 0.008307 0.994797 0.101540
vn -0.012668 0.638428 0.769577
vn -0.000864 0.596380 0.802702
vn 0.002273 0.205209 0.978716
vn 0.033484 0.342058 0.939082
vn -0.010748 0.218356 0.975810
vn -0.044424 0.362362 0.930978
vn -0.007763 -0.054334 0.998493
vn -0.010719 -0.057012 0.998316
vn 0.123968 0.972003 -0.199604
vn 0.125182 0.971015 -0.203615
vn 0.124888 0.971256 -0.202644
vn 0.123680 0.972235 -0.198653
vn -0.123427 0.970109 -0.208938
vn -0.123427 0.970109 -0.208938
vn -0.123427 0.970109 -0.208938
vn -0.123427 0.970109 -0.208938
vn -0.050428 -0.998727 -0.001299
vn -0.080236 -0.996683 0.013600
vn -0.097345 -0.994535 0.037741
vn 0.035321 -0.998990 0.027783
vn 0.045333 -0.998187 0.039595
vn 0.084202 -0.995928 0.032209
vn 0.081732 -0.996287 0.027057
vn -0.000000 -0.116617 -0.993177
vn 0.073052 -0.350082 -0.933866
vn 0.143438 -0.062370 -0.987692
vn -0.073052 -0.350082 -0.933866
vn 0.156177 0.121699 -0.980203
vn -0.143438 -0.062370 -0.987692
vn -0.000000 0.104141 -0.994563
vn -0.156177 0.121699 -0.980203
vn -0.055908 0.147221 0.987522
vn -0.029839 -0.060467 0.997724
vn -0.022836 0.027447 0.999362
vn 0.060424 0.144224 0.987699
vn 0.013728 0.131302 0.991247
vn 0.061947 -0.032202 0.997560
vn -0.134888 0.202995 0.969844
vn -0.001026 -0.037995 0.999277
vn -0.142581 0.020330 0.989574
vn -0.114793 -0.126527 0.985299
vn -0.000000 -0.017452 -0.999848
vn -0.000000 -0.017452 -0.999848
vn -0.000000 -0.017452 -0.999848
vn -0.000000 -0.017452 -0.999848
vn -0.000000 -0.017452 -0.999848
vn -0.000000 -0.017452 -0.999848
vn 0.985786 -0.086331 0.144125
vn 0.974201 0.080098 0.210990
vn 0.976741 -0.189918 0.099541
vn 0.964454 -0.254685 0.070454
vn -0.008882 0.986939 0.160851
vn -0.049600 0.984136 0.170339
vn 0.090384 0.986501 0.136550
vn 0.114675 0.984814 0.130349
vn -0.942158 0.329144 0.063265
vn -0.967030 0.192284 0.166971
vn -0.954567 0.280193 0.101454
vn -0.968144 0.110301 0.224791
vn -0.161122 -0.919061 0.359677
vn -0.152669 -0.919785 0.361508
vn -0.183479 -0.916805 0.354689
vn -0.187953 -0.916294 0.353666
vn 0.010944 0.390270 0.920636
vn -0.018079 0.373824 0.927323
vn 0.033818 0.402917 0.914611
vn 0.066739 0.420634 0.904772
vn -0.980581 -0.099585 0.168948
vn -0.976454 -0.171234 0.131208
vn -0.957872 0.103167 0.268026
vn -0.963367 -0.254132 0.085677
vn -0.000038 0.978763 0.204996
vn -0.083678 0.980227 0.179310
vn 0.049065 0.974413 0.219344
vn -0.113905 0.978901 0.169639
vn 0.157773 -0.890750 0.426230
vn 0.177422 -0.889453 0.421182
vn 0.148158 -0.891249 0.428630
vn 0.182637 -0.889046 0.419810
vn -0.010944 0.390270 0.920636
vn -0.033818 0.402918 0.914611
vn 0.018079 0.373824 0.927323
vn -0.066739 0.420634 0.904772
vn 0.955308 0.129321 0.265825
vn 0.957754 0.217305 0.188380
vn 0.952167 0.273706 0.135880
vn 0.940763 0.328986 0.082058
vn -0.161112 0.758809 -0.631072
vn -0.172694 0.745927 -0.643249
vn -0.162464 0.757327 -0.632505
vn -0.151285 0.769410 -0.620581
vn 0.161111 0.758809 -0.631072
vn 0.151285 0.769410 -0.620581
vn 0.162464 0.757326 -0.632505
vn 0.172694 0.745927 -0.643249
vn -0.000000 0.943389 -0.331687
vn -0.000000 0.999979 -0.006479
vn -0.000000 0.999979 -0.006479
vn -0.000000 0.998785 0.049272
vn -0.000000 0.998785 0.049273
vn -0.999418 -0.033705 -0.005262
vn -0.995416 -0.088919 0.035221
vn -0.980331 -0.172149 0.096515
vn -0.997071 0.044385 -0.062277
vn 0.999418 -0.033705 -0.005262
vn 0.980331 -0.172149 0.096515
vn 0.995416 -0.088919 0.035221
vn 0.997071 0.044385 -0.062277
vn -0.000000 -0.110023 -0.993929
vn 0.095259 -0.149367 -0.984183
vn 0.239603 -0.065872 -0.968634
vn -0.095259 -0.149367 -0.984183
vn -0.239603 -0.065872 -0.968634
vn -0.000000 0.287668 0.957730
vn -0.000000 0.287668 0.957730
vn -0.000000 0.287668 0.957730
vn -0.000000 0.287668 0.957730
vn 0.031422 0.998299 0.049116
vn 0.093936 0.991323 0.091945
vn 0.170229 0.982471 0.075978
vn 0.179808 0.978949 0.096578
vn 0.196490 0.980428 0.012316
vn -0.031422 0.998299 0.049116
vn -0.170229 0.982471 0.075978
vn -0.093936 0.991323 0.091945
vn -0.179808 0.978949 0.096578
vn -0.196490 0.980428 0.012316
vn 0.222427 -0.907390 0.356610
vn 0.179819 -0.919970 0.348312
vn 0.305529 -0.876974 0.370902
vn -0.136068 -0.953854 0.267671
vn 0.329734 -0.303538 -0.893947
vn 0.325850 -0.342924 -0.881036
vn 0.323894 -0.360663 -0.874651
vn 0.331520 -0.282941 -0.900022
vn -0.913628 -0.371508 -0.165126
vn -0.738157 -0.520736 -0.428904
vn -0.713543 -0.502666 -0.488039
vn -0.940358 -0.336872 -0.047380
vn -0.968678 -0.154760 0.194196
vn -0.961680 -0.149831 0.229614
vn -0.273352 0.484802 0.830810
vn -0.261970 0.475404 0.839859
vn -0.252041 0.467143 0.847498
vn -0.281999 0.491890 0.823724
vn -0.305718 0.781633 -0.543679
vn -0.314173 0.784298 -0.534951
vn -0.635203 0.553178 -0.538992
vn -0.176337 0.816568 -0.549657
vn -0.165342 0.811629 -0.560286
vn 0.817148 0.467919 0.336632
vn 0.816848 0.468350 0.336760
vn 0.833234 0.444042 0.329465
vn 0.800382 0.491330 0.343488
vn -0.222427 -0.907390 0.356610
vn -0.305529 -0.876974 0.370902
vn -0.179819 -0.919970 0.348312
vn 0.136068 -0.953854 0.267671
vn -0.329734 -0.303538 -0.893947
vn -0.323894 -0.360663 -0.874651
vn -0.325850 -0.342924 -0.881036
vn -0.331520 -0.282941 -0.900022
vn 0.913628 -0.371507 -0.165126
vn 0.713544 -0.502666 -0.488039
vn 0.738157 -0.520735 -0.428904
vn 0.940358 -0.336872 -0.047380
vn 0.968678 -0.154760 0.194196
vn 0.961680 -0.149831 0.229614
vn 0.273352 0.484802 0.830810
vn 0.252041 0.467143 0.847498
vn 0.261970 0.475404 0.839859
vn 0.281999 0.491890 0.823724
vn 0.305718 0.781633 -0.543679
vn 0.635202 0.553178 -0.538992
vn 0.314174 0.784298 -0.534951
vn 0.176337 0.816568 -0.549657
vn 0.165342 0.811629 -0.560286
vn -0.817148 0.467918 0.336632
vn -0.833234 0.444042 0.329465
vn -0.816848 0.468350 0.336760
vn -0.800382 0.491330 0.343487
vn -0.205307 0.753945 -0.624033
vn -0.200939 0.752041 -0.627740
vn -0.203972 0.753366 -0.625169
vn -0.207737 0.754993 -0.621957
vn 0.205307 0.753945 -0.624032
vn 0.207738 0.754993 -0.621957
vn 0.203972 0.753366 -0.625168
vn 0.200938 0.752041 -0.627740
vn -0.995525 -0.005735 0.094322
vn -0.998431 -0.026277 0.049455
vn -0.994536 0.017032 0.102992
vn -0.999082 -0.018722 0.038535
vn -0.999672 -0.008762 -0.024075
vn -0.994692 0.026137 0.099526
vn -0.992145 0.104048 -0.069437
vn -0.984144 0.162704 -0.070630
vn -0.981683 0.186052 -0.041022
vn 0.981746 0.171770 -0.081671
vn 0.990570 0.106570 -0.086101
vn 0.977725 0.205457 -0.042920
vn 0.994747 0.032401 0.097104
vn 0.994182 0.026296 0.104454
vn 0.998161 -0.006801 0.060241
vn 0.997941 -0.011545 0.063086
vn 0.999951 0.005894 0.007909
vn 0.994591 0.006075 0.103690
vn -0.958480 0.283769 0.028132
vn -0.960940 0.272498 -0.048373
vn -0.960815 0.270689 -0.059684
vn -0.957456 0.285572 0.041541
vn 0.961175 0.271972 -0.046632
vn 0.957659 0.285093 0.040145
vn 0.958682 0.283215 0.026798
vn 0.961087 0.270102 -0.057943
vn -0.001305 0.990086 0.140456
vn -0.000389 0.989735 0.142911
vn -0.000000 0.989585 0.143951
vn -0.001685 0.990229 0.139439
vn -0.006077 0.944856 0.327430
vn 0.000096 0.995978 0.089594
vn -0.022488 0.993341 0.112997
vn -0.002382 0.932777 0.360446
vn 0.019866 0.994070 0.106911
vn -0.012867 0.647101 0.762296
vn -0.001004 0.604652 0.796489
vn 0.002239 0.206004 0.978549
vn 0.033875 0.346045 0.937606
vn -0.010755 0.219046 0.975655
vn -0.044734 0.365870 0.929590
vn -0.007772 -0.059048 0.998225
vn -0.010715 -0.061695 0.998038
vn 0.123506 0.971170 -0.203900
vn 0.124752 0.970117 -0.208112
vn 0.124458 0.970367 -0.207118
vn 0.123218 0.971410 -0.202926
vn -0.122948 0.969135 -0.213683
vn -0.122948 0.969135 -0.213683
vn -0.122948 0.969135 -0.213683
vn -0.122948 0.969135 -0.213683
vn -0.058992 -0.997694 0.033570
vn -0.086292 -0.995692 0.033935
vn -0.096936 -0.994090 0.048875
vn 0.045985 -0.995322 0.084971
vn 0.057376 -0.993944 0.093720
vn 0.089815 -0.994311 0.057262
vn 0.080678 -0.996043 0.037267
vn -0.057300 0.146433 0.987560
vn -0.034696 -0.066549 0.997180
vn -0.024795 0.026507 0.999341
vn 0.061087 0.148278 0.987057
vn 0.014197 0.123317 0.992266
vn 0.062922 -0.029898 0.997570
vn -0.135643 0.199697 0.970424
vn -0.003739 -0.037579 0.999287
vn -0.145427 0.024308 0.989070
vn -0.119105 -0.121367 0.985436
f 1/1/1 2/2/2 3/3/3
f 4/4/4 2/2/2 1/1/1
f 5/5/5 4/4/4 1/1/1
f 4/4/4 5/5/5 6/6/6
f 7/7/7 5/5/5 1/1/1
f 7/7/7 8/8/8 5/5/5
f 9/9/9 10/10/10 11/11/11
f 11/11/11 12/12/12 9/9/9
f 13/13/13 14/14/14 15/15/15
f 14/14/14 16/16/16 15/15/15
f 16/16/16 14/14/14 17/17/17
f 16/16/16 17/17/17 18/18/18
f 15/15/15 16/16/16 19/19/19
f 15/15/15 19/19/19 20/20/20
f 19/19/19 16/16/16 21/21/21
f 22/22/22 23/23/23 24/24/24
f 23/23/23 25/25/25 24/24/24
f 24/24/24 25/25/25 26/26/26
f 26/26/26 25/25/25 27/27/27
f 27/27/27 25/25/25 28/28/28
f 23/23/23 28/28/28 25/25/25
f 23/23/23 29/29/29 28/28/28
f 30/30/30 31/31/31 32/32/32
f 30/30/30 32/32/32 33/33/33
f 34/34/34 35/35/35 36/36/36
f 34/34/34 37/37/37 35/35/35
f 38/38/38 39/39/39 40/40/40
f 40/40/40 41/41/41 38/38/38
f 42/42/42 43/43/43 44/44/44
f 44/44/44 43/43/43 45/45/45
f 46/46/46 44/44/44 45/45/45
f 46/46/46 45/45/45 47/47/47
f 45/45/45 43/43/43 48/48/48
f 45/45/45 48/48/48 49/49/49
f 48/48/48 43/43/43 50/50/50
f 51/51/51 52/52/52 53/53/53
f 51/51/51 54/54/54 52/52/52
f 55/55/55 56/56/56 57/57/57
f 56/56/56 58/58/58 57/57/57
f 57/57/57 58/58/58 59/59/59
f 60/60/60 61/61/61 62/62/62
f 62/62/62 63/63/63 60/60/60
f 60/60/60 63/63/63 64/64/64
f 60/60/60 64/64/64 65/65/65
f 64/64/64 63/63/63 66/66/66
f 67/67/67 66/66/66 63/63/63
f 67/67/67 63/63/63 68/68/68
f 69/69/69 70/70/70 71/71/71
f 69/69/69 72/72/72 70/70/70
f 73/73/73 70/70/70 72/72/72
f 73/73/73 72/72/72 74/74/74
f 75/75/75 76/76/76 77/77/77
f 77/77/77 76/76/76 78/78/78
f 78/78/78 76/76/76 79/79/79
f 78/78/78 79/79/79 80/80/80
f 79/79/79 81/81/81 80/80/80
f 79/79/79 82/82/82 81/81/81
f 82/82/82 83/83/83 81/81/81
f 82/82/82 84/84/84 83/83/83
f 85/85/85 86/86/86 87/87/87
f 85/85/85 88/88/88 86/86/86
f 89/89/89 90/90/90 91/91/91
f 92/92/92 90/90/90 89/89/89
f 92/92/92 93/93/93 90/90/90
f 92/92/92 94/94/94 93/93/93
f 95/95/95 92/92/92 89/89/89
f 92/92/92 95/95/95 96/96/96
f 97/97/97 98/98/98 99/99/99
f 99/99/99 98/98/98 100/100/100
f 98/98/98 101/101/101 100/100/100
f 102/102/102 103/103/103 104/104/104
f 102/102/102 104/104/104 105/105/105
f 105/105/105 104/104/104 106/106/106
f 105/105/105 106/106/106 107/107/107
f 106/106/106 108/108/108 107/107/107
f 106/106/106 109/109/109 108/108/108
f 110/110/110 108/108/108 109/109/109
f 111/111/111 110/110/110 109/109/109
f 112/112/112 113/113/113 114/114/114
f 113/113/113 112/112/112 115/115/115
f 116/116/116 115/115/115 112/112/112
f 116/116/116 112/112/112 117/117/117
f 116/116/116 118/118/118 115/115/115
f 115/115/115 118/118/118 119/119/119
f 115/115/115 119/119/119 120/120/120
f 121/121/121 122/122/122 123/123/123
f 121/121/121 124/124/124 122/122/122
f 125/125/125 126/126/126 127/127/127
f 125/125/125 128/128/128 126/126/126
f 129/129/129 130/130/130 131/131/131
f 129/129/129 132/132/132 130/130/130
f 133/133/133 134/134/134 135/135/135
f 134/134/134 133/133/133 136/136/136
f 137/137/137 136/136/136 133/133/133
f 138/138/138 139/139/139 140/140/140
f 138/138/138 141/141/141 139/139/139
f 142/142/142 143/143/143 144/144/144
f 142/142/142 145/145/145 143/143/143
f 145/145/145 142/142/142 146/146/146
f 145/145/145 146/146/146 147/147/147
f 148/148/148 149/149/149 150/150/150
f 148/148/148 150/150/150 151/151/151
f 152/152/152 148/148/148 151/151/151
f 152/152/152 151/151/151 153/153/153
f 151/151/151 150/150/150 154/154/154
f 154/154/154 153/153/153 151/151/151
f 154/154/154 150/150/150 155/155/155
f 154/154/154 156/156/156 153/153/153
f 154/154/154 155/155/155 157/157/157
f 154/154/154 158/158/158 156/156/156
f 154/154/154 157/157/157 158/158/158
f 159/159/159 160/160/160 161/161/161
f 159/159/159 162/162/162 160/160/160
f 163/163/163 164/164/164 165/165/165
f 163/163/163 166/166/166 164/164/164
f 167/167/167 168/168/168 169/169/169
f 167/167/167 170/170/170 168/168/168
f 171/171/171 172/172/172 173/173/173
f 174/174/174 172/172/172 171/171/171
f 175/175/175 176/176/176 177/177/177
f 175/175/175 178/178/178 176/176/176
f 179/179/179 180/180/180 181/181/181
f 179/179/179 182/182/182 180/180/180
f 183/183/183 182/182/182 179/179/179
f 183/183/183 184/184/184 182/182/182
f 185/185/185 186/186/186 187/187/187
f 185/185/185 188/188/188 186/186/186
f 189/189/189 190/190/190 191/191/191
f 192/192/192 190/190/190 189/189/189
f 193/193/193 192/192/192 189/189/189
f 194/194/194 195/195/195 196/196/196
f 194/194/194 197/197/197 195/195/195
f 198/198/198 199/199/199 200/200/200
f 201/201/201 198/198/198 200/200/200
f 202/202/202 203/203/203 204/204/204
f 202/202/202 204/204/204 205/205/205
f 206/206/206 207/207/207 208/208/208
f 206/206/206 208/208/208 209/209/209
f 210/210/210 206/206/206 209/209/209
f 210/210/210 209/209/209 211/211/211
f 212/212/212 213/213/213 214/214/214
f 212/212/212 214/214/214 215/215/215
f 216/216/216 217/217/217 218/218/218
f 219/219/219 216/216/216 218/218/218
f 220/220/220 216/216/216 219/219/219
f 221/221/221 222/222/222 223/223/223
f 221/221/221 223/223/223 224/224/224
f 225/225/225 226/226/226 227/227/227
f 227/227/227 226/226/226 228/228/228
f 228/228/228 226/226/226 229/229/229
f 230/230/230 227/227/227 228/228/228
f 230/230/230 231/231/231 227/227/227
f 232/232/232 231/231/231 230/230/230
f 233/233/233 231/231/231 232/232/232
f 234/234/234 235/235/235 236/236/236
f 237/237/237 235/235/235 234/234/234
f 238/238/238 235/235/235 237/237/237
f 238/238/238 237/237/237 239/239/239
f 239/239/239 240/240/240 238/238/238
f 240/240/240 239/239/239 241/241/241
f 238/238/238 240/240/240 242/242/242
f 243/243/243 244/244/244 245/245/245
f 243/243/243 246/246/246 244/244/244
f 247/247/247 248/248/248 249/249/249
f 247/247/247 249/249/249 250/250/250
f 251/251/251 252/252/252 253/253/253
f 251/251/251 254/254/254 252/252/252
f 255/255/255 256/256/256 257/257/257
f 258/258/258 256/256/256 255/255/255
f 256/256/256 258/258/258 259/259/259
f 258/258/258 255/255/255 260/260/260
f 258/258/258 260/260/260 261/261/261
f 261/261/261 260/260/260 262/262/262
f 263/263/263 261/261/261 262/262/262
f 262/262/262 260/260/260 264/264/264
f 264/264/264 260/260/260 265/265/265
f 266/266/266 262/262/262 264/264/264
f 266/266/266 267/267/267 262/262/262
f 268/268/268 269/269/269 270/270/270
f 268/268/268 270/270/270 271/271/271
f 272/272/272 273/273/273 274/274/274
f 272/272/272 275/275/275 273/273/273
f 276/276/276 277/277/277 278/278/278
f 276/276/276 279/279/279 277/277/277
f 280/280/280 279/279/279 276/276/276
f 279/279/279 280/280/280 281/281/281
f 281/281/281 280/280/280 282/282/282
f 283/283/283 284/284/284 285/285/285
f 284/284/284 283/283/283 286/286/286
f 283/283/283 285/285/285 287/287/287
f 283/283/283 288/288/288 286/286/286
f 283/283/283 287/287/287 289/289/289
f 283/283/283 290/290/290 288/288/288
f 283/283/283 289/289/289 290/290/290
f 291/291/291 292/292/292 293/293/293
f 291/291/291 293/293/293 294/294/294
f 293/293/293 292/292/292 295/295/295
f 296/296/296 294/294/294 293/293/293
f 293/293/293 295/295/295 297/297/297
f 296/296/296 293/293/293 298/298/298
f 293/293/293 297/297/297 299/299/299
f 293/293/293 300/300/300 298/298/298
f 293/293/293 299/299/299 300/300/300
f 301/301/301 302/302/302 303/303/303
f 304/304/304 305/305/305 306/306/306
f 307/307/307 308/308/308 309/309/309
f 307/307/307 309/309/309 310/310/310
f 311/311/311 312/312/312 313/313/313
f 311/311/311 313/313/313 314/314/314
f 315/315/315 316/316/316 317/317/317
f 318/318/318 317/317/317 316/316/316
f 319/319/319 320/320/320 321/321/321
f 319/319/319 321/321/321 322/322/322
f 323/323/323 324/324/324 325/325/325
f 323/323/323 325/325/325 326/326/326
f 327/327/327 328/328/328 329/329/329
f 327/327/327 330/330/330 328/328/328
f 331/331/331 332/332/332 333/333/333
f 331/331/331 334/334/334 332/332/332
f 335/335/335 336/336/336 337/337/337
f 335/335/335 338/338/338 336/336/336
f 339/339/339 340/340/340 341/341/341
f 339/339/339 342/342/342 340/340/340
f 343/343/343 344/344/344 345/345/345
f 346/346/346 345/345/345 344/344/344
f 347/347/347 348/348/348 349/349/349
f 347/347/347 349/349/349 350/350/350
f 351/351/351 352/352/352 353/353/353
f 351/351/351 353/353/353 354/354/354
f 355/355/355 356/356/356 357/357/357
f 357/357/357 356/356/356 358/358/358
f 357/357/357 358/358/358 359/359/359
f 360/360/360 361/361/361 362/362/362
f 360/360/360 363/363/363 361/361/361
f 364/364/364 365/365/365 366/366/366
f 364/364/364 366/366/366 367/367/367
f 368/368/368 369/369/369 370/370/370
f 369/369/369 368/368/368 371/371/371
f 372/372/372 371/371/371 368/368/368
f 373/373/373 374/374/374 375/375/375
f 373/373/373 375/375/375 376/376/376
f 377/377/377 378/378/378 379/379/379
f 378/378/378 380/380/380 379/379/379
f 379/379/379 380/380/380 381/381/381
f 382/382/382 383/383/383 384/384/384
f 384/384/384 383/383/383 385/385/385
f 383/383/383 386/386/386 385/385/385
f 387/387/387 388/388/388 389/389/389
f 390/390/390 388/388/388 387/387/387
f 391/391/391 392/392/392 393/393/393
f 391/391/391 394/394/394 392/392/392
f 395/395/395 396/396/396 397/397/397
f 395/395/395 398/398/398 396/396/396
f 399/399/399 398/398/398 395/395/395
f 399/399/399 400/400/400 398/398/398
f 401/401/401 402/402/402 403/403/403
f 401/401/401 404/404/404 402/402/402
f 405/405/405 406/406/406 407/407/407
f 408/408/408 406/406/406 405/405/405
f 409/409/409 408/408/408 405/405/405
f 410/410/410 411/411/411 412/412/412
f 410/410/410 413/413/413 411/411/411
f 414/414/414 415/415/415 416/416/416
f 417/417/417 414/414/414 416/416/416
f 418/418/418 419/419/419 420/420/420
f 418/418/418 420/420/420 421/421/421
f 422/422/422 423/423/423 424/424/424
f 422/422/422 424/424/424 425/425/425
f 426/426/426 422/422/422 425/425/425
f 426/426/426 425/425/425 427/427/427
f 428/428/428 429/429/429 430/430/430
f 428/428/428 430/430/430 431/431/431
f 432/432/432 433/433/433 434/434/434
f 435/435/435 432/432/432 434/434/434
f 436/436/436 432/432/432 435/435/435
f 437/437/437 438/438/438 439/439/439
f 437/437/437 439/439/439 440/440/440
f 441/441/441 442/442/442 443/443/443
f 441/441/441 443/443/443 444/444/444
f 445/445/445 446/446/446 447/447/447
f 445/445/445 447/447/447 448/448/448
f 449/449/449 450/450/450 451/451/451
f 451/451/451 450/450/450 452/452/452
f 452/452/452 450/450/450 453/453/453
f 454/454/454 451/451/451 452/452/452
f 454/454/454 455/455/455 451/451/451
f 456/456/456 455/455/455 454/454/454
f 457/457/457 455/455/455 456/456/456
f 458/458/458 459/459/459 460/460/460
f 461/461/461 459/459/459 458/458/458
f 462/462/462 459/459/459 461/461/461
f 462/462/462 461/461/461 463/463/463
f 463/463/463 464/464/464 462/462/462
f 464/464/464 463/463/463 465/465/465
f 462/462/462 464/464/464 466/466/466
f 467/467/467 468/468/468 469/469/469
f 467/467/467 470/470/470 468/468/468
f 471/471/471 472/472/472 473/473/473
f 471/471/471 473/473/473 474/474/474
f 475/475/475 476/476/476 477/477/477
f 475/475/475 478/478/478 476/476/476
f 479/479/479 480/480/480 481/481/481
f 482/482/482 480/480/480 479/479/479
f 480/480/480 482/482/482 483/483/483
f 482/482/482 479/479/479 484/484/484
f 482/482/482 484/484/484 485/485/485
f 485/485/485 484/484/484 486/486/486
f 487/487/487 485/485/485 486/486/486
f 486/486/486 484/484/484 488/488/488
f 488/488/488 484/484/484 489/489/489
f 490/490/490 486/486/486 488/488/488
f 490/490/490 491/491/491 486/486/486
f 492/492/492 493/493/493 494/494/494
f 492/492/492 494/494/494 495/495/495
f 496/496/496 497/497/497 498/498/498
f 496/496/496 499/499/499 497/497/497
f 500/500/500 501/501/501 502/502/502
f 500/500/500 503/503/503 501/501/501
f 504/504/504 503/503/503 500/500/500
f 503/503/503 504/504/504 505/505/505
f 505/505/505 504/504/504 506/506/506
f 507/507/507 508/508/508 509/509/509
f 507/507/507 509/509/509 510/510/510
f 509/509/509 508/508/508 511/511/511
f 512/512/512 510/510/510 509/509/509
f 509/509/509 511/511/511 513/513/513
f 512/512/512 509/509/509 514/514/514
f 509/509/509 513/513/513 515/515/515
f 509/509/509 516/516/516 514/514/514
f 509/509/509 515/515/515 516/516/516
