# Authored by tools/author_fluid_art.py after notes/FLUID_ART_MEASUREMENTS.md
# Y-up metres, explicit normals, triangle-only, CLOCKWISE front (ParseObj preserves file winding); palette V-up
v -0.730000 0.000000 -0.270000
v -0.730000 0.120000 -0.270000
v -0.730000 0.000000 -0.410000
v -0.730000 0.120000 -0.410000
v 0.840000 0.000000 -0.410000
v 0.840000 0.120000 -0.410000
v 0.840000 0.000000 -0.270000
v 0.840000 0.120000 -0.270000
v -0.730000 0.000000 0.530000
v -0.730000 0.120000 0.530000
v -0.730000 0.000000 0.390000
v -0.730000 0.120000 0.390000
v 0.840000 0.000000 0.390000
v 0.840000 0.120000 0.390000
v 0.840000 0.000000 0.530000
v 0.840000 0.120000 0.530000
v -0.720000 0.120000 0.560000
v -0.720000 0.220000 0.560000
v -0.720000 0.120000 -0.400000
v -0.720000 0.220000 -0.400000
v 0.840000 0.120000 -0.400000
v 0.840000 0.220000 -0.400000
v 0.840000 0.120000 0.560000
v 0.840000 0.220000 0.560000
v -0.630000 0.210000 0.150000
v -0.630000 0.430000 0.150000
v -0.630000 0.210000 -0.150000
v -0.630000 0.430000 -0.150000
v -0.360000 0.210000 -0.150000
v -0.360000 0.430000 -0.150000
v -0.360000 0.210000 0.150000
v -0.360000 0.430000 0.150000
v -0.650000 0.810000 0.000000
v -0.650000 0.808881 0.055970
v -0.360000 0.810000 0.000000
v -0.360000 0.808881 0.055970
v -0.650000 0.792691 0.111250
v -0.360000 0.792691 0.111250
v -0.650000 0.761751 0.161751
v -0.360000 0.761751 0.161751
v -0.650000 0.717500 0.203516
v -0.360000 0.717500 0.203516
v -0.650000 0.662440 0.233030
v -0.360000 0.662440 0.233030
v -0.650000 0.600000 0.247500
v -0.360000 0.600000 0.247500
v -0.650000 0.534325 0.245104
v -0.360000 0.534325 0.245104
v -0.650000 0.470000 0.225167
v -0.360000 0.470000 0.225167
v -0.650000 0.411733 0.188267
v -0.360000 0.411733 0.188267
v -0.650000 0.364008 0.136250
v -0.360000 0.364008 0.136250
v -0.650000 0.330748 0.072146
v -0.360000 0.330748 0.072146
v -0.650000 0.315000 0.000000
v -0.360000 0.315000 0.000000
v -0.650000 0.318674 -0.075381
v -0.360000 0.318674 -0.075381
v -0.650000 0.342357 -0.148750
v -0.360000 0.342357 -0.148750
v -0.650000 0.385216 -0.214784
v -0.360000 0.385216 -0.214784
v -0.650000 0.445000 -0.268468
v -0.360000 0.445000 -0.268468
v -0.650000 0.518148 -0.305474
v -0.360000 0.518148 -0.305474
v -0.650000 0.600000 -0.322500
v -0.360000 0.600000 -0.322500
v -0.650000 0.685087 -0.317548
v -0.360000 0.685087 -0.317548
v -0.650000 0.767500 -0.290119
v -0.360000 0.767500 -0.290119
v -0.650000 0.841300 -0.241300
v -0.360000 0.841300 -0.241300
v -0.650000 0.900944 -0.173750
v -0.360000 0.900944 -0.173750
v -0.650000 0.941696 -0.091557
v -0.360000 0.941696 -0.091557
v -0.650000 0.960000 0.000000
v -0.360000 0.960000 0.000000
v -0.360000 0.600000 -0.025000
v -0.650000 0.600000 -0.025000
v -0.630000 0.410000 0.000000
v -0.630000 0.465650 0.134350
v -0.674000 0.410000 0.000000
v -0.674000 0.465650 0.134350
v -0.630000 0.600000 0.190000
v -0.674000 0.600000 0.190000
v -0.630000 0.734350 0.134350
v -0.674000 0.734350 0.134350
v -0.630000 0.790000 0.000000
v -0.674000 0.790000 0.000000
v -0.630000 0.734350 -0.134350
v -0.674000 0.734350 -0.134350
v -0.630000 0.600000 -0.190000
v -0.674000 0.600000 -0.190000
v -0.630000 0.465650 -0.134350
v -0.674000 0.465650 -0.134350
v -0.662000 0.725358 0.084500
v -0.662000 0.735858 0.102687
v -0.688000 0.725358 0.084500
v -0.688000 0.735858 0.102687
v -0.662000 0.756858 0.102687
v -0.688000 0.756858 0.102687
v -0.662000 0.767358 0.084500
v -0.688000 0.767358 0.084500
v -0.662000 0.756858 0.066313
v -0.688000 0.756858 0.066313
v -0.662000 0.735858 0.066313
v -0.688000 0.735858 0.066313
v -0.662000 0.579000 0.169000
v -0.662000 0.589500 0.187187
v -0.688000 0.579000 0.169000
v -0.688000 0.589500 0.187187
v -0.662000 0.610500 0.187187
v -0.688000 0.610500 0.187187
v -0.662000 0.621000 0.169000
v -0.688000 0.621000 0.169000
v -0.662000 0.610500 0.150813
v -0.688000 0.610500 0.150813
v -0.662000 0.589500 0.150813
v -0.688000 0.589500 0.150813
v -0.662000 0.432642 0.084500
v -0.662000 0.443142 0.102687
v -0.688000 0.432642 0.084500
v -0.688000 0.443142 0.102687
v -0.662000 0.464142 0.102687
v -0.688000 0.464142 0.102687
v -0.662000 0.474642 0.084500
v -0.688000 0.474642 0.084500
v -0.662000 0.464142 0.066313
v -0.688000 0.464142 0.066313
v -0.662000 0.443142 0.066313
v -0.688000 0.443142 0.066313
v -0.662000 0.432642 -0.084500
v -0.662000 0.443142 -0.066313
v -0.688000 0.432642 -0.084500
v -0.688000 0.443142 -0.066313
v -0.662000 0.464142 -0.066313
v -0.688000 0.464142 -0.066313
v -0.662000 0.474642 -0.084500
v -0.688000 0.474642 -0.084500
v -0.662000 0.464142 -0.102687
v -0.688000 0.464142 -0.102687
v -0.662000 0.443142 -0.102687
v -0.688000 0.443142 -0.102687
v -0.662000 0.579000 -0.169000
v -0.662000 0.589500 -0.150813
v -0.688000 0.579000 -0.169000
v -0.688000 0.589500 -0.150813
v -0.662000 0.610500 -0.150813
v -0.688000 0.610500 -0.150813
v -0.662000 0.621000 -0.169000
v -0.688000 0.621000 -0.169000
v -0.662000 0.610500 -0.187187
v -0.688000 0.610500 -0.187187
v -0.662000 0.589500 -0.187187
v -0.688000 0.589500 -0.187187
v -0.662000 0.725358 -0.084500
v -0.662000 0.735858 -0.066313
v -0.688000 0.725358 -0.084500
v -0.688000 0.735858 -0.066313
v -0.662000 0.756858 -0.066313
v -0.688000 0.756858 -0.066313
v -0.662000 0.767358 -0.084500
v -0.688000 0.767358 -0.084500
v -0.662000 0.756858 -0.102687
v -0.688000 0.756858 -0.102687
v -0.662000 0.735858 -0.102687
v -0.688000 0.735858 -0.102687
v -0.800000 0.676245 0.132060
v -0.620000 0.752490 0.000000
v -0.800000 0.752490 0.000000
v -0.620000 0.676245 0.132060
v -0.800000 0.523755 0.132060
v -0.620000 0.523755 0.132060
v -0.800000 0.447510 0.000000
v -0.620000 0.447510 0.000000
v -0.800000 0.523755 -0.132060
v -0.620000 0.523755 -0.132060
v -0.800000 0.676245 -0.132060
v -0.620000 0.676245 -0.132060
v -0.860000 0.676245 0.132060
v -0.860000 0.752490 0.000000
v -0.860000 0.523755 0.132060
v -0.860000 0.447510 0.000000
v -0.860000 0.523755 -0.132060
v -0.860000 0.676245 -0.132060
v -0.860000 0.664141 0.111095
v -0.860000 0.728281 0.000000
v -0.860000 0.535859 0.111095
v -0.860000 0.471719 0.000000
v -0.860000 0.535859 -0.111095
v -0.860000 0.664141 -0.111095
v -0.980000 0.664141 0.111095
v -0.980000 0.728281 0.000000
v -0.980000 0.535859 0.111095
v -0.980000 0.471719 0.000000
v -0.980000 0.535859 -0.111095
v -0.980000 0.664141 -0.111095
v -0.130000 0.495000 0.000000
v -0.130000 0.525754 0.074246
v -0.400000 0.495000 0.000000
v -0.400000 0.525754 0.074246
v -0.130000 0.600000 0.105000
v -0.400000 0.600000 0.105000
v -0.130000 0.674246 0.074246
v -0.400000 0.674246 0.074246
v -0.130000 0.705000 0.000000
v -0.400000 0.705000 0.000000
v -0.130000 0.674246 -0.074246
v -0.400000 0.674246 -0.074246
v -0.130000 0.600000 -0.105000
v -0.400000 0.600000 -0.105000
v -0.130000 0.525754 -0.074246
v -0.400000 0.525754 -0.074246
v -0.300000 0.210000 0.090000
v -0.300000 0.570000 0.090000
v -0.300000 0.210000 -0.090000
v -0.300000 0.570000 -0.090000
v -0.170000 0.210000 -0.090000
v -0.170000 0.570000 -0.090000
v -0.170000 0.210000 0.090000
v -0.170000 0.570000 0.090000
v 0.140000 0.557000 0.000000
v 0.140000 0.578500 0.037239
v -0.170000 0.557000 0.000000
v -0.170000 0.578500 0.037239
v 0.140000 0.621500 0.037239
v -0.170000 0.621500 0.037239
v 0.140000 0.643000 0.000000
v -0.170000 0.643000 0.000000
v 0.140000 0.621500 -0.037239
v -0.170000 0.621500 -0.037239
v 0.140000 0.578500 -0.037239
v -0.170000 0.578500 -0.037239
v 0.510000 0.360000 0.000000
v 0.510000 0.430294 0.169706
v 0.100000 0.360000 0.000000
v 0.100000 0.430294 0.169706
v 0.510000 0.600000 0.240000
v 0.100000 0.600000 0.240000
v 0.510000 0.769706 0.169706
v 0.100000 0.769706 0.169706
v 0.510000 0.840000 0.000000
v 0.100000 0.840000 0.000000
v 0.510000 0.769706 -0.169706
v 0.100000 0.769706 -0.169706
v 0.510000 0.600000 -0.240000
v 0.100000 0.600000 -0.240000
v 0.510000 0.430294 -0.169706
v 0.100000 0.430294 -0.169706
v 0.550000 0.350000 0.000000
v 0.550000 0.423223 0.176777
v 0.460000 0.350000 0.000000
v 0.460000 0.423223 0.176777
v 0.550000 0.600000 0.250000
v 0.460000 0.600000 0.250000
v 0.550000 0.776777 0.176777
v 0.460000 0.776777 0.176777
v 0.550000 0.850000 0.000000
v 0.460000 0.850000 0.000000
v 0.550000 0.776777 -0.176777
v 0.460000 0.776777 -0.176777
v 0.550000 0.600000 -0.250000
v 0.460000 0.600000 -0.250000
v 0.550000 0.423223 -0.176777
v 0.460000 0.423223 -0.176777
v 0.115000 0.210000 0.190000
v 0.115000 0.440000 0.190000
v 0.115000 0.210000 -0.190000
v 0.115000 0.440000 -0.190000
v 0.205000 0.210000 -0.190000
v 0.205000 0.440000 -0.190000
v 0.205000 0.210000 0.190000
v 0.205000 0.440000 0.190000
v 0.395000 0.210000 0.190000
v 0.395000 0.440000 0.190000
v 0.395000 0.210000 -0.190000
v 0.395000 0.440000 -0.190000
v 0.485000 0.210000 -0.190000
v 0.485000 0.440000 -0.190000
v 0.485000 0.210000 0.190000
v 0.485000 0.440000 0.190000
v 0.470000 0.833036 0.090313
v 0.470000 0.825536 0.077323
v 0.140000 0.833036 0.090313
v 0.140000 0.825536 0.077323
v 0.470000 0.810536 0.077323
v 0.140000 0.810536 0.077323
v 0.470000 0.803036 0.090313
v 0.140000 0.803036 0.090313
v 0.470000 0.810536 0.103304
v 0.140000 0.810536 0.103304
v 0.470000 0.825536 0.103304
v 0.140000 0.825536 0.103304
v 0.470000 0.705313 0.218036
v 0.470000 0.697813 0.205045
v 0.140000 0.705313 0.218036
v 0.140000 0.697813 0.205045
v 0.470000 0.682813 0.205045
v 0.140000 0.682813 0.205045
v 0.470000 0.675313 0.218036
v 0.140000 0.675313 0.218036
v 0.470000 0.682813 0.231026
v 0.140000 0.682813 0.231026
v 0.470000 0.697813 0.231026
v 0.140000 0.697813 0.231026
v 0.470000 0.524687 0.218036
v 0.470000 0.517187 0.205045
v 0.140000 0.524687 0.218036
v 0.140000 0.517187 0.205045
v 0.470000 0.502187 0.205045
v 0.140000 0.502187 0.205045
v 0.470000 0.494687 0.218036
v 0.140000 0.494687 0.218036
v 0.470000 0.502187 0.231026
v 0.140000 0.502187 0.231026
v 0.470000 0.517187 0.231026
v 0.140000 0.517187 0.231026
v 0.470000 0.396964 0.090313
v 0.470000 0.389464 0.077323
v 0.140000 0.396964 0.090313
v 0.140000 0.389464 0.077323
v 0.470000 0.374464 0.077323
v 0.140000 0.374464 0.077323
v 0.470000 0.366964 0.090313
v 0.140000 0.366964 0.090313
v 0.470000 0.374464 0.103304
v 0.140000 0.374464 0.103304
v 0.470000 0.389464 0.103304
v 0.140000 0.389464 0.103304
v 0.470000 0.396964 -0.090313
v 0.470000 0.389464 -0.103304
v 0.140000 0.396964 -0.090313
v 0.140000 0.389464 -0.103304
v 0.470000 0.374464 -0.103304
v 0.140000 0.374464 -0.103304
v 0.470000 0.366964 -0.090313
v 0.140000 0.366964 -0.090313
v 0.470000 0.374464 -0.077323
v 0.140000 0.374464 -0.077323
v 0.470000 0.389464 -0.077323
v 0.140000 0.389464 -0.077323
v 0.470000 0.524687 -0.218036
v 0.470000 0.517187 -0.231026
v 0.140000 0.524687 -0.218036
v 0.140000 0.517187 -0.231026
v 0.470000 0.502187 -0.231026
v 0.140000 0.502187 -0.231026
v 0.470000 0.494687 -0.218036
v 0.140000 0.494687 -0.218036
v 0.470000 0.502187 -0.205045
v 0.140000 0.502187 -0.205045
v 0.470000 0.517187 -0.205045
v 0.140000 0.517187 -0.205045
v 0.470000 0.705313 -0.218036
v 0.470000 0.697813 -0.231026
v 0.140000 0.705313 -0.218036
v 0.140000 0.697813 -0.231026
v 0.470000 0.682813 -0.231026
v 0.140000 0.682813 -0.231026
v 0.470000 0.675313 -0.218036
v 0.140000 0.675313 -0.218036
v 0.470000 0.682813 -0.205045
v 0.140000 0.682813 -0.205045
v 0.470000 0.697813 -0.205045
v 0.140000 0.697813 -0.205045
v 0.470000 0.833036 -0.090313
v 0.470000 0.825536 -0.103304
v 0.140000 0.833036 -0.090313
v 0.140000 0.825536 -0.103304
v 0.470000 0.810536 -0.103304
v 0.140000 0.810536 -0.103304
v 0.470000 0.803036 -0.090313
v 0.140000 0.803036 -0.090313
v 0.470000 0.810536 -0.077323
v 0.140000 0.810536 -0.077323
v 0.470000 0.825536 -0.077323
v 0.140000 0.825536 -0.077323
v -0.125000 0.690000 -0.155885
v -0.097000 0.690000 -0.155885
v -0.125000 0.600000 -0.180000
v -0.097000 0.600000 -0.180000
v -0.097000 0.680000 -0.138564
v -0.097000 0.600000 -0.160000
v -0.125000 0.680000 -0.138564
v -0.125000 0.600000 -0.160000
v -0.125000 0.755885 -0.090000
v -0.097000 0.755885 -0.090000
v -0.097000 0.738564 -0.080000
v -0.125000 0.738564 -0.080000
v -0.125000 0.780000 0.000000
v -0.097000 0.780000 0.000000
v -0.097000 0.760000 0.000000
v -0.125000 0.760000 0.000000
v -0.125000 0.755885 0.090000
v -0.097000 0.755885 0.090000
v -0.097000 0.738564 0.080000
v -0.125000 0.738564 0.080000
v -0.125000 0.690000 0.155885
v -0.097000 0.690000 0.155885
v -0.097000 0.680000 0.138564
v -0.125000 0.680000 0.138564
v -0.125000 0.600000 0.180000
v -0.097000 0.600000 0.180000
v -0.097000 0.600000 0.160000
v -0.125000 0.600000 0.160000
v 0.072000 0.690000 -0.155885
v 0.100000 0.690000 -0.155885
v 0.072000 0.600000 -0.180000
v 0.100000 0.600000 -0.180000
v 0.100000 0.680000 -0.138564
v 0.100000 0.600000 -0.160000
v 0.072000 0.680000 -0.138564
v 0.072000 0.600000 -0.160000
v 0.072000 0.755885 -0.090000
v 0.100000 0.755885 -0.090000
v 0.100000 0.738564 -0.080000
v 0.072000 0.738564 -0.080000
v 0.072000 0.780000 0.000000
v 0.100000 0.780000 0.000000
v 0.100000 0.760000 0.000000
v 0.072000 0.760000 0.000000
v 0.072000 0.755885 0.090000
v 0.100000 0.755885 0.090000
v 0.100000 0.738564 0.080000
v 0.072000 0.738564 0.080000
v 0.072000 0.690000 0.155885
v 0.100000 0.690000 0.155885
v 0.100000 0.680000 0.138564
v 0.072000 0.680000 0.138564
v 0.072000 0.600000 0.180000
v 0.100000 0.600000 0.180000
v 0.100000 0.600000 0.160000
v 0.072000 0.600000 0.160000
v -0.130000 0.675712 -0.163303
v 0.105000 0.675712 -0.163303
v -0.130000 0.668566 -0.166429
v 0.105000 0.668566 -0.166429
v 0.105000 0.667299 -0.145158
v 0.105000 0.660948 -0.147937
v -0.130000 0.667299 -0.145158
v -0.130000 0.660948 -0.147937
v -0.130000 0.682715 -0.159869
v 0.105000 0.682715 -0.159869
v 0.105000 0.673524 -0.142106
v -0.130000 0.673524 -0.142106
v -0.130000 0.689563 -0.156136
v 0.105000 0.689563 -0.156136
v 0.105000 0.679611 -0.138788
v -0.130000 0.679611 -0.138788
v -0.130000 0.696242 -0.152110
v 0.105000 0.696242 -0.152110
v 0.105000 0.685549 -0.135209
v -0.130000 0.685549 -0.135209
v -0.130000 0.702742 -0.147798
v 0.105000 0.702742 -0.147798
v 0.105000 0.691326 -0.131376
v -0.130000 0.691326 -0.131376
v -0.130000 0.709048 -0.143208
v 0.105000 0.709048 -0.143208
v 0.105000 0.696931 -0.127296
v -0.130000 0.696931 -0.127296
v -0.130000 0.779324 -0.015580
v 0.105000 0.779324 -0.015580
v -0.130000 0.778481 -0.023334
v 0.105000 0.778481 -0.023334
v 0.105000 0.759399 -0.013849
v 0.105000 0.758650 -0.020741
v -0.130000 0.759399 -0.013849
v -0.130000 0.758650 -0.020741
v -0.130000 0.779831 -0.007798
v 0.105000 0.779831 -0.007798
v 0.105000 0.759850 -0.006931
v -0.130000 0.759850 -0.006931
v -0.130000 0.780000 0.000000
v 0.105000 0.780000 0.000000
v 0.105000 0.760000 0.000000
v -0.130000 0.760000 0.000000
v -0.130000 0.779831 0.007798
v 0.105000 0.779831 0.007798
v 0.105000 0.759850 0.006931
v -0.130000 0.759850 0.006931
v -0.130000 0.779324 0.015580
v 0.105000 0.779324 0.015580
v 0.105000 0.759399 0.013849
v -0.130000 0.759399 0.013849
v -0.130000 0.778481 0.023334
v 0.105000 0.778481 0.023334
v 0.105000 0.758650 0.020741
v -0.130000 0.758650 0.020741
v -0.130000 0.702742 0.147798
v 0.105000 0.702742 0.147798
v -0.130000 0.709048 0.143208
v 0.105000 0.709048 0.143208
v 0.105000 0.691326 0.131376
v 0.105000 0.696931 0.127296
v -0.130000 0.691326 0.131376
v -0.130000 0.696931 0.127296
v -0.130000 0.696242 0.152110
v 0.105000 0.696242 0.152110
v 0.105000 0.685549 0.135209
v -0.130000 0.685549 0.135209
v -0.130000 0.689563 0.156136
v 0.105000 0.689563 0.156136
v 0.105000 0.679611 0.138788
v -0.130000 0.679611 0.138788
v -0.130000 0.682715 0.159869
v 0.105000 0.682715 0.159869
v 0.105000 0.673524 0.142106
v -0.130000 0.673524 0.142106
v -0.130000 0.675712 0.163303
v 0.105000 0.675712 0.163303
v 0.105000 0.667299 0.145158
v -0.130000 0.667299 0.145158
v -0.130000 0.668566 0.166429
v 0.105000 0.668566 0.166429
v 0.105000 0.660948 0.147937
v -0.130000 0.660948 0.147937
v -0.411530 0.960000 0.240000
v -0.437442 0.897442 0.240000
v -0.411530 0.960000 -0.060000
v -0.437442 0.897442 -0.060000
v -0.500000 0.871530 0.240000
v -0.500000 0.871530 -0.060000
v -0.562558 0.897442 0.240000
v -0.562558 0.897442 -0.060000
v -0.588470 0.960000 0.240000
v -0.588470 0.960000 -0.060000
v -0.562558 1.022558 0.240000
v -0.562558 1.022558 -0.060000
v -0.500000 1.048470 0.240000
v -0.500000 1.048470 -0.060000
v -0.437442 1.022558 0.240000
v -0.437442 1.022558 -0.060000
v -0.408411 0.960000 0.263690
v -0.433441 0.897442 0.270396
v -0.493867 0.871530 0.286587
v -0.554293 0.897442 0.302779
v -0.579322 0.960000 0.309485
v -0.554293 1.022558 0.302779
v -0.493867 1.048470 0.286587
v -0.433441 1.022558 0.270396
v -0.399267 0.960000 0.285765
v -0.421708 0.897442 0.298721
v -0.475885 0.871530 0.330000
v -0.530061 0.897442 0.361279
v -0.552502 0.960000 0.374235
v -0.530061 1.022558 0.361279
v -0.475885 1.048470 0.330000
v -0.421708 1.022558 0.298721
v -0.384721 0.960000 0.304721
v -0.403044 0.897442 0.323044
v -0.447279 0.871530 0.367279
v -0.491514 0.897442 0.411514
v -0.509837 0.960000 0.429837
v -0.491514 1.022558 0.411514
v -0.447279 1.048470 0.367279
v -0.403044 1.022558 0.323044
v -0.365765 0.960000 0.319267
v -0.378721 0.897442 0.341708
v -0.410000 0.871530 0.395885
v -0.441279 0.897442 0.450061
v -0.454235 0.960000 0.472502
v -0.441279 1.022558 0.450061
v -0.410000 1.048470 0.395885
v -0.378721 1.022558 0.341708
v -0.343690 0.960000 0.328411
v -0.350396 0.897442 0.353441
v -0.366587 0.871530 0.413867
v -0.382779 0.897442 0.474293
v -0.389485 0.960000 0.499322
v -0.382779 1.022558 0.474293
v -0.366587 1.048470 0.413867
v -0.350396 1.022558 0.353441
v -0.320000 0.960000 0.331530
v -0.320000 0.897442 0.357442
v -0.320000 0.871530 0.420000
v -0.320000 0.897442 0.482558
v -0.320000 0.960000 0.508470
v -0.320000 1.022558 0.482558
v -0.320000 1.048470 0.420000
v -0.320000 1.022558 0.357442
v 0.520000 0.960000 0.331530
v 0.520000 0.897442 0.357442
v 0.520000 0.871530 0.420000
v 0.520000 0.897442 0.482558
v 0.520000 0.960000 0.508470
v 0.520000 1.022558 0.482558
v 0.520000 1.048470 0.420000
v 0.520000 1.022558 0.357442
v 0.561411 0.954548 0.331530
v 0.545220 0.894122 0.357442
v 0.538513 0.869093 0.420000
v 0.545220 0.894122 0.482558
v 0.561411 0.954548 0.508470
v 0.577602 1.014974 0.482558
v 0.584309 1.040004 0.420000
v 0.577602 1.014974 0.357442
v 0.600000 0.938564 0.331530
v 0.568721 0.884387 0.357442
v 0.555765 0.861947 0.420000
v 0.568721 0.884387 0.482558
v 0.600000 0.938564 0.508470
v 0.631279 0.992741 0.482558
v 0.644235 1.015181 0.420000
v 0.631279 0.992741 0.357442
v 0.633137 0.913137 0.331530
v 0.588902 0.868902 0.357442
v 0.570579 0.850579 0.420000
v 0.588902 0.868902 0.482558
v 0.633137 0.913137 0.508470
v 0.677372 0.957372 0.482558
v 0.695695 0.975695 0.420000
v 0.677372 0.957372 0.357442
v 0.658564 0.880000 0.331530
v 0.604387 0.848721 0.357442
v 0.581947 0.835765 0.420000
v 0.604387 0.848721 0.482558
v 0.658564 0.880000 0.508470
v 0.712741 0.911279 0.482558
v 0.735181 0.924235 0.420000
v 0.712741 0.911279 0.357442
v 0.674548 0.841411 0.331530
v 0.614122 0.825220 0.357442
v 0.589093 0.818513 0.420000
v 0.614122 0.825220 0.482558
v 0.674548 0.841411 0.508470
v 0.734974 0.857602 0.482558
v 0.760004 0.864309 0.420000
v 0.734974 0.857602 0.357442
v 0.680000 0.800000 0.331530
v 0.617442 0.800000 0.357442
v 0.591530 0.800000 0.420000
v 0.617442 0.800000 0.482558
v 0.680000 0.800000 0.508470
v 0.742558 0.800000 0.482558
v 0.768470 0.800000 0.420000
v 0.742558 0.800000 0.357442
v 0.680000 0.760000 0.331530
v 0.617442 0.760000 0.357442
v 0.591530 0.760000 0.420000
v 0.617442 0.760000 0.482558
v 0.680000 0.760000 0.508470
v 0.742558 0.760000 0.482558
v 0.768470 0.760000 0.420000
v 0.742558 0.760000 0.357442
v 0.680000 0.741487 0.329093
v 0.617442 0.734780 0.354122
v 0.591530 0.718589 0.414548
v 0.617442 0.702398 0.474974
v 0.680000 0.695691 0.500004
v 0.742558 0.702398 0.474974
v 0.768470 0.718589 0.414548
v 0.742558 0.734780 0.354122
v 0.680000 0.724235 0.321947
v 0.617442 0.711279 0.344387
v 0.591530 0.680000 0.398564
v 0.617442 0.648721 0.452741
v 0.680000 0.635765 0.475181
v 0.742558 0.648721 0.452741
v 0.768470 0.680000 0.398564
v 0.742558 0.711279 0.344387
v 0.680000 0.709421 0.310579
v 0.617442 0.691098 0.328902
v 0.591530 0.646863 0.373137
v 0.617442 0.602628 0.417372
v 0.680000 0.584305 0.435695
v 0.742558 0.602628 0.417372
v 0.768470 0.646863 0.373137
v 0.742558 0.691098 0.328902
v 0.680000 0.698053 0.295765
v 0.617442 0.675613 0.308721
v 0.591530 0.621436 0.340000
v 0.617442 0.567259 0.371279
v 0.680000 0.544819 0.384235
v 0.742558 0.567259 0.371279
v 0.768470 0.621436 0.340000
v 0.742558 0.675613 0.308721
v 0.680000 0.690907 0.278513
v 0.617442 0.665878 0.285220
v 0.591530 0.605452 0.301411
v 0.617442 0.545026 0.317602
v 0.680000 0.519996 0.324309
v 0.742558 0.545026 0.317602
v 0.768470 0.605452 0.301411
v 0.742558 0.665878 0.285220
v 0.680000 0.688470 0.260000
v 0.617442 0.662558 0.260000
v 0.591530 0.600000 0.260000
v 0.617442 0.537442 0.260000
v 0.680000 0.511530 0.260000
v 0.742558 0.537442 0.260000
v 0.768470 0.600000 0.260000
v 0.742558 0.662558 0.260000
v 0.680000 0.688470 0.100000
v 0.617442 0.662558 0.100000
v 0.591530 0.600000 0.100000
v 0.617442 0.537442 0.100000
v 0.680000 0.511530 0.100000
v 0.742558 0.537442 0.100000
v 0.768470 0.600000 0.100000
v 0.742558 0.662558 0.100000
v 0.683407 0.688470 0.074118
v 0.622981 0.662558 0.057927
v 0.597952 0.600000 0.051220
v 0.622981 0.537442 0.057927
v 0.683407 0.511530 0.074118
v 0.743834 0.537442 0.090309
v 0.768863 0.600000 0.097016
v 0.743834 0.662558 0.090309
v 0.693397 0.688470 0.050000
v 0.639221 0.662558 0.018721
v 0.616780 0.600000 0.005765
v 0.639221 0.537442 0.018721
v 0.693397 0.511530 0.050000
v 0.747574 0.537442 0.081279
v 0.770015 0.600000 0.094235
v 0.747574 0.662558 0.081279
v 0.709289 0.688470 0.029289
v 0.665054 0.662558 -0.014946
v 0.646732 0.600000 -0.033268
v 0.665054 0.537442 -0.014946
v 0.709289 0.511530 0.029289
v 0.753524 0.537442 0.073524
v 0.771847 0.600000 0.091847
v 0.753524 0.662558 0.073524
v 0.730000 0.688470 0.013397
v 0.698721 0.662558 -0.040779
v 0.685765 0.600000 -0.063220
v 0.698721 0.537442 -0.040779
v 0.730000 0.511530 0.013397
v 0.761279 0.537442 0.067574
v 0.774235 0.600000 0.090015
v 0.761279 0.662558 0.067574
v 0.754118 0.688470 0.003407
v 0.737927 0.662558 -0.057019
v 0.731220 0.600000 -0.082048
v 0.737927 0.537442 -0.057019
v 0.754118 0.511530 0.003407
v 0.770309 0.537442 0.063834
v 0.777016 0.600000 0.088863
v 0.770309 0.662558 0.063834
v 0.780000 0.688470 0.000000
v 0.780000 0.662558 -0.062558
v 0.780000 0.600000 -0.088470
v 0.780000 0.537442 -0.062558
v 0.780000 0.511530 0.000000
v 0.780000 0.537442 0.062558
v 0.780000 0.600000 0.088470
v 0.780000 0.662558 0.062558
v 0.825000 0.688470 0.000000
v 0.825000 0.662558 -0.062558
v 0.825000 0.600000 -0.088470
v 0.825000 0.537442 -0.062558
v 0.825000 0.511530 0.000000
v 0.825000 0.537442 0.062558
v 0.825000 0.600000 0.088470
v 0.825000 0.662558 0.062558
v 0.800000 0.523755 0.132060
v 0.770000 0.447510 0.000000
v 0.800000 0.447510 0.000000
v 0.770000 0.523755 0.132060
v 0.800000 0.676245 0.132060
v 0.770000 0.676245 0.132060
v 0.800000 0.752490 0.000000
v 0.770000 0.752490 0.000000
v 0.800000 0.676245 -0.132060
v 0.770000 0.676245 -0.132060
v 0.800000 0.523755 -0.132060
v 0.770000 0.523755 -0.132060
v 0.860000 0.523755 0.132060
v 0.860000 0.447510 0.000000
v 0.860000 0.676245 0.132060
v 0.860000 0.752490 0.000000
v 0.860000 0.676245 -0.132060
v 0.860000 0.523755 -0.132060
v 0.860000 0.535859 0.111095
v 0.860000 0.471719 0.000000
v 0.860000 0.664141 0.111095
v 0.860000 0.728281 0.000000
v 0.860000 0.664141 -0.111095
v 0.860000 0.535859 -0.111095
v 0.980000 0.535859 0.111095
v 0.980000 0.471719 0.000000
v 0.980000 0.664141 0.111095
v 0.980000 0.728281 0.000000
v 0.980000 0.664141 -0.111095
v 0.980000 0.535859 -0.111095
v 0.025000 1.240000 -0.250000
v 0.012500 1.240000 -0.228349
v 0.025000 0.200000 -0.250000
v 0.012500 0.200000 -0.228349
v -0.012500 1.240000 -0.228349
v -0.012500 0.200000 -0.228349
v -0.025000 1.240000 -0.250000
v -0.025000 0.200000 -0.250000
v -0.012500 1.240000 -0.271651
v -0.012500 0.200000 -0.271651
v 0.012500 1.240000 -0.271651
v 0.012500 0.200000 -0.271651
v -0.180000 1.140000 0.170000
v -0.180000 1.370000 0.170000
v -0.180000 1.140000 -0.170000
v -0.180000 1.370000 -0.170000
v 0.180000 1.140000 -0.170000
v 0.180000 1.370000 -0.170000
v 0.180000 1.140000 0.170000
v 0.180000 1.370000 0.170000
v -0.100000 1.150000 0.385000
v -0.100000 1.340000 0.385000
v -0.100000 1.150000 0.100000
v -0.100000 1.340000 0.100000
v 0.100000 1.150000 0.100000
v 0.100000 1.340000 0.100000
v 0.100000 1.150000 0.385000
v 0.100000 1.340000 0.385000
v -0.300000 1.191530 -0.140000
v -0.300000 1.368470 -0.140000
v -0.300000 1.191530 -0.400000
v -0.300000 1.368470 -0.400000
v 0.300000 1.191530 -0.400000
v 0.300000 1.368470 -0.400000
v 0.300000 1.191530 -0.140000
v 0.300000 1.368470 -0.140000
v 0.085000 0.488000 0.000000
v 0.085000 0.520804 0.079196
v -0.095000 0.488000 0.000000
v -0.095000 0.520804 0.079196
v 0.085000 0.600000 0.112000
v -0.095000 0.600000 0.112000
v 0.085000 0.679196 0.079196
v -0.095000 0.679196 0.079196
v 0.085000 0.712000 0.000000
v -0.095000 0.712000 0.000000
v 0.085000 0.679196 -0.079196
v -0.095000 0.679196 -0.079196
v 0.085000 0.600000 -0.112000
v -0.095000 0.600000 -0.112000
v 0.085000 0.520804 -0.079196
v -0.095000 0.520804 -0.079196
v -0.083000 0.625000 0.122000
v 0.073000 0.625000 0.122000
v -0.083000 0.625000 0.095000
v 0.073000 0.625000 0.095000
v -0.083000 0.575000 0.095000
v 0.073000 0.575000 0.095000
v -0.083000 0.575000 0.122000
v 0.073000 0.575000 0.122000
vt 0.25 0.75
vt 0.75 0.75
vt 0.25 0.25
vt 0.75 0.25
vn -1.000000 0.000000 0.000000
vn 1.000000 0.000000 0.000000
vn 0.000000 -1.000000 0.000000
vn -0.000000 1.000000 0.000000
vn 0.000000 0.000000 -1.000000
vn 0.000000 -0.000000 1.000000
vn -0.000000 0.999800 0.019989
vn -0.000000 0.959688 0.281066
vn -0.000000 0.852693 0.522412
vn -0.000000 0.686384 0.727240
vn -0.000000 0.472440 0.881363
vn -0.000000 0.225760 0.974183
vn 0.000000 -0.036458 0.999335
vn 0.000000 -0.296048 0.955173
vn 0.000000 -0.535027 0.844835
vn 0.000000 -0.736852 0.676054
vn 0.000000 -0.887636 0.460545
vn 0.000000 -0.976996 0.213258
vn 0.000000 -0.998814 -0.048681
vn 0.000000 -0.951650 -0.307186
vn 0.000000 -0.838810 -0.544425
vn 0.000000 -0.668128 -0.744046
vn 0.000000 -0.451424 -0.892309
vn 0.000000 -0.203650 -0.979044
vn 0.000000 0.058101 -0.998311
vn 0.000000 0.315793 -0.948828
vn 0.000000 0.551716 -0.834032
vn 0.000000 0.749612 -0.661878
vn 0.000000 0.895924 -0.444207
vn 0.000000 0.980596 -0.196040
vn 0.000000 -0.707107 0.707107
vn 0.000000 0.707107 0.707107
vn 0.000000 0.707107 -0.707107
vn 0.000000 -0.707107 -0.707107
vn 0.000000 -0.866031 0.499990
vn 0.000000 0.866031 0.499990
vn 0.000000 0.866031 -0.499990
vn -0.000000 -0.866031 -0.499990
vn 0.000000 0.866025 0.500001
vn 0.000000 -0.866025 0.500001
vn 0.000000 -0.866025 -0.500001
vn 0.000000 0.866025 -0.500001
vn 0.000000 0.866028 0.499996
vn 0.000000 -0.866028 0.499996
vn 0.000000 -0.866028 -0.499996
vn 0.000000 0.866028 -0.499996
vn 0.000000 0.866019 -0.500011
vn -0.000000 -0.866019 -0.500011
vn 0.000000 -0.866036 0.499982
vn 0.000000 0.866036 0.499982
vn 0.000000 0.866036 -0.499982
vn -0.000000 -0.866036 -0.499982
vn 0.000000 -0.866019 0.500011
vn 0.000000 0.866019 0.500011
vn 0.000000 0.258815 -0.965927
vn 0.000000 -0.258820 0.965926
vn 0.000000 0.965927 -0.258815
vn 0.000000 -0.965926 0.258820
vn -0.000000 0.965927 0.258815
vn -0.000000 -0.965926 -0.258820
vn -0.000000 0.258815 0.965927
vn -0.000000 -0.258820 -0.965926
vn 0.000000 0.400778 -0.916175
vn 0.000000 -0.400872 0.916134
vn 0.000000 0.440277 -0.897862
vn 0.000000 -0.440219 0.897891
vn 0.000000 0.478628 -0.878018
vn 0.000000 -0.478610 0.878028
vn 0.000000 0.516248 -0.856439
vn 0.000000 -0.516213 0.856460
vn 0.000000 0.552805 -0.833310
vn 0.000000 -0.552868 0.833269
vn 0.000000 0.588492 -0.808503
vn 0.000000 -0.588515 0.808487
vn -0.000000 -0.924614 -0.380906
vn 0.000000 0.795587 0.605840
vn 0.000000 0.994142 -0.108081
vn 0.000000 -0.994146 0.108041
vn 0.000000 0.997884 -0.065013
vn 0.000000 -0.997882 0.065054
vn 0.000000 0.999765 -0.021667
vn 0.000000 -0.999766 0.021637
vn -0.000000 0.999765 0.021667
vn -0.000000 -0.999766 -0.021637
vn -0.000000 0.997884 0.065013
vn -0.000000 -0.997882 -0.065054
vn -0.000000 0.994142 0.108081
vn -0.000000 -0.994146 -0.108041
vn -0.000000 -0.129651 -0.991560
vn 0.000000 -0.129651 0.991560
vn -0.000000 0.588492 0.808503
vn -0.000000 -0.588515 -0.808487
vn -0.000000 0.552805 0.833310
vn -0.000000 -0.552868 -0.833269
vn -0.000000 0.516248 0.856439
vn -0.000000 -0.516213 -0.856460
vn -0.000000 0.478628 0.878018
vn -0.000000 -0.478610 -0.878028
vn -0.000000 0.440277 0.897862
vn -0.000000 -0.440219 -0.897891
vn -0.000000 0.400778 0.916175
vn -0.000000 -0.400872 -0.916134
vn 0.000000 0.795587 -0.605840
vn 0.000000 -0.924614 0.380906
vn 0.923881 -0.382679 0.000000
vn 0.382679 -0.923881 0.000000
vn -0.382679 -0.923881 -0.000000
vn -0.923881 -0.382679 -0.000000
vn -0.923881 0.382679 0.000000
vn -0.382679 0.923881 0.000000
vn 0.382679 0.923881 0.000000
vn 0.923881 0.382679 0.000000
vn 0.917117 -0.379890 -0.120747
vn 0.917125 -0.379880 -0.120720
vn 0.382198 -0.922710 -0.050308
vn 0.382194 -0.922711 -0.050314
vn -0.382196 -0.922710 0.050315
vn -0.382194 -0.922711 0.050317
vn -0.917123 -0.379877 0.120741
vn -0.917122 -0.379879 0.120743
vn -0.917123 0.379877 0.120743
vn -0.917122 0.379879 0.120741
vn -0.382195 0.922711 0.050317
vn -0.382194 0.922711 0.050314
vn 0.382197 0.922710 -0.050315
vn 0.382194 0.922712 -0.050308
vn 0.917121 0.379889 -0.120720
vn 0.917122 0.379879 -0.120747
vn 0.854616 -0.379886 -0.354003
vn 0.854615 -0.379887 -0.354005
vn 0.356145 -0.922712 -0.147525
vn 0.356151 -0.922710 -0.147520
vn -0.356153 -0.922709 0.147521
vn -0.356148 -0.922711 0.147524
vn -0.854617 -0.379886 0.354001
vn -0.854625 -0.379876 0.353993
vn -0.854621 0.379885 0.353991
vn -0.854621 0.379875 0.354003
vn -0.356150 0.922710 0.147525
vn -0.356149 0.922711 0.147520
vn 0.356148 0.922711 -0.147519
vn 0.356149 0.922710 -0.147527
vn 0.854615 0.379886 -0.354005
vn 0.854616 0.379887 -0.354003
vn 0.733867 -0.379888 -0.563138
vn 0.733874 -0.379884 -0.563131
vn 0.305830 -0.922711 -0.234676
vn 0.305828 -0.922711 -0.234677
vn -0.305829 -0.922711 0.234677
vn -0.305833 -0.922710 0.234676
vn -0.733876 -0.379887 0.563127
vn -0.733878 -0.379885 0.563126
vn -0.733877 0.379887 0.563125
vn -0.733876 0.379884 0.563128
vn -0.305831 0.922711 0.234675
vn -0.305831 0.922710 0.234679
vn 0.305829 0.922711 -0.234677
vn 0.305829 0.922711 -0.234675
vn 0.733873 0.379887 -0.563130
vn 0.733869 0.379884 -0.563139
vn 0.563139 -0.379884 -0.733869
vn 0.563130 -0.379887 -0.733873
vn 0.234675 -0.922711 -0.305829
vn 0.234677 -0.922711 -0.305829
vn -0.234679 -0.922710 0.305831
vn -0.234675 -0.922711 0.305831
vn -0.563128 -0.379884 0.733876
vn -0.563125 -0.379887 0.733877
vn -0.563126 0.379885 0.733878
vn -0.563127 0.379887 0.733876
vn -0.234676 0.922710 0.305833
vn -0.234677 0.922711 0.305829
vn 0.234677 0.922711 -0.305828
vn 0.234676 0.922711 -0.305830
vn 0.563131 0.379884 -0.733874
vn 0.563138 0.379888 -0.733867
vn 0.354003 -0.379887 -0.854616
vn 0.354005 -0.379886 -0.854615
vn 0.147527 -0.922710 -0.356149
vn 0.147519 -0.922711 -0.356148
vn -0.147520 -0.922711 0.356149
vn -0.147525 -0.922710 0.356150
vn -0.354003 -0.379875 0.854621
vn -0.353991 -0.379885 0.854621
vn -0.353993 0.379876 0.854625
vn -0.354001 0.379886 0.854617
vn -0.147524 0.922711 0.356148
vn -0.147521 0.922709 0.356153
vn 0.147520 0.922710 -0.356151
vn 0.147525 0.922712 -0.356145
vn 0.354005 0.379887 -0.854615
vn 0.354003 0.379886 -0.854616
vn 0.120747 -0.379879 -0.917122
vn 0.120720 -0.379889 -0.917121
vn 0.050308 -0.922712 -0.382194
vn 0.050315 -0.922710 -0.382197
vn -0.050314 -0.922711 0.382194
vn -0.050317 -0.922711 0.382195
vn -0.120741 -0.379879 0.917122
vn -0.120743 -0.379877 0.917123
vn -0.120743 0.379879 0.917122
vn -0.120741 0.379877 0.917123
vn -0.050317 0.922711 0.382194
vn -0.050315 0.922710 0.382196
vn 0.050314 0.922711 -0.382194
vn 0.050308 0.922710 -0.382198
vn 0.120720 0.379880 -0.917125
vn 0.120747 0.379890 -0.917117
vn -0.000000 -0.382679 -0.923881
vn -0.000000 -0.923881 -0.382679
vn 0.000000 -0.923881 0.382679
vn 0.000000 -0.382679 0.923881
vn 0.000000 0.382679 0.923881
vn 0.000000 0.923881 0.382679
vn 0.000000 0.923881 -0.382679
vn 0.000000 0.382679 -0.923881
vn -0.050318 -0.382196 -0.922710
vn -0.050313 -0.382194 -0.922711
vn -0.120732 -0.917124 -0.379879
vn -0.120728 -0.917124 -0.379880
vn -0.120728 -0.917124 0.379878
vn -0.120732 -0.917123 0.379880
vn -0.050313 -0.382197 0.922710
vn -0.050318 -0.382194 0.922711
vn 0.050318 0.382196 0.922710
vn 0.050320 0.382194 0.922711
vn 0.120749 0.917116 0.379892
vn 0.120735 0.917123 0.379879
vn 0.120735 0.917118 -0.379891
vn 0.120750 0.917121 -0.379879
vn 0.050321 0.382195 -0.922710
vn 0.050318 0.382194 -0.922711
vn -0.147520 -0.356148 -0.922712
vn -0.147530 -0.356148 -0.922710
vn -0.354014 -0.854616 -0.379875
vn -0.353995 -0.854622 -0.379881
vn -0.353996 -0.854624 0.379874
vn -0.354014 -0.854614 0.379880
vn -0.147528 -0.356143 0.922712
vn -0.147522 -0.356150 0.922710
vn 0.147520 0.356148 0.922712
vn 0.147518 0.356152 0.922710
vn 0.353987 0.854628 0.379873
vn 0.354004 0.854613 0.379892
vn 0.354007 0.854620 -0.379874
vn 0.353984 0.854621 -0.379893
vn 0.147517 0.356150 -0.922711
vn 0.147522 0.356150 -0.922710
vn -0.234674 -0.305832 -0.922711
vn -0.234668 -0.305833 -0.922712
vn -0.563115 -0.733886 -0.379886
vn -0.563153 -0.733863 -0.379873
vn -0.563149 -0.733858 0.379889
vn -0.563118 -0.733889 0.379875
vn -0.234670 -0.305836 0.922710
vn -0.234673 -0.305830 0.922711
vn 0.234674 0.305832 0.922711
vn 0.234675 0.305829 0.922711
vn 0.563130 0.733873 0.379887
vn 0.563122 0.733886 0.379875
vn 0.563119 0.733882 -0.379887
vn 0.563134 0.733878 -0.379874
vn 0.234676 0.305830 -0.922711
vn 0.234673 0.305830 -0.922711
vn -0.305830 -0.234673 -0.922711
vn -0.305836 -0.234670 -0.922710
vn -0.733889 -0.563118 -0.379875
vn -0.733858 -0.563149 -0.379889
vn -0.733863 -0.563153 0.379873
vn -0.733886 -0.563115 0.379886
vn -0.305833 -0.234668 0.922712
vn -0.305832 -0.234674 0.922711
vn 0.305830 0.234673 0.922711
vn 0.305830 0.234676 0.922711
vn 0.733878 0.563134 0.379874
vn 0.733882 0.563119 0.379887
vn 0.733886 0.563122 -0.379875
vn 0.733873 0.563130 -0.379887
vn 0.305829 0.234675 -0.922711
vn 0.305832 0.234674 -0.922711
vn -0.356150 -0.147522 -0.922710
vn -0.356143 -0.147528 -0.922712
vn -0.854614 -0.354014 -0.379880
vn -0.854624 -0.353996 -0.379874
vn -0.854622 -0.353995 0.379881
vn -0.854616 -0.354014 0.379875
vn -0.356148 -0.147530 0.922710
vn -0.356148 -0.147520 0.922712
vn 0.356150 0.147522 0.922710
vn 0.356150 0.147517 0.922711
vn 0.854621 0.353984 0.379893
vn 0.854620 0.354007 0.379874
vn 0.854613 0.354004 -0.379892
vn 0.854628 0.353987 -0.379873
vn 0.356152 0.147518 -0.922710
vn 0.356148 0.147520 -0.922712
vn -0.382194 -0.050318 -0.922711
vn -0.382197 -0.050313 -0.922710
vn -0.917123 -0.120732 -0.379880
vn -0.917124 -0.120728 -0.379878
vn -0.917124 -0.120728 0.379880
vn -0.917124 -0.120732 0.379879
vn -0.382194 -0.050313 0.922711
vn -0.382196 -0.050318 0.922710
vn 0.382194 0.050318 0.922711
vn 0.382195 0.050321 0.922710
vn 0.917121 0.120750 0.379879
vn 0.917118 0.120735 0.379891
vn 0.917123 0.120735 -0.379879
vn 0.917116 0.120749 -0.379892
vn 0.382194 0.050320 -0.922711
vn 0.382196 0.050318 -0.922710
vn -0.382679 0.000000 -0.923881
vn -0.923881 0.000000 -0.382679
vn -0.923881 0.000000 0.382679
vn -0.382679 0.000000 0.923881
vn 0.382679 -0.000000 0.923881
vn 0.923881 -0.000000 0.382679
vn 0.923881 0.000000 -0.382679
vn 0.382679 0.000000 -0.923881
vn -0.379878 0.120728 -0.917124
vn -0.379880 0.120732 -0.917123
vn -0.922710 0.050313 -0.382197
vn -0.922711 0.050318 -0.382194
vn -0.922710 -0.050318 0.382196
vn -0.922711 -0.050320 0.382194
vn -0.379892 -0.120749 0.917116
vn -0.379879 -0.120735 0.917123
vn 0.379891 -0.120735 0.917118
vn 0.379879 -0.120750 0.917121
vn 0.922710 -0.050321 0.382195
vn 0.922711 -0.050318 0.382194
vn 0.922710 0.050318 -0.382196
vn 0.922711 0.050313 -0.382194
vn 0.379879 0.120732 -0.917124
vn 0.379880 0.120728 -0.917124
vn -0.379874 0.353996 -0.854624
vn -0.379880 0.354014 -0.854614
vn -0.922712 0.147528 -0.356143
vn -0.922710 0.147522 -0.356150
vn -0.922712 -0.147520 0.356148
vn -0.922710 -0.147518 0.356152
vn -0.379873 -0.353987 0.854628
vn -0.379892 -0.354004 0.854613
vn 0.379874 -0.354007 0.854620
vn 0.379893 -0.353984 0.854621
vn 0.922711 -0.147517 0.356150
vn 0.922710 -0.147522 0.356150
vn 0.922712 0.147520 -0.356148
vn 0.922710 0.147530 -0.356148
vn 0.379875 0.354014 -0.854616
vn 0.379881 0.353995 -0.854622
vn -0.379889 0.563149 -0.733858
vn -0.379875 0.563118 -0.733889
vn -0.922710 0.234670 -0.305836
vn -0.922711 0.234673 -0.305830
vn -0.922711 -0.234674 0.305832
vn -0.922711 -0.234675 0.305829
vn -0.379887 -0.563130 0.733873
vn -0.379875 -0.563122 0.733886
vn 0.379887 -0.563119 0.733882
vn 0.379874 -0.563134 0.733878
vn 0.922711 -0.234676 0.305830
vn 0.922711 -0.234673 0.305830
vn 0.922711 0.234674 -0.305832
vn 0.922712 0.234668 -0.305833
vn 0.379886 0.563115 -0.733886
vn 0.379873 0.563153 -0.733863
vn -0.379873 0.733863 -0.563153
vn -0.379886 0.733886 -0.563115
vn -0.922712 0.305833 -0.234668
vn -0.922711 0.305832 -0.234674
vn -0.922711 -0.305830 0.234673
vn -0.922711 -0.305830 0.234676
vn -0.379874 -0.733878 0.563134
vn -0.379887 -0.733882 0.563119
vn 0.379875 -0.733886 0.563122
vn 0.379887 -0.733873 0.563130
vn 0.922711 -0.305829 0.234675
vn 0.922711 -0.305832 0.234674
vn 0.922711 0.305830 -0.234673
vn 0.922710 0.305836 -0.234670
vn 0.379875 0.733889 -0.563118
vn 0.379889 0.733858 -0.563149
vn -0.379881 0.854622 -0.353995
vn -0.379875 0.854616 -0.354014
vn -0.922710 0.356148 -0.147530
vn -0.922712 0.356148 -0.147520
vn -0.922710 -0.356150 0.147522
vn -0.922711 -0.356150 0.147517
vn -0.379893 -0.854621 0.353984
vn -0.379874 -0.854620 0.354007
vn 0.379892 -0.854613 0.354004
vn 0.379873 -0.854628 0.353987
vn 0.922710 -0.356152 0.147518
vn 0.922712 -0.356148 0.147520
vn 0.922710 0.356150 -0.147522
vn 0.922712 0.356143 -0.147528
vn 0.379880 0.854614 -0.354014
vn 0.379874 0.854624 -0.353996
vn -0.379880 0.917124 -0.120728
vn -0.379879 0.917124 -0.120732
vn -0.922711 0.382194 -0.050313
vn -0.922710 0.382196 -0.050318
vn -0.922711 -0.382194 0.050318
vn -0.922710 -0.382195 0.050321
vn -0.379879 -0.917121 0.120750
vn -0.379891 -0.917118 0.120735
vn 0.379879 -0.917123 0.120735
vn 0.379892 -0.917116 0.120749
vn 0.922711 -0.382194 0.050320
vn 0.922710 -0.382196 0.050318
vn 0.922711 0.382194 -0.050318
vn 0.922710 0.382197 -0.050313
vn 0.379880 0.917123 -0.120732
vn 0.379878 0.917124 -0.120728
vn -0.382198 0.922710 -0.050311
vn -0.382194 0.922711 -0.050317
vn -0.917122 0.379879 -0.120741
vn -0.917122 -0.379879 -0.120741
vn -0.382196 -0.922710 -0.050317
vn -0.382194 -0.922711 -0.050310
vn 0.382192 -0.922712 0.050310
vn 0.382194 -0.922711 0.050323
vn 0.917120 -0.379880 0.120756
vn 0.917117 -0.379877 0.120787
vn 0.917116 0.379881 0.120786
vn 0.917121 0.379878 0.120756
vn 0.382189 0.922713 0.050322
vn 0.382194 0.922711 0.050310
vn -0.356152 0.922710 -0.147523
vn -0.356149 0.922710 -0.147525
vn -0.854617 0.379886 -0.354001
vn -0.854622 0.379881 -0.353995
vn -0.854620 -0.379885 -0.353994
vn -0.854619 -0.379880 -0.354002
vn -0.356150 -0.922710 -0.147525
vn -0.356150 -0.922710 -0.147522
vn 0.356147 -0.922712 0.147521
vn 0.356149 -0.922713 0.147508
vn 0.854632 -0.379884 0.353967
vn 0.854614 -0.379880 0.354015
vn 0.854611 0.379886 0.354014
vn 0.854633 0.379882 0.353967
vn 0.356153 0.922711 0.147510
vn 0.356146 0.922712 0.147520
vn -0.305833 0.922711 -0.234673
vn -0.305836 0.922710 -0.234671
vn -0.733890 0.379869 -0.563121
vn -0.733871 0.379884 -0.563136
vn -0.733875 -0.379870 -0.563140
vn -0.733885 -0.379885 -0.563117
vn -0.305835 -0.922710 -0.234670
vn -0.305835 -0.922710 -0.234674
vn 0.305833 -0.922711 0.234673
vn 0.305841 -0.922712 0.234655
vn 0.733907 -0.379885 0.563088
vn 0.733933 -0.379889 0.563051
vn 0.733935 0.379883 0.563053
vn 0.733906 0.379887 0.563087
vn 0.305846 0.922710 0.234659
vn 0.305831 0.922712 0.234671
vn -0.234674 0.922710 -0.305835
vn -0.234670 0.922710 -0.305835
vn -0.563117 0.379885 -0.733885
vn -0.563140 0.379870 -0.733875
vn -0.563136 -0.379884 -0.733871
vn -0.563121 -0.379869 -0.733890
vn -0.234671 -0.922710 -0.305836
vn -0.234673 -0.922711 -0.305833
vn 0.234671 -0.922712 0.305831
vn 0.234659 -0.922710 0.305846
vn 0.563087 -0.379887 0.733906
vn 0.563053 -0.379883 0.733935
vn 0.563051 0.379889 0.733933
vn 0.563088 0.379885 0.733907
vn 0.234655 0.922712 0.305841
vn 0.234673 0.922711 0.305833
vn -0.147522 0.922710 -0.356150
vn -0.147525 0.922710 -0.356150
vn -0.354002 0.379880 -0.854619
vn -0.353994 0.379885 -0.854620
vn -0.353995 -0.379881 -0.854622
vn -0.354001 -0.379886 -0.854617
vn -0.147525 -0.922710 -0.356149
vn -0.147523 -0.922710 -0.356152
vn 0.147520 -0.922712 0.356146
vn 0.147510 -0.922711 0.356153
vn 0.353967 -0.379882 0.854633
vn 0.354014 -0.379886 0.854611
vn 0.354015 0.379880 0.854614
vn 0.353967 0.379884 0.854632
vn 0.147508 0.922713 0.356149
vn 0.147521 0.922712 0.356147
vn -0.050310 0.922711 -0.382194
vn -0.050317 0.922710 -0.382196
vn -0.120741 0.379879 -0.917122
vn -0.120741 -0.379879 -0.917122
vn -0.050317 -0.922711 -0.382194
vn -0.050311 -0.922710 -0.382198
vn 0.050310 -0.922711 0.382194
vn 0.050322 -0.922713 0.382189
vn 0.120756 -0.379878 0.917121
vn 0.120786 -0.379881 0.917116
vn 0.120787 0.379877 0.917117
vn 0.120756 0.379880 0.917120
vn 0.050323 0.922711 0.382194
vn 0.050310 0.922712 0.382192
vn 0.866029 0.000000 0.499994
vn -0.866029 0.000000 0.499994
vn -0.866029 -0.000000 -0.499994
vn 0.866029 0.000000 -0.499994
g skids
f 1/3/1 3/3/1 2/3/1
f 2/3/1 3/3/1 4/3/1
f 5/3/2 7/3/2 6/3/2
f 6/3/2 7/3/2 8/3/2
f 3/3/3 1/3/3 5/3/3
f 5/3/3 1/3/3 7/3/3
f 2/3/4 4/3/4 8/3/4
f 8/3/4 4/3/4 6/3/4
f 3/3/5 5/3/5 4/3/5
f 4/3/5 5/3/5 6/3/5
f 7/3/6 1/3/6 8/3/6
f 8/3/6 1/3/6 2/3/6
f 9/3/1 11/3/1 10/3/1
f 10/3/1 11/3/1 12/3/1
f 13/3/2 15/3/2 14/3/2
f 14/3/2 15/3/2 16/3/2
f 11/3/3 9/3/3 13/3/3
f 13/3/3 9/3/3 15/3/3
f 10/3/4 12/3/4 16/3/4
f 16/3/4 12/3/4 14/3/4
f 11/3/5 13/3/5 12/3/5
f 12/3/5 13/3/5 14/3/5
f 15/3/6 9/3/6 16/3/6
f 16/3/6 9/3/6 10/3/6
g bedplate
f 17/3/1 19/3/1 18/3/1
f 18/3/1 19/3/1 20/3/1
f 21/3/2 23/3/2 22/3/2
f 22/3/2 23/3/2 24/3/2
f 19/3/3 17/3/3 21/3/3
f 21/3/3 17/3/3 23/3/3
f 18/3/4 20/3/4 24/3/4
f 24/3/4 20/3/4 22/3/4
f 19/3/5 21/3/5 20/3/5
f 20/3/5 21/3/5 22/3/5
f 23/3/6 17/3/6 24/3/6
f 24/3/6 17/3/6 18/3/6
g volute_pedestal
f 25/2/1 27/2/1 26/2/1
f 26/2/1 27/2/1 28/2/1
f 29/2/2 31/2/2 30/2/2
f 30/2/2 31/2/2 32/2/2
f 27/2/3 25/2/3 29/2/3
f 29/2/3 25/2/3 31/2/3
f 26/2/4 28/2/4 32/2/4
f 32/2/4 28/2/4 30/2/4
f 27/2/5 29/2/5 28/2/5
f 28/2/5 29/2/5 30/2/5
f 31/2/6 25/2/6 32/2/6
f 32/2/6 25/2/6 26/2/6
g spiral_volute
f 33/2/7 35/2/7 34/2/7
f 34/2/7 35/2/7 36/2/7
f 34/2/8 36/2/8 37/2/8
f 37/2/8 36/2/8 38/2/8
f 37/2/9 38/2/9 39/2/9
f 39/2/9 38/2/9 40/2/9
f 39/2/10 40/2/10 41/2/10
f 41/2/10 40/2/10 42/2/10
f 41/2/11 42/2/11 43/2/11
f 43/2/11 42/2/11 44/2/11
f 43/2/12 44/2/12 45/2/12
f 45/2/12 44/2/12 46/2/12
f 45/2/13 46/2/13 47/2/13
f 47/2/13 46/2/13 48/2/13
f 47/2/14 48/2/14 49/2/14
f 49/2/14 48/2/14 50/2/14
f 49/2/15 50/2/15 51/2/15
f 51/2/15 50/2/15 52/2/15
f 51/2/16 52/2/16 53/2/16
f 53/2/16 52/2/16 54/2/16
f 53/2/17 54/2/17 55/2/17
f 55/2/17 54/2/17 56/2/17
f 55/2/18 56/2/18 57/2/18
f 57/2/18 56/2/18 58/2/18
f 57/2/19 58/2/19 59/2/19
f 59/2/19 58/2/19 60/2/19
f 59/2/20 60/2/20 61/2/20
f 61/2/20 60/2/20 62/2/20
f 61/2/21 62/2/21 63/2/21
f 63/2/21 62/2/21 64/2/21
f 63/2/22 64/2/22 65/2/22
f 65/2/22 64/2/22 66/2/22
f 65/2/23 66/2/23 67/2/23
f 67/2/23 66/2/23 68/2/23
f 67/2/24 68/2/24 69/2/24
f 69/2/24 68/2/24 70/2/24
f 69/2/25 70/2/25 71/2/25
f 71/2/25 70/2/25 72/2/25
f 71/2/26 72/2/26 73/2/26
f 73/2/26 72/2/26 74/2/26
f 73/2/27 74/2/27 75/2/27
f 75/2/27 74/2/27 76/2/27
f 75/2/28 76/2/28 77/2/28
f 77/2/28 76/2/28 78/2/28
f 77/2/29 78/2/29 79/2/29
f 79/2/29 78/2/29 80/2/29
f 79/2/30 80/2/30 81/2/30
f 81/2/30 80/2/30 82/2/30
f 81/2/6 82/2/6 33/2/6
f 33/2/6 82/2/6 35/2/6
g volute_face
f 35/2/2 83/2/2 36/2/2
f 36/2/2 83/2/2 38/2/2
f 38/2/2 83/2/2 40/2/2
f 40/2/2 83/2/2 42/2/2
f 42/2/2 83/2/2 44/2/2
f 44/2/2 83/2/2 46/2/2
f 46/2/2 83/2/2 48/2/2
f 48/2/2 83/2/2 50/2/2
f 50/2/2 83/2/2 52/2/2
f 52/2/2 83/2/2 54/2/2
f 54/2/2 83/2/2 56/2/2
f 56/2/2 83/2/2 58/2/2
f 58/2/2 83/2/2 60/2/2
f 60/2/2 83/2/2 62/2/2
f 62/2/2 83/2/2 64/2/2
f 64/2/2 83/2/2 66/2/2
f 66/2/2 83/2/2 68/2/2
f 68/2/2 83/2/2 70/2/2
f 70/2/2 83/2/2 72/2/2
f 72/2/2 83/2/2 74/2/2
f 74/2/2 83/2/2 76/2/2
f 76/2/2 83/2/2 78/2/2
f 78/2/2 83/2/2 80/2/2
f 80/2/2 83/2/2 82/2/2
f 82/2/2 83/2/2 35/2/2
f 81/2/1 84/2/1 79/2/1
f 79/2/1 84/2/1 77/2/1
f 77/2/1 84/2/1 75/2/1
f 75/2/1 84/2/1 73/2/1
f 73/2/1 84/2/1 71/2/1
f 71/2/1 84/2/1 69/2/1
f 69/2/1 84/2/1 67/2/1
f 67/2/1 84/2/1 65/2/1
f 65/2/1 84/2/1 63/2/1
f 63/2/1 84/2/1 61/2/1
f 61/2/1 84/2/1 59/2/1
f 59/2/1 84/2/1 57/2/1
f 57/2/1 84/2/1 55/2/1
f 55/2/1 84/2/1 53/2/1
f 53/2/1 84/2/1 51/2/1
f 51/2/1 84/2/1 49/2/1
f 49/2/1 84/2/1 47/2/1
f 47/2/1 84/2/1 45/2/1
f 45/2/1 84/2/1 43/2/1
f 43/2/1 84/2/1 41/2/1
f 41/2/1 84/2/1 39/2/1
f 39/2/1 84/2/1 37/2/1
f 37/2/1 84/2/1 34/2/1
f 34/2/1 84/2/1 33/2/1
f 33/2/1 84/2/1 81/2/1
g suction_cover
f 85/4/3 87/4/3 86/4/31
f 86/4/31 87/4/3 88/4/31
f 86/4/31 88/4/31 89/4/6
f 89/4/6 88/4/31 90/4/6
f 89/4/6 90/4/6 91/4/32
f 91/4/32 90/4/6 92/4/32
f 91/4/32 92/4/32 93/4/4
f 93/4/4 92/4/32 94/4/4
f 93/4/4 94/4/4 95/4/33
f 95/4/33 94/4/4 96/4/33
f 95/4/33 96/4/33 97/4/5
f 97/4/5 96/4/33 98/4/5
f 97/4/5 98/4/5 99/4/34
f 99/4/34 98/4/5 100/4/34
f 99/4/34 100/4/34 85/4/3
f 85/4/3 100/4/34 87/4/3
f 88/4/1 87/4/1 90/4/1
f 90/4/1 87/4/1 92/4/1
f 92/4/1 87/4/1 94/4/1
f 94/4/1 87/4/1 96/4/1
f 96/4/1 87/4/1 98/4/1
f 98/4/1 87/4/1 100/4/1
f 97/4/2 99/4/2 95/4/2
f 95/4/2 99/4/2 93/4/2
f 93/4/2 99/4/2 91/4/2
f 91/4/2 99/4/2 89/4/2
f 89/4/2 99/4/2 86/4/2
f 86/4/2 99/4/2 85/4/2
g cover_bolt
f 101/3/35 103/3/35 102/3/35
f 102/3/35 103/3/35 104/3/35
f 102/3/6 104/3/6 105/3/6
f 105/3/6 104/3/6 106/3/6
f 105/3/36 106/3/36 107/3/36
f 107/3/36 106/3/36 108/3/36
f 107/3/37 108/3/37 109/3/37
f 109/3/37 108/3/37 110/3/37
f 109/3/5 110/3/5 111/3/5
f 111/3/5 110/3/5 112/3/5
f 111/3/38 112/3/38 101/3/38
f 101/3/38 112/3/38 103/3/38
f 104/3/1 103/3/1 106/3/1
f 106/3/1 103/3/1 108/3/1
f 108/3/1 103/3/1 110/3/1
f 110/3/1 103/3/1 112/3/1
f 109/3/2 111/3/2 107/3/2
f 107/3/2 111/3/2 105/3/2
f 105/3/2 111/3/2 102/3/2
f 102/3/2 111/3/2 101/3/2
f 113/3/35 115/3/35 114/3/35
f 114/3/35 115/3/35 116/3/35
f 114/3/6 116/3/6 117/3/6
f 117/3/6 116/3/6 118/3/6
f 117/3/36 118/3/36 119/3/36
f 119/3/36 118/3/36 120/3/36
f 119/3/37 120/3/37 121/3/37
f 121/3/37 120/3/37 122/3/37
f 121/3/5 122/3/5 123/3/5
f 123/3/5 122/3/5 124/3/5
f 123/3/38 124/3/38 113/3/38
f 113/3/38 124/3/38 115/3/38
f 116/3/1 115/3/1 118/3/1
f 118/3/1 115/3/1 120/3/1
f 120/3/1 115/3/1 122/3/1
f 122/3/1 115/3/1 124/3/1
f 121/3/2 123/3/2 119/3/2
f 119/3/2 123/3/2 117/3/2
f 117/3/2 123/3/2 114/3/2
f 114/3/2 123/3/2 113/3/2
f 125/3/35 127/3/35 126/3/35
f 126/3/35 127/3/35 128/3/35
f 126/3/6 128/3/6 129/3/6
f 129/3/6 128/3/6 130/3/6
f 129/3/36 130/3/36 131/3/36
f 131/3/36 130/3/36 132/3/36
f 131/3/37 132/3/37 133/3/37
f 133/3/37 132/3/37 134/3/37
f 133/3/5 134/3/5 135/3/5
f 135/3/5 134/3/5 136/3/5
f 135/3/38 136/3/38 125/3/38
f 125/3/38 136/3/38 127/3/38
f 128/3/1 127/3/1 130/3/1
f 130/3/1 127/3/1 132/3/1
f 132/3/1 127/3/1 134/3/1
f 134/3/1 127/3/1 136/3/1
f 133/3/2 135/3/2 131/3/2
f 131/3/2 135/3/2 129/3/2
f 129/3/2 135/3/2 126/3/2
f 126/3/2 135/3/2 125/3/2
f 137/3/35 139/3/35 138/3/35
f 138/3/35 139/3/35 140/3/35
f 138/3/6 140/3/6 141/3/6
f 141/3/6 140/3/6 142/3/6
f 141/3/36 142/3/36 143/3/36
f 143/3/36 142/3/36 144/3/36
f 143/3/37 144/3/37 145/3/37
f 145/3/37 144/3/37 146/3/37
f 145/3/5 146/3/5 147/3/5
f 147/3/5 146/3/5 148/3/5
f 147/3/38 148/3/38 137/3/38
f 137/3/38 148/3/38 139/3/38
f 140/3/1 139/3/1 142/3/1
f 142/3/1 139/3/1 144/3/1
f 144/3/1 139/3/1 146/3/1
f 146/3/1 139/3/1 148/3/1
f 145/3/2 147/3/2 143/3/2
f 143/3/2 147/3/2 141/3/2
f 141/3/2 147/3/2 138/3/2
f 138/3/2 147/3/2 137/3/2
f 149/3/35 151/3/35 150/3/35
f 150/3/35 151/3/35 152/3/35
f 150/3/6 152/3/6 153/3/6
f 153/3/6 152/3/6 154/3/6
f 153/3/36 154/3/36 155/3/36
f 155/3/36 154/3/36 156/3/36
f 155/3/37 156/3/37 157/3/37
f 157/3/37 156/3/37 158/3/37
f 157/3/5 158/3/5 159/3/5
f 159/3/5 158/3/5 160/3/5
f 159/3/38 160/3/38 149/3/38
f 149/3/38 160/3/38 151/3/38
f 152/3/1 151/3/1 154/3/1
f 154/3/1 151/3/1 156/3/1
f 156/3/1 151/3/1 158/3/1
f 158/3/1 151/3/1 160/3/1
f 157/3/2 159/3/2 155/3/2
f 155/3/2 159/3/2 153/3/2
f 153/3/2 159/3/2 150/3/2
f 150/3/2 159/3/2 149/3/2
f 161/3/35 163/3/35 162/3/35
f 162/3/35 163/3/35 164/3/35
f 162/3/6 164/3/6 165/3/6
f 165/3/6 164/3/6 166/3/6
f 165/3/36 166/3/36 167/3/36
f 167/3/36 166/3/36 168/3/36
f 167/3/37 168/3/37 169/3/37
f 169/3/37 168/3/37 170/3/37
f 169/3/5 170/3/5 171/3/5
f 171/3/5 170/3/5 172/3/5
f 171/3/38 172/3/38 161/3/38
f 161/3/38 172/3/38 163/3/38
f 164/3/1 163/3/1 166/3/1
f 166/3/1 163/3/1 168/3/1
f 168/3/1 163/3/1 170/3/1
f 170/3/1 163/3/1 172/3/1
f 169/3/2 171/3/2 167/3/2
f 167/3/2 171/3/2 165/3/2
f 165/3/2 171/3/2 162/3/2
f 162/3/2 171/3/2 161/3/2
g hose_fitting
f 173/4/39 175/4/39 174/4/39
f 176/4/39 173/4/39 174/4/39
f 177/4/6 173/4/6 176/4/6
f 178/4/6 177/4/6 176/4/6
f 179/4/40 177/4/40 178/4/40
f 180/4/40 179/4/40 178/4/40
f 181/4/41 179/4/41 180/4/41
f 182/4/41 181/4/41 180/4/41
f 183/4/5 181/4/5 182/4/5
f 184/4/5 183/4/5 182/4/5
f 175/4/42 183/4/42 184/4/42
f 174/4/42 175/4/42 184/4/42
f 185/4/39 186/4/39 175/4/39
f 173/4/39 185/4/39 175/4/39
f 187/4/6 185/4/6 173/4/6
f 177/4/6 187/4/6 173/4/6
f 188/4/40 187/4/40 177/4/40
f 179/4/40 188/4/40 177/4/40
f 189/4/41 188/4/41 179/4/41
f 181/4/41 189/4/41 179/4/41
f 190/4/5 189/4/5 181/4/5
f 183/4/5 190/4/5 181/4/5
f 186/4/42 190/4/42 183/4/42
f 175/4/42 186/4/42 183/4/42
f 191/4/1 192/4/1 186/4/1
f 185/4/1 191/4/1 186/4/1
f 193/4/1 191/4/1 185/4/1
f 187/4/1 193/4/1 185/4/1
f 194/4/1 193/4/1 187/4/1
f 188/4/1 194/4/1 187/4/1
f 195/4/1 194/4/1 188/4/1
f 189/4/1 195/4/1 188/4/1
f 196/4/1 195/4/1 189/4/1
f 190/4/1 196/4/1 189/4/1
f 192/4/1 196/4/1 190/4/1
f 186/4/1 192/4/1 190/4/1
f 197/4/43 198/4/43 192/4/43
f 191/4/43 197/4/43 192/4/43
f 199/4/6 197/4/6 191/4/6
f 193/4/6 199/4/6 191/4/6
f 200/4/44 199/4/44 193/4/44
f 194/4/44 200/4/44 193/4/44
f 201/4/45 200/4/45 194/4/45
f 195/4/45 201/4/45 194/4/45
f 202/4/5 201/4/5 195/4/5
f 196/4/5 202/4/5 195/4/5
f 198/4/46 202/4/46 196/4/46
f 192/4/46 198/4/46 196/4/46
f 178/4/2 176/4/2 174/4/2
f 180/4/2 178/4/2 174/4/2
f 182/4/2 180/4/2 174/4/2
f 184/4/2 182/4/2 174/4/2
f 200/3/1 201/3/1 202/3/1
f 199/3/1 200/3/1 202/3/1
f 197/3/1 199/3/1 202/3/1
f 198/3/1 197/3/1 202/3/1
g bearing_housing
f 203/4/3 205/4/3 204/4/31
f 204/4/31 205/4/3 206/4/31
f 204/4/31 206/4/31 207/4/6
f 207/4/6 206/4/31 208/4/6
f 207/4/6 208/4/6 209/4/32
f 209/4/32 208/4/6 210/4/32
f 209/4/32 210/4/32 211/4/4
f 211/4/4 210/4/32 212/4/4
f 211/4/4 212/4/4 213/4/33
f 213/4/33 212/4/4 214/4/33
f 213/4/33 214/4/33 215/4/5
f 215/4/5 214/4/33 216/4/5
f 215/4/5 216/4/5 217/4/34
f 217/4/34 216/4/5 218/4/34
f 217/4/34 218/4/34 203/4/3
f 203/4/3 218/4/34 205/4/3
f 206/4/1 205/4/1 208/4/1
f 208/4/1 205/4/1 210/4/1
f 210/4/1 205/4/1 212/4/1
f 212/4/1 205/4/1 214/4/1
f 214/4/1 205/4/1 216/4/1
f 216/4/1 205/4/1 218/4/1
f 215/4/2 217/4/2 213/4/2
f 213/4/2 217/4/2 211/4/2
f 211/4/2 217/4/2 209/4/2
f 209/4/2 217/4/2 207/4/2
f 207/4/2 217/4/2 204/4/2
f 204/4/2 217/4/2 203/4/2
g bearing_foot
f 219/4/1 221/4/1 220/4/1
f 220/4/1 221/4/1 222/4/1
f 223/4/2 225/4/2 224/4/2
f 224/4/2 225/4/2 226/4/2
f 221/4/3 219/4/3 223/4/3
f 223/4/3 219/4/3 225/4/3
f 220/4/4 222/4/4 226/4/4
f 226/4/4 222/4/4 224/4/4
f 221/4/5 223/4/5 222/4/5
f 222/4/5 223/4/5 224/4/5
f 225/4/6 219/4/6 226/4/6
f 226/4/6 219/4/6 220/4/6
g drive_shaft
f 227/4/40 229/4/40 228/4/40
f 228/4/40 229/4/40 230/4/40
f 228/4/6 230/4/6 231/4/6
f 231/4/6 230/4/6 232/4/6
f 231/4/39 232/4/39 233/4/39
f 233/4/39 232/4/39 234/4/39
f 233/4/42 234/4/42 235/4/42
f 235/4/42 234/4/42 236/4/42
f 235/4/5 236/4/5 237/4/5
f 237/4/5 236/4/5 238/4/5
f 237/4/41 238/4/41 227/4/41
f 227/4/41 238/4/41 229/4/41
f 230/4/1 229/4/1 232/4/1
f 232/4/1 229/4/1 234/4/1
f 234/4/1 229/4/1 236/4/1
f 236/4/1 229/4/1 238/4/1
f 235/4/2 237/4/2 233/4/2
f 233/4/2 237/4/2 231/4/2
f 231/4/2 237/4/2 228/4/2
f 228/4/2 237/4/2 227/4/2
g motor
f 239/1/3 241/1/3 240/1/31
f 240/1/31 241/1/3 242/1/31
f 240/1/31 242/1/31 243/1/6
f 243/1/6 242/1/31 244/1/6
f 243/1/6 244/1/6 245/1/32
f 245/1/32 244/1/6 246/1/32
f 245/1/32 246/1/32 247/1/4
f 247/1/4 246/1/32 248/1/4
f 247/1/4 248/1/4 249/1/33
f 249/1/33 248/1/4 250/1/33
f 249/1/33 250/1/33 251/1/5
f 251/1/5 250/1/33 252/1/5
f 251/1/5 252/1/5 253/1/34
f 253/1/34 252/1/5 254/1/34
f 253/1/34 254/1/34 239/1/3
f 239/1/3 254/1/34 241/1/3
f 242/1/1 241/1/1 244/1/1
f 244/1/1 241/1/1 246/1/1
f 246/1/1 241/1/1 248/1/1
f 248/1/1 241/1/1 250/1/1
f 250/1/1 241/1/1 252/1/1
f 252/1/1 241/1/1 254/1/1
f 251/1/2 253/1/2 249/1/2
f 249/1/2 253/1/2 247/1/2
f 247/1/2 253/1/2 245/1/2
f 245/1/2 253/1/2 243/1/2
f 243/1/2 253/1/2 240/1/2
f 240/1/2 253/1/2 239/1/2
g motor_fan_cover
f 255/3/3 257/3/3 256/3/31
f 256/3/31 257/3/3 258/3/31
f 256/3/31 258/3/31 259/3/6
f 259/3/6 258/3/31 260/3/6
f 259/3/6 260/3/6 261/3/32
f 261/3/32 260/3/6 262/3/32
f 261/3/32 262/3/32 263/3/4
f 263/3/4 262/3/32 264/3/4
f 263/3/4 264/3/4 265/3/33
f 265/3/33 264/3/4 266/3/33
f 265/3/33 266/3/33 267/3/5
f 267/3/5 266/3/33 268/3/5
f 267/3/5 268/3/5 269/3/34
f 269/3/34 268/3/5 270/3/34
f 269/3/34 270/3/34 255/3/3
f 255/3/3 270/3/34 257/3/3
f 258/3/1 257/3/1 260/3/1
f 260/3/1 257/3/1 262/3/1
f 262/3/1 257/3/1 264/3/1
f 264/3/1 257/3/1 266/3/1
f 266/3/1 257/3/1 268/3/1
f 268/3/1 257/3/1 270/3/1
f 267/3/2 269/3/2 265/3/2
f 265/3/2 269/3/2 263/3/2
f 263/3/2 269/3/2 261/3/2
f 261/3/2 269/3/2 259/3/2
f 259/3/2 269/3/2 256/3/2
f 256/3/2 269/3/2 255/3/2
g motor_feet
f 271/3/1 273/3/1 272/3/1
f 272/3/1 273/3/1 274/3/1
f 275/3/2 277/3/2 276/3/2
f 276/3/2 277/3/2 278/3/2
f 273/3/3 271/3/3 275/3/3
f 275/3/3 271/3/3 277/3/3
f 272/3/4 274/3/4 278/3/4
f 278/3/4 274/3/4 276/3/4
f 273/3/5 275/3/5 274/3/5
f 274/3/5 275/3/5 276/3/5
f 277/3/6 271/3/6 278/3/6
f 278/3/6 271/3/6 272/3/6
f 279/3/1 281/3/1 280/3/1
f 280/3/1 281/3/1 282/3/1
f 283/3/2 285/3/2 284/3/2
f 284/3/2 285/3/2 286/3/2
f 281/3/3 279/3/3 283/3/3
f 283/3/3 279/3/3 285/3/3
f 280/3/4 282/3/4 286/3/4
f 286/3/4 282/3/4 284/3/4
f 281/3/5 283/3/5 282/3/5
f 282/3/5 283/3/5 284/3/5
f 285/3/6 279/3/6 286/3/6
f 286/3/6 279/3/6 280/3/6
g motor_fin
f 287/1/47 289/1/47 288/1/47
f 288/1/47 289/1/47 290/1/47
f 288/1/5 290/1/5 291/1/5
f 291/1/5 290/1/5 292/1/5
f 291/1/48 292/1/48 293/1/48
f 293/1/48 292/1/48 294/1/48
f 293/1/49 294/1/49 295/1/49
f 295/1/49 294/1/49 296/1/49
f 295/1/6 296/1/6 297/1/6
f 297/1/6 296/1/6 298/1/6
f 297/1/50 298/1/50 287/1/50
f 287/1/50 298/1/50 289/1/50
f 290/1/1 289/1/1 292/1/1
f 292/1/1 289/1/1 294/1/1
f 294/1/1 289/1/1 296/1/1
f 296/1/1 289/1/1 298/1/1
f 295/1/2 297/1/2 293/1/2
f 293/1/2 297/1/2 291/1/2
f 291/1/2 297/1/2 288/1/2
f 288/1/2 297/1/2 287/1/2
f 299/1/51 301/1/51 300/1/51
f 300/1/51 301/1/51 302/1/51
f 300/1/5 302/1/5 303/1/5
f 303/1/5 302/1/5 304/1/5
f 303/1/52 304/1/52 305/1/52
f 305/1/52 304/1/52 306/1/52
f 305/1/53 306/1/53 307/1/53
f 307/1/53 306/1/53 308/1/53
f 307/1/6 308/1/6 309/1/6
f 309/1/6 308/1/6 310/1/6
f 309/1/54 310/1/54 299/1/54
f 299/1/54 310/1/54 301/1/54
f 302/1/1 301/1/1 304/1/1
f 304/1/1 301/1/1 306/1/1
f 306/1/1 301/1/1 308/1/1
f 308/1/1 301/1/1 310/1/1
f 307/1/2 309/1/2 305/1/2
f 305/1/2 309/1/2 303/1/2
f 303/1/2 309/1/2 300/1/2
f 300/1/2 309/1/2 299/1/2
f 311/1/51 313/1/51 312/1/51
f 312/1/51 313/1/51 314/1/51
f 312/1/5 314/1/5 315/1/5
f 315/1/5 314/1/5 316/1/5
f 315/1/52 316/1/52 317/1/52
f 317/1/52 316/1/52 318/1/52
f 317/1/53 318/1/53 319/1/53
f 319/1/53 318/1/53 320/1/53
f 319/1/6 320/1/6 321/1/6
f 321/1/6 320/1/6 322/1/6
f 321/1/54 322/1/54 311/1/54
f 311/1/54 322/1/54 313/1/54
f 314/1/1 313/1/1 316/1/1
f 316/1/1 313/1/1 318/1/1
f 318/1/1 313/1/1 320/1/1
f 320/1/1 313/1/1 322/1/1
f 319/1/2 321/1/2 317/1/2
f 317/1/2 321/1/2 315/1/2
f 315/1/2 321/1/2 312/1/2
f 312/1/2 321/1/2 311/1/2
f 323/1/47 325/1/47 324/1/47
f 324/1/47 325/1/47 326/1/47
f 324/1/5 326/1/5 327/1/5
f 327/1/5 326/1/5 328/1/5
f 327/1/48 328/1/48 329/1/48
f 329/1/48 328/1/48 330/1/48
f 329/1/49 330/1/49 331/1/49
f 331/1/49 330/1/49 332/1/49
f 331/1/6 332/1/6 333/1/6
f 333/1/6 332/1/6 334/1/6
f 333/1/50 334/1/50 323/1/50
f 323/1/50 334/1/50 325/1/50
f 326/1/1 325/1/1 328/1/1
f 328/1/1 325/1/1 330/1/1
f 330/1/1 325/1/1 332/1/1
f 332/1/1 325/1/1 334/1/1
f 331/1/2 333/1/2 329/1/2
f 329/1/2 333/1/2 327/1/2
f 327/1/2 333/1/2 324/1/2
f 324/1/2 333/1/2 323/1/2
f 335/1/51 337/1/51 336/1/51
f 336/1/51 337/1/51 338/1/51
f 336/1/5 338/1/5 339/1/5
f 339/1/5 338/1/5 340/1/5
f 339/1/52 340/1/52 341/1/52
f 341/1/52 340/1/52 342/1/52
f 341/1/53 342/1/53 343/1/53
f 343/1/53 342/1/53 344/1/53
f 343/1/6 344/1/6 345/1/6
f 345/1/6 344/1/6 346/1/6
f 345/1/54 346/1/54 335/1/54
f 335/1/54 346/1/54 337/1/54
f 338/1/1 337/1/1 340/1/1
f 340/1/1 337/1/1 342/1/1
f 342/1/1 337/1/1 344/1/1
f 344/1/1 337/1/1 346/1/1
f 343/1/2 345/1/2 341/1/2
f 341/1/2 345/1/2 339/1/2
f 339/1/2 345/1/2 336/1/2
f 336/1/2 345/1/2 335/1/2
f 347/1/47 349/1/47 348/1/47
f 348/1/47 349/1/47 350/1/47
f 348/1/5 350/1/5 351/1/5
f 351/1/5 350/1/5 352/1/5
f 351/1/48 352/1/48 353/1/48
f 353/1/48 352/1/48 354/1/48
f 353/1/49 354/1/49 355/1/49
f 355/1/49 354/1/49 356/1/49
f 355/1/6 356/1/6 357/1/6
f 357/1/6 356/1/6 358/1/6
f 357/1/50 358/1/50 347/1/50
f 347/1/50 358/1/50 349/1/50
f 350/1/1 349/1/1 352/1/1
f 352/1/1 349/1/1 354/1/1
f 354/1/1 349/1/1 356/1/1
f 356/1/1 349/1/1 358/1/1
f 355/1/2 357/1/2 353/1/2
f 353/1/2 357/1/2 351/1/2
f 351/1/2 357/1/2 348/1/2
f 348/1/2 357/1/2 347/1/2
f 359/1/47 361/1/47 360/1/47
f 360/1/47 361/1/47 362/1/47
f 360/1/5 362/1/5 363/1/5
f 363/1/5 362/1/5 364/1/5
f 363/1/48 364/1/48 365/1/48
f 365/1/48 364/1/48 366/1/48
f 365/1/49 366/1/49 367/1/49
f 367/1/49 366/1/49 368/1/49
f 367/1/6 368/1/6 369/1/6
f 369/1/6 368/1/6 370/1/6
f 369/1/50 370/1/50 359/1/50
f 359/1/50 370/1/50 361/1/50
f 362/1/1 361/1/1 364/1/1
f 364/1/1 361/1/1 366/1/1
f 366/1/1 361/1/1 368/1/1
f 368/1/1 361/1/1 370/1/1
f 367/1/2 369/1/2 365/1/2
f 365/1/2 369/1/2 363/1/2
f 363/1/2 369/1/2 360/1/2
f 360/1/2 369/1/2 359/1/2
f 371/1/51 373/1/51 372/1/51
f 372/1/51 373/1/51 374/1/51
f 372/1/5 374/1/5 375/1/5
f 375/1/5 374/1/5 376/1/5
f 375/1/52 376/1/52 377/1/52
f 377/1/52 376/1/52 378/1/52
f 377/1/53 378/1/53 379/1/53
f 379/1/53 378/1/53 380/1/53
f 379/1/6 380/1/6 381/1/6
f 381/1/6 380/1/6 382/1/6
f 381/1/54 382/1/54 371/1/54
f 371/1/54 382/1/54 373/1/54
f 374/1/1 373/1/1 376/1/1
f 376/1/1 373/1/1 378/1/1
f 378/1/1 373/1/1 380/1/1
f 380/1/1 373/1/1 382/1/1
f 379/1/2 381/1/2 377/1/2
f 377/1/2 381/1/2 375/1/2
f 375/1/2 381/1/2 372/1/2
f 372/1/2 381/1/2 371/1/2
g coupling_guard
f 383/1/55 385/1/55 384/1/55
f 384/1/55 385/1/55 386/1/55
f 384/1/2 386/1/2 387/1/2
f 387/1/2 386/1/2 388/1/2
f 387/1/56 388/1/56 389/1/56
f 389/1/56 388/1/56 390/1/56
f 389/1/1 390/1/1 383/1/1
f 383/1/1 390/1/1 385/1/1
f 391/1/33 383/1/33 392/1/33
f 392/1/33 383/1/33 384/1/33
f 392/1/2 384/1/2 393/1/2
f 393/1/2 384/1/2 387/1/2
f 393/1/31 387/1/31 394/1/31
f 394/1/31 387/1/31 389/1/31
f 394/1/1 389/1/1 391/1/1
f 391/1/1 389/1/1 383/1/1
f 395/1/57 391/1/57 396/1/57
f 396/1/57 391/1/57 392/1/57
f 396/1/2 392/1/2 397/1/2
f 397/1/2 392/1/2 393/1/2
f 397/1/58 393/1/58 398/1/58
f 398/1/58 393/1/58 394/1/58
f 398/1/1 394/1/1 395/1/1
f 395/1/1 394/1/1 391/1/1
f 399/1/59 395/1/59 400/1/59
f 400/1/59 395/1/59 396/1/59
f 400/1/2 396/1/2 401/1/2
f 401/1/2 396/1/2 397/1/2
f 401/1/60 397/1/60 402/1/60
f 402/1/60 397/1/60 398/1/60
f 402/1/1 398/1/1 399/1/1
f 399/1/1 398/1/1 395/1/1
f 403/1/32 399/1/32 404/1/32
f 404/1/32 399/1/32 400/1/32
f 404/1/2 400/1/2 405/1/2
f 405/1/2 400/1/2 401/1/2
f 405/1/34 401/1/34 406/1/34
f 406/1/34 401/1/34 402/1/34
f 406/1/1 402/1/1 403/1/1
f 403/1/1 402/1/1 399/1/1
f 407/1/61 403/1/61 408/1/61
f 408/1/61 403/1/61 404/1/61
f 408/1/2 404/1/2 409/1/2
f 409/1/2 404/1/2 405/1/2
f 409/1/62 405/1/62 410/1/62
f 410/1/62 405/1/62 406/1/62
f 410/1/1 406/1/1 407/1/1
f 407/1/1 406/1/1 403/1/1
f 386/1/3 385/1/3 388/1/3
f 388/1/3 385/1/3 390/1/3
f 409/1/3 410/1/3 408/1/3
f 408/1/3 410/1/3 407/1/3
f 411/1/55 413/1/55 412/1/55
f 412/1/55 413/1/55 414/1/55
f 412/1/2 414/1/2 415/1/2
f 415/1/2 414/1/2 416/1/2
f 415/1/56 416/1/56 417/1/56
f 417/1/56 416/1/56 418/1/56
f 417/1/1 418/1/1 411/1/1
f 411/1/1 418/1/1 413/1/1
f 419/1/33 411/1/33 420/1/33
f 420/1/33 411/1/33 412/1/33
f 420/1/2 412/1/2 421/1/2
f 421/1/2 412/1/2 415/1/2
f 421/1/31 415/1/31 422/1/31
f 422/1/31 415/1/31 417/1/31
f 422/1/1 417/1/1 419/1/1
f 419/1/1 417/1/1 411/1/1
f 423/1/57 419/1/57 424/1/57
f 424/1/57 419/1/57 420/1/57
f 424/1/2 420/1/2 425/1/2
f 425/1/2 420/1/2 421/1/2
f 425/1/58 421/1/58 426/1/58
f 426/1/58 421/1/58 422/1/58
f 426/1/1 422/1/1 423/1/1
f 423/1/1 422/1/1 419/1/1
f 427/1/59 423/1/59 428/1/59
f 428/1/59 423/1/59 424/1/59
f 428/1/2 424/1/2 429/1/2
f 429/1/2 424/1/2 425/1/2
f 429/1/60 425/1/60 430/1/60
f 430/1/60 425/1/60 426/1/60
f 430/1/1 426/1/1 427/1/1
f 427/1/1 426/1/1 423/1/1
f 431/1/32 427/1/32 432/1/32
f 432/1/32 427/1/32 428/1/32
f 432/1/2 428/1/2 433/1/2
f 433/1/2 428/1/2 429/1/2
f 433/1/34 429/1/34 434/1/34
f 434/1/34 429/1/34 430/1/34
f 434/1/1 430/1/1 431/1/1
f 431/1/1 430/1/1 427/1/1
f 435/1/61 431/1/61 436/1/61
f 436/1/61 431/1/61 432/1/61
f 436/1/2 432/1/2 437/1/2
f 437/1/2 432/1/2 433/1/2
f 437/1/62 433/1/62 438/1/62
f 438/1/62 433/1/62 434/1/62
f 438/1/1 434/1/1 435/1/1
f 435/1/1 434/1/1 431/1/1
f 414/1/3 413/1/3 416/1/3
f 416/1/3 413/1/3 418/1/3
f 437/1/3 438/1/3 436/1/3
f 436/1/3 438/1/3 435/1/3
f 439/1/63 441/1/63 440/1/63
f 440/1/63 441/1/63 442/1/63
f 440/1/2 442/1/2 443/1/2
f 443/1/2 442/1/2 444/1/2
f 443/1/64 444/1/64 445/1/64
f 445/1/64 444/1/64 446/1/64
f 445/1/1 446/1/1 439/1/1
f 439/1/1 446/1/1 441/1/1
f 447/1/65 439/1/65 448/1/65
f 448/1/65 439/1/65 440/1/65
f 448/1/2 440/1/2 449/1/2
f 449/1/2 440/1/2 443/1/2
f 449/1/66 443/1/66 450/1/66
f 450/1/66 443/1/66 445/1/66
f 450/1/1 445/1/1 447/1/1
f 447/1/1 445/1/1 439/1/1
f 451/1/67 447/1/67 452/1/67
f 452/1/67 447/1/67 448/1/67
f 452/1/2 448/1/2 453/1/2
f 453/1/2 448/1/2 449/1/2
f 453/1/68 449/1/68 454/1/68
f 454/1/68 449/1/68 450/1/68
f 454/1/1 450/1/1 451/1/1
f 451/1/1 450/1/1 447/1/1
f 455/1/69 451/1/69 456/1/69
f 456/1/69 451/1/69 452/1/69
f 456/1/2 452/1/2 457/1/2
f 457/1/2 452/1/2 453/1/2
f 457/1/70 453/1/70 458/1/70
f 458/1/70 453/1/70 454/1/70
f 458/1/1 454/1/1 455/1/1
f 455/1/1 454/1/1 451/1/1
f 459/1/71 455/1/71 460/1/71
f 460/1/71 455/1/71 456/1/71
f 460/1/2 456/1/2 461/1/2
f 461/1/2 456/1/2 457/1/2
f 461/1/72 457/1/72 462/1/72
f 462/1/72 457/1/72 458/1/72
f 462/1/1 458/1/1 459/1/1
f 459/1/1 458/1/1 455/1/1
f 463/1/73 459/1/73 464/1/73
f 464/1/73 459/1/73 460/1/73
f 464/1/2 460/1/2 465/1/2
f 465/1/2 460/1/2 461/1/2
f 465/1/74 461/1/74 466/1/74
f 466/1/74 461/1/74 462/1/74
f 466/1/1 462/1/1 463/1/1
f 463/1/1 462/1/1 459/1/1
f 442/1/75 441/1/75 444/1/75
f 444/1/75 441/1/75 446/1/75
f 465/1/76 466/1/76 464/1/76
f 464/1/76 466/1/76 463/1/76
f 467/1/77 469/1/77 468/1/77
f 468/1/77 469/1/77 470/1/77
f 468/1/2 470/1/2 471/1/2
f 471/1/2 470/1/2 472/1/2
f 471/1/78 472/1/78 473/1/78
f 473/1/78 472/1/78 474/1/78
f 473/1/1 474/1/1 467/1/1
f 467/1/1 474/1/1 469/1/1
f 475/1/79 467/1/79 476/1/79
f 476/1/79 467/1/79 468/1/79
f 476/1/2 468/1/2 477/1/2
f 477/1/2 468/1/2 471/1/2
f 477/1/80 471/1/80 478/1/80
f 478/1/80 471/1/80 473/1/80
f 478/1/1 473/1/1 475/1/1
f 475/1/1 473/1/1 467/1/1
f 479/1/81 475/1/81 480/1/81
f 480/1/81 475/1/81 476/1/81
f 480/1/2 476/1/2 481/1/2
f 481/1/2 476/1/2 477/1/2
f 481/1/82 477/1/82 482/1/82
f 482/1/82 477/1/82 478/1/82
f 482/1/1 478/1/1 479/1/1
f 479/1/1 478/1/1 475/1/1
f 483/1/83 479/1/83 484/1/83
f 484/1/83 479/1/83 480/1/83
f 484/1/2 480/1/2 485/1/2
f 485/1/2 480/1/2 481/1/2
f 485/1/84 481/1/84 486/1/84
f 486/1/84 481/1/84 482/1/84
f 486/1/1 482/1/1 483/1/1
f 483/1/1 482/1/1 479/1/1
f 487/1/85 483/1/85 488/1/85
f 488/1/85 483/1/85 484/1/85
f 488/1/2 484/1/2 489/1/2
f 489/1/2 484/1/2 485/1/2
f 489/1/86 485/1/86 490/1/86
f 490/1/86 485/1/86 486/1/86
f 490/1/1 486/1/1 487/1/1
f 487/1/1 486/1/1 483/1/1
f 491/1/87 487/1/87 492/1/87
f 492/1/87 487/1/87 488/1/87
f 492/1/2 488/1/2 493/1/2
f 493/1/2 488/1/2 489/1/2
f 493/1/88 489/1/88 494/1/88
f 494/1/88 489/1/88 490/1/88
f 494/1/1 490/1/1 491/1/1
f 491/1/1 490/1/1 487/1/1
f 470/1/89 469/1/89 472/1/89
f 472/1/89 469/1/89 474/1/89
f 493/1/90 494/1/90 492/1/90
f 492/1/90 494/1/90 491/1/90
f 495/1/91 497/1/91 496/1/91
f 496/1/91 497/1/91 498/1/91
f 496/1/2 498/1/2 499/1/2
f 499/1/2 498/1/2 500/1/2
f 499/1/92 500/1/92 501/1/92
f 501/1/92 500/1/92 502/1/92
f 501/1/1 502/1/1 495/1/1
f 495/1/1 502/1/1 497/1/1
f 503/1/93 495/1/93 504/1/93
f 504/1/93 495/1/93 496/1/93
f 504/1/2 496/1/2 505/1/2
f 505/1/2 496/1/2 499/1/2
f 505/1/94 499/1/94 506/1/94
f 506/1/94 499/1/94 501/1/94
f 506/1/1 501/1/1 503/1/1
f 503/1/1 501/1/1 495/1/1
f 507/1/95 503/1/95 508/1/95
f 508/1/95 503/1/95 504/1/95
f 508/1/2 504/1/2 509/1/2
f 509/1/2 504/1/2 505/1/2
f 509/1/96 505/1/96 510/1/96
f 510/1/96 505/1/96 506/1/96
f 510/1/1 506/1/1 507/1/1
f 507/1/1 506/1/1 503/1/1
f 511/1/97 507/1/97 512/1/97
f 512/1/97 507/1/97 508/1/97
f 512/1/2 508/1/2 513/1/2
f 513/1/2 508/1/2 509/1/2
f 513/1/98 509/1/98 514/1/98
f 514/1/98 509/1/98 510/1/98
f 514/1/1 510/1/1 511/1/1
f 511/1/1 510/1/1 507/1/1
f 515/1/99 511/1/99 516/1/99
f 516/1/99 511/1/99 512/1/99
f 516/1/2 512/1/2 517/1/2
f 517/1/2 512/1/2 513/1/2
f 517/1/100 513/1/100 518/1/100
f 518/1/100 513/1/100 514/1/100
f 518/1/1 514/1/1 515/1/1
f 515/1/1 514/1/1 511/1/1
f 519/1/101 515/1/101 520/1/101
f 520/1/101 515/1/101 516/1/101
f 520/1/2 516/1/2 521/1/2
f 521/1/2 516/1/2 517/1/2
f 521/1/102 517/1/102 522/1/102
f 522/1/102 517/1/102 518/1/102
f 522/1/1 518/1/1 519/1/1
f 519/1/1 518/1/1 515/1/1
f 498/1/103 497/1/103 500/1/103
f 500/1/103 497/1/103 502/1/103
f 521/1/104 522/1/104 520/1/104
f 520/1/104 522/1/104 519/1/104
g tangential_discharge
f 523/2/105 525/2/105 524/2/105
f 524/2/105 525/2/105 526/2/105
f 524/2/106 526/2/106 527/2/106
f 527/2/106 526/2/106 528/2/106
f 527/2/107 528/2/107 529/2/107
f 529/2/107 528/2/107 530/2/107
f 529/2/108 530/2/108 531/2/108
f 531/2/108 530/2/108 532/2/108
f 531/2/109 532/2/109 533/2/109
f 533/2/109 532/2/109 534/2/109
f 533/2/110 534/2/110 535/2/110
f 535/2/110 534/2/110 536/2/110
f 535/2/111 536/2/111 537/2/111
f 537/2/111 536/2/111 538/2/111
f 537/2/112 538/2/112 523/2/112
f 523/2/112 538/2/112 525/2/112
f 539/2/113 523/2/113 540/2/113
f 540/2/114 523/2/114 524/2/114
f 540/2/115 524/2/115 541/2/115
f 541/2/116 524/2/116 527/2/116
f 541/2/117 527/2/117 542/2/117
f 542/2/118 527/2/118 529/2/118
f 542/2/119 529/2/119 543/2/119
f 543/2/120 529/2/120 531/2/120
f 543/2/121 531/2/121 544/2/121
f 544/2/122 531/2/122 533/2/122
f 544/2/123 533/2/123 545/2/123
f 545/2/124 533/2/124 535/2/124
f 545/2/125 535/2/125 546/2/125
f 546/2/126 535/2/126 537/2/126
f 546/2/127 537/2/127 539/2/127
f 539/2/128 537/2/128 523/2/128
f 547/2/129 539/2/129 548/2/129
f 548/2/130 539/2/130 540/2/130
f 548/2/131 540/2/131 549/2/131
f 549/2/132 540/2/132 541/2/132
f 549/2/133 541/2/133 550/2/133
f 550/2/134 541/2/134 542/2/134
f 550/2/135 542/2/135 551/2/135
f 551/2/136 542/2/136 543/2/136
f 551/2/137 543/2/137 552/2/137
f 552/2/138 543/2/138 544/2/138
f 552/2/139 544/2/139 553/2/139
f 553/2/140 544/2/140 545/2/140
f 553/2/141 545/2/141 554/2/141
f 554/2/142 545/2/142 546/2/142
f 554/2/143 546/2/143 547/2/143
f 547/2/144 546/2/144 539/2/144
f 555/2/145 547/2/145 556/2/145
f 556/2/146 547/2/146 548/2/146
f 556/2/147 548/2/147 557/2/147
f 557/2/148 548/2/148 549/2/148
f 557/2/149 549/2/149 558/2/149
f 558/2/150 549/2/150 550/2/150
f 558/2/151 550/2/151 559/2/151
f 559/2/152 550/2/152 551/2/152
f 559/2/153 551/2/153 560/2/153
f 560/2/154 551/2/154 552/2/154
f 560/2/155 552/2/155 561/2/155
f 561/2/156 552/2/156 553/2/156
f 561/2/157 553/2/157 562/2/157
f 562/2/158 553/2/158 554/2/158
f 562/2/159 554/2/159 555/2/159
f 555/2/160 554/2/160 547/2/160
f 563/2/161 555/2/161 564/2/161
f 564/2/162 555/2/162 556/2/162
f 564/2/163 556/2/163 565/2/163
f 565/2/164 556/2/164 557/2/164
f 565/2/165 557/2/165 566/2/165
f 566/2/166 557/2/166 558/2/166
f 566/2/167 558/2/167 567/2/167
f 567/2/168 558/2/168 559/2/168
f 567/2/169 559/2/169 568/2/169
f 568/2/170 559/2/170 560/2/170
f 568/2/171 560/2/171 569/2/171
f 569/2/172 560/2/172 561/2/172
f 569/2/173 561/2/173 570/2/173
f 570/2/174 561/2/174 562/2/174
f 570/2/175 562/2/175 563/2/175
f 563/2/176 562/2/176 555/2/176
f 571/2/177 563/2/177 572/2/177
f 572/2/178 563/2/178 564/2/178
f 572/2/179 564/2/179 573/2/179
f 573/2/180 564/2/180 565/2/180
f 573/2/181 565/2/181 574/2/181
f 574/2/182 565/2/182 566/2/182
f 574/2/183 566/2/183 575/2/183
f 575/2/184 566/2/184 567/2/184
f 575/2/185 567/2/185 576/2/185
f 576/2/186 567/2/186 568/2/186
f 576/2/187 568/2/187 577/2/187
f 577/2/188 568/2/188 569/2/188
f 577/2/189 569/2/189 578/2/189
f 578/2/190 569/2/190 570/2/190
f 578/2/191 570/2/191 571/2/191
f 571/2/192 570/2/192 563/2/192
f 579/2/193 571/2/193 580/2/193
f 580/2/194 571/2/194 572/2/194
f 580/2/195 572/2/195 581/2/195
f 581/2/196 572/2/196 573/2/196
f 581/2/197 573/2/197 582/2/197
f 582/2/198 573/2/198 574/2/198
f 582/2/199 574/2/199 583/2/199
f 583/2/200 574/2/200 575/2/200
f 583/2/201 575/2/201 584/2/201
f 584/2/202 575/2/202 576/2/202
f 584/2/203 576/2/203 585/2/203
f 585/2/204 576/2/204 577/2/204
f 585/2/205 577/2/205 586/2/205
f 586/2/206 577/2/206 578/2/206
f 586/2/207 578/2/207 579/2/207
f 579/2/208 578/2/208 571/2/208
f 587/2/209 579/2/209 588/2/209
f 588/2/209 579/2/209 580/2/209
f 588/2/210 580/2/210 589/2/210
f 589/2/210 580/2/210 581/2/210
f 589/2/211 581/2/211 590/2/211
f 590/2/211 581/2/211 582/2/211
f 590/2/212 582/2/212 591/2/212
f 591/2/212 582/2/212 583/2/212
f 591/2/213 583/2/213 592/2/213
f 592/2/213 583/2/213 584/2/213
f 592/2/214 584/2/214 593/2/214
f 593/2/214 584/2/214 585/2/214
f 593/2/215 585/2/215 594/2/215
f 594/2/215 585/2/215 586/2/215
f 594/2/216 586/2/216 587/2/216
f 587/2/216 586/2/216 579/2/216
f 595/2/217 587/2/217 596/2/217
f 596/2/218 587/2/218 588/2/218
f 596/2/219 588/2/219 597/2/219
f 597/2/220 588/2/220 589/2/220
f 597/2/221 589/2/221 598/2/221
f 598/2/222 589/2/222 590/2/222
f 598/2/223 590/2/223 599/2/223
f 599/2/224 590/2/224 591/2/224
f 599/2/225 591/2/225 600/2/225
f 600/2/226 591/2/226 592/2/226
f 600/2/227 592/2/227 601/2/227
f 601/2/228 592/2/228 593/2/228
f 601/2/229 593/2/229 602/2/229
f 602/2/230 593/2/230 594/2/230
f 602/2/231 594/2/231 595/2/231
f 595/2/232 594/2/232 587/2/232
f 603/2/233 595/2/233 604/2/233
f 604/2/234 595/2/234 596/2/234
f 604/2/235 596/2/235 605/2/235
f 605/2/236 596/2/236 597/2/236
f 605/2/237 597/2/237 606/2/237
f 606/2/238 597/2/238 598/2/238
f 606/2/239 598/2/239 607/2/239
f 607/2/240 598/2/240 599/2/240
f 607/2/241 599/2/241 608/2/241
f 608/2/242 599/2/242 600/2/242
f 608/2/243 600/2/243 609/2/243
f 609/2/244 600/2/244 601/2/244
f 609/2/245 601/2/245 610/2/245
f 610/2/246 601/2/246 602/2/246
f 610/2/247 602/2/247 603/2/247
f 603/2/248 602/2/248 595/2/248
f 611/2/249 603/2/249 612/2/249
f 612/2/250 603/2/250 604/2/250
f 612/2/251 604/2/251 613/2/251
f 613/2/252 604/2/252 605/2/252
f 613/2/253 605/2/253 614/2/253
f 614/2/254 605/2/254 606/2/254
f 614/2/255 606/2/255 615/2/255
f 615/2/256 606/2/256 607/2/256
f 615/2/257 607/2/257 616/2/257
f 616/2/258 607/2/258 608/2/258
f 616/2/259 608/2/259 617/2/259
f 617/2/260 608/2/260 609/2/260
f 617/2/261 609/2/261 618/2/261
f 618/2/262 609/2/262 610/2/262
f 618/2/263 610/2/263 611/2/263
f 611/2/264 610/2/264 603/2/264
f 619/2/265 611/2/265 620/2/265
f 620/2/266 611/2/266 612/2/266
f 620/2/267 612/2/267 621/2/267
f 621/2/268 612/2/268 613/2/268
f 621/2/269 613/2/269 622/2/269
f 622/2/270 613/2/270 614/2/270
f 622/2/271 614/2/271 623/2/271
f 623/2/272 614/2/272 615/2/272
f 623/2/273 615/2/273 624/2/273
f 624/2/274 615/2/274 616/2/274
f 624/2/275 616/2/275 625/2/275
f 625/2/276 616/2/276 617/2/276
f 625/2/277 617/2/277 626/2/277
f 626/2/278 617/2/278 618/2/278
f 626/2/279 618/2/279 619/2/279
f 619/2/280 618/2/280 611/2/280
f 627/2/281 619/2/281 628/2/281
f 628/2/282 619/2/282 620/2/282
f 628/2/283 620/2/283 629/2/283
f 629/2/284 620/2/284 621/2/284
f 629/2/285 621/2/285 630/2/285
f 630/2/286 621/2/286 622/2/286
f 630/2/287 622/2/287 631/2/287
f 631/2/288 622/2/288 623/2/288
f 631/2/289 623/2/289 632/2/289
f 632/2/290 623/2/290 624/2/290
f 632/2/291 624/2/291 633/2/291
f 633/2/292 624/2/292 625/2/292
f 633/2/293 625/2/293 634/2/293
f 634/2/294 625/2/294 626/2/294
f 634/2/295 626/2/295 627/2/295
f 627/2/296 626/2/296 619/2/296
f 635/2/297 627/2/297 636/2/297
f 636/2/298 627/2/298 628/2/298
f 636/2/299 628/2/299 637/2/299
f 637/2/300 628/2/300 629/2/300
f 637/2/301 629/2/301 638/2/301
f 638/2/302 629/2/302 630/2/302
f 638/2/303 630/2/303 639/2/303
f 639/2/304 630/2/304 631/2/304
f 639/2/305 631/2/305 640/2/305
f 640/2/306 631/2/306 632/2/306
f 640/2/307 632/2/307 641/2/307
f 641/2/308 632/2/308 633/2/308
f 641/2/309 633/2/309 642/2/309
f 642/2/310 633/2/310 634/2/310
f 642/2/311 634/2/311 635/2/311
f 635/2/312 634/2/312 627/2/312
f 643/2/313 635/2/313 644/2/313
f 644/2/313 635/2/313 636/2/313
f 644/2/314 636/2/314 645/2/314
f 645/2/314 636/2/314 637/2/314
f 645/2/315 637/2/315 646/2/315
f 646/2/315 637/2/315 638/2/315
f 646/2/316 638/2/316 647/2/316
f 647/2/316 638/2/316 639/2/316
f 647/2/317 639/2/317 648/2/317
f 648/2/317 639/2/317 640/2/317
f 648/2/318 640/2/318 649/2/318
f 649/2/318 640/2/318 641/2/318
f 649/2/319 641/2/319 650/2/319
f 650/2/319 641/2/319 642/2/319
f 650/2/320 642/2/320 643/2/320
f 643/2/320 642/2/320 635/2/320
f 651/2/321 643/2/321 652/2/321
f 652/2/322 643/2/322 644/2/322
f 652/2/323 644/2/323 653/2/323
f 653/2/324 644/2/324 645/2/324
f 653/2/325 645/2/325 654/2/325
f 654/2/326 645/2/326 646/2/326
f 654/2/327 646/2/327 655/2/327
f 655/2/328 646/2/328 647/2/328
f 655/2/329 647/2/329 656/2/329
f 656/2/330 647/2/330 648/2/330
f 656/2/331 648/2/331 657/2/331
f 657/2/332 648/2/332 649/2/332
f 657/2/333 649/2/333 658/2/333
f 658/2/334 649/2/334 650/2/334
f 658/2/335 650/2/335 651/2/335
f 651/2/336 650/2/336 643/2/336
f 659/2/337 651/2/337 660/2/337
f 660/2/338 651/2/338 652/2/338
f 660/2/339 652/2/339 661/2/339
f 661/2/340 652/2/340 653/2/340
f 661/2/341 653/2/341 662/2/341
f 662/2/342 653/2/342 654/2/342
f 662/2/343 654/2/343 663/2/343
f 663/2/344 654/2/344 655/2/344
f 663/2/345 655/2/345 664/2/345
f 664/2/346 655/2/346 656/2/346
f 664/2/347 656/2/347 665/2/347
f 665/2/348 656/2/348 657/2/348
f 665/2/349 657/2/349 666/2/349
f 666/2/350 657/2/350 658/2/350
f 666/2/351 658/2/351 659/2/351
f 659/2/352 658/2/352 651/2/352
f 667/2/353 659/2/353 668/2/353
f 668/2/354 659/2/354 660/2/354
f 668/2/355 660/2/355 669/2/355
f 669/2/356 660/2/356 661/2/356
f 669/2/357 661/2/357 670/2/357
f 670/2/358 661/2/358 662/2/358
f 670/2/359 662/2/359 671/2/359
f 671/2/360 662/2/360 663/2/360
f 671/2/361 663/2/361 672/2/361
f 672/2/362 663/2/362 664/2/362
f 672/2/363 664/2/363 673/2/363
f 673/2/364 664/2/364 665/2/364
f 673/2/365 665/2/365 674/2/365
f 674/2/366 665/2/366 666/2/366
f 674/2/367 666/2/367 667/2/367
f 667/2/368 666/2/368 659/2/368
f 675/2/369 667/2/369 676/2/369
f 676/2/370 667/2/370 668/2/370
f 676/2/371 668/2/371 677/2/371
f 677/2/372 668/2/372 669/2/372
f 677/2/373 669/2/373 678/2/373
f 678/2/374 669/2/374 670/2/374
f 678/2/375 670/2/375 679/2/375
f 679/2/376 670/2/376 671/2/376
f 679/2/377 671/2/377 680/2/377
f 680/2/378 671/2/378 672/2/378
f 680/2/379 672/2/379 681/2/379
f 681/2/380 672/2/380 673/2/380
f 681/2/381 673/2/381 682/2/381
f 682/2/382 673/2/382 674/2/382
f 682/2/383 674/2/383 675/2/383
f 675/2/384 674/2/384 667/2/384
f 683/2/385 675/2/385 684/2/385
f 684/2/386 675/2/386 676/2/386
f 684/2/387 676/2/387 685/2/387
f 685/2/388 676/2/388 677/2/388
f 685/2/389 677/2/389 686/2/389
f 686/2/390 677/2/390 678/2/390
f 686/2/391 678/2/391 687/2/391
f 687/2/392 678/2/392 679/2/392
f 687/2/393 679/2/393 688/2/393
f 688/2/394 679/2/394 680/2/394
f 688/2/395 680/2/395 689/2/395
f 689/2/396 680/2/396 681/2/396
f 689/2/397 681/2/397 690/2/397
f 690/2/398 681/2/398 682/2/398
f 690/2/399 682/2/399 683/2/399
f 683/2/400 682/2/400 675/2/400
f 691/2/401 683/2/401 692/2/401
f 692/2/402 683/2/402 684/2/402
f 692/2/403 684/2/403 693/2/403
f 693/2/404 684/2/404 685/2/404
f 693/2/405 685/2/405 694/2/405
f 694/2/406 685/2/406 686/2/406
f 694/2/407 686/2/407 695/2/407
f 695/2/408 686/2/408 687/2/408
f 695/2/409 687/2/409 696/2/409
f 696/2/410 687/2/410 688/2/410
f 696/2/411 688/2/411 697/2/411
f 697/2/412 688/2/412 689/2/412
f 697/2/413 689/2/413 698/2/413
f 698/2/414 689/2/414 690/2/414
f 698/2/415 690/2/415 691/2/415
f 691/2/416 690/2/416 683/2/416
f 699/2/110 691/2/110 700/2/110
f 700/2/110 691/2/110 692/2/110
f 700/2/109 692/2/109 701/2/109
f 701/2/109 692/2/109 693/2/109
f 701/2/108 693/2/108 702/2/108
f 702/2/108 693/2/108 694/2/108
f 702/2/107 694/2/107 703/2/107
f 703/2/107 694/2/107 695/2/107
f 703/2/106 695/2/106 704/2/106
f 704/2/106 695/2/106 696/2/106
f 704/2/105 696/2/105 705/2/105
f 705/2/105 696/2/105 697/2/105
f 705/2/112 697/2/112 706/2/112
f 706/2/112 697/2/112 698/2/112
f 706/2/111 698/2/111 699/2/111
f 699/2/111 698/2/111 691/2/111
f 707/2/417 699/2/417 708/2/417
f 708/2/418 699/2/418 700/2/418
f 708/2/419 700/2/419 709/2/419
f 709/2/419 700/2/419 701/2/419
f 709/2/420 701/2/420 710/2/420
f 710/2/420 701/2/420 702/2/420
f 710/2/421 702/2/421 711/2/421
f 711/2/422 702/2/422 703/2/422
f 711/2/423 703/2/423 712/2/423
f 712/2/424 703/2/424 704/2/424
f 712/2/425 704/2/425 713/2/425
f 713/2/426 704/2/426 705/2/426
f 713/2/427 705/2/427 714/2/427
f 714/2/428 705/2/428 706/2/428
f 714/2/429 706/2/429 707/2/429
f 707/2/430 706/2/430 699/2/430
f 715/2/431 707/2/431 716/2/431
f 716/2/432 707/2/432 708/2/432
f 716/2/433 708/2/433 717/2/433
f 717/2/434 708/2/434 709/2/434
f 717/2/435 709/2/435 718/2/435
f 718/2/436 709/2/436 710/2/436
f 718/2/437 710/2/437 719/2/437
f 719/2/438 710/2/438 711/2/438
f 719/2/439 711/2/439 720/2/439
f 720/2/440 711/2/440 712/2/440
f 720/2/441 712/2/441 721/2/441
f 721/2/442 712/2/442 713/2/442
f 721/2/443 713/2/443 722/2/443
f 722/2/444 713/2/444 714/2/444
f 722/2/445 714/2/445 715/2/445
f 715/2/446 714/2/446 707/2/446
f 723/2/447 715/2/447 724/2/447
f 724/2/448 715/2/448 716/2/448
f 724/2/449 716/2/449 725/2/449
f 725/2/450 716/2/450 717/2/450
f 725/2/451 717/2/451 726/2/451
f 726/2/452 717/2/452 718/2/452
f 726/2/453 718/2/453 727/2/453
f 727/2/454 718/2/454 719/2/454
f 727/2/455 719/2/455 728/2/455
f 728/2/456 719/2/456 720/2/456
f 728/2/457 720/2/457 729/2/457
f 729/2/458 720/2/458 721/2/458
f 729/2/459 721/2/459 730/2/459
f 730/2/460 721/2/460 722/2/460
f 730/2/461 722/2/461 723/2/461
f 723/2/462 722/2/462 715/2/462
f 731/2/463 723/2/463 732/2/463
f 732/2/464 723/2/464 724/2/464
f 732/2/465 724/2/465 733/2/465
f 733/2/466 724/2/466 725/2/466
f 733/2/467 725/2/467 734/2/467
f 734/2/468 725/2/468 726/2/468
f 734/2/469 726/2/469 735/2/469
f 735/2/470 726/2/470 727/2/470
f 735/2/471 727/2/471 736/2/471
f 736/2/472 727/2/472 728/2/472
f 736/2/473 728/2/473 737/2/473
f 737/2/474 728/2/474 729/2/474
f 737/2/475 729/2/475 738/2/475
f 738/2/476 729/2/476 730/2/476
f 738/2/477 730/2/477 731/2/477
f 731/2/478 730/2/478 723/2/478
f 739/2/479 731/2/479 740/2/479
f 740/2/480 731/2/480 732/2/480
f 740/2/481 732/2/481 741/2/481
f 741/2/482 732/2/482 733/2/482
f 741/2/483 733/2/483 742/2/483
f 742/2/484 733/2/484 734/2/484
f 742/2/485 734/2/485 743/2/485
f 743/2/486 734/2/486 735/2/486
f 743/2/487 735/2/487 744/2/487
f 744/2/488 735/2/488 736/2/488
f 744/2/489 736/2/489 745/2/489
f 745/2/490 736/2/490 737/2/490
f 745/2/491 737/2/491 746/2/491
f 746/2/492 737/2/492 738/2/492
f 746/2/493 738/2/493 739/2/493
f 739/2/494 738/2/494 731/2/494
f 747/2/495 739/2/495 748/2/495
f 748/2/496 739/2/496 740/2/496
f 748/2/497 740/2/497 749/2/497
f 749/2/497 740/2/497 741/2/497
f 749/2/498 741/2/498 750/2/498
f 750/2/498 741/2/498 742/2/498
f 750/2/499 742/2/499 751/2/499
f 751/2/500 742/2/500 743/2/500
f 751/2/501 743/2/501 752/2/501
f 752/2/502 743/2/502 744/2/502
f 752/2/503 744/2/503 753/2/503
f 753/2/504 744/2/504 745/2/504
f 753/2/505 745/2/505 754/2/505
f 754/2/506 745/2/506 746/2/506
f 754/2/507 746/2/507 747/2/507
f 747/2/508 746/2/508 739/2/508
f 755/2/215 747/2/215 756/2/215
f 756/2/215 747/2/215 748/2/215
f 756/2/216 748/2/216 757/2/216
f 757/2/216 748/2/216 749/2/216
f 757/2/209 749/2/209 758/2/209
f 758/2/209 749/2/209 750/2/209
f 758/2/210 750/2/210 759/2/210
f 759/2/210 750/2/210 751/2/210
f 759/2/211 751/2/211 760/2/211
f 760/2/211 751/2/211 752/2/211
f 760/2/212 752/2/212 761/2/212
f 761/2/212 752/2/212 753/2/212
f 761/2/213 753/2/213 762/2/213
f 762/2/213 753/2/213 754/2/213
f 762/2/214 754/2/214 755/2/214
f 755/2/214 754/2/214 747/2/214
f 526/2/5 525/2/5 528/2/5
f 528/2/5 525/2/5 530/2/5
f 530/2/5 525/2/5 532/2/5
f 532/2/5 525/2/5 534/2/5
f 534/2/5 525/2/5 536/2/5
f 536/2/5 525/2/5 538/2/5
f 761/2/2 762/2/2 760/2/2
f 760/2/2 762/2/2 759/2/2
f 759/2/2 762/2/2 758/2/2
f 758/2/2 762/2/2 757/2/2
f 757/2/2 762/2/2 756/2/2
f 756/2/2 762/2/2 755/2/2
g hose_fitting
f 763/4/40 765/4/40 764/4/40
f 766/4/40 763/4/40 764/4/40
f 767/4/6 763/4/6 766/4/6
f 768/4/6 767/4/6 766/4/6
f 769/4/39 767/4/39 768/4/39
f 770/4/39 769/4/39 768/4/39
f 771/4/42 769/4/42 770/4/42
f 772/4/42 771/4/42 770/4/42
f 773/4/5 771/4/5 772/4/5
f 774/4/5 773/4/5 772/4/5
f 765/4/41 773/4/41 774/4/41
f 764/4/41 765/4/41 774/4/41
f 775/4/40 776/4/40 765/4/40
f 763/4/40 775/4/40 765/4/40
f 777/4/6 775/4/6 763/4/6
f 767/4/6 777/4/6 763/4/6
f 778/4/39 777/4/39 767/4/39
f 769/4/39 778/4/39 767/4/39
f 779/4/42 778/4/42 769/4/42
f 771/4/42 779/4/42 769/4/42
f 780/4/5 779/4/5 771/4/5
f 773/4/5 780/4/5 771/4/5
f 776/4/41 780/4/41 773/4/41
f 765/4/41 776/4/41 773/4/41
f 781/4/2 782/4/2 776/4/2
f 775/4/2 781/4/2 776/4/2
f 783/4/2 781/4/2 775/4/2
f 777/4/2 783/4/2 775/4/2
f 784/4/2 783/4/2 777/4/2
f 778/4/2 784/4/2 777/4/2
f 785/4/2 784/4/2 778/4/2
f 779/4/2 785/4/2 778/4/2
f 786/4/2 785/4/2 779/4/2
f 780/4/2 786/4/2 779/4/2
f 782/4/2 786/4/2 780/4/2
f 776/4/2 782/4/2 780/4/2
f 787/4/44 788/4/44 782/4/44
f 781/4/44 787/4/44 782/4/44
f 789/4/6 787/4/6 781/4/6
f 783/4/6 789/4/6 781/4/6
f 790/4/43 789/4/43 783/4/43
f 784/4/43 790/4/43 783/4/43
f 791/4/46 790/4/46 784/4/46
f 785/4/46 791/4/46 784/4/46
f 792/4/5 791/4/5 785/4/5
f 786/4/5 792/4/5 785/4/5
f 788/4/45 792/4/45 786/4/45
f 782/4/45 788/4/45 786/4/45
f 768/4/1 766/4/1 764/4/1
f 770/4/1 768/4/1 764/4/1
f 772/4/1 770/4/1 764/4/1
f 774/4/1 772/4/1 764/4/1
f 790/3/2 791/3/2 792/3/2
f 789/3/2 790/3/2 792/3/2
f 787/3/2 789/3/2 792/3/2
f 788/3/2 787/3/2 792/3/2
g terminal_stand
f 793/4/509 795/4/509 794/4/509
f 794/4/509 795/4/509 796/4/509
f 794/4/6 796/4/6 797/4/6
f 797/4/6 796/4/6 798/4/6
f 797/4/510 798/4/510 799/4/510
f 799/4/510 798/4/510 800/4/510
f 799/4/511 800/4/511 801/4/511
f 801/4/511 800/4/511 802/4/511
f 801/4/5 802/4/5 803/4/5
f 803/4/5 802/4/5 804/4/5
f 803/4/512 804/4/512 793/4/512
f 793/4/512 804/4/512 795/4/512
f 796/4/3 795/4/3 798/4/3
f 798/4/3 795/4/3 800/4/3
f 800/4/3 795/4/3 802/4/3
f 802/4/3 795/4/3 804/4/3
f 801/4/4 803/4/4 799/4/4
f 799/4/4 803/4/4 797/4/4
f 797/4/4 803/4/4 794/4/4
f 794/4/4 803/4/4 793/4/4
g terminal_box
f 805/3/1 807/3/1 806/3/1
f 806/3/1 807/3/1 808/3/1
f 809/3/2 811/3/2 810/3/2
f 810/3/2 811/3/2 812/3/2
f 807/3/3 805/3/3 809/3/3
f 809/3/3 805/3/3 811/3/3
f 806/3/4 808/3/4 812/3/4
f 812/3/4 808/3/4 810/3/4
f 807/3/5 809/3/5 808/3/5
f 808/3/5 809/3/5 810/3/5
f 811/3/6 805/3/6 812/3/6
f 812/3/6 805/3/6 806/3/6
g power_gland
f 813/3/1 815/3/1 814/3/1
f 814/3/1 815/3/1 816/3/1
f 817/3/2 819/3/2 818/3/2
f 818/3/2 819/3/2 820/3/2
f 815/3/3 813/3/3 817/3/3
f 817/3/3 813/3/3 819/3/3
f 814/3/4 816/3/4 820/3/4
f 820/3/4 816/3/4 818/3/4
f 815/3/5 817/3/5 816/3/5
f 816/3/5 817/3/5 818/3/5
f 819/3/6 813/3/6 820/3/6
f 820/3/6 813/3/6 814/3/6
g rear_terminals
f 821/3/1 823/3/1 822/3/1
f 822/3/1 823/3/1 824/3/1
f 825/3/2 827/3/2 826/3/2
f 826/3/2 827/3/2 828/3/2
f 823/3/3 821/3/3 825/3/3
f 825/3/3 821/3/3 827/3/3
f 822/3/4 824/3/4 828/3/4
f 828/3/4 824/3/4 826/3/4
f 823/3/5 825/3/5 824/3/5
f 824/3/5 825/3/5 826/3/5
f 827/3/6 821/3/6 828/3/6
f 828/3/6 821/3/6 822/3/6
g coupling
f 829/4/3 831/4/3 830/4/31
f 830/4/31 831/4/3 832/4/31
f 830/4/31 832/4/31 833/4/6
f 833/4/6 832/4/31 834/4/6
f 833/4/6 834/4/6 835/4/32
f 835/4/32 834/4/6 836/4/32
f 835/4/32 836/4/32 837/4/4
f 837/4/4 836/4/32 838/4/4
f 837/4/4 838/4/4 839/4/33
f 839/4/33 838/4/4 840/4/33
f 839/4/33 840/4/33 841/4/5
f 841/4/5 840/4/33 842/4/5
f 841/4/5 842/4/5 843/4/34
f 843/4/34 842/4/5 844/4/34
f 843/4/34 844/4/34 829/4/3
f 829/4/3 844/4/34 831/4/3
f 832/4/1 831/4/1 834/4/1
f 834/4/1 831/4/1 836/4/1
f 836/4/1 831/4/1 838/4/1
f 838/4/1 831/4/1 840/4/1
f 840/4/1 831/4/1 842/4/1
f 842/4/1 831/4/1 844/4/1
f 841/4/2 843/4/2 839/4/2
f 839/4/2 843/4/2 837/4/2
f 837/4/2 843/4/2 835/4/2
f 835/4/2 843/4/2 833/4/2
f 833/4/2 843/4/2 830/4/2
f 830/4/2 843/4/2 829/4/2
g coupling_key
f 845/3/4 847/3/4 846/3/4
f 846/3/4 847/3/4 848/3/4
f 849/3/3 851/3/3 850/3/3
f 850/3/3 851/3/3 852/3/3
f 847/3/1 845/3/1 849/3/1
f 849/3/1 845/3/1 851/3/1
f 846/3/2 848/3/2 852/3/2
f 852/3/2 848/3/2 850/3/2
f 847/3/5 849/3/5 848/3/5
f 848/3/5 849/3/5 850/3/5
f 851/3/6 845/3/6 852/3/6
f 852/3/6 845/3/6 846/3/6
