# name size h0[,h1[,h2]] -- retail LODGroup for RESOURCES, via tools/extract_resource_lods.py
# effective cull = min(RESOURCE layer 256-512m, size/(2*h_last*tan(fov/2))*lodBias). '-' = no LODGroup.
birch_0 21.069 0.4,0.2,0.03
birch_1 23.335 0.4,0.2,0.03
birch_2 22.387 0.4,0.2,0.03
birch_3 19.574 0.4,0.2,0.03
birch_4 20.012 0.4,0.2,0.03
bush_0 5.997 0.39676,0.20184,0.0313
bush_1 5.627 0.39676,0.20184,0.0313
bush_10 5.997 0.39676,0.20184,0.0313
bush_11 5.627 0.39676,0.20184,0.0313
bush_2 5.997 0.39676,0.20184,0.0313
bush_3 5.627 0.39676,0.20184,0.0313
bush_4 5.997 0.39676,0.20184,0.0313
bush_5 5.627 0.39676,0.20184,0.0313
bush_6 5.627 0.39676,0.20184,0.0313
bush_7 5.627 0.39676,0.20184,0.0313
bush_8 5.997 0.39676,0.20184,0.0313
bush_9 5.627 0.39676,0.20184,0.0313
bush_amber 5.627 0.39676,0.20184,0.0313
bush_amber_snow 5.627 0.39676,0.20184,0.0313
bush_hanu 5.627 0.39676,0.20184,0.0313
bush_hanu_snow 5.627 0.39676,0.20184,0.0313
bush_indigo 5.627 0.39676,0.20184,0.0313
bush_indigo_snow 5.627 0.39676,0.20184,0.0313
bush_jade 5.627 0.39676,0.20184,0.0313
bush_jade_snow 5.627 0.39676,0.20184,0.0313
bush_mauve 5.627 0.39676,0.20184,0.0313
bush_mauve_snow 5.627 0.39676,0.20184,0.0313
bush_russet 5.627 0.39676,0.20184,0.0313
bush_russet_snow 5.627 0.39676,0.20184,0.0313
bush_teal 5.627 0.39676,0.20184,0.0313
bush_teal_snow 5.627 0.39676,0.20184,0.0313
bush_vermillion 5.627 0.39676,0.20184,0.0313
bush_vermillion_snow 5.627 0.39676,0.20184,0.0313
cane_00 3.246 0.05244
chicken_00 1.258 0.20158,0.04925
clay_0 3.722 0.03
clay_1 3.634 0.03
clay_2 4.111 0.03
clay_3 3.395 0.03
clay_4 3.592 0.03
dead_0 20.491 0.4,0.2,0.03
dead_1 20.491 0.4,0.2,0.03
dead_2 22.474 0.4,0.2,0.03
dead_3 21.855 0.4,0.2,0.03
dead_4 22.474 0.4,0.2,0.03
dead_5 21.855 0.4,0.2,0.03
ice_00 2.171 0.29565,0.02906
maple_0 22.242 0.4,0.2,0.03
maple_1 21.676 0.4,0.2,0.03
maple_2 22.242 0.4,0.2,0.03
maple_3 21.676 0.4,0.2,0.03
metal_0 4.039 0.03243
metal_1 4.039 0.03243
metal_2 4.039 0.03243
mushroom_brown_0 0.975 0.03
mushroom_brown_1 1.105 0.03
mushroom_red_0 1.013 0.03
mushroom_red_1 1.105 0.03
ornament_0 25.867 0.4,0.2,0.03
pine_0 25.342 0.4,0.2,0.03
pine_1 23.682 0.4,0.2,0.03
pine_2 25.342 0.4,0.2,0.03
pine_3 23.682 0.4,0.2,0.03
pine_4 23.833 0.4,0.2,0.03
pine_5 24.999 0.4,0.2,0.03
pine_6 24.508 0.4,0.2,0.03
pine_7 32.607 0.4,0.2,0.03
pine_8 33.211 0.4,0.2,0.03
pine_9 32.217 0.4,0.2,0.03
quartz_peaks_0 5.703 0.15,0.03
quartz_peaks_1 5.703 0.15,0.03
quartz_pei_0 5.703 0.15,0.03
quartz_pei_1 5.577 0.15,0.03
quartz_quarry_0 5.703 0.15,0.03
quartz_quarry_1 5.703 0.15,0.03
quartz_russia_0 5.703 0.15,0.03
quartz_russia_1 5.577 0.15,0.03
quartz_washington_0 5.703 0.15,0.03
quartz_washington_1 5.577 0.15,0.03
snow_pile_00 5.634 0.30333,0.02768
