Fridge_0 Fridge_0_door.obj 0.613031 0.297943 1.000000 -0.000000 0.000000 1.000000 -135.0000 0.4667 1 DoorHandle
Wardrobe_0 Wardrobe_0_Left_Hinge_0_door.obj -0.972499 0.500000 0.750000 0.000000 0.000000 -1.000000 -135.0001 0.4667 1 DoorHandle
Wardrobe_0 Wardrobe_0_Right_Hinge_0_door.obj 0.974999 0.500000 0.750000 -0.000000 -0.000000 1.000000 -135.0001 0.4667 1 DoorHandle
Oven_0 Oven_0_door.obj 0.500000 0.625000 0.062500 1.000000 0.000000 -0.000000 -80.0000 0.4667 0 DoorHandle
Disher_0 Disher_0_door.obj 0.500000 0.625000 0.062500 1.000000 0.000000 -0.000000 -80.0000 0.4667 0 DoorHandle
Counter_0 Counter_0_Left_Hinge_0_door.obj -0.687500 0.375000 0.250000 0.000000 -0.000000 -1.000000 -90.0001 0.4667 1 DoorHandle
Counter_0 Counter_0_Right_Hinge_0_door.obj 0.687500 0.375000 0.250000 -0.000000 -0.000000 1.000000 -90.0000 0.4667 1 DoorHandle
Counter_2 Counter_2_Left_Hinge_0_door.obj -0.687500 0.375000 0.250000 0.000000 -0.000000 -1.000000 -90.0001 0.4667 1 DoorHandle
Counter_2 Counter_2_Right_Hinge_0_door.obj 0.687500 0.375000 0.250000 -0.000000 -0.000000 1.000000 -90.0000 0.4667 1 DoorHandle
Fridge_1 Fridge_1_door.obj 0.613031 0.297943 1.000000 -0.000000 0.000000 1.000000 -135.0001 0.4667 1 DoorHandle
Fridge_Random Fridge_Random_door.obj 0.613031 0.297943 1.000000 -0.000000 0.000000 1.000000 -135.0001 0.4667 1 DoorHandle
Cooler_0 Cooler_0_Hinge_0_door.obj 0.687500 0.500000 1.000000 0.000000 0.000000 -1.000000 135.0001 0.4667 0 DoorHandle
Dryer_0 Dryer_0_door.obj -0.487901 -0.095227 1.499999 -0.000000 1.000000 0.000000 -135.0001 0.4667 0 DoorHandle
Washer_0 Washer_0_door.obj 0.484632 0.750000 0.595135 0.000000 0.000000 1.000000 -135.0001 0.4667 0 DoorHandle
Container_0 Container_0_Left_Hinge_0_door.obj -1.313518 3.748864 1.000000 0.000000 -0.000000 -1.000000 -90.0000 0.4667 0 HeavyMetalDoor
Container_0 Container_0_Right_Hinge_0_door.obj 1.313519 3.748864 1.000000 -0.000000 -0.000000 1.000000 -90.0000 0.4667 0 HeavyMetalDoor
Container_1 Container_1_Left_Hinge_0_door.obj -1.313518 3.748864 1.000000 0.000000 -0.000000 -1.000000 -90.0000 0.4667 0 HeavyMetalDoor
Container_1 Container_1_Right_Hinge_0_door.obj 1.313519 3.748864 1.000000 -0.000000 -0.000000 1.000000 -90.0000 0.4667 0 HeavyMetalDoor
Container_2 Container_2_Left_Hinge_0_door.obj -1.313518 3.748864 1.000000 0.000000 -0.000000 -1.000000 -90.0000 0.4667 0 HeavyMetalDoor
Container_2 Container_2_Right_Hinge_0_door.obj 1.313519 3.748864 1.000000 -0.000000 -0.000000 1.000000 -90.0000 0.4667 0 HeavyMetalDoor
Container_6 Container_6_Left_Hinge_0_door.obj -1.313518 3.748864 1.000000 0.000000 -0.000000 -1.000000 -90.0000 0.4667 0 HeavyMetalDoor
Container_6 Container_6_Right_Hinge_0_door.obj 1.313519 3.748864 1.000000 -0.000000 -0.000000 1.000000 -90.0000 0.4667 0 HeavyMetalDoor
Dumpster_3 Dumpster_3_Ragdoll_0.obj 0.000000 -0.500000 1.370000 1.000000 0.000000 0.000000 100.0000 0.4667 0 DoorHandle
Dumpster_4 Dumpster_4_Ragdoll_0.obj 0.000000 -0.500000 1.370000 1.000000 0.000000 0.000000 100.0000 0.4667 0 DoorHandle
Crossing_1 Crossing_1_Hinge_0_door.obj -2.742036 0.087904 1.330242 0.000000 1.000000 0.000000 -90.0000 1.5000 0 HeavyMetalDoor
Crossing_2 Crossing_2_Hinge_0_door.obj -2.742036 0.087904 1.330242 0.000000 1.000000 0.000000 -90.0000 1.5000 0 HeavyMetalDoor
Barbecue_1 Barbecue_1_lid.obj 0.000000 -0.605300 1.221600 1.000000 0.000000 0.000000 100.0000 0.4667 0 DoorHandle
Cardboard_0 Cardboard_0_xlo_door.obj -0.433337 0.000000 0.433656 0.000000 1.000000 0.000000 -172.5934 0.4667 0 DoorHandle
Cardboard_0 Cardboard_0_xhi_door.obj 0.433336 0.000000 0.437656 0.000000 1.000000 0.000000 -159.8911 0.4667 0 DoorHandle
Cardboard_0 Cardboard_0_ylo_door.obj 0.000000 -0.277858 0.441656 1.000000 0.000000 0.000000 117.1232 0.4667 0 DoorHandle
Cardboard_0 Cardboard_0_yhi_door.obj 0.000000 0.277857 0.445656 1.000000 0.000000 0.000000 -154.6548 0.4667 0 DoorHandle
Cardboard_1 Cardboard_1_xlo_door.obj -0.568992 0.000000 0.569411 0.000000 1.000000 0.000000 -161.0068 0.4667 0 DoorHandle
Cardboard_1 Cardboard_1_xhi_door.obj 0.568992 0.000000 0.573411 0.000000 1.000000 0.000000 124.2783 0.4667 0 DoorHandle
Cardboard_1 Cardboard_1_ylo_door.obj 0.000000 -0.426515 0.577411 1.000000 0.000000 0.000000 163.1783 0.4667 0 DoorHandle
Cardboard_1 Cardboard_1_yhi_door.obj 0.000000 0.430991 0.581411 1.000000 0.000000 0.000000 141.0830 0.4667 0 DoorHandle
Cardboard_2 Cardboard_2_xlo_door.obj -0.433337 0.000000 0.433656 0.000000 1.000000 0.000000 -172.5934 0.4667 0 DoorHandle
Cardboard_2 Cardboard_2_xhi_door.obj 0.433336 0.000000 0.437656 0.000000 1.000000 0.000000 -159.8911 0.4667 0 DoorHandle
Cardboard_2 Cardboard_2_ylo_door.obj 0.000000 -0.277858 0.441656 1.000000 0.000000 0.000000 117.1232 0.4667 0 DoorHandle
Cardboard_2 Cardboard_2_yhi_door.obj 0.000000 0.277857 0.445656 1.000000 0.000000 0.000000 -154.6548 0.4667 0 DoorHandle
Cardboard_3 Cardboard_3_xlo_door.obj -0.568992 0.000000 0.569411 0.000000 1.000000 0.000000 -161.0068 0.4667 0 DoorHandle
Cardboard_3 Cardboard_3_xhi_door.obj 0.568992 0.000000 0.573411 0.000000 1.000000 0.000000 124.2783 0.4667 0 DoorHandle
Cardboard_3 Cardboard_3_ylo_door.obj 0.000000 -0.426515 0.577411 1.000000 0.000000 0.000000 163.1783 0.4667 0 DoorHandle
Cardboard_3 Cardboard_3_yhi_door.obj 0.000000 0.430991 0.581411 1.000000 0.000000 0.000000 141.0830 0.4667 0 DoorHandle
