g Model_0
v -1.230948 1.875001 2.250005
v -1.230958 1.875000 0.000005
v -1.230958 2.125000 0.000005
v -1.230948 1.875001 2.250005
v -1.230958 2.125000 0.000005
v -1.230948 2.125001 2.250005
v 1.230958 1.875000 -0.000006
v 1.230968 1.875001 2.249994
v 1.230968 2.125001 2.249994
v 1.230958 1.875000 -0.000006
v 1.230968 2.125001 2.249994
v 1.230958 2.125000 -0.000006
v 0.980956 0.125000 -0.500004
v -0.980960 0.125000 -0.499996
v -0.980960 1.025000 -0.499996
v 0.980956 0.125000 -0.500004
v -0.980960 1.025000 -0.499996
v 0.980956 1.025000 -0.500005
v 0.980956 1.025000 -0.500005
v -0.980960 1.025000 -0.499996
v -0.980960 1.875000 -0.499996
v 0.980956 1.025000 -0.500005
v -0.980960 1.875000 -0.499996
v 0.980956 1.875000 -0.500005
v -1.280961 1.350000 -0.549995
v -1.280961 0.950000 -0.549995
v -1.180960 0.950000 -0.549995
v -1.280961 1.350000 -0.549995
v -1.180960 1.350000 -0.549995
v -1.180955 1.350000 0.650005
v -1.180955 0.950000 0.650005
v -1.280955 0.950000 0.650006
v -1.280955 0.950000 0.650006
v -1.280955 1.350000 0.650005
v -1.280959 0.950000 -0.149995
v -1.280961 0.950000 -0.549995
v -1.280961 1.350000 -0.549995
v -1.280961 1.350000 -0.549995
v -1.280959 1.350000 -0.149995
v -1.280957 1.350000 0.250005
v -1.280957 0.950000 0.250006
v -1.280955 0.950000 0.650006
v -1.280955 1.350000 0.650005
v -1.280955 0.950000 0.650006
v 1.280956 1.350000 -0.550006
v 1.180956 1.350000 -0.550005
v 1.180956 0.950000 -0.550005
v 1.280956 1.350000 -0.550006
v 1.280956 0.950000 -0.550006
v 1.180961 1.350000 0.649995
v 1.280961 1.350000 0.649994
v 1.280961 0.950000 0.649994
v 1.280961 0.950000 0.649994
v 1.180961 0.950000 0.649995
v 1.280958 0.950000 -0.150006
v 1.280956 1.350000 -0.550006
v 1.280956 0.950000 -0.550006
v 1.280958 1.350000 -0.150006
v 1.280956 1.350000 -0.550006
v 1.280960 1.350000 0.249994
v 1.280960 0.950000 0.249994
v 1.280961 0.950000 0.649994
v 1.280961 0.950000 0.649994
v 1.280961 1.350000 0.649994
v -0.980958 2.125000 0.000004
v -0.980948 2.125001 2.250004
v -1.230948 2.125001 2.250005
v -1.230958 2.125000 0.000005
v -1.230966 2.125000 -2.006612
v -1.230968 1.875000 -2.318596
v -1.230968 2.125000 -2.256612
v -1.230967 1.875000 -2.068596
v -1.230961 2.125000 -0.749995
v -1.230969 1.024999 -2.499995
v -1.230961 1.875000 -0.749995
v -1.230960 2.125000 -0.499995
v -1.230960 1.875000 -0.499995
v -1.230958 2.125000 0.000005
v -1.230958 1.875000 0.000005
v -1.230968 1.025000 -2.249995
v -1.230969 0.124999 -2.499995
v -1.230968 0.124999 -2.249995
v -1.230961 1.025000 -0.749995
v -1.230969 -0.125001 -2.499995
v -1.230968 -0.125001 -2.249995
v -1.230961 0.125000 -0.749995
v -1.230961 -0.125000 -0.749995
v -1.230960 0.125000 -0.499995
v -1.230960 -0.125000 -0.499995
v -1.230958 0.125000 0.000005
v -1.230958 -0.125000 0.000005
v -1.230948 0.125001 2.250005
v -1.230948 -0.124999 2.250005
v 0.980948 2.124999 -2.256621
v 1.230948 1.874999 -2.318607
v 1.230948 2.124999 -2.256622
v 0.980948 1.874999 -2.318606
v -0.980967 2.125000 -2.256613
v 1.230947 1.024999 -2.500006
v -0.980968 1.875000 -2.318597
v -1.230968 2.125000 -2.256612
v -1.230968 1.875000 -2.318596
v 0.980947 1.024999 -2.500005
v -0.980969 1.024999 -2.499996
v 1.230947 0.124999 -2.500006
v -1.230969 1.024999 -2.499995
v 0.980947 0.124999 -2.500004
v 1.230947 -0.125001 -2.500005
v 0.980947 -0.125001 -2.500004
v -0.980969 0.124999 -2.499996
v -1.230969 0.124999 -2.499995
v -0.980969 -0.125001 -2.499996
v -1.230969 -0.125001 -2.499995
v 1.230947 0.124999 -2.500006
v 1.230947 -0.125001 -2.500005
v 1.230948 -0.125001 -2.250005
v 1.230948 0.124999 -2.250005
v 1.230947 1.024999 -2.500006
v 1.230955 -0.125000 -0.750005
v 1.230948 1.024999 -2.250006
v 1.230948 1.874999 -2.318607
v 1.230955 0.125000 -0.750005
v 1.230956 -0.125000 -0.500005
v 1.230949 1.874999 -2.068607
v 1.230948 2.124999 -2.256622
v 1.230950 2.124999 -2.006622
v 1.230955 1.875000 -0.750006
v 1.230955 1.025000 -0.750006
v 1.230955 2.125000 -0.750006
v 1.230956 0.125000 -0.500005
v 1.230958 -0.125000 -0.000005
v 1.230956 1.875000 -0.500006
v 1.230956 2.125000 -0.500006
v 1.230956 1.025000 -0.500006
v 1.230958 0.125000 -0.000005
v 1.230968 -0.124999 2.249995
v 1.230968 0.125001 2.249995
v 1.230958 1.025000 -0.000006
v 1.230958 1.875000 -0.000006
v 1.230958 2.125000 -0.000006
v 1.230969 0.125001 2.499995
v 1.230969 -0.124999 2.499995
v 0.980969 -0.124999 2.499996
v 0.980969 0.125001 2.499996
v 1.230969 1.025001 2.499995
v -0.980947 -0.124999 2.500004
v 0.980969 1.025001 2.499996
v 1.230969 1.875001 2.499994
v -0.980947 0.125001 2.500004
v -1.230947 -0.124999 2.500006
v -1.230947 0.125001 2.500005
v -0.980947 1.025001 2.500004
v -1.230947 1.025001 2.500005
v 0.980969 1.875001 2.499995
v 1.230969 2.125001 2.499994
v 0.980969 2.125001 2.499995
v -0.980947 1.875001 2.500004
v -1.230947 1.875001 2.500005
v -0.980947 2.125001 2.500004
v -1.230947 2.125001 2.500005
v 1.230950 2.124999 -2.006622
v 0.980948 2.124999 -2.256621
v 1.230948 2.124999 -2.256622
v 0.980950 2.124999 -2.006621
v 1.230955 2.125000 -0.750006
v -0.980967 2.125000 -2.256613
v 0.980955 2.125000 -0.750005
v 1.230956 2.125000 -0.500006
v -0.980966 2.125000 -2.006613
v -1.230968 2.125000 -2.256612
v -1.230966 2.125000 -2.006612
v -0.980961 2.125000 -0.749996
v -1.230961 2.125000 -0.749995
v 0.980956 2.125000 -0.500005
v 1.230958 2.125000 -0.000006
v 0.980958 2.125000 -0.000005
v -0.980960 2.125000 -0.499996
v -1.230960 2.125000 -0.499995
v -0.980958 2.125000 0.000004
v -1.230958 2.125000 0.000005
v 0.980968 2.125001 2.249995
v -0.980948 2.125001 2.250004
v -1.230947 2.125001 2.500005
v -1.230947 1.875001 2.500005
v -1.230948 1.875001 2.250005
v -1.230948 2.125001 2.250005
v -1.230968 -0.125001 -2.249995
v -0.980969 -0.125001 -2.499996
v -1.230969 -0.125001 -2.499995
v -0.980968 -0.125001 -2.249996
v -1.230961 -0.125000 -0.749995
v 0.980947 -0.125001 -2.500004
v -0.980961 -0.125000 -0.749996
v -1.230960 -0.125000 -0.499995
v 0.980948 -0.125001 -2.250004
v 1.230947 -0.125001 -2.500005
v 1.230948 -0.125001 -2.250005
v 0.980955 -0.125000 -0.750004
v 1.230955 -0.125000 -0.750005
v -0.980960 -0.125000 -0.499996
v -1.230958 -0.125000 0.000005
v 0.980956 -0.125000 -0.500004
v 1.230956 -0.125000 -0.500005
v -0.980958 -0.125000 0.000004
v -1.230948 -0.124999 2.250005
v -0.980948 -0.124999 2.250004
v 0.980958 -0.125000 -0.000004
v 1.230958 -0.125000 -0.000005
v 0.980968 -0.124999 2.249996
v 1.230968 -0.124999 2.249995
v 1.230955 1.025000 -0.750006
v 0.980955 1.025000 -0.750005
v 0.980948 1.024999 -2.250005
v 1.230948 1.024999 -2.250006
v 0.980947 1.024999 -2.500005
v 0.980948 1.024999 -2.250005
v -0.980968 1.024999 -2.249996
v -0.980969 1.024999 -2.499996
v -1.230968 1.025000 -2.249995
v -0.980968 1.024999 -2.249996
v -0.980961 1.025000 -0.749996
v -1.230961 1.025000 -0.749995
v 0.980948 1.874999 -2.318606
v 0.980949 1.874999 -2.068606
v 0.980948 1.024999 -2.250005
v 0.980947 1.024999 -2.500005
v -1.230968 1.025000 -2.249995
v -1.230967 1.875000 -2.068596
v -0.980967 1.875000 -2.068597
v -0.980968 1.024999 -2.249996
v 1.230955 1.875000 -0.750006
v 0.980955 1.025000 -0.750005
v 1.230955 1.025000 -0.750006
v 0.980955 1.875000 -0.750005
v -0.980961 1.875000 -0.749996
v -0.980961 1.025000 -0.749996
v -1.230961 1.025000 -0.749995
v -1.230961 1.875000 -0.749995
v -0.980968 1.024999 -2.249996
v -0.980968 0.124999 -2.249996
v -0.980961 0.125000 -0.749996
v -0.980961 1.025000 -0.749996
v 0.980948 1.024999 -2.250005
v 0.980948 0.124999 -2.250004
v -0.980968 0.124999 -2.249996
v -0.980968 1.024999 -2.249996
v 0.980955 1.025000 -0.750005
v 0.980955 0.125000 -0.750004
v 0.980948 0.124999 -2.250004
v 0.980948 1.024999 -2.250005
v 0.980955 0.125000 -0.750004
v -0.980961 0.125000 -0.749996
v -0.980968 0.124999 -2.249996
v 0.980948 0.124999 -2.250004
v -0.980961 1.025000 -0.749996
v -0.980961 0.125000 -0.749996
v 0.980955 0.125000 -0.750004
v 0.980955 1.025000 -0.750005
v 0.980969 -0.124999 2.499996
v 1.230969 -0.124999 2.499995
v 1.230968 -0.124999 2.249995
v 0.980968 -0.124999 2.249996
v -0.980947 -0.124999 2.500004
v -0.980948 -0.124999 2.250004
v -1.230947 -0.124999 2.500006
v -1.230948 -0.124999 2.250005
v -0.980947 1.025001 2.500004
v -0.980948 1.025001 2.250004
v 0.980968 1.025001 2.249996
v 0.980969 1.025001 2.499996
v -0.980947 0.125001 2.500004
v -0.980947 1.025001 2.500004
v 0.980969 1.025001 2.499996
v 0.980969 0.125001 2.499996
v -1.230958 0.125000 0.000005
v -1.230948 1.025001 2.250005
v -1.230948 0.125001 2.250005
v -1.230958 1.025000 0.000005
v -1.230948 1.875001 2.250005
v -1.230960 0.125000 -0.499995
v -1.230958 1.875000 0.000005
v -1.230960 1.025000 -0.499995
v -1.230961 0.125000 -0.749995
v -1.230960 1.875000 -0.499995
v -1.230961 1.025000 -0.749995
v -1.230961 1.875000 -0.749995
v 1.230949 1.874999 -2.068607
v 1.230948 1.024999 -2.250006
v 0.980948 1.024999 -2.250005
v 0.980949 1.874999 -2.068606
v -0.980968 1.875000 -2.318597
v -0.980969 1.024999 -2.499996
v -0.980968 1.024999 -2.249996
v -0.980967 1.875000 -2.068597
v -0.980968 1.875000 -2.318597
v -0.980967 1.875000 -2.068597
v 0.980949 1.874999 -2.068606
v 0.980948 1.874999 -2.318606
v -1.230961 1.875000 -0.749995
v -0.980967 1.875000 -2.068597
v -1.230967 1.875000 -2.068596
v -0.980961 1.875000 -0.749996
v 0.980955 1.875000 -0.750005
v 0.980949 1.874999 -2.068606
v 1.230949 1.874999 -2.068607
v 1.230955 1.875000 -0.750006
v 1.230968 0.125001 2.249995
v 1.230958 1.025000 -0.000006
v 1.230958 0.125000 -0.000005
v 1.230968 1.025001 2.249995
v 1.230958 1.875000 -0.000006
v 1.230968 1.875001 2.249994
v 1.230968 0.125001 2.249995
v 1.230968 -0.124999 2.249995
v 1.230969 -0.124999 2.499995
v 1.230969 0.125001 2.499995
v 1.230968 2.125001 2.249994
v 1.230968 1.875001 2.249994
v 1.230969 1.875001 2.499994
v 1.230969 2.125001 2.499994
v -1.230947 0.125001 2.500005
v -1.230947 -0.124999 2.500006
v -1.230948 -0.124999 2.250005
v -1.230948 0.125001 2.250005
v -1.230948 1.025001 2.250005
v -1.230948 1.875001 2.250005
v -1.230947 1.875001 2.500005
v -1.230947 1.025001 2.500005
v -1.230948 0.125001 2.250005
v -1.230947 0.125001 2.500005
v 1.230969 1.025001 2.499995
v 1.230969 1.875001 2.499994
v 1.230968 1.875001 2.249994
v 1.230968 1.025001 2.249995
v 1.230969 0.125001 2.499995
v 1.230968 0.125001 2.249995
v -0.980947 1.875001 2.500004
v -0.980948 1.875001 2.250004
v -0.980948 1.025001 2.250004
v -0.980947 1.025001 2.500004
v 0.980969 1.875001 2.499995
v -0.980948 1.875001 2.250004
v -0.980947 1.875001 2.500004
v 0.980968 1.875001 2.249995
v -0.980960 1.875000 -0.499996
v 0.980956 1.875000 -0.500005
v 0.980969 1.025001 2.499996
v 0.980968 1.025001 2.249996
v 0.980968 1.875001 2.249995
v 0.980969 1.875001 2.499995
v -0.980948 1.025001 2.250004
v -0.980948 0.125001 2.250004
v 0.980968 0.125001 2.249996
v 0.980968 1.025001 2.249996
v -0.980947 2.125001 2.500004
v -1.230947 2.125001 2.500005
v -1.230948 2.125001 2.250005
v -0.980948 2.125001 2.250004
v 0.980969 2.125001 2.499995
v 0.980968 2.125001 2.249995
v 1.230969 2.125001 2.499994
v 1.230968 2.125001 2.249994
v 0.980958 2.125000 -0.000005
v 1.230958 2.125000 -0.000006
v 1.230968 2.125001 2.249994
v 0.980968 2.125001 2.249995
v 0.980968 0.125001 2.249996
v 0.980956 0.125000 -0.500004
v 0.980956 1.025000 -0.500005
v 0.980968 1.025001 2.249996
v -0.980948 1.025001 2.250004
v -0.980960 1.025000 -0.499996
v -0.980960 0.125000 -0.499996
v -0.980948 0.125001 2.250004
v -0.980948 0.125001 2.250004
v -0.980960 0.125000 -0.499996
v 0.980956 0.125000 -0.500004
v 0.980968 0.125001 2.249996
v -0.980948 1.875001 2.250004
v -0.980960 1.875000 -0.499996
v -0.980960 1.025000 -0.499996
v -0.980948 1.025001 2.250004
v 0.980968 1.025001 2.249996
v 0.980956 1.025000 -0.500005
v 0.980956 1.875000 -0.500005
v 0.980968 1.875001 2.249995
v -1.280959 1.350000 -0.149995
v -1.280959 1.850000 -0.149995
v -1.180958 1.850000 -0.149995
v -1.180958 1.350000 -0.149995
v -1.280957 0.950000 0.250006
v -1.180957 0.950000 0.250005
v -1.180958 0.950000 -0.149995
v -1.280959 0.950000 -0.149995
v -1.180958 0.950000 -0.149995
v -1.180958 0.450000 -0.149995
v -1.280959 0.450000 -0.149995
v -1.280959 0.950000 -0.149995
v -1.180957 1.350000 0.250005
v -1.280957 1.350000 0.250005
v -1.280959 1.350000 -0.149995
v -1.180958 1.350000 -0.149995
v 1.280961 0.950000 0.649994
v 1.280961 0.450000 0.649994
v 1.180961 0.450000 0.649995
v 1.180961 0.950000 0.649995
v -1.180960 1.350000 -0.549995
v -1.180960 1.850000 -0.549995
v -1.280960 1.850000 -0.549995
v -1.280961 1.350000 -0.549995
v 1.280960 0.950000 0.249994
v 1.280958 0.950000 -0.150006
v 1.180957 0.950000 -0.150005
v 1.180959 0.950000 0.249995
v 1.180959 1.350000 0.249995
v 1.180957 1.350000 -0.150005
v 1.280958 1.350000 -0.150006
v 1.280960 1.350000 0.249994
v 1.280956 0.950000 -0.550006
v 1.280956 0.450000 -0.550006
v 1.280958 0.450000 -0.150006
v 1.280958 0.950000 -0.150006
v 1.180961 1.350000 0.649995
v 1.180961 1.850000 0.649995
v 1.280961 1.850000 0.649994
v 1.280961 1.350000 0.649994
v -0.656523 2.375000 -1.911054
v -0.656523 2.052023 -1.911053
v 0.656507 2.052023 -1.911059
v 0.656507 2.374999 -1.911059
v 0.656510 2.375000 -1.238536
v 0.656510 2.052023 -1.238536
v -0.656520 2.052023 -1.238531
v -0.656520 2.375000 -1.238531
v 0.656510 2.375000 -1.238536
v -0.656520 2.375000 -1.238531
v -0.656523 2.375000 -1.911054
v 0.656507 2.374999 -1.911059
v 0.694983 -0.076025 2.699655
v 0.694983 -0.273431 2.699655
v 0.694974 -0.106347 0.699655
v 0.694974 0.091060 0.699655
v 0.892381 0.091060 0.699654
v 0.892381 -0.106347 0.699654
v 0.892389 -0.273431 2.699654
v 0.892389 -0.076025 2.699654
v 0.892389 -0.076025 2.699654
v 0.892389 -0.273431 2.699654
v 0.694983 -0.273431 2.699655
v 0.694983 -0.076025 2.699655
v 0.694983 -0.273431 2.699655
v 0.892389 -0.273431 2.699654
v 0.892381 -0.106347 0.699654
v 0.694974 -0.106347 0.699655
v 0.892389 -0.076025 2.699654
v 0.694983 -0.076025 2.699655
v 0.694974 0.091060 0.699655
v 0.892381 0.091060 0.699654
v -1.260811 0.100803 -2.238599
v -1.260811 -0.158647 -2.238599
v -1.260813 -0.158647 -2.586656
v -1.260813 0.100803 -2.586656
v 0.531249 0.100803 -2.653591
v 1.261049 -0.158647 -2.586667
v 1.261049 0.100802 -2.586667
v 0.531249 -0.158647 -2.653591
v -0.516267 0.100803 -2.653587
v -0.516267 -0.158647 -2.653587
v -1.260813 0.100803 -2.586656
v -1.260813 -0.158647 -2.586656
v 1.261049 0.100802 -2.586667
v 1.261049 -0.158647 -2.586667
v 1.261051 -0.158647 -2.238610
v 1.261051 0.100803 -2.238610
v -0.516266 0.100803 -2.305529
v -1.260811 -0.158647 -2.238599
v -1.260811 0.100803 -2.238599
v -0.516266 -0.158647 -2.305529
v 0.531250 0.100803 -2.305534
v 0.531250 -0.158647 -2.305534
v 1.261051 0.100803 -2.238610
v 1.261051 -0.158647 -2.238610
v 0.531250 -0.158647 -2.305534
v 1.261051 -0.158647 -2.238610
v 1.261049 -0.158647 -2.586667
v 0.531249 -0.158647 -2.653591
v -0.516266 -0.158647 -2.305529
v -0.516267 -0.158647 -2.653587
v -1.260811 -0.158647 -2.238599
v -1.260813 -0.158647 -2.586656
v -0.516266 0.100803 -2.305529
v -1.260811 0.100803 -2.238599
v -1.260813 0.100803 -2.586656
v -0.516267 0.100803 -2.653587
v 0.531250 0.100803 -2.305534
v 0.531249 0.100803 -2.653591
v 1.261051 0.100803 -2.238610
v 1.261049 0.100802 -2.586667
v 1.260815 0.100804 2.208532
v 1.260814 -0.158646 2.208532
v 1.260816 -0.158646 2.556590
v 1.260817 0.100804 2.556590
v -0.531245 0.100804 2.623528
v -1.261046 -0.158646 2.556605
v -1.261046 0.100804 2.556605
v -0.531245 -0.158646 2.623528
v 0.516271 0.100804 2.623522
v 0.516271 -0.158646 2.623522
v 1.260817 0.100804 2.556590
v 1.260816 -0.158646 2.556590
v -1.261046 0.100804 2.556605
v -1.261046 -0.158646 2.556605
v -1.261048 -0.158646 2.208547
v -1.261048 0.100804 2.208547
v 0.516269 0.100804 2.275464
v 1.260814 -0.158646 2.208532
v 1.260815 0.100804 2.208532
v 0.516269 -0.158646 2.275464
v -0.531247 0.100804 2.275470
v -0.531247 -0.158646 2.275470
v -1.261048 0.100804 2.208547
v -1.261048 -0.158646 2.208547
v -0.531247 -0.158646 2.275470
v -1.261048 -0.158646 2.208547
v -1.261046 -0.158646 2.556605
v -0.531245 -0.158646 2.623528
v 0.516269 -0.158646 2.275464
v 0.516271 -0.158646 2.623522
v 1.260814 -0.158646 2.208532
v 1.260816 -0.158646 2.556590
v 0.516269 0.100804 2.275464
v 1.260815 0.100804 2.208532
v 1.260817 0.100804 2.556590
v 0.516271 0.100804 2.623522
v -0.531247 0.100804 2.275470
v -0.531245 0.100804 2.623528
v -1.261048 0.100804 2.208547
v -1.261046 0.100804 2.556605
v -1.180957 1.850000 0.250005
v -1.180955 1.850000 0.650005
v -1.280955 1.850000 0.650005
v -1.280957 1.850000 0.250005
v -1.280959 1.850000 -0.149995
v -1.280960 1.850000 -0.549995
v -1.180960 1.850000 -0.549995
v -1.180958 1.850000 -0.149995
v 1.180959 1.850000 0.249995
v 1.280960 1.850000 0.249994
v 1.280961 1.850000 0.649994
v 1.180961 1.850000 0.649995
v 1.280958 1.850000 -0.150006
v 1.180958 1.850000 -0.150006
v 1.180956 1.850000 -0.550006
v 1.280956 1.850000 -0.550006
v 1.280958 1.350000 -0.150006
v 1.280958 1.850000 -0.150006
v 1.280956 1.850000 -0.550006
v 1.280956 1.350000 -0.550006
v -1.280957 1.350000 0.250005
v -1.280957 1.850000 0.250005
v -1.280955 1.850000 0.650005
v -1.280955 1.350000 0.650005
v -1.180957 1.350000 0.250005
v -1.180957 1.850000 0.250005
v -1.280957 1.850000 0.250005
v -1.280957 1.350000 0.250005
v 1.280956 1.350000 -0.550006
v 1.280956 1.850000 -0.550006
v 1.180956 1.850000 -0.550006
v 1.180956 1.350000 -0.550005
v 1.180957 1.350000 -0.150005
v 1.180958 1.850000 -0.150006
v 1.280958 1.850000 -0.150006
v 1.280958 1.350000 -0.150006
v -1.280955 1.350000 0.650005
v -1.280955 1.850000 0.650005
v -1.180955 1.850000 0.650005
v -1.180955 1.350000 0.650005
v 1.280961 1.350000 0.649994
v 1.280961 1.850000 0.649994
v 1.280960 1.850000 0.249994
v 1.280960 1.350000 0.249994
v 1.280960 1.350000 0.249994
v 1.280960 1.850000 0.249994
v 1.180959 1.850000 0.249995
v 1.180959 1.350000 0.249995
v -1.280961 1.350000 -0.549995
v -1.280960 1.850000 -0.549995
v -1.280959 1.850000 -0.149995
v -1.280959 1.350000 -0.149995
v -1.280957 0.450000 0.250006
v -1.280955 0.450000 0.650006
v -1.180955 0.450000 0.650005
v -1.180957 0.450000 0.250005
v -1.180958 0.450000 -0.149995
v -1.180960 0.450000 -0.549995
v -1.280961 0.450000 -0.549995
v -1.280959 0.450000 -0.149995
v 1.280959 0.450000 0.249994
v 1.180959 0.450000 0.249995
v 1.180961 0.450000 0.649995
v 1.280961 0.450000 0.649994
v 1.180957 0.450000 -0.150005
v 1.280958 0.450000 -0.150006
v 1.280956 0.450000 -0.550006
v 1.180956 0.450000 -0.550005
v 1.280960 0.950000 0.249994
v 1.280959 0.450000 0.249994
v 1.280961 0.450000 0.649994
v 1.280961 0.950000 0.649994
v -1.280961 0.950000 -0.549995
v -1.280961 0.450000 -0.549995
v -1.180960 0.450000 -0.549995
v -1.180960 0.950000 -0.549995
v -1.280957 0.950000 0.250006
v -1.280957 0.450000 0.250006
v -1.180957 0.450000 0.250005
v -1.180957 0.950000 0.250005
v -1.280959 0.950000 -0.149995
v -1.280959 0.450000 -0.149995
v -1.280961 0.450000 -0.549995
v -1.280961 0.950000 -0.549995
v 1.280958 0.950000 -0.150006
v 1.280958 0.450000 -0.150006
v 1.180957 0.450000 -0.150005
v 1.180957 0.950000 -0.150005
v -1.180955 0.950000 0.650005
v -1.180955 0.450000 0.650005
v -1.280955 0.450000 0.650006
v -1.280955 0.950000 0.650006
v 1.180956 0.950000 -0.550005
v 1.180956 0.450000 -0.550005
v 1.280956 0.450000 -0.550006
v 1.280956 0.950000 -0.550006
v -1.280955 0.950000 0.650006
v -1.280955 0.450000 0.650006
v -1.280957 0.450000 0.250006
v -1.280957 0.950000 0.250006
v 1.180959 0.950000 0.249995
v 1.180959 0.450000 0.249995
v 1.280959 0.450000 0.249994
v 1.280960 0.950000 0.249994
vt 0.115481727 0.809094846
vt 0.0965873748 0.801037192
vt 0.0911088586 0.756327271
vt 0.115481727 0.809094846
vt 0.0911088586 0.756327271
vt 0.0966297239 0.800721526
vt 0.101932518 0.78817451
vt 0.101932518 0.787297904
vt 0.106483713 0.787297904
vt 0.101932518 0.78817451
vt 0.106483713 0.787297904
vt 0.101814896 0.78817451
vt 0.317281872 0.761197746
vt 0.317281872 0.761197746
vt 0.318105966 0.761197746
vt 0.317281872 0.761197746
vt 0.318105966 0.761197746
vt 0.320741147 0.7435444
vt 0.400062084 0.702961624
vt 0.397426903 0.720230818
vt 0.397426903 0.719868064
vt 0.400062084 0.702961624
vt 0.397426903 0.719868064
vt 0.396602809 0.719868064
vt 0.64801681 0.235034391
vt 0.648297489 0.239496544
vt 0.64941287 0.240106955
vt 0.64801681 0.235034391
vt 0.64941287 0.233976617
vt 0.621703863 0.239174441
vt 0.621703863 0.245304868
vt 0.623099864 0.244247064
vt 0.623099864 0.244247064
vt 0.622819245 0.239784881
vt 0.641804218 0.243896976
vt 0.648297489 0.239496544
vt 0.64801681 0.235034391
vt 0.64801681 0.235034391
vt 0.640085042 0.232980922
vt 0.629312515 0.23538442
vt 0.631031752 0.246300474
vt 0.623099864 0.244247064
vt 0.622819245 0.239784881
vt 0.623099864 0.244247064
vt 0.675737023 0.244247153
vt 0.677133024 0.245304957
vt 0.677133083 0.239174619
vt 0.675737023 0.244247153
vt 0.676017761 0.239785001
vt 0.649424136 0.240106866
vt 0.650539458 0.239496425
vt 0.650820136 0.235034272
vt 0.650820136 0.235034272
vt 0.649424136 0.233976468
vt 0.669524491 0.235384479
vt 0.675737023 0.244247153
vt 0.676017761 0.239785001
vt 0.667805195 0.246300533
vt 0.675737023 0.244247153
vt 0.657032728 0.243896917
vt 0.658752024 0.232980862
vt 0.650820136 0.235034272
vt 0.650820136 0.235034272
vt 0.650539458 0.239496425
vt 0.0970467627 0.801037192
vt 0.0970891118 0.801037192
vt 0.0970891118 0.800721526
vt 0.0911088586 0.756327271
vt 0.0927596316 0.757005513
vt 0.0920481011 0.757907987
vt 0.0927596316 0.757728696
vt 0.0920481011 0.757184803
vt 0.0927596316 0.754093707
vt 0.0896288753 0.758432686
vt 0.0920481011 0.754093707
vt 0.0927596316 0.7526474
vt 0.0920481011 0.7526474
vt 0.0927596316 0.751201034
vt 0.0920481011 0.751201034
vt 0.0896288753 0.757709563
vt 0.0870673358 0.758432686
vt 0.0870673358 0.757709563
vt 0.0896288753 0.754093707
vt 0.08564426 0.758432686
vt 0.08564426 0.757709563
vt 0.0870673358 0.754093707
vt 0.08564426 0.754093707
vt 0.0870673358 0.7526474
vt 0.08564426 0.7526474
vt 0.0870673358 0.751201034
vt 0.08564426 0.751201034
vt 0.0870673358 0.74589777
vt 0.08564426 0.74589777
vt 0.0990550816 0.758432686
vt 0.0997666195 0.759165347
vt 0.0997666195 0.758432686
vt 0.0990550816 0.759165347
vt 0.0934711695 0.758432686
vt 0.0997666195 0.761651337
vt 0.0934711695 0.759165347
vt 0.0927596316 0.758432686
vt 0.0927596316 0.759165347
vt 0.0990550816 0.761651337
vt 0.0934711695 0.761651337
vt 0.0997666195 0.76424998
vt 0.0927596316 0.761651337
vt 0.0990550816 0.76424998
vt 0.0997666195 0.765693724
vt 0.0990550816 0.765693724
vt 0.0934711695 0.76424998
vt 0.092759639 0.76424998
vt 0.0934711695 0.765693724
vt 0.092759639 0.765693724
vt 0.0842211917 0.758432686
vt 0.08564426 0.758432686
vt 0.08564426 0.757709563
vt 0.0842211917 0.757709563
vt 0.0816596448 0.758432686
vt 0.08564426 0.754093707
vt 0.0816596448 0.757709563
vt 0.0792404264 0.757907987
vt 0.0842211768 0.754093707
vt 0.08564426 0.7526474
vt 0.0792404264 0.757184803
vt 0.0785288811 0.757728696
vt 0.0785288811 0.757005513
vt 0.0792404264 0.754093707
vt 0.0816596448 0.754093707
vt 0.0785288811 0.754093707
vt 0.0842211843 0.7526474
vt 0.0856442526 0.751201034
vt 0.0792404264 0.7526474
vt 0.0785288811 0.7526474
vt 0.0823711827 0.7526474
vt 0.0842211917 0.751201034
vt 0.0856442526 0.74589777
vt 0.0842211843 0.74589777
vt 0.0830827206 0.751201034
vt 0.0792404264 0.751201034
vt 0.0785288811 0.751201034
vt 0.08564426 0.764216661
vt 0.08564426 0.76566267
vt 0.0863558054 0.76566267
vt 0.0863558054 0.764216661
vt 0.08564426 0.761613905
vt 0.0919397026 0.76566267
vt 0.0863558054 0.761613905
vt 0.08564426 0.759155691
vt 0.0919397026 0.764216661
vt 0.092651248 0.76566267
vt 0.092651248 0.764216661
vt 0.0919397026 0.761613905
vt 0.092651248 0.761613905
vt 0.0863558054 0.759155691
vt 0.08564426 0.758432686
vt 0.0863558054 0.758432686
vt 0.0919397026 0.759155691
vt 0.092651248 0.759155691
vt 0.0919397026 0.758432686
vt 0.092651248 0.758432686
vt 0.106773607 0.757005513
vt 0.10606207 0.757728696
vt 0.106773607 0.757728696
vt 0.10606207 0.757005513
vt 0.106773607 0.754093707
vt 0.100478165 0.757728696
vt 0.10606207 0.754093707
vt 0.106773607 0.7526474
vt 0.100478165 0.757005513
vt 0.0997666195 0.757728696
vt 0.0997666195 0.757005513
vt 0.100478165 0.754093707
vt 0.0997666195 0.754093707
vt 0.10606207 0.7526474
vt 0.106773607 0.751201034
vt 0.10606207 0.751201034
vt 0.100478165 0.7526474
vt 0.0997666195 0.7526474
vt 0.100478165 0.751201034
vt 0.0997666195 0.751201034
vt 0.10606207 0.74589777
vt 0.100478165 0.74589777
vt 0.0927596316 0.738183975
vt 0.0920481011 0.738183975
vt 0.0920481011 0.742040873
vt 0.0927596316 0.742040873
vt 0.0927596316 0.738907158
vt 0.0934711695 0.738183975
vt 0.0927596316 0.738183975
vt 0.0934711695 0.738907158
vt 0.0927596316 0.742523015
vt 0.0990550816 0.738183975
vt 0.0934711695 0.742523015
vt 0.092759639 0.743969321
vt 0.0990550816 0.738907158
vt 0.0997666195 0.738183975
vt 0.0997666195 0.738907158
vt 0.0990550816 0.742523015
vt 0.0997666195 0.742523015
vt 0.0934711695 0.743969321
vt 0.092759639 0.745415688
vt 0.0990550816 0.743969321
vt 0.0997666195 0.743969321
vt 0.0934711695 0.745415688
vt 0.092759639 0.750718892
vt 0.0934711695 0.750718892
vt 0.0990550816 0.745415688
vt 0.0997666195 0.745415688
vt 0.0990550816 0.750718892
vt 0.0997666195 0.750718892
vt 0.10402678 0.764850199
vt 0.103315257 0.764850199
vt 0.103315257 0.768466055
vt 0.10402678 0.768466055
vt 0.0849315077 0.758432686
vt 0.0842199773 0.758432686
vt 0.0842199773 0.764107883
vt 0.0849315077 0.764107883
vt 0.08564426 0.769278526
vt 0.0863558054 0.769278526
vt 0.0863558054 0.76566267
vt 0.08564426 0.76566267
vt 0.0863558054 0.768176794
vt 0.0870516673 0.768327713
vt 0.0870516673 0.765813589
vt 0.0863558054 0.76566267
vt 0.0870516673 0.76566267
vt 0.0870516673 0.768132389
vt 0.0877632126 0.768132389
vt 0.0877632126 0.76566267
vt 0.0997666195 0.757728696
vt 0.102181442 0.758451879
vt 0.102181442 0.757728696
vt 0.0997666195 0.758451879
vt 0.0997666195 0.764127016
vt 0.102181442 0.764127016
vt 0.102181442 0.764850199
vt 0.0997666195 0.764850199
vt 0.440662175 0.747805715
vt 0.443223715 0.747805715
vt 0.443223715 0.744189858
vt 0.440662175 0.744189858
vt 0.447669178 0.723198831
vt 0.450230062 0.723198831
vt 0.450230062 0.717523634
vt 0.447669178 0.717523634
vt 0.433546811 0.745002329
vt 0.430985272 0.745002329
vt 0.430985272 0.748618186
vt 0.433546811 0.748618186
vt 0.574220181 0.702776372
vt 0.574220181 0.704056025
vt 0.57502234 0.704056025
vt 0.57502234 0.702776372
vt 0.443076998 0.743466675
vt 0.445633888 0.743466675
vt 0.445633888 0.737791538
vt 0.443076998 0.737791538
vt 0.0990550816 0.758432686
vt 0.0997666195 0.758432686
vt 0.0997666195 0.754575789
vt 0.0990550816 0.754575789
vt 0.0934711769 0.758432686
vt 0.0934711695 0.754575789
vt 0.092759639 0.758432686
vt 0.092759639 0.754575789
vt 0.0919397026 0.764216661
vt 0.0919397026 0.764216661
vt 0.0863558054 0.764216661
vt 0.0863558054 0.764216661
vt 0.0919397026 0.764216661
vt 0.0919397026 0.764216661
vt 0.0863558054 0.764216661
vt 0.0863558054 0.764216661
vt 0.0870673358 0.751201034
vt 0.0870673358 0.74589777
vt 0.0870673358 0.74589777
vt 0.0870673358 0.751201034
vt 0.0870673358 0.74589777
vt 0.0870673358 0.7526474
vt 0.0870673358 0.751201034
vt 0.0870673358 0.7526474
vt 0.0870673358 0.754093707
vt 0.0870673358 0.7526474
vt 0.0870673358 0.754093707
vt 0.0870673358 0.754093707
vt 0.0893938392 0.768132389
vt 0.0893938392 0.76566267
vt 0.0886823013 0.76566267
vt 0.0886823013 0.768132389
vt 0.0893938467 0.765813589
vt 0.0893938392 0.768327713
vt 0.0900897011 0.768176794
vt 0.0900897011 0.76566267
vt 0.107485145 0.744931996
vt 0.106773607 0.744931996
vt 0.106773607 0.750607133
vt 0.107485145 0.750607133
vt 0.109815001 0.757728696
vt 0.106773607 0.757005513
vt 0.106773607 0.757728696
vt 0.109815001 0.757005513
vt 0.109815001 0.751330316
vt 0.106773607 0.751330316
vt 0.106773607 0.750607133
vt 0.109815001 0.750607133
vt 0.0842211843 0.74589777
vt 0.0842211917 0.751201034
vt 0.0842211917 0.751201034
vt 0.0842211843 0.74589777
vt 0.0842211917 0.751201034
vt 0.0842211843 0.74589777
vt 0.0842211843 0.742040873
vt 0.0856442526 0.742040873
vt 0.0856442526 0.738183975
vt 0.0842211917 0.738183975
vt 0.0785288811 0.742040873
vt 0.079240419 0.742040873
vt 0.0792404115 0.738183975
vt 0.0785288811 0.738183975
vt 0.0870673358 0.738183975
vt 0.08564426 0.738183975
vt 0.08564426 0.742040873
vt 0.0870673358 0.742040873
vt 0.0870673358 0.742040873
vt 0.0870673358 0.742040873
vt 0.0870673358 0.738183975
vt 0.0870673358 0.738183975
vt 0.0870673358 0.742040873
vt 0.0870673358 0.738183975
vt 0.0842211917 0.738183975
vt 0.0842211917 0.738183975
vt 0.0842211843 0.742040873
vt 0.0842211843 0.742040873
vt 0.0842211917 0.738183975
vt 0.0842211843 0.742040873
vt 0.0919397026 0.759155691
vt 0.0919397026 0.759155691
vt 0.0919397026 0.761613905
vt 0.0919397026 0.761613905
vt 0.0863558054 0.759155691
vt 0.0919397026 0.759155691
vt 0.0919397026 0.759155691
vt 0.0863558054 0.759155691
vt 0.0919397026 0.759155691
vt 0.0863558054 0.759155691
vt 0.0863558054 0.761613905
vt 0.0863558054 0.761613905
vt 0.0863558054 0.759155691
vt 0.0863558054 0.759155691
vt 0.0919397026 0.764216661
vt 0.0919397026 0.764216661
vt 0.0863558054 0.764216661
vt 0.0863558054 0.764216661
vt 0.100478165 0.738183975
vt 0.0997666195 0.738183975
vt 0.0997666195 0.742040873
vt 0.100478165 0.742040873
vt 0.10606207 0.738183975
vt 0.10606207 0.742040873
vt 0.106773607 0.738183975
vt 0.106773607 0.742040873
vt 0.10636609 0.78817451
vt 0.0888341963 0.66400218
vt 0.106483713 0.787297904
vt 0.10636609 0.787297904
vt 0.317281872 0.761197746
vt 0.317281872 0.761197746
vt 0.317281872 0.761197746
vt 0.317281872 0.761197746
vt 0.318105966 0.761197746
vt 0.318105966 0.761197746
vt 0.318105966 0.761197746
vt 0.318105966 0.761197746
vt 0.395968765 0.759019792
vt 0.395968765 0.759019792
vt 0.395144671 0.759019792
vt 0.395144671 0.759019792
vt 0.397426903 0.719868064
vt 0.397426903 0.719868064
vt 0.397426903 0.720230818
vt 0.397426903 0.720230818
vt 0.396602809 0.720230818
vt 0.396602809 0.720230818
vt 0.396602809 0.719868064
vt 0.396602809 0.719868064
vt 0.640085042 0.232980922
vt 0.640085042 0.232980922
vt 0.641133964 0.231189936
vt 0.641133964 0.231189936
vt 0.635869026 0.252440035
vt 0.635333717 0.253943563
vt 0.641479909 0.252869844
vt 0.640436828 0.251899064
vt 0.643603861 0.244909093
vt 0.643603861 0.244909093
vt 0.641804218 0.243896976
vt 0.641804218 0.243896976
vt 0.629636884 0.226411507
vt 0.630679965 0.227382317
vt 0.635247767 0.226841331
vt 0.635783076 0.225337833
vt 0.650820136 0.235034272
vt 0.650820136 0.235034272
vt 0.649424136 0.233976468
vt 0.649424136 0.233976468
vt 0.64941287 0.233976617
vt 0.64941287 0.233976617
vt 0.64801681 0.235034391
vt 0.64801681 0.235034391
vt 0.663589358 0.226841345
vt 0.66815716 0.227382407
vt 0.669200301 0.226411566
vt 0.663054109 0.225337833
vt 0.657356977 0.252869844
vt 0.66350317 0.253943563
vt 0.662967861 0.252440035
vt 0.658400059 0.251899004
vt 0.676017761 0.239785001
vt 0.676017761 0.239785001
vt 0.669524491 0.235384479
vt 0.669524491 0.235384479
vt 0.649424136 0.240106866
vt 0.649424136 0.240106866
vt 0.650539458 0.239496425
vt 0.650539458 0.239496425
vt 0.628821731 0.758750856
vt 0.614386916 0.758750856
vt 0.614386916 0.802029669
vt 0.628821731 0.802029669
vt 0.643256545 0.758750856
vt 0.628821731 0.758750856
vt 0.628821731 0.802029669
vt 0.643256545 0.802029669
vt 0.614386916 0.802029669
vt 0.614386916 0.758750856
vt 0.584329844 0.758750856
vt 0.584329844 0.80202961
vt 0.902443171 0.224117547
vt 0.88990134 0.223607123
vt 0.88990134 0.28593722
vt 0.902443171 0.286447644
vt 0.88990134 0.223607123
vt 0.87735945 0.224117547
vt 0.87735945 0.286447644
vt 0.88990134 0.28593722
vt 0.927614391 0.223607123
vt 0.927614391 0.229737967
vt 0.940199912 0.229737967
vt 0.940199912 0.223607123
vt 0.915028751 0.223607123
vt 0.902443171 0.223607123
vt 0.902443171 0.28593719
vt 0.915028751 0.28593719
vt 0.927614391 0.223607123
vt 0.915028751 0.223607123
vt 0.915028751 0.28593719
vt 0.927614391 0.28593719
vt 0.597457051 0.715270758
vt 0.603017449 0.715270758
vt 0.603017449 0.710513532
vt 0.597457051 0.710513532
vt 0.586336195 0.71573174
vt 0.591896594 0.705756307
vt 0.586336195 0.705756307
vt 0.591896594 0.71573174
vt 0.586336195 0.730049133
vt 0.591896594 0.730049133
vt 0.586336195 0.740225017
vt 0.591896594 0.740225017
vt 0.603017449 0.705756307
vt 0.597457051 0.705756307
vt 0.597457051 0.710513532
vt 0.603017449 0.710513532
vt 0.597456992 0.730049133
vt 0.591896594 0.740225077
vt 0.597457051 0.740225017
vt 0.591896594 0.730049133
vt 0.597456992 0.71573174
vt 0.591896594 0.71573174
vt 0.597457051 0.705756307
vt 0.591896594 0.705756307
vt 0.578876793 0.73025018
vt 0.577442467 0.740225077
vt 0.584901869 0.740225077
vt 0.586336195 0.73025018
vt 0.578876793 0.715932727
vt 0.586336195 0.715932727
vt 0.577442467 0.705756307
vt 0.584901869 0.705756307
vt 0.569983006 0.730048597
vt 0.568548679 0.740225077
vt 0.576008081 0.740225077
vt 0.577442467 0.730048597
vt 0.569983006 0.715731144
vt 0.577442467 0.715731144
vt 0.568548679 0.705756307
vt 0.576008081 0.705756307
vt 0.612386346 0.674454212
vt 0.615715384 0.674454212
vt 0.615715384 0.671606004
vt 0.612386346 0.671606004
vt 0.605728209 0.674730182
vt 0.609057248 0.668757796
vt 0.605728209 0.668757796
vt 0.609057248 0.674730182
vt 0.605728209 0.683302104
vt 0.609057248 0.683302104
vt 0.605728209 0.689394474
vt 0.609057248 0.689394474
vt 0.615715384 0.668757796
vt 0.612386346 0.668757796
vt 0.612386346 0.671606004
vt 0.615715384 0.671606004
vt 0.612386286 0.683302104
vt 0.609057248 0.689394474
vt 0.612386346 0.689394474
vt 0.609057248 0.683302104
vt 0.612386286 0.674730182
vt 0.609057248 0.674730182
vt 0.612386346 0.668757796
vt 0.609057248 0.668757796
vt 0.601262212 0.683422446
vt 0.600403488 0.689394534
vt 0.604869425 0.689394474
vt 0.605728209 0.683422446
vt 0.601262212 0.674850523
vt 0.605728209 0.674850523
vt 0.600403488 0.668757796
vt 0.604869425 0.668757796
vt 0.59593749 0.683301806
vt 0.595078707 0.689394534
vt 0.599544704 0.689394474
vt 0.600403488 0.683301806
vt 0.59593749 0.674729824
vt 0.600403488 0.674729824
vt 0.595078707 0.668757796
vt 0.599544704 0.668757796
vt 0.627512872 0.234372303
vt 0.621703863 0.239174441
vt 0.622819245 0.239784881
vt 0.629312515 0.23538442
vt 0.640085042 0.232980922
vt 0.64801681 0.235034391
vt 0.64941287 0.233976617
vt 0.641133964 0.231189936
vt 0.655233085 0.244909033
vt 0.657032728 0.243896917
vt 0.650539458 0.239496425
vt 0.649424136 0.240106866
vt 0.667805195 0.246300533
vt 0.668854117 0.248091534
vt 0.677133024 0.245304957
vt 0.675737023 0.244247153
vt 0.667805195 0.246300533
vt 0.667805195 0.246300533
vt 0.675737023 0.244247153
vt 0.675737023 0.244247153
vt 0.629312515 0.23538442
vt 0.629312515 0.23538442
vt 0.622819245 0.239784881
vt 0.622819245 0.239784881
vt 0.627512872 0.234372303
vt 0.627512872 0.234372303
vt 0.629312515 0.23538442
vt 0.629312515 0.23538442
vt 0.675737023 0.244247153
vt 0.675737023 0.244247153
vt 0.677133024 0.245304957
vt 0.677133024 0.245304957
vt 0.668854117 0.248091534
vt 0.668854117 0.248091534
vt 0.667805195 0.246300533
vt 0.667805195 0.246300533
vt 0.622819245 0.239784881
vt 0.622819245 0.239784881
vt 0.621703863 0.239174441
vt 0.621703863 0.239174441
vt 0.650539458 0.239496425
vt 0.650539458 0.239496425
vt 0.657032728 0.243896917
vt 0.657032728 0.243896917
vt 0.657032728 0.243896917
vt 0.657032728 0.243896917
vt 0.655233085 0.244909033
vt 0.655233085 0.244909033
vt 0.64801681 0.235034391
vt 0.64801681 0.235034391
vt 0.640085042 0.232980922
vt 0.640085042 0.232980922
vt 0.631031752 0.246300474
vt 0.623099864 0.244247064
vt 0.621703863 0.245304868
vt 0.629982769 0.248091504
vt 0.643603861 0.244909093
vt 0.64941287 0.240106955
vt 0.648297489 0.239496544
vt 0.641804218 0.243896976
vt 0.658752024 0.232980862
vt 0.657703102 0.231189862
vt 0.649424136 0.233976468
vt 0.650820136 0.235034272
vt 0.671324193 0.234372392
vt 0.669524491 0.235384479
vt 0.676017761 0.239785001
vt 0.677133083 0.239174619
vt 0.658752024 0.232980862
vt 0.658752024 0.232980862
vt 0.650820136 0.235034272
vt 0.650820136 0.235034272
vt 0.648297489 0.239496544
vt 0.648297489 0.239496544
vt 0.64941287 0.240106955
vt 0.64941287 0.240106955
vt 0.631031752 0.246300474
vt 0.631031752 0.246300474
vt 0.629982769 0.248091504
vt 0.629982769 0.248091504
vt 0.641804218 0.243896976
vt 0.641804218 0.243896976
vt 0.648297489 0.239496544
vt 0.648297489 0.239496544
vt 0.669524491 0.235384479
vt 0.669524491 0.235384479
vt 0.671324193 0.234372392
vt 0.671324193 0.234372392
vt 0.621703863 0.245304868
vt 0.621703863 0.245304868
vt 0.623099864 0.244247064
vt 0.623099864 0.244247064
vt 0.677133083 0.239174619
vt 0.677133083 0.239174619
vt 0.676017761 0.239785001
vt 0.676017761 0.239785001
vt 0.623099864 0.244247064
vt 0.623099864 0.244247064
vt 0.631031752 0.246300474
vt 0.631031752 0.246300474
vt 0.657703102 0.231189862
vt 0.657703102 0.231189862
vt 0.658752024 0.232980862
vt 0.658752024 0.232980862
vn -1.000000 0.000000 0.000004
vn -1.000000 0.000000 0.000004
vn -1.000000 0.000000 0.000004
vn -1.000000 0.000000 0.000004
vn -1.000000 0.000000 0.000004
vn -1.000000 0.000000 0.000004
vn 1.000000 -0.000000 -0.000004
vn 1.000000 -0.000000 -0.000004
vn 1.000000 -0.000000 -0.000004
vn 1.000000 -0.000000 -0.000004
vn 1.000000 -0.000000 -0.000004
vn 1.000000 -0.000000 -0.000004
vn 0.000004 0.000000 1.000000
vn 0.000004 0.000000 1.000000
vn 0.000004 0.000000 1.000000
vn 0.000004 0.000000 1.000000
vn 0.000004 0.000000 1.000000
vn 0.000004 0.000000 1.000000
vn 0.000004 0.000000 1.000000
vn 0.000004 0.000000 1.000000
vn 0.000004 0.000000 1.000000
vn 0.000004 0.000000 1.000000
vn 0.000004 0.000000 1.000000
vn 0.000004 0.000000 1.000000
vn -0.000004 -0.000000 -1.000000
vn -0.000004 -0.000000 -1.000000
vn -0.000004 -0.000000 -1.000000
vn -0.000004 -0.000000 -1.000000
vn -0.000004 -0.000000 -1.000000
vn 0.000004 0.000000 1.000000
vn 0.000004 0.000000 1.000000
vn 0.000004 0.000000 1.000000
vn 0.000004 0.000000 1.000000
vn 0.000004 0.000000 1.000000
vn -1.000000 0.000000 0.000004
vn -1.000000 0.000000 0.000004
vn -1.000000 0.000000 0.000004
vn -1.000000 0.000000 0.000004
vn -1.000000 0.000000 0.000004
vn -1.000000 0.000000 0.000004
vn -1.000000 0.000000 0.000004
vn -1.000000 0.000000 0.000004
vn -1.000000 0.000000 0.000004
vn -1.000000 0.000000 0.000004
vn -0.000004 -0.000000 -1.000000
vn -0.000004 -0.000000 -1.000000
vn -0.000004 -0.000000 -1.000000
vn -0.000004 -0.000000 -1.000000
vn -0.000004 -0.000000 -1.000000
vn 0.000004 0.000000 1.000000
vn 0.000004 0.000000 1.000000
vn 0.000004 0.000000 1.000000
vn 0.000004 0.000000 1.000000
vn 0.000004 0.000000 1.000000
vn 1.000000 -0.000000 -0.000004
vn 1.000000 -0.000000 -0.000004
vn 1.000000 -0.000000 -0.000004
vn 1.000000 -0.000000 -0.000004
vn 1.000000 -0.000000 -0.000004
vn 1.000000 -0.000000 -0.000004
vn 1.000000 -0.000000 -0.000004
vn 1.000000 -0.000000 -0.000004
vn 1.000000 -0.000000 -0.000004
vn 1.000000 -0.000000 -0.000004
vn 0.000000 1.000000 -0.000000
vn 0.000000 1.000000 -0.000000
vn 0.000000 1.000000 -0.000000
vn 0.000000 1.000000 -0.000000
vn -1.000000 0.000000 0.000004
vn -1.000000 0.000000 0.000004
vn -1.000000 0.000000 0.000004
vn -1.000000 0.000000 0.000004
vn -1.000000 0.000000 0.000004
vn -1.000000 0.000000 0.000004
vn -1.000000 0.000000 0.000004
vn -1.000000 0.000000 0.000004
vn -1.000000 0.000000 0.000004
vn -1.000000 0.000000 0.000004
vn -1.000000 0.000000 0.000004
vn -1.000000 0.000000 0.000004
vn -1.000000 0.000000 0.000004
vn -1.000000 0.000000 0.000004
vn -1.000000 0.000000 0.000004
vn -1.000000 0.000000 0.000004
vn -1.000000 0.000000 0.000004
vn -1.000000 0.000000 0.000004
vn -1.000000 0.000000 0.000004
vn -1.000000 0.000000 0.000004
vn -1.000000 0.000000 0.000004
vn -1.000000 0.000000 0.000004
vn -1.000000 0.000000 0.000004
vn -1.000000 0.000000 0.000004
vn -1.000000 0.000000 0.000004
vn -0.000004 0.240652 -0.970611
vn -0.000004 0.224712 -0.974425
vn -0.000004 0.240652 -0.970611
vn -0.000004 0.230032 -0.973183
vn -0.000004 0.240652 -0.970611
vn -0.000004 0.104934 -0.994479
vn -0.000004 0.230032 -0.973183
vn -0.000004 0.240652 -0.970611
vn -0.000004 0.224712 -0.974425
vn -0.000004 0.069913 -0.997553
vn -0.000004 0.069913 -0.997553
vn -0.000004 -0.000000 -1.000000
vn -0.000004 0.104934 -0.994479
vn -0.000004 -0.000000 -1.000000
vn -0.000004 -0.000000 -1.000000
vn -0.000004 -0.000000 -1.000000
vn -0.000004 -0.000000 -1.000000
vn -0.000004 -0.000000 -1.000000
vn -0.000004 -0.000000 -1.000000
vn -0.000004 -0.000000 -1.000000
vn 1.000000 -0.000000 -0.000004
vn 1.000000 -0.000000 -0.000004
vn 1.000000 -0.000000 -0.000004
vn 1.000000 -0.000000 -0.000004
vn 1.000000 -0.000000 -0.000004
vn 1.000000 -0.000000 -0.000004
vn 1.000000 -0.000000 -0.000004
vn 1.000000 -0.000000 -0.000004
vn 1.000000 -0.000000 -0.000004
vn 1.000000 -0.000000 -0.000004
vn 1.000000 -0.000000 -0.000004
vn 1.000000 -0.000000 -0.000004
vn 1.000000 -0.000000 -0.000004
vn 1.000000 -0.000000 -0.000004
vn 1.000000 -0.000000 -0.000004
vn 1.000000 -0.000000 -0.000004
vn 1.000000 -0.000000 -0.000004
vn 1.000000 -0.000000 -0.000004
vn 1.000000 -0.000000 -0.000004
vn 1.000000 -0.000000 -0.000004
vn 1.000000 -0.000000 -0.000004
vn 1.000000 -0.000000 -0.000004
vn 1.000000 -0.000000 -0.000004
vn 1.000000 -0.000000 -0.000004
vn 1.000000 -0.000000 -0.000004
vn 1.000000 -0.000000 -0.000004
vn 1.000000 -0.000000 -0.000004
vn 0.000004 0.000000 1.000000
vn 0.000004 0.000000 1.000000
vn 0.000004 0.000000 1.000000
vn 0.000004 0.000000 1.000000
vn 0.000004 0.000000 1.000000
vn 0.000004 0.000000 1.000000
vn 0.000004 0.000000 1.000000
vn 0.000004 0.000000 1.000000
vn 0.000004 0.000000 1.000000
vn 0.000004 0.000000 1.000000
vn 0.000004 0.000000 1.000000
vn 0.000004 0.000000 1.000000
vn 0.000004 0.000000 1.000000
vn 0.000004 0.000000 1.000000
vn 0.000004 0.000000 1.000000
vn 0.000004 0.000000 1.000000
vn 0.000004 0.000000 1.000000
vn 0.000004 0.000000 1.000000
vn 0.000004 0.000000 1.000000
vn 0.000004 0.000000 1.000000
vn 0.000000 1.000000 -0.000000
vn 0.000000 1.000000 -0.000000
vn 0.000000 1.000000 -0.000000
vn 0.000000 1.000000 -0.000000
vn 0.000000 1.000000 -0.000000
vn 0.000000 1.000000 -0.000000
vn 0.000000 1.000000 -0.000000
vn 0.000000 1.000000 -0.000000
vn 0.000000 1.000000 -0.000000
vn 0.000000 1.000000 -0.000000
vn 0.000000 1.000000 -0.000000
vn 0.000000 1.000000 -0.000000
vn 0.000000 1.000000 -0.000000
vn 0.000000 1.000000 -0.000000
vn 0.000000 1.000000 -0.000000
vn 0.000000 1.000000 -0.000000
vn 0.000000 1.000000 -0.000000
vn 0.000000 1.000000 -0.000000
vn 0.000000 1.000000 -0.000000
vn 0.000000 1.000000 -0.000000
vn 0.000000 1.000000 -0.000000
vn 0.000000 1.000000 -0.000000
vn -1.000000 0.000000 0.000004
vn -1.000000 0.000000 0.000004
vn -1.000000 0.000000 0.000004
vn -1.000000 0.000000 0.000004
vn -0.000000 -1.000000 0.000000
vn -0.000000 -1.000000 0.000000
vn -0.000000 -1.000000 0.000000
vn -0.000000 -1.000000 0.000000
vn -0.000000 -1.000000 0.000000
vn -0.000000 -1.000000 0.000000
vn -0.000000 -1.000000 0.000000
vn -0.000000 -1.000000 0.000000
vn -0.000000 -1.000000 0.000000
vn -0.000000 -1.000000 0.000000
vn -0.000000 -1.000000 0.000000
vn -0.000000 -1.000000 0.000000
vn -0.000000 -1.000000 0.000000
vn -0.000000 -1.000000 0.000000
vn -0.000000 -1.000000 0.000000
vn -0.000000 -1.000000 0.000000
vn -0.000000 -1.000000 0.000000
vn -0.000000 -1.000000 0.000000
vn -0.000000 -1.000000 0.000000
vn -0.000000 -1.000000 0.000000
vn -0.000000 -1.000000 0.000000
vn -0.000000 -1.000000 0.000000
vn -0.000000 -1.000000 0.000000
vn -0.000000 -1.000000 0.000000
vn 0.000000 1.000000 -0.000000
vn 0.000000 1.000000 -0.000000
vn 0.000000 1.000000 -0.000000
vn 0.000000 1.000000 -0.000000
vn 0.000000 1.000000 -0.000000
vn 0.000000 1.000000 -0.000000
vn 0.000000 1.000000 -0.000000
vn 0.000000 1.000000 -0.000000
vn 0.000000 1.000000 -0.000000
vn 0.000000 1.000000 -0.000000
vn 0.000000 1.000000 -0.000000
vn 0.000000 1.000000 -0.000000
vn -1.000000 0.000000 0.000004
vn -1.000000 0.000000 0.000004
vn -1.000000 0.000000 0.000004
vn -1.000000 0.000000 0.000004
vn 0.000004 -0.208710 0.977977
vn 0.000004 -0.208710 0.977977
vn 0.000004 -0.208710 0.977977
vn 0.000004 -0.104934 0.994479
vn -0.000004 -0.000000 -1.000000
vn -0.000004 -0.000000 -1.000000
vn -0.000004 -0.000000 -1.000000
vn -0.000004 -0.000000 -1.000000
vn -0.000004 -0.000000 -1.000000
vn -0.000004 -0.000000 -1.000000
vn -0.000004 -0.000000 -1.000000
vn -0.000004 -0.000000 -1.000000
vn 1.000000 -0.000000 -0.000004
vn 1.000000 -0.000000 -0.000004
vn 1.000000 -0.000000 -0.000004
vn 1.000000 -0.000000 -0.000004
vn 0.000004 -0.104934 0.994479
vn 0.000004 0.000000 1.000000
vn 0.000004 0.000000 1.000000
vn 0.000004 -0.104934 0.994479
vn -1.000000 0.000000 0.000004
vn -1.000000 0.000000 0.000004
vn -1.000000 0.000000 0.000004
vn -1.000000 0.000000 0.000004
vn 0.000000 1.000000 -0.000000
vn 0.000000 1.000000 -0.000000
vn 0.000000 1.000000 -0.000000
vn 0.000000 1.000000 -0.000000
vn -0.000004 -0.000000 -1.000000
vn -0.000004 -0.000000 -1.000000
vn -0.000004 -0.000000 -1.000000
vn -0.000004 -0.000000 -1.000000
vn -0.000000 -1.000000 0.000000
vn -0.000000 -1.000000 0.000000
vn -0.000000 -1.000000 0.000000
vn -0.000000 -1.000000 0.000000
vn -0.000000 -1.000000 0.000000
vn -0.000000 -1.000000 0.000000
vn -0.000000 -1.000000 0.000000
vn -0.000000 -1.000000 0.000000
vn 0.000000 1.000000 -0.000000
vn 0.000000 1.000000 -0.000000
vn 0.000000 1.000000 -0.000000
vn 0.000000 1.000000 -0.000000
vn 0.000004 0.000000 1.000000
vn 0.000004 0.000000 1.000000
vn 0.000004 0.000000 1.000000
vn 0.000004 0.000000 1.000000
vn -1.000000 0.000000 0.000004
vn -1.000000 0.000000 0.000004
vn -1.000000 0.000000 0.000004
vn -1.000000 0.000000 0.000004
vn -1.000000 0.000000 0.000004
vn -1.000000 0.000000 0.000004
vn -1.000000 0.000000 0.000004
vn -1.000000 0.000000 0.000004
vn -1.000000 0.000000 0.000004
vn -1.000000 0.000000 0.000004
vn -1.000000 0.000000 0.000004
vn -1.000000 0.000000 0.000004
vn 0.000004 -0.208710 0.977977
vn 0.000004 -0.208710 0.977977
vn 0.000004 -0.104934 0.994479
vn 0.000004 -0.208710 0.977977
vn 1.000000 -0.000000 -0.000004
vn 1.000000 -0.000000 -0.000004
vn 1.000000 -0.000000 -0.000004
vn 1.000000 -0.000000 -0.000004
vn -0.000000 -1.000000 0.000000
vn -0.000000 -1.000000 0.000000
vn -0.000000 -1.000000 0.000000
vn -0.000000 -1.000000 0.000000
vn -0.000000 -1.000000 0.000000
vn -0.000000 -1.000000 0.000000
vn -0.000000 -1.000000 0.000000
vn -0.000000 -1.000000 0.000000
vn -0.000000 -1.000000 0.000000
vn -0.000000 -1.000000 0.000000
vn -0.000000 -1.000000 0.000000
vn -0.000000 -1.000000 0.000000
vn 1.000000 -0.000000 -0.000004
vn 1.000000 -0.000000 -0.000004
vn 1.000000 -0.000000 -0.000004
vn 1.000000 -0.000000 -0.000004
vn 1.000000 -0.000000 -0.000004
vn 1.000000 -0.000000 -0.000004
vn 1.000000 -0.000000 -0.000004
vn 1.000000 -0.000000 -0.000004
vn 1.000000 -0.000000 -0.000004
vn 1.000000 -0.000000 -0.000004
vn 1.000000 -0.000000 -0.000004
vn 1.000000 -0.000000 -0.000004
vn 1.000000 -0.000000 -0.000004
vn 1.000000 -0.000000 -0.000004
vn -1.000000 0.000000 0.000004
vn -1.000000 0.000000 0.000004
vn -1.000000 0.000000 0.000004
vn -1.000000 0.000000 0.000004
vn -1.000000 0.000000 0.000004
vn -1.000000 0.000000 0.000004
vn -1.000000 0.000000 0.000004
vn -1.000000 0.000000 0.000004
vn -1.000000 0.000000 0.000004
vn -1.000000 0.000000 0.000004
vn 1.000000 -0.000000 -0.000004
vn 1.000000 -0.000000 -0.000004
vn 1.000000 -0.000000 -0.000004
vn 1.000000 -0.000000 -0.000004
vn 1.000000 -0.000000 -0.000004
vn 1.000000 -0.000000 -0.000004
vn 1.000000 -0.000000 -0.000004
vn 1.000000 -0.000000 -0.000004
vn 1.000000 -0.000000 -0.000004
vn 1.000000 -0.000000 -0.000004
vn -0.000000 -1.000000 0.000000
vn -0.000000 -1.000000 0.000000
vn -0.000000 -1.000000 0.000000
vn -0.000000 -1.000000 0.000000
vn -0.000000 -1.000000 0.000000
vn -0.000000 -1.000000 0.000000
vn -1.000000 0.000000 0.000004
vn -1.000000 0.000000 0.000004
vn -1.000000 0.000000 0.000004
vn -1.000000 0.000000 0.000004
vn -0.000004 -0.000000 -1.000000
vn -0.000004 -0.000000 -1.000000
vn -0.000004 -0.000000 -1.000000
vn -0.000004 -0.000000 -1.000000
vn 0.000000 1.000000 -0.000000
vn 0.000000 1.000000 -0.000000
vn 0.000000 1.000000 -0.000000
vn 0.000000 1.000000 -0.000000
vn 0.000000 1.000000 -0.000000
vn 0.000000 1.000000 -0.000000
vn 0.000000 1.000000 -0.000000
vn 0.000000 1.000000 -0.000000
vn 0.000000 1.000000 -0.000000
vn 0.000000 1.000000 -0.000000
vn 0.000000 1.000000 -0.000000
vn 0.000000 1.000000 -0.000000
vn -1.000000 0.000000 0.000004
vn -1.000000 0.000000 0.000004
vn -1.000000 0.000000 0.000004
vn -1.000000 0.000000 0.000004
vn 1.000000 -0.000000 -0.000004
vn 1.000000 -0.000000 -0.000004
vn 1.000000 -0.000000 -0.000004
vn 1.000000 -0.000000 -0.000004
vn 0.000000 1.000000 -0.000000
vn 0.000000 1.000000 -0.000000
vn 0.000000 1.000000 -0.000000
vn 0.000000 1.000000 -0.000000
vn 1.000000 -0.000000 -0.000004
vn 1.000000 -0.000000 -0.000004
vn 1.000000 -0.000000 -0.000004
vn 1.000000 -0.000000 -0.000004
vn -1.000000 0.000000 0.000004
vn -1.000000 0.000000 0.000004
vn -1.000000 0.000000 0.000004
vn -1.000000 0.000000 0.000004
vn 0.000004 0.000000 1.000000
vn 0.000004 0.000000 1.000000
vn 0.000004 0.000000 1.000000
vn 0.000004 0.000000 1.000000
vn -0.000000 -1.000000 0.000000
vn -0.000000 -1.000000 0.000000
vn -0.000000 -1.000000 0.000000
vn -0.000000 -1.000000 0.000000
vn 0.000004 0.000000 1.000000
vn 0.000004 0.000000 1.000000
vn 0.000004 0.000000 1.000000
vn 0.000004 0.000000 1.000000
vn 0.000000 1.000000 -0.000000
vn 0.000000 1.000000 -0.000000
vn 0.000000 1.000000 -0.000000
vn 0.000000 1.000000 -0.000000
vn 0.000004 0.000000 1.000000
vn 0.000004 0.000000 1.000000
vn 0.000004 0.000000 1.000000
vn 0.000004 0.000000 1.000000
vn -0.000004 -0.000000 -1.000000
vn -0.000004 -0.000000 -1.000000
vn -0.000004 -0.000000 -1.000000
vn -0.000004 -0.000000 -1.000000
vn -0.000000 -1.000000 0.000000
vn -0.000000 -1.000000 0.000000
vn -0.000000 -1.000000 0.000000
vn -0.000000 -1.000000 0.000000
vn 0.000000 1.000000 -0.000000
vn 0.000000 1.000000 -0.000000
vn 0.000000 1.000000 -0.000000
vn 0.000000 1.000000 -0.000000
vn 1.000000 -0.000000 -0.000004
vn 1.000000 -0.000000 -0.000004
vn 1.000000 -0.000000 -0.000004
vn 1.000000 -0.000000 -0.000004
vn 0.000004 0.000000 1.000000
vn 0.000004 0.000000 1.000000
vn 0.000004 0.000000 1.000000
vn 0.000004 0.000000 1.000000
vn -0.000004 -0.000000 -1.000000
vn -0.000004 -0.000000 -1.000000
vn -0.000004 -0.000000 -1.000000
vn -0.000004 -0.000000 -1.000000
vn 0.000004 0.000000 1.000000
vn 0.000004 0.000000 1.000000
vn 0.000004 0.000000 1.000000
vn 0.000004 0.000000 1.000000
vn 0.000000 1.000000 -0.000000
vn 0.000000 1.000000 -0.000000
vn 0.000000 1.000000 -0.000000
vn 0.000000 1.000000 -0.000000
vn -1.000000 0.000000 0.000004
vn -1.000000 0.000000 0.000004
vn -1.000000 0.000000 0.000004
vn -1.000000 0.000000 0.000004
vn 1.000000 -0.000000 -0.000004
vn 1.000000 -0.000000 -0.000004
vn 1.000000 -0.000000 -0.000004
vn 1.000000 -0.000000 -0.000004
vn 0.000004 0.000000 1.000000
vn 0.000004 0.000000 1.000000
vn 0.000004 0.000000 1.000000
vn 0.000004 0.000000 1.000000
vn -0.000000 -0.996529 -0.083252
vn -0.000000 -0.996529 -0.083252
vn -0.000000 -0.996529 -0.083252
vn -0.000000 -0.996529 -0.083252
vn 0.000000 0.996529 0.083252
vn 0.000000 0.996529 0.083252
vn 0.000000 0.996529 0.083252
vn 0.000000 0.996529 0.083252
vn -1.000000 0.000000 0.000004
vn -1.000000 0.000000 0.000004
vn -1.000000 0.000000 0.000004
vn -1.000000 0.000000 0.000004
vn 0.045705 -0.000000 -0.998955
vn 0.091319 -0.000000 -0.995822
vn 0.091319 -0.000000 -0.995822
vn 0.045705 -0.000000 -0.998955
vn -0.044814 -0.000000 -0.998995
vn -0.044814 -0.000000 -0.998995
vn -0.089533 -0.000000 -0.995984
vn -0.089533 -0.000000 -0.995984
vn 1.000000 -0.000000 -0.000004
vn 1.000000 -0.000000 -0.000004
vn 1.000000 -0.000000 -0.000004
vn 1.000000 -0.000000 -0.000004
vn 0.044814 0.000000 0.998995
vn 0.089533 0.000000 0.995984
vn 0.089533 0.000000 0.995984
vn 0.044814 0.000000 0.998995
vn -0.045705 0.000000 0.998955
vn -0.045705 0.000000 0.998955
vn -0.091319 0.000000 0.995822
vn -0.091319 0.000000 0.995822
vn -0.000000 -1.000000 0.000000
vn -0.000000 -1.000000 0.000000
vn -0.000000 -1.000000 0.000000
vn -0.000000 -1.000000 0.000000
vn -0.000000 -1.000000 0.000000
vn -0.000000 -1.000000 0.000000
vn -0.000000 -1.000000 0.000000
vn -0.000000 -1.000000 0.000000
vn 0.000000 1.000000 -0.000000
vn 0.000000 1.000000 -0.000000
vn 0.000000 1.000000 -0.000000
vn 0.000000 1.000000 -0.000000
vn 0.000000 1.000000 -0.000000
vn 0.000000 1.000000 -0.000000
vn 0.000000 1.000000 -0.000000
vn 0.000000 1.000000 -0.000000
vn 1.000000 -0.000000 -0.000004
vn 1.000000 -0.000000 -0.000004
vn 1.000000 -0.000000 -0.000004
vn 1.000000 -0.000000 -0.000004
vn -0.045704 0.000000 0.998955
vn -0.091317 0.000000 0.995822
vn -0.091317 0.000000 0.995822
vn -0.045704 0.000000 0.998955
vn 0.044815 0.000000 0.998995
vn 0.044815 0.000000 0.998995
vn 0.089535 0.000000 0.995984
vn 0.089535 0.000000 0.995984
vn -1.000000 0.000000 0.000004
vn -1.000000 0.000000 0.000004
vn -1.000000 0.000000 0.000004
vn -1.000000 0.000000 0.000004
vn -0.044815 -0.000000 -0.998995
vn -0.089535 -0.000000 -0.995984
vn -0.089535 -0.000000 -0.995984
vn -0.044815 -0.000000 -0.998995
vn 0.045704 -0.000000 -0.998955
vn 0.045704 -0.000000 -0.998955
vn 0.091317 -0.000000 -0.995822
vn 0.091317 -0.000000 -0.995822
vn -0.000000 -1.000000 0.000000
vn -0.000000 -1.000000 0.000000
vn -0.000000 -1.000000 0.000000
vn -0.000000 -1.000000 0.000000
vn -0.000000 -1.000000 0.000000
vn -0.000000 -1.000000 0.000000
vn -0.000000 -1.000000 0.000000
vn -0.000000 -1.000000 0.000000
vn 0.000000 1.000000 -0.000000
vn 0.000000 1.000000 -0.000000
vn 0.000000 1.000000 -0.000000
vn 0.000000 1.000000 -0.000000
vn 0.000000 1.000000 -0.000000
vn 0.000000 1.000000 -0.000000
vn 0.000000 1.000000 -0.000000
vn 0.000000 1.000000 -0.000000
vn 0.000000 1.000000 -0.000000
vn 0.000000 1.000000 -0.000000
vn 0.000000 1.000000 -0.000000
vn 0.000000 1.000000 -0.000000
vn 0.000000 1.000000 -0.000000
vn 0.000000 1.000000 -0.000000
vn 0.000000 1.000000 -0.000000
vn 0.000000 1.000000 -0.000000
vn 0.000000 1.000000 -0.000000
vn 0.000000 1.000000 -0.000000
vn 0.000000 1.000000 -0.000000
vn 0.000000 1.000000 -0.000000
vn 0.000000 1.000000 -0.000000
vn 0.000000 1.000000 -0.000000
vn 0.000000 1.000000 -0.000000
vn 0.000000 1.000000 -0.000000
vn 1.000000 -0.000000 -0.000004
vn 1.000000 -0.000000 -0.000004
vn 1.000000 -0.000000 -0.000004
vn 1.000000 -0.000000 -0.000004
vn -1.000000 0.000000 0.000004
vn -1.000000 0.000000 0.000004
vn -1.000000 0.000000 0.000004
vn -1.000000 0.000000 0.000004
vn -0.000004 -0.000000 -1.000000
vn -0.000004 -0.000000 -1.000000
vn -0.000004 -0.000000 -1.000000
vn -0.000004 -0.000000 -1.000000
vn -0.000004 -0.000000 -1.000000
vn -0.000004 -0.000000 -1.000000
vn -0.000004 -0.000000 -1.000000
vn -0.000004 -0.000000 -1.000000
vn 0.000004 0.000000 1.000000
vn 0.000004 0.000000 1.000000
vn 0.000004 0.000000 1.000000
vn 0.000004 0.000000 1.000000
vn 0.000004 0.000000 1.000000
vn 0.000004 0.000000 1.000000
vn 0.000004 0.000000 1.000000
vn 0.000004 0.000000 1.000000
vn 1.000000 -0.000000 -0.000004
vn 1.000000 -0.000000 -0.000004
vn 1.000000 -0.000000 -0.000004
vn 1.000000 -0.000000 -0.000004
vn -0.000004 -0.000000 -1.000000
vn -0.000004 -0.000000 -1.000000
vn -0.000004 -0.000000 -1.000000
vn -0.000004 -0.000000 -1.000000
vn -1.000000 0.000000 0.000004
vn -1.000000 0.000000 0.000004
vn -1.000000 0.000000 0.000004
vn -1.000000 0.000000 0.000004
vn -0.000000 -1.000000 0.000000
vn -0.000000 -1.000000 0.000000
vn -0.000000 -1.000000 0.000000
vn -0.000000 -1.000000 0.000000
vn -0.000000 -1.000000 0.000000
vn -0.000000 -1.000000 0.000000
vn -0.000000 -1.000000 0.000000
vn -0.000000 -1.000000 0.000000
vn -0.000000 -1.000000 0.000000
vn -0.000000 -1.000000 0.000000
vn -0.000000 -1.000000 0.000000
vn -0.000000 -1.000000 0.000000
vn -0.000000 -1.000000 0.000000
vn -0.000000 -1.000000 0.000000
vn -0.000000 -1.000000 0.000000
vn -0.000000 -1.000000 0.000000
vn 1.000000 -0.000000 -0.000004
vn 1.000000 -0.000000 -0.000004
vn 1.000000 -0.000000 -0.000004
vn 1.000000 -0.000000 -0.000004
vn -0.000004 -0.000000 -1.000000
vn -0.000004 -0.000000 -1.000000
vn -0.000004 -0.000000 -1.000000
vn -0.000004 -0.000000 -1.000000
vn -0.000004 -0.000000 -1.000000
vn -0.000004 -0.000000 -1.000000
vn -0.000004 -0.000000 -1.000000
vn -0.000004 -0.000000 -1.000000
vn -1.000000 0.000000 0.000004
vn -1.000000 0.000000 0.000004
vn -1.000000 0.000000 0.000004
vn -1.000000 0.000000 0.000004
vn 0.000004 0.000000 1.000000
vn 0.000004 0.000000 1.000000
vn 0.000004 0.000000 1.000000
vn 0.000004 0.000000 1.000000
vn 0.000004 0.000000 1.000000
vn 0.000004 0.000000 1.000000
vn 0.000004 0.000000 1.000000
vn 0.000004 0.000000 1.000000
vn -0.000004 -0.000000 -1.000000
vn -0.000004 -0.000000 -1.000000
vn -0.000004 -0.000000 -1.000000
vn -0.000004 -0.000000 -1.000000
vn -1.000000 0.000000 0.000004
vn -1.000000 0.000000 0.000004
vn -1.000000 0.000000 0.000004
vn -1.000000 0.000000 0.000004
vn -0.000004 -0.000000 -1.000000
vn -0.000004 -0.000000 -1.000000
vn -0.000004 -0.000000 -1.000000
vn -0.000004 -0.000000 -1.000000
f 3/3/3 2/2/2 1/1/1
f 6/6/6 5/5/5 4/4/4
f 9/9/9 8/8/8 7/7/7
f 12/12/12 11/11/11 10/10/10
f 15/15/15 14/14/14 13/13/13
f 18/18/18 17/17/17 16/16/16
f 21/21/21 20/20/20 19/19/19
f 24/24/24 23/23/23 22/22/22
f 27/27/27 26/26/26 25/25/25
f 29/29/29 27/27/27 28/28/28
f 32/32/32 31/31/31 30/30/30
f 34/34/34 33/33/33 30/30/30
f 37/37/37 36/36/36 35/35/35
f 39/39/39 38/38/38 35/35/35
f 39/39/39 35/35/35 40/40/40
f 35/35/35 41/41/41 40/40/40
f 41/41/41 42/42/42 40/40/40
f 44/44/44 43/43/43 40/40/40
f 47/47/47 46/46/46 45/45/45
f 49/49/49 47/47/47 48/48/48
f 52/52/52 51/51/51 50/50/50
f 54/54/54 53/53/53 50/50/50
f 57/57/57 56/56/56 55/55/55
f 59/59/59 58/58/58 55/55/55
f 55/55/55 58/58/58 60/60/60
f 61/61/61 55/55/55 60/60/60
f 62/62/62 61/61/61 60/60/60
f 64/64/64 63/63/63 60/60/60
f 67/67/67 66/66/66 65/65/65
f 68/68/68 67/67/67 65/65/65
f 71/71/71 70/70/70 69/69/69
f 70/70/70 72/72/72 69/69/69
f 69/69/69 72/72/72 73/73/73
f 70/70/70 74/74/74 72/72/72
f 72/72/72 75/75/75 73/73/73
f 73/73/73 75/75/75 76/76/76
f 75/75/75 77/77/77 76/76/76
f 76/76/76 77/77/77 78/78/78
f 77/77/77 79/79/79 78/78/78
f 74/74/74 80/80/80 72/72/72
f 74/74/74 81/81/81 80/80/80
f 81/81/81 82/82/82 80/80/80
f 80/80/80 82/82/82 83/83/83
f 81/81/81 84/84/84 82/82/82
f 84/84/84 85/85/85 82/82/82
f 82/82/82 86/86/86 83/83/83
f 82/82/82 85/85/85 86/86/86
f 85/85/85 87/87/87 86/86/86
f 86/86/86 87/87/87 88/88/88
f 87/87/87 89/89/89 88/88/88
f 88/88/88 89/89/89 90/90/90
f 89/89/89 91/91/91 90/90/90
f 90/90/90 91/91/91 92/92/92
f 91/91/91 93/93/93 92/92/92
f 96/96/96 95/95/95 94/94/94
f 95/95/95 97/97/97 94/94/94
f 94/94/94 97/97/97 98/98/98
f 95/95/95 99/99/99 97/97/97
f 97/97/97 100/100/100 98/98/98
f 98/98/98 100/100/100 101/101/101
f 100/100/100 102/102/102 101/101/101
f 99/99/99 103/103/103 97/97/97
f 100/100/100 104/104/104 102/102/102
f 99/99/99 105/105/105 103/103/103
f 104/104/104 106/106/106 102/102/102
f 105/105/105 107/107/107 103/103/103
f 103/103/103 107/107/107 104/104/104
f 105/105/105 108/108/108 107/107/107
f 108/108/108 109/109/109 107/107/107
f 104/104/104 110/110/110 106/106/106
f 107/107/107 110/110/110 104/104/104
f 107/107/107 109/109/109 110/110/110
f 110/110/110 111/111/111 106/106/106
f 109/109/109 112/112/112 110/110/110
f 110/110/110 112/112/112 111/111/111
f 112/112/112 113/113/113 111/111/111
f 116/116/116 115/115/115 114/114/114
f 117/117/117 116/116/116 114/114/114
f 117/117/117 114/114/114 118/118/118
f 119/119/119 116/116/116 117/117/117
f 120/120/120 117/117/117 118/118/118
f 120/120/120 118/118/118 121/121/121
f 122/122/122 119/119/119 117/117/117
f 122/122/122 117/117/117 120/120/120
f 123/123/123 119/119/119 122/122/122
f 124/124/124 120/120/120 121/121/121
f 124/124/124 121/121/121 125/125/125
f 126/126/126 124/124/124 125/125/125
f 127/127/127 124/124/124 126/126/126
f 128/128/128 122/122/122 120/120/120
f 129/129/129 127/127/127 126/126/126
f 130/130/130 123/123/123 122/122/122
f 130/130/130 122/122/122 128/128/128
f 131/131/131 123/123/123 130/130/130
f 132/132/132 127/127/127 129/129/129
f 133/133/133 132/132/132 129/129/129
f 134/134/134 128/128/128 127/127/127
f 134/134/134 130/130/130 128/128/128
f 132/132/132 134/134/134 127/127/127
f 135/135/135 131/131/131 130/130/130
f 135/135/135 130/130/130 134/134/134
f 136/136/136 131/131/131 135/135/135
f 137/137/137 136/136/136 135/135/135
f 138/138/138 135/135/135 134/134/134
f 138/138/138 134/134/134 132/132/132
f 139/139/139 138/138/138 132/132/132
f 139/139/139 132/132/132 133/133/133
f 140/140/140 139/139/139 133/133/133
f 143/143/143 142/142/142 141/141/141
f 144/144/144 143/143/143 141/141/141
f 144/144/144 141/141/141 145/145/145
f 146/146/146 143/143/143 144/144/144
f 147/147/147 144/144/144 145/145/145
f 147/147/147 145/145/145 148/148/148
f 149/149/149 146/146/146 144/144/144
f 150/150/150 146/146/146 149/149/149
f 151/151/151 150/150/150 149/149/149
f 151/151/151 149/149/149 152/152/152
f 153/153/153 151/151/151 152/152/152
f 154/154/154 147/147/147 148/148/148
f 154/154/154 148/148/148 155/155/155
f 156/156/156 154/154/154 155/155/155
f 153/153/153 152/152/152 157/157/157
f 157/157/157 154/154/154 156/156/156
f 158/158/158 153/153/153 157/157/157
f 159/159/159 157/157/157 156/156/156
f 158/158/158 157/157/157 159/159/159
f 160/160/160 158/158/158 159/159/159
f 163/163/163 162/162/162 161/161/161
f 162/162/162 164/164/164 161/161/161
f 161/161/161 164/164/164 165/165/165
f 162/162/162 166/166/166 164/164/164
f 164/164/164 167/167/167 165/165/165
f 165/165/165 167/167/167 168/168/168
f 166/166/166 169/169/169 164/164/164
f 164/164/164 169/169/169 167/167/167
f 166/166/166 170/170/170 169/169/169
f 170/170/170 171/171/171 169/169/169
f 169/169/169 171/171/171 172/172/172
f 169/169/169 172/172/172 167/167/167
f 171/171/171 173/173/173 172/172/172
f 167/167/167 174/174/174 168/168/168
f 167/167/167 172/172/172 174/174/174
f 168/168/168 174/174/174 175/175/175
f 174/174/174 176/176/176 175/175/175
f 172/172/172 173/173/173 177/177/177
f 172/172/172 177/177/177 174/174/174
f 174/174/174 177/177/177 176/176/176
f 173/173/173 178/178/178 177/177/177
f 177/177/177 179/179/179 176/176/176
f 177/177/177 178/178/178 179/179/179
f 178/178/178 180/180/180 179/179/179
f 176/176/176 179/179/179 181/181/181
f 179/179/179 182/182/182 181/181/181
f 185/185/185 184/184/184 183/183/183
f 186/186/186 185/185/185 183/183/183
f 189/189/189 188/188/188 187/187/187
f 188/188/188 190/190/190 187/187/187
f 187/187/187 190/190/190 191/191/191
f 188/188/188 192/192/192 190/190/190
f 190/190/190 193/193/193 191/191/191
f 191/191/191 193/193/193 194/194/194
f 192/192/192 195/195/195 190/190/190
f 190/190/190 195/195/195 193/193/193
f 192/192/192 196/196/196 195/195/195
f 196/196/196 197/197/197 195/195/195
f 195/195/195 197/197/197 198/198/198
f 195/195/195 198/198/198 193/193/193
f 197/197/197 199/199/199 198/198/198
f 193/193/193 200/200/200 194/194/194
f 193/193/193 198/198/198 200/200/200
f 194/194/194 200/200/200 201/201/201
f 198/198/198 199/199/199 202/202/202
f 198/198/198 202/202/202 200/200/200
f 199/199/199 203/203/203 202/202/202
f 200/200/200 204/204/204 201/201/201
f 200/200/200 202/202/202 204/204/204
f 201/201/201 204/204/204 205/205/205
f 204/204/204 206/206/206 205/205/205
f 202/202/202 203/203/203 207/207/207
f 202/202/202 207/207/207 204/204/204
f 204/204/204 207/207/207 206/206/206
f 203/203/203 208/208/208 207/207/207
f 207/207/207 209/209/209 206/206/206
f 207/207/207 208/208/208 209/209/209
f 208/208/208 210/210/210 209/209/209
f 213/213/213 212/212/212 211/211/211
f 214/214/214 213/213/213 211/211/211
f 217/217/217 216/216/216 215/215/215
f 218/218/218 217/217/217 215/215/215
f 221/221/221 220/220/220 219/219/219
f 222/222/222 221/221/221 219/219/219
f 225/225/225 224/224/224 223/223/223
f 226/226/226 225/225/225 223/223/223
f 229/229/229 228/228/228 227/227/227
f 230/230/230 229/229/229 227/227/227
f 233/233/233 232/232/232 231/231/231
f 232/232/232 234/234/234 231/231/231
f 234/234/234 232/232/232 235/235/235
f 232/232/232 236/236/236 235/235/235
f 235/235/235 236/236/236 237/237/237
f 238/238/238 235/235/235 237/237/237
f 241/241/241 240/240/240 239/239/239
f 242/242/242 241/241/241 239/239/239
f 245/245/245 244/244/244 243/243/243
f 246/246/246 245/245/245 243/243/243
f 249/249/249 248/248/248 247/247/247
f 250/250/250 249/249/249 247/247/247
f 253/253/253 252/252/252 251/251/251
f 254/254/254 253/253/253 251/251/251
f 257/257/257 256/256/256 255/255/255
f 258/258/258 257/257/257 255/255/255
f 261/261/261 260/260/260 259/259/259
f 262/262/262 261/261/261 259/259/259
f 262/262/262 259/259/259 263/263/263
f 264/264/264 262/262/262 263/263/263
f 264/264/264 263/263/263 265/265/265
f 266/266/266 264/264/264 265/265/265
f 269/269/269 268/268/268 267/267/267
f 270/270/270 269/269/269 267/267/267
f 273/273/273 272/272/272 271/271/271
f 274/274/274 273/273/273 271/271/271
f 277/277/277 276/276/276 275/275/275
f 276/276/276 278/278/278 275/275/275
f 276/276/276 279/279/279 278/278/278
f 275/275/275 278/278/278 280/280/280
f 279/279/279 281/281/281 278/278/278
f 278/278/278 282/282/282 280/280/280
f 278/278/278 281/281/281 282/282/282
f 280/280/280 282/282/282 283/283/283
f 281/281/281 284/284/284 282/282/282
f 282/282/282 285/285/285 283/283/283
f 282/282/282 284/284/284 285/285/285
f 284/284/284 286/286/286 285/285/285
f 289/289/289 288/288/288 287/287/287
f 290/290/290 289/289/289 287/287/287
f 293/293/293 292/292/292 291/291/291
f 294/294/294 293/293/293 291/291/291
f 297/297/297 296/296/296 295/295/295
f 298/298/298 297/297/297 295/295/295
f 301/301/301 300/300/300 299/299/299
f 300/300/300 302/302/302 299/299/299
f 302/302/302 300/300/300 303/303/303
f 300/300/300 304/304/304 303/303/303
f 303/303/303 304/304/304 305/305/305
f 306/306/306 303/303/303 305/305/305
f 309/309/309 308/308/308 307/307/307
f 308/308/308 310/310/310 307/307/307
f 308/308/308 311/311/311 310/310/310
f 311/311/311 312/312/312 310/310/310
f 315/315/315 314/314/314 313/313/313
f 316/316/316 315/315/315 313/313/313
f 319/319/319 318/318/318 317/317/317
f 320/320/320 319/319/319 317/317/317
f 323/323/323 322/322/322 321/321/321
f 324/324/324 323/323/323 321/321/321
f 327/327/327 326/326/326 325/325/325
f 328/328/328 327/327/327 325/325/325
f 328/328/328 325/325/325 329/329/329
f 330/330/330 328/328/328 329/329/329
f 333/333/333 332/332/332 331/331/331
f 334/334/334 333/333/333 331/331/331
f 334/334/334 331/331/331 335/335/335
f 336/336/336 334/334/334 335/335/335
f 339/339/339 338/338/338 337/337/337
f 340/340/340 339/339/339 337/337/337
f 343/343/343 342/342/342 341/341/341
f 342/342/342 344/344/344 341/341/341
f 342/342/342 345/345/345 344/344/344
f 345/345/345 346/346/346 344/344/344
f 349/349/349 348/348/348 347/347/347
f 350/350/350 349/349/349 347/347/347
f 353/353/353 352/352/352 351/351/351
f 354/354/354 353/353/353 351/351/351
f 357/357/357 356/356/356 355/355/355
f 358/358/358 357/357/357 355/355/355
f 358/358/358 355/355/355 359/359/359
f 360/360/360 358/358/358 359/359/359
f 360/360/360 359/359/359 361/361/361
f 362/362/362 360/360/360 361/361/361
f 365/365/365 364/364/364 363/363/363
f 366/366/366 365/365/365 363/363/363
f 369/369/369 368/368/368 367/367/367
f 370/370/370 369/369/369 367/367/367
f 373/373/373 372/372/372 371/371/371
f 374/374/374 373/373/373 371/371/371
f 377/377/377 376/376/376 375/375/375
f 378/378/378 377/377/377 375/375/375
f 381/381/381 380/380/380 379/379/379
f 382/382/382 381/381/381 379/379/379
f 385/385/385 384/384/384 383/383/383
f 386/386/386 385/385/385 383/383/383
f 389/389/389 388/388/388 387/387/387
f 390/390/390 389/389/389 387/387/387
f 393/393/393 392/392/392 391/391/391
f 394/394/394 393/393/393 391/391/391
f 397/397/397 396/396/396 395/395/395
f 398/398/398 397/397/397 395/395/395
f 401/401/401 400/400/400 399/399/399
f 402/402/402 401/401/401 399/399/399
f 405/405/405 404/404/404 403/403/403
f 406/406/406 405/405/405 403/403/403
f 409/409/409 408/408/408 407/407/407
f 410/410/410 409/409/409 407/407/407
f 413/413/413 412/412/412 411/411/411
f 414/414/414 413/413/413 411/411/411
f 417/417/417 416/416/416 415/415/415
f 418/418/418 417/417/417 415/415/415
f 421/421/421 420/420/420 419/419/419
f 422/422/422 421/421/421 419/419/419
f 425/425/425 424/424/424 423/423/423
f 426/426/426 425/425/425 423/423/423
f 429/429/429 428/428/428 427/427/427
f 430/430/430 429/429/429 427/427/427
f 433/433/433 432/432/432 431/431/431
f 434/434/434 433/433/433 431/431/431
f 437/437/437 436/436/436 435/435/435
f 438/438/438 437/437/437 435/435/435
f 441/441/441 440/440/440 439/439/439
f 442/442/442 441/441/441 439/439/439
f 445/445/445 444/444/444 443/443/443
f 446/446/446 445/445/445 443/443/443
f 449/449/449 448/448/448 447/447/447
f 450/450/450 449/449/449 447/447/447
f 453/453/453 452/452/452 451/451/451
f 454/454/454 453/453/453 451/451/451
f 457/457/457 456/456/456 455/455/455
f 458/458/458 457/457/457 455/455/455
f 461/461/461 460/460/460 459/459/459
f 462/462/462 461/461/461 459/459/459
f 465/465/465 464/464/464 463/463/463
f 464/464/464 466/466/466 463/463/463
f 463/463/463 466/466/466 467/467/467
f 466/466/466 468/468/468 467/467/467
f 467/467/467 468/468/468 469/469/469
f 468/468/468 470/470/470 469/469/469
f 473/473/473 472/472/472 471/471/471
f 474/474/474 473/473/473 471/471/471
f 477/477/477 476/476/476 475/475/475
f 476/476/476 478/478/478 475/475/475
f 475/475/475 478/478/478 479/479/479
f 478/478/478 480/480/480 479/479/479
f 479/479/479 480/480/480 481/481/481
f 480/480/480 482/482/482 481/481/481
f 485/485/485 484/484/484 483/483/483
f 486/486/486 485/485/485 483/483/483
f 486/486/486 483/483/483 487/487/487
f 488/488/488 486/486/486 487/487/487
f 488/488/488 487/487/487 489/489/489
f 490/490/490 488/488/488 489/489/489
f 493/493/493 492/492/492 491/491/491
f 494/494/494 493/493/493 491/491/491
f 494/494/494 491/491/491 495/495/495
f 496/496/496 494/494/494 495/495/495
f 496/496/496 495/495/495 497/497/497
f 498/498/498 496/496/496 497/497/497
f 501/501/501 500/500/500 499/499/499
f 502/502/502 501/501/501 499/499/499
f 505/505/505 504/504/504 503/503/503
f 504/504/504 506/506/506 503/503/503
f 503/503/503 506/506/506 507/507/507
f 506/506/506 508/508/508 507/507/507
f 507/507/507 508/508/508 509/509/509
f 508/508/508 510/510/510 509/509/509
f 513/513/513 512/512/512 511/511/511
f 514/514/514 513/513/513 511/511/511
f 517/517/517 516/516/516 515/515/515
f 516/516/516 518/518/518 515/515/515
f 515/515/515 518/518/518 519/519/519
f 518/518/518 520/520/520 519/519/519
f 519/519/519 520/520/520 521/521/521
f 520/520/520 522/522/522 521/521/521
f 525/525/525 524/524/524 523/523/523
f 526/526/526 525/525/525 523/523/523
f 526/526/526 523/523/523 527/527/527
f 528/528/528 526/526/526 527/527/527
f 528/528/528 527/527/527 529/529/529
f 530/530/530 528/528/528 529/529/529
f 533/533/533 532/532/532 531/531/531
f 534/534/534 533/533/533 531/531/531
f 534/534/534 531/531/531 535/535/535
f 536/536/536 534/534/534 535/535/535
f 536/536/536 535/535/535 537/537/537
f 538/538/538 536/536/536 537/537/537
f 541/541/541 540/540/540 539/539/539
f 542/542/542 541/541/541 539/539/539
f 545/545/545 544/544/544 543/543/543
f 546/546/546 545/545/545 543/543/543
f 549/549/549 548/548/548 547/547/547
f 550/550/550 549/549/549 547/547/547
f 553/553/553 552/552/552 551/551/551
f 554/554/554 553/553/553 551/551/551
f 557/557/557 556/556/556 555/555/555
f 558/558/558 557/557/557 555/555/555
f 561/561/561 560/560/560 559/559/559
f 562/562/562 561/561/561 559/559/559
f 565/565/565 564/564/564 563/563/563
f 566/566/566 565/565/565 563/563/563
f 569/569/569 568/568/568 567/567/567
f 570/570/570 569/569/569 567/567/567
f 573/573/573 572/572/572 571/571/571
f 574/574/574 573/573/573 571/571/571
f 577/577/577 576/576/576 575/575/575
f 578/578/578 577/577/577 575/575/575
f 581/581/581 580/580/580 579/579/579
f 582/582/582 581/581/581 579/579/579
f 585/585/585 584/584/584 583/583/583
f 586/586/586 585/585/585 583/583/583
f 589/589/589 588/588/588 587/587/587
f 590/590/590 589/589/589 587/587/587
f 593/593/593 592/592/592 591/591/591
f 594/594/594 593/593/593 591/591/591
f 597/597/597 596/596/596 595/595/595
f 598/598/598 597/597/597 595/595/595
f 601/601/601 600/600/600 599/599/599
f 602/602/602 601/601/601 599/599/599
f 605/605/605 604/604/604 603/603/603
f 606/606/606 605/605/605 603/603/603
f 609/609/609 608/608/608 607/607/607
f 610/610/610 609/609/609 607/607/607
f 613/613/613 612/612/612 611/611/611
f 614/614/614 613/613/613 611/611/611
f 617/617/617 616/616/616 615/615/615
f 618/618/618 617/617/617 615/615/615
f 621/621/621 620/620/620 619/619/619
f 622/622/622 621/621/621 619/619/619
f 625/625/625 624/624/624 623/623/623
f 626/626/626 625/625/625 623/623/623
f 629/629/629 628/628/628 627/627/627
f 630/630/630 629/629/629 627/627/627
f 633/633/633 632/632/632 631/631/631
f 634/634/634 633/633/633 631/631/631
f 637/637/637 636/636/636 635/635/635
f 638/638/638 637/637/637 635/635/635
f 641/641/641 640/640/640 639/639/639
f 642/642/642 641/641/641 639/639/639
