# GENERATED (hand-fitted 2026-09-05) -- pane 'l_front': the DRIVER'S window, one pane over the whole opening.
# The generator had mirrored the door's two small panes onto this side (master: "the drivers glass window is utterly wrong").
g l_front
v -1.414449 0.880000 -3.320000
v -1.414449 0.880000 -2.250000
v -1.414449 0.910000 -2.250000
v -1.414449 0.910000 -3.320000
v -1.414449 0.910000 -3.320000
v -1.414449 0.910000 -2.250000
v -1.414449 0.940000 -2.250000
v -1.414449 0.940000 -3.320000
v -1.414449 0.940000 -3.320000
v -1.414449 0.940000 -2.250000
v -1.414449 0.970000 -2.250000
v -1.414449 0.970000 -3.320000
v -1.414449 0.970000 -3.320000
v -1.414449 0.970000 -2.250000
v -1.414449 1.000000 -2.250000
v -1.414449 1.000000 -3.320000
v -1.414449 1.000000 -3.320000
v -1.414449 1.000000 -2.250000
v -1.414449 1.030000 -2.250000
v -1.414449 1.030000 -3.320000
v -1.414449 1.030000 -3.320000
v -1.414449 1.030000 -2.250000
v -1.414449 1.060000 -2.250000
v -1.414449 1.060000 -3.320000
v -1.414449 1.060000 -3.320000
v -1.414449 1.060000 -2.250000
v -1.414449 1.090000 -2.250000
v -1.414449 1.090000 -3.320000
v -1.414449 1.090000 -3.320000
v -1.414449 1.090000 -2.250000
v -1.414449 1.120000 -2.250000
v -1.414449 1.120000 -3.320000
v -1.414449 1.120000 -3.320000
v -1.414449 1.120000 -2.250000
v -1.414449 1.150000 -2.250000
v -1.414449 1.150000 -3.320000
v -1.414449 1.150000 -3.320000
v -1.414449 1.150000 -2.250000
v -1.414449 1.180000 -2.250000
v -1.414449 1.180000 -3.320000
v -1.414449 1.180000 -3.320000
v -1.414449 1.180000 -2.250000
v -1.414449 1.210000 -2.250000
v -1.414449 1.210000 -3.320000
v -1.414449 1.210000 -3.320000
v -1.414449 1.210000 -2.250000
v -1.414449 1.240000 -2.250000
v -1.414449 1.240000 -3.320000
v -1.414449 1.240000 -3.320000
v -1.414449 1.240000 -2.250000
v -1.414449 1.270000 -2.250000
v -1.414449 1.270000 -3.320000
v -1.414449 1.270000 -3.320000
v -1.414449 1.270000 -2.250000
v -1.414449 1.300000 -2.250000
v -1.414449 1.300000 -3.320000
v -1.414449 1.300000 -3.320000
v -1.414449 1.300000 -2.250000
v -1.414449 1.330000 -2.250000
v -1.414449 1.330000 -3.320000
v -1.414449 1.330000 -3.320000
v -1.414449 1.330000 -2.250000
v -1.414449 1.360000 -2.250000
v -1.414449 1.360000 -3.320000
v -1.414449 1.360000 -3.320000
v -1.414449 1.360000 -2.250000
v -1.414449 1.390000 -2.250000
v -1.414449 1.390000 -3.320000
v -1.414449 1.390000 -3.320000
v -1.414449 1.390000 -2.250000
v -1.414449 1.420000 -2.250000
v -1.414449 1.420000 -3.320000
v -1.414449 1.420000 -3.320000
v -1.414449 1.420000 -2.250000
v -1.414449 1.450000 -2.250000
v -1.414449 1.450000 -3.320000
v -1.414449 1.450000 -3.320000
v -1.414449 1.450000 -2.250000
v -1.414449 1.480000 -2.250000
v -1.414449 1.480000 -3.320000
v -1.414449 1.480000 -3.320000
v -1.414449 1.480000 -2.250000
v -1.414449 1.510000 -2.250000
v -1.414449 1.510000 -3.320000
v -1.414449 1.510000 -3.320000
v -1.414449 1.510000 -2.250000
v -1.414449 1.540000 -2.250000
v -1.414449 1.540000 -3.320000
v -1.414449 1.540000 -3.320000
v -1.414449 1.540000 -2.250000
v -1.414449 1.570000 -2.250000
v -1.414449 1.570000 -3.320000
v -1.414449 1.570000 -3.320000
v -1.414449 1.570000 -2.250000
v -1.414449 1.600000 -2.250000
v -1.414449 1.600000 -3.320000
v -1.414449 1.600000 -3.320000
v -1.414449 1.600000 -2.250000
v -1.414449 1.630000 -2.250000
v -1.414449 1.630000 -3.320000
v -1.414449 1.630000 -3.320000
v -1.414449 1.630000 -2.250000
v -1.414449 1.660000 -2.250000
v -1.414449 1.660000 -3.320000
v -1.414449 1.660000 -3.320000
v -1.414449 1.660000 -2.250000
v -1.414449 1.690000 -2.250000
v -1.414449 1.690000 -3.320000
v -1.414449 1.690000 -3.320000
v -1.414449 1.690000 -2.250000
v -1.414449 1.720000 -2.250000
v -1.414449 1.720000 -3.320000
v -1.414449 1.720000 -3.320000
v -1.414449 1.720000 -2.250000
v -1.414449 1.750000 -2.250000
v -1.414449 1.750000 -3.320000
v -1.414449 1.750000 -3.320000
v -1.414449 1.750000 -2.250000
v -1.414449 1.780000 -2.250000
v -1.414449 1.780000 -3.320000
v -1.414449 1.780000 -3.320000
v -1.414449 1.780000 -2.250000
v -1.414449 1.810000 -2.250000
v -1.414449 1.810000 -3.320000
v -1.414449 1.810000 -3.320000
v -1.414449 1.810000 -2.250000
v -1.414449 1.840000 -2.250000
v -1.414449 1.840000 -3.320000
v -1.414449 1.840000 -3.320000
v -1.414449 1.840000 -2.250000
v -1.414449 1.870000 -2.250000
v -1.414449 1.870000 -3.320000
f 3 2 1
f 4 3 1
f 7 6 5
f 8 7 5
f 11 10 9
f 12 11 9
f 15 14 13
f 16 15 13
f 19 18 17
f 20 19 17
f 23 22 21
f 24 23 21
f 27 26 25
f 28 27 25
f 31 30 29
f 32 31 29
f 35 34 33
f 36 35 33
f 39 38 37
f 40 39 37
f 43 42 41
f 44 43 41
f 47 46 45
f 48 47 45
f 51 50 49
f 52 51 49
f 55 54 53
f 56 55 53
f 59 58 57
f 60 59 57
f 63 62 61
f 64 63 61
f 67 66 65
f 68 67 65
f 71 70 69
f 72 71 69
f 75 74 73
f 76 75 73
f 79 78 77
f 80 79 77
f 83 82 81
f 84 83 81
f 87 86 85
f 88 87 85
f 91 90 89
f 92 91 89
f 95 94 93
f 96 95 93
f 99 98 97
f 100 99 97
f 103 102 101
f 104 103 101
f 107 106 105
f 108 107 105
f 111 110 109
f 112 111 109
f 115 114 113
f 116 115 113
f 119 118 117
f 120 119 117
f 123 122 121
f 124 123 121
f 127 126 125
f 128 127 125
f 131 130 129
f 132 131 129
