# GENERATED by tools/gen_vehicle_glass.py -- pane 'r_mid3'. Do not hand-edit.
# One file per pane so each breaks independently (Vehicle.GlassPaneLabels).
g r_mid3
v 1.414449 0.845000 -0.406398
v 1.414449 0.845000 0.903602
v 1.414449 0.900000 0.903602
v 1.414449 0.900000 -0.406398
v 1.414449 0.900000 -0.406398
v 1.414449 0.900000 0.903602
v 1.414449 0.930000 0.903602
v 1.414449 0.930000 -0.406398
v 1.414449 0.930000 -0.406398
v 1.414449 0.930000 0.903602
v 1.414449 0.960000 0.903602
v 1.414449 0.960000 -0.406398
v 1.414449 0.960000 -0.406398
v 1.414449 0.960000 0.903602
v 1.414449 0.990000 0.903602
v 1.414449 0.990000 -0.406398
v 1.414449 0.990000 -0.406398
v 1.414449 0.990000 0.903602
v 1.414449 1.020000 0.903602
v 1.414449 1.020000 -0.406398
v 1.414449 1.020000 -0.406398
v 1.414449 1.020000 0.903602
v 1.414449 1.050000 0.903602
v 1.414449 1.050000 -0.406398
v 1.414449 1.050000 -0.406398
v 1.414449 1.050000 0.903602
v 1.414449 1.080000 0.903602
v 1.414449 1.080000 -0.406398
v 1.414449 1.080000 -0.406398
v 1.414449 1.080000 0.903602
v 1.414449 1.110000 0.903602
v 1.414449 1.110000 -0.406398
v 1.414449 1.110000 -0.406398
v 1.414449 1.110000 0.903602
v 1.414449 1.140000 0.903602
v 1.414449 1.140000 -0.406398
v 1.414449 1.140000 -0.406398
v 1.414449 1.140000 0.903602
v 1.414449 1.170000 0.903602
v 1.414449 1.170000 -0.406398
v 1.414449 1.170000 -0.406398
v 1.414449 1.170000 0.903602
v 1.414449 1.200000 0.903602
v 1.414449 1.200000 -0.406398
v 1.414449 1.200000 -0.406398
v 1.414449 1.200000 0.903602
v 1.414449 1.230000 0.903602
v 1.414449 1.230000 -0.406398
v 1.414449 1.230000 -0.406398
v 1.414449 1.230000 0.903602
v 1.414449 1.260000 0.903602
v 1.414449 1.260000 -0.406398
v 1.414449 1.260000 -0.406398
v 1.414449 1.260000 0.903602
v 1.414449 1.290000 0.903602
v 1.414449 1.290000 -0.406398
v 1.414449 1.290000 -0.406398
v 1.414449 1.290000 0.903602
v 1.414449 1.320000 0.903602
v 1.414449 1.320000 -0.406398
v 1.414449 1.320000 -0.406398
v 1.414449 1.320000 0.903602
v 1.414449 1.350000 0.903602
v 1.414449 1.350000 -0.406398
v 1.414449 1.350000 -0.406398
v 1.414449 1.350000 0.903602
v 1.414449 1.380000 0.903602
v 1.414449 1.380000 -0.406398
v 1.414449 1.380000 -0.406398
v 1.414449 1.380000 0.903602
v 1.414449 1.410000 0.903602
v 1.414449 1.410000 -0.406398
v 1.414449 1.410000 -0.406398
v 1.414449 1.410000 0.903602
v 1.414449 1.440000 0.903602
v 1.414449 1.440000 -0.406398
v 1.414449 1.440000 -0.406398
v 1.414449 1.440000 0.903602
v 1.414449 1.470000 0.903602
v 1.414449 1.470000 -0.406398
v 1.414449 1.470000 -0.406398
v 1.414449 1.470000 0.903602
v 1.414449 1.500000 0.903602
v 1.414449 1.500000 -0.406398
v 1.414449 1.500000 -0.406398
v 1.414449 1.500000 0.903602
v 1.414449 1.530000 0.903602
v 1.414449 1.530000 -0.406398
v 1.414449 1.530000 -0.406398
v 1.414449 1.530000 0.903602
v 1.414449 1.560000 0.903602
v 1.414449 1.560000 -0.406398
v 1.414449 1.560000 -0.406398
v 1.414449 1.560000 0.903602
v 1.414449 1.590000 0.903602
v 1.414449 1.590000 -0.406398
v 1.414449 1.590000 -0.406398
v 1.414449 1.590000 0.903602
v 1.414449 1.620000 0.903602
v 1.414449 1.620000 -0.406398
v 1.414449 1.620000 -0.406398
v 1.414449 1.620000 0.903602
v 1.414449 1.650000 0.903602
v 1.414449 1.650000 -0.406398
v 1.414449 1.650000 -0.406398
v 1.414449 1.650000 0.903602
v 1.414449 1.680000 0.903602
v 1.414449 1.680000 -0.406398
v 1.414449 1.680000 -0.406398
v 1.414449 1.680000 0.903602
v 1.414449 1.710000 0.903602
v 1.414449 1.710000 -0.406398
v 1.414449 1.710000 -0.406398
v 1.414449 1.710000 0.903602
v 1.414449 1.740000 0.903602
v 1.414449 1.740000 -0.406398
v 1.414449 1.740000 -0.406398
v 1.414449 1.740000 0.903602
v 1.414449 1.770000 0.903602
v 1.414449 1.770000 -0.406398
v 1.414449 1.770000 -0.406398
v 1.414449 1.770000 0.903602
v 1.414449 1.800000 0.903602
v 1.414449 1.800000 -0.406398
v 1.414449 1.800000 -0.406398
v 1.414449 1.800000 0.903602
v 1.414449 1.830000 0.903602
v 1.414449 1.830000 -0.406398
v 1.414449 1.830000 -0.406398
v 1.414449 1.830000 0.903602
v 1.414449 1.860000 0.903602
v 1.414449 1.860000 -0.406398
v 1.414449 1.860000 -0.406398
v 1.414449 1.860000 0.903602
v 1.414449 1.915000 0.903602
v 1.414449 1.915000 -0.406398
f 1 2 3
f 1 3 4
f 5 6 7
f 5 7 8
f 9 10 11
f 9 11 12
f 13 14 15
f 13 15 16
f 17 18 19
f 17 19 20
f 21 22 23
f 21 23 24
f 25 26 27
f 25 27 28
f 29 30 31
f 29 31 32
f 33 34 35
f 33 35 36
f 37 38 39
f 37 39 40
f 41 42 43
f 41 43 44
f 45 46 47
f 45 47 48
f 49 50 51
f 49 51 52
f 53 54 55
f 53 55 56
f 57 58 59
f 57 59 60
f 61 62 63
f 61 63 64
f 65 66 67
f 65 67 68
f 69 70 71
f 69 71 72
f 73 74 75
f 73 75 76
f 77 78 79
f 77 79 80
f 81 82 83
f 81 83 84
f 85 86 87
f 85 87 88
f 89 90 91
f 89 91 92
f 93 94 95
f 93 95 96
f 97 98 99
f 97 99 100
f 101 102 103
f 101 103 104
f 105 106 107
f 105 107 108
f 109 110 111
f 109 111 112
f 113 114 115
f 113 115 116
f 117 118 119
f 117 119 120
f 121 122 123
f 121 123 124
f 125 126 127
f 125 127 128
f 129 130 131
f 129 131 132
f 133 134 135
f 133 135 136
