g mainL
v 5.855587 0.175684 -1.924491
v 5.643455 -0.036448 -1.924491
v 5.643455 0.175684 -3.192801
v 5.855586 0.175684 1.126143
v 5.643454 -0.036448 1.126143
v 5.643455 -0.036448 -1.924491
v 5.643455 -0.036448 -1.924491
v 5.431323 0.175684 -1.924491
v 5.643455 0.175684 -3.192801
v 5.643455 0.387816 -1.924491
v 5.855587 0.175684 -1.924491
v 5.643455 0.175684 -3.192801
v 5.431323 0.175684 -1.924491
v 5.643455 0.387816 -1.924491
v 5.643455 0.175684 -3.192801
v 5.136525 0.175684 -2.454747
v 4.924393 -0.036448 -2.454747
v 4.924393 0.175684 -3.831286
v 5.136524 0.175684 0.981458
v 4.924392 -0.036448 0.981458
v 4.924393 -0.036448 -2.454747
v 4.924393 -0.036448 -2.454747
v 4.712261 0.175684 -2.454747
v 4.924393 0.175684 -3.831286
v 4.924393 0.387816 -2.454747
v 5.136525 0.175684 -2.454747
v 4.924393 0.175684 -3.831286
v 4.712261 0.175684 -2.454747
v 4.924393 0.387816 -2.454747
v 4.924393 0.175684 -3.831286
v -0.355587 0.175684 -1.924493
v -0.143455 0.175684 -3.192803
v -0.143455 -0.036448 -1.924493
v -0.143455 -0.036448 -1.924493
v -0.143455 0.175684 -3.192803
v 0.068677 0.175684 -1.924493
v -0.143455 0.387816 -1.924493
v -0.143455 0.175684 -3.192803
v -0.355587 0.175684 -1.924493
v 0.068677 0.175684 -1.924493
v -0.143455 0.175684 -3.192803
v -0.143455 0.387816 -1.924493
v 0.363475 0.175684 -2.454748
v 0.575607 0.175684 -3.831287
v 0.575607 -0.036448 -2.454748
v 0.575607 -0.036448 -2.454748
v 0.575607 0.175684 -3.831287
v 0.787739 0.175684 -2.454748
v 0.575607 0.387816 -2.454748
v 0.575607 0.175684 -3.831287
v 0.363475 0.175684 -2.454748
v 0.787739 0.175684 -2.454748
v 0.575607 0.175684 -3.831287
v 0.575607 0.387816 -2.454748
v 2.850001 0.450000 -4.910000
v 2.850001 -0.800000 -5.160000
v 2.850001 -0.800000 -5.360000
v 2.850001 0.450000 -4.910000
v 2.850001 -0.800000 -5.360000
v 2.850001 0.450000 -5.110000
v 2.650001 0.450000 -5.110000
v 2.650001 -0.800000 -5.360000
v 2.650001 -0.800000 -5.160000
v 2.650001 0.450000 -5.110000
v 2.650001 -0.800000 -5.160000
v 2.650001 0.450000 -4.910000
v 0.349999 0.450000 0.089999
v 0.099999 -0.800000 0.089999
v 0.099999 -0.800000 -0.110001
v 0.349999 0.450000 0.089999
v 0.099999 -0.800000 -0.110001
v 0.349999 0.450000 -0.110001
v 0.349999 0.450000 -0.110001
v 0.099999 -0.800000 -0.110001
v -0.100000 -0.800000 -0.110001
v 0.349999 0.450000 -0.110001
v -0.100000 -0.800000 -0.110001
v 0.149999 0.450000 -0.110001
v 0.149999 0.450000 -0.110001
v -0.100000 -0.800000 -0.110001
v -0.100001 -0.800000 0.089999
v 0.149999 0.450000 -0.110001
v -0.100001 -0.800000 0.089999
v 0.149999 0.450000 0.089999
v 0.149999 0.450000 0.089999
v -0.100001 -0.800000 0.089999
v 0.099999 -0.800000 0.089999
v 0.149999 0.450000 0.089999
v 0.099999 -0.800000 0.089999
v 0.349999 0.450000 0.089999
v 0.099999 -0.800000 0.089999
v -0.100001 -0.800000 0.089999
v -0.100000 -0.800000 -0.110001
v 0.099999 -0.800000 0.089999
v -0.100000 -0.800000 -0.110001
v 0.099999 -0.800000 -0.110001
v 5.349999 0.450000 0.090000
v 5.599999 -0.800000 0.090001
v 5.599999 -0.800000 -0.109999
v 5.349999 0.450000 0.090000
v 5.349999 0.450000 -0.109999
v 5.349999 0.450000 -0.109999
v 5.599999 -0.800000 -0.109999
v 5.399999 -0.800000 -0.109999
v 5.349999 0.450000 -0.109999
v 5.399999 -0.800000 -0.109999
v 5.149999 0.450000 -0.109999
v 5.149999 0.450000 -0.109999
v 5.399999 -0.800000 -0.109999
v 5.399999 -0.800000 0.090001
v 5.399999 -0.800000 0.090001
v 5.149999 0.450000 0.090000
v 5.149999 0.450000 0.090000
v 5.399999 -0.800000 0.090001
v 5.599999 -0.800000 0.090001
v 5.149999 0.450000 0.090000
v 5.599999 -0.800000 0.090001
v 5.349999 0.450000 0.090000
v 2.750001 1.333064 -4.010000
v 3.457107 1.075318 -4.010000
v 3.457108 1.075317 -6.010000
v 2.750000 0.717064 -2.010000
v 2.962132 0.639740 -2.010000
v 3.457107 1.075318 -4.010000
v 3.457107 1.075318 -4.010000
v 3.050000 0.453064 -2.010000
v 3.750000 0.453064 -4.010000
v 3.457107 1.075318 -4.010000
v 3.750001 0.453063 -6.010000
v 3.750001 0.453063 -6.010000
v 3.457108 1.075317 -6.010000
v 3.500002 0.453063 -7.510000
v 3.280332 0.919754 -7.510000
v 3.054942 0.721410 -8.147500
v 3.181252 0.453063 -8.147500
v 2.750002 0.453063 -9.010000
v 3.750001 0.453063 -6.010000
v 3.457108 1.075317 -6.010000
v 2.750001 1.333064 -4.010000
v 3.457108 1.075317 -6.010000
v 2.750001 1.333063 -6.010000
v 2.042894 1.075318 -4.010001
v 2.042894 1.075317 -6.010000
v 2.750001 1.333064 -4.010000
v 2.042894 1.075318 -4.010001
v 2.750000 0.717064 -2.010000
v 2.537868 0.639740 -2.010000
v 1.750001 0.453064 -4.010000
v 2.450000 0.453064 -2.010000
v 2.042894 1.075318 -4.010001
v 2.042894 1.075318 -4.010001
v 2.042894 1.075317 -6.010000
v 1.750001 0.453063 -6.010000
v 2.042894 1.075317 -6.010000
v 2.000002 0.453063 -7.510000
v 2.750000 -0.426936 -4.010000
v 2.750000 0.189064 -2.010000
v 2.537868 0.266388 -2.010000
v 2.750000 -0.426936 -4.010000
v 2.537868 0.266388 -2.010000
v 2.042894 -0.169190 -4.010000
v 2.042894 -0.169190 -4.010000
v 2.042894 -0.169191 -6.010000
v 2.750001 -0.426937 -6.010000
v 3.457107 -0.169190 -4.010000
v 3.457108 -0.169191 -6.010000
v 3.457107 -0.169190 -4.010000
v 2.750000 0.189064 -2.010000
v 2.962132 0.266388 -2.010000
v 2.750000 0.189064 -2.010000
v 3.280332 -0.013627 -7.510000
v 3.457108 -0.169191 -6.010000
v 2.750002 -0.206936 -7.510000
v 2.042894 -0.169191 -6.010000
v 2.042894 -0.169191 -6.010000
v 2.219672 -0.013627 -7.510000
v 3.750000 0.453064 -4.010000
v 3.050000 0.453064 -2.010000
v 3.457107 -0.169190 -4.010000
v 3.457107 -0.169190 -4.010000
v 3.457108 -0.169191 -6.010000
v 3.750001 0.453063 -6.010000
v 3.457108 -0.169191 -6.010000
v 3.500002 0.453063 -7.510000
v 3.280332 -0.013627 -7.510000
v 3.280332 -0.013627 -7.510000
v 3.181252 0.453063 -8.147500
v 3.054942 0.184716 -8.147500
v 2.750002 0.453063 -9.010000
v 3.280332 -0.013627 -7.510000
v 2.750002 0.073563 -8.147500
v 2.750002 0.453063 -9.010000
v 2.219672 -0.013627 -7.510000
v 2.445062 0.184716 -8.147500
v 2.750002 0.453063 -9.010000
v 2.318752 0.453063 -8.147500
v 2.750002 0.453063 -9.010000
v 2.000002 0.453063 -7.510000
v 2.219672 -0.013627 -7.510000
v 1.750001 0.453063 -6.010000
v 2.000002 0.453063 -7.510000
v 2.219672 -0.013627 -7.510000
v 1.750001 0.453063 -6.010000
v 2.219672 -0.013627 -7.510000
v 2.042894 -0.169191 -6.010000
v 2.042894 -0.169190 -4.010000
v 2.042894 -0.169191 -6.010000
v 1.750001 0.453064 -4.010000
v 2.042894 -0.169190 -4.010000
v 2.450000 0.453064 -2.010000
v 2.537868 0.266388 -2.010000
v 2.042894 1.075317 -6.010000
v 2.219672 0.919754 -7.510000
v 2.000002 0.453063 -7.510000
v 3.054942 0.721410 -8.147500
v 2.750002 0.453063 -9.010000
v 2.750002 0.832563 -8.147500
v 2.750002 0.832563 -8.147500
v 2.750002 0.453063 -9.010000
v 2.445062 0.721410 -8.147500
v 4.049998 2.500000 1.990000
v 3.849999 0.500000 1.740000
v 3.849999 0.500000 -0.260000
v 4.049998 2.500000 1.990000
v 3.849999 0.500000 -0.260000
v 4.049999 2.500000 0.990000
v 1.549999 2.500000 1.989999
v 1.849999 0.500000 1.739999
v 1.849999 0.500000 -0.260001
v 1.549999 2.500000 1.989999
v 1.549999 2.500000 0.989999
v 1.449999 2.500000 1.989999
v 1.549999 2.500000 1.989999
v 1.549999 2.500000 0.989999
v 1.449999 2.500000 1.989999
v 1.449999 2.500000 0.989999
v 2.749999 0.550000 -0.260000
v 5.749998 0.500001 1.740001
v 5.749998 0.300001 1.740001
v 2.749999 0.550000 -0.260000
v 2.749999 0.450000 -0.260000
v 5.749998 0.500001 1.740001
v 5.249998 0.500001 2.740000
v 5.249998 0.300001 2.740000
v 5.749998 0.500001 1.740001
v 5.249998 0.300001 2.740000
v 5.749998 0.300001 1.740001
v 2.749998 0.400001 2.240000
v 0.249998 0.300001 2.739999
v -0.250001 0.300001 1.739999
v 2.749998 0.400001 2.240000
v -0.250001 0.300001 1.739999
v 2.749999 0.450000 -0.260000
v 0.249998 0.500001 2.739999
v 2.749998 0.600001 2.240000
v 2.749999 0.550000 -0.260000
v 0.249998 0.500001 2.739999
v 2.749999 0.550000 -0.260000
v -0.250001 0.500001 1.739999
v 2.350000 0.750000 -1.510000
v 2.090192 0.600000 -1.510000
v 2.003588 0.650001 2.489999
v 2.350000 0.750000 -1.510000
v 2.003588 0.650001 2.489999
v 2.349998 0.850001 2.489999
v 2.090192 0.600000 -1.510000
v 2.090192 0.300000 -1.510000
v 2.003588 0.250001 2.489999
v 2.003588 0.250001 2.489999
v 2.003588 0.650001 2.489999
v 2.090192 0.300000 -1.510000
v 2.350000 0.150000 -1.510000
v 2.349998 0.050001 2.490000
v 2.090192 0.300000 -1.510000
v 2.349998 0.050001 2.490000
v 2.003588 0.250001 2.489999
v 2.350000 0.150000 -1.510000
v 2.609807 0.300000 -1.510000
v 2.696409 0.250001 2.490000
v 2.350000 0.150000 -1.510000
v 2.696409 0.250001 2.490000
v 2.349998 0.050001 2.490000
v 2.609807 0.600000 -1.510000
v 2.350000 0.750000 -1.510000
v 2.349998 0.850001 2.489999
v 2.609807 0.600000 -1.510000
v 2.349998 0.850001 2.489999
v 2.696409 0.650001 2.490000
v 2.609807 0.300000 -1.510000
v 2.609807 0.600000 -1.510000
v 2.696409 0.650001 2.490000
v 2.696409 0.650001 2.490000
v 2.696409 0.250001 2.490000
v 3.150000 0.750000 -1.510000
v 2.890192 0.600000 -1.510000
v 2.803588 0.650001 2.490000
v 3.150000 0.750000 -1.510000
v 2.803588 0.650001 2.490000
v 3.149998 0.850001 2.490000
v 2.890192 0.600000 -1.510000
v 2.890192 0.300000 -1.510000
v 2.803588 0.250001 2.490000
v 2.803588 0.250001 2.490000
v 2.803588 0.650001 2.490000
v 2.890192 0.300000 -1.510000
v 3.150000 0.150000 -1.510000
v 3.149998 0.050001 2.490000
v 2.890192 0.300000 -1.510000
v 3.149998 0.050001 2.490000
v 2.803588 0.250001 2.490000
v 3.150000 0.150000 -1.510000
v 3.409807 0.300000 -1.510000
v 3.496408 0.250001 2.490000
v 3.150000 0.150000 -1.510000
v 3.496408 0.250001 2.490000
v 3.149998 0.050001 2.490000
v 3.409807 0.600000 -1.510000
v 3.150000 0.750000 -1.510000
v 3.149998 0.850001 2.490000
v 3.409807 0.600000 -1.510000
v 3.149998 0.850001 2.490000
v 3.496408 0.650001 2.490000
v 3.409807 0.300000 -1.510000
v 3.409807 0.600000 -1.510000
v 3.496408 0.650001 2.490000
v 3.496408 0.650001 2.490000
v 3.496408 0.250001 2.490000
v 3.219880 0.710800 2.339999
v 2.959080 0.640919 2.339999
v 2.895440 0.704559 2.739999
v 3.219880 0.710800 2.339999
v 2.895440 0.704559 2.739999
v 3.243173 0.797734 2.740000
v 2.959080 0.640919 2.339999
v 2.889198 0.380119 2.339999
v 2.802265 0.356826 2.740000
v 2.959080 0.640919 2.339999
v 2.802265 0.356826 2.740000
v 2.895440 0.704559 2.739999
v 2.889198 0.380119 2.339999
v 3.080117 0.189201 2.339999
v 3.056823 0.102267 2.740000
v 2.889198 0.380119 2.339999
v 3.056823 0.102267 2.740000
v 2.802265 0.356826 2.740000
v 3.080117 0.189201 2.339999
v 3.340917 0.259082 2.339999
v 3.404557 0.195442 2.740000
v 3.080117 0.189201 2.339999
v 3.404557 0.195442 2.740000
v 3.056823 0.102267 2.740000
v 3.410798 0.519882 2.339999
v 3.219880 0.710800 2.339999
v 3.243173 0.797734 2.740000
v 3.410798 0.519882 2.339999
v 3.243173 0.797734 2.740000
v 3.497731 0.543176 2.740000
v 3.340917 0.259082 2.339999
v 3.410798 0.519882 2.339999
v 3.497731 0.543176 2.740000
v 3.340917 0.259082 2.339999
v 3.497731 0.543176 2.740000
v 3.404557 0.195442 2.740000
v 2.419880 0.710800 2.339999
v 2.159080 0.640919 2.339999
v 2.095440 0.704559 2.739999
v 2.419880 0.710800 2.339999
v 2.095440 0.704559 2.739999
v 2.443173 0.797734 2.739999
v 2.159080 0.640919 2.339999
v 2.089198 0.380119 2.339999
v 2.002265 0.356826 2.739999
v 2.159080 0.640919 2.339999
v 2.002265 0.356826 2.739999
v 2.095440 0.704559 2.739999
v 2.089198 0.380119 2.339999
v 2.280117 0.189201 2.339999
v 2.256824 0.102267 2.740000
v 2.089198 0.380119 2.339999
v 2.256824 0.102267 2.740000
v 2.002265 0.356826 2.739999
v 2.280117 0.189201 2.339999
v 2.540917 0.259082 2.339999
v 2.604557 0.195442 2.740000
v 2.280117 0.189201 2.339999
v 2.604557 0.195442 2.740000
v 2.256824 0.102267 2.740000
v 2.610798 0.519882 2.339999
v 2.419880 0.710800 2.339999
v 2.443173 0.797734 2.739999
v 2.610798 0.519882 2.339999
v 2.443173 0.797734 2.739999
v 2.697732 0.543176 2.740000
v 2.540917 0.259082 2.339999
v 2.610798 0.519882 2.339999
v 2.697732 0.543176 2.740000
v 2.540917 0.259082 2.339999
v 2.697732 0.543176 2.740000
v 2.604557 0.195442 2.740000
v 3.280332 0.919754 -7.510000
v 3.054942 0.721410 -8.147500
v 3.016619 0.687686 -8.071810
v 2.219672 0.919754 -7.510000
v 2.483385 0.687686 -8.071810
v 2.445062 0.721410 -8.147500
v 2.750002 0.832563 -8.147500
v 2.445062 0.721410 -8.147500
v 2.483385 0.687686 -8.071810
v 3.054942 0.721410 -8.147500
v 2.750002 0.832563 -8.147500
v 3.016619 0.687686 -8.071810
v 2.483385 0.687686 -8.071810
v 3.016619 0.687686 -8.071810
v 2.750002 0.832563 -8.147500
v 2.441975 0.228416 -8.160070
v 2.441975 -0.030887 -7.228669
v 2.441975 0.534771 -7.228669
v 2.441975 0.534771 -7.228669
v 2.441975 0.655348 -8.160070
v 3.058028 -0.030887 -7.228669
v 3.058028 0.228416 -8.160070
v 3.058028 0.655348 -8.160070
v 3.058028 0.655348 -8.160070
v 3.058028 0.534771 -7.228669
v 2.400001 -0.139057 -7.051821
v 2.400001 -0.503951 -7.051820
v 2.400001 -0.503951 -5.864529
v 2.400001 -0.139057 -7.051821
v 2.400001 -0.503951 -5.864529
v 2.400001 -0.139057 -5.864529
v 3.100001 -0.139057 -5.864529
v 3.100001 -0.503951 -5.864528
v 3.100001 -0.503951 -7.051820
v 3.100001 -0.139057 -5.864529
v 3.100001 -0.503951 -7.051820
v 3.100001 -0.139057 -7.051820
v 2.400001 -0.503951 -7.051820
v 3.100001 -0.503951 -7.051820
v 3.100001 -0.503951 -5.864528
v 2.400001 -0.503951 -7.051820
v 3.100001 -0.503951 -5.864528
v 2.400001 -0.503951 -5.864529
v 2.450001 -0.440122 -8.951821
v 2.600002 -0.440122 -8.951820
v 2.600001 -0.440122 -6.351820
v 2.450001 -0.440122 -8.951821
v 2.600001 -0.440122 -6.351820
v 2.450001 -0.440122 -6.351820
v 2.600001 -0.290122 -6.351820
v 2.600001 -0.440122 -6.351820
v 2.600002 -0.440122 -8.951820
v 2.600001 -0.290122 -6.351820
v 2.600002 -0.440122 -8.951820
v 2.600002 -0.290122 -8.951821
v 2.450001 -0.290122 -8.951821
v 2.450001 -0.440122 -8.951821
v 2.450001 -0.440122 -6.351820
v 2.450001 -0.290122 -8.951821
v 2.450001 -0.440122 -6.351820
v 2.450001 -0.290122 -6.351820
v 2.600002 -0.290122 -8.951821
v 2.450001 -0.290122 -8.951821
v 2.450001 -0.290122 -6.351820
v 2.600002 -0.290122 -8.951821
v 2.450001 -0.290122 -6.351820
v 2.600001 -0.290122 -6.351820
v 3.153582 -0.167393 -6.459585
v 2.346421 -0.167393 -6.459586
v 2.346421 0.983055 -6.370344
v 2.346421 0.983055 -6.370344
v 3.153582 0.983055 -6.370343
v 5.643454 0.387816 1.126143
v 5.643455 0.387816 -1.924491
v 5.431323 0.175684 -1.924491
v 5.431322 0.175684 1.126143
v 5.855586 0.175684 1.126143
v 5.643454 0.387816 1.126143
v 5.431322 0.175684 1.126143
v 5.643454 -0.036448 1.126143
v 5.431322 0.175684 1.126143
v 5.431323 0.175684 -1.924491
v 5.643455 -0.036448 -1.924491
v 5.643454 -0.036448 1.126143
v 5.855586 0.175684 1.126143
v 5.855587 0.175684 -1.924491
v 5.643455 0.387816 -1.924491
v 5.643454 0.387816 1.126143
v 4.924392 0.387816 0.981458
v 4.924393 0.387816 -2.454747
v 4.712261 0.175684 -2.454747
v 4.712260 0.175684 0.981458
v 5.136524 0.175684 0.981458
v 4.924392 0.387816 0.981458
v 4.712260 0.175684 0.981458
v 4.924392 -0.036448 0.981458
v 4.712260 0.175684 0.981458
v 4.712261 0.175684 -2.454747
v 4.924393 -0.036448 -2.454747
v 4.924392 -0.036448 0.981458
v 5.136524 0.175684 0.981458
v 5.136525 0.175684 -2.454747
v 4.924393 0.387816 -2.454747
v 4.924392 0.387816 0.981458
v -0.143456 0.387816 1.126141
v 0.068676 0.175684 1.126141
v 0.068677 0.175684 -1.924493
v -0.143455 0.387816 -1.924493
v -0.355587 0.175684 -1.924493
v -0.143455 -0.036448 -1.924493
v -0.143456 -0.036448 1.126141
v -0.355588 0.175684 1.126141
v -0.355588 0.175684 1.126141
v -0.143456 -0.036448 1.126141
v 0.068676 0.175684 1.126141
v -0.143456 0.387816 1.126141
v 0.068676 0.175684 1.126141
v -0.143456 -0.036448 1.126141
v -0.143455 -0.036448 -1.924493
v 0.068677 0.175684 -1.924493
v -0.355588 0.175684 1.126141
v -0.143456 0.387816 1.126141
v -0.143455 0.387816 -1.924493
v -0.355587 0.175684 -1.924493
v 0.575606 0.387816 0.981456
v 0.787738 0.175684 0.981457
v 0.787739 0.175684 -2.454748
v 0.575607 0.387816 -2.454748
v 0.363475 0.175684 -2.454748
v 0.575607 -0.036448 -2.454748
v 0.575606 -0.036448 0.981457
v 0.363473 0.175684 0.981456
v 0.363473 0.175684 0.981456
v 0.575606 -0.036448 0.981457
v 0.787738 0.175684 0.981457
v 0.575606 0.387816 0.981456
v 0.787738 0.175684 0.981457
v 0.575606 -0.036448 0.981457
v 0.575607 -0.036448 -2.454748
v 0.787739 0.175684 -2.454748
v 0.363473 0.175684 0.981456
v 0.575606 0.387816 0.981456
v 0.575607 0.387816 -2.454748
v 0.363475 0.175684 -2.454748
v 2.850001 0.450000 -5.110000
v 2.850001 -0.800000 -5.360000
v 2.650001 -0.800000 -5.360000
v 2.650001 0.450000 -5.110000
v 2.650001 0.450000 -4.910000
v 2.650001 -0.800000 -5.160000
v 2.850001 -0.800000 -5.160000
v 2.850001 0.450000 -4.910000
v 2.850001 -0.800000 -5.160000
v 2.650001 -0.800000 -5.160000
v 2.650001 -0.800000 -5.360000
v 2.850001 -0.800000 -5.360000
v 5.599999 -0.800000 0.090001
v 5.399999 -0.800000 0.090001
v 5.399999 -0.800000 -0.109999
v 5.599999 -0.800000 -0.109999
v 2.445062 0.721410 -8.147500
v 2.750002 0.453063 -9.010000
v 2.318752 0.453063 -8.147500
v 2.219672 0.919754 -7.510000
v 2.000002 0.453063 -7.510000
v 0.875001 -0.500000 -4.010001
v 1.250001 0.262500 -5.510001
v 4.250001 0.262500 -5.510000
v 4.625000 -0.500000 -4.009999
v 4.249999 -0.375000 -0.010000
v 1.249999 -0.375000 -0.010001
v 1.999999 0.450001 1.489999
v 3.499999 0.450001 1.490000
v 1.250000 0.825000 -1.510001
v 1.999999 0.450001 1.489999
v 3.499999 0.450001 1.490000
v 4.250000 0.825000 -1.510000
v 4.625000 0.950000 -4.010000
v 0.875001 0.950000 -4.010001
v 1.250001 0.637500 -5.510001
v 4.250001 0.637500 -5.510000
v 4.250001 0.637500 -5.510000
v 4.250001 0.262500 -5.510000
v 1.250001 0.262500 -5.510001
v 1.250001 0.637500 -5.510001
v 4.625000 -0.500000 -4.009999
v 4.250001 0.262500 -5.510000
v 4.250001 0.637500 -5.510000
v 4.625000 0.950000 -4.010000
v 4.250000 0.825000 -1.510000
v 4.249999 -0.375000 -0.010000
v 3.499999 0.450001 1.490000
v 0.875001 0.950000 -4.010001
v 1.250001 0.637500 -5.510001
v 1.250001 0.262500 -5.510001
v 0.875001 -0.500000 -4.010001
v 1.249999 -0.375000 -0.010001
v 1.250000 0.825000 -1.510001
v 1.999999 0.450001 1.489999
v 4.049999 2.500000 0.990000
v 3.849999 0.500000 -0.260000
v 3.649999 0.500000 -0.260000
v 3.949999 2.500000 0.990000
v 3.949999 2.500000 0.990000
v 3.649999 0.500000 -0.260000
v 3.649999 0.500000 1.740000
v 3.949999 2.500000 1.990000
v 3.949999 2.500000 1.990000
v 3.649999 0.500000 1.740000
v 3.849999 0.500000 1.740000
v 4.049998 2.500000 1.990000
v 3.949999 2.500000 1.990000
v 4.049998 2.500000 1.990000
v 4.049999 2.500000 0.990000
v 3.949999 2.500000 0.990000
v 1.549999 2.500000 0.989999
v 1.849999 0.500000 -0.260001
v 1.649999 0.500000 -0.260001
v 1.449999 2.500000 0.989999
v 1.449999 2.500000 0.989999
v 1.649999 0.500000 -0.260001
v 1.649999 0.500000 1.739999
v 1.449999 2.500000 1.989999
v 1.449999 2.500000 1.989999
v 1.649999 0.500000 1.739999
v 1.849999 0.500000 1.739999
v 1.549999 2.500000 1.989999
v 5.249998 0.500001 2.740000
v 2.749998 0.600001 2.240000
v 2.749998 0.400001 2.240000
v 5.249998 0.300001 2.740000
v 2.749998 0.400001 2.240000
v 2.749999 0.450000 -0.260000
v 5.749998 0.300001 1.740001
v 5.249998 0.300001 2.740000
v 5.249998 0.500001 2.740000
v 5.749998 0.500001 1.740001
v 2.749999 0.550000 -0.260000
v 2.749998 0.600001 2.240000
v 2.749999 0.550000 -0.260000
v 2.749999 0.450000 -0.260000
v -0.250001 0.300001 1.739999
v -0.250001 0.500001 1.739999
v -0.250001 0.500001 1.739999
v -0.250001 0.300001 1.739999
v 0.249998 0.300001 2.739999
v 0.249998 0.500001 2.739999
v 0.249998 0.500001 2.739999
v 0.249998 0.300001 2.739999
v 2.749998 0.400001 2.240000
v 2.749998 0.600001 2.240000
v 7.249998 0.475000 1.240001
v 7.249998 0.175001 1.240001
v 7.249999 0.175000 -0.759999
v 7.249999 0.475000 -0.759999
v 2.750001 0.500000 -5.510000
v 2.750001 0.650000 -5.510000
v 2.750001 0.650000 -5.510000
v 2.750001 0.500000 -5.510000
v -1.750000 0.175000 -0.760002
v -1.750000 0.475000 -0.760002
v -1.750001 0.175001 1.239998
v -1.750001 0.475000 1.239998
v 2.749999 0.725000 0.490000
v 7.249998 0.175001 1.240001
v 7.249998 0.475000 1.240001
v 2.749999 0.425000 0.490000
v -1.750001 0.475000 1.239998
v -1.750001 0.175001 1.239998
v 2.749999 0.425000 0.490000
v -1.750001 0.175001 1.239998
v -1.750000 0.175000 -0.760002
v 2.750001 0.500000 -5.510000
v 7.249998 0.175001 1.240001
v 7.249999 0.175000 -0.759999
v 2.749999 0.725000 0.490000
v 7.249998 0.475000 1.240001
v 7.249999 0.475000 -0.759999
v 2.750001 0.650000 -5.510000
v -1.750001 0.475000 1.239998
v -1.750000 0.475000 -0.760002
v 2.003588 0.250001 2.489999
v 2.349998 0.050001 2.490000
v 2.696409 0.250001 2.490000
v 2.003588 0.650001 2.489999
v 2.696409 0.650001 2.490000
v 2.349998 0.850001 2.489999
v 2.803588 0.250001 2.490000
v 3.149998 0.050001 2.490000
v 3.496408 0.250001 2.490000
v 2.803588 0.650001 2.490000
v 3.496408 0.650001 2.490000
v 3.149998 0.850001 2.490000
v 2.802265 0.356826 2.740000
v 3.056823 0.102267 2.740000
v 3.404557 0.195442 2.740000
v 3.497731 0.543176 2.740000
v 2.895440 0.704559 2.739999
v 3.243173 0.797734 2.740000
v 2.002265 0.356826 2.739999
v 2.256824 0.102267 2.740000
v 2.604557 0.195442 2.740000
v 2.697732 0.543176 2.740000
v 2.095440 0.704559 2.739999
v 2.443173 0.797734 2.739999
v 3.571777 0.453063 -6.010000
v 3.331085 -0.168290 -6.010000
v 2.750001 -0.168290 -6.010000
v 2.168918 -0.168290 -6.010000
v 1.928225 0.453063 -6.010000
v 3.331085 0.964417 -6.010000
v 2.168918 0.964417 -6.010000
v 2.750001 1.176227 -6.010000
v 3.571777 0.453063 -6.010000
v 3.418173 0.453063 -7.510000
v 3.222470 0.022197 -7.510000
v 3.331085 -0.168290 -6.010000
v 3.418173 0.453063 -7.510000
v 3.016619 0.218440 -8.071809
v 3.127055 0.453063 -8.071809
v 3.222470 0.868835 -7.510000
v 3.016619 0.687686 -8.071810
v 3.418173 0.453063 -7.510000
v 3.331085 0.964417 -6.010000
v 3.418173 0.453063 -7.510000
v 3.571777 0.453063 -6.010000
v 2.168918 -0.168290 -6.010000
v 2.081831 0.453063 -7.510000
v 1.928225 0.453063 -6.010000
v 2.277533 0.022197 -7.510000
v 2.483385 0.218440 -8.071810
v 2.372949 0.453063 -8.071810
v 2.081831 0.453063 -7.510000
v 2.081831 0.453063 -7.510000
v 2.483385 0.687686 -8.071810
v 2.277533 0.868835 -7.510000
v 1.928225 0.453063 -6.010000
v 2.081831 0.453063 -7.510000
v 2.168918 0.964417 -6.010000
v 2.750001 -0.168290 -6.010000
v 2.277533 0.022197 -7.510000
v 2.168918 -0.168290 -6.010000
v 2.750002 0.022197 -7.510000
v 3.331085 -0.168290 -6.010000
v 2.483385 0.218440 -8.071810
v 3.222470 0.022197 -7.510000
v 2.750002 0.121256 -8.071809
v 3.016619 0.218440 -8.071809
v 2.042894 1.075317 -6.010000
v 2.750001 1.176227 -6.010000
v 2.168918 0.964417 -6.010000
v 2.750001 1.333063 -6.010000
v 3.331085 0.964417 -6.010000
v 3.457108 1.075317 -6.010000
v 3.280332 0.919754 -7.510000
v 3.331085 0.964417 -6.010000
v 3.457108 1.075317 -6.010000
v 3.222470 0.868835 -7.510000
v 3.016619 0.687686 -8.071810
v 2.219672 0.919754 -7.510000
v 2.277533 0.868835 -7.510000
v 2.483385 0.687686 -8.071810
v 2.168918 0.964417 -6.010000
v 2.042894 1.075317 -6.010000
v 2.750002 0.121256 -8.071809
v 3.016619 0.218440 -8.071809
v 2.483385 0.218440 -8.071810
v 2.372949 0.453063 -8.071810
v 3.127055 0.453063 -8.071809
v 2.483385 0.687686 -8.071810
v 3.016619 0.687686 -8.071810
v 2.441975 0.655348 -8.160070
v 2.441975 0.534771 -7.228669
v 3.058028 0.534771 -7.228669
v 3.058028 0.655348 -8.160070
v 3.058028 0.228416 -8.160070
v 3.058028 -0.030887 -7.228669
v 2.441975 -0.030887 -7.228669
v 2.441975 0.228416 -8.160070
v 2.441975 -0.030887 -7.228669
v 3.058028 -0.030887 -7.228669
v 3.058028 0.534771 -7.228669
v 2.441975 0.534771 -7.228669
v 3.058028 0.228416 -8.160070
v 2.441975 0.228416 -8.160070
v 2.441975 0.655348 -8.160070
v 3.058028 0.655348 -8.160070
v 3.100001 -0.139057 -7.051820
v 3.100001 -0.503951 -7.051820
v 2.400001 -0.503951 -7.051820
v 2.400001 -0.139057 -7.051821
v 2.600002 -0.290122 -8.951821
v 2.600002 -0.440122 -8.951820
v 2.450001 -0.440122 -8.951821
v 2.450001 -0.290122 -8.951821
v 2.400001 -0.503951 -5.864529
v 3.100001 -0.503951 -5.864528
v 3.100001 -0.139057 -5.864529
v 2.400001 -0.139057 -5.864529
v 3.153582 -0.208729 -5.930606
v 3.153582 -0.167393 -6.459585
v 3.153582 0.983055 -6.370343
v 3.153582 0.983055 -5.930607
v 2.346421 -0.167393 -6.459586
v 2.346421 -0.208729 -5.930607
v 2.346421 0.983055 -5.930607
v 2.346421 0.983055 -6.370344
v 2.346421 0.983055 -6.370344
v 2.346421 0.983055 -5.930607
v 3.153582 0.983055 -5.930607
v 3.153582 0.983055 -6.370343
vt 0.14990899 0.25147149
vt 0.26415357 0.36571607
vt 0.26415357 0.25147149
vt 0.14990899 0.36571607
vt 0.26415357 0.36571607
vt 0.26415357 0.25147149
vt 0.14990899 0.25147149
vt 0.26415357 0.36571607
vt 0.26415357 0.25147149
vt 0.14990899 0.25147149
vt 0.26415357 0.36571607
vt 0.26415357 0.25147149
vt 0.14990899 0.25147149
vt 0.26415357 0.36571607
vt 0.26415357 0.25147149
vt 0.14990899 0.25147149
vt 0.26415357 0.36571607
vt 0.26415357 0.25147149
vt 0.14990899 0.36571607
vt 0.26415357 0.36571607
vt 0.26415357 0.25147149
vt 0.14990899 0.25147149
vt 0.26415357 0.36571607
vt 0.26415357 0.25147149
vt 0.14990899 0.25147149
vt 0.26415357 0.36571607
vt 0.26415357 0.25147149
vt 0.14990899 0.25147149
vt 0.26415357 0.36571607
vt 0.26415357 0.25147149
vt 0.14990899 0.25147149
vt 0.26415357 0.36571607
vt 0.26415357 0.25147149
vt 0.14990899 0.25147149
vt 0.26415357 0.36571607
vt 0.26415357 0.25147149
vt 0.14990899 0.25147149
vt 0.26415357 0.36571607
vt 0.26415357 0.25147149
vt 0.14990899 0.25147149
vt 0.26415357 0.36571607
vt 0.26415357 0.25147149
vt 0.14990899 0.25147149
vt 0.26415357 0.36571607
vt 0.26415357 0.25147149
vt 0.14990899 0.25147149
vt 0.26415357 0.36571607
vt 0.26415357 0.25147149
vt 0.14990899 0.25147149
vt 0.26415357 0.36571607
vt 0.26415357 0.25147149
vt 0.14990899 0.25147149
vt 0.26415357 0.36571607
vt 0.26415357 0.25147149
vt 0.149918228 0.344352812
vt 0.162543625 0.257011235
vt 0.162356764 0.254468173
vt 0.149918228 0.344352812
vt 0.162356764 0.254468173
vt 0.150781125 0.340932995
vt 0.151255429 0.342517763
vt 0.163677275 0.251480728
vt 0.163549274 0.256050676
vt 0.151255429 0.342517763
vt 0.163549274 0.256050676
vt 0.149918228 0.348991305
vt 0.16479224 0.360293418
vt 0.170356184 0.255159318
vt 0.170821965 0.251480728
vt 0.16479224 0.360293418
vt 0.170821965 0.251480728
vt 0.163695723 0.365706831
vt 0.163695723 0.365706831
vt 0.170821965 0.251480728
vt 0.171300441 0.253640205
vt 0.163695723 0.365706831
vt 0.171300441 0.253640205
vt 0.163695723 0.357813209
vt 0.163695723 0.357813209
vt 0.171300441 0.253640205
vt 0.171006978 0.254950732
vt 0.163695723 0.357813209
vt 0.171006978 0.254950732
vt 0.164598554 0.356100231
vt 0.164598554 0.356100231
vt 0.171006978 0.254950732
vt 0.170356184 0.255159318
vt 0.164598554 0.356100231
vt 0.170356184 0.255159318
vt 0.16479224 0.360293418
vt 0.170356184 0.255159318
vt 0.171006978 0.254950732
vt 0.171300441 0.253640205
vt 0.170356184 0.255159318
vt 0.171300441 0.253640205
vt 0.170821965 0.251480728
vt 0.171318918 0.3431485
vt 0.177569956 0.251480728
vt 0.178258836 0.254673511
vt 0.171318918 0.3431485
vt 0.172103971 0.341692418
vt 0.172103971 0.341692418
vt 0.178258836 0.254673511
vt 0.177561402 0.257126212
vt 0.172103971 0.341692418
vt 0.177561402 0.257126212
vt 0.172257215 0.345216066
vt 0.172257215 0.345216066
vt 0.177561402 0.257126212
vt 0.176770806 0.255982071
vt 0.176770806 0.255982071
vt 0.171318918 0.349758655
vt 0.171318918 0.349758655
vt 0.176770806 0.255982071
vt 0.177569956 0.251480728
vt 0.171318918 0.349758655
vt 0.177569956 0.251480728
vt 0.171318918 0.3431485
vt 0.22638987 0.246742487
vt 0.22737442 0.246436954
vt 0.240550563 0.246041596
vt 0.20341675 0.246940613
vt 0.208274767 0.246045053
vt 0.22737442 0.246436954
vt 0.22737442 0.246436954
vt 0.20993863 0.244298488
vt 0.227908775 0.245556891
vt 0.22737442 0.246436954
vt 0.240602061 0.245837986
vt 0.240602061 0.245837986
vt 0.240550563 0.246041596
vt 0.25086242 0.246538311
vt 0.251090705 0.246957779
vt 0.266536295 0.247184813
vt 0.264830768 0.246939972
vt 0.281981885 0.247411847
vt 0.240602061 0.245837986
vt 0.240550563 0.246041596
vt 0.22638987 0.246742487
vt 0.240550563 0.246041596
vt 0.240435883 0.245983243
vt 0.225389585 0.246058941
vt 0.240316674 0.245592177
vt 0.22638987 0.246742487
vt 0.225389585 0.246058941
vt 0.20341675 0.246940613
vt 0.195208117 0.246244431
vt 0.2251672 0.243883371
vt 0.183302626 0.243172407
vt 0.225389585 0.246058941
vt 0.225389585 0.246058941
vt 0.240316674 0.245592177
vt 0.240194127 0.245233357
vt 0.240316674 0.245592177
vt 0.251006663 0.245089293
vt 0.227109298 0.243579268
vt 0.203671739 0.241111815
vt 0.195431635 0.241111815
vt 0.227109298 0.243579268
vt 0.195431635 0.241111815
vt 0.226052448 0.243235707
vt 0.226052448 0.243235707
vt 0.240246341 0.245127201
vt 0.240402982 0.24525243
vt 0.227810666 0.244481295
vt 0.24054496 0.245531529
vt 0.227810666 0.244481295
vt 0.203671739 0.241111815
vt 0.208433792 0.242416739
vt 0.203671739 0.241111815
vt 0.250722349 0.246246219
vt 0.24054496 0.245531529
vt 0.250679672 0.245867491
vt 0.240246341 0.245127201
vt 0.240246341 0.245127201
vt 0.25075525 0.245551765
vt 0.227908775 0.245556891
vt 0.20993863 0.244298488
vt 0.227810666 0.244481295
vt 0.227810666 0.244481295
vt 0.24054496 0.245531529
vt 0.240602061 0.245837986
vt 0.24054496 0.245531529
vt 0.25086242 0.246538311
vt 0.250722349 0.246246219
vt 0.250722349 0.246246219
vt 0.264830768 0.246939972
vt 0.264871597 0.246756643
vt 0.278799117 0.247341633
vt 0.250722349 0.246246219
vt 0.264439642 0.246508509
vt 0.279020846 0.247267067
vt 0.25075525 0.245551765
vt 0.264586747 0.246324778
vt 0.278199613 0.247149527
vt 0.264407575 0.246047705
vt 0.278418243 0.24709779
vt 0.251006663 0.245089293
vt 0.25075525 0.245551765
vt 0.240194127 0.245233357
vt 0.251006663 0.245089293
vt 0.25075525 0.245551765
vt 0.240194127 0.245233357
vt 0.25075525 0.245551765
vt 0.240246341 0.245127201
vt 0.226052448 0.243235707
vt 0.240246341 0.245127201
vt 0.2251672 0.243883371
vt 0.226052448 0.243235707
vt 0.183302626 0.243172407
vt 0.195431635 0.241111815
vt 0.240316674 0.245592177
vt 0.251372993 0.244964242
vt 0.251006663 0.245089293
vt 0.236729398 0.325790823
vt 0.237333074 0.299135983
vt 0.236907169 0.320048928
vt 0.208148614 0.314571023
vt 0.207993016 0.306340486
vt 0.206871644 0.320908368
vt 0.686985612 0.23259905
vt 0.671868443 0.233503282
vt 0.709775209 0.233124375
vt 0.686985612 0.23259905
vt 0.709775209 0.233124375
vt 0.691482961 0.232714206
vt 0.673618913 0.23665902
vt 0.672602415 0.234284341
vt 0.697245121 0.23440969
vt 0.673618913 0.23665902
vt 0.686336875 0.236346364
vt 0.676320255 0.235798031
vt 0.673618913 0.23665902
vt 0.686336875 0.236346364
vt 0.676320255 0.235798031
vt 0.684449077 0.235244185
vt 0.688042879 0.229185224
vt 0.673147559 0.226711482
vt 0.671583831 0.224482358
vt 0.688042879 0.229185224
vt 0.692315698 0.226699769
vt 0.673147559 0.226711482
vt 0.674064159 0.225907356
vt 0.673584461 0.226601958
vt 0.673147559 0.226711482
vt 0.673584461 0.226601958
vt 0.671583831 0.224482358
vt 0.733076096 0.22446537
vt 0.703068614 0.223527402
vt 0.698668361 0.223660827
vt 0.733076096 0.22446537
vt 0.698668361 0.223660827
vt 0.671623826 0.22409755
vt 0.703062415 0.22262907
vt 0.733076096 0.220461786
vt 0.671583831 0.223031193
vt 0.703062415 0.22262907
vt 0.671583831 0.223031193
vt 0.698620379 0.222549379
vt 0.211363316 0.287638575
vt 0.213652551 0.288979262
vt 0.212143838 0.283635885
vt 0.211363316 0.287638575
vt 0.212143838 0.283635885
vt 0.215340316 0.283551037
vt 0.213652551 0.288979262
vt 0.215944231 0.287755072
vt 0.210646391 0.286415696
vt 0.210646391 0.286415696
vt 0.212143838 0.283635885
vt 0.215944231 0.287755072
vt 0.215944231 0.285219014
vt 0.21196723 0.289306581
vt 0.215944231 0.287755072
vt 0.21196723 0.289306581
vt 0.210646391 0.286415696
vt 0.215944231 0.285219014
vt 0.213655055 0.283878356
vt 0.215163767 0.289221734
vt 0.215944231 0.285219014
vt 0.215163767 0.289221734
vt 0.21196723 0.289306581
vt 0.211363316 0.285102546
vt 0.211363316 0.287638575
vt 0.215340316 0.283551037
vt 0.211363316 0.285102546
vt 0.215340316 0.283551037
vt 0.216661155 0.286441892
vt 0.213655055 0.283878356
vt 0.211363316 0.285102546
vt 0.216661155 0.286441892
vt 0.216661155 0.286441892
vt 0.215163767 0.289221734
vt 0.233063281 0.272074282
vt 0.231722653 0.274363488
vt 0.237065971 0.272854775
vt 0.233063281 0.272074282
vt 0.237065971 0.272854775
vt 0.237150848 0.276051283
vt 0.231722653 0.274363488
vt 0.232946813 0.276655197
vt 0.234286129 0.271357358
vt 0.234286129 0.271357358
vt 0.237065971 0.272854775
vt 0.232946813 0.276655197
vt 0.235482812 0.276655197
vt 0.231395185 0.272678196
vt 0.232946813 0.276655197
vt 0.231395185 0.272678196
vt 0.234286129 0.271357358
vt 0.235482812 0.276655197
vt 0.236823499 0.274365991
vt 0.231480122 0.275874704
vt 0.235482812 0.276655197
vt 0.231480122 0.275874704
vt 0.231395185 0.272678196
vt 0.235599339 0.272074282
vt 0.233063281 0.272074282
vt 0.237150848 0.276051283
vt 0.235599339 0.272074282
vt 0.237150848 0.276051283
vt 0.234259903 0.277372092
vt 0.236823499 0.274365991
vt 0.235599339 0.272074282
vt 0.234259903 0.277372092
vt 0.234259903 0.277372092
vt 0.231480122 0.275874704
vt 0.783844471 0.795511723
vt 0.782503843 0.797800899
vt 0.787847161 0.796292186
vt 0.783844471 0.795511723
vt 0.787847161 0.796292186
vt 0.787932038 0.799488723
vt 0.782503843 0.797800899
vt 0.783728004 0.800092638
vt 0.78506732 0.794794798
vt 0.782503843 0.797800899
vt 0.78506732 0.794794798
vt 0.787847161 0.796292186
vt 0.783728004 0.800092638
vt 0.786264002 0.800092638
vt 0.782176375 0.796115637
vt 0.783728004 0.800092638
vt 0.782176375 0.796115637
vt 0.78506732 0.794794798
vt 0.786264002 0.800092638
vt 0.78760469 0.797803402
vt 0.782261312 0.799312115
vt 0.786264002 0.800092638
vt 0.782261312 0.799312115
vt 0.782176375 0.796115637
vt 0.786380529 0.795511723
vt 0.783844471 0.795511723
vt 0.787932038 0.799488723
vt 0.786380529 0.795511723
vt 0.787932038 0.799488723
vt 0.785041094 0.800809503
vt 0.78760469 0.797803402
vt 0.786380529 0.795511723
vt 0.785041094 0.800809503
vt 0.78760469 0.797803402
vt 0.785041094 0.800809503
vt 0.782261312 0.799312115
vt 0.783844471 0.795511723
vt 0.782503843 0.797800899
vt 0.787847161 0.796292186
vt 0.783844471 0.795511723
vt 0.787847161 0.796292186
vt 0.787932038 0.799488723
vt 0.782503843 0.797800899
vt 0.783728004 0.800092638
vt 0.78506732 0.794794798
vt 0.782503843 0.797800899
vt 0.78506732 0.794794798
vt 0.787847161 0.796292186
vt 0.783728004 0.800092638
vt 0.786264002 0.800092638
vt 0.782176375 0.796115637
vt 0.783728004 0.800092638
vt 0.782176375 0.796115637
vt 0.78506732 0.794794798
vt 0.786264002 0.800092638
vt 0.78760469 0.797803402
vt 0.782261312 0.799312115
vt 0.786264002 0.800092638
vt 0.782261312 0.799312115
vt 0.782176375 0.796115637
vt 0.786380529 0.795511723
vt 0.783844471 0.795511723
vt 0.787932038 0.799488723
vt 0.786380529 0.795511723
vt 0.787932038 0.799488723
vt 0.785041094 0.800809503
vt 0.78760469 0.797803402
vt 0.786380529 0.795511723
vt 0.785041094 0.800809503
vt 0.78760469 0.797803402
vt 0.785041094 0.800809503
vt 0.782261312 0.799312115
vt 0.738325715 0.133761764
vt 0.753771305 0.133988798
vt 0.727785587 0.132845581
vt 0.738608003 0.131768227
vt 0.727551699 0.132396162
vt 0.753175855 0.132889599
vt 0.705226779 0.378551364
vt 0.753175855 0.132889599
vt 0.727551699 0.132396162
vt 0.753771305 0.133988798
vt 0.733985305 0.384029269
vt 0.727785587 0.132845581
vt 0.727551699 0.132396162
vt 0.727785587 0.132845581
vt 0.705226779 0.378551364
vt 0.808127403 0.783227265
vt 0.722085118 0.772977233
vt 0.745361567 0.811653018
vt 0.745361567 0.811653018
vt 0.808127403 0.827880204
vt 0.674830019 0.827967107
vt 0.730766416 0.916041911
vt 0.776251078 0.891265631
vt 0.776251078 0.891265631
vt 0.726881266 0.840652823
vt 0.668822408 0.830451965
vt 0.663201034 0.811867714
vt 0.703927636 0.840467095
vt 0.668822408 0.830451965
vt 0.703927636 0.840467095
vt 0.710929036 0.775537372
vt 0.64892894 0.775537372
vt 0.64192754 0.840466857
vt 0.684034169 0.785552442
vt 0.64892894 0.775537372
vt 0.684034169 0.785552442
vt 0.689655483 0.804136753
vt 0.663201034 0.811867714
vt 0.684034169 0.785552442
vt 0.64192754 0.840466857
vt 0.663201034 0.811867714
vt 0.64192754 0.840466857
vt 0.703927636 0.840467095
vt 0.664387345 0.910160899
vt 0.649432242 0.873827279
vt 0.679780245 0.903098047
vt 0.664387345 0.910160899
vt 0.679780245 0.903098047
vt 0.679726183 0.846580565
vt 0.650140941 0.903098047
vt 0.679780245 0.903098047
vt 0.649432242 0.873827279
vt 0.650140941 0.903098047
vt 0.649432242 0.873827279
vt 0.665479839 0.839517772
vt 0.680435061 0.875851214
vt 0.664387345 0.910160899
vt 0.679726183 0.846580565
vt 0.680435061 0.875851214
vt 0.679726183 0.846580565
vt 0.650086999 0.846580386
vt 0.665479839 0.839517772
vt 0.680435061 0.875851214
vt 0.650086999 0.846580386
vt 0.665479839 0.839517772
vt 0.650086999 0.846580386
vt 0.650140941 0.903098047
vt 0.760496616 0.647601604
vt 0.677945733 0.647601604
vt 0.704891384 0.724821091
vt 0.704891384 0.724821091
vt 0.744568765 0.719843268
vt 0.14990899 0.25147149
vt 0.14990899 0.36571607
vt 0.26415357 0.36571607
vt 0.26415357 0.25147149
vt 0.14990899 0.25147149
vt 0.14990899 0.36571607
vt 0.26415357 0.36571607
vt 0.26415357 0.25147149
vt 0.14990899 0.25147149
vt 0.14990899 0.36571607
vt 0.26415357 0.36571607
vt 0.26415357 0.25147149
vt 0.14990899 0.25147149
vt 0.14990899 0.36571607
vt 0.26415357 0.36571607
vt 0.26415357 0.25147149
vt 0.14990899 0.25147149
vt 0.14990899 0.36571607
vt 0.26415357 0.36571607
vt 0.26415357 0.25147149
vt 0.14990899 0.25147149
vt 0.14990899 0.36571607
vt 0.26415357 0.36571607
vt 0.26415357 0.25147149
vt 0.14990899 0.25147149
vt 0.14990899 0.36571607
vt 0.26415357 0.36571607
vt 0.26415357 0.25147149
vt 0.14990899 0.25147149
vt 0.14990899 0.36571607
vt 0.26415357 0.36571607
vt 0.26415357 0.25147149
vt 0.14990899 0.25147149
vt 0.14990899 0.36571607
vt 0.26415357 0.36571607
vt 0.26415357 0.25147149
vt 0.14990899 0.25147149
vt 0.14990899 0.36571607
vt 0.26415357 0.36571607
vt 0.26415357 0.25147149
vt 0.14990899 0.25147149
vt 0.14990899 0.36571607
vt 0.26415357 0.36571607
vt 0.26415357 0.25147149
vt 0.14990899 0.25147149
vt 0.14990899 0.36571607
vt 0.26415357 0.36571607
vt 0.26415357 0.25147149
vt 0.14990899 0.25147149
vt 0.14990899 0.36571607
vt 0.26415357 0.36571607
vt 0.26415357 0.25147149
vt 0.14990899 0.25147149
vt 0.14990899 0.36571607
vt 0.26415357 0.36571607
vt 0.26415357 0.25147149
vt 0.14990899 0.25147149
vt 0.14990899 0.36571607
vt 0.26415357 0.36571607
vt 0.26415357 0.25147149
vt 0.14990899 0.25147149
vt 0.14990899 0.36571607
vt 0.26415357 0.36571607
vt 0.26415357 0.25147149
vt 0.14990899 0.25147149
vt 0.14990899 0.36571607
vt 0.26415357 0.36571607
vt 0.26415357 0.25147149
vt 0.14990899 0.25147149
vt 0.14990899 0.36571607
vt 0.26415357 0.36571607
vt 0.26415357 0.25147149
vt 0.150781125 0.340932995
vt 0.162356764 0.254468173
vt 0.163677275 0.251480728
vt 0.151255429 0.342517763
vt 0.149918228 0.348991305
vt 0.163549274 0.256050676
vt 0.162543625 0.257011235
vt 0.149918228 0.344352812
vt 0.162543625 0.257011235
vt 0.163549274 0.256050676
vt 0.163677275 0.251480728
vt 0.162356764 0.254468173
vt 0.177569956 0.251480728
vt 0.176770806 0.255982071
vt 0.177561402 0.257126212
vt 0.178258836 0.254673511
vt 0.265940845 0.246085614
vt 0.277808487 0.247006118
vt 0.264407575 0.246047705
vt 0.251372993 0.244964242
vt 0.251006663 0.245089293
vt 0.671575308 0.213759586
vt 0.671575308 0.213759586
vt 0.671575308 0.213759586
vt 0.671575308 0.213759586
vt 0.671575308 0.213759586
vt 0.671575308 0.213759586
vt 0.671575308 0.213759586
vt 0.671575308 0.213759586
vt 0.671575308 0.213759586
vt 0.671575308 0.213759586
vt 0.671575308 0.213759586
vt 0.671575308 0.213759586
vt 0.671575308 0.213759586
vt 0.671575308 0.213759586
vt 0.671575308 0.213759586
vt 0.671575308 0.213759586
vt 0.671575308 0.213759586
vt 0.671575308 0.213759586
vt 0.671575308 0.213759586
vt 0.671575308 0.213759586
vt 0.671575308 0.213759586
vt 0.671575308 0.213759586
vt 0.671575308 0.213759586
vt 0.671575308 0.213759586
vt 0.671575308 0.213759586
vt 0.671575308 0.213759586
vt 0.671575308 0.213759586
vt 0.671575308 0.213759586
vt 0.671575308 0.213759586
vt 0.671575308 0.213759586
vt 0.671575308 0.213759586
vt 0.671575308 0.213759586
vt 0.671575308 0.213759586
vt 0.671575308 0.213759586
vt 0.691482961 0.232714206
vt 0.709775209 0.233124375
vt 0.709954321 0.23090288
vt 0.691512227 0.232046068
vt 0.691512227 0.232046068
vt 0.709954321 0.23090288
vt 0.671583831 0.23090288
vt 0.6869452 0.232095987
vt 0.6869452 0.232095987
vt 0.671583831 0.23090288
vt 0.671868443 0.233503282
vt 0.686985612 0.23259905
vt 0.6869452 0.232095987
vt 0.686985612 0.23259905
vt 0.691482961 0.232714206
vt 0.691512227 0.232046068
vt 0.686336875 0.236346364
vt 0.697245121 0.23440969
vt 0.696615398 0.233520269
vt 0.684449077 0.235244185
vt 0.684449077 0.235244185
vt 0.696615398 0.233520269
vt 0.671583831 0.23440969
vt 0.676320255 0.235798031
vt 0.676320255 0.235798031
vt 0.671583831 0.23440969
vt 0.672602415 0.234284341
vt 0.673618913 0.23665902
vt 0.674064159 0.225907356
vt 0.682503819 0.225701869
vt 0.682503819 0.230885863
vt 0.673584461 0.226601958
vt 0.682503819 0.230885863
vt 0.692315698 0.226699769
vt 0.671583831 0.224482358
vt 0.673584461 0.226601958
vt 0.674064159 0.225907356
vt 0.673147559 0.226711482
vt 0.688042879 0.229185224
vt 0.682503819 0.225701869
vt 0.671583831 0.223031193
vt 0.671623826 0.22409755
vt 0.698668361 0.223660827
vt 0.698620379 0.222549379
vt 0.698620379 0.222549379
vt 0.698668361 0.223660827
vt 0.703068614 0.223527402
vt 0.703062415 0.22262907
vt 0.703062415 0.22262907
vt 0.703068614 0.223527402
vt 0.733076096 0.22446537
vt 0.733076096 0.220461786
vt 0.671575308 0.213759586
vt 0.671575308 0.213759586
vt 0.671575308 0.213759586
vt 0.671575308 0.213759586
vt 0.671575308 0.213759586
vt 0.671575308 0.213759586
vt 0.671575308 0.213759586
vt 0.671575308 0.213759586
vt 0.671575308 0.213759586
vt 0.671575308 0.213759586
vt 0.671575308 0.213759586
vt 0.671575308 0.213759586
vt 0.671575308 0.213759586
vt 0.671575308 0.213759586
vt 0.671575308 0.213759586
vt 0.671575308 0.213759586
vt 0.671575308 0.213759586
vt 0.671575308 0.213759586
vt 0.671575308 0.213759586
vt 0.671575308 0.213759586
vt 0.671575308 0.213759586
vt 0.671575308 0.213759586
vt 0.671575308 0.213759586
vt 0.671575308 0.213759586
vt 0.671575308 0.213759586
vt 0.671575308 0.213759586
vt 0.671575308 0.213759586
vt 0.671575308 0.213759586
vt 0.671575308 0.213759586
vt 0.671575308 0.213759586
vt 0.210646391 0.286415696
vt 0.21196723 0.289306581
vt 0.215163767 0.289221734
vt 0.212143838 0.283635885
vt 0.216661155 0.286441892
vt 0.215340316 0.283551037
vt 0.234286129 0.271357358
vt 0.231395185 0.272678196
vt 0.231480122 0.275874704
vt 0.237065971 0.272854775
vt 0.234259903 0.277372092
vt 0.237150848 0.276051283
vt 0.78506732 0.794794798
vt 0.782176375 0.796115637
vt 0.782261312 0.799312115
vt 0.785041094 0.800809503
vt 0.787847161 0.796292186
vt 0.787932038 0.799488723
vt 0.78506732 0.794794798
vt 0.782176375 0.796115637
vt 0.782261312 0.799312115
vt 0.785041094 0.800809503
vt 0.787847161 0.796292186
vt 0.787932038 0.799488723
vt 0.724990487 0.257473171
vt 0.724981189 0.257423401
vt 0.724958181 0.257378072
vt 0.72493273 0.257357746
vt 0.724924207 0.257375002
vt 0.724982142 0.257506251
vt 0.724944115 0.257433265
vt 0.724963546 0.257496774
vt 0.724990487 0.257473171
vt 0.724990487 0.257473171
vt 0.724981189 0.257423401
vt 0.724981189 0.257423401
vt 0.724990487 0.257473171
vt 0.724981189 0.257423401
vt 0.724990487 0.257473171
vt 0.724982142 0.257506251
vt 0.724982142 0.257506251
vt 0.724990487 0.257473171
vt 0.724982142 0.257506251
vt 0.724990487 0.257473171
vt 0.724990487 0.257473171
vt 0.72493273 0.257357746
vt 0.724924207 0.257375002
vt 0.724924207 0.257375002
vt 0.72493273 0.257357746
vt 0.72493273 0.257357746
vt 0.724924207 0.257375002
vt 0.724924207 0.257375002
vt 0.724924207 0.257375002
vt 0.724944115 0.257433265
vt 0.724944115 0.257433265
vt 0.724924207 0.257375002
vt 0.724924207 0.257375002
vt 0.724944115 0.257433265
vt 0.724958181 0.257378072
vt 0.72493273 0.257357746
vt 0.72493273 0.257357746
vt 0.724958181 0.257378072
vt 0.724981189 0.257423401
vt 0.72493273 0.257357746
vt 0.724981189 0.257423401
vt 0.724958181 0.257378072
vt 0.724981189 0.257423401
vt 0.804076016 0.239049077
vt 0.804095387 0.239112601
vt 0.804076016 0.239049077
vt 0.804095387 0.239112601
vt 0.804113984 0.239122078
vt 0.804113984 0.239122078
vt 0.738325715 0.133761764
vt 0.727785587 0.132845581
vt 0.727785587 0.132845581
vt 0.727785587 0.132845581
vt 0.727785587 0.132845581
vt 0.738608003 0.131768227
vt 0.727551699 0.132396162
vt 0.727551699 0.132396162
vt 0.727551699 0.132396162
vt 0.727551699 0.132396162
vt 0.724958181 0.257378072
vt 0.724981189 0.257423401
vt 0.72493273 0.257357746
vt 0.724924207 0.257375002
vt 0.724990487 0.257473171
vt 0.724944115 0.257433265
vt 0.724982142 0.257506251
vt 0.808127403 0.827880204
vt 0.745361567 0.811653018
vt 0.726881266 0.840652823
vt 0.776251078 0.891265631
vt 0 0
vt 0 0
vt 0 0
vt 0 0
vt 0.722085118 0.772977233
vt 0.674830019 0.827967107
vt 0.726881266 0.840652823
vt 0.745361567 0.811653018
vt 0 0
vt 0 0
vt 0 0
vt 0 0
vt 0.689655483 0.804136753
vt 0.684034169 0.785552442
vt 0.663201034 0.811867714
vt 0.668822408 0.830451965
vt 0.665479839 0.839517772
vt 0.649432242 0.873827279
vt 0.664387345 0.910160899
vt 0.680435061 0.875851214
vt 0.703927636 0.840467095
vt 0.64192754 0.840466857
vt 0.64892894 0.775537372
vt 0.710929036 0.775537372
vt 0.792718589 0.655532956
vt 0.760496616 0.647601604
vt 0.744568765 0.719843268
vt 0.763659894 0.739246786
vt 0.677945733 0.647601604
vt 0.64037925 0.661972106
vt 0.687880337 0.758304
vt 0.704891384 0.724821091
vt 0.704891384 0.724821091
vt 0.687880337 0.758304
vt 0.763659894 0.739246786
vt 0.744568765 0.719843268
vn 0.705881 -0.705883 -0.058826
vn 0.705881 -0.705883 -0.058826
vn 0.702212 -0.702214 -0.117449
vn 0.707106 -0.707108 0.000000
vn 0.707106 -0.707108 0.000000
vn 0.705881 -0.705883 -0.058826
vn -0.705882 -0.705882 -0.058827
vn -0.705882 -0.705882 -0.058827
vn -0.702213 -0.702213 -0.117449
vn 0.705881 0.705883 -0.058826
vn 0.705881 0.705883 -0.058826
vn 0.702212 0.702214 -0.117449
vn -0.705882 0.705882 -0.058827
vn -0.705882 0.705882 -0.058827
vn -0.702213 0.702213 -0.117449
vn 0.706065 -0.706066 -0.054243
vn 0.706065 -0.706066 -0.054243
vn 0.702945 -0.702946 -0.108327
vn 0.707106 -0.707108 0.000000
vn 0.707106 -0.707108 0.000000
vn 0.706065 -0.706066 -0.054243
vn -0.706066 -0.706066 -0.054244
vn -0.706066 -0.706066 -0.054244
vn -0.702946 -0.702946 -0.108328
vn 0.706065 0.706066 -0.054244
vn 0.706065 0.706066 -0.054244
vn 0.702945 0.702946 -0.108328
vn -0.706066 0.706066 -0.054244
vn -0.706066 0.706066 -0.054244
vn -0.702946 0.702946 -0.108328
vn -0.705881 -0.705883 -0.058827
vn -0.702212 -0.702214 -0.117449
vn -0.705881 -0.705883 -0.058827
vn 0.705882 -0.705882 -0.058826
vn 0.702213 -0.702213 -0.117449
vn 0.705882 -0.705882 -0.058826
vn -0.705881 0.705883 -0.058827
vn -0.702212 0.702214 -0.117449
vn -0.705881 0.705883 -0.058827
vn 0.705882 0.705882 -0.058826
vn 0.702213 0.702213 -0.117449
vn 0.705882 0.705882 -0.058826
vn -0.706065 -0.706066 -0.054244
vn -0.702945 -0.702946 -0.108328
vn -0.706065 -0.706066 -0.054244
vn 0.706066 -0.706066 -0.054243
vn 0.702946 -0.702946 -0.108327
vn 0.706066 -0.706066 -0.054243
vn -0.706065 0.706066 -0.054244
vn -0.702945 0.702946 -0.108328
vn -0.706065 0.706066 -0.054244
vn 0.706066 0.706066 -0.054244
vn 0.702946 0.702946 -0.108328
vn 0.706066 0.706066 -0.054244
vn 1.000000 0.000000 0.000000
vn 1.000000 0.000000 0.000000
vn 1.000000 0.000000 0.000000
vn 1.000000 0.000000 0.000000
vn 1.000000 0.000000 0.000000
vn 1.000000 0.000000 0.000000
vn -1.000000 -0.000000 -0.000000
vn -1.000000 -0.000000 -0.000000
vn -1.000000 -0.000000 -0.000000
vn -1.000000 -0.000000 -0.000000
vn -1.000000 -0.000000 -0.000000
vn -1.000000 -0.000000 -0.000000
vn 0.980581 -0.196116 0.000000
vn 0.980581 -0.196116 0.000000
vn 0.980581 -0.196116 0.000000
vn 0.980581 -0.196116 0.000000
vn 0.980581 -0.196116 0.000000
vn 0.980581 -0.196116 0.000000
vn 0.000000 -0.000000 -1.000000
vn 0.000000 -0.000000 -1.000000
vn 0.000000 -0.000000 -1.000000
vn 0.000000 -0.000000 -1.000000
vn 0.000000 -0.000000 -1.000000
vn 0.000000 -0.000000 -1.000000
vn -0.980581 0.196116 -0.000000
vn -0.980581 0.196116 -0.000000
vn -0.980581 0.196116 -0.000000
vn -0.980581 0.196116 -0.000000
vn -0.980581 0.196116 -0.000000
vn -0.980581 0.196116 -0.000000
vn -0.000000 0.000000 1.000000
vn -0.000000 0.000000 1.000000
vn -0.000000 0.000000 1.000000
vn -0.000000 0.000000 1.000000
vn -0.000000 0.000000 1.000000
vn -0.000000 0.000000 1.000000
vn -0.000000 -1.000000 0.000000
vn -0.000000 -1.000000 0.000000
vn -0.000000 -1.000000 0.000000
vn -0.000000 -1.000000 0.000000
vn -0.000000 -1.000000 0.000000
vn -0.000000 -1.000000 0.000000
vn 0.980581 0.196116 0.000000
vn 0.980581 0.196116 0.000000
vn 0.980581 0.196116 0.000000
vn 0.980581 0.196116 0.000000
vn 0.980581 0.196116 0.000000
vn 0.000000 -0.000000 -1.000000
vn 0.000000 -0.000000 -1.000000
vn 0.000000 -0.000000 -1.000000
vn 0.000000 -0.000000 -1.000000
vn 0.000000 -0.000000 -1.000000
vn 0.000000 -0.000000 -1.000000
vn -0.980581 -0.196116 -0.000000
vn -0.980581 -0.196116 -0.000000
vn -0.980581 -0.196116 -0.000000
vn -0.980581 -0.196116 -0.000000
vn -0.980581 -0.196116 -0.000000
vn -0.000000 0.000000 1.000000
vn -0.000000 0.000000 1.000000
vn -0.000000 0.000000 1.000000
vn -0.000000 0.000000 1.000000
vn -0.000000 0.000000 1.000000
vn -0.000000 0.000000 1.000000
vn -0.000000 0.988805 0.149215
vn 0.567839 0.817025 0.100140
vn 0.674438 0.738332 0.000000
vn -0.000000 0.955696 0.294354
vn 0.639815 0.702627 0.311371
vn 0.551275 0.807880 0.208388
vn 0.753559 0.623458 0.208445
vn 0.862564 0.406006 0.301898
vn 0.894164 0.420881 0.152741
vn 0.761295 0.639189 0.108935
vn 0.902248 0.424686 -0.074764
vn 0.902248 0.424686 -0.074764
vn 0.766845 0.639609 -0.053384
vn 0.867708 0.408427 -0.283320
vn 0.867708 0.408427 -0.283320
vn 0.693886 0.580585 -0.425961
vn 0.824350 0.388019 -0.412175
vn 0.608889 0.670503 -0.423886
vn 0.902248 0.424686 -0.074764
vn 0.902248 0.424686 -0.074764
vn -0.000000 0.988805 0.149215
vn 0.674438 0.738332 0.000000
vn 0.000000 1.000000 -0.000000
vn -0.567839 0.817025 0.100140
vn -0.674438 0.738332 -0.000000
vn -0.000000 0.988805 0.149215
vn -0.551275 0.807880 0.208388
vn -0.000000 0.955696 0.294354
vn -0.639815 0.702627 0.311370
vn -0.894164 0.420881 0.152741
vn -0.862564 0.406006 0.301897
vn -0.753559 0.623458 0.208444
vn -0.761295 0.639189 0.108935
vn -0.766844 0.639609 -0.053385
vn -0.902248 0.424686 -0.074765
vn -0.902248 0.424686 -0.074765
vn -0.867708 0.408428 -0.283321
vn -0.000000 -0.988805 0.149215
vn -0.000000 -0.955696 0.294355
vn -0.639815 -0.702627 0.311370
vn -0.000000 -0.988805 0.149215
vn -0.639815 -0.702627 0.311370
vn -0.551275 -0.807880 0.208388
vn -0.567839 -0.817025 0.100140
vn -0.567773 -0.821734 -0.048853
vn 0.000000 -0.997347 -0.072795
vn 0.567839 -0.817025 0.100141
vn 0.567773 -0.821734 -0.048853
vn 0.551275 -0.807880 0.208388
vn -0.000000 -0.955696 0.294355
vn 0.639815 -0.702627 0.311371
vn -0.000000 -0.955696 0.294355
vn 0.555906 -0.796029 -0.239389
vn 0.563824 -0.819553 -0.102156
vn 0.000000 -0.960880 -0.276964
vn -0.563824 -0.819553 -0.102157
vn -0.563824 -0.819553 -0.102157
vn -0.555905 -0.796029 -0.239390
vn 0.894164 -0.420881 0.152741
vn 0.862564 -0.406006 0.301898
vn 0.753559 -0.623458 0.208445
vn 0.761295 -0.639189 0.108936
vn 0.766845 -0.639609 -0.053384
vn 0.902249 -0.424686 -0.074764
vn 0.764997 -0.635879 -0.102163
vn 0.867708 -0.408427 -0.283320
vn 0.739328 -0.624957 -0.250646
vn 0.726651 -0.598812 -0.336754
vn 0.824350 -0.388019 -0.412175
vn 0.608889 -0.670504 -0.423886
vn 0.608889 -0.670504 -0.423886
vn 0.528608 -0.781079 -0.332400
vn 0.000000 -0.915315 -0.402738
vn 0.321443 -0.828436 -0.458660
vn -0.528607 -0.781079 -0.332400
vn -0.608888 -0.670504 -0.423886
vn -0.321443 -0.828436 -0.458660
vn -0.824350 -0.388019 -0.412175
vn -0.608888 -0.670504 -0.423886
vn -0.867708 -0.408428 -0.283321
vn -0.726650 -0.598812 -0.336755
vn -0.902248 -0.424686 -0.074765
vn -0.867708 -0.408428 -0.283321
vn -0.739327 -0.624957 -0.250646
vn -0.902248 -0.424686 -0.074765
vn -0.739327 -0.624957 -0.250646
vn -0.764997 -0.635879 -0.102164
vn -0.761295 -0.639189 0.108935
vn -0.766845 -0.639609 -0.053385
vn -0.894164 -0.420881 0.152741
vn -0.753559 -0.623458 0.208444
vn -0.862564 -0.406006 0.301897
vn -0.639815 -0.702627 0.311370
vn -0.902248 0.424686 -0.074765
vn -0.867708 0.408428 -0.283321
vn -0.867708 0.408428 -0.283321
vn 0.693886 0.580585 -0.425961
vn 0.321443 0.828435 -0.458660
vn 0.000000 0.915315 -0.402739
vn 0.000000 0.915315 -0.402739
vn -0.321443 0.828435 -0.458660
vn -0.693886 0.580585 -0.425962
vn 0.995037 -0.099504 0.000000
vn 0.995037 -0.099504 0.000000
vn 0.995037 -0.099504 0.000000
vn 0.995037 -0.099504 0.000000
vn 0.995037 -0.099504 0.000000
vn 0.995037 -0.099504 0.000000
vn 0.988936 0.148340 0.000000
vn 0.988936 0.148340 0.000000
vn 0.988936 0.148340 0.000000
vn 0.988936 0.148340 0.000000
vn 0.988936 0.148340 0.000000
vn 0.000000 1.000000 -0.000000
vn 0.000000 1.000000 -0.000000
vn 0.000000 1.000000 -0.000000
vn 0.000000 1.000000 -0.000000
vn 0.000000 1.000000 -0.000000
vn 0.554701 -0.000000 -0.832050
vn 0.554701 -0.000000 -0.832050
vn 0.554701 -0.000000 -0.832050
vn 0.554701 -0.000000 -0.832050
vn 0.554701 -0.000000 -0.832050
vn 0.894427 0.000000 0.447214
vn 0.894427 0.000000 0.447214
vn 0.894427 0.000000 0.447214
vn 0.894427 0.000000 0.447214
vn 0.894427 0.000000 0.447214
vn 0.894427 0.000000 0.447214
vn 0.000000 -0.999810 -0.019508
vn 0.036554 -0.999142 -0.019495
vn 0.036554 -0.999142 -0.019495
vn 0.000000 -0.999810 -0.019508
vn 0.036554 -0.999142 -0.019495
vn 0.000000 -0.999810 -0.019508
vn -0.031690 0.999450 -0.009751
vn 0.000000 0.999952 -0.009756
vn 0.000000 0.999952 -0.009756
vn -0.031690 0.999450 -0.009751
vn 0.000000 0.999952 -0.009756
vn -0.031690 0.999450 -0.009751
vn -0.499883 0.865822 -0.021646
vn -0.499883 0.865822 -0.021646
vn -0.499883 0.865822 -0.021646
vn -0.499883 0.865822 -0.021646
vn -0.499883 0.865822 -0.021646
vn -0.499883 0.865822 -0.021646
vn -0.999766 -0.000000 -0.021646
vn -0.999766 -0.000000 -0.021646
vn -0.999766 -0.000000 -0.021646
vn -0.999766 -0.000000 -0.021646
vn -0.999766 -0.000000 -0.021646
vn -0.499883 -0.865822 -0.021646
vn -0.499883 -0.865822 -0.021646
vn -0.499883 -0.865822 -0.021646
vn -0.499883 -0.865822 -0.021646
vn -0.499883 -0.865822 -0.021646
vn -0.499883 -0.865822 -0.021646
vn 0.499883 -0.865822 -0.021645
vn 0.499883 -0.865822 -0.021645
vn 0.499883 -0.865822 -0.021645
vn 0.499883 -0.865822 -0.021645
vn 0.499883 -0.865822 -0.021645
vn 0.499883 -0.865822 -0.021645
vn 0.499883 0.865822 -0.021646
vn 0.499883 0.865822 -0.021646
vn 0.499883 0.865822 -0.021646
vn 0.499883 0.865822 -0.021646
vn 0.499883 0.865822 -0.021646
vn 0.499883 0.865822 -0.021646
vn 0.999766 -0.000000 -0.021645
vn 0.999766 -0.000000 -0.021645
vn 0.999766 -0.000000 -0.021645
vn 0.999766 -0.000000 -0.021645
vn 0.999766 -0.000000 -0.021645
vn -0.499883 0.865822 -0.021646
vn -0.499883 0.865822 -0.021646
vn -0.499883 0.865822 -0.021646
vn -0.499883 0.865822 -0.021646
vn -0.499883 0.865822 -0.021646
vn -0.499883 0.865822 -0.021646
vn -0.999766 -0.000000 -0.021646
vn -0.999766 -0.000000 -0.021646
vn -0.999766 -0.000000 -0.021646
vn -0.999766 -0.000000 -0.021646
vn -0.999766 -0.000000 -0.021646
vn -0.499883 -0.865822 -0.021646
vn -0.499883 -0.865822 -0.021646
vn -0.499883 -0.865822 -0.021646
vn -0.499883 -0.865822 -0.021646
vn -0.499883 -0.865822 -0.021646
vn -0.499883 -0.865822 -0.021646
vn 0.499883 -0.865822 -0.021645
vn 0.499883 -0.865822 -0.021645
vn 0.499883 -0.865822 -0.021645
vn 0.499883 -0.865822 -0.021645
vn 0.499883 -0.865822 -0.021645
vn 0.499883 -0.865822 -0.021645
vn 0.499883 0.865822 -0.021646
vn 0.499883 0.865822 -0.021646
vn 0.499883 0.865822 -0.021646
vn 0.499883 0.865822 -0.021646
vn 0.499883 0.865822 -0.021646
vn 0.499883 0.865822 -0.021646
vn 0.999766 -0.000000 -0.021645
vn 0.999766 -0.000000 -0.021645
vn 0.999766 -0.000000 -0.021645
vn 0.999766 -0.000000 -0.021645
vn 0.999766 -0.000000 -0.021645
vn -0.254041 0.948095 -0.191259
vn -0.254041 0.948095 -0.191259
vn -0.254041 0.948095 -0.191259
vn -0.254041 0.948095 -0.191259
vn -0.254041 0.948095 -0.191259
vn -0.254041 0.948095 -0.191259
vn -0.948095 0.254041 -0.191259
vn -0.948095 0.254041 -0.191259
vn -0.948095 0.254041 -0.191259
vn -0.948095 0.254041 -0.191259
vn -0.948095 0.254041 -0.191259
vn -0.948095 0.254041 -0.191259
vn -0.694053 -0.694053 -0.191258
vn -0.694053 -0.694053 -0.191258
vn -0.694053 -0.694053 -0.191258
vn -0.694053 -0.694053 -0.191258
vn -0.694053 -0.694053 -0.191258
vn -0.694053 -0.694053 -0.191258
vn 0.254041 -0.948095 -0.191258
vn 0.254041 -0.948095 -0.191258
vn 0.254041 -0.948095 -0.191258
vn 0.254041 -0.948095 -0.191258
vn 0.254041 -0.948095 -0.191258
vn 0.254041 -0.948095 -0.191258
vn 0.694054 0.694053 -0.191258
vn 0.694054 0.694053 -0.191258
vn 0.694054 0.694053 -0.191258
vn 0.694054 0.694053 -0.191258
vn 0.694054 0.694053 -0.191258
vn 0.694054 0.694053 -0.191258
vn 0.948095 -0.254041 -0.191258
vn 0.948095 -0.254041 -0.191258
vn 0.948095 -0.254041 -0.191258
vn 0.948095 -0.254041 -0.191258
vn 0.948095 -0.254041 -0.191258
vn 0.948095 -0.254041 -0.191258
vn -0.254041 0.948095 -0.191259
vn -0.254041 0.948095 -0.191259
vn -0.254041 0.948095 -0.191259
vn -0.254041 0.948095 -0.191259
vn -0.254041 0.948095 -0.191259
vn -0.254041 0.948095 -0.191259
vn -0.948095 0.254041 -0.191259
vn -0.948095 0.254041 -0.191259
vn -0.948095 0.254041 -0.191259
vn -0.948095 0.254041 -0.191259
vn -0.948095 0.254041 -0.191259
vn -0.948095 0.254041 -0.191259
vn -0.694053 -0.694054 -0.191258
vn -0.694053 -0.694054 -0.191258
vn -0.694053 -0.694054 -0.191258
vn -0.694053 -0.694054 -0.191258
vn -0.694053 -0.694054 -0.191258
vn -0.694053 -0.694054 -0.191258
vn 0.254041 -0.948095 -0.191258
vn 0.254041 -0.948095 -0.191258
vn 0.254041 -0.948095 -0.191258
vn 0.254041 -0.948095 -0.191258
vn 0.254041 -0.948095 -0.191258
vn 0.254041 -0.948095 -0.191258
vn 0.694053 0.694053 -0.191259
vn 0.694053 0.694053 -0.191259
vn 0.694053 0.694053 -0.191259
vn 0.694053 0.694053 -0.191259
vn 0.694053 0.694053 -0.191259
vn 0.694053 0.694053 -0.191259
vn 0.948095 -0.254041 -0.191258
vn 0.948095 -0.254041 -0.191258
vn 0.948095 -0.254041 -0.191258
vn 0.948095 -0.254041 -0.191258
vn 0.948095 -0.254041 -0.191258
vn 0.948095 -0.254041 -0.191258
vn -0.660629 0.750713 -0.000000
vn -0.660629 0.750712 -0.000000
vn -0.660629 0.750712 -0.000000
vn 0.660629 0.750713 0.000000
vn 0.660629 0.750713 0.000000
vn 0.660629 0.750713 0.000000
vn -0.000000 0.737416 0.675438
vn -0.294696 0.808477 0.509430
vn -0.154214 0.665388 0.730395
vn 0.294696 0.808476 0.509431
vn -0.000000 0.737416 0.675438
vn 0.154213 0.665388 0.730395
vn -0.108017 0.466064 0.878133
vn 0.108017 0.466063 0.878133
vn -0.000000 0.737416 0.675438
vn -1.000000 -0.000000 -0.000000
vn -1.000000 -0.000000 -0.000000
vn -1.000000 -0.000000 -0.000000
vn -1.000000 -0.000000 -0.000000
vn -1.000000 -0.000000 -0.000000
vn 1.000000 0.000000 0.000000
vn 1.000000 0.000000 0.000000
vn 1.000000 0.000000 0.000000
vn 1.000000 0.000000 0.000000
vn 1.000000 0.000000 0.000000
vn -1.000000 -0.000000 -0.000000
vn -1.000000 -0.000000 -0.000000
vn -1.000000 -0.000000 -0.000000
vn -1.000000 -0.000000 -0.000000
vn -1.000000 -0.000000 -0.000000
vn -1.000000 -0.000000 -0.000000
vn 1.000000 0.000000 0.000000
vn 1.000000 0.000000 0.000000
vn 1.000000 0.000000 0.000000
vn 1.000000 0.000000 0.000000
vn 1.000000 0.000000 0.000000
vn 1.000000 0.000000 0.000000
vn -0.000000 -1.000000 0.000000
vn -0.000000 -1.000000 0.000000
vn -0.000000 -1.000000 0.000000
vn -0.000000 -1.000000 0.000000
vn -0.000000 -1.000000 0.000000
vn -0.000000 -1.000000 0.000000
vn -0.000000 -1.000000 0.000000
vn -0.000000 -1.000000 0.000000
vn -0.000000 -1.000000 0.000000
vn -0.000000 -1.000000 0.000000
vn -0.000000 -1.000000 0.000000
vn -0.000000 -1.000000 0.000000
vn 1.000000 0.000000 0.000000
vn 1.000000 0.000000 0.000000
vn 1.000000 0.000000 0.000000
vn 1.000000 0.000000 0.000000
vn 1.000000 0.000000 0.000000
vn 1.000000 0.000000 0.000000
vn -1.000000 -0.000000 -0.000000
vn -1.000000 -0.000000 -0.000000
vn -1.000000 -0.000000 -0.000000
vn -1.000000 -0.000000 -0.000000
vn -1.000000 -0.000000 -0.000000
vn -1.000000 -0.000000 -0.000000
vn 0.000000 1.000000 -0.000000
vn 0.000000 1.000000 -0.000000
vn 0.000000 1.000000 -0.000000
vn 0.000000 1.000000 -0.000000
vn 0.000000 1.000000 -0.000000
vn 0.000000 1.000000 -0.000000
vn 0.000000 0.077339 -0.997005
vn 0.000000 0.077339 -0.997005
vn 0.000000 0.077339 -0.997005
vn 0.000000 0.077339 -0.997005
vn 0.000000 0.077339 -0.997005
vn -0.707107 0.707107 -0.000000
vn -0.705882 0.705882 -0.058827
vn -0.705882 0.705882 -0.058827
vn -0.707107 0.707107 -0.000000
vn -0.000000 0.000000 1.000000
vn -0.000000 0.000000 1.000000
vn -0.000000 0.000000 1.000000
vn -0.000000 0.000000 1.000000
vn -0.707107 -0.707107 -0.000000
vn -0.705882 -0.705882 -0.058827
vn -0.705882 -0.705882 -0.058827
vn -0.707107 -0.707107 -0.000000
vn 0.707106 0.707108 0.000000
vn 0.705881 0.705883 -0.058826
vn 0.705881 0.705883 -0.058826
vn 0.707106 0.707108 0.000000
vn -0.707107 0.707107 -0.000000
vn -0.706066 0.706066 -0.054244
vn -0.706066 0.706066 -0.054244
vn -0.707107 0.707107 -0.000000
vn -0.000000 0.000000 1.000000
vn -0.000000 0.000000 1.000000
vn -0.000000 0.000000 1.000000
vn -0.000000 0.000000 1.000000
vn -0.707107 -0.707107 -0.000000
vn -0.706066 -0.706066 -0.054244
vn -0.706066 -0.706066 -0.054244
vn -0.707107 -0.707107 -0.000000
vn 0.707106 0.707108 0.000000
vn 0.706065 0.706066 -0.054244
vn 0.706065 0.706066 -0.054244
vn 0.707106 0.707108 0.000000
vn 0.707107 0.707107 0.000000
vn 0.707107 0.707107 0.000000
vn 0.705882 0.705882 -0.058826
vn 0.705882 0.705882 -0.058826
vn -0.705881 -0.705883 -0.058827
vn -0.705881 -0.705883 -0.058827
vn -0.707106 -0.707108 -0.000000
vn -0.707106 -0.707108 -0.000000
vn -0.000000 0.000000 1.000000
vn -0.000000 0.000000 1.000000
vn -0.000000 0.000000 1.000000
vn -0.000000 0.000000 1.000000
vn 0.707107 -0.707107 0.000000
vn 0.707107 -0.707107 0.000000
vn 0.705882 -0.705882 -0.058826
vn 0.705882 -0.705882 -0.058826
vn -0.707106 0.707108 -0.000000
vn -0.707106 0.707108 -0.000000
vn -0.705881 0.705883 -0.058827
vn -0.705881 0.705883 -0.058827
vn 0.707107 0.707107 0.000000
vn 0.707107 0.707107 0.000000
vn 0.706066 0.706066 -0.054244
vn 0.706066 0.706066 -0.054244
vn -0.706065 -0.706066 -0.054244
vn -0.706065 -0.706066 -0.054244
vn -0.707106 -0.707108 -0.000000
vn -0.707106 -0.707108 -0.000000
vn -0.000000 0.000000 1.000000
vn -0.000000 0.000000 1.000000
vn -0.000000 0.000000 1.000000
vn -0.000000 0.000000 1.000000
vn 0.707107 -0.707107 0.000000
vn 0.707107 -0.707107 0.000000
vn 0.706066 -0.706066 -0.054243
vn 0.706066 -0.706066 -0.054243
vn -0.707106 0.707108 -0.000000
vn -0.707106 0.707108 -0.000000
vn -0.706065 0.706066 -0.054244
vn -0.706065 0.706066 -0.054244
vn 0.000000 0.196116 -0.980581
vn 0.000000 0.196116 -0.980581
vn 0.000000 0.196116 -0.980581
vn 0.000000 0.196116 -0.980581
vn -0.000000 -0.196116 0.980581
vn -0.000000 -0.196116 0.980581
vn -0.000000 -0.196116 0.980581
vn -0.000000 -0.196116 0.980581
vn -0.000000 -1.000000 0.000000
vn -0.000000 -1.000000 0.000000
vn -0.000000 -1.000000 0.000000
vn -0.000000 -1.000000 0.000000
vn -0.000000 -1.000000 0.000000
vn -0.000000 -1.000000 0.000000
vn -0.000000 -1.000000 0.000000
vn -0.000000 -1.000000 0.000000
vn -0.693886 0.580585 -0.425962
vn -0.608889 0.670503 -0.423887
vn -0.824350 0.388019 -0.412175
vn -0.867708 0.408428 -0.283321
vn -0.867708 0.408428 -0.283321
vn 0.000000 -0.976001 -0.217767
vn 0.000000 -0.891436 -0.453146
vn 0.000000 -0.891436 -0.453146
vn 0.000000 -0.976001 -0.217767
vn -0.000000 -0.964556 0.263879
vn -0.000000 -0.964556 0.263879
vn -0.000000 -0.876216 0.481919
vn -0.000000 -0.876216 0.481919
vn -0.000000 0.996204 0.087046
vn -0.000000 0.992278 0.124035
vn -0.000000 0.992278 0.124035
vn -0.000000 0.996204 0.087046
vn 0.000000 0.996981 -0.077640
vn 0.000000 0.996981 -0.077640
vn 0.000000 0.978980 -0.203954
vn 0.000000 0.978980 -0.203954
vn 0.000000 -0.000000 -1.000000
vn 0.000000 -0.000000 -1.000000
vn 0.000000 -0.000000 -1.000000
vn 0.000000 -0.000000 -1.000000
vn 0.997332 0.032921 -0.065160
vn 0.970143 -0.000000 -0.242535
vn 0.970143 -0.000000 -0.242535
vn 0.997332 0.032921 -0.065160
vn 0.959992 0.202341 0.193582
vn 0.959992 0.202341 0.193582
vn 0.903520 0.334637 0.267710
vn -0.997332 0.032921 -0.065161
vn -0.970142 -0.000000 -0.242536
vn -0.970142 -0.000000 -0.242536
vn -0.997332 0.032921 -0.065161
vn -0.959992 0.202341 0.193581
vn -0.959992 0.202341 0.193581
vn -0.903521 0.334637 0.267709
vn 0.000000 0.529999 -0.847998
vn 0.000000 0.529999 -0.847998
vn 0.000000 0.529999 -0.847998
vn 0.000000 0.529999 -0.847998
vn -0.988936 0.148340 -0.000000
vn -0.988936 0.148340 -0.000000
vn -0.988936 0.148340 -0.000000
vn -0.988936 0.148340 -0.000000
vn -0.000000 -0.124035 0.992278
vn -0.000000 -0.124035 0.992278
vn -0.000000 -0.124035 0.992278
vn -0.000000 -0.124035 0.992278
vn 0.000000 1.000000 -0.000000
vn 0.000000 1.000000 -0.000000
vn 0.000000 1.000000 -0.000000
vn 0.000000 1.000000 -0.000000
vn 0.000000 0.529999 -0.847998
vn 0.000000 0.529999 -0.847998
vn 0.000000 0.529999 -0.847998
vn 0.000000 0.529999 -0.847998
vn -0.995037 -0.099504 -0.000000
vn -0.995037 -0.099504 -0.000000
vn -0.995037 -0.099504 -0.000000
vn -0.995037 -0.099504 -0.000000
vn -0.000000 -0.124035 0.992278
vn -0.000000 -0.124035 0.992278
vn -0.000000 -0.124035 0.992278
vn -0.000000 -0.124035 0.992278
vn -0.196116 0.000000 0.980581
vn -0.000000 0.000000 1.000000
vn -0.000000 0.000000 1.000000
vn -0.196116 0.000000 0.980581
vn 0.000000 -0.999810 -0.019508
vn 0.000000 -0.999810 -0.019508
vn -0.036554 -0.999142 -0.019495
vn -0.036554 -0.999142 -0.019495
vn 0.031690 0.999450 -0.009751
vn 0.031690 0.999450 -0.009751
vn 0.000000 0.999952 -0.009756
vn 0.000000 0.999952 -0.009756
vn -0.554700 -0.000000 -0.832050
vn -0.554700 -0.000000 -0.832050
vn -0.554700 -0.000000 -0.832050
vn -0.554700 -0.000000 -0.832050
vn -0.894427 0.000000 0.447213
vn -0.894427 0.000000 0.447213
vn -0.894427 0.000000 0.447213
vn -0.894427 0.000000 0.447213
vn 0.196116 0.000000 0.980581
vn 0.196116 0.000000 0.980581
vn -0.000000 0.000000 1.000000
vn -0.000000 0.000000 1.000000
vn 1.000000 0.000000 0.000000
vn 1.000000 0.000000 0.000000
vn 0.928965 -0.000000 -0.370167
vn 0.928965 -0.000000 -0.370167
vn 0.725953 -0.000000 -0.687744
vn 0.725953 -0.000000 -0.687744
vn -0.725953 -0.000000 -0.687745
vn -0.725953 -0.000000 -0.687745
vn -0.928965 -0.000000 -0.370167
vn -0.928965 -0.000000 -0.370167
vn -1.000000 -0.000000 -0.000000
vn -1.000000 -0.000000 -0.000000
vn -0.000000 0.000000 1.000000
vn -0.164399 0.000000 0.986394
vn -0.164399 0.000000 0.986394
vn -0.000000 0.000000 1.000000
vn 0.164399 0.000000 0.986394
vn 0.164399 0.000000 0.986394
vn 0.000000 -0.999956 -0.009374
vn 0.058059 -0.998269 -0.009359
vn 0.058059 -0.998269 -0.009359
vn 0.000000 -0.999956 -0.009374
vn -0.058059 -0.998269 -0.009359
vn -0.058059 -0.998269 -0.009359
vn 0.000000 0.999956 -0.009375
vn 0.052875 0.998557 -0.009362
vn 0.052875 0.998557 -0.009362
vn 0.000000 0.999956 -0.009375
vn -0.052875 0.998557 -0.009362
vn -0.052875 0.998557 -0.009362
vn -0.000000 0.000000 1.000000
vn -0.000000 0.000000 1.000000
vn -0.000000 0.000000 1.000000
vn -0.000000 0.000000 1.000000
vn -0.000000 0.000000 1.000000
vn -0.000000 0.000000 1.000000
vn -0.000000 0.000000 1.000000
vn -0.000000 0.000000 1.000000
vn -0.000000 0.000000 1.000000
vn -0.000000 0.000000 1.000000
vn -0.000000 0.000000 1.000000
vn -0.000000 0.000000 1.000000
vn -0.000000 0.000000 1.000000
vn -0.000000 0.000000 1.000000
vn -0.000000 0.000000 1.000000
vn -0.000000 0.000000 1.000000
vn -0.000000 0.000000 1.000000
vn -0.000000 0.000000 1.000000
vn -0.000000 0.000000 1.000000
vn -0.000000 0.000000 1.000000
vn -0.000000 0.000000 1.000000
vn -0.000000 0.000000 1.000000
vn -0.000000 0.000000 1.000000
vn -0.000000 0.000000 1.000000
vn 0.000000 -0.000000 -1.000000
vn 0.000000 -0.000000 -1.000000
vn 0.000000 -0.000000 -1.000000
vn 0.000000 -0.000000 -1.000000
vn 0.000000 -0.000000 -1.000000
vn 0.000000 -0.000000 -1.000000
vn 0.000000 -0.000000 -1.000000
vn 0.000000 -0.000000 -1.000000
vn -0.918652 0.381000 0.104488
vn -0.882425 0.384829 0.270615
vn -0.882425 0.384829 0.270615
vn -0.918652 0.381000 0.104488
vn -0.927911 0.135250 0.347404
vn -0.820674 0.377527 0.428914
vn -0.887060 -0.004368 0.461634
vn -0.873103 -0.410967 0.262294
vn -0.819214 -0.385602 0.424499
vn -0.925508 -0.157408 0.344467
vn -0.900922 -0.424061 0.092257
vn -0.873103 -0.410967 0.262294
vn -0.900922 -0.424061 0.092257
vn 0.918652 0.381000 0.104489
vn 0.882425 0.384829 0.270616
vn 0.918652 0.381000 0.104489
vn 0.882425 0.384829 0.270616
vn 0.820674 0.377527 0.428915
vn 0.887059 -0.004368 0.461635
vn 0.927910 0.135250 0.347404
vn 0.925508 -0.157408 0.344468
vn 0.819214 -0.385602 0.424500
vn 0.873102 -0.410967 0.262294
vn 0.900922 -0.424061 0.092258
vn 0.873102 -0.410967 0.262294
vn 0.900922 -0.424061 0.092258
vn -0.000000 0.992033 0.125980
vn 0.063006 0.977610 0.200771
vn -0.000000 0.992033 0.125980
vn -0.000000 0.979556 0.201171
vn -0.000000 0.992033 0.125980
vn 0.125395 0.953634 0.273601
vn -0.063006 0.977610 0.200771
vn -0.000000 0.961221 0.275778
vn -0.125396 0.953634 0.273601
vn 0.000000 -0.000000 -1.000000
vn 0.000000 -0.000000 -1.000000
vn 0.000000 -0.000000 -1.000000
vn 0.000000 -0.000000 -1.000000
vn 0.000000 -0.000000 -1.000000
vn 0.000000 -0.000000 -1.000000
vn -0.660629 0.750713 -0.000000
vn -0.660628 0.750713 -0.000000
vn -0.660628 0.750713 -0.000000
vn -0.660629 0.750713 -0.000000
vn -0.660629 0.750712 -0.000000
vn 0.660629 0.750713 0.000000
vn 0.660629 0.750713 0.000000
vn 0.660629 0.750713 0.000000
vn 0.660628 0.750713 0.000000
vn 0.660628 0.750713 0.000000
vn -0.000000 0.000000 1.000000
vn -0.000000 0.000000 1.000000
vn -0.000000 0.000000 1.000000
vn -0.000000 0.000000 1.000000
vn -0.000000 0.000000 1.000000
vn -0.000000 0.238403 0.971166
vn -0.000000 0.238403 0.971166
vn -0.000000 0.991724 0.128386
vn -0.000000 0.991724 0.128386
vn -0.000000 0.991724 0.128386
vn -0.000000 0.991724 0.128386
vn 0.000000 -0.963363 -0.268202
vn 0.000000 -0.963363 -0.268202
vn 0.000000 -0.963363 -0.268202
vn 0.000000 -0.963363 -0.268202
vn -0.000000 0.000000 1.000000
vn -0.000000 0.000000 1.000000
vn -0.000000 0.000000 1.000000
vn -0.000000 0.000000 1.000000
vn 0.000000 -0.000000 -1.000000
vn 0.000000 -0.000000 -1.000000
vn 0.000000 -0.000000 -1.000000
vn 0.000000 -0.000000 -1.000000
vn 0.000000 -0.000000 -1.000000
vn 0.000000 -0.000000 -1.000000
vn 0.000000 -0.000000 -1.000000
vn 0.000000 -0.000000 -1.000000
vn 0.000000 -0.000000 -1.000000
vn 0.000000 -0.000000 -1.000000
vn 0.000000 -0.000000 -1.000000
vn 0.000000 -0.000000 -1.000000
vn -0.000000 0.000000 1.000000
vn -0.000000 0.000000 1.000000
vn -0.000000 0.000000 1.000000
vn -0.000000 0.000000 1.000000
vn 1.000000 0.000000 0.000000
vn 1.000000 0.000000 0.000000
vn 1.000000 0.000000 0.000000
vn 1.000000 0.000000 0.000000
vn -1.000000 -0.000000 -0.000000
vn -1.000000 -0.000000 -0.000000
vn -1.000000 -0.000000 -0.000000
vn -1.000000 -0.000000 -0.000000
vn 0.000000 1.000000 -0.000000
vn 0.000000 1.000000 -0.000000
vn 0.000000 1.000000 -0.000000
vn 0.000000 1.000000 -0.000000
f 67/67/67 68/68/68 69/69/69
f 73/73/73 74/74/74 75/75/75
f 79/79/79 80/80/80 81/81/81
f 85/85/85 86/86/86 87/87/87
