g Body
v -3.105587 0.725684 0.585509
v -2.893455 0.513552 0.585509
v -2.893455 0.725684 -0.682801
v -3.105586 0.725684 3.636143
v -2.893454 0.513552 3.636143
v -2.893455 0.513552 0.585509
v -2.893455 0.513552 0.585509
v -2.681323 0.725684 0.585509
v -2.893455 0.725684 -0.682801
v -2.893455 0.937816 0.585509
v -3.105587 0.725684 0.585509
v -2.893455 0.725684 -0.682801
v -2.681323 0.725684 0.585509
v -2.893455 0.937816 0.585509
v -2.893455 0.725684 -0.682801
v -2.386525 0.725684 0.055253
v -2.174393 0.513552 0.055253
v -2.174393 0.725684 -1.321286
v -2.386524 0.725684 3.491458
v -2.174392 0.513552 3.491458
v -2.174393 0.513552 0.055253
v -2.174393 0.513552 0.055253
v -1.962261 0.725684 0.055253
v -2.174393 0.725684 -1.321286
v -2.174393 0.937816 0.055253
v -2.386525 0.725684 0.055253
v -2.174393 0.725684 -1.321286
v -1.962261 0.725684 0.055253
v -2.174393 0.937816 0.055253
v -2.174393 0.725684 -1.321286
v 3.105587 0.725684 0.585507
v 2.893455 0.725684 -0.682803
v 2.893455 0.513552 0.585507
v 2.893455 0.513552 0.585507
v 2.893455 0.725684 -0.682803
v 2.681323 0.725684 0.585507
v 2.893455 0.937816 0.585507
v 2.893455 0.725684 -0.682803
v 3.105587 0.725684 0.585507
v 2.681323 0.725684 0.585507
v 2.893455 0.725684 -0.682803
v 2.893455 0.937816 0.585507
v 2.386525 0.725684 0.055252
v 2.174393 0.725684 -1.321287
v 2.174393 0.513552 0.055252
v 2.174393 0.513552 0.055252
v 2.174393 0.725684 -1.321287
v 1.962261 0.725684 0.055252
v 2.174393 0.937816 0.055252
v 2.174393 0.725684 -1.321287
v 2.386525 0.725684 0.055252
v 1.962261 0.725684 0.055252
v 2.174393 0.725684 -1.321287
v 2.174393 0.937816 0.055252
v -0.100001 1.000000 -2.400000
v -0.100001 -0.250000 -2.650000
v -0.100001 -0.250000 -2.850000
v -0.100001 1.000000 -2.400000
v -0.100001 -0.250000 -2.850000
v -0.100001 1.000000 -2.600000
v 0.099999 1.000000 -2.600000
v 0.099999 -0.250000 -2.850000
v 0.099999 -0.250000 -2.650000
v 0.099999 1.000000 -2.600000
v 0.099999 -0.250000 -2.650000
v 0.099999 1.000000 -2.400000
v 2.400001 1.000000 2.599999
v 2.650001 -0.250000 2.599999
v 2.650001 -0.250000 2.399999
v 2.400001 1.000000 2.599999
v 2.650001 -0.250000 2.399999
v 2.400001 1.000000 2.399999
v 2.400001 1.000000 2.399999
v 2.650001 -0.250000 2.399999
v 2.850000 -0.250000 2.399999
v 2.400001 1.000000 2.399999
v 2.850000 -0.250000 2.399999
v 2.600001 1.000000 2.399999
v 2.600001 1.000000 2.399999
v 2.850000 -0.250000 2.399999
v 2.850001 -0.250000 2.599999
v 2.600001 1.000000 2.399999
v 2.850001 -0.250000 2.599999
v 2.600001 1.000000 2.599999
v 2.600001 1.000000 2.599999
v 2.850001 -0.250000 2.599999
v 2.650001 -0.250000 2.599999
v 2.600001 1.000000 2.599999
v 2.650001 -0.250000 2.599999
v 2.400001 1.000000 2.599999
v 2.650001 -0.250000 2.599999
v 2.850001 -0.250000 2.599999
v 2.850000 -0.250000 2.399999
v 2.650001 -0.250000 2.599999
v 2.850000 -0.250000 2.399999
v 2.650001 -0.250000 2.399999
v -2.599999 1.000000 2.600000
v -2.849999 -0.250000 2.600001
v -2.849999 -0.250000 2.400001
v -2.599999 1.000000 2.600000
v -2.599999 1.000000 2.400001
v -2.599999 1.000000 2.400001
v -2.849999 -0.250000 2.400001
v -2.649999 -0.250000 2.400001
v -2.599999 1.000000 2.400001
v -2.649999 -0.250000 2.400001
v -2.399999 1.000000 2.400001
v -2.399999 1.000000 2.400001
v -2.649999 -0.250000 2.400001
v -2.649999 -0.250000 2.600001
v -2.649999 -0.250000 2.600001
v -2.399999 1.000000 2.600000
v -2.399999 1.000000 2.600000
v -2.649999 -0.250000 2.600001
v -2.849999 -0.250000 2.600001
v -2.399999 1.000000 2.600000
v -2.849999 -0.250000 2.600001
v -2.599999 1.000000 2.600000
v -0.000001 1.883064 -1.500000
v -0.707107 1.625318 -1.500000
v -0.707108 1.625317 -3.500000
v 0.000000 1.267064 0.500000
v -0.212132 1.189740 0.500000
v -0.707107 1.625318 -1.500000
v -0.707107 1.625318 -1.500000
v -0.300000 1.003064 0.500000
v -1.000000 1.003064 -1.500000
v -0.707107 1.625318 -1.500000
v -1.000001 1.003063 -3.500000
v -1.000001 1.003063 -3.500000
v -0.707108 1.625317 -3.500000
v -0.750002 1.003063 -5.000000
v -0.530332 1.469754 -5.000000
v -0.304942 1.271410 -5.637500
v -0.431252 1.003063 -5.637500
v -0.000002 1.003063 -6.500000
v -1.000001 1.003063 -3.500000
v -0.707108 1.625317 -3.500000
v -0.000001 1.883064 -1.500000
v -0.707108 1.625317 -3.500000
v -0.000001 1.883063 -3.500000
v 0.707106 1.625318 -1.500001
v 0.707106 1.625317 -3.500000
v -0.000001 1.883064 -1.500000
v 0.707106 1.625318 -1.500001
v 0.000000 1.267064 0.500000
v 0.212132 1.189740 0.500000
v 0.999999 1.003064 -1.500000
v 0.300000 1.003064 0.500000
v 0.707106 1.625318 -1.500001
v 0.707106 1.625318 -1.500001
v 0.707106 1.625317 -3.500000
v 0.999999 1.003063 -3.500000
v 0.707106 1.625317 -3.500000
v 0.749998 1.003063 -5.000000
v -0.000000 0.123064 -1.500000
v 0.000000 0.739064 0.500000
v 0.212132 0.816388 0.500000
v -0.000000 0.123064 -1.500000
v 0.212132 0.816388 0.500000
v 0.707106 0.380810 -1.500000
v 0.707106 0.380810 -1.500000
v 0.707106 0.380809 -3.500000
v -0.000001 0.123063 -3.500000
v -0.707107 0.380810 -1.500000
v -0.707108 0.380809 -3.500000
v -0.707107 0.380810 -1.500000
v 0.000000 0.739064 0.500000
v -0.212132 0.816388 0.500000
v 0.000000 0.739064 0.500000
v -0.530332 0.536373 -5.000000
v -0.707108 0.380809 -3.500000
v -0.000002 0.343064 -5.000000
v 0.707106 0.380809 -3.500000
v 0.707106 0.380809 -3.500000
v 0.530328 0.536373 -5.000000
v -1.000000 1.003064 -1.500000
v -0.300000 1.003064 0.500000
v -0.707107 0.380810 -1.500000
v -0.707107 0.380810 -1.500000
v -0.707108 0.380809 -3.500000
v -1.000001 1.003063 -3.500000
v -0.707108 0.380809 -3.500000
v -0.750002 1.003063 -5.000000
v -0.530332 0.536373 -5.000000
v -0.530332 0.536373 -5.000000
v -0.431252 1.003063 -5.637500
v -0.304942 0.734716 -5.637500
v -0.000002 1.003063 -6.500000
v -0.530332 0.536373 -5.000000
v -0.000002 0.623563 -5.637500
v -0.000002 1.003063 -6.500000
v 0.530328 0.536373 -5.000000
v 0.304938 0.734716 -5.637500
v -0.000002 1.003063 -6.500000
v 0.431248 1.003063 -5.637500
v -0.000002 1.003063 -6.500000
v 0.749998 1.003063 -5.000000
v 0.530328 0.536373 -5.000000
v 0.999999 1.003063 -3.500000
v 0.749998 1.003063 -5.000000
v 0.530328 0.536373 -5.000000
v 0.999999 1.003063 -3.500000
v 0.530328 0.536373 -5.000000
v 0.707106 0.380809 -3.500000
v 0.707106 0.380810 -1.500000
v 0.707106 0.380809 -3.500000
v 0.999999 1.003064 -1.500000
v 0.707106 0.380810 -1.500000
v 0.300000 1.003064 0.500000
v 0.212132 0.816388 0.500000
v 0.707106 1.625317 -3.500000
v 0.530328 1.469754 -5.000000
v 0.749998 1.003063 -5.000000
v -0.304942 1.271410 -5.637500
v -0.000002 1.003063 -6.500000
v -0.000002 1.382563 -5.637500
v -0.000002 1.382563 -5.637500
v -0.000002 1.003063 -6.500000
v 0.304938 1.271410 -5.637500
v -1.299998 3.050000 4.500000
v -1.099999 1.050000 4.250000
v -1.099999 1.050000 2.250000
v -1.299998 3.050000 4.500000
v -1.099999 1.050000 2.250000
v -1.299999 3.050000 3.500000
v 1.200001 3.050000 4.499999
v 0.900001 1.050000 4.249999
v 0.900001 1.050000 2.249999
v 1.200001 3.050000 4.499999
v 1.200001 3.050000 3.499999
v 1.300001 3.050000 4.499999
v 1.200001 3.050000 4.499999
v 1.200001 3.050000 3.499999
v 1.300001 3.050000 4.499999
v 1.300001 3.050000 3.499999
v 0.000001 1.100000 2.250000
v -2.999998 1.050001 4.250001
v -2.999998 0.850001 4.250001
v 0.000001 1.100000 2.250000
v 0.000001 1.000000 2.250000
v -2.999998 1.050001 4.250001
v -2.499998 1.050001 5.250000
v -2.499998 0.850001 5.250000
v -2.999998 1.050001 4.250001
v -2.499998 0.850001 5.250000
v -2.999998 0.850001 4.250001
v 0.000002 0.950001 4.750000
v 2.500002 0.850001 5.249999
v 3.000001 0.850001 4.249999
v 0.000002 0.950001 4.750000
v 3.000001 0.850001 4.249999
v 0.000001 1.000000 2.250000
v 2.500002 1.050001 5.249999
v 0.000002 1.150001 4.750000
v 0.000001 1.100000 2.250000
v 2.500002 1.050001 5.249999
v 0.000001 1.100000 2.250000
v 3.000001 1.050001 4.249999
v 0.400000 1.300000 1.000000
v 0.659808 1.150000 1.000000
v 0.746412 1.200001 4.999999
v 0.400000 1.300000 1.000000
v 0.746412 1.200001 4.999999
v 0.400002 1.400001 4.999999
v 0.659808 1.150000 1.000000
v 0.659808 0.850000 1.000000
v 0.746412 0.800001 4.999999
v 0.746412 0.800001 4.999999
v 0.746412 1.200001 4.999999
v 0.659808 0.850000 1.000000
v 0.400000 0.700000 1.000000
v 0.400002 0.600001 5.000000
v 0.659808 0.850000 1.000000
v 0.400002 0.600001 5.000000
v 0.746412 0.800001 4.999999
v 0.400000 0.700000 1.000000
v 0.140193 0.850000 1.000000
v 0.053591 0.800001 5.000000
v 0.400000 0.700000 1.000000
v 0.053591 0.800001 5.000000
v 0.400002 0.600001 5.000000
v 0.140193 1.150000 1.000000
v 0.400000 1.300000 1.000000
v 0.400002 1.400001 4.999999
v 0.140193 1.150000 1.000000
v 0.400002 1.400001 4.999999
v 0.053591 1.200001 5.000000
v 0.140193 0.850000 1.000000
v 0.140193 1.150000 1.000000
v 0.053591 1.200001 5.000000
v 0.053591 1.200001 5.000000
v 0.053591 0.800001 5.000000
v -0.400000 1.300000 1.000000
v -0.140192 1.150000 1.000000
v -0.053588 1.200001 5.000000
v -0.400000 1.300000 1.000000
v -0.053588 1.200001 5.000000
v -0.399998 1.400001 5.000000
v -0.140192 1.150000 1.000000
v -0.140192 0.850000 1.000000
v -0.053588 0.800001 5.000000
v -0.053588 0.800001 5.000000
v -0.053588 1.200001 5.000000
v -0.140192 0.850000 1.000000
v -0.400000 0.700000 1.000000
v -0.399998 0.600001 5.000000
v -0.140192 0.850000 1.000000
v -0.399998 0.600001 5.000000
v -0.053588 0.800001 5.000000
v -0.400000 0.700000 1.000000
v -0.659807 0.850000 1.000000
v -0.746408 0.800001 5.000000
v -0.400000 0.700000 1.000000
v -0.746408 0.800001 5.000000
v -0.399998 0.600001 5.000000
v -0.659807 1.150000 1.000000
v -0.400000 1.300000 1.000000
v -0.399998 1.400001 5.000000
v -0.659807 1.150000 1.000000
v -0.399998 1.400001 5.000000
v -0.746408 1.200001 5.000000
v -0.659807 0.850000 1.000000
v -0.659807 1.150000 1.000000
v -0.746408 1.200001 5.000000
v -0.746408 1.200001 5.000000
v -0.746408 0.800001 5.000000
v -0.469880 1.260800 4.849999
v -0.209080 1.190919 4.849999
v -0.145440 1.254559 5.249999
v -0.469880 1.260800 4.849999
v -0.145440 1.254559 5.249999
v -0.493173 1.347734 5.250000
v -0.209080 1.190919 4.849999
v -0.139198 0.930119 4.849999
v -0.052265 0.906826 5.250000
v -0.209080 1.190919 4.849999
v -0.052265 0.906826 5.250000
v -0.145440 1.254559 5.249999
v -0.139198 0.930119 4.849999
v -0.330117 0.739201 4.849999
v -0.306823 0.652267 5.250000
v -0.139198 0.930119 4.849999
v -0.306823 0.652267 5.250000
v -0.052265 0.906826 5.250000
v -0.330117 0.739201 4.849999
v -0.590917 0.809082 4.849999
v -0.654557 0.745442 5.250000
v -0.330117 0.739201 4.849999
v -0.654557 0.745442 5.250000
v -0.306823 0.652267 5.250000
v -0.660798 1.069882 4.849999
v -0.469880 1.260800 4.849999
v -0.493173 1.347734 5.250000
v -0.660798 1.069882 4.849999
v -0.493173 1.347734 5.250000
v -0.747731 1.093176 5.250000
v -0.590917 0.809082 4.849999
v -0.660798 1.069882 4.849999
v -0.747731 1.093176 5.250000
v -0.590917 0.809082 4.849999
v -0.747731 1.093176 5.250000
v -0.654557 0.745442 5.250000
v 0.330120 1.260800 4.849999
v 0.590920 1.190919 4.849999
v 0.654560 1.254559 5.249999
v 0.330120 1.260800 4.849999
v 0.654560 1.254559 5.249999
v 0.306827 1.347734 5.249999
v 0.590920 1.190919 4.849999
v 0.660802 0.930119 4.849999
v 0.747735 0.906826 5.249999
v 0.590920 1.190919 4.849999
v 0.747735 0.906826 5.249999
v 0.654560 1.254559 5.249999
v 0.660802 0.930119 4.849999
v 0.469883 0.739201 4.849999
v 0.493176 0.652267 5.250000
v 0.660802 0.930119 4.849999
v 0.493176 0.652267 5.250000
v 0.747735 0.906826 5.249999
v 0.469883 0.739201 4.849999
v 0.209083 0.809082 4.849999
v 0.145443 0.745442 5.250000
v 0.469883 0.739201 4.849999
v 0.145443 0.745442 5.250000
v 0.493176 0.652267 5.250000
v 0.139202 1.069882 4.849999
v 0.330120 1.260800 4.849999
v 0.306827 1.347734 5.249999
v 0.139202 1.069882 4.849999
v 0.306827 1.347734 5.249999
v 0.052268 1.093176 5.250000
v 0.209083 0.809082 4.849999
v 0.139202 1.069882 4.849999
v 0.052268 1.093176 5.250000
v 0.209083 0.809082 4.849999
v 0.052268 1.093176 5.250000
v 0.145443 0.745442 5.250000
v -0.530332 1.469754 -5.000000
v -0.304942 1.271410 -5.637500
v -0.266619 1.237686 -5.561810
v 0.530328 1.469754 -5.000000
v 0.266615 1.237686 -5.561810
v 0.304938 1.271410 -5.637500
v -0.000002 1.382563 -5.637500
v 0.304938 1.271410 -5.637500
v 0.266615 1.237686 -5.561810
v -0.304942 1.271410 -5.637500
v -0.000002 1.382563 -5.637500
v -0.266619 1.237686 -5.561810
v 0.266615 1.237686 -5.561810
v -0.266619 1.237686 -5.561810
v -0.000002 1.382563 -5.637500
v 0.308025 0.778416 -5.650070
v 0.308025 0.519113 -4.718669
v 0.308025 1.084771 -4.718669
v 0.308025 1.084771 -4.718669
v 0.308025 1.205348 -5.650070
v -0.308028 0.519113 -4.718669
v -0.308028 0.778416 -5.650070
v -0.308028 1.205348 -5.650070
v -0.308028 1.205348 -5.650070
v -0.308028 1.084771 -4.718669
v 0.349999 0.410943 -4.541821
v 0.349999 0.046049 -4.541820
v 0.349999 0.046049 -3.354529
v 0.349999 0.410943 -4.541821
v 0.349999 0.046049 -3.354529
v 0.349999 0.410943 -3.354529
v -0.350001 0.410943 -3.354529
v -0.350001 0.046049 -3.354528
v -0.350001 0.046049 -4.541820
v -0.350001 0.410943 -3.354529
v -0.350001 0.046049 -4.541820
v -0.350001 0.410943 -4.541820
v 0.349999 0.046049 -4.541820
v -0.350001 0.046049 -4.541820
v -0.350001 0.046049 -3.354528
v 0.349999 0.046049 -4.541820
v -0.350001 0.046049 -3.354528
v 0.349999 0.046049 -3.354529
v 0.299999 0.109878 -6.441821
v 0.149998 0.109878 -6.441820
v 0.149999 0.109878 -3.841820
v 0.299999 0.109878 -6.441821
v 0.149999 0.109878 -3.841820
v 0.299999 0.109878 -3.841820
v 0.149999 0.259878 -3.841820
v 0.149999 0.109878 -3.841820
v 0.149998 0.109878 -6.441820
v 0.149999 0.259878 -3.841820
v 0.149998 0.109878 -6.441820
v 0.149998 0.259878 -6.441821
v 0.299999 0.259878 -6.441821
v 0.299999 0.109878 -6.441821
v 0.299999 0.109878 -3.841820
v 0.299999 0.259878 -6.441821
v 0.299999 0.109878 -3.841820
v 0.299999 0.259878 -3.841820
v 0.149998 0.259878 -6.441821
v 0.299999 0.259878 -6.441821
v 0.299999 0.259878 -3.841820
v 0.149998 0.259878 -6.441821
v 0.299999 0.259878 -3.841820
v 0.149999 0.259878 -3.841820
v -0.403582 0.382607 -3.949585
v 0.403579 0.382607 -3.949586
v 0.403579 1.533055 -3.860344
v 0.403579 1.533055 -3.860344
v -0.403582 1.533055 -3.860343
v -2.893454 0.937816 3.636143
v -2.893455 0.937816 0.585509
v -2.681323 0.725684 0.585509
v -2.681322 0.725684 3.636143
v -3.105586 0.725684 3.636143
v -2.893454 0.937816 3.636143
v -2.681322 0.725684 3.636143
v -2.893454 0.513552 3.636143
v -2.681322 0.725684 3.636143
v -2.681323 0.725684 0.585509
v -2.893455 0.513552 0.585509
v -2.893454 0.513552 3.636143
v -3.105586 0.725684 3.636143
v -3.105587 0.725684 0.585509
v -2.893455 0.937816 0.585509
v -2.893454 0.937816 3.636143
v -2.174392 0.937816 3.491458
v -2.174393 0.937816 0.055253
v -1.962261 0.725684 0.055253
v -1.962260 0.725684 3.491458
v -2.386524 0.725684 3.491458
v -2.174392 0.937816 3.491458
v -1.962260 0.725684 3.491458
v -2.174392 0.513552 3.491458
v -1.962260 0.725684 3.491458
v -1.962261 0.725684 0.055253
v -2.174393 0.513552 0.055253
v -2.174392 0.513552 3.491458
v -2.386524 0.725684 3.491458
v -2.386525 0.725684 0.055253
v -2.174393 0.937816 0.055253
v -2.174392 0.937816 3.491458
v 2.893456 0.937816 3.636141
v 2.681324 0.725684 3.636141
v 2.681323 0.725684 0.585507
v 2.893455 0.937816 0.585507
v 3.105587 0.725684 0.585507
v 2.893455 0.513552 0.585507
v 2.893456 0.513552 3.636141
v 3.105588 0.725684 3.636141
v 3.105588 0.725684 3.636141
v 2.893456 0.513552 3.636141
v 2.681324 0.725684 3.636141
v 2.893456 0.937816 3.636141
v 2.681324 0.725684 3.636141
v 2.893456 0.513552 3.636141
v 2.893455 0.513552 0.585507
v 2.681323 0.725684 0.585507
v 3.105588 0.725684 3.636141
v 2.893456 0.937816 3.636141
v 2.893455 0.937816 0.585507
v 3.105587 0.725684 0.585507
v 2.174394 0.937816 3.491456
v 1.962262 0.725684 3.491457
v 1.962261 0.725684 0.055252
v 2.174393 0.937816 0.055252
v 2.386525 0.725684 0.055252
v 2.174393 0.513552 0.055252
v 2.174394 0.513552 3.491457
v 2.386527 0.725684 3.491456
v 2.386527 0.725684 3.491456
v 2.174394 0.513552 3.491457
v 1.962262 0.725684 3.491457
v 2.174394 0.937816 3.491456
v 1.962262 0.725684 3.491457
v 2.174394 0.513552 3.491457
v 2.174393 0.513552 0.055252
v 1.962261 0.725684 0.055252
v 2.386527 0.725684 3.491456
v 2.174394 0.937816 3.491456
v 2.174393 0.937816 0.055252
v 2.386525 0.725684 0.055252
v -0.100001 1.000000 -2.600000
v -0.100001 -0.250000 -2.850000
v 0.099999 -0.250000 -2.850000
v 0.099999 1.000000 -2.600000
v 0.099999 1.000000 -2.400000
v 0.099999 -0.250000 -2.650000
v -0.100001 -0.250000 -2.650000
v -0.100001 1.000000 -2.400000
v -0.100001 -0.250000 -2.650000
v 0.099999 -0.250000 -2.650000
v 0.099999 -0.250000 -2.850000
v -0.100001 -0.250000 -2.850000
v -2.849999 -0.250000 2.600001
v -2.649999 -0.250000 2.600001
v -2.649999 -0.250000 2.400001
v -2.849999 -0.250000 2.400001
v 0.304938 1.271410 -5.637500
v -0.000002 1.003063 -6.500000
v 0.431248 1.003063 -5.637500
v 0.530328 1.469754 -5.000000
v 0.749998 1.003063 -5.000000
v 1.874999 0.050000 -1.500001
v 1.499999 0.812500 -3.000001
v -1.500001 0.812500 -3.000000
v -1.875000 0.050000 -1.499999
v -1.499999 0.175000 2.500000
v 1.500001 0.175000 2.499999
v 0.750001 1.000001 3.999999
v -0.749999 1.000001 4.000000
v 1.500000 1.375000 0.999999
v 0.750001 1.000001 3.999999
v -0.749999 1.000001 4.000000
v -1.500000 1.375000 1.000000
v -1.875000 1.500000 -1.500000
v 1.874999 1.500000 -1.500001
v 1.499999 1.187500 -3.000001
v -1.500001 1.187500 -3.000000
v -1.500001 1.187500 -3.000000
v -1.500001 0.812500 -3.000000
v 1.499999 0.812500 -3.000001
v 1.499999 1.187500 -3.000001
v -1.875000 0.050000 -1.499999
v -1.500001 0.812500 -3.000000
v -1.500001 1.187500 -3.000000
v -1.875000 1.500000 -1.500000
v -1.500000 1.375000 1.000000
v -1.499999 0.175000 2.500000
v -0.749999 1.000001 4.000000
v 1.874999 1.500000 -1.500001
v 1.499999 1.187500 -3.000001
v 1.499999 0.812500 -3.000001
v 1.874999 0.050000 -1.500001
v 1.500001 0.175000 2.499999
v 1.500000 1.375000 0.999999
v 0.750001 1.000001 3.999999
v -1.299999 3.050000 3.500000
v -1.099999 1.050000 2.250000
v -0.899999 1.050000 2.250000
v -1.199999 3.050000 3.500000
v -1.199999 3.050000 3.500000
v -0.899999 1.050000 2.250000
v -0.899999 1.050000 4.250000
v -1.199999 3.050000 4.500000
v -1.199999 3.050000 4.500000
v -0.899999 1.050000 4.250000
v -1.099999 1.050000 4.250000
v -1.299998 3.050000 4.500000
v -1.199999 3.050000 4.500000
v -1.299998 3.050000 4.500000
v -1.299999 3.050000 3.500000
v -1.199999 3.050000 3.500000
v 1.200001 3.050000 3.499999
v 0.900001 1.050000 2.249999
v 1.100001 1.050000 2.249999
v 1.300001 3.050000 3.499999
v 1.300001 3.050000 3.499999
v 1.100001 1.050000 2.249999
v 1.100001 1.050000 4.249999
v 1.300001 3.050000 4.499999
v 1.300001 3.050000 4.499999
v 1.100001 1.050000 4.249999
v 0.900001 1.050000 4.249999
v 1.200001 3.050000 4.499999
v -2.499998 1.050001 5.250000
v 0.000002 1.150001 4.750000
v 0.000002 0.950001 4.750000
v -2.499998 0.850001 5.250000
v 0.000002 0.950001 4.750000
v 0.000001 1.000000 2.250000
v -2.999998 0.850001 4.250001
v -2.499998 0.850001 5.250000
v -2.499998 1.050001 5.250000
v -2.999998 1.050001 4.250001
v 0.000001 1.100000 2.250000
v 0.000002 1.150001 4.750000
v 0.000001 1.100000 2.250000
v 0.000001 1.000000 2.250000
v 3.000001 0.850001 4.249999
v 3.000001 1.050001 4.249999
v 3.000001 1.050001 4.249999
v 3.000001 0.850001 4.249999
v 2.500002 0.850001 5.249999
v 2.500002 1.050001 5.249999
v 2.500002 1.050001 5.249999
v 2.500002 0.850001 5.249999
v 0.000002 0.950001 4.750000
v 0.000002 1.150001 4.750000
v -4.499998 1.025000 3.750001
v -4.499998 0.725001 3.750001
v -4.499999 0.725000 1.750001
v -4.499999 1.025000 1.750001
v -0.000001 1.050000 -3.000000
v -0.000001 1.200000 -3.000000
v -0.000001 1.200000 -3.000000
v -0.000001 1.050000 -3.000000
v 4.500000 0.725000 1.749998
v 4.500000 1.025000 1.749998
v 4.500001 0.725001 3.749998
v 4.500001 1.025000 3.749998
v 0.000001 1.275000 3.000000
v -4.499998 0.725001 3.750001
v -4.499998 1.025000 3.750001
v 0.000001 0.975000 3.000000
v 4.500001 1.025000 3.749998
v 4.500001 0.725001 3.749998
v 0.000001 0.975000 3.000000
v 4.500001 0.725001 3.749998
v 4.500000 0.725000 1.749998
v -0.000001 1.050000 -3.000000
v -4.499998 0.725001 3.750001
v -4.499999 0.725000 1.750001
v 0.000001 1.275000 3.000000
v -4.499998 1.025000 3.750001
v -4.499999 1.025000 1.750001
v -0.000001 1.200000 -3.000000
v 4.500001 1.025000 3.749998
v 4.500000 1.025000 1.749998
v 0.746412 0.800001 4.999999
v 0.400002 0.600001 5.000000
v 0.053591 0.800001 5.000000
v 0.746412 1.200001 4.999999
v 0.053591 1.200001 5.000000
v 0.400002 1.400001 4.999999
v -0.053588 0.800001 5.000000
v -0.399998 0.600001 5.000000
v -0.746408 0.800001 5.000000
v -0.053588 1.200001 5.000000
v -0.746408 1.200001 5.000000
v -0.399998 1.400001 5.000000
v -0.052265 0.906826 5.250000
v -0.306823 0.652267 5.250000
v -0.654557 0.745442 5.250000
v -0.747731 1.093176 5.250000
v -0.145440 1.254559 5.249999
v -0.493173 1.347734 5.250000
v 0.747735 0.906826 5.249999
v 0.493176 0.652267 5.250000
v 0.145443 0.745442 5.250000
v 0.052268 1.093176 5.250000
v 0.654560 1.254559 5.249999
v 0.306827 1.347734 5.249999
v -0.821777 1.003063 -3.500000
v -0.581085 0.381710 -3.500000
v -0.000001 0.381710 -3.500000
v 0.581082 0.381710 -3.500000
v 0.821775 1.003063 -3.500000
v -0.581085 1.514417 -3.500000
v 0.581082 1.514417 -3.500000
v -0.000001 1.726227 -3.500000
v -0.821777 1.003063 -3.500000
v -0.668173 1.003063 -5.000000
v -0.472470 0.572197 -5.000000
v -0.581085 0.381710 -3.500000
v -0.668173 1.003063 -5.000000
v -0.266619 0.768440 -5.561809
v -0.377055 1.003063 -5.561809
v -0.472470 1.418835 -5.000000
v -0.266619 1.237686 -5.561810
v -0.668173 1.003063 -5.000000
v -0.581085 1.514417 -3.500000
v -0.668173 1.003063 -5.000000
v -0.821777 1.003063 -3.500000
v 0.581082 0.381710 -3.500000
v 0.668169 1.003063 -5.000000
v 0.821775 1.003063 -3.500000
v 0.472467 0.572197 -5.000000
v 0.266615 0.768440 -5.561810
v 0.377051 1.003063 -5.561810
v 0.668169 1.003063 -5.000000
v 0.668169 1.003063 -5.000000
v 0.266615 1.237686 -5.561810
v 0.472467 1.418835 -5.000000
v 0.821775 1.003063 -3.500000
v 0.668169 1.003063 -5.000000
v 0.581082 1.514417 -3.500000
v -0.000001 0.381710 -3.500000
v 0.472467 0.572197 -5.000000
v 0.581082 0.381710 -3.500000
v -0.000002 0.572197 -5.000000
v -0.581085 0.381710 -3.500000
v 0.266615 0.768440 -5.561810
v -0.472470 0.572197 -5.000000
v -0.000002 0.671256 -5.561809
v -0.266619 0.768440 -5.561809
v 0.707106 1.625317 -3.500000
v -0.000001 1.726227 -3.500000
v 0.581082 1.514417 -3.500000
v -0.000001 1.883063 -3.500000
v -0.581085 1.514417 -3.500000
v -0.707108 1.625317 -3.500000
v -0.530332 1.469754 -5.000000
v -0.581085 1.514417 -3.500000
v -0.707108 1.625317 -3.500000
v -0.472470 1.418835 -5.000000
v -0.266619 1.237686 -5.561810
v 0.530328 1.469754 -5.000000
v 0.472467 1.418835 -5.000000
v 0.266615 1.237686 -5.561810
v 0.581082 1.514417 -3.500000
v 0.707106 1.625317 -3.500000
v -0.000002 0.671256 -5.561809
v -0.266619 0.768440 -5.561809
v 0.266615 0.768440 -5.561810
v 0.377051 1.003063 -5.561810
v -0.377055 1.003063 -5.561809
v 0.266615 1.237686 -5.561810
v -0.266619 1.237686 -5.561810
v 0.308025 1.205348 -5.650070
v 0.308025 1.084771 -4.718669
v -0.308028 1.084771 -4.718669
v -0.308028 1.205348 -5.650070
v -0.308028 0.778416 -5.650070
v -0.308028 0.519113 -4.718669
v 0.308025 0.519113 -4.718669
v 0.308025 0.778416 -5.650070
v 0.308025 0.519113 -4.718669
v -0.308028 0.519113 -4.718669
v -0.308028 1.084771 -4.718669
v 0.308025 1.084771 -4.718669
v -0.308028 0.778416 -5.650070
v 0.308025 0.778416 -5.650070
v 0.308025 1.205348 -5.650070
v -0.308028 1.205348 -5.650070
v -0.350001 0.410943 -4.541820
v -0.350001 0.046049 -4.541820
v 0.349999 0.046049 -4.541820
v 0.349999 0.410943 -4.541821
v 0.149998 0.259878 -6.441821
v 0.149998 0.109878 -6.441820
v 0.299999 0.109878 -6.441821
v 0.299999 0.259878 -6.441821
v 0.349999 0.046049 -3.354529
v -0.350001 0.046049 -3.354528
v -0.350001 0.410943 -3.354529
v 0.349999 0.410943 -3.354529
v -0.403582 0.341271 -3.420606
v -0.403582 0.382607 -3.949585
v -0.403582 1.533055 -3.860343
v -0.403582 1.533055 -3.420607
v 0.403579 0.382607 -3.949586
v 0.403579 0.341271 -3.420607
v 0.403579 1.533055 -3.420607
v 0.403579 1.533055 -3.860344
v 0.403579 1.533055 -3.860344
v 0.403579 1.533055 -3.420607
v -0.403582 1.533055 -3.420607
v -0.403582 1.533055 -3.860343
vt 0.14990899 0.25147149
vt 0.26415357 0.36571607
vt 0.26415357 0.25147149
vt 0.14990899 0.36571607
vt 0.26415357 0.36571607
vt 0.26415357 0.25147149
vt 0.14990899 0.25147149
vt 0.26415357 0.36571607
vt 0.26415357 0.25147149
vt 0.14990899 0.25147149
vt 0.26415357 0.36571607
vt 0.26415357 0.25147149
vt 0.14990899 0.25147149
vt 0.26415357 0.36571607
vt 0.26415357 0.25147149
vt 0.14990899 0.25147149
vt 0.26415357 0.36571607
vt 0.26415357 0.25147149
vt 0.14990899 0.36571607
vt 0.26415357 0.36571607
vt 0.26415357 0.25147149
vt 0.14990899 0.25147149
vt 0.26415357 0.36571607
vt 0.26415357 0.25147149
vt 0.14990899 0.25147149
vt 0.26415357 0.36571607
vt 0.26415357 0.25147149
vt 0.14990899 0.25147149
vt 0.26415357 0.36571607
vt 0.26415357 0.25147149
vt 0.14990899 0.25147149
vt 0.26415357 0.36571607
vt 0.26415357 0.25147149
vt 0.14990899 0.25147149
vt 0.26415357 0.36571607
vt 0.26415357 0.25147149
vt 0.14990899 0.25147149
vt 0.26415357 0.36571607
vt 0.26415357 0.25147149
vt 0.14990899 0.25147149
vt 0.26415357 0.36571607
vt 0.26415357 0.25147149
vt 0.14990899 0.25147149
vt 0.26415357 0.36571607
vt 0.26415357 0.25147149
vt 0.14990899 0.25147149
vt 0.26415357 0.36571607
vt 0.26415357 0.25147149
vt 0.14990899 0.25147149
vt 0.26415357 0.36571607
vt 0.26415357 0.25147149
vt 0.14990899 0.25147149
vt 0.26415357 0.36571607
vt 0.26415357 0.25147149
vt 0.149918228 0.344352812
vt 0.162543625 0.257011235
vt 0.162356764 0.254468173
vt 0.149918228 0.344352812
vt 0.162356764 0.254468173
vt 0.150781125 0.340932995
vt 0.151255429 0.342517763
vt 0.163677275 0.251480728
vt 0.163549274 0.256050676
vt 0.151255429 0.342517763
vt 0.163549274 0.256050676
vt 0.149918228 0.348991305
vt 0.16479224 0.360293418
vt 0.170356184 0.255159318
vt 0.170821965 0.251480728
vt 0.16479224 0.360293418
vt 0.170821965 0.251480728
vt 0.163695723 0.365706831
vt 0.163695723 0.365706831
vt 0.170821965 0.251480728
vt 0.171300441 0.253640205
vt 0.163695723 0.365706831
vt 0.171300441 0.253640205
vt 0.163695723 0.357813209
vt 0.163695723 0.357813209
vt 0.171300441 0.253640205
vt 0.171006978 0.254950732
vt 0.163695723 0.357813209
vt 0.171006978 0.254950732
vt 0.164598554 0.356100231
vt 0.164598554 0.356100231
vt 0.171006978 0.254950732
vt 0.170356184 0.255159318
vt 0.164598554 0.356100231
vt 0.170356184 0.255159318
vt 0.16479224 0.360293418
vt 0.170356184 0.255159318
vt 0.171006978 0.254950732
vt 0.171300441 0.253640205
vt 0.170356184 0.255159318
vt 0.171300441 0.253640205
vt 0.170821965 0.251480728
vt 0.171318918 0.3431485
vt 0.177569956 0.251480728
vt 0.178258836 0.254673511
vt 0.171318918 0.3431485
vt 0.172103971 0.341692418
vt 0.172103971 0.341692418
vt 0.178258836 0.254673511
vt 0.177561402 0.257126212
vt 0.172103971 0.341692418
vt 0.177561402 0.257126212
vt 0.172257215 0.345216066
vt 0.172257215 0.345216066
vt 0.177561402 0.257126212
vt 0.176770806 0.255982071
vt 0.176770806 0.255982071
vt 0.171318918 0.349758655
vt 0.171318918 0.349758655
vt 0.176770806 0.255982071
vt 0.177569956 0.251480728
vt 0.171318918 0.349758655
vt 0.177569956 0.251480728
vt 0.171318918 0.3431485
vt 0.22638987 0.246742487
vt 0.22737442 0.246436954
vt 0.240550563 0.246041596
vt 0.20341675 0.246940613
vt 0.208274767 0.246045053
vt 0.22737442 0.246436954
vt 0.22737442 0.246436954
vt 0.20993863 0.244298488
vt 0.227908775 0.245556891
vt 0.22737442 0.246436954
vt 0.240602061 0.245837986
vt 0.240602061 0.245837986
vt 0.240550563 0.246041596
vt 0.25086242 0.246538311
vt 0.251090705 0.246957779
vt 0.266536295 0.247184813
vt 0.264830768 0.246939972
vt 0.281981885 0.247411847
vt 0.240602061 0.245837986
vt 0.240550563 0.246041596
vt 0.22638987 0.246742487
vt 0.240550563 0.246041596
vt 0.240435883 0.245983243
vt 0.225389585 0.246058941
vt 0.240316674 0.245592177
vt 0.22638987 0.246742487
vt 0.225389585 0.246058941
vt 0.20341675 0.246940613
vt 0.195208117 0.246244431
vt 0.2251672 0.243883371
vt 0.183302626 0.243172407
vt 0.225389585 0.246058941
vt 0.225389585 0.246058941
vt 0.240316674 0.245592177
vt 0.240194127 0.245233357
vt 0.240316674 0.245592177
vt 0.251006663 0.245089293
vt 0.227109298 0.243579268
vt 0.203671739 0.241111815
vt 0.195431635 0.241111815
vt 0.227109298 0.243579268
vt 0.195431635 0.241111815
vt 0.226052448 0.243235707
vt 0.226052448 0.243235707
vt 0.240246341 0.245127201
vt 0.240402982 0.24525243
vt 0.227810666 0.244481295
vt 0.24054496 0.245531529
vt 0.227810666 0.244481295
vt 0.203671739 0.241111815
vt 0.208433792 0.242416739
vt 0.203671739 0.241111815
vt 0.250722349 0.246246219
vt 0.24054496 0.245531529
vt 0.250679672 0.245867491
vt 0.240246341 0.245127201
vt 0.240246341 0.245127201
vt 0.25075525 0.245551765
vt 0.227908775 0.245556891
vt 0.20993863 0.244298488
vt 0.227810666 0.244481295
vt 0.227810666 0.244481295
vt 0.24054496 0.245531529
vt 0.240602061 0.245837986
vt 0.24054496 0.245531529
vt 0.25086242 0.246538311
vt 0.250722349 0.246246219
vt 0.250722349 0.246246219
vt 0.264830768 0.246939972
vt 0.264871597 0.246756643
vt 0.278799117 0.247341633
vt 0.250722349 0.246246219
vt 0.264439642 0.246508509
vt 0.279020846 0.247267067
vt 0.25075525 0.245551765
vt 0.264586747 0.246324778
vt 0.278199613 0.247149527
vt 0.264407575 0.246047705
vt 0.278418243 0.24709779
vt 0.251006663 0.245089293
vt 0.25075525 0.245551765
vt 0.240194127 0.245233357
vt 0.251006663 0.245089293
vt 0.25075525 0.245551765
vt 0.240194127 0.245233357
vt 0.25075525 0.245551765
vt 0.240246341 0.245127201
vt 0.226052448 0.243235707
vt 0.240246341 0.245127201
vt 0.2251672 0.243883371
vt 0.226052448 0.243235707
vt 0.183302626 0.243172407
vt 0.195431635 0.241111815
vt 0.240316674 0.245592177
vt 0.251372993 0.244964242
vt 0.251006663 0.245089293
vt 0.236729398 0.325790823
vt 0.237333074 0.299135983
vt 0.236907169 0.320048928
vt 0.208148614 0.314571023
vt 0.207993016 0.306340486
vt 0.206871644 0.320908368
vt 0.686985612 0.23259905
vt 0.671868443 0.233503282
vt 0.709775209 0.233124375
vt 0.686985612 0.23259905
vt 0.709775209 0.233124375
vt 0.691482961 0.232714206
vt 0.673618913 0.23665902
vt 0.672602415 0.234284341
vt 0.697245121 0.23440969
vt 0.673618913 0.23665902
vt 0.686336875 0.236346364
vt 0.676320255 0.235798031
vt 0.673618913 0.23665902
vt 0.686336875 0.236346364
vt 0.676320255 0.235798031
vt 0.684449077 0.235244185
vt 0.688042879 0.229185224
vt 0.673147559 0.226711482
vt 0.671583831 0.224482358
vt 0.688042879 0.229185224
vt 0.692315698 0.226699769
vt 0.673147559 0.226711482
vt 0.674064159 0.225907356
vt 0.673584461 0.226601958
vt 0.673147559 0.226711482
vt 0.673584461 0.226601958
vt 0.671583831 0.224482358
vt 0.733076096 0.22446537
vt 0.703068614 0.223527402
vt 0.698668361 0.223660827
vt 0.733076096 0.22446537
vt 0.698668361 0.223660827
vt 0.671623826 0.22409755
vt 0.703062415 0.22262907
vt 0.733076096 0.220461786
vt 0.671583831 0.223031193
vt 0.703062415 0.22262907
vt 0.671583831 0.223031193
vt 0.698620379 0.222549379
vt 0.211363316 0.287638575
vt 0.213652551 0.288979262
vt 0.212143838 0.283635885
vt 0.211363316 0.287638575
vt 0.212143838 0.283635885
vt 0.215340316 0.283551037
vt 0.213652551 0.288979262
vt 0.215944231 0.287755072
vt 0.210646391 0.286415696
vt 0.210646391 0.286415696
vt 0.212143838 0.283635885
vt 0.215944231 0.287755072
vt 0.215944231 0.285219014
vt 0.21196723 0.289306581
vt 0.215944231 0.287755072
vt 0.21196723 0.289306581
vt 0.210646391 0.286415696
vt 0.215944231 0.285219014
vt 0.213655055 0.283878356
vt 0.215163767 0.289221734
vt 0.215944231 0.285219014
vt 0.215163767 0.289221734
vt 0.21196723 0.289306581
vt 0.211363316 0.285102546
vt 0.211363316 0.287638575
vt 0.215340316 0.283551037
vt 0.211363316 0.285102546
vt 0.215340316 0.283551037
vt 0.216661155 0.286441892
vt 0.213655055 0.283878356
vt 0.211363316 0.285102546
vt 0.216661155 0.286441892
vt 0.216661155 0.286441892
vt 0.215163767 0.289221734
vt 0.233063281 0.272074282
vt 0.231722653 0.274363488
vt 0.237065971 0.272854775
vt 0.233063281 0.272074282
vt 0.237065971 0.272854775
vt 0.237150848 0.276051283
vt 0.231722653 0.274363488
vt 0.232946813 0.276655197
vt 0.234286129 0.271357358
vt 0.234286129 0.271357358
vt 0.237065971 0.272854775
vt 0.232946813 0.276655197
vt 0.235482812 0.276655197
vt 0.231395185 0.272678196
vt 0.232946813 0.276655197
vt 0.231395185 0.272678196
vt 0.234286129 0.271357358
vt 0.235482812 0.276655197
vt 0.236823499 0.274365991
vt 0.231480122 0.275874704
vt 0.235482812 0.276655197
vt 0.231480122 0.275874704
vt 0.231395185 0.272678196
vt 0.235599339 0.272074282
vt 0.233063281 0.272074282
vt 0.237150848 0.276051283
vt 0.235599339 0.272074282
vt 0.237150848 0.276051283
vt 0.234259903 0.277372092
vt 0.236823499 0.274365991
vt 0.235599339 0.272074282
vt 0.234259903 0.277372092
vt 0.234259903 0.277372092
vt 0.231480122 0.275874704
vt 0.783844471 0.795511723
vt 0.782503843 0.797800899
vt 0.787847161 0.796292186
vt 0.783844471 0.795511723
vt 0.787847161 0.796292186
vt 0.787932038 0.799488723
vt 0.782503843 0.797800899
vt 0.783728004 0.800092638
vt 0.78506732 0.794794798
vt 0.782503843 0.797800899
vt 0.78506732 0.794794798
vt 0.787847161 0.796292186
vt 0.783728004 0.800092638
vt 0.786264002 0.800092638
vt 0.782176375 0.796115637
vt 0.783728004 0.800092638
vt 0.782176375 0.796115637
vt 0.78506732 0.794794798
vt 0.786264002 0.800092638
vt 0.78760469 0.797803402
vt 0.782261312 0.799312115
vt 0.786264002 0.800092638
vt 0.782261312 0.799312115
vt 0.782176375 0.796115637
vt 0.786380529 0.795511723
vt 0.783844471 0.795511723
vt 0.787932038 0.799488723
vt 0.786380529 0.795511723
vt 0.787932038 0.799488723
vt 0.785041094 0.800809503
vt 0.78760469 0.797803402
vt 0.786380529 0.795511723
vt 0.785041094 0.800809503
vt 0.78760469 0.797803402
vt 0.785041094 0.800809503
vt 0.782261312 0.799312115
vt 0.783844471 0.795511723
vt 0.782503843 0.797800899
vt 0.787847161 0.796292186
vt 0.783844471 0.795511723
vt 0.787847161 0.796292186
vt 0.787932038 0.799488723
vt 0.782503843 0.797800899
vt 0.783728004 0.800092638
vt 0.78506732 0.794794798
vt 0.782503843 0.797800899
vt 0.78506732 0.794794798
vt 0.787847161 0.796292186
vt 0.783728004 0.800092638
vt 0.786264002 0.800092638
vt 0.782176375 0.796115637
vt 0.783728004 0.800092638
vt 0.782176375 0.796115637
vt 0.78506732 0.794794798
vt 0.786264002 0.800092638
vt 0.78760469 0.797803402
vt 0.782261312 0.799312115
vt 0.786264002 0.800092638
vt 0.782261312 0.799312115
vt 0.782176375 0.796115637
vt 0.786380529 0.795511723
vt 0.783844471 0.795511723
vt 0.787932038 0.799488723
vt 0.786380529 0.795511723
vt 0.787932038 0.799488723
vt 0.785041094 0.800809503
vt 0.78760469 0.797803402
vt 0.786380529 0.795511723
vt 0.785041094 0.800809503
vt 0.78760469 0.797803402
vt 0.785041094 0.800809503
vt 0.782261312 0.799312115
vt 0.738325715 0.133761764
vt 0.753771305 0.133988798
vt 0.727785587 0.132845581
vt 0.738608003 0.131768227
vt 0.727551699 0.132396162
vt 0.753175855 0.132889599
vt 0.705226779 0.378551364
vt 0.753175855 0.132889599
vt 0.727551699 0.132396162
vt 0.753771305 0.133988798
vt 0.733985305 0.384029269
vt 0.727785587 0.132845581
vt 0.727551699 0.132396162
vt 0.727785587 0.132845581
vt 0.705226779 0.378551364
vt 0.808127403 0.783227265
vt 0.722085118 0.772977233
vt 0.745361567 0.811653018
vt 0.745361567 0.811653018
vt 0.808127403 0.827880204
vt 0.674830019 0.827967107
vt 0.730766416 0.916041911
vt 0.776251078 0.891265631
vt 0.776251078 0.891265631
vt 0.726881266 0.840652823
vt 0.668822408 0.830451965
vt 0.663201034 0.811867714
vt 0.703927636 0.840467095
vt 0.668822408 0.830451965
vt 0.703927636 0.840467095
vt 0.710929036 0.775537372
vt 0.64892894 0.775537372
vt 0.64192754 0.840466857
vt 0.684034169 0.785552442
vt 0.64892894 0.775537372
vt 0.684034169 0.785552442
vt 0.689655483 0.804136753
vt 0.663201034 0.811867714
vt 0.684034169 0.785552442
vt 0.64192754 0.840466857
vt 0.663201034 0.811867714
vt 0.64192754 0.840466857
vt 0.703927636 0.840467095
vt 0.664387345 0.910160899
vt 0.649432242 0.873827279
vt 0.679780245 0.903098047
vt 0.664387345 0.910160899
vt 0.679780245 0.903098047
vt 0.679726183 0.846580565
vt 0.650140941 0.903098047
vt 0.679780245 0.903098047
vt 0.649432242 0.873827279
vt 0.650140941 0.903098047
vt 0.649432242 0.873827279
vt 0.665479839 0.839517772
vt 0.680435061 0.875851214
vt 0.664387345 0.910160899
vt 0.679726183 0.846580565
vt 0.680435061 0.875851214
vt 0.679726183 0.846580565
vt 0.650086999 0.846580386
vt 0.665479839 0.839517772
vt 0.680435061 0.875851214
vt 0.650086999 0.846580386
vt 0.665479839 0.839517772
vt 0.650086999 0.846580386
vt 0.650140941 0.903098047
vt 0.760496616 0.647601604
vt 0.677945733 0.647601604
vt 0.704891384 0.724821091
vt 0.704891384 0.724821091
vt 0.744568765 0.719843268
vt 0.14990899 0.25147149
vt 0.14990899 0.36571607
vt 0.26415357 0.36571607
vt 0.26415357 0.25147149
vt 0.14990899 0.25147149
vt 0.14990899 0.36571607
vt 0.26415357 0.36571607
vt 0.26415357 0.25147149
vt 0.14990899 0.25147149
vt 0.14990899 0.36571607
vt 0.26415357 0.36571607
vt 0.26415357 0.25147149
vt 0.14990899 0.25147149
vt 0.14990899 0.36571607
vt 0.26415357 0.36571607
vt 0.26415357 0.25147149
vt 0.14990899 0.25147149
vt 0.14990899 0.36571607
vt 0.26415357 0.36571607
vt 0.26415357 0.25147149
vt 0.14990899 0.25147149
vt 0.14990899 0.36571607
vt 0.26415357 0.36571607
vt 0.26415357 0.25147149
vt 0.14990899 0.25147149
vt 0.14990899 0.36571607
vt 0.26415357 0.36571607
vt 0.26415357 0.25147149
vt 0.14990899 0.25147149
vt 0.14990899 0.36571607
vt 0.26415357 0.36571607
vt 0.26415357 0.25147149
vt 0.14990899 0.25147149
vt 0.14990899 0.36571607
vt 0.26415357 0.36571607
vt 0.26415357 0.25147149
vt 0.14990899 0.25147149
vt 0.14990899 0.36571607
vt 0.26415357 0.36571607
vt 0.26415357 0.25147149
vt 0.14990899 0.25147149
vt 0.14990899 0.36571607
vt 0.26415357 0.36571607
vt 0.26415357 0.25147149
vt 0.14990899 0.25147149
vt 0.14990899 0.36571607
vt 0.26415357 0.36571607
vt 0.26415357 0.25147149
vt 0.14990899 0.25147149
vt 0.14990899 0.36571607
vt 0.26415357 0.36571607
vt 0.26415357 0.25147149
vt 0.14990899 0.25147149
vt 0.14990899 0.36571607
vt 0.26415357 0.36571607
vt 0.26415357 0.25147149
vt 0.14990899 0.25147149
vt 0.14990899 0.36571607
vt 0.26415357 0.36571607
vt 0.26415357 0.25147149
vt 0.14990899 0.25147149
vt 0.14990899 0.36571607
vt 0.26415357 0.36571607
vt 0.26415357 0.25147149
vt 0.14990899 0.25147149
vt 0.14990899 0.36571607
vt 0.26415357 0.36571607
vt 0.26415357 0.25147149
vt 0.14990899 0.25147149
vt 0.14990899 0.36571607
vt 0.26415357 0.36571607
vt 0.26415357 0.25147149
vt 0.150781125 0.340932995
vt 0.162356764 0.254468173
vt 0.163677275 0.251480728
vt 0.151255429 0.342517763
vt 0.149918228 0.348991305
vt 0.163549274 0.256050676
vt 0.162543625 0.257011235
vt 0.149918228 0.344352812
vt 0.162543625 0.257011235
vt 0.163549274 0.256050676
vt 0.163677275 0.251480728
vt 0.162356764 0.254468173
vt 0.177569956 0.251480728
vt 0.176770806 0.255982071
vt 0.177561402 0.257126212
vt 0.178258836 0.254673511
vt 0.265940845 0.246085614
vt 0.277808487 0.247006118
vt 0.264407575 0.246047705
vt 0.251372993 0.244964242
vt 0.251006663 0.245089293
vt 0.671575308 0.213759586
vt 0.671575308 0.213759586
vt 0.671575308 0.213759586
vt 0.671575308 0.213759586
vt 0.671575308 0.213759586
vt 0.671575308 0.213759586
vt 0.671575308 0.213759586
vt 0.671575308 0.213759586
vt 0.671575308 0.213759586
vt 0.671575308 0.213759586
vt 0.671575308 0.213759586
vt 0.671575308 0.213759586
vt 0.671575308 0.213759586
vt 0.671575308 0.213759586
vt 0.671575308 0.213759586
vt 0.671575308 0.213759586
vt 0.671575308 0.213759586
vt 0.671575308 0.213759586
vt 0.671575308 0.213759586
vt 0.671575308 0.213759586
vt 0.671575308 0.213759586
vt 0.671575308 0.213759586
vt 0.671575308 0.213759586
vt 0.671575308 0.213759586
vt 0.671575308 0.213759586
vt 0.671575308 0.213759586
vt 0.671575308 0.213759586
vt 0.671575308 0.213759586
vt 0.671575308 0.213759586
vt 0.671575308 0.213759586
vt 0.671575308 0.213759586
vt 0.671575308 0.213759586
vt 0.671575308 0.213759586
vt 0.671575308 0.213759586
vt 0.691482961 0.232714206
vt 0.709775209 0.233124375
vt 0.709954321 0.23090288
vt 0.691512227 0.232046068
vt 0.691512227 0.232046068
vt 0.709954321 0.23090288
vt 0.671583831 0.23090288
vt 0.6869452 0.232095987
vt 0.6869452 0.232095987
vt 0.671583831 0.23090288
vt 0.671868443 0.233503282
vt 0.686985612 0.23259905
vt 0.6869452 0.232095987
vt 0.686985612 0.23259905
vt 0.691482961 0.232714206
vt 0.691512227 0.232046068
vt 0.686336875 0.236346364
vt 0.697245121 0.23440969
vt 0.696615398 0.233520269
vt 0.684449077 0.235244185
vt 0.684449077 0.235244185
vt 0.696615398 0.233520269
vt 0.671583831 0.23440969
vt 0.676320255 0.235798031
vt 0.676320255 0.235798031
vt 0.671583831 0.23440969
vt 0.672602415 0.234284341
vt 0.673618913 0.23665902
vt 0.674064159 0.225907356
vt 0.682503819 0.225701869
vt 0.682503819 0.230885863
vt 0.673584461 0.226601958
vt 0.682503819 0.230885863
vt 0.692315698 0.226699769
vt 0.671583831 0.224482358
vt 0.673584461 0.226601958
vt 0.674064159 0.225907356
vt 0.673147559 0.226711482
vt 0.688042879 0.229185224
vt 0.682503819 0.225701869
vt 0.671583831 0.223031193
vt 0.671623826 0.22409755
vt 0.698668361 0.223660827
vt 0.698620379 0.222549379
vt 0.698620379 0.222549379
vt 0.698668361 0.223660827
vt 0.703068614 0.223527402
vt 0.703062415 0.22262907
vt 0.703062415 0.22262907
vt 0.703068614 0.223527402
vt 0.733076096 0.22446537
vt 0.733076096 0.220461786
vt 0.671575308 0.213759586
vt 0.671575308 0.213759586
vt 0.671575308 0.213759586
vt 0.671575308 0.213759586
vt 0.671575308 0.213759586
vt 0.671575308 0.213759586
vt 0.671575308 0.213759586
vt 0.671575308 0.213759586
vt 0.671575308 0.213759586
vt 0.671575308 0.213759586
vt 0.671575308 0.213759586
vt 0.671575308 0.213759586
vt 0.671575308 0.213759586
vt 0.671575308 0.213759586
vt 0.671575308 0.213759586
vt 0.671575308 0.213759586
vt 0.671575308 0.213759586
vt 0.671575308 0.213759586
vt 0.671575308 0.213759586
vt 0.671575308 0.213759586
vt 0.671575308 0.213759586
vt 0.671575308 0.213759586
vt 0.671575308 0.213759586
vt 0.671575308 0.213759586
vt 0.671575308 0.213759586
vt 0.671575308 0.213759586
vt 0.671575308 0.213759586
vt 0.671575308 0.213759586
vt 0.671575308 0.213759586
vt 0.671575308 0.213759586
vt 0.210646391 0.286415696
vt 0.21196723 0.289306581
vt 0.215163767 0.289221734
vt 0.212143838 0.283635885
vt 0.216661155 0.286441892
vt 0.215340316 0.283551037
vt 0.234286129 0.271357358
vt 0.231395185 0.272678196
vt 0.231480122 0.275874704
vt 0.237065971 0.272854775
vt 0.234259903 0.277372092
vt 0.237150848 0.276051283
vt 0.78506732 0.794794798
vt 0.782176375 0.796115637
vt 0.782261312 0.799312115
vt 0.785041094 0.800809503
vt 0.787847161 0.796292186
vt 0.787932038 0.799488723
vt 0.78506732 0.794794798
vt 0.782176375 0.796115637
vt 0.782261312 0.799312115
vt 0.785041094 0.800809503
vt 0.787847161 0.796292186
vt 0.787932038 0.799488723
vt 0.724990487 0.257473171
vt 0.724981189 0.257423401
vt 0.724958181 0.257378072
vt 0.72493273 0.257357746
vt 0.724924207 0.257375002
vt 0.724982142 0.257506251
vt 0.724944115 0.257433265
vt 0.724963546 0.257496774
vt 0.724990487 0.257473171
vt 0.724990487 0.257473171
vt 0.724981189 0.257423401
vt 0.724981189 0.257423401
vt 0.724990487 0.257473171
vt 0.724981189 0.257423401
vt 0.724990487 0.257473171
vt 0.724982142 0.257506251
vt 0.724982142 0.257506251
vt 0.724990487 0.257473171
vt 0.724982142 0.257506251
vt 0.724990487 0.257473171
vt 0.724990487 0.257473171
vt 0.72493273 0.257357746
vt 0.724924207 0.257375002
vt 0.724924207 0.257375002
vt 0.72493273 0.257357746
vt 0.72493273 0.257357746
vt 0.724924207 0.257375002
vt 0.724924207 0.257375002
vt 0.724924207 0.257375002
vt 0.724944115 0.257433265
vt 0.724944115 0.257433265
vt 0.724924207 0.257375002
vt 0.724924207 0.257375002
vt 0.724944115 0.257433265
vt 0.724958181 0.257378072
vt 0.72493273 0.257357746
vt 0.72493273 0.257357746
vt 0.724958181 0.257378072
vt 0.724981189 0.257423401
vt 0.72493273 0.257357746
vt 0.724981189 0.257423401
vt 0.724958181 0.257378072
vt 0.724981189 0.257423401
vt 0.804076016 0.239049077
vt 0.804095387 0.239112601
vt 0.804076016 0.239049077
vt 0.804095387 0.239112601
vt 0.804113984 0.239122078
vt 0.804113984 0.239122078
vt 0.738325715 0.133761764
vt 0.727785587 0.132845581
vt 0.727785587 0.132845581
vt 0.727785587 0.132845581
vt 0.727785587 0.132845581
vt 0.738608003 0.131768227
vt 0.727551699 0.132396162
vt 0.727551699 0.132396162
vt 0.727551699 0.132396162
vt 0.727551699 0.132396162
vt 0.724958181 0.257378072
vt 0.724981189 0.257423401
vt 0.72493273 0.257357746
vt 0.724924207 0.257375002
vt 0.724990487 0.257473171
vt 0.724944115 0.257433265
vt 0.724982142 0.257506251
vt 0.808127403 0.827880204
vt 0.745361567 0.811653018
vt 0.726881266 0.840652823
vt 0.776251078 0.891265631
vt 0 0
vt 0 0
vt 0 0
vt 0 0
vt 0.722085118 0.772977233
vt 0.674830019 0.827967107
vt 0.726881266 0.840652823
vt 0.745361567 0.811653018
vt 0 0
vt 0 0
vt 0 0
vt 0 0
vt 0.689655483 0.804136753
vt 0.684034169 0.785552442
vt 0.663201034 0.811867714
vt 0.668822408 0.830451965
vt 0.665479839 0.839517772
vt 0.649432242 0.873827279
vt 0.664387345 0.910160899
vt 0.680435061 0.875851214
vt 0.703927636 0.840467095
vt 0.64192754 0.840466857
vt 0.64892894 0.775537372
vt 0.710929036 0.775537372
vt 0.792718589 0.655532956
vt 0.760496616 0.647601604
vt 0.744568765 0.719843268
vt 0.763659894 0.739246786
vt 0.677945733 0.647601604
vt 0.64037925 0.661972106
vt 0.687880337 0.758304
vt 0.704891384 0.724821091
vt 0.704891384 0.724821091
vt 0.687880337 0.758304
vt 0.763659894 0.739246786
vt 0.744568765 0.719843268
vn -0.705881 -0.705883 -0.058826
vn -0.705881 -0.705883 -0.058826
vn -0.702212 -0.702214 -0.117449
vn -0.707106 -0.707108 0.000000
vn -0.707106 -0.707108 0.000000
vn -0.705881 -0.705883 -0.058826
vn 0.705882 -0.705882 -0.058827
vn 0.705882 -0.705882 -0.058827
vn 0.702213 -0.702213 -0.117449
vn -0.705881 0.705883 -0.058826
vn -0.705881 0.705883 -0.058826
vn -0.702212 0.702214 -0.117449
vn 0.705882 0.705882 -0.058827
vn 0.705882 0.705882 -0.058827
vn 0.702213 0.702213 -0.117449
vn -0.706065 -0.706066 -0.054243
vn -0.706065 -0.706066 -0.054243
vn -0.702945 -0.702946 -0.108327
vn -0.707106 -0.707108 0.000000
vn -0.707106 -0.707108 0.000000
vn -0.706065 -0.706066 -0.054243
vn 0.706066 -0.706066 -0.054244
vn 0.706066 -0.706066 -0.054244
vn 0.702946 -0.702946 -0.108328
vn -0.706065 0.706066 -0.054244
vn -0.706065 0.706066 -0.054244
vn -0.702945 0.702946 -0.108328
vn 0.706066 0.706066 -0.054244
vn 0.706066 0.706066 -0.054244
vn 0.702946 0.702946 -0.108328
vn 0.705881 -0.705883 -0.058827
vn 0.702212 -0.702214 -0.117449
vn 0.705881 -0.705883 -0.058827
vn -0.705882 -0.705882 -0.058826
vn -0.702213 -0.702213 -0.117449
vn -0.705882 -0.705882 -0.058826
vn 0.705881 0.705883 -0.058827
vn 0.702212 0.702214 -0.117449
vn 0.705881 0.705883 -0.058827
vn -0.705882 0.705882 -0.058826
vn -0.702213 0.702213 -0.117449
vn -0.705882 0.705882 -0.058826
vn 0.706065 -0.706066 -0.054244
vn 0.702945 -0.702946 -0.108328
vn 0.706065 -0.706066 -0.054244
vn -0.706066 -0.706066 -0.054243
vn -0.702946 -0.702946 -0.108327
vn -0.706066 -0.706066 -0.054243
vn 0.706065 0.706066 -0.054244
vn 0.702945 0.702946 -0.108328
vn 0.706065 0.706066 -0.054244
vn -0.706066 0.706066 -0.054244
vn -0.702946 0.702946 -0.108328
vn -0.706066 0.706066 -0.054244
vn -1.000000 0.000000 0.000000
vn -1.000000 0.000000 0.000000
vn -1.000000 0.000000 0.000000
vn -1.000000 0.000000 0.000000
vn -1.000000 0.000000 0.000000
vn -1.000000 0.000000 0.000000
vn 1.000000 -0.000000 -0.000000
vn 1.000000 -0.000000 -0.000000
vn 1.000000 -0.000000 -0.000000
vn 1.000000 -0.000000 -0.000000
vn 1.000000 -0.000000 -0.000000
vn 1.000000 -0.000000 -0.000000
vn -0.980581 -0.196116 0.000000
vn -0.980581 -0.196116 0.000000
vn -0.980581 -0.196116 0.000000
vn -0.980581 -0.196116 0.000000
vn -0.980581 -0.196116 0.000000
vn -0.980581 -0.196116 0.000000
vn -0.000000 -0.000000 -1.000000
vn -0.000000 -0.000000 -1.000000
vn -0.000000 -0.000000 -1.000000
vn -0.000000 -0.000000 -1.000000
vn -0.000000 -0.000000 -1.000000
vn -0.000000 -0.000000 -1.000000
vn 0.980581 0.196116 -0.000000
vn 0.980581 0.196116 -0.000000
vn 0.980581 0.196116 -0.000000
vn 0.980581 0.196116 -0.000000
vn 0.980581 0.196116 -0.000000
vn 0.980581 0.196116 -0.000000
vn 0.000000 0.000000 1.000000
vn 0.000000 0.000000 1.000000
vn 0.000000 0.000000 1.000000
vn 0.000000 0.000000 1.000000
vn 0.000000 0.000000 1.000000
vn 0.000000 0.000000 1.000000
vn 0.000000 -1.000000 0.000000
vn 0.000000 -1.000000 0.000000
vn 0.000000 -1.000000 0.000000
vn 0.000000 -1.000000 0.000000
vn 0.000000 -1.000000 0.000000
vn 0.000000 -1.000000 0.000000
vn -0.980581 0.196116 0.000000
vn -0.980581 0.196116 0.000000
vn -0.980581 0.196116 0.000000
vn -0.980581 0.196116 0.000000
vn -0.980581 0.196116 0.000000
vn -0.000000 -0.000000 -1.000000
vn -0.000000 -0.000000 -1.000000
vn -0.000000 -0.000000 -1.000000
vn -0.000000 -0.000000 -1.000000
vn -0.000000 -0.000000 -1.000000
vn -0.000000 -0.000000 -1.000000
vn 0.980581 -0.196116 -0.000000
vn 0.980581 -0.196116 -0.000000
vn 0.980581 -0.196116 -0.000000
vn 0.980581 -0.196116 -0.000000
vn 0.980581 -0.196116 -0.000000
vn 0.000000 0.000000 1.000000
vn 0.000000 0.000000 1.000000
vn 0.000000 0.000000 1.000000
vn 0.000000 0.000000 1.000000
vn 0.000000 0.000000 1.000000
vn 0.000000 0.000000 1.000000
vn 0.000000 0.988805 0.149215
vn -0.567839 0.817025 0.100140
vn -0.674438 0.738332 0.000000
vn 0.000000 0.955696 0.294354
vn -0.639815 0.702627 0.311371
vn -0.551275 0.807880 0.208388
vn -0.753559 0.623458 0.208445
vn -0.862564 0.406006 0.301898
vn -0.894164 0.420881 0.152741
vn -0.761295 0.639189 0.108935
vn -0.902248 0.424686 -0.074764
vn -0.902248 0.424686 -0.074764
vn -0.766845 0.639609 -0.053384
vn -0.867708 0.408427 -0.283320
vn -0.867708 0.408427 -0.283320
vn -0.693886 0.580585 -0.425961
vn -0.824350 0.388019 -0.412175
vn -0.608889 0.670503 -0.423886
vn -0.902248 0.424686 -0.074764
vn -0.902248 0.424686 -0.074764
vn 0.000000 0.988805 0.149215
vn -0.674438 0.738332 0.000000
vn -0.000000 1.000000 -0.000000
vn 0.567839 0.817025 0.100140
vn 0.674438 0.738332 -0.000000
vn 0.000000 0.988805 0.149215
vn 0.551275 0.807880 0.208388
vn 0.000000 0.955696 0.294354
vn 0.639815 0.702627 0.311370
vn 0.894164 0.420881 0.152741
vn 0.862564 0.406006 0.301897
vn 0.753559 0.623458 0.208444
vn 0.761295 0.639189 0.108935
vn 0.766844 0.639609 -0.053385
vn 0.902248 0.424686 -0.074765
vn 0.902248 0.424686 -0.074765
vn 0.867708 0.408428 -0.283321
vn 0.000000 -0.988805 0.149215
vn 0.000000 -0.955696 0.294355
vn 0.639815 -0.702627 0.311370
vn 0.000000 -0.988805 0.149215
vn 0.639815 -0.702627 0.311370
vn 0.551275 -0.807880 0.208388
vn 0.567839 -0.817025 0.100140
vn 0.567773 -0.821734 -0.048853
vn -0.000000 -0.997347 -0.072795
vn -0.567839 -0.817025 0.100141
vn -0.567773 -0.821734 -0.048853
vn -0.551275 -0.807880 0.208388
vn 0.000000 -0.955696 0.294355
vn -0.639815 -0.702627 0.311371
vn 0.000000 -0.955696 0.294355
vn -0.555906 -0.796029 -0.239389
vn -0.563824 -0.819553 -0.102156
vn -0.000000 -0.960880 -0.276964
vn 0.563824 -0.819553 -0.102157
vn 0.563824 -0.819553 -0.102157
vn 0.555905 -0.796029 -0.239390
vn -0.894164 -0.420881 0.152741
vn -0.862564 -0.406006 0.301898
vn -0.753559 -0.623458 0.208445
vn -0.761295 -0.639189 0.108936
vn -0.766845 -0.639609 -0.053384
vn -0.902249 -0.424686 -0.074764
vn -0.764997 -0.635879 -0.102163
vn -0.867708 -0.408427 -0.283320
vn -0.739328 -0.624957 -0.250646
vn -0.726651 -0.598812 -0.336754
vn -0.824350 -0.388019 -0.412175
vn -0.608889 -0.670504 -0.423886
vn -0.608889 -0.670504 -0.423886
vn -0.528608 -0.781079 -0.332400
vn -0.000000 -0.915315 -0.402738
vn -0.321443 -0.828436 -0.458660
vn 0.528607 -0.781079 -0.332400
vn 0.608888 -0.670504 -0.423886
vn 0.321443 -0.828436 -0.458660
vn 0.824350 -0.388019 -0.412175
vn 0.608888 -0.670504 -0.423886
vn 0.867708 -0.408428 -0.283321
vn 0.726650 -0.598812 -0.336755
vn 0.902248 -0.424686 -0.074765
vn 0.867708 -0.408428 -0.283321
vn 0.739327 -0.624957 -0.250646
vn 0.902248 -0.424686 -0.074765
vn 0.739327 -0.624957 -0.250646
vn 0.764997 -0.635879 -0.102164
vn 0.761295 -0.639189 0.108935
vn 0.766845 -0.639609 -0.053385
vn 0.894164 -0.420881 0.152741
vn 0.753559 -0.623458 0.208444
vn 0.862564 -0.406006 0.301897
vn 0.639815 -0.702627 0.311370
vn 0.902248 0.424686 -0.074765
vn 0.867708 0.408428 -0.283321
vn 0.867708 0.408428 -0.283321
vn -0.693886 0.580585 -0.425961
vn -0.321443 0.828435 -0.458660
vn -0.000000 0.915315 -0.402739
vn -0.000000 0.915315 -0.402739
vn 0.321443 0.828435 -0.458660
vn 0.693886 0.580585 -0.425962
vn -0.995037 -0.099504 0.000000
vn -0.995037 -0.099504 0.000000
vn -0.995037 -0.099504 0.000000
vn -0.995037 -0.099504 0.000000
vn -0.995037 -0.099504 0.000000
vn -0.995037 -0.099504 0.000000
vn -0.988936 0.148340 0.000000
vn -0.988936 0.148340 0.000000
vn -0.988936 0.148340 0.000000
vn -0.988936 0.148340 0.000000
vn -0.988936 0.148340 0.000000
vn -0.000000 1.000000 -0.000000
vn -0.000000 1.000000 -0.000000
vn -0.000000 1.000000 -0.000000
vn -0.000000 1.000000 -0.000000
vn -0.000000 1.000000 -0.000000
vn -0.554701 -0.000000 -0.832050
vn -0.554701 -0.000000 -0.832050
vn -0.554701 -0.000000 -0.832050
vn -0.554701 -0.000000 -0.832050
vn -0.554701 -0.000000 -0.832050
vn -0.894427 0.000000 0.447214
vn -0.894427 0.000000 0.447214
vn -0.894427 0.000000 0.447214
vn -0.894427 0.000000 0.447214
vn -0.894427 0.000000 0.447214
vn -0.894427 0.000000 0.447214
vn -0.000000 -0.999810 -0.019508
vn -0.036554 -0.999142 -0.019495
vn -0.036554 -0.999142 -0.019495
vn -0.000000 -0.999810 -0.019508
vn -0.036554 -0.999142 -0.019495
vn -0.000000 -0.999810 -0.019508
vn 0.031690 0.999450 -0.009751
vn -0.000000 0.999952 -0.009756
vn -0.000000 0.999952 -0.009756
vn 0.031690 0.999450 -0.009751
vn -0.000000 0.999952 -0.009756
vn 0.031690 0.999450 -0.009751
vn 0.499883 0.865822 -0.021646
vn 0.499883 0.865822 -0.021646
vn 0.499883 0.865822 -0.021646
vn 0.499883 0.865822 -0.021646
vn 0.499883 0.865822 -0.021646
vn 0.499883 0.865822 -0.021646
vn 0.999766 -0.000000 -0.021646
vn 0.999766 -0.000000 -0.021646
vn 0.999766 -0.000000 -0.021646
vn 0.999766 -0.000000 -0.021646
vn 0.999766 -0.000000 -0.021646
vn 0.499883 -0.865822 -0.021646
vn 0.499883 -0.865822 -0.021646
vn 0.499883 -0.865822 -0.021646
vn 0.499883 -0.865822 -0.021646
vn 0.499883 -0.865822 -0.021646
vn 0.499883 -0.865822 -0.021646
vn -0.499883 -0.865822 -0.021645
vn -0.499883 -0.865822 -0.021645
vn -0.499883 -0.865822 -0.021645
vn -0.499883 -0.865822 -0.021645
vn -0.499883 -0.865822 -0.021645
vn -0.499883 -0.865822 -0.021645
vn -0.499883 0.865822 -0.021646
vn -0.499883 0.865822 -0.021646
vn -0.499883 0.865822 -0.021646
vn -0.499883 0.865822 -0.021646
vn -0.499883 0.865822 -0.021646
vn -0.499883 0.865822 -0.021646
vn -0.999766 -0.000000 -0.021645
vn -0.999766 -0.000000 -0.021645
vn -0.999766 -0.000000 -0.021645
vn -0.999766 -0.000000 -0.021645
vn -0.999766 -0.000000 -0.021645
vn 0.499883 0.865822 -0.021646
vn 0.499883 0.865822 -0.021646
vn 0.499883 0.865822 -0.021646
vn 0.499883 0.865822 -0.021646
vn 0.499883 0.865822 -0.021646
vn 0.499883 0.865822 -0.021646
vn 0.999766 -0.000000 -0.021646
vn 0.999766 -0.000000 -0.021646
vn 0.999766 -0.000000 -0.021646
vn 0.999766 -0.000000 -0.021646
vn 0.999766 -0.000000 -0.021646
vn 0.499883 -0.865822 -0.021646
vn 0.499883 -0.865822 -0.021646
vn 0.499883 -0.865822 -0.021646
vn 0.499883 -0.865822 -0.021646
vn 0.499883 -0.865822 -0.021646
vn 0.499883 -0.865822 -0.021646
vn -0.499883 -0.865822 -0.021645
vn -0.499883 -0.865822 -0.021645
vn -0.499883 -0.865822 -0.021645
vn -0.499883 -0.865822 -0.021645
vn -0.499883 -0.865822 -0.021645
vn -0.499883 -0.865822 -0.021645
vn -0.499883 0.865822 -0.021646
vn -0.499883 0.865822 -0.021646
vn -0.499883 0.865822 -0.021646
vn -0.499883 0.865822 -0.021646
vn -0.499883 0.865822 -0.021646
vn -0.499883 0.865822 -0.021646
vn -0.999766 -0.000000 -0.021645
vn -0.999766 -0.000000 -0.021645
vn -0.999766 -0.000000 -0.021645
vn -0.999766 -0.000000 -0.021645
vn -0.999766 -0.000000 -0.021645
vn 0.254041 0.948095 -0.191259
vn 0.254041 0.948095 -0.191259
vn 0.254041 0.948095 -0.191259
vn 0.254041 0.948095 -0.191259
vn 0.254041 0.948095 -0.191259
vn 0.254041 0.948095 -0.191259
vn 0.948095 0.254041 -0.191259
vn 0.948095 0.254041 -0.191259
vn 0.948095 0.254041 -0.191259
vn 0.948095 0.254041 -0.191259
vn 0.948095 0.254041 -0.191259
vn 0.948095 0.254041 -0.191259
vn 0.694053 -0.694053 -0.191258
vn 0.694053 -0.694053 -0.191258
vn 0.694053 -0.694053 -0.191258
vn 0.694053 -0.694053 -0.191258
vn 0.694053 -0.694053 -0.191258
vn 0.694053 -0.694053 -0.191258
vn -0.254041 -0.948095 -0.191258
vn -0.254041 -0.948095 -0.191258
vn -0.254041 -0.948095 -0.191258
vn -0.254041 -0.948095 -0.191258
vn -0.254041 -0.948095 -0.191258
vn -0.254041 -0.948095 -0.191258
vn -0.694054 0.694053 -0.191258
vn -0.694054 0.694053 -0.191258
vn -0.694054 0.694053 -0.191258
vn -0.694054 0.694053 -0.191258
vn -0.694054 0.694053 -0.191258
vn -0.694054 0.694053 -0.191258
vn -0.948095 -0.254041 -0.191258
vn -0.948095 -0.254041 -0.191258
vn -0.948095 -0.254041 -0.191258
vn -0.948095 -0.254041 -0.191258
vn -0.948095 -0.254041 -0.191258
vn -0.948095 -0.254041 -0.191258
vn 0.254041 0.948095 -0.191259
vn 0.254041 0.948095 -0.191259
vn 0.254041 0.948095 -0.191259
vn 0.254041 0.948095 -0.191259
vn 0.254041 0.948095 -0.191259
vn 0.254041 0.948095 -0.191259
vn 0.948095 0.254041 -0.191259
vn 0.948095 0.254041 -0.191259
vn 0.948095 0.254041 -0.191259
vn 0.948095 0.254041 -0.191259
vn 0.948095 0.254041 -0.191259
vn 0.948095 0.254041 -0.191259
vn 0.694053 -0.694054 -0.191258
vn 0.694053 -0.694054 -0.191258
vn 0.694053 -0.694054 -0.191258
vn 0.694053 -0.694054 -0.191258
vn 0.694053 -0.694054 -0.191258
vn 0.694053 -0.694054 -0.191258
vn -0.254041 -0.948095 -0.191258
vn -0.254041 -0.948095 -0.191258
vn -0.254041 -0.948095 -0.191258
vn -0.254041 -0.948095 -0.191258
vn -0.254041 -0.948095 -0.191258
vn -0.254041 -0.948095 -0.191258
vn -0.694053 0.694053 -0.191259
vn -0.694053 0.694053 -0.191259
vn -0.694053 0.694053 -0.191259
vn -0.694053 0.694053 -0.191259
vn -0.694053 0.694053 -0.191259
vn -0.694053 0.694053 -0.191259
vn -0.948095 -0.254041 -0.191258
vn -0.948095 -0.254041 -0.191258
vn -0.948095 -0.254041 -0.191258
vn -0.948095 -0.254041 -0.191258
vn -0.948095 -0.254041 -0.191258
vn -0.948095 -0.254041 -0.191258
vn 0.660629 0.750713 -0.000000
vn 0.660629 0.750712 -0.000000
vn 0.660629 0.750712 -0.000000
vn -0.660629 0.750713 0.000000
vn -0.660629 0.750713 0.000000
vn -0.660629 0.750713 0.000000
vn 0.000000 0.737416 0.675438
vn 0.294696 0.808477 0.509430
vn 0.154214 0.665388 0.730395
vn -0.294696 0.808476 0.509431
vn 0.000000 0.737416 0.675438
vn -0.154213 0.665388 0.730395
vn 0.108017 0.466064 0.878133
vn -0.108017 0.466063 0.878133
vn 0.000000 0.737416 0.675438
vn 1.000000 -0.000000 -0.000000
vn 1.000000 -0.000000 -0.000000
vn 1.000000 -0.000000 -0.000000
vn 1.000000 -0.000000 -0.000000
vn 1.000000 -0.000000 -0.000000
vn -1.000000 0.000000 0.000000
vn -1.000000 0.000000 0.000000
vn -1.000000 0.000000 0.000000
vn -1.000000 0.000000 0.000000
vn -1.000000 0.000000 0.000000
vn 1.000000 -0.000000 -0.000000
vn 1.000000 -0.000000 -0.000000
vn 1.000000 -0.000000 -0.000000
vn 1.000000 -0.000000 -0.000000
vn 1.000000 -0.000000 -0.000000
vn 1.000000 -0.000000 -0.000000
vn -1.000000 0.000000 0.000000
vn -1.000000 0.000000 0.000000
vn -1.000000 0.000000 0.000000
vn -1.000000 0.000000 0.000000
vn -1.000000 0.000000 0.000000
vn -1.000000 0.000000 0.000000
vn 0.000000 -1.000000 0.000000
vn 0.000000 -1.000000 0.000000
vn 0.000000 -1.000000 0.000000
vn 0.000000 -1.000000 0.000000
vn 0.000000 -1.000000 0.000000
vn 0.000000 -1.000000 0.000000
vn 0.000000 -1.000000 0.000000
vn 0.000000 -1.000000 0.000000
vn 0.000000 -1.000000 0.000000
vn 0.000000 -1.000000 0.000000
vn 0.000000 -1.000000 0.000000
vn 0.000000 -1.000000 0.000000
vn -1.000000 0.000000 0.000000
vn -1.000000 0.000000 0.000000
vn -1.000000 0.000000 0.000000
vn -1.000000 0.000000 0.000000
vn -1.000000 0.000000 0.000000
vn -1.000000 0.000000 0.000000
vn 1.000000 -0.000000 -0.000000
vn 1.000000 -0.000000 -0.000000
vn 1.000000 -0.000000 -0.000000
vn 1.000000 -0.000000 -0.000000
vn 1.000000 -0.000000 -0.000000
vn 1.000000 -0.000000 -0.000000
vn -0.000000 1.000000 -0.000000
vn -0.000000 1.000000 -0.000000
vn -0.000000 1.000000 -0.000000
vn -0.000000 1.000000 -0.000000
vn -0.000000 1.000000 -0.000000
vn -0.000000 1.000000 -0.000000
vn -0.000000 0.077339 -0.997005
vn -0.000000 0.077339 -0.997005
vn -0.000000 0.077339 -0.997005
vn -0.000000 0.077339 -0.997005
vn -0.000000 0.077339 -0.997005
vn 0.707107 0.707107 -0.000000
vn 0.705882 0.705882 -0.058827
vn 0.705882 0.705882 -0.058827
vn 0.707107 0.707107 -0.000000
vn 0.000000 0.000000 1.000000
vn 0.000000 0.000000 1.000000
vn 0.000000 0.000000 1.000000
vn 0.000000 0.000000 1.000000
vn 0.707107 -0.707107 -0.000000
vn 0.705882 -0.705882 -0.058827
vn 0.705882 -0.705882 -0.058827
vn 0.707107 -0.707107 -0.000000
vn -0.707106 0.707108 0.000000
vn -0.705881 0.705883 -0.058826
vn -0.705881 0.705883 -0.058826
vn -0.707106 0.707108 0.000000
vn 0.707107 0.707107 -0.000000
vn 0.706066 0.706066 -0.054244
vn 0.706066 0.706066 -0.054244
vn 0.707107 0.707107 -0.000000
vn 0.000000 0.000000 1.000000
vn 0.000000 0.000000 1.000000
vn 0.000000 0.000000 1.000000
vn 0.000000 0.000000 1.000000
vn 0.707107 -0.707107 -0.000000
vn 0.706066 -0.706066 -0.054244
vn 0.706066 -0.706066 -0.054244
vn 0.707107 -0.707107 -0.000000
vn -0.707106 0.707108 0.000000
vn -0.706065 0.706066 -0.054244
vn -0.706065 0.706066 -0.054244
vn -0.707106 0.707108 0.000000
vn -0.707107 0.707107 0.000000
vn -0.707107 0.707107 0.000000
vn -0.705882 0.705882 -0.058826
vn -0.705882 0.705882 -0.058826
vn 0.705881 -0.705883 -0.058827
vn 0.705881 -0.705883 -0.058827
vn 0.707106 -0.707108 -0.000000
vn 0.707106 -0.707108 -0.000000
vn 0.000000 0.000000 1.000000
vn 0.000000 0.000000 1.000000
vn 0.000000 0.000000 1.000000
vn 0.000000 0.000000 1.000000
vn -0.707107 -0.707107 0.000000
vn -0.707107 -0.707107 0.000000
vn -0.705882 -0.705882 -0.058826
vn -0.705882 -0.705882 -0.058826
vn 0.707106 0.707108 -0.000000
vn 0.707106 0.707108 -0.000000
vn 0.705881 0.705883 -0.058827
vn 0.705881 0.705883 -0.058827
vn -0.707107 0.707107 0.000000
vn -0.707107 0.707107 0.000000
vn -0.706066 0.706066 -0.054244
vn -0.706066 0.706066 -0.054244
vn 0.706065 -0.706066 -0.054244
vn 0.706065 -0.706066 -0.054244
vn 0.707106 -0.707108 -0.000000
vn 0.707106 -0.707108 -0.000000
vn 0.000000 0.000000 1.000000
vn 0.000000 0.000000 1.000000
vn 0.000000 0.000000 1.000000
vn 0.000000 0.000000 1.000000
vn -0.707107 -0.707107 0.000000
vn -0.707107 -0.707107 0.000000
vn -0.706066 -0.706066 -0.054243
vn -0.706066 -0.706066 -0.054243
vn 0.707106 0.707108 -0.000000
vn 0.707106 0.707108 -0.000000
vn 0.706065 0.706066 -0.054244
vn 0.706065 0.706066 -0.054244
vn -0.000000 0.196116 -0.980581
vn -0.000000 0.196116 -0.980581
vn -0.000000 0.196116 -0.980581
vn -0.000000 0.196116 -0.980581
vn 0.000000 -0.196116 0.980581
vn 0.000000 -0.196116 0.980581
vn 0.000000 -0.196116 0.980581
vn 0.000000 -0.196116 0.980581
vn 0.000000 -1.000000 0.000000
vn 0.000000 -1.000000 0.000000
vn 0.000000 -1.000000 0.000000
vn 0.000000 -1.000000 0.000000
vn 0.000000 -1.000000 0.000000
vn 0.000000 -1.000000 0.000000
vn 0.000000 -1.000000 0.000000
vn 0.000000 -1.000000 0.000000
vn 0.693886 0.580585 -0.425962
vn 0.608889 0.670503 -0.423887
vn 0.824350 0.388019 -0.412175
vn 0.867708 0.408428 -0.283321
vn 0.867708 0.408428 -0.283321
vn -0.000000 -0.976001 -0.217767
vn -0.000000 -0.891436 -0.453146
vn -0.000000 -0.891436 -0.453146
vn -0.000000 -0.976001 -0.217767
vn 0.000000 -0.964556 0.263879
vn 0.000000 -0.964556 0.263879
vn 0.000000 -0.876216 0.481919
vn 0.000000 -0.876216 0.481919
vn 0.000000 0.996204 0.087046
vn 0.000000 0.992278 0.124035
vn 0.000000 0.992278 0.124035
vn 0.000000 0.996204 0.087046
vn -0.000000 0.996981 -0.077640
vn -0.000000 0.996981 -0.077640
vn -0.000000 0.978980 -0.203954
vn -0.000000 0.978980 -0.203954
vn -0.000000 -0.000000 -1.000000
vn -0.000000 -0.000000 -1.000000
vn -0.000000 -0.000000 -1.000000
vn -0.000000 -0.000000 -1.000000
vn -0.997332 0.032921 -0.065160
vn -0.970143 -0.000000 -0.242535
vn -0.970143 -0.000000 -0.242535
vn -0.997332 0.032921 -0.065160
vn -0.959992 0.202341 0.193582
vn -0.959992 0.202341 0.193582
vn -0.903520 0.334637 0.267710
vn 0.997332 0.032921 -0.065161
vn 0.970142 -0.000000 -0.242536
vn 0.970142 -0.000000 -0.242536
vn 0.997332 0.032921 -0.065161
vn 0.959992 0.202341 0.193581
vn 0.959992 0.202341 0.193581
vn 0.903521 0.334637 0.267709
vn -0.000000 0.529999 -0.847998
vn -0.000000 0.529999 -0.847998
vn -0.000000 0.529999 -0.847998
vn -0.000000 0.529999 -0.847998
vn 0.988936 0.148340 -0.000000
vn 0.988936 0.148340 -0.000000
vn 0.988936 0.148340 -0.000000
vn 0.988936 0.148340 -0.000000
vn 0.000000 -0.124035 0.992278
vn 0.000000 -0.124035 0.992278
vn 0.000000 -0.124035 0.992278
vn 0.000000 -0.124035 0.992278
vn -0.000000 1.000000 -0.000000
vn -0.000000 1.000000 -0.000000
vn -0.000000 1.000000 -0.000000
vn -0.000000 1.000000 -0.000000
vn -0.000000 0.529999 -0.847998
vn -0.000000 0.529999 -0.847998
vn -0.000000 0.529999 -0.847998
vn -0.000000 0.529999 -0.847998
vn 0.995037 -0.099504 -0.000000
vn 0.995037 -0.099504 -0.000000
vn 0.995037 -0.099504 -0.000000
vn 0.995037 -0.099504 -0.000000
vn 0.000000 -0.124035 0.992278
vn 0.000000 -0.124035 0.992278
vn 0.000000 -0.124035 0.992278
vn 0.000000 -0.124035 0.992278
vn 0.196116 0.000000 0.980581
vn 0.000000 0.000000 1.000000
vn 0.000000 0.000000 1.000000
vn 0.196116 0.000000 0.980581
vn -0.000000 -0.999810 -0.019508
vn -0.000000 -0.999810 -0.019508
vn 0.036554 -0.999142 -0.019495
vn 0.036554 -0.999142 -0.019495
vn -0.031690 0.999450 -0.009751
vn -0.031690 0.999450 -0.009751
vn -0.000000 0.999952 -0.009756
vn -0.000000 0.999952 -0.009756
vn 0.554700 -0.000000 -0.832050
vn 0.554700 -0.000000 -0.832050
vn 0.554700 -0.000000 -0.832050
vn 0.554700 -0.000000 -0.832050
vn 0.894427 0.000000 0.447213
vn 0.894427 0.000000 0.447213
vn 0.894427 0.000000 0.447213
vn 0.894427 0.000000 0.447213
vn -0.196116 0.000000 0.980581
vn -0.196116 0.000000 0.980581
vn 0.000000 0.000000 1.000000
vn 0.000000 0.000000 1.000000
vn -1.000000 0.000000 0.000000
vn -1.000000 0.000000 0.000000
vn -0.928965 -0.000000 -0.370167
vn -0.928965 -0.000000 -0.370167
vn -0.725953 -0.000000 -0.687744
vn -0.725953 -0.000000 -0.687744
vn 0.725953 -0.000000 -0.687745
vn 0.725953 -0.000000 -0.687745
vn 0.928965 -0.000000 -0.370167
vn 0.928965 -0.000000 -0.370167
vn 1.000000 -0.000000 -0.000000
vn 1.000000 -0.000000 -0.000000
vn 0.000000 0.000000 1.000000
vn 0.164399 0.000000 0.986394
vn 0.164399 0.000000 0.986394
vn 0.000000 0.000000 1.000000
vn -0.164399 0.000000 0.986394
vn -0.164399 0.000000 0.986394
vn -0.000000 -0.999956 -0.009374
vn -0.058059 -0.998269 -0.009359
vn -0.058059 -0.998269 -0.009359
vn -0.000000 -0.999956 -0.009374
vn 0.058059 -0.998269 -0.009359
vn 0.058059 -0.998269 -0.009359
vn -0.000000 0.999956 -0.009375
vn -0.052875 0.998557 -0.009362
vn -0.052875 0.998557 -0.009362
vn -0.000000 0.999956 -0.009375
vn 0.052875 0.998557 -0.009362
vn 0.052875 0.998557 -0.009362
vn 0.000000 0.000000 1.000000
vn 0.000000 0.000000 1.000000
vn 0.000000 0.000000 1.000000
vn 0.000000 0.000000 1.000000
vn 0.000000 0.000000 1.000000
vn 0.000000 0.000000 1.000000
vn 0.000000 0.000000 1.000000
vn 0.000000 0.000000 1.000000
vn 0.000000 0.000000 1.000000
vn 0.000000 0.000000 1.000000
vn 0.000000 0.000000 1.000000
vn 0.000000 0.000000 1.000000
vn 0.000000 0.000000 1.000000
vn 0.000000 0.000000 1.000000
vn 0.000000 0.000000 1.000000
vn 0.000000 0.000000 1.000000
vn 0.000000 0.000000 1.000000
vn 0.000000 0.000000 1.000000
vn 0.000000 0.000000 1.000000
vn 0.000000 0.000000 1.000000
vn 0.000000 0.000000 1.000000
vn 0.000000 0.000000 1.000000
vn 0.000000 0.000000 1.000000
vn 0.000000 0.000000 1.000000
vn -0.000000 -0.000000 -1.000000
vn -0.000000 -0.000000 -1.000000
vn -0.000000 -0.000000 -1.000000
vn -0.000000 -0.000000 -1.000000
vn -0.000000 -0.000000 -1.000000
vn -0.000000 -0.000000 -1.000000
vn -0.000000 -0.000000 -1.000000
vn -0.000000 -0.000000 -1.000000
vn 0.918652 0.381000 0.104488
vn 0.882425 0.384829 0.270615
vn 0.882425 0.384829 0.270615
vn 0.918652 0.381000 0.104488
vn 0.927911 0.135250 0.347404
vn 0.820674 0.377527 0.428914
vn 0.887060 -0.004368 0.461634
vn 0.873103 -0.410967 0.262294
vn 0.819214 -0.385602 0.424499
vn 0.925508 -0.157408 0.344467
vn 0.900922 -0.424061 0.092257
vn 0.873103 -0.410967 0.262294
vn 0.900922 -0.424061 0.092257
vn -0.918652 0.381000 0.104489
vn -0.882425 0.384829 0.270616
vn -0.918652 0.381000 0.104489
vn -0.882425 0.384829 0.270616
vn -0.820674 0.377527 0.428915
vn -0.887059 -0.004368 0.461635
vn -0.927910 0.135250 0.347404
vn -0.925508 -0.157408 0.344468
vn -0.819214 -0.385602 0.424500
vn -0.873102 -0.410967 0.262294
vn -0.900922 -0.424061 0.092258
vn -0.873102 -0.410967 0.262294
vn -0.900922 -0.424061 0.092258
vn 0.000000 0.992033 0.125980
vn -0.063006 0.977610 0.200771
vn 0.000000 0.992033 0.125980
vn 0.000000 0.979556 0.201171
vn 0.000000 0.992033 0.125980
vn -0.125395 0.953634 0.273601
vn 0.063006 0.977610 0.200771
vn 0.000000 0.961221 0.275778
vn 0.125396 0.953634 0.273601
vn -0.000000 -0.000000 -1.000000
vn -0.000000 -0.000000 -1.000000
vn -0.000000 -0.000000 -1.000000
vn -0.000000 -0.000000 -1.000000
vn -0.000000 -0.000000 -1.000000
vn -0.000000 -0.000000 -1.000000
vn 0.660629 0.750713 -0.000000
vn 0.660628 0.750713 -0.000000
vn 0.660628 0.750713 -0.000000
vn 0.660629 0.750713 -0.000000
vn 0.660629 0.750712 -0.000000
vn -0.660629 0.750713 0.000000
vn -0.660629 0.750713 0.000000
vn -0.660629 0.750713 0.000000
vn -0.660628 0.750713 0.000000
vn -0.660628 0.750713 0.000000
vn 0.000000 0.000000 1.000000
vn 0.000000 0.000000 1.000000
vn 0.000000 0.000000 1.000000
vn 0.000000 0.000000 1.000000
vn 0.000000 0.000000 1.000000
vn 0.000000 0.238403 0.971166
vn 0.000000 0.238403 0.971166
vn 0.000000 0.991724 0.128386
vn 0.000000 0.991724 0.128386
vn 0.000000 0.991724 0.128386
vn 0.000000 0.991724 0.128386
vn -0.000000 -0.963363 -0.268202
vn -0.000000 -0.963363 -0.268202
vn -0.000000 -0.963363 -0.268202
vn -0.000000 -0.963363 -0.268202
vn 0.000000 0.000000 1.000000
vn 0.000000 0.000000 1.000000
vn 0.000000 0.000000 1.000000
vn 0.000000 0.000000 1.000000
vn -0.000000 -0.000000 -1.000000
vn -0.000000 -0.000000 -1.000000
vn -0.000000 -0.000000 -1.000000
vn -0.000000 -0.000000 -1.000000
vn -0.000000 -0.000000 -1.000000
vn -0.000000 -0.000000 -1.000000
vn -0.000000 -0.000000 -1.000000
vn -0.000000 -0.000000 -1.000000
vn -0.000000 -0.000000 -1.000000
vn -0.000000 -0.000000 -1.000000
vn -0.000000 -0.000000 -1.000000
vn -0.000000 -0.000000 -1.000000
vn 0.000000 0.000000 1.000000
vn 0.000000 0.000000 1.000000
vn 0.000000 0.000000 1.000000
vn 0.000000 0.000000 1.000000
vn -1.000000 0.000000 0.000000
vn -1.000000 0.000000 0.000000
vn -1.000000 0.000000 0.000000
vn -1.000000 0.000000 0.000000
vn 1.000000 -0.000000 -0.000000
vn 1.000000 -0.000000 -0.000000
vn 1.000000 -0.000000 -0.000000
vn 1.000000 -0.000000 -0.000000
vn -0.000000 1.000000 -0.000000
vn -0.000000 1.000000 -0.000000
vn -0.000000 1.000000 -0.000000
vn -0.000000 1.000000 -0.000000
f 121/121/121 120/120/120 119/119/119
f 123/123/123 122/122/122 119/119/119
f 124/124/124 123/123/123 119/119/119
f 126/126/126 123/123/123 125/125/125
f 127/127/127 126/126/126 125/125/125
f 129/129/129 127/127/127 128/128/128
f 131/131/131 130/130/130 128/128/128
f 133/133/133 132/132/132 129/129/129
f 133/133/133 134/134/134 132/132/132
f 134/134/134 135/135/135 132/132/132
f 134/134/134 136/136/136 135/135/135
f 138/138/138 133/133/133 137/137/137
f 141/141/141 140/140/140 139/139/139
f 143/143/143 141/141/141 142/142/142
f 141/141/141 144/144/144 142/142/142
f 144/144/144 146/146/146 145/145/145
f 146/146/146 147/147/147 145/145/145
f 147/147/147 149/149/149 148/148/148
f 150/150/150 147/147/147 148/148/148
f 152/152/152 151/151/151 148/148/148
f 153/153/153 152/152/152 148/148/148
f 153/153/153 155/155/155 154/154/154
f 158/158/158 157/157/157 156/156/156
f 161/161/161 160/160/160 159/159/159
f 163/163/163 162/162/162 159/159/159
f 164/164/164 163/163/163 159/159/159
f 164/164/164 159/159/159 165/165/165
f 166/166/166 164/164/164 165/165/165
f 159/159/159 168/168/168 167/167/167
f 170/170/170 169/169/169 167/167/167
f 172/172/172 171/171/171 164/164/164
f 171/171/171 173/173/173 164/164/164
f 164/164/164 173/173/173 174/174/174
f 173/173/173 176/176/176 175/175/175
f 169/169/169 178/178/178 177/177/177
f 179/179/179 169/169/169 177/177/177
f 181/181/181 180/180/180 177/177/177
f 182/182/182 181/181/181 177/177/177
f 182/182/182 184/184/184 183/183/183
f 184/184/184 185/185/185 183/183/183
f 184/184/184 187/187/187 186/186/186
f 187/187/187 188/188/188 186/186/186
f 187/187/187 189/189/189 188/188/188
f 190/190/190 188/188/188 173/173/173
f 188/188/188 191/191/191 173/173/173
f 188/188/188 192/192/192 191/191/191
f 173/173/173 191/191/191 193/193/193
f 191/191/191 194/194/194 193/193/193
f 191/191/191 195/195/195 194/194/194
f 194/194/194 197/197/197 196/196/196
f 194/194/194 196/196/196 198/198/198
f 199/199/199 194/194/194 198/198/198
f 202/202/202 201/201/201 200/200/200
f 205/205/205 204/204/204 203/203/203
f 207/207/207 203/203/203 206/206/206
f 203/203/203 208/208/208 206/206/206
f 208/208/208 210/210/210 209/209/209
f 210/210/210 211/211/211 209/209/209
f 214/214/214 213/213/213 212/212/212
f 217/217/217 216/216/216 215/215/215
f 220/220/220 219/219/219 218/218/218
f 223/223/223 222/222/222 221/221/221
f 226/226/226 225/225/225 224/224/224
f 229/229/229 228/228/228 227/227/227
f 231/231/231 229/229/229 230/230/230
f 234/234/234 233/233/233 232/232/232
f 236/236/236 234/234/234 235/235/235
f 239/239/239 238/238/238 237/237/237
f 241/241/241 239/239/239 240/240/240
f 244/244/244 243/243/243 242/242/242
f 247/247/247 246/246/246 245/245/245
f 250/250/250 249/249/249 248/248/248
f 253/253/253 252/252/252 251/251/251
f 256/256/256 255/255/255 254/254/254
f 259/259/259 258/258/258 257/257/257
f 262/262/262 261/261/261 260/260/260
f 265/265/265 264/264/264 263/263/263
f 268/268/268 267/267/267 266/266/266
f 270/270/270 269/269/269 266/266/266
f 273/273/273 272/272/272 271/271/271
f 276/276/276 275/275/275 274/274/274
f 279/279/279 278/278/278 277/277/277
f 282/282/282 281/281/281 280/280/280
f 285/285/285 284/284/284 283/283/283
f 288/288/288 287/287/287 286/286/286
f 291/291/291 290/290/290 289/289/289
f 293/293/293 292/292/292 289/289/289
f 296/296/296 295/295/295 294/294/294
f 299/299/299 298/298/298 297/297/297
f 302/302/302 301/301/301 300/300/300
f 304/304/304 303/303/303 300/300/300
f 307/307/307 306/306/306 305/305/305
f 310/310/310 309/309/309 308/308/308
f 313/313/313 312/312/312 311/311/311
f 316/316/316 315/315/315 314/314/314
f 319/319/319 318/318/318 317/317/317
f 322/322/322 321/321/321 320/320/320
f 325/325/325 324/324/324 323/323/323
f 327/327/327 326/326/326 323/323/323
f 330/330/330 329/329/329 328/328/328
f 333/333/333 332/332/332 331/331/331
f 336/336/336 335/335/335 334/334/334
f 339/339/339 338/338/338 337/337/337
f 342/342/342 341/341/341 340/340/340
f 345/345/345 344/344/344 343/343/343
f 348/348/348 347/347/347 346/346/346
f 351/351/351 350/350/350 349/349/349
f 354/354/354 353/353/353 352/352/352
f 357/357/357 356/356/356 355/355/355
f 360/360/360 359/359/359 358/358/358
f 363/363/363 362/362/362 361/361/361
f 366/366/366 365/365/365 364/364/364
f 369/369/369 368/368/368 367/367/367
f 372/372/372 371/371/371 370/370/370
f 375/375/375 374/374/374 373/373/373
f 378/378/378 377/377/377 376/376/376
f 381/381/381 380/380/380 379/379/379
f 384/384/384 383/383/383 382/382/382
f 387/387/387 386/386/386 385/385/385
f 390/390/390 389/389/389 388/388/388
f 393/393/393 392/392/392 391/391/391
f 396/396/396 395/395/395 394/394/394
f 399/399/399 398/398/398 397/397/397
f 402/402/402 401/401/401 400/400/400
f 405/405/405 404/404/404 403/403/403
f 408/408/408 407/407/407 406/406/406
f 411/411/411 410/410/410 409/409/409
f 414/414/414 413/413/413 412/412/412
f 417/417/417 416/416/416 415/415/415
f 419/419/419 418/418/418 415/415/415
f 422/422/422 421/421/421 420/420/420
f 424/424/424 423/423/423 420/420/420
f 427/427/427 426/426/426 425/425/425
f 430/430/430 429/429/429 428/428/428
f 433/433/433 432/432/432 431/431/431
f 436/436/436 435/435/435 434/434/434
f 439/439/439 438/438/438 437/437/437
f 442/442/442 441/441/441 440/440/440
f 445/445/445 444/444/444 443/443/443
f 448/448/448 447/447/447 446/446/446
f 451/451/451 450/450/450 449/449/449
f 454/454/454 453/453/453 452/452/452
f 457/457/457 456/456/456 455/455/455
f 460/460/460 459/459/459 458/458/458
f 463/463/463 462/462/462 461/461/461
f 466/466/466 465/465/465 464/464/464
f 469/469/469 468/468/468 467/467/467
f 471/471/471 470/470/470 467/467/467
f 562/562/562 561/561/561 560/560/560
f 562/562/562 560/560/560 563/563/563
f 564/564/564 562/562/562 563/563/563
f 567/567/567 566/566/566 565/565/565
f 568/568/568 567/567/567 565/565/565
f 568/568/568 565/565/565 569/569/569
f 565/565/565 570/570/570 569/569/569
f 570/570/570 571/571/571 569/569/569
f 571/571/571 572/572/572 569/569/569
f 575/575/575 574/574/574 573/573/573
f 576/576/576 575/575/575 573/573/573
f 577/577/577 576/576/576 573/573/573
f 578/578/578 577/577/577 573/573/573
f 578/578/578 579/579/579 577/577/577
f 579/579/579 580/580/580 577/577/577
f 583/583/583 582/582/582 581/581/581
f 584/584/584 583/583/583 581/581/581
f 587/587/587 586/586/586 585/585/585
f 588/588/588 587/587/587 585/585/585
f 588/588/588 585/585/585 589/589/589
f 585/585/585 590/590/590 589/589/589
f 590/590/590 591/591/591 589/589/589
f 594/594/594 593/593/593 592/592/592
f 595/595/595 594/594/594 592/592/592
f 596/596/596 595/595/595 592/592/592
f 597/597/597 596/596/596 592/592/592
f 597/597/597 598/598/598 596/596/596
f 601/601/601 600/600/600 599/599/599
f 602/602/602 601/601/601 599/599/599
f 605/605/605 604/604/604 603/603/603
f 606/606/606 605/605/605 603/603/603
f 609/609/609 608/608/608 607/607/607
f 610/610/610 609/609/609 607/607/607
f 613/613/613 612/612/612 611/611/611
f 614/614/614 613/613/613 611/611/611
f 617/617/617 616/616/616 615/615/615
f 618/618/618 617/617/617 615/615/615
f 621/621/621 620/620/620 619/619/619
f 622/622/622 621/621/621 619/619/619
f 625/625/625 624/624/624 623/623/623
f 626/626/626 625/625/625 623/623/623
f 629/629/629 628/628/628 627/627/627
f 630/630/630 629/629/629 627/627/627
f 633/633/633 632/632/632 631/631/631
f 634/634/634 633/633/633 631/631/631
f 637/637/637 636/636/636 635/635/635
f 638/638/638 637/637/637 635/635/635
f 641/641/641 640/640/640 639/639/639
f 642/642/642 641/641/641 639/639/639
f 645/645/645 644/644/644 643/643/643
f 646/646/646 645/645/645 643/643/643
f 649/649/649 648/648/648 647/647/647
f 650/650/650 649/649/649 647/647/647
f 653/653/653 652/652/652 651/651/651
f 654/654/654 653/653/653 651/651/651
f 655/655/655 653/653/653 654/654/654
f 656/656/656 655/655/655 654/654/654
f 659/659/659 658/658/658 657/657/657
f 660/660/660 659/659/659 657/657/657
f 661/661/661 659/659/659 660/660/660
f 662/662/662 661/661/661 660/660/660
f 665/665/665 664/664/664 663/663/663
f 664/664/664 666/666/666 663/663/663
f 663/663/663 666/666/666 667/667/667
f 666/666/666 668/668/668 667/667/667
f 671/671/671 670/670/670 669/669/669
f 672/672/672 671/671/671 669/669/669
f 672/672/672 669/669/669 673/673/673
f 674/674/674 672/672/672 673/673/673
f 677/677/677 676/676/676 675/675/675
f 678/678/678 677/677/677 675/675/675
f 678/678/678 675/675/675 679/679/679
f 680/680/680 678/678/678 679/679/679
f 683/683/683 682/682/682 681/681/681
f 681/681/681 684/684/684 683/683/683
f 684/684/684 685/685/685 683/683/683
f 684/684/684 686/686/686 685/685/685
f 689/689/689 688/688/688 687/687/687
f 687/687/687 690/690/690 689/689/689
f 690/690/690 691/691/691 689/689/689
f 690/690/690 692/692/692 691/691/691
f 695/695/695 694/694/694 693/693/693
f 693/693/693 696/696/696 695/695/695
f 693/693/693 697/697/697 696/696/696
f 697/697/697 698/698/698 696/696/696
f 701/701/701 700/700/700 699/699/699
f 699/699/699 702/702/702 701/701/701
f 699/699/699 703/703/703 702/702/702
f 703/703/703 704/704/704 702/702/702
f 707/707/707 706/706/706 705/705/705
f 705/705/705 708/708/708 707/707/707
f 705/705/705 709/709/709 708/708/708
f 705/705/705 710/710/710 709/709/709
f 710/710/710 711/711/711 709/709/709
f 710/710/710 712/712/712 711/711/711
f 715/715/715 714/714/714 713/713/713
f 716/716/716 715/715/715 713/713/713
f 715/715/715 718/718/718 717/717/717
f 718/718/718 719/719/719 717/717/717
f 719/719/719 721/721/721 720/720/720
f 722/722/722 719/719/719 720/720/720
f 724/724/724 720/720/720 723/723/723
f 725/725/725 724/724/724 723/723/723
f 728/728/728 727/727/727 726/726/726
f 727/727/727 729/729/729 726/726/726
f 731/731/731 730/730/730 729/729/729
f 732/732/732 731/731/731 729/729/729
f 734/734/734 731/731/731 733/733/733
f 735/735/735 734/734/734 733/733/733
f 735/735/735 737/737/737 736/736/736
f 738/738/738 735/735/735 736/736/736
f 741/741/741 740/740/740 739/739/739
f 740/740/740 742/742/742 739/739/739
f 739/739/739 742/742/742 743/743/743
f 740/740/740 744/744/744 742/742/742
f 742/742/742 745/745/745 743/743/743
f 744/744/744 746/746/746 742/742/742
f 742/742/742 746/746/746 745/745/745
f 746/746/746 747/747/747 745/745/745
f 750/750/750 749/749/749 748/748/748
f 749/749/749 751/751/751 748/748/748
f 749/749/749 752/752/752 751/751/751
f 752/752/752 753/753/753 751/751/751
f 756/756/756 755/755/755 754/754/754
f 755/755/755 757/757/757 754/754/754
f 757/757/757 758/758/758 754/754/754
f 761/761/761 760/760/760 759/759/759
f 760/760/760 762/762/762 759/759/759
f 762/762/762 763/763/763 759/759/759
f 766/766/766 765/765/765 764/764/764
f 765/765/765 766/766/766 767/767/767
f 768/768/768 765/765/765 767/767/767
f 768/768/768 767/767/767 769/769/769
f 770/770/770 768/768/768 769/769/769
f 773/773/773 772/772/772 771/771/771
f 774/774/774 773/773/773 771/771/771
f 777/777/777 776/776/776 775/775/775
f 778/778/778 777/777/777 775/775/775
f 781/781/781 780/780/780 779/779/779
f 782/782/782 781/781/781 779/779/779
f 785/785/785 784/784/784 783/783/783
f 786/786/786 785/785/785 783/783/783
f 789/789/789 788/788/788 787/787/787
f 790/790/790 789/789/789 787/787/787
f 793/793/793 792/792/792 791/791/791
f 794/794/794 793/793/793 791/791/791
f 797/797/797 796/796/796 795/795/795
f 798/798/798 797/797/797 795/795/795
f 801/801/801 800/800/800 799/799/799
f 802/802/802 801/801/801 799/799/799
f 805/805/805 804/804/804 803/803/803
f 806/806/806 805/805/805 803/803/803
f 809/809/809 808/808/808 807/807/807
f 810/810/810 809/809/809 807/807/807
