g Model_0
v -0.980962 2.125000 -0.999996
v -1.230962 2.125000 -0.999995
v -1.230954 2.125001 0.833338
v -0.980962 2.125000 -0.999996
v -1.230954 2.125001 0.833338
v -0.980954 2.125000 0.833337
v 1.230954 2.125000 -1.000006
v 1.230962 2.125000 0.833328
v 1.230962 2.375000 0.833327
v 1.230954 2.125000 -1.000006
v 1.230962 2.375000 0.833327
v 1.230954 2.375000 -1.000006
v -1.230954 2.125001 0.833338
v -1.230962 2.125000 -0.999995
v -1.230962 2.375000 -0.999995
v -1.230954 2.125001 0.833338
v -1.230962 2.375000 -0.999995
v -1.230954 2.375001 0.833338
v -0.564514 2.632920 3.026956
v -0.564514 2.277845 3.026956
v -0.564534 2.277844 -1.447737
v -0.564534 2.632918 -1.447737
v -0.564534 2.632918 -1.447737
v -0.564534 2.277844 -1.447737
v 0.564522 2.277844 -1.447742
v 0.564522 2.632918 -1.447742
v 0.564522 2.632918 -1.447742
v 0.564522 2.277844 -1.447742
v 0.564541 2.277845 3.026951
v 0.564541 2.632920 3.026951
v 0.564541 2.632920 3.026951
v 0.564541 2.277845 3.026951
v -0.564514 2.277845 3.026956
v -0.564514 2.632920 3.026956
v 0.564541 2.632920 3.026951
v -0.564514 2.632920 3.026956
v -0.564534 2.632918 -1.447737
v 0.564522 2.632918 -1.447742
v 1.230962 0.375000 0.833328
v 1.230973 -0.124999 3.499995
v 1.230973 0.375001 3.499995
v 1.230962 -0.125000 0.833328
v 1.230954 0.375000 -1.000005
v 1.230954 -0.125000 -1.000005
v 1.230950 0.374999 -1.750006
v 1.230950 -0.125001 -1.750005
v 1.230951 1.274999 -1.750006
v 1.230954 1.275000 -1.000006
v 1.230951 2.124999 -1.750006
v 1.230944 1.274999 -3.250006
v 1.230954 2.125000 -1.000006
v 1.230944 0.374999 -3.250006
v 1.230944 -0.125001 -3.250005
v 1.230951 2.374999 -1.750006
v 1.230954 2.375000 -1.000006
v 1.230945 2.374999 -3.006622
v 1.230945 2.124999 -3.068607
v 1.230944 2.374999 -3.256622
v 1.230944 2.124999 -3.318607
v 1.230943 1.274999 -3.500006
v 1.230943 0.374999 -3.500006
v 1.230943 -0.125001 -3.500006
v -0.980962 2.375000 -0.999996
v -1.230962 2.375000 -0.999995
v -1.230965 2.375000 -1.749995
v -0.980965 2.375000 -1.749996
v -1.230971 2.374999 -3.006612
v -0.980971 2.374999 -3.006613
v -1.230972 2.374999 -3.256612
v -0.980972 2.374999 -3.256613
v 0.980945 2.374999 -3.006621
v 0.980944 2.374999 -3.256621
v 0.980951 2.374999 -1.750005
v 1.230945 2.374999 -3.006622
v 1.230944 2.374999 -3.256622
v 1.230951 2.374999 -1.750006
v 1.230954 2.375000 -1.000006
v 0.980954 2.375000 -1.000005
v 0.980962 2.375000 0.833329
v -0.980954 2.375001 0.833337
v 0.980974 2.375001 3.499995
v 1.230974 2.375001 3.499994
v 1.230962 2.375000 0.833327
v -0.980942 2.375001 3.500004
v -1.230954 2.375001 0.833338
v -1.230942 2.375001 3.500005
v 1.230962 2.125000 0.833328
v 1.230971 1.875001 2.999994
v 1.230974 2.125001 3.499994
v 1.230962 1.875000 0.833328
v 1.230954 2.125000 -1.000006
v 1.230955 1.875000 -0.750006
v -1.230971 2.374999 -3.006612
v -1.230972 2.124999 -3.318596
v -1.230972 2.374999 -3.256612
v -1.230971 2.124999 -3.068596
v -1.230965 2.375000 -1.749995
v -1.230973 1.274999 -3.499995
v -1.230965 2.125000 -1.749995
v -1.230962 2.375000 -0.999995
v -1.230962 2.125000 -0.999995
v -1.230972 1.274999 -3.249995
v -1.230965 1.275000 -1.749995
v -1.230973 0.374999 -3.499995
v -1.230962 0.775000 -0.999995
v -1.230972 0.374999 -3.249995
v -1.230973 -0.125001 -3.499995
v -1.230972 -0.125001 -3.249995
v -1.230966 0.375000 -1.749995
v -1.230966 -0.125000 -1.749995
v -1.230962 0.375000 -0.999995
v -1.230962 -0.125000 -0.999995
v -1.230954 0.775000 0.833338
v -1.230954 0.375000 0.833339
v -1.230954 -0.125000 0.833339
v -1.230943 0.375001 3.500005
v -1.230943 -0.124999 3.500006
v -1.230943 1.275001 3.500005
v -1.230942 2.125001 3.500005
v -1.230954 2.125001 0.833338
v -1.230942 2.375001 3.500005
v -1.230954 2.375001 0.833338
v 0.980944 2.374999 -3.256621
v 1.230944 2.124999 -3.318607
v 1.230944 2.374999 -3.256622
v 0.980944 2.124999 -3.318606
v -0.980972 2.374999 -3.256613
v 1.230943 1.274999 -3.500006
v -0.980972 2.124999 -3.318597
v -1.230972 2.374999 -3.256612
v -1.230972 2.124999 -3.318596
v 0.980943 1.274999 -3.500005
v -0.980973 1.274999 -3.499996
v 1.230943 0.374999 -3.500006
v -1.230973 1.274999 -3.499995
v 0.980943 0.374999 -3.500005
v 1.230943 -0.125001 -3.500006
v 0.980943 -0.125001 -3.500004
v -0.980973 0.374999 -3.499996
v -1.230973 0.374999 -3.499995
v -0.980973 -0.125001 -3.499996
v -1.230973 -0.125001 -3.499995
v 1.230962 2.375000 0.833327
v 1.230962 2.125000 0.833328
v 1.230974 2.125001 3.499994
v 1.230974 2.375001 3.499994
v -0.980942 2.375001 3.500004
v -1.230942 2.125001 3.500005
v -1.230942 2.375001 3.500005
v -0.980942 2.125001 3.500004
v 0.980974 2.375001 3.499995
v -1.230943 1.275001 3.500005
v -0.980943 1.275001 3.500004
v -1.230943 0.375001 3.500005
v 0.980973 2.125001 3.499995
v 1.230974 2.375001 3.499994
v 1.230974 2.125001 3.499994
v 0.980973 1.275001 3.499996
v 1.230973 1.275001 3.499995
v -0.980943 0.775001 3.500004
v -1.230943 -0.124999 3.500006
v -0.980943 -0.124999 3.500004
v 0.980973 0.775001 3.499996
v 1.230973 0.375001 3.499995
v 0.980973 -0.124999 3.499996
v 1.230973 -0.124999 3.499995
v -0.980943 1.275001 3.500004
v -0.980944 0.775001 3.250004
v -0.980943 0.775001 3.500004
v -0.980944 1.275001 3.250004
v -0.980942 2.125001 3.500004
v -0.980944 2.125001 3.250004
v -1.230972 -0.125001 -3.249995
v -0.980973 -0.125001 -3.499996
v -1.230973 -0.125001 -3.499995
v -0.980972 -0.125001 -3.249996
v -1.230966 -0.125000 -1.749995
v 0.980943 -0.125001 -3.500004
v -0.980966 -0.125000 -1.749996
v -1.230962 -0.125000 -0.999995
v 0.980944 -0.125001 -3.250004
v 1.230943 -0.125001 -3.500006
v 1.230944 -0.125001 -3.250005
v 0.980950 -0.125001 -1.750004
v 1.230950 -0.125001 -1.750005
v -0.980962 -0.125000 -0.999996
v -1.230954 -0.125000 0.833339
v 0.980954 -0.125000 -1.000004
v 1.230954 -0.125000 -1.000005
v -0.980954 -0.125000 0.833338
v -1.230943 -0.124999 3.500006
v -0.980943 -0.124999 3.500004
v 0.980962 -0.125000 0.833329
v 1.230962 -0.125000 0.833328
v 0.980973 -0.124999 3.499996
v 1.230973 -0.124999 3.499995
v 1.230945 2.124999 -3.068607
v 0.980951 2.124999 -1.750005
v 1.230951 2.124999 -1.750006
v 0.980945 2.124999 -3.068606
v -0.980971 2.124999 -3.068597
v -0.980965 2.125000 -1.749996
v -1.230965 2.125000 -1.749995
v -1.230971 2.124999 -3.068596
v 1.230951 1.274999 -1.750006
v 0.980951 1.274999 -1.750005
v 0.980944 1.274999 -3.250005
v 1.230944 1.274999 -3.250006
v 0.980943 1.274999 -3.500005
v 0.980944 1.274999 -3.250005
v -0.980972 1.274999 -3.249996
v -0.980973 1.274999 -3.499996
v -1.230972 1.274999 -3.249995
v -0.980972 1.274999 -3.249996
v -0.980965 1.275000 -1.749996
v -1.230965 1.275000 -1.749995
v -0.980972 2.124999 -3.318597
v -0.980971 2.124999 -3.068597
v 0.980945 2.124999 -3.068606
v 0.980944 2.124999 -3.318606
v -0.980972 2.124999 -3.318597
v -0.980973 1.274999 -3.499996
v -0.980972 1.274999 -3.249996
v -0.980971 2.124999 -3.068597
v 0.980944 2.124999 -3.318606
v 0.980945 2.124999 -3.068606
v 0.980944 1.274999 -3.250005
v 0.980943 1.274999 -3.500005
v 1.230945 2.124999 -3.068607
v 1.230944 1.274999 -3.250006
v 0.980944 1.274999 -3.250005
v 0.980945 2.124999 -3.068606
v -1.230972 1.274999 -3.249995
v -1.230971 2.124999 -3.068596
v -0.980971 2.124999 -3.068597
v -0.980972 1.274999 -3.249996
v -1.230965 1.275000 -1.749995
v -0.980965 2.125000 -1.749996
v -1.230965 2.125000 -1.749995
v -0.980965 1.275000 -1.749996
v 0.980951 1.274999 -1.750005
v 0.980951 2.124999 -1.750005
v 1.230951 2.124999 -1.750006
v 1.230951 1.274999 -1.750006
v -0.980972 1.274999 -3.249996
v -0.980972 0.374999 -3.249996
v -0.980966 0.375000 -1.749996
v -0.980965 1.275000 -1.749996
v 0.980944 1.274999 -3.250005
v 0.980944 0.374999 -3.250005
v -0.980972 0.374999 -3.249996
v -0.980972 1.274999 -3.249996
v 0.980951 1.274999 -1.750005
v 0.980950 0.374999 -1.750004
v 0.980944 0.374999 -3.250005
v 0.980944 1.274999 -3.250005
v 0.980950 0.374999 -1.750004
v -0.980966 0.375000 -1.749996
v -0.980972 0.374999 -3.249996
v 0.980944 0.374999 -3.250005
v -0.980965 1.275000 -1.749996
v -0.980966 0.375000 -1.749996
v 0.980950 0.374999 -1.750004
v 0.980951 1.274999 -1.750005
v 1.230954 1.275000 -1.000006
v 1.230955 1.875000 -0.750006
v 1.230954 2.125000 -1.000006
v 1.230955 1.384335 -0.750006
v 1.230954 0.375000 -1.000005
v 1.230955 0.864809 -0.750006
v 1.230962 0.375000 0.833328
v 1.230962 0.864809 0.833328
v 1.230973 0.375001 3.499995
v 1.230971 0.864810 2.999995
v -1.230962 0.775000 -0.999995
v -0.980962 0.775000 -0.999996
v -0.980954 0.775000 0.833337
v -1.230954 0.775000 0.833338
v -0.980962 0.775000 -0.999996
v -0.980962 2.125000 -0.999996
v -0.980954 2.125000 0.833337
v -0.980954 0.775000 0.833337
v -1.230954 2.125001 0.833338
v -1.230954 0.775000 0.833338
v -0.980954 0.775000 0.833337
v -0.980954 2.125000 0.833337
v -0.980962 2.375000 -0.999996
v -0.980954 2.375001 0.833337
v -1.230954 2.375001 0.833338
v -1.230962 2.375000 -0.999995
v -1.230962 2.125000 -0.999995
v -0.980962 2.125000 -0.999996
v -0.980962 0.775000 -0.999996
v -1.230962 0.775000 -0.999995
v 0.980972 1.275001 3.249996
v 0.980972 0.775001 3.249996
v -0.980944 0.775001 3.250004
v -0.980944 1.275001 3.250004
v 0.980972 2.125001 3.249995
v -0.980944 2.125001 3.250004
v 0.980973 2.125001 3.499995
v 0.980972 2.125001 3.249995
v -0.980944 2.125001 3.250004
v -0.980942 2.125001 3.500004
v -0.980943 0.775001 3.500004
v -0.980944 0.775001 3.250004
v 0.980972 0.775001 3.249996
v 0.980973 0.775001 3.499996
v 0.980973 1.275001 3.499996
v 0.980972 2.125001 3.249995
v 0.980973 2.125001 3.499995
v 0.980972 1.275001 3.249996
v 0.980973 0.775001 3.499996
v 0.980972 0.775001 3.249996
v 0.980954 2.375000 -1.000005
v 1.230954 2.375000 -1.000006
v 1.230962 2.375000 0.833327
v 0.980962 2.375000 0.833329
v 1.230962 1.875000 0.833328
v 0.980971 1.875001 2.999996
v 1.230971 1.875001 2.999994
v 0.980962 1.875000 0.833329
v 1.230955 1.875000 -0.750006
v 0.980955 1.875000 -0.750005
v 1.230955 0.864809 -0.750006
v 0.980955 0.864809 -0.750004
v 0.980955 1.384335 -0.750005
v 1.230955 1.384335 -0.750006
v 0.980955 1.875000 -0.750005
v 1.230955 1.875000 -0.750006
v 1.230974 2.125001 3.499994
v 1.230971 1.875001 2.999994
v 1.230971 1.384337 2.999995
v 1.230973 1.275001 3.499995
v 1.230971 0.864810 2.999995
v 1.230973 0.375001 3.499995
v 0.980962 1.875000 0.833329
v 0.980971 1.384337 2.999996
v 0.980971 1.875001 2.999996
v 0.980962 1.384336 0.833329
v 0.980971 0.864810 2.999996
v 0.980962 0.864809 0.833329
v 0.980955 1.384335 -0.750005
v 0.980955 0.864809 -0.750004
v 0.980955 1.875000 -0.750005
v 0.980962 1.875000 0.833329
v 1.230962 0.864809 0.833328
v 0.980955 0.864809 -0.750004
v 1.230955 0.864809 -0.750006
v 0.980962 0.864809 0.833329
v 1.230971 0.864810 2.999995
v 0.980971 0.864810 2.999996
v 1.230971 1.875001 2.999994
v 0.980971 1.875001 2.999996
v 0.980971 1.384337 2.999996
v 1.230971 1.384337 2.999995
v 0.980971 0.864810 2.999996
v 1.230971 0.864810 2.999995
v 0.352020 1.538569 1.442076
v 0.352020 1.164761 1.442076
v 1.126968 1.164761 1.442073
v 1.126968 1.538569 1.442073
v 1.126968 1.538569 1.442073
v 1.126968 1.164761 1.442073
v 1.126970 1.164761 1.815881
v 1.126970 1.538569 1.815881
v 1.126970 1.538569 1.815881
v 1.126970 1.164761 1.815881
v 0.352022 1.164761 1.815884
v 0.352022 1.538569 1.815884
v 0.352022 1.164761 1.815884
v 1.126970 1.164761 1.815881
v 1.126968 1.164761 1.442073
v 0.352020 1.164761 1.442076
v 1.126970 1.538569 1.815881
v 0.352022 1.538569 1.815884
v 0.352020 1.538569 1.442076
v 1.126968 1.538569 1.442073
v 0.352023 1.641133 2.073500
v 0.352023 1.062197 2.073500
v 1.126971 1.062197 2.073497
v 1.126971 1.641133 2.073497
v 1.126971 1.641133 2.073497
v 1.126971 1.062197 2.073497
v 1.126973 1.062197 2.652432
v 1.126973 1.641133 2.652432
v 1.126973 1.641133 2.652432
v 1.126973 1.062197 2.652432
v 0.352025 1.062198 2.652436
v 0.352026 1.641133 2.652436
v 0.352025 1.062198 2.652436
v 1.126973 1.062197 2.652432
v 1.126971 1.062197 2.073497
v 0.352023 1.062197 2.073500
v 1.126973 1.641133 2.652432
v 0.352026 1.641133 2.652436
v 0.352023 1.641133 2.073500
v 1.126971 1.641133 2.073497
v -1.114932 1.416236 0.326946
v -1.114934 1.295175 0.117261
v -0.501057 1.295175 0.117258
v -0.501056 1.416236 0.326943
v -1.114934 1.295175 0.117261
v -1.114934 1.053051 0.117261
v -0.501057 1.053051 0.117258
v -0.501057 1.295175 0.117258
v -1.114934 1.053051 0.117261
v -1.114932 0.931989 0.326946
v -0.501056 0.931989 0.326943
v -0.501057 1.053051 0.117258
v -1.114932 0.931989 0.326946
v -1.114931 1.053051 0.536631
v -0.501054 1.053051 0.536628
v -0.501056 0.931989 0.326943
v -1.114930 1.295174 0.536632
v -1.114932 1.416236 0.326946
v -0.501056 1.416236 0.326943
v -0.501054 1.295174 0.536629
v -1.114931 1.053051 0.536631
v -1.114930 1.295174 0.536632
v -0.501054 1.295174 0.536629
v -0.501054 1.053051 0.536628
v -1.114932 1.416236 0.326946
v -1.114930 1.295174 0.536632
v -1.114931 1.053051 0.536631
v -1.114932 0.931989 0.326946
v -1.114934 1.295175 0.117261
v -1.114934 1.053051 0.117261
v -0.656527 2.619334 -2.911054
v -0.656528 2.296357 -2.911054
v 0.656503 2.296357 -2.911059
v 0.656503 2.619334 -2.911059
v 0.656506 2.619334 -2.238537
v 0.656506 2.296357 -2.238536
v -0.656525 2.296357 -2.238531
v -0.656525 2.619334 -2.238531
v 0.656506 2.619334 -2.238537
v -0.656525 2.619334 -2.238531
v -0.656527 2.619334 -2.911054
v 0.656503 2.619334 -2.911059
v 0.694987 -0.076025 3.669168
v 0.694987 -0.273431 3.669168
v 0.694978 -0.106347 1.669167
v 0.694978 0.091060 1.669167
v 0.892385 0.091060 1.669166
v 0.892385 -0.106347 1.669166
v 0.892394 -0.273431 3.669167
v 0.892394 -0.076025 3.669167
v 0.892394 -0.076025 3.669167
v 0.892394 -0.273431 3.669167
v 0.694987 -0.273431 3.669168
v 0.694987 -0.076025 3.669168
v 0.694987 -0.273431 3.669168
v 0.892394 -0.273431 3.669167
v 0.892385 -0.106347 1.669166
v 0.694978 -0.106347 1.669167
v 0.892394 -0.076025 3.669167
v 0.694987 -0.076025 3.669168
v 0.694978 0.091060 1.669167
v 0.892385 0.091060 1.669166
v -1.260816 0.100803 -3.182239
v -1.260816 -0.158647 -3.182239
v -1.260817 -0.158647 -3.530296
v -1.260817 0.100803 -3.530296
v 0.531245 0.100802 -3.597231
v 1.261045 -0.158648 -3.530307
v 1.261045 0.100802 -3.530307
v 0.531245 -0.158648 -3.597231
v -0.516271 0.100802 -3.597227
v -0.516271 -0.158648 -3.597227
v -1.260817 0.100803 -3.530296
v -1.260817 -0.158647 -3.530296
v 1.261045 0.100802 -3.530307
v 1.261045 -0.158648 -3.530307
v 1.261047 -0.158648 -3.182250
v 1.261047 0.100802 -3.182250
v -0.516270 0.100803 -3.249169
v -1.260816 -0.158647 -3.182239
v -1.260816 0.100803 -3.182239
v -0.516270 -0.158647 -3.249169
v 0.531246 0.100802 -3.249174
v 0.531246 -0.158648 -3.249174
v 1.261047 0.100802 -3.182250
v 1.261047 -0.158648 -3.182250
v 0.531246 -0.158648 -3.249174
v 1.261047 -0.158648 -3.182250
v 1.261045 -0.158648 -3.530307
v 0.531245 -0.158648 -3.597231
v -0.516270 -0.158647 -3.249169
v -0.516271 -0.158648 -3.597227
v -1.260816 -0.158647 -3.182239
v -1.260817 -0.158647 -3.530296
v -0.516270 0.100803 -3.249169
v -1.260816 0.100803 -3.182239
v -1.260817 0.100803 -3.530296
v -0.516271 0.100802 -3.597227
v 0.531246 0.100802 -3.249174
v 0.531245 0.100802 -3.597231
v 1.261047 0.100802 -3.182250
v 1.261045 0.100802 -3.530307
v 1.260819 0.100804 3.178045
v 1.260819 -0.158646 3.178045
v 1.260821 -0.158646 3.526103
v 1.260821 0.100804 3.526102
v -0.531241 0.100805 3.593040
v -1.261041 -0.158645 3.526117
v -1.261041 0.100805 3.526117
v -0.531241 -0.158645 3.593040
v 0.516275 0.100804 3.593034
v 0.516275 -0.158646 3.593034
v 1.260821 0.100804 3.526102
v 1.260821 -0.158646 3.526103
v -1.261041 0.100805 3.526117
v -1.261041 -0.158645 3.526117
v -1.261043 -0.158645 3.178060
v -1.261043 0.100805 3.178060
v 0.516273 0.100804 3.244977
v 1.260819 -0.158646 3.178045
v 1.260819 0.100804 3.178045
v 0.516273 -0.158646 3.244977
v -0.531243 0.100804 3.244983
v -0.531243 -0.158645 3.244983
v -1.261043 0.100805 3.178060
v -1.261043 -0.158645 3.178060
v -0.531243 -0.158645 3.244983
v -1.261043 -0.158645 3.178060
v -1.261041 -0.158645 3.526117
v -0.531241 -0.158645 3.593040
v 0.516273 -0.158646 3.244977
v 0.516275 -0.158646 3.593034
v 1.260819 -0.158646 3.178045
v 1.260821 -0.158646 3.526103
v 0.516273 0.100804 3.244977
v 1.260819 0.100804 3.178045
v 1.260821 0.100804 3.526102
v 0.516275 0.100804 3.593034
v -0.531243 0.100804 3.244983
v -0.531241 0.100805 3.593040
v -1.261043 0.100805 3.178060
v -1.261041 0.100805 3.526117
v -1.114937 1.602871 -0.687525
v -1.114937 1.272555 -0.496818
v -0.501060 1.272554 -0.496820
v -0.501060 1.602870 -0.687528
v -1.114937 1.272555 -0.496818
v -1.114935 1.272555 -0.115402
v -0.501058 1.272554 -0.115405
v -0.501060 1.272554 -0.496820
v -1.114935 1.272555 -0.115402
v -1.114933 1.602871 0.075305
v -0.501057 1.602870 0.075303
v -0.501058 1.272554 -0.115405
v -1.114933 1.602871 0.075305
v -1.114933 1.933186 -0.115402
v -0.501056 1.933185 -0.115405
v -0.501057 1.602870 0.075303
v -1.114935 1.933186 -0.496818
v -1.114937 1.602871 -0.687525
v -0.501060 1.602870 -0.687528
v -0.501058 1.933185 -0.496820
v -1.114933 1.933186 -0.115402
v -1.114935 1.933186 -0.496818
v -0.501058 1.933185 -0.496820
v -0.501056 1.933185 -0.115405
v -1.114933 1.933186 -0.115402
v -1.114933 1.602871 0.075305
v -1.114935 1.272555 -0.115402
v -1.114937 1.272555 -0.496818
v -1.114935 1.933186 -0.496818
v -1.114937 1.602871 -0.687525
vt 0.402378589 0.746695638
vt 0.379996777 0.695728898
vt 0.403473258 0.746555746
vt 0.402378589 0.746695638
vt 0.403473258 0.746555746
vt 0.403554797 0.746410131
vt 0.101932518 0.78817451
vt 0.101932518 0.787297904
vt 0.106483713 0.787297904
vt 0.101932518 0.78817451
vt 0.106483713 0.787297904
vt 0.101814896 0.78817451
vt 0.115481727 0.809094846
vt 0.0965873748 0.801037192
vt 0.0911088586 0.756327271
vt 0.115481727 0.809094846
vt 0.0911088586 0.756327271
vt 0.0966297239 0.800721526
vt 0.618334413 0.215457797
vt 0.618334413 0.215457797
vt 0.618334413 0.215457797
vt 0.618334413 0.215457797
vt 0.618334413 0.215457797
vt 0.618334413 0.215457797
vt 0.618334413 0.215457797
vt 0.618334413 0.215457797
vt 0.618334413 0.215457797
vt 0.618334413 0.215457797
vt 0.618334413 0.215457797
vt 0.618334413 0.215457797
vt 0.618334413 0.215457797
vt 0.618334413 0.215457797
vt 0.618334413 0.215457797
vt 0.618334413 0.215457797
vt 0.618334413 0.215457797
vt 0.618334413 0.215457797
vt 0.618334413 0.215457797
vt 0.618334413 0.215457797
vt 0.0842211843 0.74589777
vt 0.0856442526 0.738183975
vt 0.0842211917 0.738183975
vt 0.0856442526 0.74589777
vt 0.0842211917 0.751201034
vt 0.0856442526 0.751201034
vt 0.0842211768 0.754093707
vt 0.08564426 0.754093707
vt 0.0816596448 0.754093707
vt 0.0830827206 0.751201034
vt 0.0792404264 0.754093707
vt 0.0816596448 0.757709563
vt 0.0792404264 0.751201034
vt 0.0842211917 0.757709563
vt 0.08564426 0.757709563
vt 0.0785288811 0.754093707
vt 0.0785288811 0.751201034
vt 0.0785288811 0.757005513
vt 0.0792404264 0.757184803
vt 0.0785288811 0.757728696
vt 0.0792404264 0.757907987
vt 0.0816596448 0.758432686
vt 0.0842211917 0.758432686
vt 0.08564426 0.758432686
vt 0.100478165 0.751201034
vt 0.0997666195 0.751201034
vt 0.0997666195 0.754093707
vt 0.100478165 0.754093707
vt 0.0997666195 0.757005513
vt 0.100478165 0.757005513
vt 0.0997666195 0.757728696
vt 0.100478165 0.757728696
vt 0.10606207 0.757005513
vt 0.10606207 0.757728696
vt 0.10606207 0.754093707
vt 0.106773607 0.757005513
vt 0.106773607 0.757728696
vt 0.106773607 0.754093707
vt 0.106773607 0.751201034
vt 0.10606207 0.751201034
vt 0.10606207 0.74589777
vt 0.100478165 0.74589777
vt 0.10606207 0.738183975
vt 0.106773607 0.738183975
vt 0.106773607 0.74589777
vt 0.100478165 0.738183975
vt 0.0997666195 0.74589777
vt 0.0997666195 0.738183975
vt 0.101932518 0.787297904
vt 0.101932511 0.786022782
vt 0.101932511 0.786022782
vt 0.101932518 0.787297904
vt 0.101932518 0.78817451
vt 0.101932518 0.78817451
vt 0.0927596316 0.757005513
vt 0.0920481011 0.757907987
vt 0.0927596316 0.757728696
vt 0.0920481011 0.757184803
vt 0.0927596316 0.754093707
vt 0.0896288753 0.758432686
vt 0.0920481011 0.754093707
vt 0.0927596316 0.751201034
vt 0.0920481011 0.751201034
vt 0.0896288753 0.757709563
vt 0.0896288753 0.754093707
vt 0.0870673358 0.758432686
vt 0.088205792 0.751201034
vt 0.0870673358 0.757709563
vt 0.08564426 0.758432686
vt 0.08564426 0.757709563
vt 0.0870673358 0.754093707
vt 0.08564426 0.754093707
vt 0.0870673358 0.751201034
vt 0.08564426 0.751201034
vt 0.088205792 0.74589777
vt 0.0870673358 0.74589777
vt 0.08564426 0.74589777
vt 0.0870673358 0.738183975
vt 0.08564426 0.738183975
vt 0.0896288753 0.738183975
vt 0.0920481011 0.738183975
vt 0.0920481011 0.74589777
vt 0.0927596316 0.738183975
vt 0.0927596316 0.74589777
vt 0.0990550816 0.758432686
vt 0.0997666195 0.759165347
vt 0.0997666195 0.758432686
vt 0.0990550816 0.759165347
vt 0.0934711695 0.758432686
vt 0.0997666195 0.761651337
vt 0.0934711695 0.759165347
vt 0.0927596316 0.758432686
vt 0.0927596316 0.759165347
vt 0.0990550816 0.761651337
vt 0.0934711695 0.761651337
vt 0.0997666195 0.76424998
vt 0.0927596316 0.761651337
vt 0.0990550816 0.76424998
vt 0.0997666195 0.765693724
vt 0.0990550816 0.765693724
vt 0.0934711695 0.76424998
vt 0.092759639 0.76424998
vt 0.0934711695 0.765693724
vt 0.092759639 0.765693724
vt 0.0785288811 0.74589777
vt 0.0792404264 0.74589777
vt 0.0792404115 0.738183975
vt 0.0785288811 0.738183975
vt 0.0919397026 0.758432686
vt 0.092651248 0.759155691
vt 0.092651248 0.758432686
vt 0.0919397026 0.759155691
vt 0.0863558054 0.758432686
vt 0.092651248 0.761613905
vt 0.0919397026 0.761613905
vt 0.092651248 0.764216661
vt 0.0863558054 0.759155691
vt 0.08564426 0.758432686
vt 0.08564426 0.759155691
vt 0.0863558054 0.761613905
vt 0.08564426 0.761613905
vt 0.0919397026 0.764216661
vt 0.092651248 0.76566267
vt 0.0919397026 0.76566267
vt 0.0863558054 0.764216661
vt 0.08564426 0.764216661
vt 0.0863558054 0.76566267
vt 0.08564426 0.76566267
vt 0.35988304 0.88354975
vt 0.35917154 0.886153162
vt 0.35988304 0.886153162
vt 0.35917154 0.88354975
vt 0.35988304 0.881090939
vt 0.35917154 0.881090939
vt 0.0927596316 0.738907158
vt 0.0934711695 0.738183975
vt 0.0927596316 0.738183975
vt 0.0934711695 0.738907158
vt 0.0927596316 0.742523015
vt 0.0990550816 0.738183975
vt 0.0934711695 0.742523015
vt 0.092759639 0.745415688
vt 0.0990550816 0.738907158
vt 0.0997666195 0.738183975
vt 0.0997666195 0.738907158
vt 0.0990550816 0.742523015
vt 0.0997666195 0.742523015
vt 0.0934711695 0.745415688
vt 0.092759639 0.750718892
vt 0.0990550816 0.745415688
vt 0.0997666195 0.745415688
vt 0.0934711695 0.750718892
vt 0.092759639 0.758432686
vt 0.0934711769 0.758432686
vt 0.0990550816 0.750718892
vt 0.0997666195 0.750718892
vt 0.0990550816 0.758432686
vt 0.0997666195 0.758432686
vt 0.106773607 0.750607133
vt 0.109815001 0.751330316
vt 0.109815001 0.750607133
vt 0.106773607 0.751330316
vt 0.106773607 0.757005513
vt 0.109815001 0.757005513
vt 0.109815001 0.757728696
vt 0.106773607 0.757728696
vt 0.10402678 0.764850199
vt 0.103315257 0.764850199
vt 0.103315257 0.768466055
vt 0.10402678 0.768466055
vt 0.0849315077 0.758432686
vt 0.0842199773 0.758432686
vt 0.0842199773 0.764107883
vt 0.0849315077 0.764107883
vt 0.08564426 0.769278526
vt 0.0863558054 0.769278526
vt 0.0863558054 0.76566267
vt 0.08564426 0.76566267
vt 0.107485145 0.744931996
vt 0.106773607 0.744931996
vt 0.106773607 0.750607133
vt 0.107485145 0.750607133
vt 0.0893938467 0.765813589
vt 0.0893938392 0.768327713
vt 0.0900897011 0.768176794
vt 0.0900897011 0.76566267
vt 0.0863558054 0.768176794
vt 0.0870516673 0.768327713
vt 0.0870516673 0.765813589
vt 0.0863558054 0.76566267
vt 0.0893938392 0.768132389
vt 0.0893938392 0.76566267
vt 0.0886823013 0.76566267
vt 0.0886823013 0.768132389
vt 0.0870516673 0.76566267
vt 0.0870516673 0.768132389
vt 0.0877632126 0.768132389
vt 0.0877632126 0.76566267
vt 0.102181442 0.764850199
vt 0.0997666195 0.764127016
vt 0.0997666195 0.764850199
vt 0.102181442 0.764127016
vt 0.102181442 0.758451879
vt 0.0997666195 0.758451879
vt 0.0997666195 0.757728696
vt 0.102181442 0.757728696
vt 0.440662175 0.747805715
vt 0.443223715 0.747805715
vt 0.443223715 0.744189858
vt 0.440662175 0.744189858
vt 0.447669178 0.723198831
vt 0.450230062 0.723198831
vt 0.450230062 0.717523634
vt 0.447669178 0.717523634
vt 0.433546811 0.745002329
vt 0.430985272 0.745002329
vt 0.430985272 0.748618186
vt 0.433546811 0.748618186
vt 0.574220181 0.702776372
vt 0.574220181 0.704056025
vt 0.57502234 0.704056025
vt 0.57502234 0.702776372
vt 0.443076998 0.743466675
vt 0.445633888 0.743466675
vt 0.445633888 0.737791538
vt 0.443076998 0.737791538
vt 0.0830827206 0.751201034
vt 0.0792404264 0.751201034
vt 0.0792404264 0.751201034
vt 0.0830827206 0.751201034
vt 0.0842211917 0.751201034
vt 0.0842211917 0.751201034
vt 0.0842211843 0.74589777
vt 0.0842211843 0.74589777
vt 0.0842211917 0.738183975
vt 0.0842211917 0.738183975
vt 0.413674504 0.871617675
vt 0.414386064 0.871617675
vt 0.414386064 0.866314471
vt 0.413674504 0.866314471
vt 0.414769977 0.878739238
vt 0.410927683 0.878739238
vt 0.410927683 0.884042442
vt 0.414769977 0.884042442
vt 0.409504622 0.886582613
vt 0.409504622 0.890480638
vt 0.410216123 0.890480638
vt 0.410216123 0.886582613
vt 0.0970467627 0.801037192
vt 0.0970891118 0.801037192
vt 0.0970891118 0.800721526
vt 0.0911088586 0.756327271
vt 0.389699012 0.889022648
vt 0.390410572 0.889022648
vt 0.390410572 0.885118484
vt 0.389699012 0.885118484
vt 0.331823021 0.882166982
vt 0.334383935 0.882166982
vt 0.334383935 0.876491725
vt 0.331823021 0.876491725
vt 0.329404384 0.882166982
vt 0.329404384 0.876491725
vt 0.335095495 0.876491725
vt 0.334383935 0.876491725
vt 0.334383935 0.882166922
vt 0.335095495 0.882166922
vt 0.335808247 0.882166922
vt 0.336519748 0.882166922
vt 0.336519748 0.876491725
vt 0.335808247 0.876491725
vt 0.335808188 0.884625733
vt 0.336519748 0.882166982
vt 0.335808188 0.882166982
vt 0.336519748 0.884625733
vt 0.335808188 0.887229145
vt 0.336519748 0.887229145
vt 0.10636609 0.78817451
vt 0.0888341963 0.66400218
vt 0.106483713 0.787297904
vt 0.10636609 0.787297904
vt 0.311669201 0.782791257
vt 0.311669171 0.775077462
vt 0.311669171 0.775077462
vt 0.311669201 0.782791257
vt 0.311669201 0.788094521
vt 0.311669201 0.788094521
vt 0.37576741 0.821378648
vt 0.37576741 0.821378648
vt 0.375579208 0.821378648
vt 0.375579208 0.821378648
vt 0.374944091 0.821378648
vt 0.374944091 0.821378648
vt 0.08564426 0.759155691
vt 0.08564426 0.759155691
vt 0.08564426 0.761613905
vt 0.08564426 0.761613905
vt 0.08564426 0.764216661
vt 0.08564426 0.764216661
vt 0.374944091 0.820502043
vt 0.375343978 0.819226921
vt 0.374944091 0.819226921
vt 0.375579208 0.820502043
vt 0.37576741 0.819226921
vt 0.37576741 0.820502043
vt 0.375579208 0.821378648
vt 0.37576741 0.821378648
vt 0.374944091 0.821378648
vt 0.361845762 0.697206318
vt 0.316649973 0.782791257
vt 0.316649973 0.788094521
vt 0.316649973 0.788094521
vt 0.316649973 0.782791257
vt 0.316649973 0.775077462
vt 0.316649973 0.775077462
vt 0.318073034 0.796049118
vt 0.318073034 0.796049118
vt 0.318073034 0.798507333
vt 0.318073034 0.798507333
vt 0.318073034 0.801110148
vt 0.318073034 0.801110148
vt 0.629033387 0.760005116
vt 0.629033387 0.760005116
vt 0.629033387 0.760005116
vt 0.629033387 0.760005116
vt 0.629033387 0.760005116
vt 0.629033387 0.760005116
vt 0.629033387 0.760005116
vt 0.629033387 0.760005116
vt 0.629033387 0.760005116
vt 0.629033387 0.760005116
vt 0.629033387 0.760005116
vt 0.629033387 0.760005116
vt 0.629033387 0.760005116
vt 0.629033387 0.760005116
vt 0.629033387 0.760005116
vt 0.629033387 0.760005116
vt 0.629033387 0.760005116
vt 0.629033387 0.760005116
vt 0.629033387 0.760005116
vt 0.629033387 0.760005116
vt 0.629033387 0.760005116
vt 0.629033387 0.760005116
vt 0.629033387 0.760005116
vt 0.629033387 0.760005116
vt 0.629033387 0.760005116
vt 0.629033387 0.760005116
vt 0.629033387 0.760005116
vt 0.629033387 0.760005116
vt 0.629033387 0.760005116
vt 0.629033387 0.760005116
vt 0.629033387 0.760005116
vt 0.629033387 0.760005116
vt 0.629033387 0.760005116
vt 0.629033387 0.760005116
vt 0.629033387 0.760005116
vt 0.629033387 0.760005116
vt 0.629033387 0.760005116
vt 0.629033387 0.760005116
vt 0.629033387 0.760005116
vt 0.629033387 0.760005116
vt 0.591742754 0.71586585
vt 0.596004426 0.71586591
vt 0.596004426 0.69143784
vt 0.591742754 0.69143784
vt 0.596004426 0.71586591
vt 0.598135233 0.71586591
vt 0.598135233 0.69143784
vt 0.596004426 0.69143784
vt 0.606658578 0.69143784
vt 0.604527712 0.69143784
vt 0.604527712 0.71586585
vt 0.606658578 0.71586585
vt 0.604527712 0.69143784
vt 0.600266039 0.69143784
vt 0.600266039 0.71586585
vt 0.604527712 0.71586585
vt 0.589611948 0.71586585
vt 0.591742754 0.71586585
vt 0.591742754 0.69143784
vt 0.589611948 0.69143784
vt 0.600266039 0.69143784
vt 0.598135233 0.69143784
vt 0.598135233 0.71586591
vt 0.600266039 0.71586585
vt 0.606658578 0.693915129
vt 0.606658578 0.698869646
vt 0.610349238 0.701346874
vt 0.614039958 0.698869646
vt 0.610349238 0.69143784
vt 0.614039958 0.693915129
vt 0.628821731 0.758750856
vt 0.614386916 0.758750856
vt 0.614386916 0.802029669
vt 0.628821731 0.802029669
vt 0.643256545 0.758750856
vt 0.628821731 0.758750856
vt 0.628821731 0.802029669
vt 0.643256545 0.802029669
vt 0.614386916 0.802029669
vt 0.614386916 0.758750856
vt 0.584329844 0.758750856
vt 0.584329844 0.80202961
vt 0.902443171 0.224117547
vt 0.88990134 0.223607123
vt 0.88990134 0.28593722
vt 0.902443171 0.286447644
vt 0.88990134 0.223607123
vt 0.87735945 0.224117547
vt 0.87735945 0.286447644
vt 0.88990134 0.28593722
vt 0.927614391 0.223607123
vt 0.927614391 0.229737967
vt 0.940199912 0.229737967
vt 0.940199912 0.223607123
vt 0.915028751 0.223607123
vt 0.902443171 0.223607123
vt 0.902443171 0.28593719
vt 0.915028751 0.28593719
vt 0.927614391 0.223607123
vt 0.915028751 0.223607123
vt 0.915028751 0.28593719
vt 0.927614391 0.28593719
vt 0.597457051 0.715270758
vt 0.603017449 0.715270758
vt 0.603017449 0.710513532
vt 0.597457051 0.710513532
vt 0.586336195 0.71573174
vt 0.591896594 0.705756307
vt 0.586336195 0.705756307
vt 0.591896594 0.71573174
vt 0.586336195 0.730049133
vt 0.591896594 0.730049133
vt 0.586336195 0.740225017
vt 0.591896594 0.740225017
vt 0.603017449 0.705756307
vt 0.597457051 0.705756307
vt 0.597457051 0.710513532
vt 0.603017449 0.710513532
vt 0.597456992 0.730049133
vt 0.591896594 0.740225077
vt 0.597457051 0.740225017
vt 0.591896594 0.730049133
vt 0.597456992 0.71573174
vt 0.591896594 0.71573174
vt 0.597457051 0.705756307
vt 0.591896594 0.705756307
vt 0.578876793 0.73025018
vt 0.577442467 0.740225077
vt 0.584901869 0.740225077
vt 0.586336195 0.73025018
vt 0.578876793 0.715932727
vt 0.586336195 0.715932727
vt 0.577442467 0.705756307
vt 0.584901869 0.705756307
vt 0.569983006 0.730048597
vt 0.568548679 0.740225077
vt 0.576008081 0.740225077
vt 0.577442467 0.730048597
vt 0.569983006 0.715731144
vt 0.577442467 0.715731144
vt 0.568548679 0.705756307
vt 0.576008081 0.705756307
vt 0.612386346 0.674454212
vt 0.615715384 0.674454212
vt 0.615715384 0.671606004
vt 0.612386346 0.671606004
vt 0.605728209 0.674730182
vt 0.609057248 0.668757796
vt 0.605728209 0.668757796
vt 0.609057248 0.674730182
vt 0.605728209 0.683302104
vt 0.609057248 0.683302104
vt 0.605728209 0.689394474
vt 0.609057248 0.689394474
vt 0.615715384 0.668757796
vt 0.612386346 0.668757796
vt 0.612386346 0.671606004
vt 0.615715384 0.671606004
vt 0.612386286 0.683302104
vt 0.609057248 0.689394474
vt 0.612386346 0.689394474
vt 0.609057248 0.683302104
vt 0.612386286 0.674730182
vt 0.609057248 0.674730182
vt 0.612386346 0.668757796
vt 0.609057248 0.668757796
vt 0.601262212 0.683422446
vt 0.600403488 0.689394534
vt 0.604869425 0.689394474
vt 0.605728209 0.683422446
vt 0.601262212 0.674850523
vt 0.605728209 0.674850523
vt 0.600403488 0.668757796
vt 0.604869425 0.668757796
vt 0.59593749 0.683301806
vt 0.595078707 0.689394534
vt 0.599544704 0.689394474
vt 0.600403488 0.683301806
vt 0.59593749 0.674729824
vt 0.600403488 0.674729824
vt 0.595078707 0.668757796
vt 0.599544704 0.668757796
vt 0.591742754 0.71586585
vt 0.596004426 0.71586591
vt 0.596004426 0.69143784
vt 0.591742754 0.69143784
vt 0.596004426 0.71586591
vt 0.598135233 0.71586591
vt 0.598135233 0.69143784
vt 0.596004426 0.69143784
vt 0.606658578 0.69143784
vt 0.604527712 0.69143784
vt 0.604527712 0.71586585
vt 0.606658578 0.71586585
vt 0.604527712 0.69143784
vt 0.600266039 0.69143784
vt 0.600266039 0.71586585
vt 0.604527712 0.71586585
vt 0.589611948 0.71586585
vt 0.591742754 0.71586585
vt 0.591742754 0.69143784
vt 0.589611948 0.69143784
vt 0.600266039 0.69143784
vt 0.598135233 0.69143784
vt 0.598135233 0.71586591
vt 0.600266039 0.71586585
vt 0.610349238 0.701346874
vt 0.614039958 0.698869646
vt 0.614039958 0.693915129
vt 0.610349238 0.69143784
vt 0.606658578 0.698869646
vt 0.606658578 0.693915129
vn -0.000000 -1.000000 0.000000
vn -0.000000 -1.000000 0.000000
vn -0.000000 -1.000000 0.000000
vn -0.000000 -1.000000 0.000000
vn -0.000000 -1.000000 0.000000
vn -0.000000 -1.000000 0.000000
vn 1.000000 -0.000000 -0.000004
vn 1.000000 -0.000000 -0.000004
vn 1.000000 -0.000000 -0.000004
vn 1.000000 -0.000000 -0.000004
vn 1.000000 -0.000000 -0.000004
vn 1.000000 -0.000000 -0.000004
vn -1.000000 0.000000 0.000004
vn -1.000000 0.000000 0.000004
vn -1.000000 0.000000 0.000004
vn -1.000000 0.000000 0.000004
vn -1.000000 0.000000 0.000004
vn -1.000000 0.000000 0.000004
vn -1.000000 0.000000 0.000004
vn -1.000000 0.000000 0.000004
vn -1.000000 0.000000 0.000004
vn -1.000000 0.000000 0.000004
vn -0.000004 -0.000000 -1.000000
vn -0.000004 -0.000000 -1.000000
vn -0.000004 -0.000000 -1.000000
vn -0.000004 -0.000000 -1.000000
vn 1.000000 -0.000000 -0.000004
vn 1.000000 -0.000000 -0.000004
vn 1.000000 -0.000000 -0.000004
vn 1.000000 -0.000000 -0.000004
vn 0.000004 0.000000 1.000000
vn 0.000004 0.000000 1.000000
vn 0.000004 0.000000 1.000000
vn 0.000004 0.000000 1.000000
vn 0.000000 1.000000 -0.000000
vn 0.000000 1.000000 -0.000000
vn 0.000000 1.000000 -0.000000
vn 0.000000 1.000000 -0.000000
vn 1.000000 -0.000000 -0.000004
vn 1.000000 -0.000000 -0.000004
vn 1.000000 -0.000000 -0.000004
vn 1.000000 -0.000000 -0.000004
vn 1.000000 -0.000000 -0.000004
vn 1.000000 -0.000000 -0.000004
vn 1.000000 -0.000000 -0.000004
vn 1.000000 -0.000000 -0.000004
vn 1.000000 -0.000000 -0.000004
vn 1.000000 -0.000000 -0.000004
vn 1.000000 -0.000000 -0.000004
vn 1.000000 -0.000000 -0.000004
vn 1.000000 -0.000000 -0.000004
vn 1.000000 -0.000000 -0.000004
vn 1.000000 -0.000000 -0.000004
vn 1.000000 -0.000000 -0.000004
vn 1.000000 -0.000000 -0.000004
vn 1.000000 -0.000000 -0.000004
vn 1.000000 -0.000000 -0.000004
vn 1.000000 -0.000000 -0.000004
vn 1.000000 -0.000000 -0.000004
vn 1.000000 -0.000000 -0.000004
vn 1.000000 -0.000000 -0.000004
vn 1.000000 -0.000000 -0.000004
vn 0.000000 1.000000 -0.000000
vn 0.000000 1.000000 -0.000000
vn 0.000000 1.000000 -0.000000
vn 0.000000 1.000000 -0.000000
vn 0.000000 1.000000 -0.000000
vn 0.000000 1.000000 -0.000000
vn 0.000000 1.000000 -0.000000
vn 0.000000 1.000000 -0.000000
vn 0.000000 1.000000 -0.000000
vn 0.000000 1.000000 -0.000000
vn 0.000000 1.000000 -0.000000
vn 0.000000 1.000000 -0.000000
vn 0.000000 1.000000 -0.000000
vn 0.000000 1.000000 -0.000000
vn 0.000000 1.000000 -0.000000
vn 0.000000 1.000000 -0.000000
vn 0.000000 1.000000 -0.000000
vn 0.000000 1.000000 -0.000000
vn 0.000000 1.000000 -0.000000
vn 0.000000 1.000000 -0.000000
vn 0.000000 1.000000 -0.000000
vn 0.000000 1.000000 -0.000000
vn 0.000000 1.000000 -0.000000
vn 0.000000 1.000000 -0.000000
vn 1.000000 -0.000000 -0.000004
vn 1.000000 -0.000000 -0.000004
vn 1.000000 -0.000000 -0.000004
vn 1.000000 -0.000000 -0.000004
vn 1.000000 -0.000000 -0.000004
vn 1.000000 -0.000000 -0.000004
vn -1.000000 0.000000 0.000004
vn -1.000000 0.000000 0.000004
vn -1.000000 0.000000 0.000004
vn -1.000000 0.000000 0.000004
vn -1.000000 0.000000 0.000004
vn -1.000000 0.000000 0.000004
vn -1.000000 0.000000 0.000004
vn -1.000000 0.000000 0.000004
vn -1.000000 0.000000 0.000004
vn -1.000000 0.000000 0.000004
vn -1.000000 0.000000 0.000004
vn -1.000000 0.000000 0.000004
vn -1.000000 0.000000 0.000004
vn -1.000000 0.000000 0.000004
vn -1.000000 0.000000 0.000004
vn -1.000000 0.000000 0.000004
vn -1.000000 0.000000 0.000004
vn -1.000000 0.000000 0.000004
vn -1.000000 0.000000 0.000004
vn -1.000000 0.000000 0.000004
vn -1.000000 0.000000 0.000004
vn -1.000000 0.000000 0.000004
vn -1.000000 0.000000 0.000004
vn -1.000000 0.000000 0.000004
vn -1.000000 0.000000 0.000004
vn -1.000000 0.000000 0.000004
vn -1.000000 0.000000 0.000004
vn -1.000000 0.000000 0.000004
vn -1.000000 0.000000 0.000004
vn -1.000000 0.000000 0.000004
vn -0.000004 0.240652 -0.970611
vn -0.000004 0.224712 -0.974425
vn -0.000004 0.240652 -0.970611
vn -0.000004 0.230032 -0.973183
vn -0.000004 0.240652 -0.970611
vn -0.000004 0.104934 -0.994479
vn -0.000004 0.230032 -0.973183
vn -0.000004 0.240652 -0.970611
vn -0.000004 0.224712 -0.974425
vn -0.000004 0.069913 -0.997553
vn -0.000004 0.069913 -0.997553
vn -0.000004 -0.000000 -1.000000
vn -0.000004 0.104934 -0.994479
vn -0.000004 -0.000000 -1.000000
vn -0.000004 -0.000000 -1.000000
vn -0.000004 -0.000000 -1.000000
vn -0.000004 -0.000000 -1.000000
vn -0.000004 -0.000000 -1.000000
vn -0.000004 -0.000000 -1.000000
vn -0.000004 -0.000000 -1.000000
vn 1.000000 -0.000000 -0.000004
vn 1.000000 -0.000000 -0.000004
vn 1.000000 -0.000000 -0.000004
vn 1.000000 -0.000000 -0.000004
vn 0.000004 0.000000 1.000000
vn 0.000004 0.000000 1.000000
vn 0.000004 0.000000 1.000000
vn 0.000004 0.000000 1.000000
vn 0.000004 0.000000 1.000000
vn 0.000004 0.000000 1.000000
vn 0.000004 0.000000 1.000000
vn 0.000004 0.000000 1.000000
vn 0.000004 0.000000 1.000000
vn 0.000004 0.000000 1.000000
vn 0.000004 0.000000 1.000000
vn 0.000004 0.000000 1.000000
vn 0.000004 0.000000 1.000000
vn 0.000004 0.000000 1.000000
vn 0.000004 0.000000 1.000000
vn 0.000004 0.000000 1.000000
vn 0.000004 0.000000 1.000000
vn 0.000004 0.000000 1.000000
vn 0.000004 0.000000 1.000000
vn 0.000004 0.000000 1.000000
vn 1.000000 -0.000000 -0.000004
vn 1.000000 -0.000000 -0.000004
vn 1.000000 -0.000000 -0.000004
vn 1.000000 -0.000000 -0.000004
vn 1.000000 -0.000000 -0.000004
vn 1.000000 -0.000000 -0.000004
vn -0.000000 -1.000000 0.000000
vn -0.000000 -1.000000 0.000000
vn -0.000000 -1.000000 0.000000
vn -0.000000 -1.000000 0.000000
vn -0.000000 -1.000000 0.000000
vn -0.000000 -1.000000 0.000000
vn -0.000000 -1.000000 0.000000
vn -0.000000 -1.000000 0.000000
vn -0.000000 -1.000000 0.000000
vn -0.000000 -1.000000 0.000000
vn -0.000000 -1.000000 0.000000
vn -0.000000 -1.000000 0.000000
vn -0.000000 -1.000000 0.000000
vn -0.000000 -1.000000 0.000000
vn -0.000000 -1.000000 0.000000
vn -0.000000 -1.000000 0.000000
vn -0.000000 -1.000000 0.000000
vn -0.000000 -1.000000 0.000000
vn -0.000000 -1.000000 0.000000
vn -0.000000 -1.000000 0.000000
vn -0.000000 -1.000000 0.000000
vn -0.000000 -1.000000 0.000000
vn -0.000000 -1.000000 0.000000
vn -0.000000 -1.000000 0.000000
vn -0.000000 -1.000000 0.000000
vn -0.000000 -1.000000 0.000000
vn -0.000000 -1.000000 0.000000
vn -0.000000 -1.000000 0.000000
vn -0.000000 -1.000000 0.000000
vn -0.000000 -1.000000 0.000000
vn -0.000000 -1.000000 0.000000
vn -0.000000 -1.000000 0.000000
vn 0.000000 1.000000 -0.000000
vn 0.000000 1.000000 -0.000000
vn 0.000000 1.000000 -0.000000
vn 0.000000 1.000000 -0.000000
vn 0.000000 1.000000 -0.000000
vn 0.000000 1.000000 -0.000000
vn 0.000000 1.000000 -0.000000
vn 0.000000 1.000000 -0.000000
vn 0.000000 1.000000 -0.000000
vn 0.000000 1.000000 -0.000000
vn 0.000000 1.000000 -0.000000
vn 0.000000 1.000000 -0.000000
vn -0.000000 -1.000000 0.000000
vn -0.000000 -1.000000 0.000000
vn -0.000000 -1.000000 0.000000
vn -0.000000 -1.000000 0.000000
vn 1.000000 -0.000000 -0.000004
vn 1.000000 -0.000000 -0.000004
vn 1.000000 -0.000000 -0.000004
vn 1.000000 -0.000000 -0.000004
vn -1.000000 0.000000 0.000004
vn -1.000000 0.000000 0.000004
vn -1.000000 0.000000 0.000004
vn -1.000000 0.000000 0.000004
vn 0.000004 -0.208710 0.977977
vn 0.000004 -0.208710 0.977977
vn 0.000004 -0.104934 0.994479
vn 0.000004 -0.208710 0.977977
vn 0.000004 -0.208710 0.977977
vn 0.000004 -0.208710 0.977977
vn 0.000004 -0.208710 0.977977
vn 0.000004 -0.104934 0.994479
vn -0.000004 -0.000000 -1.000000
vn -0.000004 -0.000000 -1.000000
vn -0.000004 -0.000000 -1.000000
vn -0.000004 -0.000000 -1.000000
vn -0.000004 -0.000000 -1.000000
vn -0.000004 -0.000000 -1.000000
vn -0.000004 -0.000000 -1.000000
vn -0.000004 -0.000000 -1.000000
vn 1.000000 -0.000000 -0.000004
vn 1.000000 -0.000000 -0.000004
vn 1.000000 -0.000000 -0.000004
vn 1.000000 -0.000000 -0.000004
vn 0.000004 -0.104934 0.994479
vn 0.000004 0.000000 1.000000
vn 0.000004 0.000000 1.000000
vn 0.000004 -0.104934 0.994479
vn -1.000000 0.000000 0.000004
vn -1.000000 0.000000 0.000004
vn -1.000000 0.000000 0.000004
vn -1.000000 0.000000 0.000004
vn 0.000000 1.000000 -0.000000
vn 0.000000 1.000000 -0.000000
vn 0.000000 1.000000 -0.000000
vn 0.000000 1.000000 -0.000000
vn -0.000004 -0.000000 -1.000000
vn -0.000004 -0.000000 -1.000000
vn -0.000004 -0.000000 -1.000000
vn -0.000004 -0.000000 -1.000000
vn 1.000000 -0.000000 -0.000004
vn 1.000000 -0.000000 -0.000004
vn 1.000000 -0.000000 -0.000004
vn 1.000000 -0.000000 -0.000004
vn 1.000000 -0.000000 -0.000004
vn 1.000000 -0.000000 -0.000004
vn 1.000000 -0.000000 -0.000004
vn 1.000000 -0.000000 -0.000004
vn 1.000000 -0.000000 -0.000004
vn 1.000000 -0.000000 -0.000004
vn 0.000000 1.000000 -0.000000
vn 0.000000 1.000000 -0.000000
vn 0.000000 1.000000 -0.000000
vn 0.000000 1.000000 -0.000000
vn -1.000000 0.000000 0.000004
vn -1.000000 0.000000 0.000004
vn -1.000000 0.000000 0.000004
vn -1.000000 0.000000 0.000004
vn -0.000004 -0.000000 -1.000000
vn -0.000004 -0.000000 -1.000000
vn -0.000004 -0.000000 -1.000000
vn -0.000004 -0.000000 -1.000000
vn 0.000000 1.000000 -0.000000
vn 0.000000 1.000000 -0.000000
vn 0.000000 1.000000 -0.000000
vn 0.000000 1.000000 -0.000000
vn 0.000004 0.000000 1.000000
vn 0.000004 0.000000 1.000000
vn 0.000004 0.000000 1.000000
vn 0.000004 0.000000 1.000000
vn 0.000004 0.000000 1.000000
vn 0.000004 0.000000 1.000000
vn 0.000004 0.000000 1.000000
vn 0.000004 0.000000 1.000000
vn 0.000004 0.000000 1.000000
vn 0.000004 0.000000 1.000000
vn -0.000000 -1.000000 0.000000
vn -0.000000 -1.000000 0.000000
vn -0.000000 -1.000000 0.000000
vn -0.000000 -1.000000 0.000000
vn 0.000000 1.000000 -0.000000
vn 0.000000 1.000000 -0.000000
vn 0.000000 1.000000 -0.000000
vn 0.000000 1.000000 -0.000000
vn -1.000000 0.000000 0.000004
vn -1.000000 0.000000 0.000004
vn -1.000000 0.000000 0.000004
vn -1.000000 0.000000 0.000004
vn -1.000000 0.000000 0.000004
vn -1.000000 0.000000 0.000004
vn 0.000000 1.000000 -0.000000
vn 0.000000 1.000000 -0.000000
vn 0.000000 1.000000 -0.000000
vn 0.000000 1.000000 -0.000000
vn -0.000000 -1.000000 0.000000
vn -0.000000 -1.000000 0.000000
vn -0.000000 -1.000000 0.000000
vn -0.000000 -1.000000 0.000000
vn -0.000000 -1.000000 0.000000
vn -0.000000 -1.000000 0.000000
vn 0.000004 0.000000 1.000000
vn 0.000004 0.000000 1.000000
vn 0.000004 0.000000 1.000000
vn 0.000004 0.000000 1.000000
vn 0.000004 0.000000 1.000000
vn 0.000004 0.000000 1.000000
vn 1.000000 -0.000000 -0.000004
vn 1.000000 -0.000000 -0.000004
vn 1.000000 -0.000000 -0.000004
vn 1.000000 -0.000000 -0.000004
vn 1.000000 -0.000000 -0.000004
vn 1.000000 -0.000000 -0.000004
vn 1.000000 -0.000000 -0.000004
vn 1.000000 -0.000000 -0.000004
vn 1.000000 -0.000000 -0.000004
vn 1.000000 -0.000000 -0.000004
vn 1.000000 -0.000000 -0.000004
vn 1.000000 -0.000000 -0.000004
vn 1.000000 -0.000000 -0.000004
vn 1.000000 -0.000000 -0.000004
vn 1.000000 -0.000000 -0.000004
vn 1.000000 -0.000000 -0.000004
vn 0.000000 1.000000 -0.000000
vn 0.000000 1.000000 -0.000000
vn 0.000000 1.000000 -0.000000
vn 0.000000 1.000000 -0.000000
vn 0.000000 1.000000 -0.000000
vn 0.000000 1.000000 -0.000000
vn -0.000004 -0.000000 -1.000000
vn -0.000004 -0.000000 -1.000000
vn -0.000004 -0.000000 -1.000000
vn -0.000004 -0.000000 -1.000000
vn -0.000004 -0.000000 -1.000000
vn -0.000004 -0.000000 -1.000000
vn -0.000004 -0.000000 -1.000000
vn -0.000004 -0.000000 -1.000000
vn -0.000004 -0.000000 -1.000000
vn -0.000004 -0.000000 -1.000000
vn 1.000000 -0.000000 -0.000004
vn 1.000000 -0.000000 -0.000004
vn 1.000000 -0.000000 -0.000004
vn 1.000000 -0.000000 -0.000004
vn 0.000004 0.000000 1.000000
vn 0.000004 0.000000 1.000000
vn 0.000004 0.000000 1.000000
vn 0.000004 0.000000 1.000000
vn -0.000000 -1.000000 0.000000
vn -0.000000 -1.000000 0.000000
vn -0.000000 -1.000000 0.000000
vn -0.000000 -1.000000 0.000000
vn 0.000000 1.000000 -0.000000
vn 0.000000 1.000000 -0.000000
vn 0.000000 1.000000 -0.000000
vn 0.000000 1.000000 -0.000000
vn -0.000004 -0.000000 -1.000000
vn -0.000004 -0.000000 -1.000000
vn -0.000004 -0.000000 -1.000000
vn -0.000004 -0.000000 -1.000000
vn 1.000000 -0.000000 -0.000004
vn 1.000000 -0.000000 -0.000004
vn 1.000000 -0.000000 -0.000004
vn 1.000000 -0.000000 -0.000004
vn 0.000004 0.000000 1.000000
vn 0.000004 0.000000 1.000000
vn 0.000004 0.000000 1.000000
vn 0.000004 0.000000 1.000000
vn -0.000000 -1.000000 0.000000
vn -0.000000 -1.000000 0.000000
vn -0.000000 -1.000000 0.000000
vn -0.000000 -1.000000 0.000000
vn 0.000000 1.000000 -0.000000
vn 0.000000 1.000000 -0.000000
vn 0.000000 1.000000 -0.000000
vn 0.000000 1.000000 -0.000000
vn -0.000002 0.866026 -0.500000
vn -0.000002 0.866026 -0.500000
vn -0.000002 0.866026 -0.500000
vn -0.000002 0.866026 -0.500000
vn -0.000004 -0.000000 -1.000000
vn -0.000004 -0.000000 -1.000000
vn -0.000004 -0.000000 -1.000000
vn -0.000004 -0.000000 -1.000000
vn -0.000002 -0.866025 -0.500001
vn -0.000002 -0.866025 -0.500001
vn -0.000002 -0.866025 -0.500001
vn -0.000002 -0.866025 -0.500001
vn 0.000002 -0.866026 0.500000
vn 0.000002 -0.866026 0.500000
vn 0.000002 -0.866026 0.500000
vn 0.000002 -0.866026 0.500000
vn 0.000002 0.866025 0.500001
vn 0.000002 0.866025 0.500001
vn 0.000002 0.866025 0.500001
vn 0.000002 0.866025 0.500001
vn 0.000004 0.000000 1.000000
vn 0.000004 0.000000 1.000000
vn 0.000004 0.000000 1.000000
vn 0.000004 0.000000 1.000000
vn -1.000000 0.000000 0.000004
vn -1.000000 0.000000 0.000004
vn -1.000000 0.000000 0.000004
vn -1.000000 0.000000 0.000004
vn -1.000000 0.000000 0.000004
vn -1.000000 0.000000 0.000004
vn -0.000004 -0.000000 -1.000000
vn -0.000004 -0.000000 -1.000000
vn -0.000004 -0.000000 -1.000000
vn -0.000004 -0.000000 -1.000000
vn 0.000004 0.000000 1.000000
vn 0.000004 0.000000 1.000000
vn 0.000004 0.000000 1.000000
vn 0.000004 0.000000 1.000000
vn 0.000000 1.000000 -0.000000
vn 0.000000 1.000000 -0.000000
vn 0.000000 1.000000 -0.000000
vn 0.000000 1.000000 -0.000000
vn -1.000000 0.000000 0.000004
vn -1.000000 0.000000 0.000004
vn -1.000000 0.000000 0.000004
vn -1.000000 0.000000 0.000004
vn 1.000000 -0.000000 -0.000004
vn 1.000000 -0.000000 -0.000004
vn 1.000000 -0.000000 -0.000004
vn 1.000000 -0.000000 -0.000004
vn 0.000004 0.000000 1.000000
vn 0.000004 0.000000 1.000000
vn 0.000004 0.000000 1.000000
vn 0.000004 0.000000 1.000000
vn -0.000000 -0.996529 -0.083252
vn -0.000000 -0.996529 -0.083252
vn -0.000000 -0.996529 -0.083252
vn -0.000000 -0.996529 -0.083252
vn 0.000000 0.996529 0.083252
vn 0.000000 0.996529 0.083252
vn 0.000000 0.996529 0.083252
vn 0.000000 0.996529 0.083252
vn -1.000000 0.000000 0.000004
vn -1.000000 0.000000 0.000004
vn -1.000000 0.000000 0.000004
vn -1.000000 0.000000 0.000004
vn 0.045705 -0.000000 -0.998955
vn 0.091319 -0.000000 -0.995822
vn 0.091319 -0.000000 -0.995822
vn 0.045705 -0.000000 -0.998955
vn -0.044814 -0.000000 -0.998995
vn -0.044814 -0.000000 -0.998995
vn -0.089533 -0.000000 -0.995984
vn -0.089533 -0.000000 -0.995984
vn 1.000000 -0.000000 -0.000004
vn 1.000000 -0.000000 -0.000004
vn 1.000000 -0.000000 -0.000004
vn 1.000000 -0.000000 -0.000004
vn 0.044814 0.000000 0.998995
vn 0.089533 0.000000 0.995984
vn 0.089533 0.000000 0.995984
vn 0.044814 0.000000 0.998995
vn -0.045705 0.000000 0.998955
vn -0.045705 0.000000 0.998955
vn -0.091319 0.000000 0.995822
vn -0.091319 0.000000 0.995822
vn -0.000000 -1.000000 0.000000
vn -0.000000 -1.000000 0.000000
vn -0.000000 -1.000000 0.000000
vn -0.000000 -1.000000 0.000000
vn -0.000000 -1.000000 0.000000
vn -0.000000 -1.000000 0.000000
vn -0.000000 -1.000000 0.000000
vn -0.000000 -1.000000 0.000000
vn 0.000000 1.000000 -0.000000
vn 0.000000 1.000000 -0.000000
vn 0.000000 1.000000 -0.000000
vn 0.000000 1.000000 -0.000000
vn 0.000000 1.000000 -0.000000
vn 0.000000 1.000000 -0.000000
vn 0.000000 1.000000 -0.000000
vn 0.000000 1.000000 -0.000000
vn 1.000000 -0.000000 -0.000004
vn 1.000000 -0.000000 -0.000004
vn 1.000000 -0.000000 -0.000004
vn 1.000000 -0.000000 -0.000004
vn -0.045704 0.000000 0.998955
vn -0.091317 0.000000 0.995822
vn -0.091317 0.000000 0.995822
vn -0.045704 0.000000 0.998955
vn 0.044815 0.000000 0.998995
vn 0.044815 0.000000 0.998995
vn 0.089535 0.000000 0.995984
vn 0.089535 0.000000 0.995984
vn -1.000000 0.000000 0.000004
vn -1.000000 0.000000 0.000004
vn -1.000000 0.000000 0.000004
vn -1.000000 0.000000 0.000004
vn -0.044815 -0.000000 -0.998995
vn -0.089535 -0.000000 -0.995984
vn -0.089535 -0.000000 -0.995984
vn -0.044815 -0.000000 -0.998995
vn 0.045704 -0.000000 -0.998955
vn 0.045704 -0.000000 -0.998955
vn 0.091317 -0.000000 -0.995822
vn 0.091317 -0.000000 -0.995822
vn -0.000000 -1.000000 0.000000
vn -0.000000 -1.000000 0.000000
vn -0.000000 -1.000000 0.000000
vn -0.000000 -1.000000 0.000000
vn -0.000000 -1.000000 0.000000
vn -0.000000 -1.000000 0.000000
vn -0.000000 -1.000000 0.000000
vn -0.000000 -1.000000 0.000000
vn 0.000000 1.000000 -0.000000
vn 0.000000 1.000000 -0.000000
vn 0.000000 1.000000 -0.000000
vn 0.000000 1.000000 -0.000000
vn 0.000000 1.000000 -0.000000
vn 0.000000 1.000000 -0.000000
vn 0.000000 1.000000 -0.000000
vn 0.000000 1.000000 -0.000000
vn -0.000004 -0.500000 -0.866025
vn -0.000004 -0.500000 -0.866025
vn -0.000004 -0.500000 -0.866025
vn -0.000004 -0.500000 -0.866025
vn -0.000000 -1.000000 0.000000
vn -0.000000 -1.000000 0.000000
vn -0.000000 -1.000000 0.000000
vn -0.000000 -1.000000 0.000000
vn 0.000004 -0.500000 0.866026
vn 0.000004 -0.500000 0.866026
vn 0.000004 -0.500000 0.866026
vn 0.000004 -0.500000 0.866026
vn 0.000004 0.500000 0.866025
vn 0.000004 0.500000 0.866025
vn 0.000004 0.500000 0.866025
vn 0.000004 0.500000 0.866025
vn -0.000004 0.500000 -0.866025
vn -0.000004 0.500000 -0.866025
vn -0.000004 0.500000 -0.866025
vn -0.000004 0.500000 -0.866025
vn 0.000000 1.000000 -0.000000
vn 0.000000 1.000000 -0.000000
vn 0.000000 1.000000 -0.000000
vn 0.000000 1.000000 -0.000000
vn -1.000000 0.000000 0.000004
vn -1.000000 0.000000 0.000004
vn -1.000000 0.000000 0.000004
vn -1.000000 0.000000 0.000004
vn -1.000000 0.000000 0.000004
vn -1.000000 0.000000 0.000004
f 3/3/3 2/2/2 1/1/1
f 6/6/6 5/5/5 4/4/4
f 9/9/9 8/8/8 7/7/7
f 12/12/12 11/11/11 10/10/10
f 15/15/15 14/14/14 13/13/13
f 18/18/18 17/17/17 16/16/16
f 21/21/21 20/20/20 19/19/19
f 22/22/22 21/21/21 19/19/19
f 25/25/25 24/24/24 23/23/23
f 26/26/26 25/25/25 23/23/23
f 29/29/29 28/28/28 27/27/27
f 30/30/30 29/29/29 27/27/27
f 33/33/33 32/32/32 31/31/31
f 34/34/34 33/33/33 31/31/31
f 37/37/37 36/36/36 35/35/35
f 38/38/38 37/37/37 35/35/35
f 41/41/41 40/40/40 39/39/39
f 40/40/40 42/42/42 39/39/39
f 39/39/39 42/42/42 43/43/43
f 42/42/42 44/44/44 43/43/43
f 43/43/43 44/44/44 45/45/45
f 44/44/44 46/46/46 45/45/45
f 43/43/43 45/45/45 47/47/47
f 48/48/48 43/43/43 47/47/47
f 48/48/48 47/47/47 49/49/49
f 47/47/47 45/45/45 50/50/50
f 51/51/51 48/48/48 49/49/49
f 45/45/45 46/46/46 52/52/52
f 45/45/45 52/52/52 50/50/50
f 46/46/46 53/53/53 52/52/52
f 51/51/51 49/49/49 54/54/54
f 55/55/55 51/51/51 54/54/54
f 54/54/54 49/49/49 56/56/56
f 49/49/49 57/57/57 56/56/56
f 56/56/56 57/57/57 58/58/58
f 57/57/57 59/59/59 58/58/58
f 57/57/57 50/50/50 59/59/59
f 50/50/50 60/60/60 59/59/59
f 50/50/50 52/52/52 60/60/60
f 52/52/52 61/61/61 60/60/60
f 52/52/52 53/53/53 61/61/61
f 53/53/53 62/62/62 61/61/61
f 65/65/65 64/64/64 63/63/63
f 66/66/66 65/65/65 63/63/63
f 67/67/67 65/65/65 66/66/66
f 68/68/68 67/67/67 66/66/66
f 69/69/69 67/67/67 68/68/68
f 70/70/70 69/69/69 68/68/68
f 70/70/70 68/68/68 71/71/71
f 72/72/72 70/70/70 71/71/71
f 68/68/68 66/66/66 73/73/73
f 71/71/71 68/68/68 73/73/73
f 72/72/72 71/71/71 74/74/74
f 75/75/75 72/72/72 74/74/74
f 74/74/74 71/71/71 76/76/76
f 71/71/71 73/73/73 76/76/76
f 76/76/76 73/73/73 77/77/77
f 73/73/73 78/78/78 77/77/77
f 73/73/73 66/66/66 78/78/78
f 66/66/66 63/63/63 78/78/78
f 78/78/78 63/63/63 79/79/79
f 63/63/63 80/80/80 79/79/79
f 79/79/79 80/80/80 81/81/81
f 79/79/79 81/81/81 82/82/82
f 83/83/83 79/79/79 82/82/82
f 80/80/80 84/84/84 81/81/81
f 80/80/80 85/85/85 84/84/84
f 85/85/85 86/86/86 84/84/84
f 89/89/89 88/88/88 87/87/87
f 88/88/88 90/90/90 87/87/87
f 87/87/87 90/90/90 91/91/91
f 90/90/90 92/92/92 91/91/91
f 95/95/95 94/94/94 93/93/93
f 94/94/94 96/96/96 93/93/93
f 93/93/93 96/96/96 97/97/97
f 94/94/94 98/98/98 96/96/96
f 96/96/96 99/99/99 97/97/97
f 97/97/97 99/99/99 100/100/100
f 99/99/99 101/101/101 100/100/100
f 98/98/98 102/102/102 96/96/96
f 99/99/99 103/103/103 101/101/101
f 98/98/98 104/104/104 102/102/102
f 103/103/103 105/105/105 101/101/101
f 104/104/104 106/106/106 102/102/102
f 102/102/102 106/106/106 103/103/103
f 104/104/104 107/107/107 106/106/106
f 107/107/107 108/108/108 106/106/106
f 106/106/106 109/109/109 103/103/103
f 106/106/106 108/108/108 109/109/109
f 103/103/103 109/109/109 105/105/105
f 108/108/108 110/110/110 109/109/109
f 109/109/109 111/111/111 105/105/105
f 109/109/109 110/110/110 111/111/111
f 110/110/110 112/112/112 111/111/111
f 105/105/105 111/111/111 113/113/113
f 111/111/111 112/112/112 114/114/114
f 111/111/111 114/114/114 113/113/113
f 112/112/112 115/115/115 114/114/114
f 114/114/114 115/115/115 116/116/116
f 115/115/115 117/117/117 116/116/116
f 114/114/114 116/116/116 118/118/118
f 113/113/113 114/114/114 118/118/118
f 113/113/113 118/118/118 119/119/119
f 120/120/120 113/113/113 119/119/119
f 120/120/120 119/119/119 121/121/121
f 122/122/122 120/120/120 121/121/121
f 125/125/125 124/124/124 123/123/123
f 124/124/124 126/126/126 123/123/123
f 123/123/123 126/126/126 127/127/127
f 124/124/124 128/128/128 126/126/126
f 126/126/126 129/129/129 127/127/127
f 127/127/127 129/129/129 130/130/130
f 129/129/129 131/131/131 130/130/130
f 128/128/128 132/132/132 126/126/126
f 129/129/129 133/133/133 131/131/131
f 128/128/128 134/134/134 132/132/132
f 133/133/133 135/135/135 131/131/131
f 134/134/134 136/136/136 132/132/132
f 132/132/132 136/136/136 133/133/133
f 134/134/134 137/137/137 136/136/136
f 137/137/137 138/138/138 136/136/136
f 133/133/133 139/139/139 135/135/135
f 136/136/136 139/139/139 133/133/133
f 136/136/136 138/138/138 139/139/139
f 139/139/139 140/140/140 135/135/135
f 138/138/138 141/141/141 139/139/139
f 139/139/139 141/141/141 140/140/140
f 141/141/141 142/142/142 140/140/140
f 145/145/145 144/144/144 143/143/143
f 146/146/146 145/145/145 143/143/143
f 149/149/149 148/148/148 147/147/147
f 148/148/148 150/150/150 147/147/147
f 147/147/147 150/150/150 151/151/151
f 148/148/148 152/152/152 150/150/150
f 152/152/152 153/153/153 150/150/150
f 152/152/152 154/154/154 153/153/153
f 150/150/150 155/155/155 151/151/151
f 151/151/151 155/155/155 156/156/156
f 155/155/155 157/157/157 156/156/156
f 155/155/155 158/158/158 157/157/157
f 158/158/158 159/159/159 157/157/157
f 154/154/154 160/160/160 153/153/153
f 154/154/154 161/161/161 160/160/160
f 161/161/161 162/162/162 160/160/160
f 158/158/158 163/163/163 159/159/159
f 160/160/160 162/162/162 163/163/163
f 163/163/163 164/164/164 159/159/159
f 162/162/162 165/165/165 163/163/163
f 163/163/163 165/165/165 164/164/164
f 165/165/165 166/166/166 164/164/164
f 169/169/169 168/168/168 167/167/167
f 168/168/168 170/170/170 167/167/167
f 167/167/167 170/170/170 171/171/171
f 170/170/170 172/172/172 171/171/171
f 175/175/175 174/174/174 173/173/173
f 174/174/174 176/176/176 173/173/173
f 173/173/173 176/176/176 177/177/177
f 174/174/174 178/178/178 176/176/176
f 176/176/176 179/179/179 177/177/177
f 177/177/177 179/179/179 180/180/180
f 178/178/178 181/181/181 176/176/176
f 176/176/176 181/181/181 179/179/179
f 178/178/178 182/182/182 181/181/181
f 182/182/182 183/183/183 181/181/181
f 181/181/181 183/183/183 184/184/184
f 181/181/181 184/184/184 179/179/179
f 183/183/183 185/185/185 184/184/184
f 179/179/179 186/186/186 180/180/180
f 179/179/179 184/184/184 186/186/186
f 180/180/180 186/186/186 187/187/187
f 184/184/184 185/185/185 188/188/188
f 184/184/184 188/188/188 186/186/186
f 185/185/185 189/189/189 188/188/188
f 186/186/186 190/190/190 187/187/187
f 186/186/186 188/188/188 190/190/190
f 187/187/187 190/190/190 191/191/191
f 190/190/190 192/192/192 191/191/191
f 188/188/188 189/189/189 193/193/193
f 188/188/188 193/193/193 190/190/190
f 190/190/190 193/193/193 192/192/192
f 189/189/189 194/194/194 193/193/193
f 193/193/193 195/195/195 192/192/192
f 193/193/193 194/194/194 195/195/195
f 194/194/194 196/196/196 195/195/195
f 199/199/199 198/198/198 197/197/197
f 198/198/198 200/200/200 197/197/197
f 201/201/201 200/200/200 198/198/198
f 202/202/202 201/201/201 198/198/198
f 201/201/201 202/202/202 203/203/203
f 204/204/204 201/201/201 203/203/203
f 207/207/207 206/206/206 205/205/205
f 208/208/208 207/207/207 205/205/205
f 211/211/211 210/210/210 209/209/209
f 212/212/212 211/211/211 209/209/209
f 215/215/215 214/214/214 213/213/213
f 216/216/216 215/215/215 213/213/213
f 219/219/219 218/218/218 217/217/217
f 220/220/220 219/219/219 217/217/217
f 223/223/223 222/222/222 221/221/221
f 224/224/224 223/223/223 221/221/221
f 227/227/227 226/226/226 225/225/225
f 228/228/228 227/227/227 225/225/225
f 231/231/231 230/230/230 229/229/229
f 232/232/232 231/231/231 229/229/229
f 235/235/235 234/234/234 233/233/233
f 236/236/236 235/235/235 233/233/233
f 239/239/239 238/238/238 237/237/237
f 238/238/238 240/240/240 237/237/237
f 241/241/241 240/240/240 238/238/238
f 242/242/242 241/241/241 238/238/238
f 241/241/241 242/242/242 243/243/243
f 244/244/244 241/241/241 243/243/243
f 247/247/247 246/246/246 245/245/245
f 248/248/248 247/247/247 245/245/245
f 251/251/251 250/250/250 249/249/249
f 252/252/252 251/251/251 249/249/249
f 255/255/255 254/254/254 253/253/253
f 256/256/256 255/255/255 253/253/253
f 259/259/259 258/258/258 257/257/257
f 260/260/260 259/259/259 257/257/257
f 263/263/263 262/262/262 261/261/261
f 264/264/264 263/263/263 261/261/261
f 267/267/267 266/266/266 265/265/265
f 266/266/266 268/268/268 265/265/265
f 265/265/265 268/268/268 269/269/269
f 268/268/268 270/270/270 269/269/269
f 269/269/269 270/270/270 271/271/271
f 270/270/270 272/272/272 271/271/271
f 271/271/271 272/272/272 273/273/273
f 272/272/272 274/274/274 273/273/273
f 277/277/277 276/276/276 275/275/275
f 278/278/278 277/277/277 275/275/275
f 281/281/281 280/280/280 279/279/279
f 282/282/282 281/281/281 279/279/279
f 285/285/285 284/284/284 283/283/283
f 286/286/286 285/285/285 283/283/283
f 289/289/289 288/288/288 287/287/287
f 290/290/290 289/289/289 287/287/287
f 293/293/293 292/292/292 291/291/291
f 294/294/294 293/293/293 291/291/291
f 297/297/297 296/296/296 295/295/295
f 298/298/298 297/297/297 295/295/295
f 298/298/298 295/295/295 299/299/299
f 300/300/300 298/298/298 299/299/299
f 303/303/303 302/302/302 301/301/301
f 304/304/304 303/303/303 301/301/301
f 307/307/307 306/306/306 305/305/305
f 308/308/308 307/307/307 305/305/305
f 311/311/311 310/310/310 309/309/309
f 310/310/310 312/312/312 309/309/309
f 309/309/309 312/312/312 313/313/313
f 312/312/312 314/314/314 313/313/313
f 317/317/317 316/316/316 315/315/315
f 318/318/318 317/317/317 315/315/315
f 321/321/321 320/320/320 319/319/319
f 320/320/320 322/322/322 319/319/319
f 319/319/319 322/322/322 323/323/323
f 322/322/322 324/324/324 323/323/323
f 327/327/327 326/326/326 325/325/325
f 328/328/328 327/327/327 325/325/325
f 329/329/329 327/327/327 328/328/328
f 330/330/330 329/329/329 328/328/328
f 333/333/333 332/332/332 331/331/331
f 334/334/334 333/333/333 331/331/331
f 335/335/335 333/333/333 334/334/334
f 336/336/336 335/335/335 334/334/334
f 339/339/339 338/338/338 337/337/337
f 338/338/338 340/340/340 337/337/337
f 338/338/338 341/341/341 340/340/340
f 341/341/341 342/342/342 340/340/340
f 340/340/340 342/342/342 343/343/343
f 342/342/342 344/344/344 343/343/343
f 343/343/343 345/345/345 340/340/340
f 345/345/345 346/346/346 340/340/340
f 349/349/349 348/348/348 347/347/347
f 348/348/348 350/350/350 347/347/347
f 347/347/347 350/350/350 351/351/351
f 350/350/350 352/352/352 351/351/351
f 355/355/355 354/354/354 353/353/353
f 356/356/356 355/355/355 353/353/353
f 357/357/357 355/355/355 356/356/356
f 358/358/358 357/357/357 356/356/356
f 361/361/361 360/360/360 359/359/359
f 362/362/362 361/361/361 359/359/359
f 365/365/365 364/364/364 363/363/363
f 366/366/366 365/365/365 363/363/363
f 369/369/369 368/368/368 367/367/367
f 370/370/370 369/369/369 367/367/367
f 373/373/373 372/372/372 371/371/371
f 374/374/374 373/373/373 371/371/371
f 377/377/377 376/376/376 375/375/375
f 378/378/378 377/377/377 375/375/375
f 381/381/381 380/380/380 379/379/379
f 382/382/382 381/381/381 379/379/379
f 385/385/385 384/384/384 383/383/383
f 386/386/386 385/385/385 383/383/383
f 389/389/389 388/388/388 387/387/387
f 390/390/390 389/389/389 387/387/387
f 393/393/393 392/392/392 391/391/391
f 394/394/394 393/393/393 391/391/391
f 397/397/397 396/396/396 395/395/395
f 398/398/398 397/397/397 395/395/395
f 401/401/401 400/400/400 399/399/399
f 402/402/402 401/401/401 399/399/399
f 405/405/405 404/404/404 403/403/403
f 406/406/406 405/405/405 403/403/403
f 409/409/409 408/408/408 407/407/407
f 410/410/410 409/409/409 407/407/407
f 413/413/413 412/412/412 411/411/411
f 414/414/414 413/413/413 411/411/411
f 417/417/417 416/416/416 415/415/415
f 418/418/418 417/417/417 415/415/415
f 421/421/421 420/420/420 419/419/419
f 422/422/422 421/421/421 419/419/419
f 425/425/425 424/424/424 423/423/423
f 423/423/423 426/426/426 425/425/425
f 423/423/423 427/427/427 426/426/426
f 427/427/427 428/428/428 426/426/426
f 431/431/431 430/430/430 429/429/429
f 432/432/432 431/431/431 429/429/429
f 435/435/435 434/434/434 433/433/433
f 436/436/436 435/435/435 433/433/433
f 439/439/439 438/438/438 437/437/437
f 440/440/440 439/439/439 437/437/437
f 443/443/443 442/442/442 441/441/441
f 444/444/444 443/443/443 441/441/441
f 447/447/447 446/446/446 445/445/445
f 448/448/448 447/447/447 445/445/445
f 451/451/451 450/450/450 449/449/449
f 452/452/452 451/451/451 449/449/449
f 455/455/455 454/454/454 453/453/453
f 456/456/456 455/455/455 453/453/453
f 459/459/459 458/458/458 457/457/457
f 460/460/460 459/459/459 457/457/457
f 463/463/463 462/462/462 461/461/461
f 464/464/464 463/463/463 461/461/461
f 467/467/467 466/466/466 465/465/465
f 466/466/466 468/468/468 465/465/465
f 465/465/465 468/468/468 469/469/469
f 468/468/468 470/470/470 469/469/469
f 469/469/469 470/470/470 471/471/471
f 470/470/470 472/472/472 471/471/471
f 475/475/475 474/474/474 473/473/473
f 476/476/476 475/475/475 473/473/473
f 479/479/479 478/478/478 477/477/477
f 478/478/478 480/480/480 477/477/477
f 477/477/477 480/480/480 481/481/481
f 480/480/480 482/482/482 481/481/481
f 481/481/481 482/482/482 483/483/483
f 482/482/482 484/484/484 483/483/483
f 487/487/487 486/486/486 485/485/485
f 488/488/488 487/487/487 485/485/485
f 488/488/488 485/485/485 489/489/489
f 490/490/490 488/488/488 489/489/489
f 490/490/490 489/489/489 491/491/491
f 492/492/492 490/490/490 491/491/491
f 495/495/495 494/494/494 493/493/493
f 496/496/496 495/495/495 493/493/493
f 496/496/496 493/493/493 497/497/497
f 498/498/498 496/496/496 497/497/497
f 498/498/498 497/497/497 499/499/499
f 500/500/500 498/498/498 499/499/499
f 503/503/503 502/502/502 501/501/501
f 504/504/504 503/503/503 501/501/501
f 507/507/507 506/506/506 505/505/505
f 506/506/506 508/508/508 505/505/505
f 505/505/505 508/508/508 509/509/509
f 508/508/508 510/510/510 509/509/509
f 509/509/509 510/510/510 511/511/511
f 510/510/510 512/512/512 511/511/511
f 515/515/515 514/514/514 513/513/513
f 516/516/516 515/515/515 513/513/513
f 519/519/519 518/518/518 517/517/517
f 518/518/518 520/520/520 517/517/517
f 517/517/517 520/520/520 521/521/521
f 520/520/520 522/522/522 521/521/521
f 521/521/521 522/522/522 523/523/523
f 522/522/522 524/524/524 523/523/523
f 527/527/527 526/526/526 525/525/525
f 528/528/528 527/527/527 525/525/525
f 528/528/528 525/525/525 529/529/529
f 530/530/530 528/528/528 529/529/529
f 530/530/530 529/529/529 531/531/531
f 532/532/532 530/530/530 531/531/531
f 535/535/535 534/534/534 533/533/533
f 536/536/536 535/535/535 533/533/533
f 536/536/536 533/533/533 537/537/537
f 538/538/538 536/536/536 537/537/537
f 538/538/538 537/537/537 539/539/539
f 540/540/540 538/538/538 539/539/539
f 543/543/543 542/542/542 541/541/541
f 544/544/544 543/543/543 541/541/541
f 547/547/547 546/546/546 545/545/545
f 548/548/548 547/547/547 545/545/545
f 551/551/551 550/550/550 549/549/549
f 552/552/552 551/551/551 549/549/549
f 555/555/555 554/554/554 553/553/553
f 556/556/556 555/555/555 553/553/553
f 559/559/559 558/558/558 557/557/557
f 560/560/560 559/559/559 557/557/557
f 563/563/563 562/562/562 561/561/561
f 564/564/564 563/563/563 561/561/561
f 567/567/567 566/566/566 565/565/565
f 565/565/565 568/568/568 567/567/567
f 565/565/565 569/569/569 568/568/568
f 569/569/569 570/570/570 568/568/568
