# GENERATED by tools/gen_vehicle_glass.py -- pane 'r_front'. Do not hand-edit.
# One file per pane so each breaks independently (Vehicle.GlassPaneLabels).
g r_front
v -1.226971 1.265000 -3.272231
v -1.226971 1.265000 -1.722231
v -1.226971 1.320000 -1.722231
v -1.226971 1.320000 -3.272231
v -1.226971 1.320000 -3.272231
v -1.226971 1.320000 -1.722231
v -1.226971 1.350000 -1.722231
v -1.226971 1.350000 -3.272231
v -1.226971 1.350000 -3.272231
v -1.226971 1.350000 -1.722231
v -1.226971 1.380000 -1.722231
v -1.226971 1.380000 -3.272231
v -1.226971 1.380000 -3.272231
v -1.226971 1.380000 -1.722231
v -1.226971 1.410000 -1.722231
v -1.226971 1.410000 -3.272231
v -1.226971 1.410000 -3.272231
v -1.226971 1.410000 -1.722231
v -1.226971 1.440000 -1.722231
v -1.226971 1.440000 -3.242231
v -1.226971 1.440000 -3.242231
v -1.226971 1.440000 -1.722231
v -1.226971 1.470000 -1.722231
v -1.226971 1.470000 -3.242231
v -1.226971 1.470000 -3.242231
v -1.226971 1.470000 -1.722231
v -1.226971 1.500000 -1.722231
v -1.226971 1.500000 -3.242231
v -1.226971 1.500000 -3.242231
v -1.226971 1.500000 -1.722231
v -1.226971 1.530000 -1.722231
v -1.226971 1.530000 -3.242231
v -1.226971 1.530000 -3.242231
v -1.226971 1.530000 -1.722231
v -1.226971 1.560000 -1.722231
v -1.226971 1.560000 -3.242231
v -1.226971 1.560000 -3.242231
v -1.226971 1.560000 -1.722231
v -1.226971 1.590000 -1.722231
v -1.226971 1.590000 -3.212231
v -1.226971 1.590000 -3.212231
v -1.226971 1.590000 -1.722231
v -1.226971 1.620000 -1.722231
v -1.226971 1.620000 -3.212231
v -1.226971 1.620000 -3.212231
v -1.226971 1.620000 -1.722231
v -1.226971 1.650000 -1.722231
v -1.226971 1.650000 -3.212231
v -1.226971 1.650000 -3.212231
v -1.226971 1.650000 -1.722231
v -1.226971 1.680000 -1.722231
v -1.226971 1.680000 -3.212231
v -1.226971 1.680000 -3.212231
v -1.226971 1.680000 -1.722231
v -1.226971 1.710000 -1.722231
v -1.226971 1.710000 -3.182231
v -1.226971 1.710000 -3.182231
v -1.226971 1.710000 -1.722231
v -1.226971 1.740000 -1.722231
v -1.226971 1.740000 -3.182231
v -1.226971 1.740000 -3.182231
v -1.226971 1.740000 -1.722231
v -1.226971 1.770000 -1.722231
v -1.226971 1.770000 -3.182231
v -1.226971 1.770000 -3.182231
v -1.226971 1.770000 -1.722231
v -1.226971 1.800000 -1.722231
v -1.226971 1.800000 -3.182231
v -1.226971 1.800000 -3.182231
v -1.226971 1.800000 -1.722231
v -1.226971 1.830000 -1.722231
v -1.226971 1.830000 -3.182231
v -1.226971 1.830000 -3.182231
v -1.226971 1.830000 -1.722231
v -1.226971 1.860000 -1.722231
v -1.226971 1.860000 -3.152231
v -1.226971 1.860000 -3.152231
v -1.226971 1.860000 -1.722231
v -1.226971 1.890000 -1.722231
v -1.226971 1.890000 -3.152231
v -1.226971 1.890000 -3.152231
v -1.226971 1.890000 -1.722231
v -1.226971 1.920000 -1.722231
v -1.226971 1.920000 -3.152231
v -1.226971 1.920000 -3.152231
v -1.226971 1.920000 -1.722231
v -1.226971 1.950000 -1.722231
v -1.226971 1.950000 -3.152231
v -1.226971 1.950000 -3.152231
v -1.226971 1.950000 -1.722231
v -1.226971 1.980000 -1.722231
v -1.226971 1.980000 -3.152231
v -1.226971 1.980000 -3.152231
v -1.226971 1.980000 -1.722231
v -1.226971 2.010000 -1.722231
v -1.226971 2.010000 -3.122231
v -1.226971 2.010000 -3.122231
v -1.226971 2.010000 -1.722231
v -1.226971 2.040000 -1.722231
v -1.226971 2.040000 -3.122231
v -1.226971 2.040000 -3.122231
v -1.226971 2.040000 -1.722231
v -1.226971 2.070000 -1.722231
v -1.226971 2.070000 -3.122231
v -1.226971 2.070000 -3.122231
v -1.226971 2.070000 -1.722231
v -1.226971 2.100000 -1.722231
v -1.226971 2.100000 -3.122231
v -1.226971 2.100000 -3.122231
v -1.226971 2.100000 -1.722231
v -1.226971 2.155000 -1.722231
v -1.226971 2.155000 -3.122231
f 3 2 1
f 4 3 1
f 7 6 5
f 8 7 5
f 11 10 9
f 12 11 9
f 15 14 13
f 16 15 13
f 19 18 17
f 20 19 17
f 23 22 21
f 24 23 21
f 27 26 25
f 28 27 25
f 31 30 29
f 32 31 29
f 35 34 33
f 36 35 33
f 39 38 37
f 40 39 37
f 43 42 41
f 44 43 41
f 47 46 45
f 48 47 45
f 51 50 49
f 52 51 49
f 55 54 53
f 56 55 53
f 59 58 57
f 60 59 57
f 63 62 61
f 64 63 61
f 67 66 65
f 68 67 65
f 71 70 69
f 72 71 69
f 75 74 73
f 76 75 73
f 79 78 77
f 80 79 77
f 83 82 81
f 84 83 81
f 87 86 85
f 88 87 85
f 91 90 89
f 92 91 89
f 95 94 93
f 96 95 93
f 99 98 97
f 100 99 97
f 103 102 101
f 104 103 101
f 107 106 105
f 108 107 105
f 111 110 109
f 112 111 109
