# GENERATED by tools/gen_vehicle_glass.py -- pane 'windshield'. Do not hand-edit.
# One file per pane so each breaks independently (Vehicle.GlassPaneLabels).
g windshield
v 1.015967 1.887376 -0.425559
v -1.014033 1.887376 -0.425559
v -1.014033 1.838806 -0.451366
v 1.015967 1.838806 -0.451366
v 1.015967 1.838806 -0.451366
v -1.014033 1.838806 -0.451366
v -1.014033 1.812314 -0.465442
v 1.015967 1.812314 -0.465442
v 1.015967 1.812314 -0.465442
v -1.014033 1.812314 -0.465442
v -1.014033 1.785821 -0.479518
v 1.015967 1.785821 -0.479518
v 1.015967 1.785821 -0.479518
v -1.014033 1.785821 -0.479518
v -1.014033 1.759329 -0.493595
v 1.015967 1.759329 -0.493595
v 1.015967 1.759329 -0.493595
v -1.014033 1.759329 -0.493595
v -1.014033 1.732836 -0.507671
v 1.015967 1.732836 -0.507671
v 1.015967 1.732836 -0.507671
v -1.014033 1.732836 -0.507671
v -1.014033 1.706344 -0.521748
v 1.015967 1.706344 -0.521748
v 1.015967 1.706344 -0.521748
v -1.014033 1.706344 -0.521748
v -1.014033 1.679851 -0.535824
v 1.015967 1.679851 -0.535824
v 1.015967 1.679851 -0.535824
v -1.014033 1.679851 -0.535824
v -1.014033 1.653359 -0.549901
v 1.015967 1.653359 -0.549901
v 1.015967 1.653359 -0.549901
v -1.014033 1.653359 -0.549901
v -1.014033 1.626866 -0.563977
v 1.015967 1.626866 -0.563977
v 1.015967 1.626866 -0.563977
v -1.014033 1.626866 -0.563977
v -1.014033 1.600374 -0.578053
v 1.015967 1.600374 -0.578053
v 1.015967 1.600374 -0.578053
v -1.014033 1.600374 -0.578053
v -1.014033 1.573881 -0.592130
v 1.015967 1.573881 -0.592130
v 1.015967 1.573881 -0.592130
v -1.014033 1.573881 -0.592130
v -1.014033 1.547388 -0.606206
v 1.015967 1.547388 -0.606206
v 1.015967 1.547388 -0.606206
v -1.014033 1.547388 -0.606206
v -1.014033 1.520896 -0.620283
v 1.015967 1.520896 -0.620283
v 1.015967 1.520896 -0.620283
v -1.014033 1.520896 -0.620283
v -1.014033 1.494403 -0.634359
v 1.015967 1.494403 -0.634359
v 1.015967 1.494403 -0.634359
v -1.014033 1.494403 -0.634359
v -1.014033 1.467911 -0.648435
v 1.015967 1.467911 -0.648435
v 1.015967 1.467911 -0.648435
v -1.014033 1.467911 -0.648435
v -1.014033 1.441418 -0.662512
v 1.015967 1.441418 -0.662512
v 1.015967 1.441418 -0.662512
v -1.014033 1.441418 -0.662512
v -1.014033 1.414926 -0.676588
v 1.015967 1.414926 -0.676588
v 1.015967 1.414926 -0.676588
v -1.014033 1.414926 -0.676588
v -1.014033 1.388433 -0.690665
v 1.015967 1.388433 -0.690665
v 1.015967 1.388433 -0.690665
v -1.014033 1.388433 -0.690665
v -1.014033 1.361941 -0.704741
v 1.015967 1.361941 -0.704741
v 1.015967 1.361941 -0.704741
v -1.014033 1.361941 -0.704741
v -1.014033 1.335448 -0.718817
v 1.015967 1.335448 -0.718817
v 1.015967 1.335448 -0.718817
v -1.014033 1.335448 -0.718817
v -1.014033 1.308956 -0.732894
v 1.015967 1.308956 -0.732894
v 1.015967 1.308956 -0.732894
v -1.014033 1.308956 -0.732894
v -1.014033 1.282463 -0.746970
v 1.015967 1.282463 -0.746970
v 1.015967 1.282463 -0.746970
v -1.014033 1.282463 -0.746970
v -1.014033 1.255971 -0.761047
v 1.015967 1.255971 -0.761047
v 1.015967 1.255971 -0.761047
v -1.014033 1.255971 -0.761047
v -1.014033 1.229478 -0.775123
v 1.015967 1.229478 -0.775123
v 1.015967 1.229478 -0.775123
v -1.014033 1.229478 -0.775123
v -1.014033 1.202985 -0.789200
v 1.015967 1.202985 -0.789200
v 1.015967 1.202985 -0.789200
v -1.014033 1.202985 -0.789200
v -1.014033 1.176493 -0.803276
v 1.015967 1.176493 -0.803276
v 1.015967 1.176493 -0.803276
v -1.014033 1.176493 -0.803276
v -1.014033 1.150000 -0.817352
v 1.015967 1.150000 -0.817352
v 1.015967 1.150000 -0.817352
v -1.014033 1.150000 -0.817352
v -1.014033 1.123508 -0.831429
v 1.015967 1.123508 -0.831429
v 1.015967 1.123508 -0.831429
v -1.014033 1.123508 -0.831429
v -1.014033 1.097015 -0.845505
v 1.015967 1.097015 -0.845505
v 1.015967 1.097015 -0.845505
v -1.014033 1.097015 -0.845505
v -1.014033 1.070523 -0.859582
v 1.015967 1.070523 -0.859582
v 1.015967 1.070523 -0.859582
v -1.014033 1.070523 -0.859582
v -1.014033 1.044030 -0.873658
v 1.015967 1.044030 -0.873658
v 1.015967 1.044030 -0.873658
v -1.014033 1.044030 -0.873658
v -1.014033 1.017538 -0.887734
v 1.015967 1.017538 -0.887734
v 1.015967 1.017538 -0.887734
v -1.014033 1.017538 -0.887734
v -1.014033 0.991045 -0.901811
v 1.015967 0.991045 -0.901811
v 1.015967 0.991045 -0.901811
v -1.014033 0.991045 -0.901811
v -1.014033 0.942476 -0.927618
v 1.015967 0.942476 -0.927618
f 3 2 1
f 4 3 1
f 7 6 5
f 8 7 5
f 11 10 9
f 12 11 9
f 15 14 13
f 16 15 13
f 19 18 17
f 20 19 17
f 23 22 21
f 24 23 21
f 27 26 25
f 28 27 25
f 31 30 29
f 32 31 29
f 35 34 33
f 36 35 33
f 39 38 37
f 40 39 37
f 43 42 41
f 44 43 41
f 47 46 45
f 48 47 45
f 51 50 49
f 52 51 49
f 55 54 53
f 56 55 53
f 59 58 57
f 60 59 57
f 63 62 61
f 64 63 61
f 67 66 65
f 68 67 65
f 71 70 69
f 72 71 69
f 75 74 73
f 76 75 73
f 79 78 77
f 80 79 77
f 83 82 81
f 84 83 81
f 87 86 85
f 88 87 85
f 91 90 89
f 92 91 89
f 95 94 93
f 96 95 93
f 99 98 97
f 100 99 97
f 103 102 101
f 104 103 101
f 107 106 105
f 108 107 105
f 111 110 109
f 112 111 109
f 115 114 113
f 116 115 113
f 119 118 117
f 120 119 117
f 123 122 121
f 124 123 121
f 127 126 125
f 128 127 125
f 131 130 129
f 132 131 129
f 135 134 133
f 136 135 133
