# GENERATED by tools/gen_vehicle_glass.py -- pane 'r_rear'. Do not hand-edit.
# One file per pane so each breaks independently (Vehicle.GlassPaneLabels).
g r_rear
v -1.226967 1.091569 0.535650
v -1.226967 1.091569 1.485650
v -1.226967 1.146569 1.485650
v -1.226967 1.146569 0.535650
v -1.226967 1.146569 0.535650
v -1.226967 1.146569 1.485650
v -1.226967 1.176569 1.455650
v -1.226967 1.176569 0.535650
v -1.226967 1.176569 0.535650
v -1.226967 1.176569 1.455650
v -1.226967 1.206569 1.455650
v -1.226967 1.206569 0.535650
v -1.226967 1.206569 0.535650
v -1.226967 1.206569 1.455650
v -1.226967 1.236569 1.455650
v -1.226967 1.236569 0.535650
v -1.226967 1.236569 0.535650
v -1.226967 1.236569 1.455650
v -1.226967 1.266569 1.455650
v -1.226967 1.266569 0.535650
v -1.226967 1.266569 0.535650
v -1.226967 1.266569 1.455650
v -1.226967 1.296569 1.425650
v -1.226967 1.296569 0.535650
v -1.226967 1.296569 0.535650
v -1.226967 1.296569 1.425650
v -1.226967 1.326569 1.425650
v -1.226967 1.326569 0.535650
v -1.226967 1.326569 0.535650
v -1.226967 1.326569 1.425650
v -1.226967 1.356569 1.425650
v -1.226967 1.356569 0.535650
v -1.226967 1.356569 0.535650
v -1.226967 1.356569 1.425650
v -1.226967 1.386569 1.395650
v -1.226967 1.386569 0.535650
v -1.226967 1.386569 0.535650
v -1.226967 1.386569 1.395650
v -1.226967 1.416569 1.395650
v -1.226967 1.416569 0.535650
v -1.226967 1.416569 0.535650
v -1.226967 1.416569 1.395650
v -1.226967 1.446569 1.395650
v -1.226967 1.446569 0.535650
v -1.226967 1.446569 0.535650
v -1.226967 1.446569 1.395650
v -1.226967 1.476569 1.395650
v -1.226967 1.476569 0.535650
v -1.226967 1.476569 0.535650
v -1.226967 1.476569 1.395650
v -1.226967 1.506569 1.365650
v -1.226967 1.506569 0.535650
v -1.226967 1.506569 0.535650
v -1.226967 1.506569 1.365650
v -1.226967 1.536569 1.365650
v -1.226967 1.536569 0.535650
v -1.226967 1.536569 0.535650
v -1.226967 1.536569 1.365650
v -1.226967 1.566569 1.365650
v -1.226967 1.566569 0.535650
v -1.226967 1.566569 0.535650
v -1.226967 1.566569 1.365650
v -1.226967 1.596569 1.335650
v -1.226967 1.596569 0.535650
v -1.226967 1.596569 0.535650
v -1.226967 1.596569 1.335650
v -1.226967 1.626569 1.335650
v -1.226967 1.626569 0.535650
v -1.226967 1.626569 0.535650
v -1.226967 1.626569 1.335650
v -1.226967 1.656569 1.335650
v -1.226967 1.656569 0.535650
v -1.226967 1.656569 0.535650
v -1.226967 1.656569 1.335650
v -1.226967 1.686569 1.335650
v -1.226967 1.686569 0.535650
v -1.226967 1.686569 0.535650
v -1.226967 1.686569 1.335650
v -1.226967 1.716569 1.305650
v -1.226967 1.716569 0.535650
v -1.226967 1.716569 0.535650
v -1.226967 1.716569 1.305650
v -1.226967 1.746569 1.305650
v -1.226967 1.746569 0.535650
v -1.226967 1.746569 0.535650
v -1.226967 1.746569 1.305650
v -1.226967 1.776569 1.305650
v -1.226967 1.776569 0.535650
v -1.226967 1.776569 0.535650
v -1.226967 1.776569 1.305650
v -1.226967 1.806569 1.275650
v -1.226967 1.806569 0.535650
v -1.226967 1.806569 0.535650
v -1.226967 1.806569 1.275650
v -1.226967 1.836569 1.275650
v -1.226967 1.836569 0.535650
v -1.226967 1.836569 0.535650
v -1.226967 1.836569 1.275650
v -1.226967 1.866569 1.275650
v -1.226967 1.866569 0.535650
v -1.226967 1.866569 0.535650
v -1.226967 1.866569 1.275650
v -1.226967 1.896569 1.035650
v -1.226967 1.896569 0.535650
v -1.226967 1.896569 0.535650
v -1.226967 1.896569 1.035650
v -1.226967 1.926569 0.705650
v -1.226967 1.926569 0.535650
v -1.226967 1.926569 0.535650
v -1.226967 1.926569 0.705650
v -1.226967 1.981569 0.705650
v -1.226967 1.981569 0.535650
f 3 2 1
f 4 3 1
f 7 6 5
f 8 7 5
f 11 10 9
f 12 11 9
f 15 14 13
f 16 15 13
f 19 18 17
f 20 19 17
f 23 22 21
f 24 23 21
f 27 26 25
f 28 27 25
f 31 30 29
f 32 31 29
f 35 34 33
f 36 35 33
f 39 38 37
f 40 39 37
f 43 42 41
f 44 43 41
f 47 46 45
f 48 47 45
f 51 50 49
f 52 51 49
f 55 54 53
f 56 55 53
f 59 58 57
f 60 59 57
f 63 62 61
f 64 63 61
f 67 66 65
f 68 67 65
f 71 70 69
f 72 71 69
f 75 74 73
f 76 75 73
f 79 78 77
f 80 79 77
f 83 82 81
f 84 83 81
f 87 86 85
f 88 87 85
f 91 90 89
f 92 91 89
f 95 94 93
f 96 95 93
f 99 98 97
f 100 99 97
f 103 102 101
f 104 103 101
f 107 106 105
f 108 107 105
f 111 110 109
f 112 111 109
