# GENERATED by tools/gen_vehicle_glass.py -- pane 'rear'. Do not hand-edit.
# One file per pane so each breaks independently (Vehicle.GlassPaneLabels).
g rear
v -1.015967 1.088215 2.203383
v 1.014033 1.088215 2.203383
v 1.014033 1.140888 2.187554
v -1.015967 1.140888 2.187554
v -1.015967 1.140888 2.187554
v 1.014033 1.140888 2.187554
v 1.014033 1.169618 2.178920
v -1.015967 1.169618 2.178920
v -1.015967 1.169618 2.178920
v 1.014033 1.169618 2.178920
v 1.014033 1.198349 2.170286
v -1.015967 1.198349 2.170286
v -1.015967 1.198349 2.170286
v 1.014033 1.198349 2.170286
v 1.014033 1.227080 2.161652
v -1.015967 1.227080 2.161652
v -1.015967 1.227080 2.161652
v 1.014033 1.227080 2.161652
v 1.014033 1.255811 2.153018
v -1.015967 1.255811 2.153018
v -1.015967 1.255811 2.153018
v 1.014033 1.255811 2.153018
v 1.014033 1.284541 2.144384
v -1.015967 1.284541 2.144384
v -1.015967 1.284541 2.144384
v 1.014033 1.284541 2.144384
v 1.014033 1.313272 2.135750
v -1.015967 1.313272 2.135750
v -1.015967 1.313272 2.135750
v 1.014033 1.313272 2.135750
v 1.014033 1.342003 2.127116
v -1.015967 1.342003 2.127116
v -1.015967 1.342003 2.127116
v 1.014033 1.342003 2.127116
v 1.014033 1.370734 2.118482
v -1.015967 1.370734 2.118482
v -1.015967 1.370734 2.118482
v 1.014033 1.370734 2.118482
v 1.014033 1.399464 2.109848
v -1.015967 1.399464 2.109848
v -1.015967 1.399464 2.109848
v 1.014033 1.399464 2.109848
v 1.014033 1.428195 2.101214
v -1.015967 1.428195 2.101214
v -1.015967 1.428195 2.101214
v 1.014033 1.428195 2.101214
v 1.014033 1.456926 2.092580
v -1.015967 1.456926 2.092580
v -1.015967 1.456926 2.092580
v 1.014033 1.456926 2.092580
v 1.014033 1.485656 2.083946
v -1.015967 1.485656 2.083946
v -1.015967 1.485656 2.083946
v 1.014033 1.485656 2.083946
v 1.014033 1.514387 2.075313
v -1.015967 1.514387 2.075313
v -1.015967 1.514387 2.075313
v 1.014033 1.514387 2.075313
v 1.014033 1.543118 2.066679
v -1.015967 1.543118 2.066679
v -1.015967 1.543118 2.066679
v 1.014033 1.543118 2.066679
v 1.014033 1.571849 2.058045
v -1.015967 1.571849 2.058045
v -1.015967 1.571849 2.058045
v 1.014033 1.571849 2.058045
v 1.014033 1.600579 2.049411
v -1.015967 1.600579 2.049411
v -1.015967 1.600579 2.049411
v 1.014033 1.600579 2.049411
v 1.014033 1.629310 2.040777
v -1.015967 1.629310 2.040777
v -1.015967 1.629310 2.040777
v 1.014033 1.629310 2.040777
v 1.014033 1.658041 2.032143
v -1.015967 1.658041 2.032143
v -1.015967 1.658041 2.032143
v 1.014033 1.658041 2.032143
v 1.014033 1.686772 2.023509
v -1.015967 1.686772 2.023509
v -1.015967 1.686772 2.023509
v 1.014033 1.686772 2.023509
v 1.014033 1.715502 2.014875
v -1.015967 1.715502 2.014875
v -1.015967 1.715502 2.014875
v 1.014033 1.715502 2.014875
v 1.014033 1.744233 2.006241
v -1.015967 1.744233 2.006241
v -1.015967 1.744233 2.006241
v 1.014033 1.744233 2.006241
v 1.014033 1.772964 1.997607
v -1.015967 1.772964 1.997607
v -1.015967 1.772964 1.997607
v 1.014033 1.772964 1.997607
v 1.014033 1.825637 1.981778
v -1.015967 1.825637 1.981778
f 1 2 3
f 1 3 4
f 5 6 7
f 5 7 8
f 9 10 11
f 9 11 12
f 13 14 15
f 13 15 16
f 17 18 19
f 17 19 20
f 21 22 23
f 21 23 24
f 25 26 27
f 25 27 28
f 29 30 31
f 29 31 32
f 33 34 35
f 33 35 36
f 37 38 39
f 37 39 40
f 41 42 43
f 41 43 44
f 45 46 47
f 45 47 48
f 49 50 51
f 49 51 52
f 53 54 55
f 53 55 56
f 57 58 59
f 57 59 60
f 61 62 63
f 61 63 64
f 65 66 67
f 65 67 68
f 69 70 71
f 69 71 72
f 73 74 75
f 73 75 76
f 77 78 79
f 77 79 80
f 81 82 83
f 81 83 84
f 85 86 87
f 85 87 88
f 89 90 91
f 89 91 92
f 93 94 95
f 93 95 96
