# GENERATED by tools/gen_vehicle_glass.py -- pane 'rear'. Do not hand-edit.
# One file per pane so each breaks independently (Vehicle.GlassPaneLabels).
g rear
v -1.015969 0.975451 2.456502
v 1.014031 0.975451 2.456502
v 1.014031 1.023808 2.430299
v -1.015969 1.023808 2.430299
v -1.015969 1.023808 2.430299
v 1.014031 1.023808 2.430299
v 1.014031 1.050184 2.416006
v -1.015969 1.050184 2.416006
v -1.015969 1.050184 2.416006
v 1.014031 1.050184 2.416006
v 1.014031 1.076561 2.401713
v -1.015969 1.076561 2.401713
v -1.015969 1.076561 2.401713
v 1.014031 1.076561 2.401713
v 1.014031 1.102937 2.387420
v -1.015969 1.102937 2.387420
v -1.015969 1.102937 2.387420
v 1.014031 1.102937 2.387420
v 1.014031 1.129314 2.373128
v -1.015969 1.129314 2.373128
v -1.015969 1.129314 2.373128
v 1.014031 1.129314 2.373128
v 1.014031 1.155690 2.358835
v -1.015969 1.155690 2.358835
v -1.015969 1.155690 2.358835
v 1.014031 1.155690 2.358835
v 1.014031 1.182067 2.344542
v -1.015969 1.182067 2.344542
v -1.015969 1.182067 2.344542
v 1.014031 1.182067 2.344542
v 1.014031 1.208443 2.330250
v -1.015969 1.208443 2.330250
v -1.015969 1.208443 2.330250
v 1.014031 1.208443 2.330250
v 1.014031 1.234820 2.315957
v -1.015969 1.234820 2.315957
v -1.015969 1.234820 2.315957
v 1.014031 1.234820 2.315957
v 1.014031 1.261196 2.301664
v -1.015969 1.261196 2.301664
v -1.015969 1.261196 2.301664
v 1.014031 1.261196 2.301664
v 1.014031 1.287573 2.287372
v -1.015969 1.287573 2.287372
v -1.015969 1.287573 2.287372
v 1.014031 1.287573 2.287372
v 1.014031 1.313949 2.273079
v -1.015969 1.313949 2.273079
v -1.015969 1.313949 2.273079
v 1.014031 1.313949 2.273079
v 1.014031 1.340326 2.258786
v -1.015969 1.340326 2.258786
v -1.015969 1.340326 2.258786
v 1.014031 1.340326 2.258786
v 1.014031 1.366702 2.244494
v -1.015969 1.366702 2.244494
v -1.015969 1.366702 2.244494
v 1.014031 1.366702 2.244494
v 1.014031 1.393079 2.230201
v -1.015969 1.393079 2.230201
v -1.015969 1.393079 2.230201
v 1.014031 1.393079 2.230201
v 1.014031 1.419455 2.215908
v -1.015969 1.419455 2.215908
v -1.015969 1.419455 2.215908
v 1.014031 1.419455 2.215908
v 1.014031 1.445832 2.201616
v -1.015969 1.445832 2.201616
v -1.015969 1.445832 2.201616
v 1.014031 1.445832 2.201616
v 1.014031 1.472208 2.187323
v -1.015969 1.472208 2.187323
v -1.015969 1.472208 2.187323
v 1.014031 1.472208 2.187323
v 1.014031 1.498585 2.173030
v -1.015969 1.498585 2.173030
v -1.015969 1.498585 2.173030
v 1.014031 1.498585 2.173030
v 1.014031 1.524961 2.158738
v -1.015969 1.524961 2.158738
v -1.015969 1.524961 2.158738
v 1.014031 1.524961 2.158738
v 1.014031 1.551338 2.144445
v -1.015969 1.551338 2.144445
v -1.015969 1.551338 2.144445
v 1.014031 1.551338 2.144445
v 1.014031 1.577714 2.130152
v -1.015969 1.577714 2.130152
v -1.015969 1.577714 2.130152
v 1.014031 1.577714 2.130152
v 1.014031 1.604091 2.115860
v -1.015969 1.604091 2.115860
v -1.015969 1.604091 2.115860
v 1.014031 1.604091 2.115860
v 1.014031 1.630467 2.101567
v -1.015969 1.630467 2.101567
v -1.015969 1.630467 2.101567
v 1.014031 1.630467 2.101567
v 1.014031 1.656844 2.087274
v -1.015969 1.656844 2.087274
v -1.015969 1.656844 2.087274
v 1.014031 1.656844 2.087274
v 1.014031 1.683220 2.072982
v -1.015969 1.683220 2.072982
v -1.015969 1.683220 2.072982
v 1.014031 1.683220 2.072982
v 1.014031 1.709597 2.058689
v -1.015969 1.709597 2.058689
v -1.015969 1.709597 2.058689
v 1.014031 1.709597 2.058689
v 1.014031 1.757954 2.032486
v -1.015969 1.757954 2.032486
f 1 2 3
f 1 3 4
f 5 6 7
f 5 7 8
f 9 10 11
f 9 11 12
f 13 14 15
f 13 15 16
f 17 18 19
f 17 19 20
f 21 22 23
f 21 23 24
f 25 26 27
f 25 27 28
f 29 30 31
f 29 31 32
f 33 34 35
f 33 35 36
f 37 38 39
f 37 39 40
f 41 42 43
f 41 43 44
f 45 46 47
f 45 47 48
f 49 50 51
f 49 51 52
f 53 54 55
f 53 55 56
f 57 58 59
f 57 59 60
f 61 62 63
f 61 63 64
f 65 66 67
f 65 67 68
f 69 70 71
f 69 71 72
f 73 74 75
f 73 75 76
f 77 78 79
f 77 79 80
f 81 82 83
f 81 83 84
f 85 86 87
f 85 87 88
f 89 90 91
f 89 91 92
f 93 94 95
f 93 95 96
f 97 98 99
f 97 99 100
f 101 102 103
f 101 103 104
f 105 106 107
f 105 107 108
f 109 110 111
f 109 111 112
