# GENERATED by tools/gen_vehicle_glass.py -- pane 'l_rear'. Do not hand-edit.
# One file per pane so each breaks independently (Vehicle.GlassPaneLabels).
g l_rear
v 1.226969 1.001569 1.080674
v 1.226969 1.001569 2.270674
v 1.226969 1.056569 2.270674
v 1.226969 1.056569 1.080674
v 1.226969 1.056569 1.080674
v 1.226969 1.056569 2.270674
v 1.226969 1.086569 2.270674
v 1.226969 1.086569 1.080674
v 1.226969 1.086569 1.080674
v 1.226969 1.086569 2.270674
v 1.226969 1.116569 2.240674
v 1.226969 1.116569 1.080674
v 1.226969 1.116569 1.080674
v 1.226969 1.116569 2.240674
v 1.226969 1.146569 2.210674
v 1.226969 1.146569 1.050674
v 1.226969 1.146569 1.050674
v 1.226969 1.146569 2.210674
v 1.226969 1.176569 2.210674
v 1.226969 1.176569 1.050674
v 1.226969 1.176569 1.050674
v 1.226969 1.176569 2.210674
v 1.226969 1.206569 2.180674
v 1.226969 1.206569 1.050674
v 1.226969 1.206569 1.050674
v 1.226969 1.206569 2.180674
v 1.226969 1.236569 2.180674
v 1.226969 1.236569 1.050674
v 1.226969 1.236569 1.050674
v 1.226969 1.236569 2.180674
v 1.226969 1.266569 2.150674
v 1.226969 1.266569 1.050674
v 1.226969 1.266569 1.050674
v 1.226969 1.266569 2.150674
v 1.226969 1.296569 2.150674
v 1.226969 1.296569 1.050674
v 1.226969 1.296569 1.050674
v 1.226969 1.296569 2.150674
v 1.226969 1.326569 2.120674
v 1.226969 1.326569 1.050674
v 1.226969 1.326569 1.050674
v 1.226969 1.326569 2.120674
v 1.226969 1.356569 2.120674
v 1.226969 1.356569 1.050674
v 1.226969 1.356569 1.050674
v 1.226969 1.356569 2.120674
v 1.226969 1.386569 2.090674
v 1.226969 1.386569 1.050674
v 1.226969 1.386569 1.050674
v 1.226969 1.386569 2.090674
v 1.226969 1.416569 2.090674
v 1.226969 1.416569 1.020674
v 1.226969 1.416569 1.020674
v 1.226969 1.416569 2.090674
v 1.226969 1.446569 2.060674
v 1.226969 1.446569 1.020674
v 1.226969 1.446569 1.020674
v 1.226969 1.446569 2.060674
v 1.226969 1.476569 2.030674
v 1.226969 1.476569 1.020674
v 1.226969 1.476569 1.020674
v 1.226969 1.476569 2.030674
v 1.226969 1.506569 2.030674
v 1.226969 1.506569 1.020674
v 1.226969 1.506569 1.020674
v 1.226969 1.506569 2.030674
v 1.226969 1.536569 2.000674
v 1.226969 1.536569 1.020674
v 1.226969 1.536569 1.020674
v 1.226969 1.536569 2.000674
v 1.226969 1.566569 2.000674
v 1.226969 1.566569 1.020674
v 1.226969 1.566569 1.020674
v 1.226969 1.566569 2.000674
v 1.226969 1.596569 1.970674
v 1.226969 1.596569 1.020674
v 1.226969 1.596569 1.020674
v 1.226969 1.596569 1.970674
v 1.226969 1.626569 1.970674
v 1.226969 1.626569 1.020674
v 1.226969 1.626569 1.020674
v 1.226969 1.626569 1.970674
v 1.226969 1.656569 1.940674
v 1.226969 1.656569 1.020674
v 1.226969 1.656569 1.020674
v 1.226969 1.656569 1.940674
v 1.226969 1.686569 1.940674
v 1.226969 1.686569 1.020674
v 1.226969 1.686569 1.020674
v 1.226969 1.686569 1.940674
v 1.226969 1.716569 1.910674
v 1.226969 1.716569 0.990674
v 1.226969 1.716569 0.990674
v 1.226969 1.716569 1.910674
v 1.226969 1.746569 1.910674
v 1.226969 1.746569 0.990674
v 1.226969 1.746569 0.990674
v 1.226969 1.746569 1.910674
v 1.226969 1.776569 1.760674
v 1.226969 1.776569 0.990674
v 1.226969 1.776569 0.990674
v 1.226969 1.776569 1.760674
v 1.226969 1.806569 1.550674
v 1.226969 1.806569 0.990674
v 1.226969 1.806569 0.990674
v 1.226969 1.806569 1.550674
v 1.226969 1.836569 1.340674
v 1.226969 1.836569 0.990674
v 1.226969 1.836569 0.990674
v 1.226969 1.836569 1.340674
v 1.226969 1.866569 1.130674
v 1.226969 1.866569 0.990674
v 1.226969 1.866569 0.990674
v 1.226969 1.866569 1.130674
v 1.226969 1.921569 1.130674
v 1.226969 1.921569 0.990674
f 3 2 1
f 4 3 1
f 7 6 5
f 8 7 5
f 11 10 9
f 12 11 9
f 15 14 13
f 16 15 13
f 19 18 17
f 20 19 17
f 23 22 21
f 24 23 21
f 27 26 25
f 28 27 25
f 31 30 29
f 32 31 29
f 35 34 33
f 36 35 33
f 39 38 37
f 40 39 37
f 43 42 41
f 44 43 41
f 47 46 45
f 48 47 45
f 51 50 49
f 52 51 49
f 55 54 53
f 56 55 53
f 59 58 57
f 60 59 57
f 63 62 61
f 64 63 61
f 67 66 65
f 68 67 65
f 71 70 69
f 72 71 69
f 75 74 73
f 76 75 73
f 79 78 77
f 80 79 77
f 83 82 81
f 84 83 81
f 87 86 85
f 88 87 85
f 91 90 89
f 92 91 89
f 95 94 93
f 96 95 93
f 99 98 97
f 100 99 97
f 103 102 101
f 104 103 101
f 107 106 105
f 108 107 105
f 111 110 109
f 112 111 109
f 115 114 113
f 116 115 113
