# GENERATED by tools/gen_vehicle_glass.py -- pane 'l_rear'. Do not hand-edit.
# One file per pane so each breaks independently (Vehicle.GlassPaneLabels).
g l_rear
v -1.226969 1.001569 1.080674
v -1.226969 1.001569 2.270674
v -1.226969 1.056569 2.270674
v -1.226969 1.056569 1.080674
v -1.226969 1.056569 1.080674
v -1.226969 1.056569 2.270674
v -1.226969 1.086569 2.270674
v -1.226969 1.086569 1.080674
v -1.226969 1.086569 1.080674
v -1.226969 1.086569 2.270674
v -1.226969 1.116569 2.240674
v -1.226969 1.116569 1.080674
v -1.226969 1.116569 1.080674
v -1.226969 1.116569 2.240674
v -1.226969 1.146569 2.210674
v -1.226969 1.146569 1.050674
v -1.226969 1.146569 1.050674
v -1.226969 1.146569 2.210674
v -1.226969 1.176569 2.210674
v -1.226969 1.176569 1.050674
v -1.226969 1.176569 1.050674
v -1.226969 1.176569 2.210674
v -1.226969 1.206569 2.180674
v -1.226969 1.206569 1.050674
v -1.226969 1.206569 1.050674
v -1.226969 1.206569 2.180674
v -1.226969 1.236569 2.180674
v -1.226969 1.236569 1.050674
v -1.226969 1.236569 1.050674
v -1.226969 1.236569 2.180674
v -1.226969 1.266569 2.150674
v -1.226969 1.266569 1.050674
v -1.226969 1.266569 1.050674
v -1.226969 1.266569 2.150674
v -1.226969 1.296569 2.150674
v -1.226969 1.296569 1.050674
v -1.226969 1.296569 1.050674
v -1.226969 1.296569 2.150674
v -1.226969 1.326569 2.120674
v -1.226969 1.326569 1.050674
v -1.226969 1.326569 1.050674
v -1.226969 1.326569 2.120674
v -1.226969 1.356569 2.120674
v -1.226969 1.356569 1.050674
v -1.226969 1.356569 1.050674
v -1.226969 1.356569 2.120674
v -1.226969 1.386569 2.090674
v -1.226969 1.386569 1.050674
v -1.226969 1.386569 1.050674
v -1.226969 1.386569 2.090674
v -1.226969 1.416569 2.090674
v -1.226969 1.416569 1.020674
v -1.226969 1.416569 1.020674
v -1.226969 1.416569 2.090674
v -1.226969 1.446569 2.060674
v -1.226969 1.446569 1.020674
v -1.226969 1.446569 1.020674
v -1.226969 1.446569 2.060674
v -1.226969 1.476569 2.030674
v -1.226969 1.476569 1.020674
v -1.226969 1.476569 1.020674
v -1.226969 1.476569 2.030674
v -1.226969 1.506569 2.030674
v -1.226969 1.506569 1.020674
v -1.226969 1.506569 1.020674
v -1.226969 1.506569 2.030674
v -1.226969 1.536569 2.000674
v -1.226969 1.536569 1.020674
v -1.226969 1.536569 1.020674
v -1.226969 1.536569 2.000674
v -1.226969 1.566569 2.000674
v -1.226969 1.566569 1.020674
v -1.226969 1.566569 1.020674
v -1.226969 1.566569 2.000674
v -1.226969 1.596569 1.970674
v -1.226969 1.596569 1.020674
v -1.226969 1.596569 1.020674
v -1.226969 1.596569 1.970674
v -1.226969 1.626569 1.970674
v -1.226969 1.626569 1.020674
v -1.226969 1.626569 1.020674
v -1.226969 1.626569 1.970674
v -1.226969 1.656569 1.940674
v -1.226969 1.656569 1.020674
v -1.226969 1.656569 1.020674
v -1.226969 1.656569 1.940674
v -1.226969 1.686569 1.940674
v -1.226969 1.686569 1.020674
v -1.226969 1.686569 1.020674
v -1.226969 1.686569 1.940674
v -1.226969 1.716569 1.910674
v -1.226969 1.716569 0.990674
v -1.226969 1.716569 0.990674
v -1.226969 1.716569 1.910674
v -1.226969 1.746569 1.910674
v -1.226969 1.746569 0.990674
v -1.226969 1.746569 0.990674
v -1.226969 1.746569 1.910674
v -1.226969 1.776569 1.760674
v -1.226969 1.776569 0.990674
v -1.226969 1.776569 0.990674
v -1.226969 1.776569 1.760674
v -1.226969 1.806569 1.550674
v -1.226969 1.806569 0.990674
v -1.226969 1.806569 0.990674
v -1.226969 1.806569 1.550674
v -1.226969 1.836569 1.340674
v -1.226969 1.836569 0.990674
v -1.226969 1.836569 0.990674
v -1.226969 1.836569 1.340674
v -1.226969 1.866569 1.130674
v -1.226969 1.866569 0.990674
v -1.226969 1.866569 0.990674
v -1.226969 1.866569 1.130674
v -1.226969 1.921569 1.130674
v -1.226969 1.921569 0.990674
f 1 2 3
f 1 3 4
f 5 6 7
f 5 7 8
f 9 10 11
f 9 11 12
f 13 14 15
f 13 15 16
f 17 18 19
f 17 19 20
f 21 22 23
f 21 23 24
f 25 26 27
f 25 27 28
f 29 30 31
f 29 31 32
f 33 34 35
f 33 35 36
f 37 38 39
f 37 39 40
f 41 42 43
f 41 43 44
f 45 46 47
f 45 47 48
f 49 50 51
f 49 51 52
f 53 54 55
f 53 55 56
f 57 58 59
f 57 59 60
f 61 62 63
f 61 63 64
f 65 66 67
f 65 67 68
f 69 70 71
f 69 71 72
f 73 74 75
f 73 75 76
f 77 78 79
f 77 79 80
f 81 82 83
f 81 83 84
f 85 86 87
f 85 87 88
f 89 90 91
f 89 91 92
f 93 94 95
f 93 95 96
f 97 98 99
f 97 99 100
f 101 102 103
f 101 103 104
f 105 106 107
f 105 107 108
f 109 110 111
f 109 111 112
f 113 114 115
f 113 115 116
