g hind_taillights
v -3.159657 1.655214 2.828484
v -3.118007 1.398414 2.828484
v -3.106580 1.317154 3.116423
v -3.163321 1.649569 3.116423
v -3.163321 1.649569 3.116423
v -3.106580 1.317154 3.116423
v -2.911233 1.334091 3.116423
v -2.907753 1.655214 3.116423
v -2.907753 1.655214 3.116423
v -2.911233 1.334091 3.116423
v -2.941199 1.398414 2.828484
v -2.935826 1.655214 2.828484
v -2.935826 1.655214 2.828484
v -2.941199 1.398414 2.828484
v -3.118007 1.398414 2.828484
v -3.159657 1.655214 2.828484
v -3.118007 1.398414 2.828484
v -2.941199 1.398414 2.828484
v -2.911233 1.334091 3.116423
v -3.106580 1.317154 3.116423
v -2.935826 1.655214 2.828484
v -3.159657 1.655214 2.828484
v -3.163321 1.649569 3.116423
v -2.907753 1.655214 3.116423
v -3.159657 1.655214 2.828484
v -3.118007 1.398414 2.828484
v -3.106580 1.317154 3.116423
v -3.163321 1.649569 3.116423
v -3.163321 1.649569 3.116423
v -3.106580 1.317154 3.116423
v -2.911233 1.334091 3.116423
v -2.907753 1.655214 3.116423
v -2.907753 1.655214 3.116423
v -2.911233 1.334091 3.116423
v -2.941199 1.398414 2.828484
v -2.935826 1.655214 2.828484
v -2.935826 1.655214 2.828484
v -2.941199 1.398414 2.828484
v -3.118007 1.398414 2.828484
v -3.159657 1.655214 2.828484
v -3.118007 1.398414 2.828484
v -2.941199 1.398414 2.828484
v -2.911233 1.334091 3.116423
v -3.106580 1.317154 3.116423
v -2.935826 1.655214 2.828484
v -3.159657 1.655214 2.828484
v -3.163321 1.649569 3.116423
v -2.907753 1.655214 3.116423
f 3 1 2
f 4 1 3
f 7 5 6
f 8 5 7
f 11 9 10
f 12 9 11
f 15 13 14
f 16 13 15
f 19 17 18
f 20 17 19
f 23 21 22
f 24 21 23
f 27 25 26
f 28 25 27
f 31 29 30
f 32 29 31
f 35 33 34
f 36 33 35
f 39 37 38
f 40 37 39
f 43 41 42
f 44 41 43
f 47 45 46
f 48 45 47
