g hind_wheels
v 0.112998 -0.119779 -3.042049
v 0.112998 -0.250049 -2.911779
v 0.312998 -0.250049 -2.911779
v 0.312998 -0.119779 -3.042048
v 0.112999 -0.072097 -3.220000
v 0.312999 -0.072097 -3.220000
v 0.113000 -0.119779 -3.397952
v 0.313000 -0.119779 -3.397951
v 0.113000 -0.250049 -3.528222
v 0.313000 -0.250049 -3.528221
v 0.112998 -0.250049 -2.911779
v 0.312997 -0.428000 -2.864097
v 0.312998 -0.250049 -2.911779
v 0.112997 -0.428000 -2.864097
v 0.312998 -0.605952 -2.911779
v 0.112998 -0.605952 -2.911779
v 0.312998 -0.736221 -3.042048
v 0.112998 -0.736221 -3.042049
v 0.312999 -0.783903 -3.220000
v 0.112999 -0.783903 -3.220000
v 0.112999 -0.783903 -3.220000
v 0.313000 -0.736221 -3.397951
v 0.312999 -0.783903 -3.220000
v 0.113000 -0.736221 -3.397952
v 0.313000 -0.605952 -3.528221
v 0.113000 -0.605952 -3.528221
v 0.313001 -0.428000 -3.575903
v 0.113001 -0.428000 -3.575903
v 0.313000 -0.250049 -3.528221
v 0.113000 -0.250049 -3.528222
v 0.312999 -0.212556 -3.220000
v 0.277595 -0.212556 -3.220000
v 0.277595 -0.241420 -3.327722
v 0.312999 -0.241420 -3.327722
v 0.277596 -0.320278 -3.406580
v 0.313000 -0.320278 -3.406580
v 0.277596 -0.428000 -3.435444
v 0.313000 -0.428000 -3.435444
v 0.277596 -0.535722 -3.406580
v 0.313000 -0.535722 -3.406579
v 0.277595 -0.614580 -3.112278
v 0.277595 -0.643444 -3.220000
v 0.277595 -0.614580 -3.327722
v 0.277594 -0.535722 -3.033420
v 0.277596 -0.535722 -3.406580
v 0.277594 -0.428000 -3.004556
v 0.277596 -0.428000 -3.435444
v 0.277594 -0.320278 -3.033420
v 0.277596 -0.320278 -3.406580
v 0.277595 -0.241420 -3.112278
v 0.277595 -0.241420 -3.327722
v 0.277595 -0.212556 -3.220000
v 0.313000 -0.535722 -3.406579
v 0.277596 -0.535722 -3.406580
v 0.277595 -0.614580 -3.327722
v 0.312999 -0.614580 -3.327722
v 0.277595 -0.643444 -3.220000
v 0.312999 -0.643444 -3.220000
v 0.277595 -0.614580 -3.112278
v 0.312999 -0.614580 -3.112278
v 0.277594 -0.535722 -3.033420
v 0.312998 -0.535722 -3.033420
v 0.277594 -0.428000 -3.004556
v 0.312998 -0.428000 -3.004556
v 0.312998 -0.428000 -3.004556
v 0.277594 -0.428000 -3.004556
v 0.277594 -0.320278 -3.033420
v 0.312998 -0.320278 -3.033420
v 0.277595 -0.241420 -3.112278
v 0.312999 -0.241420 -3.112278
v 0.277595 -0.212556 -3.220000
v 0.312999 -0.212556 -3.220000
v 0.113000 -0.250049 -3.528222
v 0.113000 -0.320278 -3.406580
v 0.112999 -0.241421 -3.327722
v 0.113000 -0.119779 -3.397952
v 0.112999 -0.212557 -3.220000
v 0.112999 -0.072097 -3.220000
v 0.112999 -0.241421 -3.112279
v 0.112998 -0.119779 -3.042049
v 0.112998 -0.320278 -3.033421
v 0.112998 -0.250049 -2.911779
v 0.113001 -0.428000 -3.575903
v 0.113000 -0.320278 -3.406580
v 0.113000 -0.250049 -3.528222
v 0.113000 -0.428000 -3.435444
v 0.113000 -0.605952 -3.528221
v 0.113000 -0.535722 -3.406580
v 0.113000 -0.736221 -3.397952
v 0.112999 -0.614580 -3.327722
v 0.112999 -0.783903 -3.220000
v 0.112999 -0.643444 -3.220000
v 0.112998 -0.736221 -3.042049
v 0.112999 -0.643444 -3.220000
v 0.112999 -0.783903 -3.220000
v 0.112999 -0.614580 -3.112279
v 0.112998 -0.605952 -2.911779
v 0.112998 -0.535722 -3.033421
v 0.112997 -0.428000 -2.864097
v 0.112998 -0.428000 -3.004557
v 0.112998 -0.250049 -2.911779
v 0.112998 -0.320278 -3.033421
v 0.148399 -0.614580 -3.327722
v 0.148399 -0.643444 -3.220000
v 0.148399 -0.614580 -3.112279
v 0.148400 -0.535722 -3.406580
v 0.148398 -0.535722 -3.033421
v 0.148400 -0.428000 -3.435444
v 0.148398 -0.428000 -3.004557
v 0.148400 -0.320278 -3.406580
v 0.148398 -0.320278 -3.033421
v 0.148399 -0.241421 -3.327722
v 0.148399 -0.241421 -3.112279
v 0.148399 -0.212557 -3.220000
v 0.113000 -0.320278 -3.406580
v 0.148400 -0.320278 -3.406580
v 0.148399 -0.241421 -3.327722
v 0.112999 -0.241421 -3.327722
v 0.148399 -0.212557 -3.220000
v 0.112999 -0.212557 -3.220000
v 0.148399 -0.241421 -3.112279
v 0.112999 -0.241421 -3.112279
v 0.148398 -0.320278 -3.033421
v 0.112998 -0.320278 -3.033421
v 0.113000 -0.428000 -3.435444
v 0.148400 -0.320278 -3.406580
v 0.113000 -0.320278 -3.406580
v 0.148400 -0.428000 -3.435444
v 0.113000 -0.535722 -3.406580
v 0.148400 -0.535722 -3.406580
v 0.112999 -0.614580 -3.327722
v 0.148399 -0.614580 -3.327722
v 0.112999 -0.643444 -3.220000
v 0.148399 -0.643444 -3.220000
v 0.112999 -0.614580 -3.112279
v 0.148399 -0.643444 -3.220000
v 0.112999 -0.643444 -3.220000
v 0.148399 -0.614580 -3.112279
v 0.112998 -0.535722 -3.033421
v 0.148398 -0.535722 -3.033421
v 0.112998 -0.428000 -3.004557
v 0.148398 -0.428000 -3.004557
v 0.112998 -0.320278 -3.033421
v 0.148398 -0.320278 -3.033421
v 0.312998 -0.250049 -2.911779
v 0.312999 -0.241420 -3.112278
v 0.312998 -0.119779 -3.042048
v 0.312998 -0.320278 -3.033420
v 0.312999 -0.212556 -3.220000
v 0.312997 -0.428000 -2.864097
v 0.312999 -0.072097 -3.220000
v 0.312998 -0.428000 -3.004556
v 0.312999 -0.241420 -3.327722
v 0.312998 -0.605952 -2.911779
v 0.313000 -0.119779 -3.397951
v 0.312998 -0.535722 -3.033420
v 0.313000 -0.320278 -3.406580
v 0.312998 -0.736221 -3.042048
v 0.313000 -0.250049 -3.528221
v 0.312999 -0.614580 -3.112278
v 0.313000 -0.428000 -3.435444
v 0.312999 -0.783903 -3.220000
v 0.313001 -0.428000 -3.575903
v 0.312999 -0.643444 -3.220000
v 0.313000 -0.535722 -3.406579
v 0.313000 -0.736221 -3.397951
v 0.313000 -0.605952 -3.528221
v 0.312999 -0.614580 -3.327722
v 1.399998 0.042221 1.927950
v 1.399997 -0.088049 2.058220
v 1.599997 -0.088049 2.058222
v 1.599998 0.042221 1.927953
v 1.399999 0.089903 1.749999
v 1.599999 0.089903 1.750001
v 1.400000 0.042221 1.572047
v 1.600000 0.042221 1.572050
v 1.400001 -0.088049 1.441777
v 1.600001 -0.088049 1.441780
v 1.399997 -0.088049 2.058220
v 1.599997 -0.266000 2.105904
v 1.599997 -0.088049 2.058222
v 1.399997 -0.266000 2.105902
v 1.599997 -0.443952 2.058222
v 1.399997 -0.443952 2.058220
v 1.599998 -0.574221 1.927953
v 1.399998 -0.574221 1.927950
v 1.599999 -0.621903 1.750001
v 1.399999 -0.621903 1.749999
v 1.399999 -0.621903 1.749999
v 1.600000 -0.574221 1.572050
v 1.599999 -0.621903 1.750001
v 1.400000 -0.574221 1.572047
v 1.600001 -0.443952 1.441780
v 1.400001 -0.443952 1.441778
v 1.600001 -0.266000 1.394098
v 1.400001 -0.266000 1.394096
v 1.600001 -0.088049 1.441780
v 1.400001 -0.088049 1.441777
v 1.599999 -0.050556 1.750001
v 1.564595 -0.050556 1.750000
v 1.564596 -0.079420 1.642278
v 1.600000 -0.079420 1.642279
v 1.564596 -0.158278 1.563420
v 1.600000 -0.158278 1.563421
v 1.564596 -0.266000 1.534556
v 1.600000 -0.266000 1.534557
v 1.564596 -0.373722 1.563420
v 1.600000 -0.373722 1.563422
v 1.564594 -0.452580 1.857722
v 1.564595 -0.481444 1.750000
v 1.564596 -0.452580 1.642278
v 1.564594 -0.373722 1.936580
v 1.564596 -0.373722 1.563420
v 1.564594 -0.266000 1.965444
v 1.564596 -0.266000 1.534556
v 1.564594 -0.158278 1.936580
v 1.564596 -0.158278 1.563420
v 1.564594 -0.079420 1.857722
v 1.564596 -0.079420 1.642278
v 1.564595 -0.050556 1.750000
v 1.600000 -0.373722 1.563422
v 1.564596 -0.373722 1.563420
v 1.564596 -0.452580 1.642278
v 1.600000 -0.452580 1.642279
v 1.564595 -0.481444 1.750000
v 1.599999 -0.481444 1.750001
v 1.564594 -0.452580 1.857722
v 1.599998 -0.452580 1.857723
v 1.564594 -0.373722 1.936580
v 1.599998 -0.373722 1.936581
v 1.564594 -0.266000 1.965444
v 1.599998 -0.266000 1.965445
v 1.599998 -0.266000 1.965445
v 1.564594 -0.266000 1.965444
v 1.564594 -0.158278 1.936580
v 1.599998 -0.158278 1.936581
v 1.564594 -0.079420 1.857722
v 1.599998 -0.079420 1.857723
v 1.564595 -0.050556 1.750000
v 1.599999 -0.050556 1.750001
v 1.400001 -0.088049 1.441777
v 1.400000 -0.158278 1.563419
v 1.400000 -0.079421 1.642277
v 1.400000 0.042221 1.572047
v 1.399999 -0.050557 1.749999
v 1.399999 0.089903 1.749999
v 1.399998 -0.079421 1.857720
v 1.399998 0.042221 1.927950
v 1.399998 -0.158278 1.936578
v 1.399997 -0.088049 2.058220
v 1.400001 -0.266000 1.394096
v 1.400000 -0.158278 1.563419
v 1.400001 -0.088049 1.441777
v 1.400000 -0.266000 1.534555
v 1.400001 -0.443952 1.441778
v 1.400000 -0.373722 1.563419
v 1.400000 -0.574221 1.572047
v 1.400000 -0.452580 1.642277
v 1.399999 -0.621903 1.749999
v 1.399999 -0.481444 1.749999
v 1.399998 -0.574221 1.927950
v 1.399999 -0.481444 1.749999
v 1.399999 -0.621903 1.749999
v 1.399998 -0.452580 1.857720
v 1.399997 -0.443952 2.058220
v 1.399998 -0.373722 1.936578
v 1.399997 -0.266000 2.105902
v 1.399998 -0.266000 1.965442
v 1.399997 -0.088049 2.058220
v 1.399998 -0.158278 1.936578
v 1.435400 -0.452580 1.642278
v 1.435399 -0.481444 1.750000
v 1.435398 -0.452580 1.857721
v 1.435400 -0.373722 1.563420
v 1.435398 -0.373722 1.936579
v 1.435400 -0.266000 1.534556
v 1.435398 -0.266000 1.965443
v 1.435400 -0.158278 1.563420
v 1.435398 -0.158278 1.936579
v 1.435400 -0.079421 1.642278
v 1.435398 -0.079421 1.857721
v 1.435399 -0.050557 1.750000
v 1.400000 -0.158278 1.563419
v 1.435400 -0.158278 1.563420
v 1.435400 -0.079421 1.642278
v 1.400000 -0.079421 1.642277
v 1.435399 -0.050557 1.750000
v 1.399999 -0.050557 1.749999
v 1.435398 -0.079421 1.857721
v 1.399998 -0.079421 1.857720
v 1.435398 -0.158278 1.936579
v 1.399998 -0.158278 1.936578
v 1.400000 -0.266000 1.534555
v 1.435400 -0.158278 1.563420
v 1.400000 -0.158278 1.563419
v 1.435400 -0.266000 1.534556
v 1.400000 -0.373722 1.563419
v 1.435400 -0.373722 1.563420
v 1.400000 -0.452580 1.642277
v 1.435400 -0.452580 1.642278
v 1.399999 -0.481444 1.749999
v 1.435399 -0.481444 1.750000
v 1.399998 -0.452580 1.857720
v 1.435399 -0.481444 1.750000
v 1.399999 -0.481444 1.749999
v 1.435398 -0.452580 1.857721
v 1.399998 -0.373722 1.936578
v 1.435398 -0.373722 1.936579
v 1.399998 -0.266000 1.965442
v 1.435398 -0.266000 1.965443
v 1.399998 -0.158278 1.936578
v 1.435398 -0.158278 1.936579
v 1.599997 -0.088049 2.058222
v 1.599998 -0.079420 1.857723
v 1.599998 0.042221 1.927953
v 1.599998 -0.158278 1.936581
v 1.599999 -0.050556 1.750001
v 1.599997 -0.266000 2.105904
v 1.599999 0.089903 1.750001
v 1.599998 -0.266000 1.965445
v 1.600000 -0.079420 1.642279
v 1.599997 -0.443952 2.058222
v 1.600000 0.042221 1.572050
v 1.599998 -0.373722 1.936581
v 1.600000 -0.158278 1.563421
v 1.599998 -0.574221 1.927953
v 1.600001 -0.088049 1.441780
v 1.599998 -0.452580 1.857723
v 1.600000 -0.266000 1.534557
v 1.599999 -0.621903 1.750001
v 1.600001 -0.266000 1.394098
v 1.599999 -0.481444 1.750001
v 1.600000 -0.373722 1.563422
v 1.600000 -0.574221 1.572050
v 1.600001 -0.443952 1.441780
v 1.600000 -0.452580 1.642279
v -1.600002 0.042221 1.927951
v -1.600002 -0.088049 2.058221
v -1.400002 -0.088049 2.058221
v -1.400002 0.042221 1.927952
v -1.600001 0.089903 1.750000
v -1.400001 0.089903 1.750000
v -1.600000 0.042221 1.572048
v -1.400000 0.042221 1.572049
v -1.600000 -0.088049 1.441778
v -1.400000 -0.088049 1.441779
v -1.600002 -0.088049 2.058221
v -1.400003 -0.266000 2.105903
v -1.400002 -0.088049 2.058221
v -1.600003 -0.266000 2.105903
v -1.400002 -0.443952 2.058221
v -1.600002 -0.443952 2.058221
v -1.400002 -0.574221 1.927952
v -1.600002 -0.574221 1.927951
v -1.400001 -0.621903 1.750000
v -1.600001 -0.621903 1.750000
v -1.600001 -0.621903 1.750000
v -1.400000 -0.574221 1.572049
v -1.400001 -0.621903 1.750000
v -1.600000 -0.574221 1.572048
v -1.400000 -0.443952 1.441779
v -1.600000 -0.443952 1.441779
v -1.399999 -0.266000 1.394097
v -1.599999 -0.266000 1.394097
v -1.400000 -0.088049 1.441779
v -1.600000 -0.088049 1.441778
v -1.400001 -0.050556 1.750000
v -1.435405 -0.050556 1.750000
v -1.435405 -0.079420 1.642278
v -1.400001 -0.079420 1.642278
v -1.435404 -0.158278 1.563420
v -1.400000 -0.158278 1.563420
v -1.435404 -0.266000 1.534556
v -1.400000 -0.266000 1.534556
v -1.435404 -0.373722 1.563420
v -1.400000 -0.373722 1.563421
v -1.435405 -0.452580 1.857722
v -1.435405 -0.481444 1.750000
v -1.435405 -0.452580 1.642278
v -1.435406 -0.373722 1.936580
v -1.435404 -0.373722 1.563420
v -1.435406 -0.266000 1.965444
v -1.435404 -0.266000 1.534556
v -1.435406 -0.158278 1.936580
v -1.435404 -0.158278 1.563420
v -1.435405 -0.079420 1.857722
v -1.435405 -0.079420 1.642278
v -1.435405 -0.050556 1.750000
v -1.400000 -0.373722 1.563421
v -1.435404 -0.373722 1.563420
v -1.435405 -0.452580 1.642278
v -1.400001 -0.452580 1.642278
v -1.435405 -0.481444 1.750000
v -1.400001 -0.481444 1.750000
v -1.435405 -0.452580 1.857722
v -1.400001 -0.452580 1.857722
v -1.435406 -0.373722 1.936580
v -1.400002 -0.373722 1.936580
v -1.435406 -0.266000 1.965444
v -1.400002 -0.266000 1.965444
v -1.400002 -0.266000 1.965444
v -1.435406 -0.266000 1.965444
v -1.435406 -0.158278 1.936580
v -1.400002 -0.158278 1.936580
v -1.435405 -0.079420 1.857722
v -1.400001 -0.079420 1.857722
v -1.435405 -0.050556 1.750000
v -1.400001 -0.050556 1.750000
v -1.600000 -0.088049 1.441778
v -1.600000 -0.158278 1.563420
v -1.600001 -0.079421 1.642278
v -1.600000 0.042221 1.572048
v -1.600001 -0.050557 1.750000
v -1.600001 0.089903 1.750000
v -1.600001 -0.079421 1.857721
v -1.600002 0.042221 1.927951
v -1.600002 -0.158278 1.936579
v -1.600002 -0.088049 2.058221
v -1.599999 -0.266000 1.394097
v -1.600000 -0.158278 1.563420
v -1.600000 -0.088049 1.441778
v -1.600000 -0.266000 1.534556
v -1.600000 -0.443952 1.441779
v -1.600000 -0.373722 1.563420
v -1.600000 -0.574221 1.572048
v -1.600001 -0.452580 1.642278
v -1.600001 -0.621903 1.750000
v -1.600001 -0.481444 1.750000
v -1.600002 -0.574221 1.927951
v -1.600001 -0.481444 1.750000
v -1.600001 -0.621903 1.750000
v -1.600001 -0.452580 1.857721
v -1.600002 -0.443952 2.058221
v -1.600002 -0.373722 1.936579
v -1.600003 -0.266000 2.105903
v -1.600002 -0.266000 1.965443
v -1.600002 -0.088049 2.058221
v -1.600002 -0.158278 1.936579
v -1.564600 -0.452580 1.642278
v -1.564601 -0.481444 1.750000
v -1.564601 -0.452580 1.857721
v -1.564600 -0.373722 1.563420
v -1.564602 -0.373722 1.936579
v -1.564600 -0.266000 1.534556
v -1.564602 -0.266000 1.965443
v -1.564600 -0.158278 1.563420
v -1.564602 -0.158278 1.936579
v -1.564600 -0.079421 1.642278
v -1.564601 -0.079421 1.857721
v -1.564601 -0.050557 1.750000
v -1.600000 -0.158278 1.563420
v -1.564600 -0.158278 1.563420
v -1.564600 -0.079421 1.642278
v -1.600001 -0.079421 1.642278
v -1.564601 -0.050557 1.750000
v -1.600001 -0.050557 1.750000
v -1.564601 -0.079421 1.857721
v -1.600001 -0.079421 1.857721
v -1.564602 -0.158278 1.936579
v -1.600002 -0.158278 1.936579
v -1.600000 -0.266000 1.534556
v -1.564600 -0.158278 1.563420
v -1.600000 -0.158278 1.563420
v -1.564600 -0.266000 1.534556
v -1.600000 -0.373722 1.563420
v -1.564600 -0.373722 1.563420
v -1.600001 -0.452580 1.642278
v -1.564600 -0.452580 1.642278
v -1.600001 -0.481444 1.750000
v -1.564601 -0.481444 1.750000
v -1.600001 -0.452580 1.857721
v -1.564601 -0.481444 1.750000
v -1.600001 -0.481444 1.750000
v -1.564601 -0.452580 1.857721
v -1.600002 -0.373722 1.936579
v -1.564602 -0.373722 1.936579
v -1.600002 -0.266000 1.965443
v -1.564602 -0.266000 1.965443
v -1.600002 -0.158278 1.936579
v -1.564602 -0.158278 1.936579
v -1.400002 -0.088049 2.058221
v -1.400001 -0.079420 1.857722
v -1.400002 0.042221 1.927952
v -1.400002 -0.158278 1.936580
v -1.400001 -0.050556 1.750000
v -1.400003 -0.266000 2.105903
v -1.400001 0.089903 1.750000
v -1.400002 -0.266000 1.965444
v -1.400001 -0.079420 1.642278
v -1.400002 -0.443952 2.058221
v -1.400000 0.042221 1.572049
v -1.400002 -0.373722 1.936580
v -1.400000 -0.158278 1.563420
v -1.400002 -0.574221 1.927952
v -1.400000 -0.088049 1.441779
v -1.400001 -0.452580 1.857722
v -1.400000 -0.266000 1.534556
v -1.400001 -0.621903 1.750000
v -1.399999 -0.266000 1.394097
v -1.400001 -0.481444 1.750000
v -1.400000 -0.373722 1.563421
v -1.400000 -0.574221 1.572049
v -1.400000 -0.443952 1.441779
v -1.400001 -0.452580 1.642278
v -0.313002 -0.119779 -3.042049
v -0.313002 -0.250049 -2.911779
v -0.113002 -0.250049 -2.911779
v -0.113002 -0.119779 -3.042048
v -0.313001 -0.072097 -3.220000
v -0.113001 -0.072097 -3.220000
v -0.313000 -0.119779 -3.397952
v -0.113000 -0.119779 -3.397951
v -0.313000 -0.250049 -3.528222
v -0.113000 -0.250049 -3.528221
v -0.313002 -0.250049 -2.911779
v -0.113003 -0.428000 -2.864097
v -0.113002 -0.250049 -2.911779
v -0.313003 -0.428000 -2.864097
v -0.113002 -0.605952 -2.911779
v -0.313002 -0.605952 -2.911779
v -0.113002 -0.736221 -3.042048
v -0.313002 -0.736221 -3.042049
v -0.113001 -0.783903 -3.220000
v -0.313001 -0.783903 -3.220000
v -0.313001 -0.783903 -3.220000
v -0.113000 -0.736221 -3.397951
v -0.113001 -0.783903 -3.220000
v -0.313000 -0.736221 -3.397952
v -0.113000 -0.605952 -3.528221
v -0.313000 -0.605952 -3.528221
v -0.112999 -0.428000 -3.575903
v -0.312999 -0.428000 -3.575903
v -0.113000 -0.250049 -3.528221
v -0.313000 -0.250049 -3.528222
v -0.113001 -0.212556 -3.220000
v -0.148405 -0.212556 -3.220000
v -0.148405 -0.241420 -3.327722
v -0.113001 -0.241420 -3.327722
v -0.148404 -0.320278 -3.406580
v -0.113000 -0.320278 -3.406580
v -0.148404 -0.428000 -3.435444
v -0.113000 -0.428000 -3.435444
v -0.148404 -0.535722 -3.406580
v -0.113000 -0.535722 -3.406579
v -0.148405 -0.614580 -3.112278
v -0.148405 -0.643444 -3.220000
v -0.148405 -0.614580 -3.327722
v -0.148406 -0.535722 -3.033420
v -0.148404 -0.535722 -3.406580
v -0.148406 -0.428000 -3.004556
v -0.148404 -0.428000 -3.435444
v -0.148406 -0.320278 -3.033420
v -0.148404 -0.320278 -3.406580
v -0.148405 -0.241420 -3.112278
v -0.148405 -0.241420 -3.327722
v -0.148405 -0.212556 -3.220000
v -0.113000 -0.535722 -3.406579
v -0.148404 -0.535722 -3.406580
v -0.148405 -0.614580 -3.327722
v -0.113001 -0.614580 -3.327722
v -0.148405 -0.643444 -3.220000
v -0.113001 -0.643444 -3.220000
v -0.148405 -0.614580 -3.112278
v -0.113001 -0.614580 -3.112278
v -0.148406 -0.535722 -3.033420
v -0.113002 -0.535722 -3.033420
v -0.148406 -0.428000 -3.004556
v -0.113002 -0.428000 -3.004556
v -0.113002 -0.428000 -3.004556
v -0.148406 -0.428000 -3.004556
v -0.148406 -0.320278 -3.033420
v -0.113002 -0.320278 -3.033420
v -0.148405 -0.241420 -3.112278
v -0.113001 -0.241420 -3.112278
v -0.148405 -0.212556 -3.220000
v -0.113001 -0.212556 -3.220000
v -0.313000 -0.250049 -3.528222
v -0.313000 -0.320278 -3.406580
v -0.313001 -0.241421 -3.327722
v -0.313000 -0.119779 -3.397952
v -0.313001 -0.212557 -3.220000
v -0.313001 -0.072097 -3.220000
v -0.313001 -0.241421 -3.112279
v -0.313002 -0.119779 -3.042049
v -0.313002 -0.320278 -3.033421
v -0.313002 -0.250049 -2.911779
v -0.312999 -0.428000 -3.575903
v -0.313000 -0.320278 -3.406580
v -0.313000 -0.250049 -3.528222
v -0.313000 -0.428000 -3.435444
v -0.313000 -0.605952 -3.528221
v -0.313000 -0.535722 -3.406580
v -0.313000 -0.736221 -3.397952
v -0.313001 -0.614580 -3.327722
v -0.313001 -0.783903 -3.220000
v -0.313001 -0.643444 -3.220000
v -0.313002 -0.736221 -3.042049
v -0.313001 -0.643444 -3.220000
v -0.313001 -0.783903 -3.220000
v -0.313001 -0.614580 -3.112279
v -0.313002 -0.605952 -2.911779
v -0.313002 -0.535722 -3.033421
v -0.313003 -0.428000 -2.864097
v -0.313002 -0.428000 -3.004557
v -0.313002 -0.250049 -2.911779
v -0.313002 -0.320278 -3.033421
v -0.277601 -0.614580 -3.327722
v -0.277601 -0.643444 -3.220000
v -0.277601 -0.614580 -3.112279
v -0.277600 -0.535722 -3.406580
v -0.277602 -0.535722 -3.033421
v -0.277600 -0.428000 -3.435444
v -0.277602 -0.428000 -3.004557
v -0.277600 -0.320278 -3.406580
v -0.277602 -0.320278 -3.033421
v -0.277601 -0.241421 -3.327722
v -0.277601 -0.241421 -3.112279
v -0.277601 -0.212557 -3.220000
v -0.313000 -0.320278 -3.406580
v -0.277600 -0.320278 -3.406580
v -0.277601 -0.241421 -3.327722
v -0.313001 -0.241421 -3.327722
v -0.277601 -0.212557 -3.220000
v -0.313001 -0.212557 -3.220000
v -0.277601 -0.241421 -3.112279
v -0.313001 -0.241421 -3.112279
v -0.277602 -0.320278 -3.033421
v -0.313002 -0.320278 -3.033421
v -0.313000 -0.428000 -3.435444
v -0.277600 -0.320278 -3.406580
v -0.313000 -0.320278 -3.406580
v -0.277600 -0.428000 -3.435444
v -0.313000 -0.535722 -3.406580
v -0.277600 -0.535722 -3.406580
v -0.313001 -0.614580 -3.327722
v -0.277601 -0.614580 -3.327722
v -0.313001 -0.643444 -3.220000
v -0.277601 -0.643444 -3.220000
v -0.313001 -0.614580 -3.112279
v -0.277601 -0.643444 -3.220000
v -0.313001 -0.643444 -3.220000
v -0.277601 -0.614580 -3.112279
v -0.313002 -0.535722 -3.033421
v -0.277602 -0.535722 -3.033421
v -0.313002 -0.428000 -3.004557
v -0.277602 -0.428000 -3.004557
v -0.313002 -0.320278 -3.033421
v -0.277602 -0.320278 -3.033421
v -0.113002 -0.250049 -2.911779
v -0.113001 -0.241420 -3.112278
v -0.113002 -0.119779 -3.042048
v -0.113002 -0.320278 -3.033420
v -0.113001 -0.212556 -3.220000
v -0.113003 -0.428000 -2.864097
v -0.113001 -0.072097 -3.220000
v -0.113002 -0.428000 -3.004556
v -0.113001 -0.241420 -3.327722
v -0.113002 -0.605952 -2.911779
v -0.113000 -0.119779 -3.397951
v -0.113002 -0.535722 -3.033420
v -0.113000 -0.320278 -3.406580
v -0.113002 -0.736221 -3.042048
v -0.113000 -0.250049 -3.528221
v -0.113001 -0.614580 -3.112278
v -0.113000 -0.428000 -3.435444
v -0.113001 -0.783903 -3.220000
v -0.112999 -0.428000 -3.575903
v -0.113001 -0.643444 -3.220000
v -0.113000 -0.535722 -3.406579
v -0.113000 -0.736221 -3.397951
v -0.113000 -0.605952 -3.528221
v -0.113001 -0.614580 -3.327722
f 3 1 2
f 4 1 3
f 4 5 1
f 6 5 4
f 6 7 5
f 8 7 6
f 8 9 7
f 10 9 8
f 13 11 12
f 12 11 14
f 12 14 15
f 15 14 16
f 15 16 17
f 17 16 18
f 17 18 19
f 19 18 20
f 23 21 22
f 22 21 24
f 22 24 25
f 25 24 26
f 25 26 27
f 27 26 28
f 27 28 29
f 29 28 30
f 33 31 32
f 34 31 33
f 35 34 33
f 36 34 35
f 37 36 35
f 38 36 37
f 39 38 37
f 40 38 39
f 43 41 42
f 41 43 44
f 44 43 45
f 44 45 46
f 46 45 47
f 46 47 48
f 48 47 49
f 48 49 50
f 50 49 51
f 50 51 52
f 55 53 54
f 56 53 55
f 57 56 55
f 58 56 57
f 59 58 57
f 60 58 59
f 61 60 59
f 62 60 61
f 63 62 61
f 64 62 63
f 67 65 66
f 68 65 67
f 69 68 67
f 70 68 69
f 71 70 69
f 72 70 71
f 75 73 74
f 76 73 75
f 77 76 75
f 78 76 77
f 79 78 77
f 80 78 79
f 81 80 79
f 82 80 81
f 85 83 84
f 84 83 86
f 83 87 86
f 86 87 88
f 87 89 88
f 88 89 90
f 89 91 90
f 90 91 92
f 95 93 94
f 94 93 96
f 93 97 96
f 96 97 98
f 97 99 98
f 98 99 100
f 99 101 100
f 100 101 102
f 105 103 104
f 103 105 106
f 106 105 107
f 106 107 108
f 108 107 109
f 108 109 110
f 110 109 111
f 110 111 112
f 112 111 113
f 112 113 114
f 117 115 116
f 118 115 117
f 119 118 117
f 120 118 119
f 121 120 119
f 122 120 121
f 123 122 121
f 124 122 123
f 127 125 126
f 126 125 128
f 125 129 128
f 128 129 130
f 129 131 130
f 130 131 132
f 131 133 132
f 132 133 134
f 137 135 136
f 136 135 138
f 135 139 138
f 138 139 140
f 139 141 140
f 140 141 142
f 141 143 142
f 142 143 144
f 147 145 146
f 146 145 148
f 149 147 146
f 145 150 148
f 151 147 149
f 148 150 152
f 153 151 149
f 150 154 152
f 155 151 153
f 152 154 156
f 157 155 153
f 154 158 156
f 159 155 157
f 156 158 160
f 161 159 157
f 158 162 160
f 163 159 161
f 160 162 164
f 165 163 161
f 162 166 164
f 167 163 165
f 164 166 168
f 168 167 165
f 166 167 168
f 171 169 170
f 172 169 171
f 172 173 169
f 174 173 172
f 174 175 173
f 176 175 174
f 176 177 175
f 178 177 176
f 181 179 180
f 180 179 182
f 180 182 183
f 183 182 184
f 183 184 185
f 185 184 186
f 185 186 187
f 187 186 188
f 191 189 190
f 190 189 192
f 190 192 193
f 193 192 194
f 193 194 195
f 195 194 196
f 195 196 197
f 197 196 198
f 201 199 200
f 202 199 201
f 203 202 201
f 204 202 203
f 205 204 203
f 206 204 205
f 207 206 205
f 208 206 207
f 211 209 210
f 209 211 212
f 212 211 213
f 212 213 214
f 214 213 215
f 214 215 216
f 216 215 217
f 216 217 218
f 218 217 219
f 218 219 220
f 223 221 222
f 224 221 223
f 225 224 223
f 226 224 225
f 227 226 225
f 228 226 227
f 229 228 227
f 230 228 229
f 231 230 229
f 232 230 231
f 235 233 234
f 236 233 235
f 237 236 235
f 238 236 237
f 239 238 237
f 240 238 239
f 243 241 242
f 244 241 243
f 245 244 243
f 246 244 245
f 247 246 245
f 248 246 247
f 249 248 247
f 250 248 249
f 253 251 252
f 252 251 254
f 251 255 254
f 254 255 256
f 255 257 256
f 256 257 258
f 257 259 258
f 258 259 260
f 263 261 262
f 262 261 264
f 261 265 264
f 264 265 266
f 265 267 266
f 266 267 268
f 267 269 268
f 268 269 270
f 273 271 272
f 271 273 274
f 274 273 275
f 274 275 276
f 276 275 277
f 276 277 278
f 278 277 279
f 278 279 280
f 280 279 281
f 280 281 282
f 285 283 284
f 286 283 285
f 287 286 285
f 288 286 287
f 289 288 287
f 290 288 289
f 291 290 289
f 292 290 291
f 295 293 294
f 294 293 296
f 293 297 296
f 296 297 298
f 297 299 298
f 298 299 300
f 299 301 300
f 300 301 302
f 305 303 304
f 304 303 306
f 303 307 306
f 306 307 308
f 307 309 308
f 308 309 310
f 309 311 310
f 310 311 312
f 315 313 314
f 314 313 316
f 317 315 314
f 313 318 316
f 319 315 317
f 316 318 320
f 321 319 317
f 318 322 320
f 323 319 321
f 320 322 324
f 325 323 321
f 322 326 324
f 327 323 325
f 324 326 328
f 329 327 325
f 326 330 328
f 331 327 329
f 328 330 332
f 333 331 329
f 330 334 332
f 335 331 333
f 332 334 336
f 336 335 333
f 334 335 336
f 339 337 338
f 340 337 339
f 340 341 337
f 342 341 340
f 342 343 341
f 344 343 342
f 344 345 343
f 346 345 344
f 349 347 348
f 348 347 350
f 348 350 351
f 351 350 352
f 351 352 353
f 353 352 354
f 353 354 355
f 355 354 356
f 359 357 358
f 358 357 360
f 358 360 361
f 361 360 362
f 361 362 363
f 363 362 364
f 363 364 365
f 365 364 366
f 369 367 368
f 370 367 369
f 371 370 369
f 372 370 371
f 373 372 371
f 374 372 373
f 375 374 373
f 376 374 375
f 379 377 378
f 377 379 380
f 380 379 381
f 380 381 382
f 382 381 383
f 382 383 384
f 384 383 385
f 384 385 386
f 386 385 387
f 386 387 388
f 391 389 390
f 392 389 391
f 393 392 391
f 394 392 393
f 395 394 393
f 396 394 395
f 397 396 395
f 398 396 397
f 399 398 397
f 400 398 399
f 403 401 402
f 404 401 403
f 405 404 403
f 406 404 405
f 407 406 405
f 408 406 407
f 411 409 410
f 412 409 411
f 413 412 411
f 414 412 413
f 415 414 413
f 416 414 415
f 417 416 415
f 418 416 417
f 421 419 420
f 420 419 422
f 419 423 422
f 422 423 424
f 423 425 424
f 424 425 426
f 425 427 426
f 426 427 428
f 431 429 430
f 430 429 432
f 429 433 432
f 432 433 434
f 433 435 434
f 434 435 436
f 435 437 436
f 436 437 438
f 441 439 440
f 439 441 442
f 442 441 443
f 442 443 444
f 444 443 445
f 444 445 446
f 446 445 447
f 446 447 448
f 448 447 449
f 448 449 450
f 453 451 452
f 454 451 453
f 455 454 453
f 456 454 455
f 457 456 455
f 458 456 457
f 459 458 457
f 460 458 459
f 463 461 462
f 462 461 464
f 461 465 464
f 464 465 466
f 465 467 466
f 466 467 468
f 467 469 468
f 468 469 470
f 473 471 472
f 472 471 474
f 471 475 474
f 474 475 476
f 475 477 476
f 476 477 478
f 477 479 478
f 478 479 480
f 483 481 482
f 482 481 484
f 485 483 482
f 481 486 484
f 487 483 485
f 484 486 488
f 489 487 485
f 486 490 488
f 491 487 489
f 488 490 492
f 493 491 489
f 490 494 492
f 495 491 493
f 492 494 496
f 497 495 493
f 494 498 496
f 499 495 497
f 496 498 500
f 501 499 497
f 498 502 500
f 503 499 501
f 500 502 504
f 504 503 501
f 502 503 504
f 507 505 506
f 508 505 507
f 508 509 505
f 510 509 508
f 510 511 509
f 512 511 510
f 512 513 511
f 514 513 512
f 517 515 516
f 516 515 518
f 516 518 519
f 519 518 520
f 519 520 521
f 521 520 522
f 521 522 523
f 523 522 524
f 527 525 526
f 526 525 528
f 526 528 529
f 529 528 530
f 529 530 531
f 531 530 532
f 531 532 533
f 533 532 534
f 537 535 536
f 538 535 537
f 539 538 537
f 540 538 539
f 541 540 539
f 542 540 541
f 543 542 541
f 544 542 543
f 547 545 546
f 545 547 548
f 548 547 549
f 548 549 550
f 550 549 551
f 550 551 552
f 552 551 553
f 552 553 554
f 554 553 555
f 554 555 556
f 559 557 558
f 560 557 559
f 561 560 559
f 562 560 561
f 563 562 561
f 564 562 563
f 565 564 563
f 566 564 565
f 567 566 565
f 568 566 567
f 571 569 570
f 572 569 571
f 573 572 571
f 574 572 573
f 575 574 573
f 576 574 575
f 579 577 578
f 580 577 579
f 581 580 579
f 582 580 581
f 583 582 581
f 584 582 583
f 585 584 583
f 586 584 585
f 589 587 588
f 588 587 590
f 587 591 590
f 590 591 592
f 591 593 592
f 592 593 594
f 593 595 594
f 594 595 596
f 599 597 598
f 598 597 600
f 597 601 600
f 600 601 602
f 601 603 602
f 602 603 604
f 603 605 604
f 604 605 606
f 609 607 608
f 607 609 610
f 610 609 611
f 610 611 612
f 612 611 613
f 612 613 614
f 614 613 615
f 614 615 616
f 616 615 617
f 616 617 618
f 621 619 620
f 622 619 621
f 623 622 621
f 624 622 623
f 625 624 623
f 626 624 625
f 627 626 625
f 628 626 627
f 631 629 630
f 630 629 632
f 629 633 632
f 632 633 634
f 633 635 634
f 634 635 636
f 635 637 636
f 636 637 638
f 641 639 640
f 640 639 642
f 639 643 642
f 642 643 644
f 643 645 644
f 644 645 646
f 645 647 646
f 646 647 648
f 651 649 650
f 650 649 652
f 653 651 650
f 649 654 652
f 655 651 653
f 652 654 656
f 657 655 653
f 654 658 656
f 659 655 657
f 656 658 660
f 661 659 657
f 658 662 660
f 663 659 661
f 660 662 664
f 665 663 661
f 662 666 664
f 667 663 665
f 664 666 668
f 669 667 665
f 666 670 668
f 671 667 669
f 668 670 672
f 672 671 669
f 670 671 672
