g hind_body_1
v -0.465919 3.083914 3.270492
v -0.327793 2.949450 9.226373
v -0.260119 3.044408 9.275335
v 0.465919 3.083914 3.270196
v 0.338636 2.949586 9.226111
v 0.584660 2.966639 3.270196
v -0.800274 0.032413 -3.322206
v -0.786728 0.215136 -5.044775
v -0.626903 0.032414 -5.044775
v -0.584660 2.966639 3.270492
v -0.327793 2.949450 9.226373
v -0.465919 3.083914 3.270492
v 0.270962 3.044544 9.275073
v 0.338636 2.949586 9.226111
v 0.465919 3.083914 3.270196
v 0.627349 0.032414 -5.044776
v 0.787174 0.215136 -5.044776
v 0.800501 0.032413 -3.322207
v -1.085234 0.278622 1.638025
v -0.931027 0.151264 1.838024
v -0.931027 0.151264 1.638024
v -1.085234 0.278622 1.838025
v 1.085234 0.278622 1.838933
v 0.931027 0.151264 1.638933
v 0.931027 0.151264 1.838933
v 1.085234 0.278622 1.638933
v 0.100000 0.077859 -3.237269
v -0.100000 0.077859 -3.437268
v -0.100000 0.077859 -3.237268
v 0.100000 0.077859 -3.437269
v -2.976992 1.456232 2.708931
v -2.909162 1.751153 3.371995
v -2.933472 1.358829 3.142300
v -2.982076 1.914343 2.645932
v 0.703409 2.261340 3.013693
v 3.188102 1.972567 2.779587
v 1.223420 2.381025 1.527684
v 3.177957 1.912899 3.438240
v -2.982076 1.914343 2.645932
v -0.714611 2.066237 2.970884
v -2.909162 1.751153 3.371995
v -1.218648 2.283474 1.506279
v -3.090046 1.432646 2.781751
v -2.933472 1.358829 3.142300
v -3.074073 1.338696 3.167929
v -2.976992 1.456232 2.708931
v -2.909162 1.751153 3.371995
v -3.074073 1.338696 3.167929
v -2.933472 1.358829 3.142300
v -3.144723 1.717423 3.414934
v -3.177956 1.912894 3.438240
v -0.703410 2.261348 3.013693
v -0.714611 2.066237 2.970884
v -3.171484 1.874827 2.767934
v -2.976992 1.456232 2.708931
v -3.090046 1.432646 2.781751
v -2.982076 1.914343 2.645932
v -3.188101 1.972562 2.779587
v -1.223421 2.381030 1.527683
v -1.218648 2.283474 1.506279
v 2.909164 1.751157 3.371995
v 2.976996 1.456236 2.708932
v 2.933476 1.358832 3.142300
v 2.982077 1.914347 2.645932
v 0.714611 2.066229 2.970883
v 2.982077 1.914347 2.645932
v 2.909164 1.751157 3.371995
v 1.218647 2.283469 1.506279
v 2.933476 1.358832 3.142300
v 3.090049 1.432651 2.781751
v 3.074076 1.338700 3.167929
v 2.976996 1.456236 2.708932
v -1.290759 2.578500 8.331499
v -0.177039 2.578500 8.376242
v -1.293759 2.578500 8.725363
v -0.319358 2.578501 7.652796
v -1.293759 2.742246 8.725363
v -0.177039 2.578500 8.376242
v -0.177039 2.742246 8.376242
v -1.293759 2.578500 8.725363
v -1.290759 2.742246 8.331499
v -0.177039 2.742246 8.376242
v -0.319358 2.742246 7.652796
v -1.293759 2.742246 8.725363
v -1.290759 2.578500 8.331499
v -0.319358 2.742246 7.652796
v -0.319358 2.578501 7.652796
v -1.290759 2.742246 8.331499
v -1.293759 2.742246 8.725363
v -1.290759 2.578500 8.331499
v -1.293759 2.578500 8.725363
v -1.290759 2.742246 8.331499
v 1.290759 2.742247 8.331502
v 0.177039 2.742247 8.376244
v 1.293759 2.742247 8.725366
v 0.319358 2.742247 7.652798
v 1.293759 2.578501 8.725366
v 0.177039 2.742247 8.376244
v 0.177039 2.578501 8.376244
v 1.293759 2.742247 8.725366
v 1.290759 2.578501 8.331502
v 0.177039 2.578501 8.376244
v 0.319358 2.578501 7.652798
v 1.293759 2.578501 8.725366
v 1.290759 2.742247 8.331502
v 0.319358 2.578501 7.652798
v 0.319358 2.742247 7.652798
v 1.290759 2.578501 8.331502
v 1.293759 2.578501 8.725366
v 1.290759 2.742247 8.331502
v 1.293759 2.742247 8.725366
v 1.290759 2.578501 8.331502
v -0.111300 4.999826 9.323823
v -0.152493 2.406885 8.900023
v -0.111300 5.006372 10.183197
v -0.152493 2.880318 7.842952
v 0.111300 5.006372 10.183197
v -0.152493 2.406885 8.900023
v 0.152493 2.406885 8.900023
v -0.111300 5.006372 10.183197
v 0.111300 4.999826 9.323823
v 0.152493 2.406885 8.900023
v 0.152493 2.880318 7.842952
v 0.111300 5.006372 10.183197
v -0.111300 4.999826 9.323823
v 0.152493 2.880318 7.842952
v -0.152493 2.880318 7.842952
v 0.111300 4.999826 9.323823
v 0.111300 4.999826 9.323823
v -0.111300 5.006372 10.183197
v 0.111300 5.006372 10.183197
v -0.111300 4.999826 9.323823
v -0.699953 3.630327 2.080418
v -0.465919 3.083914 3.270492
v -0.557777 3.747602 2.080417
v -0.584660 2.966639 3.270492
v -0.557780 3.747602 1.951850
v -0.557777 3.747602 2.080417
v -0.557777 3.747602 -0.272471
v -0.699953 3.630327 -0.851895
v -1.230958 2.415000 0.621389
v -1.094301 2.741568 -1.190285
v -0.557777 3.747602 -0.851895
v -1.230958 2.415000 1.973372
v -0.584660 2.966639 3.270492
v -1.163072 2.577227 -1.249297
v -0.616650 2.684280 -2.366647
v -0.679009 2.577324 -2.447249
v -0.599163 2.659529 -2.609664
v -0.650559 2.577330 -2.687439
v -0.701934 2.538002 -2.476881
v -1.033563 1.927250 -2.937443
v -0.933031 2.002787 -3.114884
v -1.230958 2.415000 -1.307550
v -1.004255 1.855146 -3.169530
v -0.582029 1.812374 -4.248457
v -0.629861 1.654049 -4.326892
v -0.559129 1.733108 -4.503593
v -0.818947 1.028168 -4.636963
v -0.786729 0.948903 -4.892099
v -0.818947 0.306591 -4.789517
v -0.786728 0.572087 -5.028958
v -0.786728 0.410762 -5.044786
v -0.786728 0.294193 -5.044645
v -1.004255 0.377899 -3.322139
v -1.033563 0.389176 -3.090061
v -1.196816 0.451997 -1.797318
v -1.196395 2.327857 -1.647990
v -1.230958 0.465135 -1.526963
v -1.230958 2.399963 -1.374288
v -1.230958 0.465135 -1.199602
v -1.230958 1.065068 -0.380308
v -1.230958 0.465135 -0.380308
v -1.230958 2.040000 -0.380308
v -1.230958 1.065067 0.621237
v -1.230958 0.465135 0.621237
v -1.230958 2.040000 0.621313
v -1.230958 1.065067 0.875459
v -1.230958 0.465135 0.875459
v -1.230958 0.465135 1.844449
v -1.230958 2.040000 0.875554
v -1.230958 1.065067 1.844449
v -1.230958 0.465135 1.973015
v -1.230958 2.040000 1.844618
v -1.230958 2.040000 1.973194
v -0.584660 0.802693 3.270419
v -0.584660 2.414999 3.271101
v -0.584660 2.966639 3.270492
v -0.327793 2.605176 9.046495
v -0.584660 2.966639 3.270492
v -0.327793 2.949450 9.226373
v 0.465919 3.083914 3.270196
v 0.700149 3.630327 2.080130
v 0.557973 3.747602 2.080130
v 0.584660 2.966639 3.270196
v 0.557973 3.747602 2.080130
v 0.557970 3.747602 1.951598
v 0.557976 3.747602 -0.273017
v 0.700149 3.630327 -0.851896
v 0.557973 3.747602 -0.851896
v 1.230958 2.415000 0.621388
v 1.090141 2.751634 -1.186672
v 1.230958 2.415000 1.973371
v 0.584660 2.966639 3.270196
v 1.162902 2.577693 -1.249131
v 0.616854 2.684743 -2.366179
v 0.679323 2.577596 -2.446923
v 0.599385 2.659992 -2.609196
v 0.650901 2.577591 -2.687609
v 0.700640 2.541032 -2.474478
v 1.033761 1.927828 -2.937128
v 0.929528 2.011095 -3.111707
v 1.230958 2.415000 -1.307551
v 1.004482 1.855723 -3.169214
v 0.582447 1.812952 -4.248141
v 0.629893 1.655904 -4.325945
v 0.559570 1.733686 -4.503277
v 0.819361 1.028746 -4.636646
v 0.787175 0.949480 -4.891783
v 0.819361 0.306591 -4.789519
v 0.787175 0.572087 -5.028960
v 0.787175 0.410762 -5.044787
v 0.787175 0.294193 -5.044646
v 1.004482 0.377899 -3.322140
v 1.033761 0.389176 -3.090062
v 1.196851 0.451997 -1.797319
v 1.196786 2.329313 -1.644846
v 1.230958 0.465135 -1.526964
v 1.230958 2.400541 -1.373972
v 1.230958 0.465135 -1.199604
v 1.230958 1.065068 -0.380309
v 1.230958 0.465135 -0.380309
v 1.230958 0.465135 0.621235
v 1.230958 2.040000 -0.380309
v 1.230958 1.065067 0.621235
v 1.230958 0.465135 0.875457
v 1.230958 2.040000 0.621312
v 1.230958 1.065067 0.875457
v 1.230958 0.465135 1.844448
v 1.230958 2.040000 0.875553
v 1.230958 1.065067 1.844448
v 1.230958 0.465135 1.973013
v 1.230958 2.040000 1.844617
v 1.230958 1.065067 1.973013
v 0.584660 0.802693 3.270415
v 1.230958 2.040000 1.973192
v 0.584660 2.414999 3.271097
v 0.584660 2.966639 3.270196
v 0.338636 2.605178 9.046491
v 0.584660 2.966639 3.270196
v 0.338636 2.949586 9.226111
v 0.557973 3.747602 2.080130
v -0.557780 3.747602 1.951850
v -0.557777 3.747602 2.080417
v 0.557970 3.747602 1.951598
v 0.326986 2.415000 -0.380309
v 0.980958 2.415000 -0.380309
v 0.326986 2.415000 -0.380308
v -0.326986 2.415000 -0.380308
v -0.326986 2.415000 -0.380308
v -0.980958 2.415000 -0.380307
v -0.368299 4.031056 1.951850
v 0.557970 3.747602 1.951598
v 0.368491 4.031056 1.951598
v -0.557780 3.747602 1.951850
v -0.980958 0.282413 -0.380308
v -0.326986 0.282413 -0.380308
v -0.326986 0.282413 -0.380308
v 0.326986 0.282413 -0.380309
v 0.326986 0.282413 -0.380309
v 0.980958 0.282413 -0.380309
v 0.980958 1.067964 -0.380309
v 1.230958 2.040000 -0.380309
v 0.980958 2.040000 -0.380309
v 1.230958 1.065068 -0.380309
v 0.980958 2.415000 2.194226
v -0.980958 2.040000 2.193967
v -0.980958 2.415000 2.194228
v -0.980958 1.665000 2.193707
v 0.980958 0.282413 2.192112
v -0.980958 0.282413 2.192114
v -0.980958 2.415000 -0.630307
v 0.980958 0.665000 -0.630309
v 0.980958 2.415000 -0.630309
v -0.980958 0.665000 -0.630308
v 0.326986 0.282413 -0.380309
v 0.980958 0.282413 -0.380309
v -0.326986 0.282413 -0.380308
v -0.980958 0.282413 -0.380308
v 1.230958 2.040000 -0.380309
v 0.980958 2.040000 0.619882
v 0.980958 2.040000 -0.380309
v 1.230958 2.040000 0.621312
v 0.980958 1.067964 0.619644
v 1.230958 1.065068 -0.380309
v 0.980958 1.067964 -0.380309
v 1.230958 1.065067 0.621235
v 0.980958 1.067964 1.844856
v 1.230958 1.065067 0.875457
v 0.980958 1.067964 0.874488
v 1.230958 1.065067 1.844448
v 0.980958 2.040000 0.874787
v 1.230958 2.040000 1.844617
v 0.980958 2.040000 1.845387
v 1.230958 2.040000 0.875553
v -1.230958 1.065068 -0.380308
v -0.980958 1.067964 0.619646
v -0.980958 1.067964 -0.380308
v -1.230958 1.065067 0.621237
v -0.980958 2.040000 0.619884
v -1.230958 2.040000 -0.380308
v -0.980958 2.040000 -0.380308
v -1.230958 2.040000 0.621313
v -1.230958 1.065067 0.875459
v -0.980958 1.067964 1.844858
v -0.980958 1.067964 0.874489
v -1.230958 1.065067 1.844449
v -1.230958 2.040000 1.844618
v -0.980958 2.040000 0.874788
v -0.980958 2.040000 1.845389
v -1.230958 2.040000 0.875554
v -0.584661 0.552693 3.270416
v -0.980958 0.032413 1.973014
v -0.465920 0.369971 3.270416
v -0.260119 2.221388 8.846606
v -0.327793 2.383448 8.931010
v -0.584660 0.802693 3.270419
v -0.327793 2.605176 9.046495
v -0.584661 0.552693 3.270416
v -1.230958 0.465135 1.973015
v -1.230958 0.215135 1.973014
v -1.230958 0.465135 1.844449
v -1.230958 0.465135 0.875459
v -1.230958 0.465135 0.621237
v -1.230958 0.215135 -1.526964
v -1.230958 0.465135 -0.380308
v -1.230958 0.465135 -1.199602
v -1.230958 0.465135 -1.526963
v -1.196816 0.451997 -1.797318
v -1.033563 0.389176 -3.090061
v -1.004255 0.215136 -3.322206
v -1.004255 0.377899 -3.322139
v -0.818947 0.306591 -4.789517
v -0.786728 0.215136 -5.044775
v -0.786728 0.294193 -5.044645
v 0.980958 0.032413 1.973014
v 0.584660 0.552693 3.270416
v 0.465919 0.369971 3.270416
v 0.270962 2.221388 8.846606
v 0.338636 2.383448 8.931010
v 0.338636 2.605178 9.046491
v 0.584660 0.802693 3.270415
v 0.584660 0.552693 3.270416
v 1.230958 0.465135 1.973013
v 1.230958 0.215135 1.973014
v 1.230958 0.465135 1.844448
v 1.230958 0.465135 0.875457
v 1.230958 0.465135 0.621235
v 1.230958 0.215135 -1.526965
v 1.230958 0.465135 -0.380309
v 1.230958 0.465135 -1.199604
v 1.230958 0.465135 -1.526964
v 1.196851 0.451997 -1.797319
v 1.033761 0.389176 -3.090062
v 1.004482 0.215136 -3.322207
v 1.004482 0.377899 -3.322140
v 0.819361 0.306591 -4.789519
v 0.787174 0.215136 -5.044776
v 0.787175 0.294193 -5.044646
v 0.557970 3.747602 1.951598
v 0.368495 4.031056 -0.273017
v 0.368491 4.031056 1.951598
v 0.557976 3.747602 -0.273017
v -0.368297 4.031056 -0.272471
v -0.557780 3.747602 1.951850
v -0.368299 4.031056 1.951850
v -0.557777 3.747602 -0.272471
v 0.465919 3.083914 3.270196
v -0.557777 3.747602 2.080417
v -0.465919 3.083914 3.270492
v 0.557973 3.747602 2.080130
v 0.878536 2.750659 -1.197219
v 0.700149 3.630327 -0.851896
v 1.090141 2.751634 -1.186672
v 0.557973 3.747602 -0.851896
v -0.557777 3.747602 -0.851895
v -0.880964 2.742551 -1.199883
v -0.699953 3.630327 -0.851895
v -1.094301 2.741568 -1.190285
v 0.931328 2.577647 -1.254089
v -0.931420 2.577273 -1.254210
v 0.980958 2.415000 -1.307551
v 1.162902 2.577693 -1.249131
v 1.230958 2.415000 -1.307551
v -0.980959 2.415000 -1.307550
v -1.163072 2.577227 -1.249297
v -1.230958 2.415000 -1.307550
v 0.800501 0.032413 -3.322207
v 0.787174 0.215136 -5.044776
v 1.004482 0.215136 -3.322207
v 1.230958 0.215135 -1.526965
v 0.980958 0.032413 1.973014
v 1.230958 0.215135 1.973014
v 0.584660 0.552693 3.270416
v 0.980958 1.665000 1.845244
v 1.230958 1.065067 1.844448
v 0.980958 1.067964 1.844856
v 1.230958 2.040000 1.844617
v 0.980958 2.040000 1.845387
v 1.230958 2.400541 -1.373972
v 0.980958 2.415000 -1.307551
v 1.230958 2.415000 -1.307551
v 0.975675 2.400481 -1.374005
v 1.196786 2.329313 -1.644846
v -0.980959 2.415000 -1.307550
v 0.953781 2.329413 -1.644369
v 1.033761 1.927828 -2.937128
v 0.823830 1.927769 -2.937160
v 0.323433 2.329261 -1.644452
v -0.316300 2.329107 -1.644536
v -0.977400 2.400022 -1.374256
v -0.953747 2.328953 -1.644621
v -1.230958 2.399963 -1.374288
v -1.230958 2.415000 -1.307550
v -1.196395 2.327857 -1.647990
v -1.033563 1.927250 -2.937443
v -0.823632 1.927309 -2.937411
v 0.800501 1.855665 -3.169246
v 0.279421 1.927617 -2.937243
v 0.271520 1.855513 -3.169329
v -0.273093 1.927463 -2.937327
v -0.265336 1.855358 -3.169414
v -0.800274 1.855204 -3.169498
v 1.004482 1.855723 -3.169214
v 0.819361 1.028746 -4.636646
v 0.652996 1.028687 -4.636679
v -0.818947 1.028168 -4.636963
v -1.004255 1.855146 -3.169530
v -0.652582 1.028227 -4.636930
v 0.627350 0.949422 -4.891815
v 0.221564 1.028535 -4.636762
v -0.216292 1.028381 -4.636846
v -0.626904 0.948961 -4.892067
v -0.557777 3.747602 -0.272471
v 0.368495 4.031056 -0.273017
v 0.557976 3.747602 -0.273017
v -0.368297 4.031056 -0.272471
v -0.368297 4.031056 -0.272471
v 0.368491 4.031056 1.951598
v 0.368495 4.031056 -0.273017
v -0.368299 4.031056 1.951850
v -0.823632 1.927309 -2.937411
v -0.953747 1.097795 -1.576413
v -0.823632 1.074953 -2.929965
v -0.953747 2.328953 -1.644621
v 0.465919 3.083914 3.270196
v -0.260119 3.044408 9.275335
v 0.270962 3.044544 9.275073
v -0.465919 3.083914 3.270492
v -0.953747 1.097795 -1.576413
v 0.823830 1.075324 -2.929594
v -0.823632 1.074953 -2.929965
v 0.953781 1.098166 -1.576042
v 0.823830 1.927769 -2.937160
v 0.953781 1.098166 -1.576042
v 0.953781 2.329413 -1.644369
v 0.823830 1.075324 -2.929594
v -0.800274 0.304433 -3.172960
v 0.652996 0.278877 -4.708991
v -0.652582 0.278506 -4.709362
v 0.800501 0.304805 -3.172589
v -0.652582 1.028227 -4.636930
v -0.800274 0.304433 -3.172960
v -0.652582 0.278506 -4.709362
v -0.800274 1.855204 -3.169498
v 0.652996 1.028687 -4.636679
v 0.800501 0.304805 -3.172589
v 0.800501 1.855665 -3.169246
v 0.652996 0.278877 -4.708991
v -3.188101 1.972562 2.779587
v -0.703410 2.261348 3.013693
v -1.223421 2.381030 1.527683
v -3.177956 1.912894 3.438240
v 0.652996 1.028687 -4.636679
v 0.440813 1.576786 -4.581010
v 0.627350 0.949422 -4.891815
v 0.458831 1.656052 -4.325874
v 0.800501 1.855665 -3.169246
v 0.410666 1.812866 -4.248187
v 0.730142 2.005363 -3.113839
v 0.823830 1.927769 -2.937160
v 0.484759 2.539269 -2.717020
v 0.498885 2.541679 -2.474002
v 0.931328 2.577647 -1.254089
v 0.408892 2.684665 -2.366257
v 0.878536 2.750659 -1.197219
v -1.230958 2.040000 -0.380308
v -0.980958 1.067964 -0.380308
v -0.980958 2.040000 -0.380308
v -1.230958 1.065068 -0.380308
v -0.880964 2.742551 -1.199883
v -0.616650 2.684280 -2.366647
v -1.094301 2.741568 -1.190285
v -0.425602 2.684352 -2.366574
v -0.599163 2.659529 -2.609664
v 0.408892 2.684665 -2.366257
v 0.599385 2.659992 -2.609196
v 0.616854 2.684743 -2.366179
v 0.878536 2.750659 -1.197219
v 1.090141 2.751634 -1.186672
v 0.484759 2.539269 -2.717020
v 0.650901 2.577591 -2.687609
v -0.484537 2.538899 -2.717393
v -0.650559 2.577330 -2.687439
v 0.730142 2.005363 -3.113839
v 0.929528 2.011095 -3.111707
v 0.582447 1.812952 -4.248141
v -0.732292 1.999846 -3.115962
v -0.933031 2.002787 -3.114884
v -0.582029 1.812374 -4.248457
v -0.415781 1.812456 -4.248411
v -0.559129 1.733108 -4.503593
v 0.410666 1.812866 -4.248187
v 0.559570 1.733686 -4.503277
v -0.701934 2.538002 -2.476881
v -0.931420 2.577273 -1.254210
v -1.163072 2.577227 -1.249297
v -0.498681 2.541311 -2.474376
v -0.484537 2.538899 -2.717393
v 0.484759 2.539269 -2.717020
v 0.498885 2.541679 -2.474002
v 0.700640 2.541032 -2.474478
v 0.931328 2.577647 -1.254089
v 1.162902 2.577693 -1.249131
v 0.714611 2.066229 2.970883
v 2.909164 1.751157 3.371995
v 0.703409 2.261340 3.013693
v 3.177957 1.912899 3.438240
v 3.144725 1.717428 3.414935
v 3.074076 1.338700 3.167929
v 2.933476 1.358832 3.142300
v 1.223420 2.381025 1.527684
v 2.982077 1.914347 2.645932
v 1.218647 2.283469 1.506279
v 3.188102 1.972567 2.779587
v 3.171485 1.874832 2.767934
v 2.976996 1.456236 2.708932
v 3.090049 1.432651 2.781751
v -3.074073 1.338696 3.167929
v -3.171484 1.874827 2.767934
v -3.090046 1.432646 2.781751
v -3.144723 1.717423 3.414934
v -3.177956 1.912894 3.438240
v -3.188101 1.972562 2.779587
v -0.327793 2.383448 8.931010
v -0.260119 2.605176 9.046495
v -0.327793 2.605176 9.046495
v -0.260119 2.383448 8.931010
v -0.260119 2.221388 8.846606
v -0.083092 2.383448 8.931010
v -0.083092 2.605177 9.046494
v 0.093935 2.605177 9.046493
v -0.083092 2.221388 8.846606
v -0.465920 0.369971 3.270416
v 0.093935 2.383448 8.931010
v 0.093935 2.221388 8.846606
v 0.465919 0.369971 3.270416
v 0.980958 0.032413 1.973014
v -0.980958 0.032413 1.973014
v -0.800274 0.032413 -3.322206
v 0.800501 0.032413 -3.322207
v -0.626903 0.032414 -5.044775
v 0.627349 0.032414 -5.044776
v 0.270962 2.221388 8.846606
v 0.270962 2.383448 8.931010
v 0.270962 2.605178 9.046492
v 0.338636 2.383448 8.931010
v 0.338636 2.605178 9.046491
v 0.980958 2.415000 2.194226
v -0.980958 2.415000 2.194228
v 0.980958 2.415000 1.845530
v -0.326986 2.415000 -0.380308
v -0.980958 2.415000 -0.380307
v 0.326986 2.415000 -0.380308
v 0.980958 2.415000 -0.380309
v -0.980958 2.415000 -0.630307
v -0.326986 2.415000 -0.380308
v 0.980958 2.415000 -0.630309
v 0.326986 2.415000 -0.380309
v 0.980958 0.282413 1.844373
v -0.980958 0.282413 2.192114
v 0.980958 0.282413 2.192112
v -0.326986 0.282413 -0.380308
v -0.980958 0.282413 -0.380308
v 0.326986 0.282413 -0.380309
v 0.980958 0.282413 -0.380309
v -0.980958 1.067964 1.844858
v -1.230958 1.065067 1.844449
v -0.980958 1.665000 1.845246
v -1.230958 2.040000 1.844618
v -0.980958 2.040000 1.845389
v 0.980958 1.665000 0.619818
v 1.230958 1.065067 0.621235
v 0.980958 1.067964 0.619644
v 1.230958 2.040000 0.621312
v 0.980958 2.040000 0.619882
v 0.980958 1.665000 0.874706
v 1.230958 2.040000 0.875553
v 0.980958 2.040000 0.874787
v 1.230958 1.065067 0.875457
v 0.980958 1.067964 0.874488
v -1.230958 0.215135 1.973014
v -0.980958 0.032413 1.973014
v -0.584661 0.552693 3.270416
v -1.230958 0.215135 -1.526964
v -0.800274 0.032413 -3.322206
v -1.004255 0.215136 -3.322206
v -0.786728 0.215136 -5.044775
v -0.260119 2.605176 9.046495
v -0.327793 2.949450 9.226373
v -0.327793 2.605176 9.046495
v -0.083092 2.605177 9.046494
v -0.260119 3.044408 9.275335
v 0.093935 2.605177 9.046493
v 0.270962 3.044544 9.275073
v 0.338636 2.949586 9.226111
v 0.270962 2.605178 9.046492
v 0.338636 2.605178 9.046491
v 3.188102 1.972567 2.779587
v 3.177957 1.912899 3.438240
v 3.171485 1.874832 2.767934
v 3.144725 1.717428 3.414935
v 3.074076 1.338700 3.167929
v 3.090049 1.432651 2.781751
v -0.786728 0.410762 -5.044786
v -0.626903 0.294193 -5.044712
v -0.786728 0.294193 -5.044645
v -0.208592 0.294193 -5.044712
v 0.787175 0.410762 -5.044787
v 0.210043 0.294193 -5.044713
v 0.627350 0.294193 -5.044713
v 0.787175 0.294193 -5.044646
v -0.786728 0.572087 -5.028958
v 0.787175 0.572087 -5.028960
v -0.626904 0.948961 -4.892067
v -0.786729 0.948903 -4.892099
v 0.627350 0.949422 -4.891815
v -0.440371 1.576326 -4.581262
v 0.787175 0.949480 -4.891783
v -0.559129 1.733108 -4.503593
v 0.440813 1.576786 -4.581010
v 0.559570 1.733686 -4.503277
v -0.980958 1.665000 0.874708
v -1.230958 1.065067 0.875459
v -0.980958 1.067964 0.874489
v -1.230958 2.040000 0.875554
v -0.980958 2.040000 0.874788
v -0.980958 1.665000 0.619820
v -1.230958 2.040000 0.621313
v -0.980958 2.040000 0.619884
v -1.230958 1.065067 0.621237
v -0.980958 1.067964 0.619646
v -0.786728 0.294193 -5.044645
v -0.626903 0.294193 -5.044712
v -0.786728 0.215136 -5.044775
v -0.626903 0.032414 -5.044775
v -0.208592 0.294193 -5.044712
v 0.627349 0.032414 -5.044776
v 0.210043 0.294193 -5.044713
v 0.627350 0.294193 -5.044713
v 0.787174 0.215136 -5.044776
v 0.787175 0.294193 -5.044646
v 0.652996 1.028687 -4.636679
v 0.221564 1.028535 -4.636762
v 0.652996 0.278877 -4.708991
v -0.216292 1.028381 -4.636846
v -0.652582 0.278506 -4.709362
v -0.652582 1.028227 -4.636930
v 0.800501 0.304805 -3.172589
v 0.271520 1.855513 -3.169329
v 0.800501 1.855665 -3.169246
v -0.265336 1.855358 -3.169414
v -0.800274 0.304433 -3.172960
v -0.800274 1.855204 -3.169498
v 0.953781 1.098166 -1.576042
v 0.323433 2.329261 -1.644452
v 0.953781 2.329413 -1.644369
v -0.316300 2.329107 -1.644536
v -0.953747 1.097795 -1.576413
v -0.953747 2.328953 -1.644621
v -0.823632 1.074953 -2.929965
v -0.273093 1.927463 -2.937327
v -0.823632 1.927309 -2.937411
v 0.823830 1.075324 -2.929594
v 0.279421 1.927617 -2.937243
v 0.823830 1.927769 -2.937160
v -0.440371 1.576326 -4.581262
v 0.440813 1.576786 -4.581010
v -0.458412 1.655592 -4.326126
v 0.458831 1.656052 -4.325874
v -0.800274 1.855204 -3.169498
v -0.629861 1.654049 -4.326892
v -1.004255 1.855146 -3.169530
v 0.629893 1.655904 -4.325945
v 0.800501 1.855665 -3.169246
v 1.004482 1.855723 -3.169214
v 0.819361 1.028746 -4.636646
v 0.629893 1.655904 -4.325945
v 0.652996 1.028687 -4.636679
v 0.458831 1.656052 -4.325874
v 0.410666 1.812866 -4.248187
v -0.458412 1.655592 -4.326126
v -0.415781 1.812456 -4.248411
v -0.629861 1.654049 -4.326892
v -0.652582 1.028227 -4.636930
v -0.818947 1.028168 -4.636963
v -0.557777 3.747602 -0.272471
v 0.557976 3.747602 -0.273017
v -0.626904 0.948961 -4.892067
v -0.440371 1.576326 -4.581262
v -0.652582 1.028227 -4.636930
v -0.458412 1.655592 -4.326126
v -0.415781 1.812456 -4.248411
v -0.800274 1.855204 -3.169498
v -0.732292 1.999846 -3.115962
v -0.823632 1.927309 -2.937411
v -0.484537 2.538899 -2.717393
v -0.498681 2.541311 -2.474376
v -0.425602 2.684352 -2.366574
v -0.931420 2.577273 -1.254210
v -0.880964 2.742551 -1.199883
v 1.033761 1.927828 -2.937128
v 0.700640 2.541032 -2.474478
v 0.823830 1.927769 -2.937160
v 0.498885 2.541679 -2.474002
v 0.408892 2.684665 -2.366257
v -0.498681 2.541311 -2.474376
v -0.425602 2.684352 -2.366574
v -0.701934 2.538002 -2.476881
v -0.823632 1.927309 -2.937411
v -1.033563 1.927250 -2.937443
v -0.980958 2.415000 -0.630307
v -0.980958 1.067964 -0.380308
v -0.980958 0.665000 -0.630308
v -0.980958 0.282413 -0.380308
v -0.980958 2.040000 -0.380308
v -0.980958 2.415000 -0.380307
v -0.980958 1.067964 0.619646
v -0.980958 2.040000 0.619884
v -0.980958 1.067964 0.874489
v -0.980958 1.665000 0.619820
v -0.980958 0.282413 2.192114
v -0.980958 1.665000 0.874708
v -0.980958 1.067964 1.844858
v -0.980958 2.040000 0.874788
v -0.980958 2.415000 2.194228
v -0.980958 1.665000 2.193707
v -0.980958 1.665000 1.845246
v -0.980958 2.040000 1.845389
v -0.980958 2.040000 2.193967
v 0.980958 1.067964 -0.380309
v 0.980958 0.665000 -0.630309
v 0.980958 0.282413 -0.380309
v 0.980958 2.415000 -0.630309
v 0.980958 2.040000 -0.380309
v 0.980958 2.415000 -0.380309
v 0.980958 1.067964 0.619644
v 0.980958 2.040000 0.619882
v 0.980958 0.282413 1.844373
v 0.980958 2.415000 1.845530
v 0.980958 1.067964 0.874488
v 0.980958 1.665000 0.619818
v 0.980958 1.665000 0.874706
v 0.980958 2.040000 0.874787
v 0.980958 2.040000 1.845387
v 0.980958 1.067964 1.844856
v 0.980958 0.282413 2.192112
v 0.980958 2.415000 2.194226
v 0.980958 1.665000 1.845244
f 3 1 2
f 6 4 5
f 9 7 8
f 12 10 11
f 15 13 14
f 18 16 17
f 21 19 20
f 19 22 20
f 25 23 24
f 23 26 24
f 29 27 28
f 27 30 28
f 33 31 32
f 31 34 32
f 37 35 36
f 35 38 36
f 41 39 40
f 39 42 40
f 45 43 44
f 43 46 44
f 49 47 48
f 47 50 48
f 50 47 51
f 52 51 47
f 47 53 52
f 56 54 55
f 54 57 55
f 57 54 58
f 58 59 57
f 59 60 57
f 63 61 62
f 61 64 62
f 67 65 66
f 65 68 66
f 71 69 70
f 69 72 70
f 75 73 74
f 73 76 74
f 79 77 78
f 77 80 78
f 83 81 82
f 81 84 82
f 87 85 86
f 85 88 86
f 91 89 90
f 89 92 90
f 95 93 94
f 93 96 94
f 99 97 98
f 97 100 98
f 103 101 102
f 101 104 102
f 107 105 106
f 105 108 106
f 111 109 110
f 109 112 110
f 115 113 114
f 113 116 114
f 119 117 118
f 117 120 118
f 123 121 122
f 121 124 122
f 127 125 126
f 125 128 126
f 131 129 130
f 129 132 130
f 135 133 134
f 133 136 134
f 138 137 133
f 133 137 139
f 140 133 139
f 141 133 140
f 140 142 141
f 139 143 140
f 144 133 141
f 133 144 145
f 142 146 141
f 146 142 147
f 147 148 146
f 148 147 149
f 150 148 149
f 151 146 148
f 148 150 151
f 152 151 150
f 150 153 152
f 154 141 146
f 153 155 152
f 155 153 156
f 157 155 156
f 156 158 157
f 159 157 158
f 158 160 159
f 159 160 161
f 160 162 161
f 162 163 161
f 164 161 163
f 161 165 159
f 155 159 165
f 165 166 155
f 166 152 155
f 166 167 152
f 168 152 167
f 167 169 168
f 169 170 168
f 170 169 171
f 172 170 171
f 170 172 154
f 171 173 172
f 172 174 154
f 172 173 175
f 141 154 174
f 173 176 175
f 177 141 174
f 176 178 175
f 177 175 178
f 179 178 176
f 180 178 179
f 181 141 177
f 181 177 178
f 182 178 180
f 144 141 181
f 182 180 183
f 184 144 181
f 183 185 182
f 184 182 185
f 184 185 144
f 185 183 186
f 187 144 185
f 186 187 185
f 144 187 188
f 186 189 187
f 190 187 189
f 191 190 189
f 194 192 193
f 192 195 193
f 197 196 193
f 193 198 197
f 193 199 198
f 200 198 199
f 199 193 201
f 202 199 201
f 193 203 201
f 203 193 204
f 201 205 202
f 206 202 205
f 205 207 206
f 206 207 208
f 207 209 208
f 210 207 205
f 209 207 210
f 210 211 209
f 209 211 212
f 201 213 205
f 214 212 211
f 215 212 214
f 216 215 214
f 215 216 217
f 216 218 217
f 219 217 218
f 219 218 220
f 219 220 221
f 222 221 220
f 220 223 222
f 224 220 218
f 214 224 218
f 224 214 225
f 211 225 214
f 225 211 226
f 211 227 226
f 228 226 227
f 229 228 227
f 228 229 230
f 231 230 229
f 232 230 231
f 231 229 213
f 233 232 231
f 213 234 231
f 235 233 231
f 213 201 234
f 233 235 236
f 237 234 201
f 236 235 238
f 237 238 235
f 239 236 238
f 237 201 240
f 240 238 237
f 241 239 238
f 203 240 201
f 241 242 239
f 243 240 203
f 244 242 241
f 244 241 243
f 245 242 244
f 246 244 243
f 246 243 203
f 244 246 245
f 203 247 246
f 246 247 245
f 247 203 248
f 245 247 249
f 250 249 247
f 251 249 250
f 254 252 253
f 252 255 253
f 258 256 257
f 259 256 258
f 260 259 258
f 261 259 260
f 264 262 263
f 262 265 263
f 268 266 267
f 268 267 269
f 270 268 269
f 270 269 271
f 274 272 273
f 272 275 273
f 278 276 277
f 279 277 276
f 276 280 279
f 281 279 280
f 284 282 283
f 282 285 283
f 286 283 285
f 287 283 286
f 288 286 285
f 285 289 288
f 292 290 291
f 290 293 291
f 296 294 295
f 294 297 295
f 300 298 299
f 298 301 299
f 304 302 303
f 302 305 303
f 308 306 307
f 306 309 307
f 312 310 311
f 310 313 311
f 316 314 315
f 314 317 315
f 320 318 319
f 318 321 319
f 324 322 323
f 322 324 325
f 326 322 325
f 328 327 326
f 327 329 326
f 327 330 329
f 330 331 329
f 331 330 332
f 332 333 331
f 331 333 334
f 335 331 334
f 334 336 335
f 336 337 335
f 338 335 337
f 335 338 339
f 335 339 340
f 340 341 335
f 340 342 341
f 342 343 341
f 344 341 343
f 345 344 343
f 348 346 347
f 348 347 349
f 347 350 349
f 352 351 350
f 353 352 350
f 352 353 354
f 353 355 354
f 356 354 355
f 357 356 355
f 355 358 357
f 355 359 358
f 360 358 359
f 361 360 359
f 362 361 359
f 362 359 363
f 364 363 359
f 359 365 364
f 366 364 365
f 367 366 365
f 368 367 365
f 368 369 367
f 372 370 371
f 370 373 371
f 376 374 375
f 374 377 375
f 380 378 379
f 378 381 379
f 384 382 383
f 382 385 383
f 385 382 386
f 382 387 386
f 386 387 388
f 387 389 388
f 382 390 387
f 390 391 387
f 390 392 391
f 390 393 392
f 393 394 392
f 392 395 391
f 391 395 396
f 395 397 396
f 400 398 399
f 398 400 401
f 402 398 401
f 401 403 402
f 402 403 404
f 407 405 406
f 408 406 405
f 405 409 408
f 412 410 411
f 410 413 411
f 413 410 414
f 411 413 415
f 416 413 414
f 416 414 417
f 418 416 417
f 416 419 413
f 419 420 413
f 421 413 420
f 413 421 415
f 422 421 420
f 415 421 423
f 424 415 423
f 425 423 421
f 422 425 421
f 426 425 422
f 427 426 422
f 418 428 429
f 428 430 429
f 431 429 430
f 432 431 430
f 433 427 431
f 432 433 431
f 428 434 435
f 436 428 435
f 438 433 437
f 433 439 437
f 436 440 441
f 442 441 440
f 443 439 442
f 443 442 440
f 446 444 445
f 444 447 445
f 450 448 449
f 448 451 449
f 454 452 453
f 452 455 453
f 458 456 457
f 456 459 457
f 462 460 461
f 460 463 461
f 466 464 465
f 464 467 465
f 470 468 469
f 468 471 469
f 474 472 473
f 472 475 473
f 478 476 477
f 476 479 477
f 482 480 481
f 480 483 481
f 486 484 485
f 484 487 485
f 487 488 489
f 488 490 489
f 490 488 491
f 492 490 491
f 491 493 492
f 495 493 494
f 496 495 494
f 499 497 498
f 497 500 498
f 503 501 502
f 501 504 502
f 505 502 504
f 505 504 506
f 506 507 505
f 508 507 506
f 508 506 509
f 510 508 509
f 505 507 511
f 512 511 507
f 513 505 511
f 513 514 505
f 515 511 512
f 512 516 515
f 515 516 517
f 518 514 513
f 519 514 518
f 520 519 518
f 521 520 518
f 522 520 521
f 523 515 517
f 521 523 522
f 517 524 523
f 523 524 522
f 527 525 526
f 525 528 526
f 528 529 530
f 531 528 530
f 531 532 533
f 532 534 533
f 537 535 536
f 536 538 537
f 539 538 536
f 539 536 540
f 536 541 540
f 544 542 543
f 543 542 545
f 545 546 543
f 543 546 547
f 546 548 547
f 551 549 550
f 550 549 552
f 552 553 550
f 554 550 553
f 557 555 556
f 555 558 556
f 558 555 559
f 558 560 556
f 561 556 560
f 562 561 560
f 558 559 563
f 560 558 563
f 559 564 563
f 562 560 565
f 560 563 566
f 565 560 566
f 563 564 567
f 566 563 567
f 568 567 564
f 569 568 564
f 569 570 568
f 571 568 570
f 572 571 570
f 572 573 571
f 574 566 567
f 565 566 574
f 565 575 562
f 575 565 574
f 576 562 575
f 575 574 577
f 575 578 576
f 577 578 575
f 581 579 580
f 582 581 580
f 580 583 582
f 582 584 581
f 585 581 584
f 583 586 587
f 587 586 588
f 588 585 589
f 589 587 588
f 592 590 591
f 593 591 590
f 594 591 593
f 595 593 590
f 596 595 590
f 599 597 598
f 598 600 599
f 600 601 599
f 604 602 603
f 603 602 605
f 606 605 602
f 609 607 608
f 608 607 610
f 611 610 607
f 614 612 613
f 612 615 613
f 616 613 615
f 615 617 616
f 616 617 618
f 621 619 620
f 619 622 620
f 623 620 622
f 622 624 623
f 625 623 624
f 626 625 624
f 627 626 624
f 628 626 627
f 631 629 630
f 630 632 631
f 632 633 631
f 633 634 631
f 637 635 636
f 638 636 635
f 639 638 635
f 638 639 640
f 641 640 639
f 639 642 641
f 635 643 639
f 643 644 639
f 644 643 645
f 646 645 643
f 645 647 644
f 645 646 648
f 647 649 644
f 646 650 648
f 647 651 649
f 648 650 651
f 649 651 652
f 652 651 650
f 655 653 654
f 654 653 656
f 657 656 653
f 660 658 659
f 659 658 661
f 662 661 658
f 665 663 664
f 665 664 666
f 664 667 666
f 668 666 667
f 668 667 669
f 669 670 668
f 670 671 668
f 672 671 670
f 675 673 674
f 674 676 675
f 677 675 676
f 678 677 676
f 681 679 680
f 682 680 679
f 683 682 679
f 683 684 682
f 687 685 686
f 688 686 685
f 689 688 685
f 689 690 688
f 693 691 692
f 694 692 691
f 695 692 694
f 694 696 695
f 699 697 698
f 700 699 698
f 699 701 702
f 701 703 702
f 700 704 705
f 704 706 705
f 709 707 708
f 710 709 708
f 710 711 712
f 711 713 712
f 712 714 715
f 714 716 715
f 143 717 718
f 200 143 718
f 721 719 720
f 722 721 720
f 722 723 724
f 723 725 724
f 724 725 726
f 727 726 725
f 728 726 727
f 728 729 730
f 729 731 730
f 734 732 733
f 735 734 733
f 735 736 737
f 736 738 737
f 737 739 740
f 739 741 740
f 744 742 743
f 743 745 744
f 743 742 746
f 747 746 742
f 745 743 748
f 746 747 749
f 745 748 750
f 751 750 748
f 752 745 750
f 753 750 751
f 753 751 749
f 754 752 750
f 749 755 753
f 747 755 749
f 756 755 747
f 757 752 754
f 758 757 754
f 759 755 756
f 757 758 759
f 760 759 756
f 760 757 759
f 763 761 762
f 764 762 761
f 761 765 764
f 766 764 765
f 761 763 767
f 765 768 766
f 763 769 767
f 766 768 770
f 769 771 767
f 767 771 772
f 773 772 771
f 768 772 773
f 773 774 768
f 770 768 774
f 775 770 774
f 776 771 769
f 776 769 777
f 770 775 778
f 776 777 778
f 775 779 778
f 776 778 779
