g hind_turret
v -0.350000 -0.011000 -5.078000
v -0.350000 -0.261000 -5.078000
v -0.350000 -0.261000 -4.378000
v -0.350000 -0.011000 -5.078000
v -0.350000 -0.261000 -4.378000
v -0.350000 -0.011000 -4.378000
v 0.350000 -0.011000 -4.378000
v 0.350000 -0.261000 -4.378000
v 0.350000 -0.261000 -5.078000
v 0.350000 -0.011000 -4.378000
v 0.350000 -0.261000 -5.078000
v 0.350000 -0.011000 -5.078000
v -0.350000 -0.261000 -5.078000
v 0.350000 -0.261000 -5.078000
v 0.350000 -0.261000 -4.378000
v -0.350000 -0.261000 -5.078000
v 0.350000 -0.261000 -4.378000
v -0.350000 -0.261000 -4.378000
v 0.350000 -0.011000 -5.078000
v -0.350000 -0.011000 -5.078000
v -0.350000 -0.011000 -4.378000
v 0.350000 -0.011000 -5.078000
v -0.350000 -0.011000 -4.378000
v 0.350000 -0.011000 -4.378000
v -0.300001 -0.211000 -6.978000
v -0.150001 -0.211000 -6.978000
v -0.150000 -0.211000 -4.378000
v -0.300001 -0.211000 -6.978000
v -0.150000 -0.211000 -4.378000
v -0.300000 -0.211000 -4.378000
v -0.150000 -0.061000 -4.378000
v -0.150000 -0.211000 -4.378000
v -0.150001 -0.211000 -6.978000
v -0.150000 -0.061000 -4.378000
v -0.150001 -0.211000 -6.978000
v -0.150001 -0.061000 -6.978000
v -0.300001 -0.061000 -6.978000
v -0.300001 -0.211000 -6.978000
v -0.300000 -0.211000 -4.378000
v -0.300001 -0.061000 -6.978000
v -0.300000 -0.211000 -4.378000
v -0.300000 -0.061000 -4.378000
v -0.150001 -0.061000 -6.978000
v -0.300001 -0.061000 -6.978000
v -0.300000 -0.061000 -4.378000
v -0.150001 -0.061000 -6.978000
v -0.300000 -0.061000 -4.378000
v -0.150000 -0.061000 -4.378000
v 0.350000 -0.011000 -5.078000
v 0.350000 -0.261000 -5.078000
v -0.350000 -0.261000 -5.078000
v -0.350000 -0.011000 -5.078000
v -0.150001 -0.061000 -6.978000
v -0.150001 -0.211000 -6.978000
v -0.300001 -0.211000 -6.978000
v -0.300001 -0.061000 -6.978000
v -0.259808 -0.236000 -4.828000
v -0.450000 -0.236000 -4.637807
v -0.519616 0.064000 -4.677999
v -0.300001 0.064000 -4.897615
v -0.600000 0.064000 -4.377999
v -0.000001 -0.236000 -4.897615
v -0.000001 0.064000 -4.978000
v -0.519615 -0.236000 -4.377999
v -0.519615 0.064000 -4.077999
v 0.259807 -0.236000 -4.828000
v 0.300000 0.064000 -4.897615
v -0.450000 -0.236000 -4.118192
v -0.300000 0.064000 -3.858384
v 0.450000 -0.236000 -4.637808
v 0.519615 0.064000 -4.678000
v -0.259808 -0.236000 -3.928000
v 0.000000 0.064000 -3.778000
v 0.519615 -0.236000 -4.378000
v 0.600000 0.064000 -4.378000
v 0.000000 -0.236000 -3.858385
v 0.300000 0.064000 -3.858385
v 0.450000 -0.236000 -4.118193
v 0.519615 0.064000 -4.078000
v 0.259808 -0.236000 -3.928000
v 0.259807 -0.455615 -4.528000
v 0.300000 -0.455615 -4.378000
v 0.259808 -0.455615 -4.228000
v 0.150000 -0.455615 -4.118192
v -0.000000 -0.536000 -4.378000
v 0.150000 -0.455615 -4.637808
v -0.000000 -0.455615 -4.078000
v -0.150000 -0.455615 -4.118192
v -0.000000 -0.455615 -4.678000
v -0.259808 -0.455615 -4.228000
v -0.150000 -0.455615 -4.637807
v -0.300000 -0.455615 -4.378000
v -0.259808 -0.455615 -4.528000
f 3 1 2
f 6 4 5
f 9 7 8
f 12 10 11
f 15 13 14
f 18 16 17
f 21 19 20
f 24 22 23
f 27 25 26
f 30 28 29
f 33 31 32
f 36 34 35
f 39 37 38
f 42 40 41
f 45 43 44
f 48 46 47
f 51 49 50
f 52 49 51
f 55 53 54
f 56 53 55
f 59 57 58
f 60 57 59
f 59 58 61
f 60 62 57
f 63 62 60
f 61 58 64
f 61 64 65
f 63 66 62
f 67 66 63
f 65 64 68
f 65 68 69
f 67 70 66
f 71 70 67
f 69 68 72
f 69 72 73
f 71 74 70
f 75 74 71
f 73 72 76
f 73 76 77
f 75 78 74
f 79 78 75
f 77 80 79
f 77 76 80
f 79 80 78
f 70 81 66
f 74 82 70
f 70 82 81
f 78 83 74
f 74 83 82
f 80 84 78
f 78 84 83
f 83 85 82
f 82 85 81
f 84 85 83
f 81 85 86
f 66 81 86
f 87 85 84
f 80 87 84
f 76 87 80
f 66 86 62
f 76 88 87
f 88 85 87
f 72 88 76
f 62 86 89
f 86 85 89
f 62 89 57
f 72 90 88
f 90 85 88
f 68 90 72
f 57 89 91
f 89 85 91
f 57 91 58
f 68 92 90
f 92 85 90
f 64 92 68
f 58 91 93
f 91 85 93
f 93 85 92
f 64 93 92
f 58 93 64
