g hind_rotor_main_disc
v 5.763576 0.000000 1.146445
v 5.876491 -0.000000 -0.000001
v 5.763576 -0.000000 -1.146447
v 5.429169 0.000001 2.248834
v 5.429170 -0.000001 -2.248837
v 4.886124 -0.000001 -3.264805
v 4.886124 0.000001 3.264802
v 4.155306 0.000002 4.155306
v 4.155306 -0.000002 -4.155308
v 3.264803 0.000002 4.886122
v 3.264803 -0.000002 -4.886125
v 2.248836 0.000002 5.429168
v 2.248835 -0.000002 -5.429172
v 1.146446 0.000002 5.763575
v 1.146445 -0.000002 -5.763578
v -0.000000 0.000002 5.876490
v -0.000002 -0.000002 -5.876493
v -1.146438 0.000002 5.763576
v -1.146449 -0.000002 -5.763577
v -2.248828 0.000002 5.429172
v -2.248839 -0.000002 -5.429170
v -3.264797 0.000002 4.886127
v -3.264807 -0.000002 -4.886124
v -4.155302 0.000002 4.155311
v -4.155310 -0.000002 -4.155306
v -4.886120 0.000001 3.264808
v -4.886127 -0.000001 -3.264802
v -5.429168 0.000001 2.248840
v -5.429172 -0.000001 -2.248833
v -5.763575 0.000000 1.146451
v -5.763577 -0.000000 -1.146443
v -5.876491 0.000000 0.000004
v 5.763576 -0.000000 -1.146447
v 5.876491 -0.000000 -0.000001
v 5.763576 0.000000 1.146445
v 5.429170 -0.000001 -2.248837
v 5.429169 0.000001 2.248834
v 4.886124 -0.000001 -3.264805
v 4.886124 0.000001 3.264802
v 4.155306 -0.000002 -4.155308
v 4.155306 0.000002 4.155306
v 3.264803 -0.000002 -4.886125
v 3.264803 0.000002 4.886122
v 2.248835 -0.000002 -5.429172
v 2.248836 0.000002 5.429168
v 1.146446 0.000002 5.763575
v 1.146445 -0.000002 -5.763578
v -0.000000 0.000002 5.876490
v -0.000002 -0.000002 -5.876493
v -1.146438 0.000002 5.763576
v -1.146449 -0.000002 -5.763577
v -2.248828 0.000002 5.429172
v -2.248839 -0.000002 -5.429170
v -3.264797 0.000002 4.886127
v -3.264807 -0.000002 -4.886124
v -4.155302 0.000002 4.155311
v -4.155310 -0.000002 -4.155306
v -4.886120 0.000001 3.264808
v -4.886127 -0.000001 -3.264802
v -5.429168 0.000001 2.248840
v -5.429172 -0.000001 -2.248833
v -5.763575 0.000000 1.146451
v -5.763577 -0.000000 -1.146443
v -5.876491 0.000000 0.000004
f 3 1 2
f 1 3 4
f 4 3 5
f 4 5 6
f 4 6 7
f 7 6 8
f 8 6 9
f 8 9 10
f 10 9 11
f 10 11 12
f 12 11 13
f 12 13 14
f 14 13 15
f 14 15 16
f 16 15 17
f 16 17 18
f 18 17 19
f 18 19 20
f 20 19 21
f 20 21 22
f 22 21 23
f 22 23 24
f 24 23 25
f 24 25 26
f 26 25 27
f 26 27 28
f 28 27 29
f 28 29 30
f 30 29 31
f 30 31 32
f 35 33 34
f 33 35 36
f 36 35 37
f 36 37 38
f 38 37 39
f 38 39 40
f 40 39 41
f 40 41 42
f 42 41 43
f 42 43 44
f 44 43 45
f 44 45 46
f 44 46 47
f 47 46 48
f 47 48 49
f 49 48 50
f 49 50 51
f 51 50 52
f 51 52 53
f 53 52 54
f 53 54 55
f 55 54 56
f 55 56 57
f 57 56 58
f 57 58 59
f 59 58 60
f 59 60 61
f 61 60 62
f 61 62 63
f 63 62 64
