g huey_rotor_tail_disc
v 0.490600 0.000000 1.184413
v 0.000000 0.000000 1.282000
v -0.490600 0.000000 1.184413
v -0.906511 0.000000 0.906511
v 0.906511 0.000000 0.906511
v -1.184413 0.000000 0.490600
v 1.184413 0.000000 0.490600
v -1.282000 0.000000 -0.000000
v 1.282000 0.000000 -0.000000
v 1.184413 0.000000 -0.490600
v -1.184413 0.000000 -0.490601
v 0.906511 0.000000 -0.906511
v -0.906510 0.000000 -0.906511
v 0.490600 0.000000 -1.184414
v -0.490600 0.000000 -1.184414
v -0.000000 0.000000 -1.282000
v -0.490600 0.000000 1.184414
v 0.000000 0.000000 1.282000
v 0.490600 0.000000 1.184413
v -0.906511 0.000000 0.906511
v 0.906511 0.000000 0.906511
v -1.184413 0.000000 0.490600
v 1.184413 0.000000 0.490600
v -1.282000 0.000000 0.000000
v 1.282000 0.000000 0.000000
v 1.184413 0.000000 -0.490600
v -1.184413 0.000000 -0.490600
v 0.906511 0.000000 -0.906511
v -0.906510 0.000000 -0.906511
v 0.490600 0.000000 -1.184413
v -0.490600 0.000000 -1.184414
v -0.000000 0.000000 -1.282000
f 3 1 2
f 1 3 4
f 1 4 5
f 5 4 6
f 5 6 7
f 7 6 8
f 7 8 9
f 9 8 10
f 10 8 11
f 10 11 12
f 12 11 13
f 12 13 14
f 14 13 15
f 14 15 16
f 19 17 18
f 17 19 20
f 20 19 21
f 20 21 22
f 22 21 23
f 22 23 24
f 24 23 25
f 24 25 26
f 24 26 27
f 27 26 28
f 27 28 29
f 29 28 30
f 29 30 31
f 31 30 32
