g huey_taillights
v -0.674994 2.811326 -0.443336
v -0.674994 2.442957 -0.443336
v -0.835724 2.442957 -0.443336
v -0.835724 2.811326 -0.443336
v -0.835724 2.811326 -0.443336
v -0.835724 2.442957 -0.443336
v -0.835724 2.442957 -0.074967
v -0.835724 2.811326 -0.074967
v -0.674994 2.442957 -0.074967
v -0.835724 2.442957 -0.074967
v -0.835724 2.442957 -0.443336
v -0.674994 2.442957 -0.443336
v -0.835724 2.811326 -0.074967
v -0.674994 2.811326 -0.074967
v -0.674994 2.811326 -0.443336
v -0.835724 2.811326 -0.443336
v -0.835724 2.811326 -0.074967
v -0.835724 2.442957 -0.074967
v -0.674994 2.442957 -0.074967
v -0.674994 2.811326 -0.074967
v -0.674995 2.811552 -0.441421
v -0.674995 2.443183 -0.441671
v -0.835725 2.443183 -0.441671
v -0.835725 2.811552 -0.441420
v -0.835725 2.811552 -0.441420
v -0.835725 2.443183 -0.441671
v -0.835724 2.442933 -0.073302
v -0.835724 2.811302 -0.073051
v -0.674994 2.442933 -0.073302
v -0.835724 2.442933 -0.073302
v -0.835725 2.443183 -0.441671
v -0.674995 2.443183 -0.441671
v -0.835724 2.811302 -0.073051
v -0.674994 2.811302 -0.073051
v -0.674995 2.811552 -0.441421
v -0.835725 2.811552 -0.441420
v -0.835724 2.811302 -0.073051
v -0.835724 2.442933 -0.073302
v -0.674994 2.442933 -0.073302
v -0.674994 2.811302 -0.073051
f 3 1 2
f 4 1 3
f 7 5 6
f 8 5 7
f 11 9 10
f 12 9 11
f 15 13 14
f 16 13 15
f 19 17 18
f 20 17 19
f 23 21 22
f 24 21 23
f 27 25 26
f 28 25 27
f 31 29 30
f 32 29 31
f 35 33 34
f 36 33 35
f 39 37 38
f 40 37 39
