g huey_body
v -0.999999 -0.625000 -3.000000
v -1.000000 -0.375000 0.766211
v -1.000001 -0.625000 2.500000
v -0.999999 -0.375000 -3.000000
v -0.999999 -0.500000 -3.375000
v 1.250001 0.125000 -2.751685
v 1.250000 1.125000 -1.500000
v 1.250001 1.125000 -2.798635
v -1.500000 2.375000 2.500000
v -1.499999 2.125000 1.250000
v -1.500001 -0.125000 2.499999
v -1.499999 0.125000 1.250001
v -1.500000 -0.125000 1.249999
v -1.500000 0.125000 -1.250000
v -1.499999 -0.125000 -3.048636
v -1.500000 0.125000 -3.048635
v -1.500000 1.125000 -2.250001
v -1.500000 1.125000 -1.500001
v -1.500000 1.125000 -2.798636
v -1.500000 1.125000 -2.250001
v -1.250000 1.125000 -2.798635
v -1.249999 2.125000 1.250000
v 1.250000 2.125000 -1.250000
v 1.250000 2.125000 1.249999
v 1.250000 2.125000 2.249999
v -1.250000 2.125000 2.250000
v 1.250000 2.125000 1.249999
v -1.250000 2.125000 -1.250000
v 1.250000 2.125000 -1.250000
v 1.250000 2.125000 -1.500000
v -1.250000 2.125000 -1.500000
v 1.250000 -0.375000 -1.516211
v 1.250001 -0.625000 -2.999999
v 1.250001 -0.375000 -2.999999
v 1.250001 -0.375000 -2.999999
v 1.250001 -0.500000 -3.374999
v 1.250001 -0.250000 -3.374999
v 1.250000 2.125000 -1.250000
v -1.250000 2.125000 -1.250000
v 1.250000 2.125000 -1.500000
v 1.250000 2.125000 1.249999
v 1.500000 2.125000 1.249999
v 1.500000 2.125000 -1.250000
v 1.250001 -0.500000 -3.374999
v 1.250001 -0.375000 -2.999999
v 1.250001 -0.625000 -2.999999
v -1.500000 0.125000 -3.048635
v -1.500000 0.125000 -1.250000
v -1.500000 1.125000 -2.250001
v -1.500001 -0.125000 2.499999
v -1.499999 2.125000 1.250000
v -1.499999 0.125000 1.250001
v -1.500000 2.375000 -2.356529
v -1.499999 2.125000 1.250000
v -1.500000 2.375000 2.500000
v -1.499999 2.125000 1.250000
v -1.500000 2.125000 -1.250000
v 1.500000 0.125000 1.250000
v 1.499999 -0.125000 2.500000
v 1.500000 0.125000 -1.249999
v -0.999999 -0.375000 -3.000000
v -0.999999 -0.500000 -3.375000
v -0.999999 -0.250000 -3.375000
v 1.500000 0.125000 -1.249999
v 1.500000 1.125000 -1.500000
v 1.500000 2.125000 -1.250000
v 1.500000 0.125000 -1.249999
v 1.500001 0.125000 -3.048635
v 1.500001 1.125000 -2.798634
v -1.250000 0.125000 -1.249999
v -1.250000 0.125000 -2.751685
v -1.250000 1.125000 -1.500000
v 1.500001 1.125000 -2.798634
v 1.250000 2.125000 -2.250000
v 1.250001 1.125000 -2.798635
v -1.500000 2.125000 -2.250000
v -1.250000 2.125000 -2.250000
v -1.250000 2.125000 -1.500000
v -1.250000 2.125000 -1.500000
v -1.500000 2.125000 -1.500001
v 1.500000 2.125000 -2.250000
v 1.250000 2.125000 -2.250000
v 1.500001 1.125000 -2.798634
v 1.500000 1.125000 -1.500000
v 1.500000 0.125000 -1.249999
v 1.500001 1.125000 -2.798634
v 1.500001 1.125000 -3.048635
v 1.500001 1.125000 -2.798634
v 1.500001 0.125000 -3.048635
v 1.500000 2.125000 -1.250000
v 1.500000 1.125000 -1.500000
v 1.500000 2.125000 -1.500000
v 1.500000 2.125000 -2.250000
v 1.500000 2.375000 -2.356529
v 1.500001 1.125000 -3.048635
v 1.500001 1.125000 -2.798634
v 1.500000 2.375000 2.499999
v 1.500000 2.125000 1.249999
v 1.499999 -0.125000 2.500000
v 1.500000 0.125000 1.250000
v 1.500000 2.125000 1.249999
v 0.499999 1.375000 3.499999
v 0.500000 2.375000 3.499999
v 0.250002 1.874998 6.499999
v 0.250002 2.624998 6.499998
v 1.500000 0.125000 -1.249999
v 1.500000 -0.125000 -3.048636
v 1.500001 0.125000 -3.048635
v 1.125001 0.937501 -3.903975
v 1.125000 0.000001 -3.903975
v 1.500000 -0.125000 -3.048636
v 1.250000 0.125000 -1.250000
v 1.250000 1.125000 -1.500000
v 1.250001 0.125000 -2.751685
v -1.250000 1.125000 -2.798635
v -1.250000 1.125000 -1.500000
v -1.250000 0.125000 -2.751685
v -1.250000 2.125000 -1.250000
v -1.250000 2.125000 -1.500000
v -1.250000 0.125000 -1.249999
v -0.999999 -0.375000 -3.000000
v -0.999999 -0.375000 -1.516212
v -0.999999 -0.625000 -3.000000
v -1.250001 -0.625000 2.500000
v -1.250000 -0.375000 0.766211
v -1.249999 -0.625000 -3.000000
v -1.250001 -0.500000 2.875000
v -1.250001 -0.375000 2.500000
v 1.000000 -0.375000 1.016212
v 0.999999 -0.625000 2.500000
v 0.999999 -0.375000 2.500000
v -1.250001 -0.375000 2.500000
v -1.250001 -0.500000 2.875000
v -1.250001 -0.250000 2.875000
v -1.250000 -0.375000 1.016211
v -1.250001 -0.625000 2.500000
v -1.250001 -0.375000 2.500000
v 0.999999 -0.500000 2.875000
v 0.999999 -0.375000 2.500000
v 0.999999 -0.625000 2.500000
v 0.999999 -0.375000 2.500000
v 0.999999 -0.500000 2.875000
v 0.999999 -0.250000 2.875000
v 0.999999 -0.625000 2.500000
v 1.000000 -0.375000 0.766212
v 1.000001 -0.625000 -2.999999
v 1.000000 -0.375000 0.766212
v 0.999999 -0.625000 2.500000
v 1.000000 -0.375000 1.016212
v 1.000001 -0.625000 -2.999999
v 1.000000 -0.375000 -1.266211
v 1.000000 -0.375000 -1.516211
v 1.000001 -0.375000 -2.999999
v 0.750000 2.875000 -0.739604
v 0.749999 2.375000 2.176904
v 0.750000 2.375000 -1.656112
v 0.750000 2.875000 1.260396
v -0.750000 2.875000 -0.739605
v 0.750000 2.375000 -1.656112
v -0.749999 2.375000 -1.656112
v 0.750000 2.875000 -0.739604
v -0.750000 2.875000 1.260395
v -0.749999 2.375000 -1.656112
v -0.750001 2.375000 2.176903
v -0.750000 2.875000 -0.739605
v 0.750000 2.875000 1.260396
v -0.750001 2.375000 2.176903
v 0.749999 2.375000 2.176904
v -0.750000 2.875000 1.260395
v -0.750000 2.875000 -0.739605
v 0.750000 2.875000 1.260396
v 0.750000 2.875000 -0.739604
v -0.750000 2.875000 1.260395
v 0.124998 4.151756 6.570831
v 0.124998 2.046203 6.414592
v 0.124998 2.499912 5.174270
v 0.124998 3.837106 7.296570
v -0.125002 4.151756 6.570831
v 0.124998 2.499912 5.174270
v -0.125002 2.499912 5.174269
v 0.124998 4.151756 6.570831
v -0.125002 4.151756 6.570831
v -0.125002 2.046203 6.414592
v -0.125002 3.837106 7.296570
v -0.125002 2.499912 5.174269
v 0.124998 3.837106 7.296570
v -0.125002 2.046203 6.414592
v 0.124998 2.046203 6.414592
v -0.125002 3.837106 7.296570
v -0.125002 4.151756 6.570831
v 0.124998 3.837106 7.296570
v 0.124998 4.151756 6.570831
v -0.125002 3.837106 7.296570
v -1.000000 -0.375000 -1.266212
v -0.999999 -0.625000 -3.000000
v -0.999999 -0.375000 -1.516212
v -1.000000 -0.375000 0.766211
v -1.000000 -0.375000 1.016211
v -1.000001 -0.625000 2.500000
v -1.000001 -0.375000 2.500000
v 1.125001 0.937501 -3.903975
v 1.250001 1.125000 -3.048635
v 1.500001 1.125000 -3.048635
v -1.250000 1.125000 -3.048635
v 1.250001 1.125000 -2.798635
v -1.250000 1.125000 -2.798635
v -1.124999 0.937501 -3.903975
v -1.500000 1.125000 -3.048635
v 1.125000 0.000001 -3.903975
v -1.499999 -0.125000 -3.048636
v -1.124999 0.000001 -3.903975
v 1.500000 -0.125000 -3.048636
v -1.500000 2.375000 -2.356529
v 1.500000 2.375000 2.499999
v 1.500000 2.375000 -2.356529
v -1.500000 2.375000 2.500000
v -0.999999 -0.375000 -3.000000
v -0.999999 -0.250000 -3.375000
v -1.249999 -0.375000 -3.000000
v -1.249999 -0.250000 -3.375000
v -0.042893 3.746172 6.720005
v 0.553215 3.746172 6.720006
v -0.042893 3.608960 6.508246
v 0.553215 3.608960 6.508246
v -0.042893 3.746172 6.720005
v -0.042893 3.534413 6.857218
v 0.553215 3.746172 6.720006
v 0.553215 3.534413 6.857218
v -1.750002 2.250000 2.949412
v -1.750002 0.000000 2.949412
v -1.500002 2.250000 2.949412
v -1.500002 0.000000 2.949412
v -1.000001 -0.500000 2.875000
v -1.000001 -0.375000 2.500000
v -1.000001 -0.250000 2.875000
v -1.000001 -0.625000 2.500000
v 1.250000 0.125000 2.250000
v -1.250000 2.125000 2.250000
v 1.250000 2.125000 2.249999
v -1.250000 0.125000 2.250001
v -1.500000 1.125000 -1.500001
v -1.250000 1.125000 -1.500000
v -1.500000 1.125000 -2.250001
v -1.250000 1.125000 -2.798635
v -1.249999 -0.375000 -1.516212
v -1.124999 -0.090908 -1.516212
v -0.999999 -0.375000 -1.516212
v -0.874999 -0.090908 -1.516212
v -1.000000 -0.375000 0.766211
v -0.875000 -0.090908 0.766211
v -1.000000 -0.375000 1.016211
v -0.875000 -0.090908 1.016211
v -0.999999 -0.625000 -3.000000
v -1.000001 -0.625000 2.500000
v -1.249999 -0.625000 -3.000000
v -1.250001 -0.625000 2.500000
v -1.500001 2.250000 0.449409
v -1.500001 0.000000 0.449410
v -1.750001 2.250000 0.449409
v -1.750001 0.000000 0.449410
v -1.250001 -0.375000 2.500000
v -1.250001 -0.250000 2.875000
v -1.000001 -0.375000 2.500000
v -1.000001 -0.250000 2.875000
v -1.250001 -0.250000 2.875000
v -1.250001 -0.500000 2.875000
v -1.000001 -0.250000 2.875000
v -1.000001 -0.500000 2.875000
v 1.750000 2.250000 0.449411
v 1.750000 0.000000 0.449411
v 1.500000 2.250000 0.449410
v 1.500000 0.000000 0.449411
v -0.875000 -0.090908 -1.266212
v -1.125000 -0.090908 -1.266212
v -1.000000 -0.375000 -1.266212
v -1.250000 -0.375000 -1.266212
v -1.500000 1.125000 -1.500001
v -1.500000 0.125000 -1.250000
v -1.500000 2.125000 -1.250000
v -1.500000 2.125000 -1.500001
v -1.500000 2.375000 -2.356529
v -1.500000 2.125000 -2.250000
v -1.500000 1.125000 -3.048635
v -1.124999 0.937501 -3.903975
v -1.500000 0.125000 -3.048635
v -1.124999 0.000001 -3.903975
v -1.499999 -0.125000 -3.048636
v -1.750001 2.250000 0.449409
v -1.750001 0.000000 0.449410
v -1.750002 2.250000 2.949412
v -1.750002 0.000000 2.949412
v 1.500000 0.125000 1.250000
v 1.250000 2.125000 1.249999
v 1.500000 2.125000 1.249999
v 1.250000 0.125000 1.250000
v -1.250000 -0.375000 0.766211
v -1.000000 -0.375000 0.766211
v -1.250000 -0.375000 -1.266212
v -1.000000 -0.375000 -1.266212
v -1.250000 2.125000 -2.250000
v 1.250000 2.125000 -2.250000
v -1.250000 2.125000 -1.500000
v 1.250000 2.125000 -1.500000
v -0.875000 -0.090908 1.016211
v -1.125000 -0.090908 1.016211
v -1.000000 -0.375000 1.016211
v -1.250000 -0.375000 1.016211
v 1.250000 0.125000 1.250000
v 1.250000 2.125000 2.249999
v 1.250000 2.125000 1.249999
v 1.250000 0.125000 2.250000
v -1.250000 0.125000 2.250001
v -1.249999 2.125000 1.250000
v -1.250000 2.125000 2.250000
v -1.249999 0.125000 1.250001
v -1.249999 0.125000 1.250001
v -1.499999 2.125000 1.250000
v -1.249999 2.125000 1.250000
v -1.499999 0.125000 1.250001
v 1.500000 2.375000 2.499999
v -1.500000 2.375000 2.500000
v 0.500000 2.375000 3.499999
v -0.500000 2.375000 3.500000
v 0.250002 2.624998 6.499998
v -0.249998 2.624998 6.500000
v 1.250001 -0.625000 -2.999999
v 1.000001 -0.625000 -2.999999
v 1.250001 -0.500000 -3.374999
v 1.000001 -0.500000 -3.374999
v -1.500000 1.125000 -3.048635
v -1.250000 2.125000 -2.500000
v -1.250000 1.125000 -3.048635
v -1.500000 2.375000 -2.356529
v 1.500000 2.375000 -2.356529
v 1.250000 2.125000 -2.500000
v 1.500001 1.125000 -3.048635
v 1.250001 1.125000 -3.048635
v 1.250000 -0.375000 -1.516211
v 1.250001 -0.375000 -2.999999
v 1.000000 -0.375000 -1.516211
v 1.000001 -0.375000 -2.999999
v -1.500000 1.125000 -2.798636
v -1.500000 2.125000 -2.250000
v -1.500000 1.125000 -3.048635
v -1.500000 0.125000 -3.048635
v -1.500000 1.125000 -2.250001
v 1.250001 1.125000 -2.798635
v 1.250000 1.125000 -1.500000
v 1.500001 1.125000 -2.798634
v 1.500000 1.125000 -1.500000
v -0.999999 -0.250000 -3.375000
v -0.999999 -0.500000 -3.375000
v -1.249999 -0.250000 -3.375000
v -1.249999 -0.500000 -3.375000
v 0.999999 -0.625000 2.500000
v 1.249999 -0.625000 2.500000
v 0.999999 -0.500000 2.875000
v 1.249999 -0.500000 2.875000
v -1.250000 2.125000 -1.250000
v -1.499999 2.125000 1.250000
v -1.500000 2.125000 -1.250000
v -1.249999 2.125000 1.250000
v 1.249999 -0.500000 2.875000
v 1.249999 -0.375000 2.500000
v 1.249999 -0.250000 2.875000
v 1.249999 -0.625000 2.500000
v -1.500000 1.125000 -2.798636
v -1.250000 1.125000 -2.798635
v -1.500000 2.125000 -2.250000
v -1.250000 2.125000 -2.250000
v -1.249999 -0.625000 -3.000000
v -1.249999 -0.500000 -3.375000
v -0.999999 -0.625000 -3.000000
v -0.999999 -0.500000 -3.375000
v 1.499999 -0.125000 2.500000
v 0.499999 1.375000 3.499999
v -1.500001 -0.125000 2.499999
v -0.500001 1.375000 3.499999
v 1.250000 -0.375000 -1.266211
v 1.250001 -0.625000 -2.999999
v 1.250000 -0.375000 -1.516211
v 1.250000 -0.375000 0.766212
v 1.249999 -0.625000 2.500000
v 1.250000 -0.375000 1.016212
v 1.249999 -0.375000 2.500000
v 1.250000 0.125000 -1.250000
v 1.500000 0.125000 1.250000
v 1.500000 0.125000 -1.249999
v 1.250000 0.125000 1.250000
v -1.250000 0.125000 -1.249999
v -1.250000 0.125000 -2.751685
v 1.250001 0.125000 -2.751685
v -1.249999 0.125000 1.250001
v 1.250000 0.125000 2.250000
v -1.250000 0.125000 2.250001
v -1.499999 0.125000 1.250001
v -1.500000 0.125000 -1.250000
v -1.250000 -0.375000 0.766211
v -1.125000 -0.090908 0.766211
v -1.000000 -0.375000 0.766211
v -0.875000 -0.090908 0.766211
v -1.249999 -0.375000 -1.516212
v -0.999999 -0.375000 -1.516212
v -1.249999 -0.375000 -3.000000
v -0.999999 -0.375000 -3.000000
v 1.125000 0.000001 -3.903975
v -1.124999 0.937501 -3.903975
v 1.125001 0.937501 -3.903975
v -1.124999 0.000001 -3.903975
v -1.500001 -0.125000 2.499999
v -0.500001 1.375000 3.499999
v -1.500000 2.375000 2.500000
v -0.500000 2.375000 3.500000
v -0.249999 1.874998 6.499999
v -0.249998 2.624998 6.500000
v -0.500001 1.375000 3.499999
v 0.250002 1.874998 6.499999
v -0.249999 1.874998 6.499999
v 0.499999 1.375000 3.499999
v -1.250000 2.125000 -2.250000
v -1.250000 1.125000 -2.798635
v -1.250000 2.125000 -2.500000
v -1.250000 1.125000 -3.048635
v 1.499999 2.250000 2.949413
v 1.749999 2.250000 2.949413
v 1.500000 2.250000 0.449410
v 1.750000 2.250000 0.449411
v 1.250000 2.125000 -2.500000
v 1.250000 2.125000 -2.250000
v -1.250000 2.125000 -2.250000
v -1.250000 2.125000 -2.500000
v 1.250000 2.125000 -2.500000
v 1.250001 1.125000 -2.798635
v 1.250000 2.125000 -2.250000
v 1.250001 1.125000 -3.048635
v 1.750000 2.250000 0.449411
v 1.749999 0.000000 2.949413
v 1.750000 0.000000 0.449411
v 1.749999 2.250000 2.949413
v 1.499999 2.250000 2.949413
v 1.500000 0.000000 0.449411
v 1.499999 0.000000 2.949413
v 1.500000 2.250000 0.449410
v 1.749999 2.250000 2.949413
v 1.499999 0.000000 2.949413
v 1.749999 0.000000 2.949413
v 1.499999 2.250000 2.949413
v 1.750000 0.000000 0.449411
v 1.499999 0.000000 2.949413
v 1.500000 0.000000 0.449411
v 1.749999 0.000000 2.949413
v -1.500001 2.250000 0.449409
v -1.500002 0.000000 2.949412
v -1.500001 0.000000 0.449410
v -1.500002 2.250000 2.949412
v -1.500001 0.000000 0.449410
v -1.750002 0.000000 2.949412
v -1.750001 0.000000 0.449410
v -1.500002 0.000000 2.949412
v -1.750001 2.250000 0.449409
v -1.500002 2.250000 2.949412
v -1.500001 2.250000 0.449409
v -1.750002 2.250000 2.949412
v 0.553215 3.534413 6.857218
v 0.553215 3.397201 6.645458
v 0.553215 3.746172 6.720006
v 0.553215 3.608960 6.508246
v 1.250001 0.125000 -2.751685
v -1.250000 1.125000 -2.798635
v -1.250000 0.125000 -2.751685
v 1.250001 1.125000 -2.798635
v 1.250000 0.125000 -1.250000
v 1.500000 2.125000 -1.250000
v 1.250000 2.125000 -1.250000
v 1.500000 0.125000 -1.249999
v 0.553215 3.608960 6.508246
v 0.553215 3.397201 6.645458
v -0.042893 3.608960 6.508246
v -0.042893 3.397201 6.645458
v 1.500000 2.125000 -1.500000
v 1.500000 2.375000 -2.356529
v 1.500000 2.125000 -1.250000
v 1.500000 2.125000 1.249999
v 1.250000 1.125000 -1.500000
v 1.250000 2.125000 -1.250000
v 1.250000 2.125000 -1.500000
v 1.250000 0.125000 -1.250000
v -1.250001 -0.375000 2.500000
v -1.000001 -0.375000 2.500000
v -1.250000 -0.375000 1.016211
v -1.000000 -0.375000 1.016211
v -0.249999 1.874998 6.499999
v 0.250002 1.874998 6.499999
v -0.249998 2.624998 6.500000
v 0.250002 2.624998 6.499998
v -1.500000 2.125000 -1.500001
v -1.250000 2.125000 -1.500000
v -1.500000 1.125000 -1.500001
v -1.250000 1.125000 -1.500000
v -1.000001 -0.625000 2.500000
v -1.000001 -0.500000 2.875000
v -1.250001 -0.625000 2.500000
v -1.250001 -0.500000 2.875000
v -1.500000 0.125000 -1.250000
v -1.250000 2.125000 -1.250000
v -1.500000 2.125000 -1.250000
v -1.250000 0.125000 -1.249999
v -0.999999 -0.375000 -1.516212
v -0.874999 -0.090908 -1.516212
v -1.000000 -0.375000 -1.266212
v -0.875000 -0.090908 -1.266212
v 0.553215 3.534413 6.857218
v -0.042893 3.534413 6.857218
v 0.553215 3.397201 6.645458
v -0.042893 3.397201 6.645458
v 1.500000 2.125000 -2.250000
v 1.500000 2.125000 -1.500000
v 1.250000 2.125000 -1.500000
v 1.250000 2.125000 -2.250000
v 1.250000 2.125000 -1.500000
v 1.500000 1.125000 -1.500000
v 1.250000 1.125000 -1.500000
v 1.500000 2.125000 -1.500000
v -1.500001 -0.125000 2.499999
v -1.500000 -0.125000 1.249999
v 1.499999 -0.125000 2.500000
v 1.500000 -0.125000 -3.048636
v -1.499999 -0.125000 -3.048636
v -1.249999 -0.375000 -1.516212
v -1.125000 -0.090908 -1.266212
v -1.124999 -0.090908 -1.516212
v -1.250000 -0.375000 -1.266212
v -1.249999 -0.375000 -1.516212
v -1.249999 -0.625000 -3.000000
v -1.249999 -0.375000 -3.000000
v -1.250000 -0.375000 0.766211
v -1.250001 -0.625000 2.500000
v -1.250000 -0.375000 1.016211
v -1.125000 -0.090908 1.016211
v -1.250000 -0.375000 0.766211
v -1.125000 -0.090908 0.766211
v 1.249999 -0.625000 2.500000
v 1.000001 -0.625000 -2.999999
v 1.250001 -0.625000 -2.999999
v 0.999999 -0.625000 2.500000
v 1.125000 -0.090908 -1.266211
v 1.250000 -0.375000 -1.516211
v 1.125000 -0.090908 -1.516211
v 1.250000 -0.375000 -1.266211
v 1.000000 -0.375000 0.766212
v 1.250000 -0.375000 -1.266211
v 1.000000 -0.375000 -1.266211
v 1.250000 -0.375000 0.766212
v 0.999999 -0.375000 2.500000
v 1.250000 -0.375000 1.016212
v 1.000000 -0.375000 1.016212
v 1.249999 -0.375000 2.500000
v 1.125000 -0.090908 -1.516211
v 1.000000 -0.375000 -1.516211
v 0.875000 -0.090908 -1.516211
v 1.250000 -0.375000 -1.516211
v 1.000001 -0.500000 -3.374999
v 1.250001 -0.250000 -3.374999
v 1.250001 -0.500000 -3.374999
v 1.000001 -0.250000 -3.375000
v 0.875000 -0.090908 -1.516211
v 1.000000 -0.375000 -1.266211
v 0.875000 -0.090908 -1.266211
v 1.000000 -0.375000 -1.516211
v 1.000000 -0.375000 1.016212
v 1.125000 -0.090908 1.016212
v 0.875000 -0.090908 1.016212
v 1.250000 -0.375000 1.016212
v 0.875000 -0.090908 0.766212
v 1.000000 -0.375000 1.016212
v 0.875000 -0.090908 1.016212
v 1.000000 -0.375000 0.766212
v 1.125000 -0.090908 1.016212
v 1.250000 -0.375000 0.766212
v 1.125000 -0.090908 0.766212
v 1.250000 -0.375000 1.016212
v 1.000000 -0.375000 -1.266211
v 1.125000 -0.090908 -1.266211
v 0.875000 -0.090908 -1.266211
v 1.250000 -0.375000 -1.266211
v 1.125000 -0.090908 0.766212
v 1.000000 -0.375000 0.766212
v 0.875000 -0.090908 0.766212
v 1.250000 -0.375000 0.766212
v 1.000001 -0.250000 -3.375000
v 1.250001 -0.375000 -2.999999
v 1.250001 -0.250000 -3.374999
v 1.000001 -0.375000 -2.999999
v 1.249999 -0.500000 2.875000
v 0.999999 -0.250000 2.875000
v 0.999999 -0.500000 2.875000
v 1.249999 -0.250000 2.875000
v 1.249999 -0.250000 2.875000
v 0.999999 -0.375000 2.500000
v 0.999999 -0.250000 2.875000
v 1.249999 -0.375000 2.500000
v 0.000001 3.200361 -0.590647
v -0.302247 2.788130 -0.416144
v -0.302247 3.200361 -0.416145
v 0.000001 2.788130 -0.590647
v -0.302248 3.200361 -0.067139
v 0.000000 2.788130 0.107364
v 0.000000 3.200361 0.107364
v -0.302248 2.788130 -0.067139
v 0.000000 3.200361 0.107364
v 0.302248 2.788130 -0.067138
v 0.302248 3.200361 -0.067139
v 0.000000 2.788130 0.107364
v 0.302248 3.200361 -0.416144
v 0.000001 2.788130 -0.590647
v 0.000001 3.200361 -0.590647
v 0.302248 2.788130 -0.416144
v 0.302248 3.200361 -0.067139
v 0.302248 2.788130 -0.416144
v 0.302248 3.200361 -0.416144
v 0.302248 2.788130 -0.067138
v -1.249999 -0.500000 -3.375000
v -1.249999 -0.375000 -3.000000
v -1.249999 -0.250000 -3.375000
v -1.249999 -0.625000 -3.000000
v 1.000001 -0.625000 -2.999999
v 1.000001 -0.375000 -2.999999
v 1.000001 -0.500000 -3.374999
v 1.000001 -0.250000 -3.375000
v -0.302248 3.200361 -0.067139
v 0.000001 3.200361 -0.590647
v -0.302247 3.200361 -0.416145
v 0.000000 3.200361 0.107364
v 0.302248 3.200361 -0.067139
v 0.302248 3.200361 -0.416144
v -0.302247 3.200361 -0.416145
v -0.302248 2.788130 -0.067139
v -0.302248 3.200361 -0.067139
v -0.302247 2.788130 -0.416144
f 3 1 2
f 5 4 1
f 8 6 7
f 11 9 10
f 13 11 12
f 12 14 13
f 15 13 14
f 15 14 16
f 18 17 14
f 21 19 20
f 24 22 23
f 26 22 25
f 25 22 27
f 22 28 29
f 31 30 28
f 34 32 33
f 37 35 36
f 40 38 39
f 42 41 38
f 43 42 38
f 46 44 45
f 49 47 48
f 52 50 51
f 55 53 54
f 57 56 53
f 60 58 59
f 63 61 62
f 66 64 65
f 69 67 68
f 72 70 71
f 75 73 74
f 78 76 77
f 80 76 79
f 83 81 82
f 86 84 85
f 89 87 88
f 92 90 91
f 92 93 94
f 95 94 93
f 96 95 93
f 94 97 98
f 100 98 99
f 99 101 97
f 99 97 102
f 97 103 102
f 102 103 104
f 103 105 104
f 107 106 99
f 108 106 107
f 95 108 109
f 109 108 110
f 111 110 108
f 114 112 113
f 117 115 116
f 119 118 116
f 118 120 116
f 123 121 122
f 126 124 125
f 124 127 128
f 131 129 130
f 134 132 133
f 137 135 136
f 140 138 139
f 143 141 142
f 146 144 145
f 149 147 148
f 151 150 147
f 151 152 150
f 152 153 150
f 156 154 155
f 154 157 155
f 160 158 159
f 158 161 159
f 164 162 163
f 162 165 163
f 168 166 167
f 166 169 167
f 172 170 171
f 170 173 171
f 176 174 175
f 174 177 175
f 180 178 179
f 178 181 179
f 184 182 183
f 182 185 183
f 188 186 187
f 186 189 187
f 192 190 191
f 190 193 191
f 196 194 195
f 194 197 195
f 197 198 199
f 198 200 199
f 203 201 202
f 204 202 201
f 202 204 205
f 204 206 205
f 201 207 204
f 207 208 204
f 211 209 210
f 209 212 210
f 215 213 214
f 214 213 216
f 219 217 218
f 220 219 218
f 223 221 222
f 224 223 222
f 227 225 226
f 228 227 226
f 231 229 230
f 232 231 230
f 235 233 234
f 233 236 234
f 239 237 238
f 237 240 238
f 243 241 242
f 242 244 243
f 247 245 246
f 248 247 246
f 251 249 250
f 252 251 250
f 255 253 254
f 256 255 254
f 259 257 258
f 260 259 258
f 263 261 262
f 264 263 262
f 267 265 266
f 268 267 266
f 271 269 270
f 272 271 270
f 275 273 274
f 276 275 274
f 279 277 278
f 280 277 279
f 280 279 281
f 280 281 282
f 283 282 281
f 285 283 284
f 284 286 285
f 286 287 285
f 290 288 289
f 291 290 289
f 294 292 293
f 292 295 293
f 298 296 297
f 299 298 297
f 302 300 301
f 302 301 303
f 306 304 305
f 307 306 305
f 310 308 309
f 308 311 309
f 314 312 313
f 312 315 313
f 318 316 317
f 316 319 317
f 322 320 321
f 321 323 322
f 324 322 323
f 325 324 323
f 328 326 327
f 329 328 327
f 332 330 331
f 330 333 331
f 334 331 333
f 335 331 334
f 336 335 334
f 337 335 336
f 340 338 339
f 341 340 339
f 344 342 343
f 345 342 344
f 346 342 345
f 349 347 348
f 350 349 348
f 353 351 352
f 354 353 352
f 357 355 356
f 358 357 356
f 361 359 360
f 360 359 362
f 365 363 364
f 364 363 366
f 369 367 368
f 370 369 368
f 373 371 372
f 374 373 372
f 377 375 376
f 378 377 376
f 381 379 380
f 379 382 380
f 383 380 382
f 382 384 383
f 384 385 383
f 388 386 387
f 387 386 389
f 386 390 389
f 391 390 386
f 392 391 386
f 393 389 390
f 394 389 393
f 395 394 393
f 396 393 390
f 397 396 390
f 400 398 399
f 401 400 399
f 404 402 403
f 405 404 403
f 408 406 407
f 406 409 407
f 412 410 411
f 413 412 411
f 413 411 414
f 415 413 414
f 418 416 417
f 416 419 417
f 422 420 421
f 423 422 421
f 426 424 425
f 427 426 425
f 430 428 429
f 431 428 430
f 434 432 433
f 432 435 433
f 438 436 437
f 436 439 437
f 442 440 441
f 440 443 441
f 446 444 445
f 444 447 445
f 450 448 449
f 448 451 449
f 454 452 453
f 452 455 453
f 458 456 457
f 456 459 457
f 462 460 461
f 460 463 461
f 466 464 465
f 467 466 465
f 470 468 469
f 468 471 469
f 474 472 473
f 472 475 473
f 478 476 477
f 479 478 477
f 482 480 481
f 482 481 483
f 486 484 485
f 485 484 487
f 490 488 489
f 491 490 489
f 494 492 493
f 495 494 493
f 498 496 497
f 499 498 497
f 502 500 501
f 503 502 501
f 506 504 505
f 504 507 505
f 510 508 509
f 511 510 509
f 514 512 513
f 515 514 513
f 518 516 517
f 519 516 518
f 522 520 521
f 520 523 521
f 526 524 525
f 527 526 525
f 525 528 527
f 531 529 530
f 529 532 530
f 532 533 534
f 533 535 534
f 536 532 534
f 538 536 537
f 540 538 539
f 541 540 539
f 544 542 543
f 542 545 543
f 548 546 547
f 546 549 547
f 552 550 551
f 550 553 551
f 556 554 555
f 554 557 555
f 560 558 559
f 558 561 559
f 564 562 563
f 562 565 563
f 568 566 567
f 566 569 567
f 572 570 571
f 570 573 571
f 576 574 575
f 574 577 575
f 580 578 579
f 578 581 579
f 584 582 583
f 582 585 583
f 588 586 587
f 586 589 587
f 592 590 591
f 590 593 591
f 596 594 595
f 594 597 595
f 600 598 599
f 598 601 599
f 604 602 603
f 602 605 603
f 608 606 607
f 606 609 607
f 612 610 611
f 610 613 611
f 616 614 615
f 614 617 615
f 620 618 619
f 618 621 619
f 624 622 623
f 622 625 623
f 628 626 627
f 629 628 627
f 632 630 631
f 633 631 630
f 633 634 631
f 635 631 634
f 638 636 637
f 638 636 637
f 636 639 637
f 636 639 637
