g hummingbird_seats
v -0.231488 0.558471 -1.668995
v -0.231485 0.082363 -2.333971
v -0.231485 0.558472 -2.333971
v -0.231488 0.082363 -1.668995
v -0.231489 0.558471 -1.398025
v -0.231489 0.082363 -1.398025
v -0.231489 1.574101 -1.338799
v -0.231488 1.609154 -1.607493
v -0.231485 0.558472 -2.333971
v -0.231485 0.082363 -2.333971
v -1.018511 0.082364 -2.333975
v -1.018511 0.558472 -2.333974
v -1.018515 0.558471 -1.398028
v -1.018515 0.082363 -1.398029
v -0.231489 0.082363 -1.398025
v -0.231489 0.558471 -1.398025
v -1.018515 1.574102 -1.338802
v -0.231489 1.574101 -1.338799
v -1.018514 0.558471 -1.668998
v -0.231488 0.558471 -1.668995
v -0.231485 0.558472 -2.333971
v -1.018511 0.558472 -2.333974
v -1.018511 0.558472 -2.333974
v -1.018511 0.082364 -2.333975
v -1.018514 0.082363 -1.668999
v -1.018514 0.558471 -1.668998
v -1.018515 0.082363 -1.398029
v -1.018515 0.558471 -1.398028
v -1.018514 1.609154 -1.607496
v -1.018515 1.574102 -1.338802
v -1.018514 0.558471 -1.668998
v -1.018514 1.609154 -1.607496
v -0.231488 1.609154 -1.607493
v -0.231488 0.558471 -1.668995
v -1.018515 1.574102 -1.338802
v -0.231489 1.574101 -1.338799
v -0.231488 1.609154 -1.607493
v -1.018514 1.609154 -1.607496
v 1.018512 0.558469 -1.669023
v 1.018515 0.082362 -2.333999
v 1.018515 0.558470 -2.333999
v 1.018512 0.082361 -1.669023
v 1.018511 0.558469 -1.398053
v 1.018511 0.082361 -1.398053
v 1.018511 1.574100 -1.338827
v 1.018512 1.609152 -1.607520
v 1.018515 0.558470 -2.333999
v 1.018515 0.082362 -2.333999
v 0.231489 0.082362 -2.334002
v 0.231489 0.558470 -2.334002
v 0.231485 0.558469 -1.398056
v 0.231485 0.082361 -1.398056
v 1.018511 0.082361 -1.398053
v 1.018511 0.558469 -1.398053
v 0.231485 1.574100 -1.338830
v 1.018511 1.574100 -1.338827
v 0.231486 0.558469 -1.669026
v 1.018512 0.558469 -1.669023
v 1.018515 0.558470 -2.333999
v 0.231489 0.558470 -2.334002
v 0.231489 0.558470 -2.334002
v 0.231489 0.082362 -2.334002
v 0.231486 0.082361 -1.669026
v 0.231486 0.558469 -1.669026
v 0.231485 0.082361 -1.398056
v 0.231485 0.558469 -1.398056
v 0.231486 1.609152 -1.607524
v 0.231485 1.574100 -1.338830
v 0.231486 0.558469 -1.669026
v 0.231486 1.609152 -1.607524
v 1.018512 1.609152 -1.607520
v 1.018512 0.558469 -1.669023
v 0.231485 1.574100 -1.338830
v 1.018511 1.574100 -1.338827
v 1.018512 1.609152 -1.607520
v 0.231486 1.609152 -1.607524
f 3 1 2
f 2 1 4
f 1 5 4
f 4 5 6
f 5 1 7
f 7 1 8
f 11 9 10
f 12 9 11
f 15 13 14
f 16 13 15
f 13 16 17
f 17 16 18
f 21 19 20
f 22 19 21
f 25 23 24
f 26 23 25
f 27 26 25
f 28 26 27
f 26 28 29
f 29 28 30
f 33 31 32
f 34 31 33
f 37 35 36
f 38 35 37
f 41 39 40
f 40 39 42
f 39 43 42
f 42 43 44
f 43 39 45
f 45 39 46
f 49 47 48
f 50 47 49
f 53 51 52
f 54 51 53
f 51 54 55
f 55 54 56
f 59 57 58
f 60 57 59
f 63 61 62
f 64 61 63
f 65 64 63
f 66 64 65
f 64 66 67
f 67 66 68
f 71 69 70
f 72 69 71
f 75 73 74
f 76 73 75
