g hummingbird_rotor_main_disc
v 5.462003 -0.000000 1.086459
v 5.569010 -0.000000 -0.000001
v 5.462003 0.000000 -1.086461
v 5.145094 0.000000 -2.131169
v 5.145094 -0.000000 2.131166
v 4.630463 0.000000 -3.093978
v 4.630463 -0.000001 3.093975
v 3.937884 -0.000001 3.937884
v 3.937885 0.000000 -3.937886
v 3.093976 -0.000001 4.630462
v 3.093976 0.000001 -4.630464
v 2.131168 -0.000001 5.145094
v 2.131167 0.000001 -5.145097
v 1.086460 -0.000001 5.462002
v 1.086458 0.000001 -5.462005
v -0.000000 -0.000001 5.569010
v -0.000002 0.000001 -5.569012
v -1.086452 -0.000001 5.462004
v -1.086463 0.000001 -5.462004
v -2.131161 -0.000001 5.145097
v -2.131171 0.000001 -5.145095
v -3.093970 -0.000001 4.630466
v -3.093979 0.000001 -4.630462
v -3.937880 -0.000000 3.937888
v -3.937888 0.000001 -3.937884
v -4.630459 -0.000000 3.093981
v -4.630465 0.000001 -3.093975
v -5.145093 -0.000000 2.131172
v -5.145097 0.000000 -2.131165
v -5.462002 -0.000000 1.086464
v -5.462005 0.000000 -1.086457
v -5.569010 0.000000 0.000004
v 5.462003 0.000000 -1.086461
v 5.569010 -0.000000 -0.000001
v 5.462003 -0.000000 1.086459
v 5.145094 0.000000 -2.131169
v 5.145094 -0.000000 2.131166
v 4.630463 0.000000 -3.093978
v 4.630463 -0.000001 3.093975
v 3.937885 0.000000 -3.937886
v 3.937884 -0.000001 3.937884
v 3.093976 0.000001 -4.630464
v 3.093976 -0.000001 4.630462
v 2.131168 -0.000001 5.145094
v 2.131167 0.000001 -5.145097
v 1.086460 -0.000001 5.462002
v 1.086458 0.000001 -5.462005
v -0.000000 -0.000001 5.569010
v -0.000002 0.000001 -5.569012
v -1.086452 -0.000001 5.462004
v -1.086463 0.000001 -5.462004
v -2.131161 -0.000001 5.145097
v -2.131171 0.000001 -5.145095
v -3.093970 -0.000001 4.630466
v -3.093979 0.000001 -4.630462
v -3.937880 -0.000000 3.937888
v -3.937888 0.000001 -3.937884
v -4.630459 -0.000000 3.093981
v -4.630465 0.000001 -3.093975
v -5.145093 -0.000000 2.131172
v -5.145097 0.000000 -2.131165
v -5.462002 -0.000000 1.086464
v -5.462005 0.000000 -1.086457
v -5.569010 0.000000 0.000004
f 3 1 2
f 1 3 4
f 1 4 5
f 5 4 6
f 5 6 7
f 7 6 8
f 8 6 9
f 8 9 10
f 10 9 11
f 10 11 12
f 12 11 13
f 12 13 14
f 14 13 15
f 14 15 16
f 16 15 17
f 16 17 18
f 18 17 19
f 18 19 20
f 20 19 21
f 20 21 22
f 22 21 23
f 22 23 24
f 24 23 25
f 24 25 26
f 26 25 27
f 26 27 28
f 28 27 29
f 28 29 30
f 30 29 31
f 30 31 32
f 35 33 34
f 33 35 36
f 36 35 37
f 36 37 38
f 38 37 39
f 38 39 40
f 40 39 41
f 40 41 42
f 42 41 43
f 42 43 44
f 42 44 45
f 45 44 46
f 45 46 47
f 47 46 48
f 47 48 49
f 49 48 50
f 49 50 51
f 51 50 52
f 51 52 53
f 53 52 54
f 53 54 55
f 55 54 56
f 55 56 57
f 57 56 58
f 57 58 59
f 59 58 60
f 59 60 61
f 61 60 62
f 61 62 63
f 63 62 64
