g hummingbird_body
v -0.750000 2.875000 -0.739605
v 0.562499 2.835324 1.909637
v 0.750000 2.875000 -0.739604
v -0.562501 2.835324 1.909636
v -0.750000 2.875000 -0.739605
v 1.500001 0.125000 -2.798636
v 1.500001 0.324708 -3.270426
v 1.500001 0.670175 -3.229993
v 1.500001 1.125000 -3.048635
v 1.500001 0.875000 -2.798635
v 1.500000 2.030072 -2.549920
v 1.500001 1.125000 -2.798634
v 1.500000 2.000000 -2.250000
v 1.500000 2.180768 -2.406449
v 1.500000 2.280072 -2.136419
v 1.500000 2.125000 -1.500000
v 1.500000 2.375000 -1.500000
v 1.500000 2.125000 -1.250000
v 1.500000 2.375000 0.499999
v 1.500000 2.125000 0.499999
v 1.500000 0.125000 -1.249999
v 1.500000 0.125000 -1.499999
v 1.375000 2.313263 1.249999
v 1.500000 2.375000 0.499999
v 1.375000 0.064703 1.250000
v 1.500000 0.125000 0.500000
v 1.500000 -0.125000 0.500000
v 1.500000 0.125000 -1.249999
v 1.500000 -0.125000 -3.048636
v 1.500000 0.125000 -1.499999
v 1.500001 0.125000 -2.798636
v 1.500000 0.070826 -3.232301
v 1.500001 0.324708 -3.270426
v -1.250000 0.875000 -2.787367
v -1.250000 1.125000 -2.798635
v -1.500000 0.875000 -2.798636
v -1.500000 0.875000 -2.798636
v -1.500000 0.125000 -2.798636
v -0.124999 2.125000 0.500000
v 1.250000 2.125000 -1.250000
v 0.125001 2.125000 0.500000
v 1.250000 2.125000 -1.250000
v 1.250000 2.125000 0.499999
v 1.250000 2.125000 -1.500000
v -1.250000 2.125000 -1.500000
v 0.125000 2.000000 -2.250000
v 1.250000 2.000000 -2.250000
v -1.250000 2.125000 -1.500000
v -0.125000 2.000000 -2.250000
v -1.250000 2.000000 -2.250000
v 1.250000 2.125000 -1.250000
v -1.250000 2.125000 -1.250000
v -0.124999 2.125000 0.500000
v -1.249999 2.125000 0.500000
v -1.499999 0.125000 0.500001
v -1.375000 0.064703 1.249999
v -1.499999 2.125000 0.500000
v -1.374999 2.313263 1.250000
v -1.499999 2.375000 0.500000
v -1.500000 2.375000 -1.500001
v -1.500000 2.125000 -1.250000
v -1.500000 2.125000 -1.500001
v -1.500000 0.125000 -1.250000
v -1.500000 0.125000 -1.500000
v -1.500000 2.280072 -2.136419
v -1.500000 2.000000 -2.250000
v -1.500000 2.180768 -2.406449
v -1.500000 2.030072 -2.549920
v -1.500000 1.125000 -3.048635
v -1.500000 1.125000 -2.798636
v -1.500000 0.875000 -2.798636
v -1.500000 0.670175 -3.229993
v -1.500000 0.125000 -2.798636
v -1.500000 0.324708 -3.270426
v -1.500000 2.000000 -2.250000
v -1.250000 2.000000 -2.250000
v -1.500000 2.125000 -1.500001
v -1.249999 2.125000 0.500000
v -1.499999 0.125000 0.500001
v -1.499999 2.125000 0.500000
v -0.124999 2.125000 0.500000
v -0.124999 0.125000 0.500000
v 0.125001 2.125000 0.500000
v 1.500000 2.000000 -2.250000
v 1.500000 2.125000 -1.500000
v 1.250000 2.000000 -2.250000
v -0.125000 0.875000 -2.787367
v 1.250001 1.125000 -2.798635
v -1.250000 1.125000 -2.798635
v 0.125000 0.875000 -2.787367
v 0.125000 0.125000 -2.751685
v 1.250001 1.125000 -2.798635
v 1.250001 0.875000 -2.787367
v -1.375000 0.064703 1.249999
v -1.000000 -0.185297 1.250000
v -0.988916 0.244971 1.768472
v -0.988916 0.244971 1.768472
v -0.750000 -0.185297 1.250000
v 0.988914 0.244971 1.768472
v 0.750000 -0.185297 1.250000
v 1.000000 -0.185297 1.250000
v 0.988914 0.244971 1.768472
v 1.375000 0.064703 1.250000
v -1.499999 -0.125000 -3.048636
v -1.500000 0.125000 -2.798636
v -1.499999 0.070826 -3.232301
v 1.500001 0.125000 -2.798636
v 1.500001 0.670175 -3.229993
v 1.500001 0.875000 -2.798635
v 0.124999 0.875000 2.000000
v -0.780121 0.875000 1.999999
v -1.030121 0.875000 1.999999
v -0.125000 0.875000 -2.787367
v -1.250000 1.125000 -2.798635
v -1.250000 0.875000 -2.787367
v -1.374999 2.313263 1.250000
v -1.499999 2.125000 0.500000
v -1.375000 0.064703 1.249999
v -1.499999 0.125000 0.500001
v -1.500000 -0.125000 0.500000
v -1.500000 0.125000 -1.250000
v -1.499999 -0.125000 -3.048636
v -1.500000 0.125000 -1.500000
v -1.500000 0.125000 -2.798636
v -1.499999 0.070826 -3.232301
v -1.500000 0.324708 -3.270426
v -1.500000 1.125000 -2.798636
v -1.500000 0.875000 -2.798636
v -1.250000 1.125000 -2.798635
v 0.125000 0.125000 -2.751685
v -0.125000 0.875000 -2.787367
v -0.125000 0.125000 -2.751685
v 1.250001 1.125000 -2.798635
v 1.500001 0.875000 -2.798635
v 1.500001 1.125000 -2.798634
v 1.250001 1.125000 -2.798635
v 1.250001 0.875000 -2.787367
v 1.500001 1.125000 -2.798634
v 1.250000 2.000000 -2.250000
v 1.250001 1.125000 -2.798635
v 1.250000 2.000000 -2.250000
v 1.500000 2.125000 -1.500000
v 1.250000 2.125000 -1.500000
v 1.500000 0.125000 -1.499999
v 1.250000 0.125000 -2.250000
v 1.250000 0.125000 -1.500000
v -1.500000 2.125000 -1.500001
v -1.250000 2.000000 -2.250000
v -1.250000 2.125000 -1.500000
v 0.125000 0.125000 -2.751685
v 1.250000 0.125000 -2.250000
v 1.250001 0.125000 -2.751685
v 1.500000 2.125000 -1.500000
v 1.500000 2.125000 -1.250000
v 1.500000 0.125000 -1.249999
v -1.499999 2.125000 0.500000
v -1.499999 2.375000 0.500000
v -1.500000 2.125000 -1.250000
v -1.500000 2.000000 -2.250000
v -1.500000 2.030072 -2.549920
v -1.500000 1.125000 -2.798636
v -0.124999 0.125000 0.500000
v 0.125001 2.125000 0.500000
v 0.125001 0.125000 0.500000
v -1.249999 0.125000 0.500001
v -1.249999 2.125000 0.500000
v -1.499999 0.125000 0.500001
v -1.000000 -0.185297 1.250000
v -1.000000 -0.375000 0.500000
v -0.750000 -0.185297 1.250000
v -0.999999 -0.375000 -2.298636
v 1.000000 -0.375000 -2.298636
v 1.000000 -0.375000 0.500000
v -0.750000 -0.185297 1.250000
v 0.750000 -0.185297 1.250000
v 1.000000 -0.185297 1.250000
v -0.750000 -0.185297 1.250000
v 1.500000 2.000000 -2.250000
v 1.250000 2.000000 -2.250000
v 1.500001 1.125000 -2.798634
v -1.250000 0.875000 -2.787367
v -1.500000 0.125000 -2.798636
v -1.250000 0.125000 -2.751685
v 1.500001 0.875000 -2.798635
v 1.500001 1.125000 -3.048635
v 1.500001 1.125000 -2.798634
v 1.375000 0.064703 1.250000
v 1.030119 0.875000 2.000000
v 0.988914 0.244971 1.768472
v -0.988916 0.244971 1.768472
v -1.030121 0.875000 1.999999
v -1.375000 0.064703 1.249999
v 1.250000 0.125000 0.500000
v 1.500000 2.125000 0.499999
v 1.500000 0.125000 0.500000
v -1.250000 0.125000 -1.499999
v -1.250000 0.125000 -2.249999
v -1.500000 0.125000 -1.500000
v 1.500000 2.125000 0.499999
v 1.250000 0.125000 0.500000
v 1.250000 2.125000 0.499999
v 0.125001 2.125000 0.500000
v 1.250000 2.125000 0.499999
v 0.125001 0.125000 0.500000
v 1.500000 0.070826 -3.232301
v 1.500001 0.125000 -2.798636
v 1.500000 -0.125000 -3.048636
v -1.500000 1.125000 -2.798636
v -1.500000 1.125000 -3.048635
v -1.500000 0.875000 -2.798636
v -1.500000 0.670175 -3.229993
v -1.500000 0.125000 -2.798636
v -1.250000 0.125000 -2.751685
v -1.250000 0.125000 -2.249999
v -0.125000 0.125000 -2.751685
v -1.250000 0.897587 -3.139314
v -0.125000 0.875000 -2.787367
v -1.250000 0.875000 -2.787367
v 0.125000 0.875000 -2.787367
v 1.250001 0.897587 -3.139314
v 1.250001 0.875000 -2.787367
v 0.125001 0.897587 -3.139314
v 1.250001 0.897587 -3.139314
v -0.125000 0.125000 -2.751685
v -1.249999 0.070826 -3.232301
v -1.250000 0.125000 -2.751685
v -0.124999 0.897587 -3.139314
v -0.125000 0.875000 -2.787367
v -1.250000 0.897587 -3.139314
v -0.124999 0.070826 -3.232301
v -1.249999 0.070826 -3.232301
v -0.125000 0.125000 -2.751685
v 1.250000 -0.625000 -1.641211
v 1.250001 -0.875000 -2.874999
v 1.250001 -0.625000 -2.874999
v 1.250001 -0.750000 -3.249999
v 1.250001 -0.625000 -2.874999
v 1.250001 -0.875000 -2.874999
v -1.250000 -0.750000 1.750000
v -1.250000 -0.625000 1.375000
v -1.250000 -0.875000 1.375000
v -1.249999 -0.625000 -1.391212
v -1.249999 -0.875000 -2.875000
v 1.250001 -0.625000 -2.874999
v 1.250001 -0.750000 -3.249999
v 1.250001 -0.500000 -3.249999
v -1.250000 -0.625000 1.375000
v -1.250000 -0.750000 1.750000
v -1.250000 -0.500000 1.750000
v 1.000000 -0.625000 0.391212
v 0.999999 -0.875000 1.375000
v 0.999999 -0.625000 1.375000
v -1.250000 -0.625000 1.375000
v -1.250000 -0.625000 0.391211
v -1.250000 -0.875000 1.375000
v 0.999999 -0.750000 1.750000
v 0.999999 -0.625000 1.375000
v 0.999999 -0.875000 1.375000
v 0.999999 -0.625000 1.375000
v 0.999999 -0.750000 1.750000
v 0.999999 -0.500000 1.750000
v 1.000001 -0.875000 -2.874999
v 0.999999 -0.875000 1.375000
v 1.000000 -0.625000 -1.391211
v -0.999999 -0.875000 -2.875000
v -0.999999 -0.625000 -1.391212
v -1.000000 -0.875000 1.375000
v -0.999999 -0.750000 -3.250000
v -0.999999 -0.625000 -2.875000
v -0.999999 -0.625000 -2.875000
v -0.999999 -0.750000 -3.250000
v -0.999999 -0.500000 -3.250000
v -0.999999 -0.625000 -1.391212
v -0.999999 -0.875000 -2.875000
v -0.999999 -0.625000 -1.641212
v -1.000000 -0.625000 0.141212
v -1.000000 -0.875000 1.375000
v -1.000000 -0.625000 0.391212
v -1.000000 -0.625000 1.375000
v -0.999999 -0.625000 -1.641212
v -0.999999 -0.875000 -2.875000
v -0.999999 -0.625000 -2.875000
v 0.562499 2.835324 1.909637
v 0.750000 2.250000 -1.156112
v 0.750000 2.875000 -0.739604
v 0.562499 2.075000 2.426904
v -0.750000 2.875000 -0.739605
v 0.750000 2.250000 -1.156112
v -0.750000 2.250000 -1.156112
v 0.750000 2.875000 -0.739604
v -0.562501 2.835324 1.909636
v -0.750000 2.250000 -1.156112
v -0.562501 2.075000 2.426903
v -0.750000 2.875000 -0.739605
v 0.562499 2.835324 1.909637
v -0.562501 2.075000 2.426903
v 0.562499 2.075000 2.426904
v -0.562501 2.835324 1.909636
v -0.125002 4.026756 6.820831
v 0.124998 2.163095 5.456551
v -0.125002 2.163095 5.456551
v 0.124998 4.026756 6.820831
v 0.124998 3.712106 7.546570
v -0.125002 1.921203 6.664592
v 0.124998 1.921203 6.664592
v -0.125002 3.712106 7.546570
v -0.125002 4.026756 6.820831
v 0.124998 3.712106 7.546570
v 0.124998 4.026756 6.820831
v -0.125002 3.712106 7.546570
v -0.780121 0.875000 1.999999
v -0.249999 1.749998 6.749999
v -0.780119 2.124999 2.000000
v -0.249998 2.499998 6.750000
v 1.030120 2.124999 1.999999
v 1.030119 0.875000 2.000000
v 1.375000 2.313263 1.249999
v 1.375000 0.064703 1.250000
v -1.500000 -0.125000 0.500000
v -1.000000 -0.185297 1.250000
v -1.375000 0.064703 1.249999
v -1.000000 -0.375000 0.500000
v -0.999999 -0.375000 -2.298636
v -1.499999 -0.125000 -3.048636
v -1.499999 -0.125000 -3.048636
v 1.500000 -0.125000 -3.048636
v 1.000000 -0.375000 -2.298636
v 1.250000 0.125000 -1.500000
v 1.250000 2.125000 -1.250000
v 1.250000 2.125000 -1.500000
v 1.250000 0.125000 -1.250000
v -0.125000 0.125000 -2.751685
v -0.125000 0.324708 -3.270426
v -0.124999 0.070826 -3.232301
v -0.124999 0.670175 -3.229993
v -0.125000 0.875000 -2.787367
v -0.124999 0.897587 -3.139314
v 1.500000 0.125000 -1.249999
v 1.250000 0.125000 0.500000
v 1.500000 0.125000 0.500000
v 1.250000 0.125000 -1.250000
v -1.500000 0.324708 -3.270426
v -1.249999 0.324708 -3.270426
v -1.499999 0.070826 -3.232301
v -1.249999 0.070826 -3.232301
v -1.250000 0.125000 -1.249999
v -1.499999 0.125000 0.500001
v -1.249999 0.125000 0.500001
v -1.500000 0.125000 -1.250000
v 1.500001 0.125000 -2.798636
v 1.250000 0.125000 -2.250000
v 1.500000 0.125000 -1.499999
v 1.250001 0.125000 -2.751685
v -0.125002 0.615680 6.238229
v -0.125002 1.921203 6.664592
v -0.125002 2.163095 5.456551
v -0.125002 0.818234 6.792141
v -1.500000 0.125000 -1.250000
v -1.250000 2.125000 -1.250000
v -1.500000 2.125000 -1.250000
v -1.250000 0.125000 -1.249999
v -1.030119 2.124999 2.000000
v -0.780121 0.875000 1.999999
v -0.780119 2.124999 2.000000
v -1.030121 0.875000 1.999999
v 1.500000 0.125000 -1.249999
v 1.500000 2.125000 -1.250000
v 1.250000 0.125000 -1.250000
v 1.250000 2.125000 -1.250000
v 0.124998 2.163095 5.456551
v 0.124998 0.615680 6.238229
v -0.125002 2.163095 5.456551
v -0.125002 0.615680 6.238229
v -1.250000 1.125000 -2.798635
v 1.250001 1.125000 -2.798635
v -1.250000 1.125000 -3.048635
v 1.250001 1.125000 -3.048635
v 1.500000 -0.125000 0.500000
v 1.000000 -0.375000 -2.298636
v 1.500000 -0.125000 -3.048636
v 1.000000 -0.375000 0.500000
v 1.000000 -0.185297 1.250000
v 1.375000 0.064703 1.250000
v -1.499999 2.125000 0.500000
v -1.250000 2.125000 -1.250000
v -1.249999 2.125000 0.500000
v -1.500000 2.125000 -1.250000
v 1.500000 2.125000 0.499999
v 1.250000 2.125000 -1.250000
v 1.500000 2.125000 -1.250000
v 1.250000 2.125000 0.499999
v -0.249998 2.499998 6.750000
v -0.515059 2.124999 2.000001
v -0.780119 2.124999 2.000000
v 0.250002 2.499998 6.749998
v 1.030120 2.124999 1.999999
v -1.250000 0.125000 -1.499999
v -1.500000 2.125000 -1.500001
v -1.250000 2.125000 -1.500000
v -1.500000 0.125000 -1.500000
v 0.124998 0.615680 6.238229
v 0.124998 2.163095 5.456551
v 0.124998 1.921203 6.664592
v 0.124998 0.818234 6.792141
v 1.250001 0.324708 -3.270426
v 1.500000 0.070826 -3.232301
v 1.250000 0.070826 -3.232301
v 1.500001 0.324708 -3.270426
v 1.250001 0.875000 -2.787367
v 1.500001 0.125000 -2.798636
v 1.500001 0.875000 -2.798635
v 1.250001 0.125000 -2.751685
v -0.125002 1.921203 6.664592
v -0.125002 4.026756 6.820831
v -0.125002 2.163095 5.456551
v -0.125002 3.712106 7.546570
v 1.250000 0.125000 -1.250000
v 0.125001 0.125000 0.500000
v 1.250000 0.125000 0.500000
v -0.124999 0.125000 0.500000
v -1.250000 0.125000 -1.249999
v -1.249999 0.125000 0.500001
v -1.250000 0.125000 -1.499999
v 1.250000 0.125000 -1.500000
v 0.125000 0.125000 -2.751685
v 1.250000 0.125000 -2.250000
v -0.125000 0.125000 -2.751685
v -1.250000 0.125000 -2.249999
v 1.250000 0.125000 -1.500000
v 1.500000 2.125000 -1.500000
v 1.500000 0.125000 -1.499999
v 1.250000 2.125000 -1.500000
v -1.250000 2.030072 -2.549920
v -1.250000 1.125000 -2.798635
v -1.250000 1.125000 -3.048635
v -1.250000 2.000000 -2.250000
v 1.250001 2.030072 -2.549920
v 1.250001 1.125000 -2.798635
v 1.250000 2.000000 -2.250000
v 1.250001 1.125000 -3.048635
v -0.988916 0.244971 1.768472
v 0.124999 0.875000 2.000000
v -1.030121 0.875000 1.999999
v 0.988914 0.244971 1.768472
v 1.030119 0.875000 2.000000
v 1.500000 2.180768 -2.406449
v -1.500000 2.180768 -2.406449
v 1.500000 2.280072 -2.136419
v -1.500000 2.280072 -2.136419
v 1.500000 2.375000 -1.500000
v -1.500000 2.375000 -1.500001
v -1.499999 2.375000 0.500000
v 1.500000 2.375000 0.499999
v 1.375000 2.313263 1.249999
v -1.374999 2.313263 1.250000
v 1.250000 2.000000 -2.250000
v 0.125000 2.000000 -2.250000
v 1.250001 2.030072 -2.549920
v -0.125000 2.000000 -2.250000
v -1.250000 2.030072 -2.549920
v -1.250000 2.000000 -2.250000
v 0.125001 0.070826 -3.232301
v 0.125000 0.324708 -3.270426
v 0.125000 0.125000 -2.751685
v 0.125001 0.670175 -3.229993
v 0.125000 0.875000 -2.787367
v 0.125001 0.897587 -3.139314
v -1.500000 2.000000 -2.250000
v -1.250000 1.125000 -2.798635
v -1.250000 2.000000 -2.250000
v -1.500000 1.125000 -2.798636
v -0.125002 0.615680 6.238229
v 0.124998 0.818234 6.792141
v -0.125002 0.818234 6.792141
v 0.124998 0.615680 6.238229
v 0.124998 1.921203 6.664592
v -0.125002 0.818234 6.792141
v 0.124998 0.818234 6.792141
v -0.125002 1.921203 6.664592
v 0.250002 2.499998 6.749998
v 0.250002 1.749998 6.749999
v 1.030120 2.124999 1.999999
v 1.030119 0.875000 2.000000
v -1.500000 0.125000 -1.500000
v -1.250000 0.125000 -2.249999
v -1.500000 0.125000 -2.798636
v -1.250000 0.125000 -2.751685
v -0.125000 0.324708 -3.270426
v 0.125000 0.324708 -3.270426
v -0.124999 0.070826 -3.232301
v 0.125001 0.070826 -3.232301
v -0.125000 0.324708 -3.270426
v -0.124999 0.670175 -3.229993
v 0.125000 0.324708 -3.270426
v 0.125001 0.670175 -3.229993
v 0.125001 0.897587 -3.139314
v -0.124999 0.897587 -3.139314
v 1.250001 1.125000 -3.048635
v 1.250001 0.897587 -3.139314
v -1.250000 1.125000 -3.048635
v -1.250000 0.897587 -3.139314
v 1.500001 1.125000 -3.048635
v 1.250001 2.030072 -2.549920
v 1.500001 0.670175 -3.229993
v 1.500000 2.030072 -2.549920
v 1.250000 0.670175 -3.229993
v 1.500001 0.324708 -3.270426
v 1.250001 0.324708 -3.270426
v 1.500000 2.180768 -2.406449
v -1.250000 2.030072 -2.549920
v -1.500000 2.180768 -2.406449
v -1.500000 2.030072 -2.549920
v -1.500000 1.125000 -3.048635
v -1.500000 0.670175 -3.229993
v -1.249999 0.670175 -3.229993
v -1.249999 0.324708 -3.270426
v -1.500000 0.324708 -3.270426
v -0.515059 2.124999 2.000001
v -1.374999 2.313263 1.250000
v -1.030119 2.124999 2.000000
v 1.375000 2.313263 1.249999
v 1.030120 2.124999 1.999999
v 0.250002 1.749998 6.749999
v 0.124999 0.875000 2.000000
v 1.030119 0.875000 2.000000
v -0.249999 1.749998 6.749999
v -0.780121 0.875000 1.999999
v 0.124998 4.026756 6.820831
v 0.124998 1.921203 6.664592
v 0.124998 2.163095 5.456551
v 0.124998 3.712106 7.546570
v -0.249998 2.499998 6.750000
v 0.250002 1.749998 6.749999
v 0.250002 2.499998 6.749998
v -0.249999 1.749998 6.749999
v -1.030119 2.124999 2.000000
v -0.780119 2.124999 2.000000
v -0.515059 2.124999 2.000001
v -0.265059 2.124999 2.000000
v -1.374999 2.313263 1.250000
v -1.030121 0.875000 1.999999
v -1.030119 2.124999 2.000000
v -1.375000 0.064703 1.249999
v -1.250000 2.125000 -1.250000
v -1.250000 0.125000 -1.499999
v -1.250000 2.125000 -1.500000
v -1.250000 0.125000 -1.249999
v 1.250001 0.125000 -2.751685
v 0.125001 0.070826 -3.232301
v 0.125000 0.125000 -2.751685
v 1.250000 0.070826 -3.232301
v -1.499999 0.070826 -3.232301
v -1.249999 0.070826 -3.232301
v -1.499999 -0.125000 -3.048636
v -0.124999 0.070826 -3.232301
v 1.500000 -0.125000 -3.048636
v 0.125001 0.070826 -3.232301
v 1.250000 0.070826 -3.232301
v 1.500000 0.070826 -3.232301
v 1.250001 0.125000 -2.751685
v 1.250001 0.324708 -3.270426
v 1.250000 0.070826 -3.232301
v 1.250000 0.670175 -3.229993
v 1.250001 0.875000 -2.787367
v 1.250001 0.897587 -3.139314
v -1.249999 0.324708 -3.270426
v -1.250000 0.125000 -2.751685
v -1.249999 0.070826 -3.232301
v -1.249999 0.670175 -3.229993
v -1.250000 0.875000 -2.787367
v -1.250000 0.897587 -3.139314
v 0.553215 3.621173 6.970006
v 0.553215 3.409413 7.107218
v 0.553215 3.272201 6.895458
v 0.553215 3.483960 6.758246
v 0.553215 3.483960 6.758246
v 0.553215 3.272201 6.895458
v -0.042893 3.272201 6.895458
v -0.042893 3.483960 6.758246
v -0.042893 3.621173 6.970005
v -0.042893 3.409413 7.107218
v 0.553215 3.409413 7.107218
v 0.553215 3.621173 6.970006
v 0.553215 3.409413 7.107218
v -0.042893 3.409413 7.107218
v -0.042893 3.272201 6.895458
v 0.553215 3.272201 6.895458
v -0.042893 3.621173 6.970005
v 0.553215 3.621173 6.970006
v 0.553215 3.483960 6.758246
v -0.042893 3.483960 6.758246
v -0.999999 -0.875000 -2.875000
v -1.249999 -0.750000 -3.250000
v -0.999999 -0.750000 -3.250000
v -1.249999 -0.875000 -2.875000
v 1.249999 -0.750000 1.750000
v 1.249999 -0.625000 1.375000
v 1.249999 -0.500000 1.750000
v 1.249999 -0.875000 1.375001
v -1.250000 -0.875000 1.375000
v -1.000001 -0.750000 1.750000
v -1.250000 -0.750000 1.750000
v -1.000000 -0.875000 1.375000
v -1.249999 -0.625000 -2.875000
v -0.999999 -0.625000 -1.641212
v -0.999999 -0.625000 -2.875000
v -1.249999 -0.625000 -1.641212
v -1.249999 -0.750000 -3.250000
v -1.249999 -0.625000 -2.875000
v -1.249999 -0.500000 -3.250000
v -1.249999 -0.875000 -2.875000
v -0.875000 -0.090908 0.391211
v -1.125000 -0.090908 0.391211
v -1.000000 -0.625000 0.391212
v -1.250000 -0.625000 0.391211
v -1.249999 -0.625000 -1.641212
v -1.124999 -0.090908 -1.391212
v -1.124999 -0.090908 -1.641212
v -1.249999 -0.625000 -1.391212
v -1.249999 -0.625000 -1.391212
v -1.000000 -0.625000 0.141212
v -0.999999 -0.625000 -1.391212
v -1.250000 -0.625000 0.141211
v -1.250000 -0.625000 0.391211
v -1.000000 -0.625000 1.375000
v -1.000000 -0.625000 0.391212
v -1.250000 -0.625000 1.375000
v -1.250000 -0.625000 0.141211
v -1.125000 -0.090908 0.141211
v -1.000000 -0.625000 0.141212
v -0.875000 -0.090908 0.141211
v -0.874999 -0.090908 -1.391212
v -1.124999 -0.090908 -1.391212
v -0.999999 -0.625000 -1.391212
v -1.249999 -0.625000 -1.391212
v -0.999999 -0.625000 -1.641212
v -1.124999 -0.090908 -1.641212
v -0.874999 -0.090908 -1.641212
v -1.249999 -0.625000 -1.641212
v -0.999999 -0.625000 -1.641212
v -0.874999 -0.090908 -1.641212
v -0.999999 -0.625000 -1.391212
v -0.874999 -0.090908 -1.391212
v -1.249999 -0.500000 -3.250000
v -0.999999 -0.750000 -3.250000
v -1.249999 -0.750000 -3.250000
v -0.999999 -0.500000 -3.250000
v -1.000000 -0.625000 0.391212
v -0.875000 -0.090908 0.141211
v -0.875000 -0.090908 0.391211
v -1.000000 -0.625000 0.141212
v -1.250000 -0.625000 0.141211
v -1.125000 -0.090908 0.391211
v -1.125000 -0.090908 0.141211
v -1.250000 -0.625000 0.391211
v -1.250000 -0.625000 0.141211
v -1.250000 -0.875000 1.375000
v -1.249999 -0.625000 -1.391212
v -1.249999 -0.625000 -1.641212
v -1.249999 -0.875000 -2.875000
v -1.249999 -0.625000 -2.875000
v -1.249999 -0.625000 -2.875000
v -0.999999 -0.500000 -3.250000
v -1.249999 -0.500000 -3.250000
v -0.999999 -0.625000 -2.875000
v -1.000001 -0.500000 1.750000
v -1.250000 -0.750000 1.750000
v -1.000001 -0.750000 1.750000
v -1.250000 -0.500000 1.750000
v -1.000000 -0.625000 1.375000
v -1.250000 -0.500000 1.750000
v -1.000001 -0.500000 1.750000
v -1.250000 -0.625000 1.375000
v 1.250001 -0.875000 -2.874999
v 0.999999 -0.875000 1.375000
v 1.000001 -0.875000 -2.874999
v 1.249999 -0.875000 1.375001
v 1.250001 -0.750000 -3.249999
v 1.000001 -0.875000 -2.874999
v 1.000001 -0.750000 -3.249999
v 1.250001 -0.875000 -2.874999
v -0.999999 -0.875000 -2.875000
v -1.250000 -0.875000 1.375000
v -1.249999 -0.875000 -2.875000
v -1.000000 -0.875000 1.375000
v 0.999999 -0.750000 1.750000
v 1.249999 -0.875000 1.375001
v 1.249999 -0.750000 1.750000
v 0.999999 -0.875000 1.375000
v 1.000000 -0.625000 -1.641211
v 1.250001 -0.625000 -2.874999
v 1.000001 -0.625000 -2.874999
v 1.250000 -0.625000 -1.641211
v 1.250000 -0.625000 -1.391211
v 1.250001 -0.875000 -2.874999
v 1.250000 -0.625000 -1.641211
v 1.249999 -0.875000 1.375001
v 1.250000 -0.625000 0.141212
v 1.250000 -0.625000 0.391212
v 1.249999 -0.625000 1.375000
v 1.125000 -0.090908 -1.391211
v 1.250000 -0.625000 -1.641211
v 1.125000 -0.090908 -1.641211
v 1.250000 -0.625000 -1.391211
v 1.000000 -0.625000 0.141212
v 1.250000 -0.625000 -1.391211
v 1.000000 -0.625000 -1.391211
v 1.250000 -0.625000 0.141212
v 0.999999 -0.625000 1.375000
v 1.250000 -0.625000 0.391212
v 1.000000 -0.625000 0.391212
v 1.249999 -0.625000 1.375000
v 1.125000 -0.090908 -1.641211
v 1.000000 -0.625000 -1.641211
v 0.875000 -0.090908 -1.641211
v 1.250000 -0.625000 -1.641211
v 1.000001 -0.750000 -3.249999
v 1.250001 -0.500000 -3.249999
v 1.250001 -0.750000 -3.249999
v 1.000001 -0.500000 -3.249999
v 0.875000 -0.090908 -1.641211
v 1.000000 -0.625000 -1.391211
v 0.875000 -0.090908 -1.391211
v 1.000000 -0.625000 -1.641211
v 1.000000 -0.625000 0.391212
v 1.125000 -0.090908 0.391212
v 0.875000 -0.090908 0.391212
v 1.250000 -0.625000 0.391212
v 0.875000 -0.090908 0.141212
v 1.000000 -0.625000 0.391212
v 0.875000 -0.090908 0.391212
v 1.000000 -0.625000 0.141212
v 1.125000 -0.090908 0.391212
v 1.250000 -0.625000 0.141212
v 1.125000 -0.090908 0.141212
v 1.250000 -0.625000 0.391212
v 1.000000 -0.625000 -1.391211
v 1.125000 -0.090908 -1.391211
v 0.875000 -0.090908 -1.391211
v 1.250000 -0.625000 -1.391211
v 1.125000 -0.090908 0.141212
v 1.000000 -0.625000 0.141212
v 0.875000 -0.090908 0.141212
v 1.250000 -0.625000 0.141212
v 1.000001 -0.500000 -3.249999
v 1.250001 -0.625000 -2.874999
v 1.250001 -0.500000 -3.249999
v 1.000001 -0.625000 -2.874999
v 1.249999 -0.750000 1.750000
v 0.999999 -0.500000 1.750000
v 0.999999 -0.750000 1.750000
v 1.249999 -0.500000 1.750000
v 1.249999 -0.500000 1.750000
v 0.999999 -0.625000 1.375000
v 0.999999 -0.500000 1.750000
v 1.249999 -0.625000 1.375000
v 1.000001 -0.875000 -2.874999
v 1.000001 -0.625000 -2.874999
v 1.000001 -0.750000 -3.249999
v 1.000001 -0.500000 -3.249999
v 1.000001 -0.625000 -2.874999
v 1.000001 -0.875000 -2.874999
v 1.000000 -0.625000 -1.641211
v 1.000000 -0.625000 -1.391211
v 0.999999 -0.875000 1.375000
v 1.000000 -0.625000 0.141212
v 1.000000 -0.625000 0.391212
v -1.000001 -0.750000 1.750000
v -1.000000 -0.625000 1.375000
v -1.000001 -0.500000 1.750000
v -1.000000 -0.875000 1.375000
v 0.000001 2.788130 -0.590647
v -0.302247 2.788130 -0.416144
v -0.302247 3.200361 -0.416145
v 0.000001 3.200361 -0.590647
v -0.302248 2.788130 -0.067139
v 0.000000 2.788130 0.107364
v 0.000000 3.200361 0.107364
v -0.302248 3.200361 -0.067139
v 0.000000 2.788130 0.107364
v 0.302248 2.788130 -0.067138
v 0.302248 3.200361 -0.067139
v 0.000000 3.200361 0.107364
v -0.302247 3.200361 -0.416145
v -0.302248 3.200361 -0.067139
v 0.000000 3.200361 0.107364
v 0.000001 3.200361 -0.590647
v 0.302248 3.200361 -0.067139
v 0.302248 3.200361 -0.416144
v 0.302248 2.788130 -0.416144
v 0.000001 2.788130 -0.590647
v 0.000001 3.200361 -0.590647
v 0.302248 3.200361 -0.416144
v 0.302248 2.788130 -0.067138
v 0.302248 2.788130 -0.416144
v 0.302248 3.200361 -0.416144
v 0.302248 3.200361 -0.067139
v -0.302247 2.788130 -0.416144
v -0.302248 2.788130 -0.067139
v -0.302248 3.200361 -0.067139
v -0.302247 3.200361 -0.416145
vt 0.34506008 0.0871261358
vt 0.30329892 0.128887296
vt 0.34506008 0.128887296
vt 0.30329892 0.0871261358
vt 0.34506008 0.0871261358
vt 0.103888474 0.802817345
vt 0.184319347 0.711121619
vt 0.184319347 0.711121619
vt 0.184319347 0.711121619
vt 0.08639507 0.735675454
vt 0.184319347 0.711121619
vt 0.184319347 0.703758955
vt 0.184319347 0.703758955
vt 0.184319347 0.711121619
vt 0.184319347 0.703758955
vt 0.184319347 0.702838659
vt 0.184319347 0.702838659
vt 0.0655354559 0.651925981
vt 0.0655354559 0.651925981
vt 0.184319347 0.700077653
vt 0.184319347 0.701918304
vt 0.184319347 0.702838659
vt 0.184319347 0.696396351
vt 0.184319347 0.700077653
vt 0.145051926 0.696396351
vt 0.184319347 0.700077653
vt 0.145051926 0.700077653
vt 0.184319347 0.701918304
vt 0.145051926 0.711121619
vt 0.184319347 0.702838659
vt 0.184319347 0.707440257
vt 0.145051926 0.711121619
vt 0.184319347 0.711121619
vt 0.110644937 0.757754862
vt 0.0802406073 0.852414489
vt 0.0947299004 0.760574937
vt 0.0947299004 0.760574937
vt 0.0940004289 0.753338456
vt 0.687370062 0.789106607
vt 0.686142981 0.781744003
vt 0.687370062 0.785425305
vt 0.686142981 0.781744003
vt 0.687370062 0.781744003
vt 0.685529411 0.781744003
vt 0.685529411 0.796469271
vt 0.684915841 0.785425305
vt 0.684915841 0.781744003
vt 0.685529411 0.796469271
vt 0.684915841 0.789106607
vt 0.684915841 0.796469271
vt 0.686142981 0.781744003
vt 0.600490928 0.692508817
vt 0.687370062 0.789106607
vt 0.687370062 0.796469271
vt 0.0730943978 0.652220488
vt 0.0755486488 0.711121619
vt 0.0730943978 0.652220488
vt 0.0755486488 0.652220488
vt 0.0730943978 0.652220488
vt 0.0712537616 0.652220488
vt 0.071867317 0.652220488
vt 0.0712537616 0.652220488
vt 0.071867317 0.652220488
vt 0.0712537616 0.652220488
vt 0.0706402063 0.652220488
vt 0.0706402063 0.652220488
vt 0.0657317936 0.652220488
vt 0.0657317936 0.652220488
vt 0.0657317936 0.652220488
vt 0.0823103264 0.792335689
vt 0.075605996 0.730434656
vt 0.0657317936 0.652220488
vt 0.0689016655 0.668533623
vt 0.0657317936 0.652220488
vt 0.100167334 0.672124982
vt 0.164488226 0.746921897
vt 0.10685882 0.73337543
vt 0.15241459 0.755886436
vt 0.15241459 0.770611703
vt 0.15241459 0.770611703
vt 0.123015076 0.757286012
vt 0.123015076 0.757286012
vt 0.115455702 0.756504476
vt 0.110064745 0.741727889
vt 0.117476881 0.738215446
vt 0.164545834 0.745539069
vt 0.0929968059 0.803048372
vt 0.123986006 0.760115266
vt 0.0802406073 0.852414489
vt 0.103020847 0.804005027
vt 0.136738837 0.832514763
vt 0.123986006 0.760115266
vt 0.113044858 0.804961681
vt 0.102659345 0.734769106
vt 0.102659345 0.734769106
vt 0.102659345 0.749494314
vt 0.102659345 0.749494314
vt 0.102659345 0.749494314
vt 0.102659345 0.764219642
vt 0.102659345 0.764219642
vt 0.102659345 0.793670177
vt 0.102659345 0.764219642
vt 0.102659345 0.793670177
vt 0.0657317936 0.711121619
vt 0.068186 0.652220488
vt 0.0657317936 0.711121619
vt 0.103888474 0.802817345
vt 0.184319347 0.711121619
vt 0.08639507 0.735675454
vt 0.327478975 0.322428167
vt 0.327478975 0.318746835
vt 0.327478975 0.311384201
vt 0.0929968059 0.803048372
vt 0.0802406073 0.852414489
vt 0.110644937 0.757754862
vt 0.0755486488 0.652220488
vt 0.0730943978 0.652220488
vt 0.0755486488 0.711121619
vt 0.0730943978 0.652220488
vt 0.0730944276 0.711121619
vt 0.071867317 0.652220488
vt 0.0657317936 0.711121619
vt 0.0712537616 0.652220488
vt 0.068186 0.652220488
vt 0.0657317936 0.711121619
vt 0.0657317936 0.652220488
vt 0.0954593718 0.767811477
vt 0.0947299004 0.760574937
vt 0.0802406073 0.852414489
vt 0.136738837 0.832514763
vt 0.0929968059 0.803048372
vt 0.113044858 0.804961681
vt 0.123986006 0.760115266
vt 0.0983900428 0.765557706
vt 0.0990918577 0.762221217
vt 0.123986006 0.760115266
vt 0.113044858 0.804961681
vt 0.117476881 0.738215446
vt 0.110064745 0.741727889
vt 0.141967744 0.737223744
vt 0.164545834 0.745539069
vt 0.117476881 0.738215446
vt 0.100167334 0.672124982
vt 0.0939096212 0.767448008
vt 0.170687079 0.779549897
vt 0.0656402111 0.659652293
vt 0.10685882 0.73337543
vt 0.164488226 0.746921897
vt 0.142025352 0.738606691
vt 0.684915841 0.785425305
vt 0.684915841 0.781744003
vt 0.684915841 0.781744003
vt 0.184319347 0.702838659
vt 0.0655354559 0.651925981
vt 0.184319347 0.701918304
vt 0.0655354559 0.651925981
vt 0.0730943978 0.652220488
vt 0.071867317 0.652220488
vt 0.0706402063 0.652220488
vt 0.0657317936 0.652220488
vt 0.0823103264 0.792335689
vt 0.123015076 0.757286012
vt 0.115455702 0.756504476
vt 0.13057445 0.757651389
vt 0.107896328 0.756555259
vt 0.15241459 0.755886436
vt 0.15241459 0.770611703
vt 0.0928424895 0.734769106
vt 0.0903882682 0.734769106
vt 0.0928424895 0.749494314
vt 0.0830256343 0.734769106
vt 0.0830256343 0.793670177
vt 0.0903882682 0.793670177
vt 0.0928424895 0.749494314
vt 0.0928424895 0.764219642
vt 0.0928424895 0.793670177
vt 0.0928424895 0.749494314
vt 0.100167334 0.672124982
vt 0.110064745 0.741727889
vt 0.117476881 0.738215446
vt 0.110644937 0.757754862
vt 0.0940004289 0.753338456
vt 0.123986006 0.760115266
vt 0.08639507 0.735675454
vt 0.184319347 0.711121619
vt 0.184319347 0.703758955
vt 0.085365504 0.770611703
vt 0.085365504 0.770611703
vt 0.085365504 0.741161168
vt 0.085365504 0.7264359
vt 0.085365504 0.7264359
vt 0.085365504 0.711710632
vt 0.15241459 0.741161168
vt 0.15241459 0.711710632
vt 0.15241459 0.711710632
vt 0.0656402111 0.659652293
vt 0.170781255 0.781808317
vt 0.0764744282 0.759684622
vt 0.15241459 0.711710632
vt 0.15241459 0.741161168
vt 0.107896328 0.75572294
vt 0.115455702 0.756504476
vt 0.107896328 0.75572294
vt 0.13057445 0.757651389
vt 0.145051926 0.711121619
vt 0.184319347 0.707440257
vt 0.145051926 0.711121619
vt 0.0823103264 0.792335689
vt 0.0657317936 0.652220488
vt 0.075605996 0.730434656
vt 0.0657317936 0.652220488
vt 0.0689016655 0.668533623
vt 0.684915841 0.796469271
vt 0.684915841 0.796469271
vt 0.684915841 0.789106607
vt 0.166527569 0.720804989
vt 0.166148528 0.71870178
vt 0.166190252 0.720186532
vt 0.168250978 0.717416763
vt 0.167183429 0.716742158
vt 0.167508587 0.717500269
vt 0.168560192 0.716742158
vt 0.167183429 0.716742158
vt 0.177699268 0.711401522
vt 0.177046031 0.714082003
vt 0.177739397 0.712866604
vt 0.166527584 0.718051493
vt 0.166148528 0.71870178
vt 0.166527569 0.720804989
vt 0.177129179 0.710262954
vt 0.177046031 0.714082003
vt 0.177699268 0.711401522
vt 0.601802588 0.755603015
vt 0.651840091 0.705565453
vt 0.601802588 0.705565453
vt 0.651840091 0.755603015
vt 0.601802588 0.705565453
vt 0.651840091 0.705565453
vt 0.601802588 0.755603015
vt 0.651840091 0.705565453
vt 0.651840091 0.755603015
vt 0.601802588 0.705565453
vt 0.651840091 0.705565453
vt 0.601802588 0.705565453
vt 0.651840091 0.755603015
vt 0.651840091 0.705565453
vt 0.651840091 0.705565453
vt 0.601802588 0.755603015
vt 0.651840091 0.755603015
vt 0.601802588 0.755603015
vt 0.651840091 0.705565453
vt 0.601802588 0.705565453
vt 0.651840091 0.705565453
vt 0.601802588 0.705565453
vt 0.651840091 0.755603015
vt 0.651840091 0.755603015
vt 0.601802588 0.705565453
vt 0.651840091 0.705565453
vt 0.601802588 0.705565453
vt 0.651840091 0.755603015
vt 0.651840091 0.705565453
vt 0.601802588 0.705565453
vt 0.651840091 0.705565453
vt 0.601802588 0.755603015
vt 0.651840091 0.755603015
vt 0.601802588 0.705565453
vt 0.651840091 0.705565453
vt 0.601802588 0.755603015
vt 0.651840091 0.705565453
vt 0.651840091 0.705565453
vt 0.601802588 0.755603015
vt 0.651840091 0.755603015
vt 0.601802588 0.705565453
vt 0.651840091 0.755603015
vt 0.601802588 0.705565453
vt 0.601802588 0.705565453
vt 0.651840091 0.705565453
vt 0.601802588 0.705565453
vt 0.601802588 0.705565453
vt 0.601802588 0.705565453
vt 0.651840091 0.755603015
vt 0.651840091 0.705565453
vt 0.30329892 0.0871261358
vt 0.34506008 0.128887296
vt 0.34506008 0.0871261358
vt 0.30329892 0.128887296
vt 0.34506008 0.0871261358
vt 0.30329892 0.128887296
vt 0.34506008 0.128887296
vt 0.30329892 0.0871261358
vt 0.34506008 0.0871261358
vt 0.30329892 0.128887296
vt 0.34506008 0.128887296
vt 0.30329892 0.0871261358
vt 0.34506008 0.0871261358
vt 0.30329892 0.128887296
vt 0.34506008 0.128887296
vt 0.30329892 0.0871261358
vt 0.675365567 0.247965187
vt 0.639382005 0.283948749
vt 0.675365567 0.283948749
vt 0.639382005 0.247965187
vt 0.675365567 0.247965187
vt 0.639382005 0.283948749
vt 0.675365567 0.283948749
vt 0.639382005 0.247965187
vt 0.675365567 0.247965187
vt 0.639382005 0.283948749
vt 0.675365567 0.283948749
vt 0.639382005 0.247965187
vt 0.327478975 0.29606992
vt 0.327478975 0.29606992
vt 0.327478975 0.237168789
vt 0.327478975 0.237168789
vt 0.184319347 0.681671083
vt 0.145051926 0.681671083
vt 0.184319347 0.681671083
vt 0.145051926 0.681671083
vt 0.0903882682 0.734180093
vt 0.0928424895 0.734180093
vt 0.0928424895 0.734180093
vt 0.0903882682 0.734180093
vt 0.0830256343 0.734769106
vt 0.0830256343 0.734180093
vt 0.0830256343 0.734769106
vt 0.0830256343 0.793670177
vt 0.0830256343 0.793670177
vt 0.0934182405 0.780131698
vt 0.0940318108 0.780131698
vt 0.0934182405 0.780131698
vt 0.0940318108 0.780131698
vt 0.165594012 0.718769968
vt 0.165537372 0.716742158
vt 0.165023923 0.7176314
vt 0.166204855 0.71728152
vt 0.166148528 0.71870178
vt 0.166527584 0.718051493
vt 0.180564463 0.720265865
vt 0.181791544 0.749716401
vt 0.181791544 0.720265865
vt 0.180564463 0.749716401
vt 0.10539186 0.711710632
vt 0.10539186 0.7264359
vt 0.144659251 0.711710632
vt 0.144659251 0.7264359
vt 0.180564463 0.764441669
vt 0.181791544 0.779166937
vt 0.181791544 0.764441669
vt 0.180564463 0.779166937
vt 0.0939096212 0.767589152
vt 0.170687079 0.779549897
vt 0.0939096212 0.767448008
vt 0.0656402111 0.659652293
vt 0.639382005 0.283948749
vt 0.675365567 0.283948749
vt 0.639382005 0.283948749
vt 0.675365567 0.283948749
vt 0.151187509 0.770611703
vt 0.151187509 0.755886436
vt 0.151187509 0.770611703
vt 0.151187509 0.755886436
vt 0.327478975 0.237168789
vt 0.327478975 0.29606992
vt 0.327478975 0.237168789
vt 0.327478975 0.29606992
vt 0.151187509 0.711710632
vt 0.151187509 0.711710632
vt 0.151187509 0.741161168
vt 0.151187509 0.741161168
vt 0.639382005 0.283948749
vt 0.639382005 0.283948749
vt 0.675365567 0.283948749
vt 0.675365567 0.283948749
vt 0.10539186 0.7264359
vt 0.10539186 0.741161168
vt 0.10539186 0.7264359
vt 0.10539186 0.741161168
vt 0.162345767 0.723136067
vt 0.162345767 0.734180093
vt 0.162345767 0.734180093
vt 0.162345767 0.723136067
vt 0.162345767 0.719454765
vt 0.162345767 0.719454765
vt 0.0852460265 0.664766073
vt 0.0852460265 0.664766073
vt 0.172125161 0.768726528
vt 0.17089808 0.783451796
vt 0.172125161 0.724550724
vt 0.17089808 0.75400126
vt 0.0852460265 0.664766073
vt 0.0852460265 0.664766073
vt 0.406799108 0.355560005
vt 0.406799108 0.340834737
vt 0.406799108 0.355560005
vt 0.406799108 0.296658933
vt 0.406799108 0.296658933
vt 0.0599060729 0.645159662
vt 0.100167334 0.672124982
vt 0.142025352 0.738606691
vt 0.0746841803 0.780430794
vt 0.675365567 0.283948749
vt 0.675365567 0.283948749
vt 0.639382005 0.283948749
vt 0.639382005 0.283948749
vt 0.10539186 0.741161168
vt 0.144659251 0.770611703
vt 0.144659251 0.741161168
vt 0.10539189 0.770611763
vt 0.105471611 0.723041773
vt 0.0976882577 0.768894196
vt 0.0983900428 0.765557706
vt 0.0869572461 0.68596828
vt 0.675365567 0.283948749
vt 0.639382005 0.247965187
vt 0.639382005 0.283948749
vt 0.675365567 0.247965187
vt 0.686142981 0.781744003
vt 0.687370062 0.785425305
vt 0.687370062 0.781744003
vt 0.687370062 0.789106607
vt 0.686142981 0.796469271
vt 0.687370062 0.796469271
vt 0.685529411 0.796469271
vt 0.685529411 0.781744003
vt 0.684915841 0.785425305
vt 0.684915841 0.781744003
vt 0.684915841 0.789106607
vt 0.684915841 0.796469271
vt 0.0599060729 0.645159662
vt 0.100167334 0.672124982
vt 0.0981340781 0.790929019
vt 0.142025352 0.737223744
vt 0.10539186 0.7264359
vt 0.10539186 0.7264359
vt 0.10539186 0.7264359
vt 0.10539186 0.7264359
vt 0.10539186 0.741161168
vt 0.10539186 0.741161168
vt 0.10539186 0.741161168
vt 0.10539186 0.741161168
vt 0.085365504 0.7264359
vt 0.085365504 0.737479806
vt 0.085365504 0.7264359
vt 0.085365504 0.741161168
vt 0.085365504 0.741161168
vt 0.145051986 0.711710632
vt 0.145051926 0.770611763
vt 0.149960369 0.711710632
vt 0.149960369 0.770611703
vt 0.150573939 0.711710632
vt 0.150573939 0.770611703
vt 0.15241459 0.755886436
vt 0.15241459 0.711710632
vt 0.154868811 0.711710632
vt 0.154868811 0.770611703
vt 0.10539186 0.741161168
vt 0.10539186 0.737479806
vt 0.10539186 0.741161168
vt 0.10539186 0.733798504
vt 0.10539186 0.7264359
vt 0.10539186 0.7264359
vt 0.168882906 0.719915748
vt 0.169331104 0.71871686
vt 0.168275222 0.718528986
vt 0.168969646 0.717302918
vt 0.168250978 0.717416763
vt 0.168560192 0.716742158
vt 0.100167334 0.672124982
vt 0.100167334 0.672124982
vt 0.110064745 0.740345001
vt 0.106801212 0.73337543
vt 0.675365567 0.283948749
vt 0.675365567 0.283948749
vt 0.675365567 0.283948749
vt 0.675365567 0.283948749
vt 0.675365567 0.283948749
vt 0.639382005 0.283948749
vt 0.675365567 0.283948749
vt 0.639382005 0.283948749
vt 0.426432818 0.266619384
vt 0.387165397 0.266619384
vt 0.426432818 0.266619384
vt 0.387165397 0.266619384
vt 0.0764744282 0.759684622
vt 0.170781255 0.781808317
vt 0.0760980844 0.759684622
vt 0.0656402111 0.659652293
vt 0.10539186 0.733798504
vt 0.10539186 0.737479806
vt 0.144659251 0.733798504
vt 0.144659251 0.737479806
vt 0.10539186 0.733798504
vt 0.10539186 0.733798504
vt 0.10539186 0.737479806
vt 0.10539186 0.737479806
vt 0.10539186 0.737479806
vt 0.10539186 0.733798504
vt 0.10539186 0.741161168
vt 0.10539186 0.741161168
vt 0.10539186 0.7264359
vt 0.10539186 0.7264359
vt 0.10539189 0.770611763
vt 0.10539186 0.741161168
vt 0.10539189 0.770611763
vt 0.10539189 0.770611763
vt 0.10539186 0.741161168
vt 0.10539189 0.770611763
vt 0.10539186 0.741161168
vt 0.10539189 0.770611763
vt 0.10539186 0.7264359
vt 0.10539186 0.711710632
vt 0.10539186 0.711710632
vt 0.10539186 0.711710632
vt 0.10539186 0.711710632
vt 0.10539186 0.7264359
vt 0.10539186 0.7264359
vt 0.10539186 0.711710632
vt 0.164685637 0.755886436
vt 0.164685637 0.770611703
vt 0.164685637 0.770611703
vt 0.164685637 0.711710632
vt 0.164685637 0.711710632
vt 0.327478975 0.355560005
vt 0.327478975 0.322428167
vt 0.327478975 0.326109469
vt 0.327478975 0.296658933
vt 0.327478975 0.296658933
vt 0.675365567 0.247965187
vt 0.639382005 0.283948749
vt 0.675365567 0.283948749
vt 0.639382005 0.247965187
vt 0.347505331 0.237168849
vt 0.386772722 0.29606986
vt 0.386772722 0.237168789
vt 0.347505361 0.29606992
vt 0.406799108 0.355560005
vt 0.406799108 0.355560005
vt 0.406799108 0.340834737
vt 0.406799108 0.340834737
vt 0.085365504 0.652220488
vt 0.085365504 0.711121619
vt 0.085365504 0.652220488
vt 0.085365504 0.711121619
vt 0.0940318108 0.794856966
vt 0.0934182405 0.794856966
vt 0.0934182405 0.794856966
vt 0.0940318108 0.794856966
vt 0.179647937 0.711240828
vt 0.180988163 0.712547302
vt 0.180380464 0.7111606
vt 0.179078668 0.712381005
vt 0.0657317936 0.711710632
vt 0.0657317936 0.7264359
vt 0.0657317936 0.711710632
vt 0.0657317936 0.733798504
vt 0.0657317936 0.770611703
vt 0.0657317936 0.737479806
vt 0.0657317936 0.741161168
vt 0.0657317936 0.770611703
vt 0.167542681 0.718609273
vt 0.166528776 0.718722522
vt 0.166973412 0.719749451
vt 0.166798458 0.717387557
vt 0.167508587 0.717500269
vt 0.167183429 0.716742158
vt 0.165540218 0.722346783
vt 0.16563414 0.72023505
vt 0.164940774 0.721450448
vt 0.166247189 0.721623898
vt 0.166190252 0.720186532
vt 0.166527569 0.720804989
vt 0.828960121 0.287087053
vt 0.828960121 0.346283972
vt 0.88815701 0.346283972
vt 0.88815701 0.287087053
vt 0.828960121 0.287087053
vt 0.828960121 0.346283972
vt 0.88815701 0.346283972
vt 0.88815701 0.287087053
vt 0.828960121 0.287087053
vt 0.828960121 0.346283972
vt 0.88815701 0.346283972
vt 0.88815701 0.287087053
vt 0.828960121 0.287087053
vt 0.828960121 0.346283972
vt 0.88815701 0.346283972
vt 0.88815701 0.287087053
vt 0.828960121 0.287087053
vt 0.828960121 0.346283972
vt 0.88815701 0.346283972
vt 0.88815701 0.287087053
vt 0.651840091 0.705565453
vt 0.601802588 0.755603015
vt 0.651840091 0.755603015
vt 0.601802588 0.705565453
vt 0.651840091 0.705565453
vt 0.601802588 0.755603015
vt 0.651840091 0.755603015
vt 0.601802588 0.705565453
vt 0.651840091 0.705565453
vt 0.601802588 0.755603015
vt 0.651840091 0.755603015
vt 0.601802588 0.705565453
vt 0.651840091 0.705565453
vt 0.601802588 0.755603015
vt 0.651840091 0.755603015
vt 0.601802588 0.705565453
vt 0.651840091 0.755603015
vt 0.601802588 0.705565453
vt 0.601802588 0.755603015
vt 0.651840091 0.705565453
vt 0.601802588 0.755603015
vt 0.651840091 0.755603015
vt 0.601802588 0.705565453
vt 0.651840091 0.705565453
vt 0.651840091 0.705565453
vt 0.601802588 0.755603015
vt 0.651840091 0.755603015
vt 0.601802588 0.705565453
vt 0.651840091 0.705565453
vt 0.601802588 0.755603015
vt 0.651840091 0.755603015
vt 0.601802588 0.705565453
vt 0.651840091 0.705565453
vt 0.601802588 0.755603015
vt 0.651840091 0.755603015
vt 0.601802588 0.705565453
vt 0.601802588 0.705565453
vt 0.601802588 0.755603015
vt 0.651840091 0.705565453
vt 0.651840091 0.755603015
vt 0.601802588 0.755603015
vt 0.651840091 0.755603015
vt 0.601802588 0.705565453
vt 0.651840091 0.705565453
vt 0.651840091 0.705565453
vt 0.601802588 0.755603015
vt 0.651840091 0.755603015
vt 0.601802588 0.705565453
vt 0.601802588 0.705565453
vt 0.601802588 0.755603015
vt 0.651840091 0.705565453
vt 0.651840091 0.755603015
vt 0.651840091 0.705565453
vt 0.601802588 0.755603015
vt 0.651840091 0.755603015
vt 0.601802588 0.705565453
vt 0.651840091 0.705565453
vt 0.601802588 0.755603015
vt 0.651840091 0.755603015
vt 0.601802588 0.705565453
vt 0.651840091 0.705565453
vt 0.601802588 0.755603015
vt 0.651840091 0.755603015
vt 0.601802588 0.705565453
vt 0.601802588 0.705565453
vt 0.651840091 0.755603015
vt 0.601802588 0.705565453
vt 0.601802588 0.705565453
vt 0.651840091 0.705565453
vt 0.601802588 0.705565453
vt 0.651840091 0.705565453
vt 0.601802588 0.755603015
vt 0.651840091 0.755603015
vt 0.601802588 0.705565453
vt 0.651840091 0.705565453
vt 0.601802588 0.755603015
vt 0.651840091 0.755603015
vt 0.601802588 0.705565453
vt 0.651840091 0.705565453
vt 0.601802588 0.755603015
vt 0.651840091 0.755603015
vt 0.601802588 0.705565453
vt 0.651840091 0.755603015
vt 0.601802588 0.705565453
vt 0.601802588 0.755603015
vt 0.651840091 0.705565453
vt 0.651840091 0.705565453
vt 0.601802588 0.755603015
vt 0.651840091 0.755603015
vt 0.601802588 0.705565453
vt 0.651840091 0.705565453
vt 0.601802588 0.755603015
vt 0.651840091 0.755603015
vt 0.601802588 0.705565453
vt 0.651840091 0.705565453
vt 0.601802588 0.755603015
vt 0.651840091 0.755603015
vt 0.601802588 0.705565453
vt 0.651840091 0.705565453
vt 0.601802588 0.755603015
vt 0.651840091 0.755603015
vt 0.601802588 0.705565453
vt 0.601802588 0.755603015
vt 0.651840091 0.705565453
vt 0.601802588 0.755603015
vt 0.601802588 0.705565453
vt 0.601802588 0.755603015
vt 0.601802588 0.755603015
vt 0.601802588 0.755603015
vt 0.651840091 0.705565453
vt 0.601802588 0.755603015
vt 0.651840091 0.755603015
vt 0.601802588 0.705565453
vt 0.651840091 0.705565453
vt 0.601802588 0.755603015
vt 0.651840091 0.755603015
vt 0.601802588 0.705565453
vt 0.651840091 0.705565453
vt 0.601802588 0.755603015
vt 0.651840091 0.755603015
vt 0.601802588 0.705565453
vt 0.651840091 0.705565453
vt 0.601802588 0.755603015
vt 0.651840091 0.755603015
vt 0.601802588 0.705565453
vt 0.651840091 0.705565453
vt 0.601802588 0.755603015
vt 0.651840091 0.755603015
vt 0.601802588 0.705565453
vt 0.651840091 0.705565453
vt 0.601802588 0.755603015
vt 0.651840091 0.755603015
vt 0.601802588 0.705565453
vt 0.601802588 0.705565453
vt 0.651840091 0.755603015
vt 0.651840091 0.705565453
vt 0.601802588 0.755603015
vt 0.651840091 0.705565453
vt 0.601802588 0.755603015
vt 0.651840091 0.755603015
vt 0.601802588 0.705565453
vt 0.651840091 0.705565453
vt 0.601802588 0.755603015
vt 0.651840091 0.755603015
vt 0.601802588 0.705565453
vt 0.601802588 0.705565453
vt 0.651840091 0.755603015
vt 0.651840091 0.705565453
vt 0.601802588 0.755603015
vt 0.651840091 0.705565453
vt 0.601802588 0.755603015
vt 0.651840091 0.755603015
vt 0.601802588 0.705565453
vt 0.651840091 0.705565453
vt 0.601802588 0.755603015
vt 0.651840091 0.755603015
vt 0.601802588 0.705565453
vt 0.651840091 0.705565453
vt 0.601802588 0.755603015
vt 0.651840091 0.755603015
vt 0.601802588 0.705565453
vt 0.651840091 0.705565453
vt 0.601802588 0.755603015
vt 0.651840091 0.755603015
vt 0.601802588 0.705565453
vt 0.601802588 0.705565453
vt 0.601802588 0.755603015
vt 0.651840091 0.705565453
vt 0.651840091 0.755603015
vt 0.601802588 0.755603015
vt 0.601802588 0.705565453
vt 0.601802588 0.755603015
vt 0.601802588 0.755603015
vt 0.651840091 0.705565453
vt 0.601802588 0.755603015
vt 0.601802588 0.755603015
vt 0.651840091 0.755603015
vt 0.601802588 0.705565453
vt 0.601802588 0.755603015
vt 0.651840091 0.705565453
vt 0.901331067 0.146167636
vt 0.901331067 0.185137898
vt 0.940301359 0.185137898
vt 0.940301359 0.146167636
vt 0.901331067 0.146167636
vt 0.901331067 0.185137898
vt 0.940301359 0.185137898
vt 0.940301359 0.146167636
vt 0.901331067 0.146167636
vt 0.901331067 0.185137898
vt 0.940301359 0.185137898
vt 0.940301359 0.146167636
vt 0.920816243 0.185137898
vt 0.903941631 0.17539534
vt 0.903941631 0.155910224
vt 0.937690854 0.17539534
vt 0.920816243 0.146167636
vt 0.937690854 0.155910224
vt 0.901331067 0.146167636
vt 0.901331067 0.185137898
vt 0.940301359 0.185137898
vt 0.940301359 0.146167636
vt 0.901331067 0.146167636
vt 0.901331067 0.185137898
vt 0.940301359 0.185137898
vt 0.940301359 0.146167636
vt 0.901331067 0.146167636
vt 0.901331067 0.185137898
vt 0.940301359 0.185137898
vt 0.940301359 0.146167636
vn -0.000000 0.999888 0.014975
vn -0.000000 0.999888 0.014975
vn -0.000000 0.999888 0.014975
vn -0.000000 0.999888 0.014975
vn -0.000000 0.999888 0.014975
vn 1.000000 0.000000 0.000000
vn 1.000000 0.000000 0.000000
vn 1.000000 0.000000 0.000000
vn 1.000000 0.000000 0.000000
vn 1.000000 0.000000 0.000000
vn 1.000000 0.000000 0.000000
vn 1.000000 0.000000 0.000000
vn 1.000000 0.000000 0.000000
vn 1.000000 0.000000 0.000000
vn 1.000000 0.000000 0.000000
vn 1.000000 0.000000 0.000000
vn 1.000000 0.000000 0.000000
vn 1.000000 0.000000 0.000000
vn 0.998488 0.000000 0.054966
vn 0.992330 0.000000 0.123615
vn 1.000000 0.000000 0.000000
vn 1.000000 0.000000 0.000000
vn 0.955903 0.000000 0.293684
vn 0.998488 0.000000 0.054966
vn 0.946129 -0.057768 0.318593
vn 0.993939 0.000000 0.109933
vn 0.998488 0.000000 0.054967
vn 1.000000 0.000000 0.000000
vn 1.000000 0.000000 0.000000
vn 1.000000 0.000000 0.000000
vn 1.000000 0.000000 0.000000
vn 1.000000 0.000000 0.000000
vn 1.000000 0.000000 0.000000
vn -0.068778 0.034269 0.997043
vn -0.007802 -0.160852 0.986948
vn -0.030018 0.015000 0.999437
vn -0.030018 0.015000 0.999437
vn -0.115017 0.023418 0.993087
vn -0.000000 -1.000000 0.000000
vn -0.000000 -1.000000 0.000000
vn -0.000000 -1.000000 0.000000
vn -0.000000 -1.000000 0.000000
vn -0.000000 -1.000000 0.000000
vn -0.000000 -0.992330 0.123615
vn -0.000000 -0.993939 0.109932
vn -0.000000 -0.998244 0.059232
vn -0.000000 -0.995087 0.099008
vn -0.000000 -0.993939 0.109932
vn -0.000000 -0.999982 0.005950
vn -0.000000 -0.995087 0.099008
vn -0.000000 -1.000000 0.000000
vn -0.000000 -1.000000 0.000000
vn -0.000000 -1.000000 0.000000
vn -0.000000 -1.000000 0.000000
vn -0.993939 0.000000 0.109931
vn -0.946130 -0.057768 0.318592
vn -0.992330 0.000000 0.123614
vn -0.955903 0.000000 0.293683
vn -0.998488 0.000000 0.054966
vn -1.000000 -0.000000 -0.000000
vn -1.000000 -0.000000 -0.000000
vn -1.000000 -0.000000 -0.000000
vn -1.000000 -0.000000 -0.000000
vn -1.000000 -0.000000 -0.000000
vn -1.000000 -0.000000 -0.000000
vn -1.000000 -0.000000 -0.000000
vn -1.000000 -0.000000 -0.000000
vn -1.000000 -0.000000 -0.000000
vn -1.000000 -0.000000 -0.000000
vn -1.000000 -0.000000 -0.000000
vn -1.000000 -0.000000 -0.000000
vn -1.000000 -0.000000 -0.000000
vn -1.000000 -0.000000 -0.000000
vn -1.000000 -0.000000 -0.000000
vn -0.000000 -0.986394 0.164399
vn -0.000000 -0.995087 0.099008
vn -0.000000 -0.986394 0.164399
vn 0.000000 -0.000000 -1.000000
vn 0.000000 -0.000000 -1.000000
vn 0.000000 -0.000000 -1.000000
vn 0.000000 -0.000000 -1.000000
vn 0.000000 -0.000000 -1.000000
vn 0.000000 -0.000000 -1.000000
vn -0.000000 -0.986394 0.164399
vn -0.000000 -0.986394 0.164399
vn -0.000000 -0.995087 0.099008
vn -0.000000 0.046025 0.998940
vn 0.007685 -0.059998 0.998169
vn -0.007802 -0.160852 0.986948
vn -0.000000 0.045859 0.998948
vn -0.000000 0.047522 0.998870
vn 0.007685 -0.059998 0.998169
vn 0.068775 0.034269 0.997043
vn -0.594024 -0.612081 0.522007
vn -0.298821 -0.859788 0.414091
vn -0.212366 -0.576721 0.788856
vn -0.095526 -0.612350 0.784794
vn -0.000000 -0.891470 0.453081
vn 0.079232 -0.642228 0.762408
vn -0.000000 -0.891470 0.453081
vn 0.298821 -0.859788 0.414091
vn 0.181085 -0.610405 0.771112
vn 0.594024 -0.612081 0.522008
vn -1.000000 -0.000000 -0.000000
vn -1.000000 -0.000000 -0.000000
vn -1.000000 -0.000000 -0.000000
vn 1.000000 0.000000 0.000000
vn 1.000000 0.000000 0.000000
vn 1.000000 0.000000 0.000000
vn 0.000000 -0.000000 -1.000000
vn 0.000000 -0.000000 -1.000000
vn 0.000000 -0.000000 -1.000000
vn -0.000000 0.046025 0.998940
vn -0.007802 -0.160852 0.986948
vn -0.068778 0.034269 0.997043
vn -0.955903 0.000000 0.293683
vn -0.992330 0.000000 0.123614
vn -0.946130 -0.057768 0.318592
vn -0.993939 0.000000 0.109931
vn -0.998488 0.000000 0.054966
vn -1.000000 -0.000000 -0.000000
vn -1.000000 -0.000000 -0.000000
vn -1.000000 -0.000000 -0.000000
vn -1.000000 -0.000000 -0.000000
vn -1.000000 -0.000000 -0.000000
vn -1.000000 -0.000000 -0.000000
vn -0.000000 -0.276377 0.961049
vn -0.030018 0.015000 0.999437
vn -0.007802 -0.160852 0.986948
vn -0.000000 0.047522 0.998870
vn -0.000000 0.046025 0.998940
vn -0.000000 0.047522 0.998870
vn 0.007685 -0.059998 0.998169
vn 0.030014 0.015000 0.999437
vn -0.000000 -0.366821 0.930292
vn 0.007685 -0.059998 0.998169
vn 0.068775 0.034269 0.997043
vn -0.000000 -0.366821 0.930292
vn -0.000000 -0.531224 0.847232
vn 0.007685 -0.059998 0.998169
vn -0.000000 -0.995087 0.099008
vn -0.000000 -0.986394 0.164399
vn -0.000000 -0.992330 0.123615
vn 0.000000 1.000000 -0.000000
vn 0.000000 1.000000 -0.000000
vn 0.000000 1.000000 -0.000000
vn -0.000000 -0.986394 0.164399
vn -0.000000 -0.995087 0.099008
vn -0.000000 -0.993939 0.109932
vn 0.000000 0.999748 -0.022424
vn 0.000000 1.000000 -0.000000
vn 0.000000 0.998426 -0.056092
vn 1.000000 0.000000 0.000000
vn 1.000000 0.000000 0.000000
vn 1.000000 0.000000 0.000000
vn -0.992330 0.000000 0.123614
vn -0.998488 0.000000 0.054966
vn -1.000000 -0.000000 -0.000000
vn -1.000000 -0.000000 -0.000000
vn -1.000000 -0.000000 -0.000000
vn -1.000000 -0.000000 -0.000000
vn 0.000000 -0.000000 -1.000000
vn 0.000000 -0.000000 -1.000000
vn 0.000000 -0.000000 -1.000000
vn 0.000000 -0.000000 -1.000000
vn 0.000000 -0.000000 -1.000000
vn 0.000000 -0.000000 -1.000000
vn -0.298821 -0.859788 0.414091
vn -0.151857 -0.980815 0.122236
vn -0.000000 -0.891470 0.453081
vn -0.185853 -0.973749 -0.131418
vn 0.185121 -0.980534 -0.065450
vn 0.151719 -0.974683 0.164239
vn -0.000000 -0.891470 0.453081
vn -0.000000 -0.891470 0.453081
vn 0.298821 -0.859788 0.414091
vn -0.000000 -0.891470 0.453081
vn -0.000000 -0.531223 0.847232
vn -0.000000 -0.531224 0.847232
vn -0.000000 -0.366821 0.930292
vn -0.068778 0.034269 0.997043
vn -0.115017 0.023418 0.993087
vn -0.184374 0.046707 0.981746
vn 1.000000 0.000000 0.000000
vn 1.000000 0.000000 0.000000
vn 1.000000 0.000000 0.000000
vn 0.881690 -0.278016 0.381222
vn 0.905117 -0.071945 0.419031
vn 0.605395 -0.495310 0.623028
vn -0.605396 -0.495311 0.623028
vn -0.861444 -0.095098 0.498870
vn -0.881690 -0.278016 0.381221
vn 0.000000 -0.000000 -1.000000
vn 0.000000 -0.000000 -1.000000
vn 0.000000 -0.000000 -1.000000
vn 0.000000 1.000000 -0.000000
vn 0.000000 1.000000 -0.000000
vn 0.000000 1.000000 -0.000000
vn 0.000000 -0.000000 -1.000000
vn 0.000000 -0.000000 -1.000000
vn 0.000000 -0.000000 -1.000000
vn 0.000000 -0.000000 -1.000000
vn 0.000000 -0.000000 -1.000000
vn 0.000000 -0.000000 -1.000000
vn 1.000000 0.000000 0.000000
vn 1.000000 0.000000 0.000000
vn 1.000000 0.000000 0.000000
vn -1.000000 -0.000000 -0.000000
vn -1.000000 -0.000000 -0.000000
vn -1.000000 -0.000000 -0.000000
vn -1.000000 -0.000000 -0.000000
vn -1.000000 -0.000000 -0.000000
vn 0.000000 0.999301 -0.037388
vn 0.000000 1.000000 -0.000000
vn 0.000000 0.998993 -0.044871
vn 0.000000 -0.997947 -0.064047
vn 0.000000 -0.997947 -0.064047
vn 0.000000 -0.997947 -0.064047
vn 0.000000 -0.997947 -0.064047
vn 0.000000 -0.997947 -0.064047
vn 0.000000 -0.997947 -0.064047
vn 0.000000 -0.997947 -0.064047
vn 0.000000 -0.997947 -0.064047
vn 0.000000 0.998993 -0.044871
vn 0.000000 0.993707 -0.112007
vn 0.000000 0.999301 -0.037388
vn 0.000000 -0.997947 -0.064047
vn 0.000000 -0.997947 -0.064047
vn 0.000000 -0.997947 -0.064047
vn 0.000000 0.993707 -0.112007
vn 0.000000 0.993707 -0.112007
vn 0.000000 0.998993 -0.044871
vn 0.993400 0.114699 0.000000
vn 1.000000 0.000000 0.000000
vn 1.000000 0.000000 0.000000
vn 1.000000 0.000000 0.000000
vn 1.000000 0.000000 0.000000
vn 1.000000 0.000000 0.000000
vn -1.000000 -0.000000 -0.000000
vn -1.000000 -0.000000 -0.000000
vn -1.000000 -0.000000 -0.000000
vn -0.998360 0.057254 -0.000000
vn -1.000000 -0.000000 -0.000000
vn 1.000000 0.000000 0.000000
vn 1.000000 0.000000 0.000000
vn 1.000000 0.000000 0.000000
vn -1.000000 -0.000000 -0.000000
vn -1.000000 -0.000000 -0.000000
vn -1.000000 -0.000000 -0.000000
vn -0.993400 -0.114699 -0.000000
vn -1.000000 -0.000000 -0.000000
vn -1.000000 -0.000000 -0.000000
vn -1.000000 -0.000000 -0.000000
vn -0.997076 0.076409 -0.000000
vn -1.000000 -0.000000 -0.000000
vn -1.000000 -0.000000 -0.000000
vn -1.000000 -0.000000 -0.000000
vn -1.000000 -0.000000 -0.000000
vn -1.000000 -0.000000 -0.000000
vn -1.000000 -0.000000 -0.000000
vn -1.000000 -0.000000 -0.000000
vn -1.000000 -0.000000 -0.000000
vn -1.000000 -0.000000 -0.000000
vn -0.995783 -0.091735 -0.000000
vn 1.000000 0.000000 0.000000
vn 0.995783 -0.091735 0.000000
vn 1.000000 0.000000 0.000000
vn 1.000000 0.000000 0.000000
vn 1.000000 0.000000 0.000000
vn 1.000000 0.000000 0.000000
vn 1.000000 0.000000 0.000000
vn 1.000000 0.000000 0.000000
vn 0.995783 -0.091735 0.000000
vn 1.000000 0.000000 0.000000
vn 0.997076 -0.076409 0.000000
vn 0.997076 -0.076409 0.000000
vn 1.000000 0.000000 0.000000
vn 0.993400 -0.114699 0.000000
vn 1.000000 0.000000 0.000000
vn 0.997076 -0.076409 0.000000
vn 1.000000 0.000000 0.000000
vn 1.000000 0.000000 0.000000
vn 0.998066 -0.004898 0.061977
vn 0.998066 -0.004898 0.061977
vn 0.996473 -0.046535 0.069829
vn 0.997864 0.036747 0.054014
vn 0.000000 0.554553 -0.832148
vn 0.000000 0.554553 -0.832148
vn 0.000000 0.554553 -0.832148
vn 0.000000 0.554553 -0.832148
vn -0.998066 -0.004898 0.061976
vn -0.998066 -0.004898 0.061976
vn -0.997864 0.036747 0.054013
vn -0.996473 -0.046535 0.069828
vn -0.000000 0.562494 0.826802
vn -0.000000 0.562494 0.826802
vn -0.000000 0.562494 0.826802
vn -0.000000 0.562494 0.826802
vn 0.000000 0.590686 -0.806901
vn 0.000000 0.590686 -0.806901
vn 0.000000 0.590686 -0.806901
vn 0.000000 0.590686 -0.806901
vn -0.000000 -0.441806 0.897111
vn -0.000000 -0.265846 0.964016
vn -0.000000 -0.073333 0.997308
vn -0.000000 -0.441806 0.897111
vn -0.000000 0.917481 0.397781
vn -0.000000 0.917481 0.397781
vn -0.000000 0.917481 0.397781
vn -0.000000 0.917481 0.397781
vn -0.993830 0.000000 0.110916
vn -0.993830 0.000000 0.110916
vn -0.993830 0.000000 0.110916
vn -0.993830 0.000000 0.110916
vn 0.968428 0.000000 0.249294
vn 0.905117 -0.071945 0.419031
vn 0.955903 0.000000 0.293684
vn 0.946129 -0.057768 0.318593
vn -0.470091 -0.873150 0.128933
vn -0.298821 -0.859788 0.414091
vn -0.594024 -0.612081 0.522007
vn -0.151857 -0.980815 0.122236
vn -0.185853 -0.973749 -0.131418
vn -0.232588 -0.958569 -0.164464
vn -0.096122 -0.837262 -0.538287
vn 0.067913 -0.839499 -0.539100
vn 0.185121 -0.980534 -0.065450
vn -1.000000 -0.000000 -0.000000
vn -1.000000 -0.000000 -0.000000
vn -1.000000 -0.000000 -0.000000
vn -1.000000 -0.000000 -0.000000
vn -1.000000 -0.000000 -0.000000
vn -1.000000 -0.000000 -0.000000
vn -1.000000 -0.000000 -0.000000
vn -1.000000 -0.000000 -0.000000
vn -1.000000 -0.000000 -0.000000
vn -1.000000 -0.000000 -0.000000
vn 0.000000 1.000000 -0.000000
vn 0.000000 1.000000 -0.000000
vn 0.000000 1.000000 -0.000000
vn 0.000000 1.000000 -0.000000
vn 0.000000 -0.016271 -0.999868
vn 0.000000 -0.016271 -0.999868
vn 0.000000 -0.340717 -0.940166
vn 0.000000 -0.526719 -0.850039
vn 0.000000 1.000000 -0.000000
vn 0.000000 1.000000 -0.000000
vn 0.000000 1.000000 -0.000000
vn 0.000000 1.000000 -0.000000
vn 0.000000 1.000000 -0.000000
vn 0.000000 1.000000 -0.000000
vn 0.000000 1.000000 -0.000000
vn 0.000000 0.998426 -0.056092
vn -1.000000 -0.000000 -0.000000
vn -1.000000 -0.000000 -0.000000
vn -1.000000 -0.000000 -0.000000
vn -1.000000 -0.000000 -0.000000
vn -0.000000 0.000000 1.000000
vn -0.000000 0.000000 1.000000
vn -0.000000 0.000000 1.000000
vn -0.000000 0.000000 1.000000
vn -0.000000 0.000000 1.000000
vn -0.000000 0.000000 1.000000
vn -0.000000 0.000000 1.000000
vn -0.000000 -0.175175 0.984537
vn -0.000000 0.000000 1.000000
vn -0.000000 0.000000 1.000000
vn -0.000000 0.000000 1.000000
vn -0.000000 0.000000 1.000000
vn 0.000000 -0.450888 -0.892581
vn 0.000000 -0.450888 -0.892581
vn 0.000000 -0.450888 -0.892581
vn 0.000000 -0.450888 -0.892581
vn 0.000000 1.000000 -0.000000
vn 0.000000 1.000000 -0.000000
vn 0.000000 1.000000 -0.000000
vn 0.000000 1.000000 -0.000000
vn 0.470091 -0.873150 0.128933
vn 0.185121 -0.980534 -0.065450
vn 0.154357 -0.963598 -0.218294
vn 0.151719 -0.974683 0.164239
vn 0.298821 -0.859788 0.414091
vn 0.594024 -0.612081 0.522008
vn -0.000000 -1.000000 0.000000
vn -0.000000 -1.000000 0.000000
vn -0.000000 -1.000000 0.000000
vn -0.000000 -1.000000 0.000000
vn -0.000000 -1.000000 0.000000
vn -0.000000 -1.000000 0.000000
vn -0.000000 -1.000000 0.000000
vn -0.000000 -1.000000 0.000000
vn 0.000000 0.996898 -0.078702
vn -0.000000 0.996509 0.083479
vn 0.000000 0.996898 -0.078702
vn 0.000000 0.996898 -0.078702
vn -0.000000 0.996509 0.083479
vn 0.000000 -0.000000 -1.000000
vn 0.000000 -0.000000 -1.000000
vn 0.000000 -0.000000 -1.000000
vn 0.000000 -0.000000 -1.000000
vn 1.000000 0.000000 0.000000
vn 1.000000 0.000000 0.000000
vn 1.000000 0.000000 0.000000
vn 1.000000 0.000000 0.000000
vn 0.000000 -0.060728 -0.998154
vn 0.000000 -0.340718 -0.940165
vn 0.000000 -0.526720 -0.850039
vn 0.000000 0.028217 -0.999602
vn 0.068775 0.034269 0.997043
vn 0.115014 0.023418 0.993088
vn 0.030014 0.015000 0.999437
vn 0.184374 0.046707 0.981746
vn -1.000000 -0.000000 -0.000000
vn -1.000000 -0.000000 -0.000000
vn -1.000000 -0.000000 -0.000000
vn -1.000000 -0.000000 -0.000000
vn 0.000000 1.000000 -0.000000
vn 0.000000 1.000000 -0.000000
vn 0.000000 1.000000 -0.000000
vn 0.000000 1.000000 -0.000000
vn 0.000000 1.000000 -0.000000
vn 0.000000 1.000000 -0.000000
vn 0.000000 1.000000 -0.000000
vn 0.000000 1.000000 -0.000000
vn 0.000000 0.999748 -0.022424
vn 0.000000 1.000000 -0.000000
vn 0.000000 0.998993 -0.044871
vn 0.000000 1.000000 -0.000000
vn 0.000000 -0.000000 -1.000000
vn 0.000000 -0.000000 -1.000000
vn 0.000000 -0.000000 -1.000000
vn 0.000000 -0.000000 -1.000000
vn 1.000000 0.000000 0.000000
vn 1.000000 0.000000 0.000000
vn 1.000000 0.000000 0.000000
vn 1.000000 0.000000 0.000000
vn -1.000000 -0.000000 -0.000000
vn -1.000000 -0.000000 -0.000000
vn -1.000000 -0.000000 -0.000000
vn -1.000000 -0.000000 -0.000000
vn -0.095526 -0.612350 0.784794
vn -0.000000 -0.344933 0.938627
vn -0.000000 -0.175175 0.984537
vn 0.079232 -0.642228 0.762408
vn -0.000000 -0.344933 0.938627
vn 0.000000 0.766718 -0.641984
vn 0.000000 0.835816 -0.549009
vn 0.000000 0.959831 -0.280578
vn 0.000000 0.976747 -0.214396
vn 0.000000 0.997261 -0.073967
vn 0.000000 0.997261 -0.073967
vn -0.000000 0.999157 0.041054
vn -0.000000 0.999157 0.041054
vn -0.000000 0.986577 0.163299
vn -0.000000 0.981741 0.190223
vn -0.000000 -0.995087 0.099008
vn -0.000000 -0.998244 0.059232
vn 0.000000 -0.995011 -0.099766
vn -0.000000 -0.999982 0.005950
vn 0.000000 -0.995011 -0.099766
vn -0.000000 -0.995087 0.099008
vn 1.000000 0.000000 0.000000
vn 1.000000 0.000000 0.000000
vn 1.000000 0.000000 0.000000
vn 1.000000 0.000000 0.000000
vn 1.000000 0.000000 0.000000
vn 1.000000 0.000000 0.000000
vn -0.000000 -0.531224 0.847231
vn -0.007802 -0.160852 0.986948
vn -0.000000 -0.531224 0.847231
vn -0.000000 -0.276377 0.961049
vn -0.000000 -0.939176 0.343436
vn -0.000000 -0.939176 0.343436
vn -0.000000 -0.939176 0.343436
vn -0.000000 -0.939176 0.343436
vn -0.000000 -0.073333 0.997308
vn -0.000000 0.114876 0.993380
vn -0.000000 0.114876 0.993380
vn -0.000000 -0.265846 0.964016
vn 0.986780 0.000000 0.162064
vn 0.986780 0.000000 0.162064
vn 0.968428 0.000000 0.249294
vn 0.905117 -0.071945 0.419031
vn 0.000000 1.000000 -0.000000
vn 0.000000 1.000000 -0.000000
vn 0.000000 1.000000 -0.000000
vn 0.000000 0.999301 -0.037388
vn 0.000000 -0.016271 -0.999868
vn 0.000000 -0.016271 -0.999868
vn 0.000000 -0.491201 -0.871046
vn 0.000000 -0.526719 -0.850039
vn 0.000000 -0.016271 -0.999868
vn 0.000000 0.245432 -0.969414
vn 0.000000 -0.016271 -0.999868
vn 0.000000 0.245432 -0.969414
vn 0.000000 0.370382 -0.928879
vn 0.000000 0.370382 -0.928879
vn 0.000000 0.393312 -0.919405
vn 0.000000 0.370383 -0.928879
vn 0.000000 0.416042 -0.909345
vn 0.000000 0.370383 -0.928879
vn 0.000000 0.427318 -0.904101
vn 0.000000 0.590949 -0.806709
vn 0.000000 0.287878 -0.957667
vn 0.000000 0.590949 -0.806709
vn 0.000000 0.202511 -0.979280
vn 0.000000 0.028217 -0.999602
vn 0.000000 -0.060728 -0.998154
vn 0.000000 0.766718 -0.641984
vn 0.000000 0.641771 -0.766897
vn 0.000000 0.835816 -0.549009
vn 0.000000 0.555658 -0.831411
vn 0.000000 0.408490 -0.912762
vn 0.000000 0.245432 -0.969414
vn 0.000000 0.245432 -0.969414
vn 0.000000 -0.016271 -0.999868
vn 0.000000 -0.016271 -0.999868
vn -0.000000 0.996509 0.083479
vn -0.000000 0.981741 0.190223
vn -0.000000 0.969910 0.243465
vn -0.000000 0.986577 0.163299
vn -0.000000 0.996509 0.083479
vn -0.000000 -0.983453 0.181162
vn -0.000000 -0.983453 0.181162
vn -0.000000 -0.983453 0.181162
vn -0.000000 -0.983453 0.181162
vn -0.000000 -0.983453 0.181162
vn 1.000000 0.000000 0.000000
vn 1.000000 0.000000 0.000000
vn 1.000000 0.000000 0.000000
vn 1.000000 0.000000 0.000000
vn -0.000000 0.000000 1.000000
vn -0.000000 0.000000 1.000000
vn -0.000000 0.000000 1.000000
vn -0.000000 0.000000 1.000000
vn 0.000000 -0.000000 -1.000000
vn 0.000000 -0.000000 -1.000000
vn 0.000000 -0.000000 -1.000000
vn 0.000000 -0.000000 -1.000000
vn -0.955903 0.000000 0.293683
vn -0.861444 -0.095098 0.498870
vn -0.908545 0.000000 0.417787
vn -0.946130 -0.057768 0.318592
vn 1.000000 0.000000 0.000000
vn 1.000000 0.000000 0.000000
vn 1.000000 0.000000 0.000000
vn 1.000000 0.000000 0.000000
vn 0.000000 0.998426 -0.056092
vn 0.000000 0.993707 -0.112008
vn 0.000000 0.999748 -0.022424
vn 0.000000 0.993707 -0.112007
vn 0.000000 -0.340717 -0.940166
vn 0.000000 -0.526719 -0.850039
vn 0.000000 -0.767769 -0.640727
vn 0.000000 -0.491201 -0.871046
vn 0.000000 -0.793815 -0.608160
vn 0.000000 -0.526719 -0.850039
vn 0.000000 -0.526720 -0.850039
vn 0.000000 -0.340718 -0.940165
vn -1.000000 -0.000000 -0.000000
vn -1.000000 -0.000000 -0.000000
vn -1.000000 -0.000000 -0.000000
vn -1.000000 -0.000000 -0.000000
vn -1.000000 -0.000000 -0.000000
vn -1.000000 -0.000000 -0.000000
vn 1.000000 0.000000 0.000000
vn 1.000000 0.000000 0.000000
vn 1.000000 0.000000 0.000000
vn 1.000000 0.000000 0.000000
vn 1.000000 0.000000 0.000000
vn 1.000000 0.000000 0.000000
vn 1.000000 0.000000 0.000000
vn 1.000000 0.000000 0.000000
vn 1.000000 0.000000 0.000000
vn 1.000000 0.000000 0.000000
vn 0.000000 -0.543786 -0.839224
vn 0.000000 -0.543786 -0.839224
vn 0.000000 -0.543786 -0.839224
vn 0.000000 -0.543786 -0.839224
vn -0.000000 0.543787 0.839223
vn -0.000000 0.543787 0.839223
vn -0.000000 0.543787 0.839223
vn -0.000000 0.543787 0.839223
vn -0.000000 -0.839224 0.543787
vn -0.000000 -0.839224 0.543787
vn -0.000000 -0.839224 0.543787
vn -0.000000 -0.839224 0.543787
vn 0.000000 0.839224 -0.543786
vn 0.000000 0.839224 -0.543786
vn 0.000000 0.839224 -0.543786
vn 0.000000 0.839224 -0.543786
vn 0.000000 -0.987087 -0.160182
vn 0.000000 -0.948683 -0.316228
vn 0.000000 -0.948683 -0.316228
vn 0.000000 -0.987087 -0.160182
vn 1.000000 0.000000 0.000000
vn 1.000000 0.000000 0.000000
vn 1.000000 0.000000 0.000000
vn 1.000000 0.000000 0.000000
vn -0.000000 -0.987087 0.160182
vn -0.000000 -0.948683 0.316228
vn -0.000000 -0.948683 0.316228
vn -0.000000 -0.987087 0.160182
vn -0.000000 0.987087 0.160182
vn 0.000000 1.000000 -0.000000
vn -0.000000 0.987087 0.160182
vn 0.000000 1.000000 -0.000000
vn -1.000000 -0.000000 -0.000000
vn -1.000000 -0.000000 -0.000000
vn -1.000000 -0.000000 -0.000000
vn -1.000000 -0.000000 -0.000000
vn -0.000000 0.000000 1.000000
vn -0.000000 0.000000 1.000000
vn -0.000000 0.000000 1.000000
vn -0.000000 0.000000 1.000000
vn -0.993400 0.114699 -0.000000
vn -0.973688 0.227884 -0.000000
vn -0.973688 0.227884 -0.000000
vn -0.998360 0.057254 -0.000000
vn 0.000000 1.000000 -0.000000
vn 0.000000 1.000000 -0.000000
vn 0.000000 1.000000 -0.000000
vn 0.000000 1.000000 -0.000000
vn 0.000000 1.000000 -0.000000
vn 0.000000 0.987087 -0.160182
vn 0.000000 1.000000 -0.000000
vn 0.000000 0.987087 -0.160182
vn 0.000000 -0.000000 -1.000000
vn 0.000000 -0.000000 -1.000000
vn 0.000000 -0.000000 -1.000000
vn 0.000000 -0.000000 -1.000000
vn -0.000000 0.000000 1.000000
vn -0.000000 0.000000 1.000000
vn -0.000000 0.000000 1.000000
vn -0.000000 0.000000 1.000000
vn 0.000000 -0.000000 -1.000000
vn 0.000000 -0.000000 -1.000000
vn 0.000000 -0.000000 -1.000000
vn 0.000000 -0.000000 -1.000000
vn 0.997076 -0.076409 0.000000
vn 0.973688 -0.227884 0.000000
vn 0.995783 -0.091735 0.000000
vn 0.973688 -0.227884 0.000000
vn 0.000000 -0.000000 -1.000000
vn 0.000000 -0.000000 -1.000000
vn 0.000000 -0.000000 -1.000000
vn 0.000000 -0.000000 -1.000000
vn 0.993400 -0.114699 0.000000
vn 0.973688 -0.227884 0.000000
vn 0.973688 -0.227884 0.000000
vn 0.997076 -0.076409 0.000000
vn -0.993400 0.114699 -0.000000
vn -0.973688 0.227884 -0.000000
vn -0.973688 0.227884 -0.000000
vn -0.997076 0.076409 -0.000000
vn -0.993400 0.114699 -0.000000
vn -1.000000 -0.000000 -0.000000
vn -0.998360 0.057254 -0.000000
vn -0.993400 0.114699 -0.000000
vn -1.000000 -0.000000 -0.000000
vn -1.000000 -0.000000 -0.000000
vn -0.000000 0.987087 0.160182
vn -0.000000 0.948683 0.316228
vn -0.000000 0.948683 0.316228
vn -0.000000 0.987087 0.160182
vn -0.000000 0.000000 1.000000
vn -0.000000 0.000000 1.000000
vn -0.000000 0.000000 1.000000
vn -0.000000 0.000000 1.000000
vn 0.000000 0.987087 -0.160182
vn 0.000000 0.948683 -0.316228
vn 0.000000 0.948683 -0.316228
vn 0.000000 0.987087 -0.160182
vn 0.000000 -0.994298 -0.106632
vn -0.000000 -0.994298 0.106632
vn 0.000000 -0.976995 -0.213264
vn -0.000000 -0.976994 0.213265
vn 0.000000 -0.948683 -0.316228
vn 0.000000 -0.976995 -0.213264
vn 0.000000 -0.948683 -0.316228
vn 0.000000 -0.994298 -0.106632
vn 0.000000 -0.987087 -0.160182
vn -0.000000 -0.987087 0.160182
vn 0.000000 -0.987087 -0.160182
vn -0.000000 -0.987087 0.160182
vn -0.000000 -0.948683 0.316228
vn -0.000000 -0.976994 0.213265
vn -0.000000 -0.948683 0.316228
vn -0.000000 -0.994298 0.106632
vn 0.000000 1.000000 -0.000000
vn -0.000000 0.987087 0.160182
vn -0.000000 0.987087 0.160182
vn 0.000000 1.000000 -0.000000
vn 0.998360 0.057254 0.000000
vn 1.000000 0.000000 0.000000
vn 0.993400 0.114699 0.000000
vn 1.000000 0.000000 0.000000
vn 0.993400 0.114699 0.000000
vn 0.997076 0.076409 0.000000
vn 1.000000 0.000000 0.000000
vn 0.973688 0.227884 0.000000
vn 0.993400 0.114699 0.000000
vn 0.973688 0.227884 0.000000
vn 0.998360 0.057254 0.000000
vn 0.000000 1.000000 -0.000000
vn 0.000000 1.000000 -0.000000
vn 0.000000 1.000000 -0.000000
vn 0.000000 1.000000 -0.000000
vn 0.000000 0.987087 -0.160182
vn 0.000000 1.000000 -0.000000
vn 0.000000 1.000000 -0.000000
vn 0.000000 0.987087 -0.160182
vn 0.000000 -0.000000 -1.000000
vn 0.000000 -0.000000 -1.000000
vn 0.000000 -0.000000 -1.000000
vn 0.000000 -0.000000 -1.000000
vn 0.000000 -0.000000 -1.000000
vn 0.000000 -0.000000 -1.000000
vn 0.000000 -0.000000 -1.000000
vn 0.000000 -0.000000 -1.000000
vn -0.973688 -0.227884 -0.000000
vn -0.995783 -0.091735 -0.000000
vn -0.973688 -0.227884 -0.000000
vn -0.997076 -0.076409 -0.000000
vn -0.000000 0.000000 1.000000
vn -0.000000 0.000000 1.000000
vn -0.000000 0.000000 1.000000
vn -0.000000 0.000000 1.000000
vn -0.973688 -0.227884 -0.000000
vn -0.993400 -0.114699 -0.000000
vn -0.973688 -0.227884 -0.000000
vn -0.997076 -0.076409 -0.000000
vn 0.973688 0.227884 0.000000
vn 0.993400 0.114699 0.000000
vn 0.973688 0.227884 0.000000
vn 0.997076 0.076409 0.000000
vn -0.000000 0.000000 1.000000
vn -0.000000 0.000000 1.000000
vn -0.000000 0.000000 1.000000
vn -0.000000 0.000000 1.000000
vn 0.000000 -0.000000 -1.000000
vn 0.000000 -0.000000 -1.000000
vn 0.000000 -0.000000 -1.000000
vn 0.000000 -0.000000 -1.000000
vn -0.000000 0.948683 0.316228
vn -0.000000 0.987087 0.160182
vn -0.000000 0.948683 0.316228
vn -0.000000 0.987087 0.160182
vn -0.000000 0.000000 1.000000
vn -0.000000 0.000000 1.000000
vn -0.000000 0.000000 1.000000
vn -0.000000 0.000000 1.000000
vn 0.000000 0.948683 -0.316228
vn 0.000000 0.987087 -0.160182
vn 0.000000 0.948683 -0.316228
vn 0.000000 0.987087 -0.160182
vn -1.000000 -0.000000 -0.000000
vn -1.000000 -0.000000 -0.000000
vn -1.000000 -0.000000 -0.000000
vn -1.000000 -0.000000 -0.000000
vn -1.000000 -0.000000 -0.000000
vn -1.000000 -0.000000 -0.000000
vn -0.997076 -0.076409 -0.000000
vn -0.995783 -0.091735 -0.000000
vn -1.000000 -0.000000 -0.000000
vn -0.997076 -0.076409 -0.000000
vn -0.993400 -0.114699 -0.000000
vn 1.000000 0.000000 0.000000
vn 1.000000 0.000000 0.000000
vn 1.000000 0.000000 0.000000
vn 1.000000 0.000000 0.000000
vn -0.499999 -0.000000 -0.866026
vn -0.499999 -0.000000 -0.866026
vn -0.499999 -0.000000 -0.866026
vn -0.499999 -0.000000 -0.866026
vn -0.500000 0.000000 0.866025
vn -0.500000 0.000000 0.866025
vn -0.500000 0.000000 0.866025
vn -0.500000 0.000000 0.866025
vn 0.499999 0.000000 0.866026
vn 0.499999 0.000000 0.866026
vn 0.499999 0.000000 0.866026
vn 0.499999 0.000000 0.866026
vn 0.000000 1.000000 -0.000000
vn 0.000000 1.000000 -0.000000
vn 0.000000 1.000000 -0.000000
vn 0.000000 1.000000 -0.000000
vn 0.000000 1.000000 -0.000000
vn 0.000000 1.000000 -0.000000
vn 0.500001 -0.000000 -0.866025
vn 0.500001 -0.000000 -0.866025
vn 0.500001 -0.000000 -0.866025
vn 0.500001 -0.000000 -0.866025
vn 1.000000 0.000000 0.000000
vn 1.000000 0.000000 0.000000
vn 1.000000 0.000000 0.000000
vn 1.000000 0.000000 0.000000
vn -1.000000 -0.000000 -0.000000
vn -1.000000 -0.000000 -0.000000
vn -1.000000 -0.000000 -0.000000
vn -1.000000 -0.000000 -0.000000
f 1/1/1 2/2/2 3/3/3
f 4/4/4 2/2/2 5/5/5
f 6/6/6 7/7/7 8/8/8
f 8/8/8 9/9/9 10/10/10
f 9/9/9 11/11/11 12/12/12
f 11/11/11 13/13/13 12/12/12
f 14/14/14 13/13/13 11/11/11
f 13/13/13 14/14/14 15/15/15
f 13/13/13 15/15/15 16/16/16
f 17/17/17 16/16/16 15/15/15
f 16/16/16 17/17/17 18/18/18
f 18/18/18 17/17/17 19/19/19
f 18/18/18 19/19/19 20/20/20
f 16/16/16 21/21/21 22/22/22
f 23/23/23 20/20/20 24/24/24
f 23/23/23 25/25/25 20/20/20
f 20/20/20 25/25/25 26/26/26
f 27/27/27 26/26/26 25/25/25
f 27/27/27 28/28/28 26/26/26
f 29/29/29 28/28/28 27/27/27
f 28/28/28 29/29/29 30/30/30
f 30/30/30 29/29/29 31/31/31
f 31/31/31 32/32/32 33/33/33
f 34/34/34 35/35/35 36/36/36
f 37/37/37 38/38/38 34/34/34
f 39/39/39 40/40/40 41/41/41
f 41/41/41 42/42/42 43/43/43
f 44/44/44 42/42/42 45/45/45
f 46/46/46 44/44/44 45/45/45
f 44/44/44 46/46/46 47/47/47
f 46/46/46 48/48/48 49/49/49
f 50/50/50 49/49/49 45/45/45
f 51/51/51 52/52/52 45/45/45
f 53/53/53 52/52/52 51/51/51
f 52/52/52 53/53/53 54/54/54
f 55/55/55 56/56/56 57/57/57
f 57/57/57 58/58/58 59/59/59
f 59/59/59 60/60/60 61/61/61
f 60/60/60 62/62/62 61/61/61
f 61/61/61 62/62/62 63/63/63
f 63/63/63 62/62/62 64/64/64
f 60/60/60 65/65/65 62/62/62
f 65/65/65 66/66/66 62/62/62
f 67/67/67 66/66/66 65/65/65
f 66/66/66 67/67/67 68/68/68
f 69/69/69 70/70/70 68/68/68
f 71/71/71 69/69/69 72/72/72
f 73/73/73 72/72/72 74/74/74
f 75/75/75 76/76/76 77/77/77
f 78/78/78 79/79/79 80/80/80
f 81/81/81 82/82/82 78/78/78
f 83/83/83 82/82/82 81/81/81
f 84/84/84 85/85/85 86/86/86
f 87/87/87 88/88/88 89/89/89
f 90/90/90 87/87/87 91/91/91
f 87/87/87 90/90/90 92/92/92
f 93/93/93 92/92/92 90/90/90
f 94/94/94 95/95/95 96/96/96
f 97/97/97 95/95/95 98/98/98
f 97/97/97 98/98/98 99/99/99
f 99/99/99 98/98/98 100/100/100
f 100/100/100 101/101/101 99/99/99
f 102/102/102 101/101/101 103/103/103
f 104/104/104 105/105/105 106/106/106
f 107/107/107 108/108/108 109/109/109
f 110/110/110 111/111/111 112/112/112
f 113/113/113 114/114/114 115/115/115
f 116/116/116 117/117/117 118/118/118
f 118/118/118 119/119/119 120/120/120
f 121/121/121 120/120/120 119/119/119
f 120/120/120 121/121/121 122/122/122
f 123/123/123 122/122/122 121/121/121
f 124/124/124 122/122/122 123/123/123
f 125/125/125 124/124/124 126/126/126
f 127/127/127 128/128/128 129/129/129
f 130/130/130 131/131/131 132/132/132
f 133/133/133 134/134/134 135/135/135
f 134/134/134 136/136/136 137/137/137
f 138/138/138 139/139/139 140/140/140
f 141/141/141 142/142/142 143/143/143
f 144/144/144 145/145/145 146/146/146
f 147/147/147 148/148/148 149/149/149
f 150/150/150 151/151/151 152/152/152
f 153/153/153 154/154/154 155/155/155
f 156/156/156 157/157/157 158/158/158
f 159/159/159 160/160/160 161/161/161
f 162/162/162 163/163/163 164/164/164
f 165/165/165 166/166/166 162/162/162
f 167/167/167 166/166/166 165/165/165
f 168/168/168 169/169/169 170/170/170
f 171/171/171 172/172/172 169/169/169
f 169/169/169 172/172/172 173/173/173
f 173/173/173 174/174/174 169/169/169
f 175/175/175 173/173/173 176/176/176
f 175/175/175 177/177/177 173/173/173
f 178/178/178 179/179/179 180/180/180
f 181/181/181 182/182/182 183/183/183
f 184/184/184 185/185/185 186/186/186
f 187/187/187 188/188/188 189/189/189
f 190/190/190 191/191/191 192/192/192
f 193/193/193 194/194/194 195/195/195
f 196/196/196 197/197/197 198/198/198
f 199/199/199 200/200/200 201/201/201
f 200/200/200 202/202/202 203/203/203
f 204/204/204 202/202/202 200/200/200
f 205/205/205 206/206/206 207/207/207
f 208/208/208 209/209/209 210/210/210
f 210/210/210 211/211/211 212/212/212
f 213/213/213 214/214/214 215/215/215
f 216/216/216 217/217/217 218/218/218
f 219/219/219 220/220/220 221/221/221
f 222/222/222 223/223/223 219/219/219
f 224/224/224 225/225/225 226/226/226
f 227/227/227 228/228/228 229/229/229
f 230/230/230 231/231/231 232/232/232
f 233/233/233 234/234/234 235/235/235
f 236/236/236 237/237/237 238/238/238
f 239/239/239 240/240/240 241/241/241
f 242/242/242 243/243/243 241/241/241
f 244/244/244 245/245/245 246/246/246
f 247/247/247 248/248/248 249/249/249
f 250/250/250 251/251/251 252/252/252
f 253/253/253 254/254/254 255/255/255
f 256/256/256 257/257/257 258/258/258
f 259/259/259 260/260/260 261/261/261
f 262/262/262 263/263/263 264/264/264
f 265/265/265 266/266/266 267/267/267
f 268/268/268 269/269/269 265/265/265
f 270/270/270 271/271/271 272/272/272
f 273/273/273 274/274/274 275/275/275
f 276/276/276 277/277/277 273/273/273
f 278/278/278 277/277/277 276/276/276
f 279/279/279 277/277/277 278/278/278
f 280/280/280 281/281/281 282/282/282
f 283/283/283 284/284/284 285/285/285
f 286/286/286 284/284/284 283/283/283
f 287/287/287 288/288/288 289/289/289
f 290/290/290 288/288/288 287/287/287
f 291/291/291 292/292/292 293/293/293
f 294/294/294 292/292/292 291/291/291
f 295/295/295 296/296/296 297/297/297
f 298/298/298 296/296/296 295/295/295
f 299/299/299 300/300/300 301/301/301
f 302/302/302 300/300/300 299/299/299
f 303/303/303 304/304/304 305/305/305
f 306/306/306 304/304/304 303/303/303
f 307/307/307 308/308/308 309/309/309
f 310/310/310 308/308/308 307/307/307
f 311/311/311 312/312/312 313/313/313
f 313/313/313 312/312/312 314/314/314
f 315/315/315 316/316/316 317/317/317
f 317/317/317 316/316/316 318/318/318
f 319/319/319 320/320/320 321/321/321
f 322/322/322 320/320/320 319/319/319
f 319/319/319 323/323/323 322/322/322
f 324/324/324 323/323/323 319/319/319
f 325/325/325 326/326/326 323/323/323
f 323/323/323 326/326/326 327/327/327
f 328/328/328 329/329/329 330/330/330
f 331/331/331 329/329/329 328/328/328
f 332/332/332 333/333/333 334/334/334
f 333/333/333 332/332/332 335/335/335
f 336/336/336 335/335/335 332/332/332
f 337/337/337 335/335/335 336/336/336
f 338/338/338 339/339/339 340/340/340
f 341/341/341 339/339/339 338/338/338
f 342/342/342 343/343/343 344/344/344
f 344/344/344 343/343/343 345/345/345
f 346/346/346 347/347/347 348/348/348
f 349/349/349 347/347/347 346/346/346
f 350/350/350 351/351/351 352/352/352
f 351/351/351 350/350/350 353/353/353
f 354/354/354 355/355/355 356/356/356
f 355/355/355 354/354/354 357/357/357
f 358/358/358 359/359/359 360/360/360
f 361/361/361 359/359/359 358/358/358
f 362/362/362 363/363/363 364/364/364
f 365/365/365 363/363/363 362/362/362
f 366/366/366 367/367/367 368/368/368
f 368/368/368 367/367/367 369/369/369
f 370/370/370 371/371/371 372/372/372
f 372/372/372 371/371/371 373/373/373
f 374/374/374 375/375/375 376/376/376
f 376/376/376 375/375/375 377/377/377
f 378/378/378 379/379/379 380/380/380
f 381/381/381 379/379/379 378/378/378
f 378/378/378 382/382/382 381/381/381
f 383/383/383 382/382/382 378/378/378
f 384/384/384 385/385/385 386/386/386
f 387/387/387 385/385/385 384/384/384
f 388/388/388 389/389/389 390/390/390
f 391/391/391 389/389/389 388/388/388
f 392/392/392 393/393/393 394/394/394
f 395/395/395 393/393/393 392/392/392
f 393/393/393 395/395/395 396/396/396
f 397/397/397 398/398/398 399/399/399
f 400/400/400 398/398/398 397/397/397
f 401/401/401 402/402/402 403/403/403
f 401/401/401 403/403/403 404/404/404
f 405/405/405 406/406/406 407/407/407
f 408/408/408 406/406/406 405/405/405
f 409/409/409 410/410/410 411/411/411
f 412/412/412 410/410/410 409/409/409
f 413/413/413 414/414/414 415/415/415
f 414/414/414 413/413/413 416/416/416
f 417/417/417 418/418/418 419/419/419
f 417/417/417 420/420/420 418/418/418
f 420/420/420 417/417/417 421/421/421
f 420/420/420 421/421/421 422/422/422
f 417/417/417 423/423/423 421/421/421
f 424/424/424 423/423/423 417/417/417
f 425/425/425 423/423/423 424/424/424
f 426/426/426 425/425/425 424/424/424
f 423/423/423 425/425/425 427/427/427
f 428/428/428 423/423/423 427/427/427
f 429/429/429 430/430/430 431/431/431
f 432/432/432 430/430/430 429/429/429
f 433/433/433 434/434/434 435/435/435
f 436/436/436 434/434/434 433/433/433
f 437/437/437 438/438/438 439/439/439
f 440/440/440 438/438/438 437/437/437
f 441/441/441 442/442/442 443/443/443
f 441/441/441 444/444/444 442/442/442
f 445/445/445 442/442/442 444/444/444
f 446/446/446 447/447/447 448/448/448
f 448/448/448 447/447/447 449/449/449
f 448/448/448 449/449/449 450/450/450
f 450/450/450 449/449/449 451/451/451
f 452/452/452 450/450/450 451/451/451
f 450/450/450 452/452/452 453/453/453
f 453/453/453 452/452/452 454/454/454
f 454/454/454 452/452/452 455/455/455
f 456/456/456 457/457/457 458/458/458
f 459/459/459 458/458/458 457/457/457
f 460/460/460 458/458/458 459/459/459
f 460/460/460 459/459/459 461/461/461
f 462/462/462 463/463/463 464/464/464
f 465/465/465 464/464/464 463/463/463
f 465/465/465 466/466/466 464/464/464
f 466/466/466 465/465/465 467/467/467
f 468/468/468 469/469/469 470/470/470
f 471/471/471 469/469/469 468/468/468
f 472/472/472 473/473/473 474/474/474
f 475/475/475 473/473/473 472/472/472
f 476/476/476 477/477/477 478/478/478
f 479/479/479 477/477/477 476/476/476
f 480/480/480 481/481/481 482/482/482
f 482/482/482 481/481/481 483/483/483
f 484/484/484 485/485/485 486/486/486
f 487/487/487 486/486/486 485/485/485
f 488/488/488 489/489/489 490/490/490
f 490/490/490 489/489/489 491/491/491
f 492/492/492 493/493/493 494/494/494
f 494/494/494 493/493/493 495/495/495
f 493/493/493 496/496/496 495/495/495
f 497/497/497 496/496/496 493/493/493
f 498/498/498 496/496/496 497/497/497
f 496/496/496 498/498/498 499/499/499
f 498/498/498 497/497/497 500/500/500
f 500/500/500 497/497/497 501/501/501
f 499/499/499 498/498/498 502/502/502
f 498/498/498 503/503/503 502/502/502
f 504/504/504 499/499/499 502/502/502
f 502/502/502 503/503/503 505/505/505
f 499/499/499 504/504/504 506/506/506
f 507/507/507 506/506/506 504/504/504
f 508/508/508 506/506/506 507/507/507
f 505/505/505 503/503/503 509/509/509
f 510/510/510 509/509/509 503/503/503
f 509/509/509 510/510/510 511/511/511
f 511/511/511 510/510/510 512/512/512
f 500/500/500 512/512/512 510/510/510
f 513/513/513 512/512/512 500/500/500
f 513/513/513 500/500/500 501/501/501
f 513/513/513 501/501/501 514/514/514
f 514/514/514 501/501/501 515/515/515
f 516/516/516 514/514/514 515/515/515
f 517/517/517 514/514/514 516/516/516
f 518/518/518 519/519/519 520/520/520
f 519/519/519 518/518/518 521/521/521
f 522/522/522 521/521/521 518/518/518
f 523/523/523 524/524/524 525/525/525
f 526/526/526 524/524/524 523/523/523
f 524/524/524 526/526/526 527/527/527
f 528/528/528 529/529/529 530/530/530
f 529/529/529 528/528/528 531/531/531
f 532/532/532 533/533/533 534/534/534
f 535/535/535 533/533/533 532/532/532
f 536/536/536 537/537/537 538/538/538
f 538/538/538 537/537/537 539/539/539
f 537/537/537 538/538/538 539/539/539
f 540/540/540 541/541/541 542/542/542
f 543/543/543 541/541/541 540/540/540
f 544/544/544 545/545/545 546/546/546
f 547/547/547 545/545/545 544/544/544
f 548/548/548 549/549/549 550/550/550
f 551/551/551 549/549/549 548/548/548
f 552/552/552 553/553/553 554/554/554
f 555/555/555 554/554/554 553/553/553
f 555/555/555 556/556/556 554/554/554
f 556/556/556 555/555/555 557/557/557
f 556/556/556 557/557/557 558/558/558
f 556/556/556 558/558/558 559/559/559
f 560/560/560 561/561/561 562/562/562
f 561/561/561 560/560/560 563/563/563
f 563/563/563 560/560/560 564/564/564
f 565/565/565 563/563/563 564/564/564
f 566/566/566 567/567/567 568/568/568
f 567/567/567 566/566/566 569/569/569
f 567/567/567 569/569/569 570/570/570
f 571/571/571 570/570/570 569/569/569
f 572/572/572 573/573/573 574/574/574
f 572/572/572 574/574/574 575/575/575
f 576/576/576 577/577/577 578/578/578
f 576/576/576 578/578/578 579/579/579
f 580/580/580 581/581/581 582/582/582
f 580/580/580 582/582/582 583/583/583
f 584/584/584 585/585/585 586/586/586
f 584/584/584 586/586/586 587/587/587
f 588/588/588 589/589/589 590/590/590
f 588/588/588 590/590/590 591/591/591
f 592/592/592 593/593/593 594/594/594
f 595/595/595 593/593/593 592/592/592
f 596/596/596 597/597/597 598/598/598
f 599/599/599 597/597/597 596/596/596
f 600/600/600 601/601/601 602/602/602
f 603/603/603 601/601/601 600/600/600
f 604/604/604 605/605/605 606/606/606
f 607/607/607 605/605/605 604/604/604
f 608/608/608 609/609/609 610/610/610
f 611/611/611 609/609/609 608/608/608
f 612/612/612 613/613/613 614/614/614
f 614/614/614 613/613/613 615/615/615
f 616/616/616 617/617/617 618/618/618
f 619/619/619 617/617/617 616/616/616
f 620/620/620 621/621/621 622/622/622
f 623/623/623 621/621/621 620/620/620
f 624/624/624 625/625/625 626/626/626
f 627/627/627 625/625/625 624/624/624
f 628/628/628 629/629/629 630/630/630
f 630/630/630 629/629/629 631/631/631
f 632/632/632 633/633/633 634/634/634
f 634/634/634 633/633/633 635/635/635
f 636/636/636 637/637/637 638/638/638
f 639/639/639 637/637/637 636/636/636
f 640/640/640 641/641/641 642/642/642
f 642/642/642 641/641/641 643/643/643
f 644/644/644 645/645/645 646/646/646
f 647/647/647 645/645/645 644/644/644
f 648/648/648 649/649/649 650/650/650
f 651/651/651 649/649/649 648/648/648
f 652/652/652 653/653/653 654/654/654
f 655/655/655 653/653/653 652/652/652
f 656/656/656 657/657/657 655/655/655
f 657/657/657 656/656/656 658/658/658
f 659/659/659 660/660/660 658/658/658
f 661/661/661 660/660/660 659/659/659
f 662/662/662 663/663/663 664/664/664
f 665/665/665 663/663/663 662/662/662
f 666/666/666 667/667/667 668/668/668
f 669/669/669 667/667/667 666/666/666
f 670/670/670 671/671/671 672/672/672
f 673/673/673 671/671/671 670/670/670
f 674/674/674 675/675/675 676/676/676
f 677/677/677 675/675/675 674/674/674
f 678/678/678 679/679/679 680/680/680
f 681/681/681 679/679/679 678/678/678
f 682/682/682 683/683/683 684/684/684
f 685/685/685 683/683/683 682/682/682
f 686/686/686 687/687/687 688/688/688
f 689/689/689 687/687/687 686/686/686
f 690/690/690 691/691/691 692/692/692
f 693/693/693 691/691/691 690/690/690
f 694/694/694 695/695/695 696/696/696
f 695/695/695 694/694/694 697/697/697
f 697/697/697 694/694/694 698/698/698
f 699/699/699 697/697/697 698/698/698
f 700/700/700 697/697/697 699/699/699
f 701/701/701 702/702/702 703/703/703
f 704/704/704 702/702/702 701/701/701
f 705/705/705 706/706/706 707/707/707
f 708/708/708 706/706/706 705/705/705
f 709/709/709 710/710/710 711/711/711
f 712/712/712 710/710/710 709/709/709
f 713/713/713 714/714/714 715/715/715
f 716/716/716 714/714/714 713/713/713
f 717/717/717 718/718/718 719/719/719
f 720/720/720 718/718/718 717/717/717
f 721/721/721 722/722/722 723/723/723
f 724/724/724 722/722/722 721/721/721
f 725/725/725 726/726/726 727/727/727
f 728/728/728 726/726/726 725/725/725
f 729/729/729 730/730/730 731/731/731
f 732/732/732 730/730/730 729/729/729
f 733/733/733 734/734/734 735/735/735
f 736/736/736 734/734/734 733/733/733
f 737/737/737 738/738/738 739/739/739
f 740/740/740 738/738/738 737/737/737
f 741/741/741 742/742/742 743/743/743
f 744/744/744 742/742/742 741/741/741
f 745/745/745 746/746/746 747/747/747
f 748/748/748 746/746/746 745/745/745
f 749/749/749 750/750/750 751/751/751
f 752/752/752 750/750/750 749/749/749
f 753/753/753 754/754/754 755/755/755
f 756/756/756 754/754/754 753/753/753
f 757/757/757 758/758/758 759/759/759
f 759/759/759 758/758/758 760/760/760
f 761/761/761 762/762/762 763/763/763
f 763/763/763 762/762/762 764/764/764
f 765/765/765 766/766/766 764/764/764
f 766/766/766 765/765/765 767/767/767
f 768/768/768 769/769/769 770/770/770
f 768/768/768 771/771/771 769/769/769
f 772/772/772 773/773/773 774/774/774
f 772/772/772 774/774/774 775/775/775
f 776/776/776 777/777/777 778/778/778
f 776/776/776 778/778/778 779/779/779
f 780/780/780 781/781/781 782/782/782
f 780/780/780 782/782/782 783/783/783
f 784/784/784 785/785/785 786/786/786
f 786/786/786 787/787/787 784/784/784
f 786/786/786 788/788/788 787/787/787
f 788/788/788 789/789/789 787/787/787
f 790/790/790 791/791/791 792/792/792
f 790/790/790 792/792/792 793/793/793
f 794/794/794 795/795/795 796/796/796
f 794/794/794 796/796/796 797/797/797
f 798/798/798 799/799/799 800/800/800
f 798/798/798 799/799/799 800/800/800
f 798/798/798 800/800/800 801/801/801
f 798/798/798 800/800/800 801/801/801
