# GENERATED by tools/gen_vehicle_glass.py -- pane 'r_rear'. Do not hand-edit.
# One file per pane so each breaks independently (Vehicle.GlassPaneLabels).
g r_rear
v 1.226969 1.126569 -1.272115
v 1.226969 1.126569 -0.072115
v 1.226969 1.156569 -0.072115
v 1.226969 1.156569 -1.272115
v 1.226969 1.156569 -1.272115
v 1.226969 1.156569 -0.072115
v 1.226969 1.186569 -0.072115
v 1.226969 1.186569 -1.272115
v 1.226969 1.186569 -1.272115
v 1.226969 1.186569 -0.072115
v 1.226969 1.216569 -0.072115
v 1.226969 1.216569 -1.272115
v 1.226969 1.216569 -1.272115
v 1.226969 1.216569 -0.072115
v 1.226969 1.246569 -0.072115
v 1.226969 1.246569 -1.242115
v 1.226969 1.246569 -1.242115
v 1.226969 1.246569 -0.072115
v 1.226969 1.276569 -0.072115
v 1.226969 1.276569 -1.242115
v 1.226969 1.276569 -1.242115
v 1.226969 1.276569 -0.072115
v 1.226969 1.306569 -0.072115
v 1.226969 1.306569 -1.242115
v 1.226969 1.306569 -1.242115
v 1.226969 1.306569 -0.072115
v 1.226969 1.336569 -0.072115
v 1.226969 1.336569 -1.242115
v 1.226969 1.336569 -1.242115
v 1.226969 1.336569 -0.072115
v 1.226969 1.366569 -0.072115
v 1.226969 1.366569 -1.212115
v 1.226969 1.366569 -1.212115
v 1.226969 1.366569 -0.072115
v 1.226969 1.396569 -0.072115
v 1.226969 1.396569 -1.212115
v 1.226969 1.396569 -1.212115
v 1.226969 1.396569 -0.072115
v 1.226969 1.426569 -0.072115
v 1.226969 1.426569 -1.212115
v 1.226969 1.426569 -1.212115
v 1.226969 1.426569 -0.072115
v 1.226969 1.456569 -0.072115
v 1.226969 1.456569 -1.212115
v 1.226969 1.456569 -1.212115
v 1.226969 1.456569 -0.072115
v 1.226969 1.486569 -0.072115
v 1.226969 1.486569 -1.212115
v 1.226969 1.486569 -1.212115
v 1.226969 1.486569 -0.072115
v 1.226969 1.516569 -0.072115
v 1.226969 1.516569 -1.182115
v 1.226969 1.516569 -1.182115
v 1.226969 1.516569 -0.072115
v 1.226969 1.546569 -0.072115
v 1.226969 1.546569 -1.182115
v 1.226969 1.546569 -1.182115
v 1.226969 1.546569 -0.072115
v 1.226969 1.576569 -0.072115
v 1.226969 1.576569 -1.182115
v 1.226969 1.576569 -1.182115
v 1.226969 1.576569 -0.072115
v 1.226969 1.606569 -0.072115
v 1.226969 1.606569 -1.182115
v 1.226969 1.606569 -1.182115
v 1.226969 1.606569 -0.072115
v 1.226969 1.636569 -0.072115
v 1.226969 1.636569 -1.182115
v 1.226969 1.636569 -1.182115
v 1.226969 1.636569 -0.072115
v 1.226969 1.666569 -0.072115
v 1.226969 1.666569 -1.152115
v 1.226969 1.666569 -1.152115
v 1.226969 1.666569 -0.072115
v 1.226969 1.696569 -0.072115
v 1.226969 1.696569 -1.152115
v 1.226969 1.696569 -1.152115
v 1.226969 1.696569 -0.072115
v 1.226969 1.726569 -0.072115
v 1.226969 1.726569 -1.152115
v 1.226969 1.726569 -1.152115
v 1.226969 1.726569 -0.072115
v 1.226969 1.756569 -0.072115
v 1.226969 1.756569 -1.152115
v 1.226969 1.756569 -1.152115
v 1.226969 1.756569 -0.072115
v 1.226969 1.786569 -0.072115
v 1.226969 1.786569 -1.122115
v 1.226969 1.786569 -1.122115
v 1.226969 1.786569 -0.072115
v 1.226969 1.816569 -0.072115
v 1.226969 1.816569 -1.122115
v 1.226969 1.816569 -1.122115
v 1.226969 1.816569 -0.072115
v 1.226969 1.846569 -0.072115
v 1.226969 1.846569 -1.122115
f 1 2 3
f 1 3 4
f 5 6 7
f 5 7 8
f 9 10 11
f 9 11 12
f 13 14 15
f 13 15 16
f 17 18 19
f 17 19 20
f 21 22 23
f 21 23 24
f 25 26 27
f 25 27 28
f 29 30 31
f 29 31 32
f 33 34 35
f 33 35 36
f 37 38 39
f 37 39 40
f 41 42 43
f 41 43 44
f 45 46 47
f 45 47 48
f 49 50 51
f 49 51 52
f 53 54 55
f 53 55 56
f 57 58 59
f 57 59 60
f 61 62 63
f 61 63 64
f 65 66 67
f 65 67 68
f 69 70 71
f 69 71 72
f 73 74 75
f 73 75 76
f 77 78 79
f 77 79 80
f 81 82 83
f 81 83 84
f 85 86 87
f 85 87 88
f 89 90 91
f 89 91 92
f 93 94 95
f 93 95 96
