g Model_0
v -0.980957 1.125000 0.206997
v -0.980952 0.125001 1.356998
v -0.980952 1.125001 1.456997
v -0.980958 1.125000 -0.043003
v -0.980952 0.125001 1.356998
v -0.980952 0.125001 1.356998
v -0.980963 0.125000 -1.193002
v -1.230952 2.125001 1.456998
v 1.230965 2.125000 1.706989
v -1.230951 2.125001 1.706998
v 1.230965 2.125000 1.706989
v 1.230968 1.125001 2.495542
v -1.230947 1.125001 2.495550
v 0.980953 1.125000 -1.293009
v 0.980953 0.125000 -1.193009
v -0.980963 0.125000 -1.193002
v -0.980963 1.125000 -1.293002
v 0.980952 1.124999 -1.543009
v 0.980953 1.125000 -1.293009
v -0.980963 0.125000 -1.193002
v -0.980958 1.125000 -0.043003
v -0.980963 1.125000 -1.293002
v -1.230952 1.875001 1.456998
v -1.230947 1.125001 2.495550
v -1.230952 1.125001 1.456998
v -1.230958 1.125000 -0.043002
v -1.230965 1.000000 -1.543001
v -1.230963 1.125000 -1.293001
v -1.230957 1.875000 0.206998
v -1.230957 1.125000 0.206998
v -1.230958 1.875000 -0.043002
v -1.230963 1.875000 -1.130753
v -1.230958 2.125000 -0.043002
v -1.230958 2.125000 -0.043002
v -1.230963 1.875000 -1.130753
v -1.230963 2.125000 -1.328967
v -1.230963 1.875000 -1.130753
v -1.230965 1.000000 -1.543001
v -1.230969 -0.125001 -2.495542
v -1.230958 1.125000 -0.043002
v -1.230947 -0.124999 2.495551
v -1.230952 1.125001 1.456998
v -1.230947 1.125001 2.495550
v -1.230958 1.875000 -0.043002
v -1.230957 1.875000 0.206998
v -1.230958 2.125000 -0.043002
v -1.230957 1.875000 0.206998
v -1.230969 0.124999 -2.523199
v -1.230965 1.000000 -1.543001
v -1.230969 0.956309 -2.495541
v -1.230963 1.125000 -1.293001
v -1.230965 1.000000 -1.543001
v -1.230963 1.875000 -1.130753
v 1.230965 2.125000 1.706989
v -1.230958 2.125000 -0.043002
v 1.230953 2.125000 -1.328976
v 1.230953 2.125000 -1.328976
v -1.230958 2.125000 -0.043002
v -1.230963 2.125000 -1.328967
v -1.230958 2.125000 -0.043002
v 1.230965 2.125000 1.706989
v -1.230952 2.125001 1.456998
v 1.230959 1.875000 0.206989
v 1.230958 1.125000 -0.043010
v 1.230959 1.125000 0.206990
v 1.230959 1.875000 0.206989
v 1.230958 1.875000 -0.043011
v 1.230958 1.125000 -0.043010
v 1.230965 2.125000 1.706989
v 1.230964 1.875000 1.456989
v 1.230968 1.125001 2.495542
v 1.230948 0.124999 -2.523208
v 1.230952 0.999999 -1.543011
v 1.230948 0.956308 -2.495550
v 1.230953 1.124999 -1.293011
v 1.230952 -0.125001 -1.293011
v 1.230954 1.875000 -1.130763
v 1.230952 -0.125001 -1.293011
v 1.230958 1.125000 -0.043010
v 1.230959 1.125000 0.206990
v 1.230969 -0.124999 2.495541
v 1.230964 1.125000 1.456990
v 1.230968 0.125001 2.495542
v 1.230948 0.124999 -2.523208
v 1.230947 -0.125001 -2.495551
v 1.230968 1.125001 2.495542
v 1.230964 1.125000 1.456990
v 1.230964 1.875000 1.456989
v 1.230952 -0.125001 -1.293011
v 1.230952 0.999999 -1.543011
v 1.230948 0.124999 -2.523208
v 0.980964 1.875000 1.456991
v 0.980959 1.875000 0.206990
v -0.980952 1.875001 1.456997
v 1.230964 1.875000 1.456989
v 1.230959 1.875000 0.206989
v 0.980964 1.875000 1.456991
v -0.980952 1.875001 1.456997
v -1.230957 1.875000 0.206998
v -1.230952 1.875001 1.456998
v 1.230954 1.875000 -1.130763
v 0.980958 1.875000 -0.043010
v 1.230958 1.875000 -0.043011
v -0.980957 1.875000 0.206997
v 0.980959 1.875000 0.206990
v -0.980957 1.875000 0.206997
v -0.980958 1.875000 -0.043003
v 0.980954 1.875000 -1.130761
v -0.980963 1.875000 -1.130754
v -1.230963 1.875000 -1.130753
v 0.980952 1.875000 -1.380761
v -0.980964 1.875000 -1.380754
v -0.980963 1.875000 -1.130754
v 1.230954 1.875000 -1.130763
v 0.980958 1.875000 -0.043010
v -0.980958 1.875000 -0.043003
v -1.230963 1.875000 -1.130753
v -1.230958 1.875000 -0.043002
v -1.230952 2.125001 1.456998
v -1.230957 1.875000 0.206998
v -1.230958 2.125000 -0.043002
v -1.230958 1.125000 -0.043002
v -1.230957 1.125000 0.206998
v -1.230952 1.125001 1.456998
v -1.230957 1.875000 0.206998
v -1.230952 2.125001 1.456998
v -1.230952 1.875001 1.456998
v 1.230965 2.125000 1.706989
v -1.230947 1.125001 2.495550
v -1.230951 2.125001 1.706998
v 0.980953 1.125000 -1.293009
v -0.980963 0.125000 -1.193002
v -0.980963 1.125000 -1.293002
v -1.230947 -0.124999 2.495551
v 1.230968 0.125001 2.495542
v 1.230969 -0.124999 2.495541
v -1.230947 1.125001 2.495550
v 1.230968 1.125001 2.495542
v -0.980969 1.081309 -2.495542
v -0.980965 1.125000 -1.543002
v -1.230965 1.000000 -1.543001
v -1.230969 0.956309 -2.495541
v 0.980952 1.124999 -1.543009
v 0.980948 1.081308 -2.495549
v 1.230952 0.999999 -1.543011
v 1.230948 0.956308 -2.495550
v -1.230963 1.125000 -1.293001
v -0.980963 1.125000 -1.293002
v -0.980958 1.125000 -0.043003
v -1.230958 1.125000 -0.043002
v 0.980953 1.125000 -1.293009
v 1.230953 1.124999 -1.293011
v 1.230958 1.125000 -0.043010
v 0.980958 1.125000 -0.043009
v 1.230954 1.875000 -1.130763
v 1.230953 2.125000 -1.328976
v 1.230952 0.999999 -1.543011
v 1.230958 1.875000 -0.043011
v 1.230959 1.875000 0.206989
v 1.230958 1.875000 -0.043011
v 1.230965 2.125000 1.706989
v 1.230964 1.875000 1.456989
v 0.980964 0.125000 1.356991
v 0.980958 1.125000 -0.043009
v 0.980959 1.125000 0.206991
v 0.980964 1.125000 1.456991
v 1.230959 1.125000 0.206990
v 0.980959 1.125000 0.206991
v 0.980959 1.875000 0.206990
v 1.230959 1.875000 0.206989
v 1.230953 1.124999 -1.293011
v 0.980953 1.125000 -1.293009
v 0.980954 1.875000 -1.130761
v 1.230954 1.875000 -1.130763
v 0.980953 1.125000 -1.293009
v 0.980952 1.124999 -1.543009
v 0.980952 1.875000 -1.380761
v 0.980954 1.875000 -1.130761
v 0.980958 1.125000 -0.043009
v 1.230958 1.125000 -0.043010
v 1.230958 1.875000 -0.043011
v 0.980958 1.875000 -0.043010
v -0.980963 1.125000 -1.293002
v -1.230963 1.125000 -1.293001
v -1.230963 1.875000 -1.130753
v -0.980963 1.875000 -1.130754
v -0.980957 1.125000 0.206997
v -1.230957 1.125000 0.206998
v -1.230957 1.875000 0.206998
v -0.980957 1.875000 0.206997
v 0.980959 1.875000 0.206990
v 0.980959 1.125000 0.206991
v 0.980958 1.125000 -0.043009
v 0.980958 1.875000 -0.043010
v -0.980963 1.125000 -1.293002
v -0.980963 1.875000 -1.130754
v -0.980964 1.875000 -1.380754
v -0.980965 1.125000 -1.543002
v -1.230958 1.125000 -0.043002
v -0.980958 1.125000 -0.043003
v -0.980958 1.875000 -0.043003
v -1.230958 1.875000 -0.043002
v -0.980952 0.125001 1.356998
v -0.980963 0.125000 -1.193002
v 0.980953 0.125000 -1.193009
v 0.980964 0.125000 1.356991
v -0.980957 1.125000 0.206997
v -0.980957 1.875000 0.206997
v -0.980958 1.875000 -0.043003
v -0.980958 1.125000 -0.043003
v -1.230957 1.125000 0.206998
v -0.980957 1.125000 0.206997
v -0.980952 1.125001 1.456997
v -1.230952 1.125001 1.456998
v 0.980959 1.125000 0.206991
v 1.230959 1.125000 0.206990
v 1.230964 1.125000 1.456990
v 0.980964 1.125000 1.456991
v 0.980964 1.125000 1.456991
v -0.980952 1.125001 1.456997
v -0.980952 0.125001 1.356998
v 0.980964 0.125000 1.356991
v 0.980964 1.125000 1.456991
v 1.230964 1.125000 1.456990
v 1.230964 1.875000 1.456989
v 0.980964 1.875000 1.456991
v -1.230952 1.125001 1.456998
v -0.980952 1.125001 1.456997
v -0.980952 1.875001 1.456997
v -1.230952 1.875001 1.456998
v 0.980964 1.125000 1.456991
v 0.980964 1.875000 1.456991
v -0.980952 1.875001 1.456997
v -0.980952 1.125001 1.456997
v 0.694983 -0.076025 2.718243
v 0.694983 -0.273431 2.718243
v 0.694974 -0.106347 0.718243
v 0.694974 0.091060 0.718243
v 0.892389 -0.076025 2.718242
v 0.892381 0.091060 0.718242
v 0.892381 -0.106347 0.718242
v 0.892389 -0.273431 2.718242
v 0.694983 -0.076025 2.718243
v 0.892389 -0.076025 2.718242
v 0.892389 -0.273431 2.718242
v 0.694983 -0.273431 2.718243
v 0.694974 -0.106347 0.718243
v 0.694983 -0.273431 2.718243
v 0.892389 -0.273431 2.718242
v 0.892381 -0.106347 0.718242
v 0.892381 0.091060 0.718242
v 0.892389 -0.076025 2.718242
v 0.694983 -0.076025 2.718243
v 0.694974 0.091060 0.718243
v -1.260813 0.100803 -2.575180
v -1.260811 0.100803 -2.227122
v -1.260811 -0.158647 -2.227122
v -1.260813 -0.158647 -2.575180
v 1.261051 0.100803 -2.227133
v 1.261049 0.100802 -2.575191
v 1.261049 -0.158647 -2.575191
v 1.261051 -0.158647 -2.227133
v -0.516267 0.100803 -2.642110
v -1.260813 0.100803 -2.575180
v -1.260813 -0.158647 -2.575180
v -0.516267 -0.158647 -2.642110
v 0.531249 0.100803 -2.642115
v 0.531249 -0.158647 -2.642115
v 1.261049 0.100802 -2.575191
v 1.261049 -0.158647 -2.575191
v 0.531250 0.100803 -2.294057
v 1.261051 0.100803 -2.227133
v 1.261051 -0.158647 -2.227133
v 0.531250 -0.158647 -2.294057
v -0.516266 0.100803 -2.294053
v -0.516266 -0.158647 -2.294053
v -1.260811 0.100803 -2.227122
v -1.260811 -0.158647 -2.227122
v -0.716385 1.008923 -2.570077
v -0.716384 1.008923 -2.399179
v -0.716384 0.198824 -2.399179
v -0.716385 0.198824 -2.570077
v 0.716364 1.008923 -2.399186
v 0.716363 1.008923 -2.570083
v 0.716363 0.198824 -2.570083
v 0.716364 0.198824 -2.399185
v 0.716364 1.008923 -2.399186
v 0.358176 1.008923 -2.570081
v 0.716363 1.008923 -2.570083
v -0.000011 1.008923 -2.570080
v -0.716384 1.008923 -2.399179
v -0.358198 1.008923 -2.570078
v -0.716385 1.008923 -2.570077
v -0.626838 0.918017 -2.570077
v -0.626838 0.289730 -2.570077
v -0.626838 0.289730 -2.399180
v -0.626838 0.918017 -2.399180
v 0.447723 0.289730 -2.570082
v 0.626816 0.289730 -2.570082
v 0.626817 0.289730 -2.399185
v 0.447723 0.289730 -2.399184
v -0.447745 0.918017 -2.570078
v -0.626838 0.918017 -2.570077
v -0.626838 0.918017 -2.399180
v -0.447744 0.918017 -2.399180
v -0.268651 0.289730 -2.570079
v -0.089558 0.289730 -2.570079
v -0.089557 0.289730 -2.399182
v -0.268651 0.289730 -2.399181
v 0.626816 0.918017 -2.570083
v 0.447723 0.918017 -2.570082
v 0.447723 0.918017 -2.399184
v 0.626817 0.918017 -2.399185
v 0.268629 0.289730 -2.570081
v 0.268629 0.918017 -2.570081
v 0.268630 0.918017 -2.399184
v 0.268630 0.289730 -2.399183
v 0.089536 0.289730 -2.570080
v 0.268629 0.289730 -2.570081
v 0.268630 0.289730 -2.399183
v 0.089536 0.289730 -2.399183
v -0.268651 0.918017 -2.570079
v -0.268651 0.289730 -2.570079
v -0.268651 0.289730 -2.399181
v -0.268651 0.918017 -2.399181
v -0.089558 0.918017 -2.570079
v -0.268651 0.918017 -2.570079
v -0.268651 0.918017 -2.399181
v -0.089557 0.918017 -2.399182
v -0.447745 0.289730 -2.570078
v -0.447745 0.918017 -2.570078
v -0.447744 0.918017 -2.399180
v -0.447744 0.289730 -2.399180
v 0.447723 0.918017 -2.570082
v 0.447723 0.289730 -2.570082
v 0.447723 0.289730 -2.399184
v 0.447723 0.918017 -2.399184
v -0.626838 0.289730 -2.570077
v -0.447745 0.289730 -2.570078
v -0.447744 0.289730 -2.399180
v -0.626838 0.289730 -2.399180
v 0.626816 0.289730 -2.570082
v 0.626816 0.918017 -2.570083
v 0.626817 0.918017 -2.399185
v 0.626817 0.289730 -2.399185
v 0.089536 0.918017 -2.570080
v 0.089536 0.289730 -2.570080
v 0.089536 0.289730 -2.399183
v 0.089536 0.918017 -2.399183
v 0.268629 0.918017 -2.570081
v 0.089536 0.918017 -2.570080
v 0.089536 0.918017 -2.399183
v 0.268630 0.918017 -2.399184
v -0.089558 0.289730 -2.570079
v -0.089558 0.918017 -2.570079
v -0.089557 0.918017 -2.399182
v -0.089557 0.289730 -2.399182
v 1.260817 0.100804 2.575178
v 1.260815 0.100804 2.227120
v 1.260815 -0.158646 2.227121
v 1.260817 -0.158646 2.575178
v -1.261048 0.100804 2.227135
v -1.261046 0.100804 2.575193
v -1.261046 -0.158646 2.575193
v -1.261048 -0.158646 2.227135
v 0.516271 0.100804 2.642110
v 1.260817 0.100804 2.575178
v 1.260817 -0.158646 2.575178
v 0.516271 -0.158646 2.642110
v -0.531245 0.100804 2.642116
v -0.531245 -0.158646 2.642116
v -1.261046 0.100804 2.575193
v -1.261046 -0.158646 2.575193
v -0.531247 0.100804 2.294058
v -1.261048 0.100804 2.227135
v -1.261048 -0.158646 2.227135
v -0.531247 -0.158646 2.294058
v 0.516269 0.100804 2.294052
v 0.516269 -0.158646 2.294052
v 1.260815 0.100804 2.227120
v 1.260815 -0.158646 2.227121
v -0.716384 0.198824 -2.399179
v -0.358198 0.198824 -2.570078
v -0.716385 0.198824 -2.570077
v -0.000011 0.198824 -2.570080
v 0.716364 0.198824 -2.399185
v 0.716363 0.198824 -2.570083
v -0.980969 1.081309 -2.495542
v 0.980952 1.124999 -1.543009
v -0.980965 1.125000 -1.543002
v -0.980963 1.125000 -1.293002
v 1.230948 0.956308 -2.495550
v 0.980948 1.081308 -2.495549
v 1.230948 0.124999 -2.523208
v -1.230969 0.124999 -2.523199
v 1.230947 -0.125001 -2.495551
v -1.230969 -0.125001 -2.495542
v -0.980969 1.081309 -2.495542
v -1.230969 0.956309 -2.495541
v -1.230947 1.125001 2.495550
v -1.230952 1.875001 1.456998
v -1.230951 2.125001 1.706998
v -1.230952 2.125001 1.456998
v 0.980953 1.125000 -1.293009
v 0.980958 1.125000 -0.043009
v 0.980953 0.125000 -1.193009
v 0.980964 0.125000 1.356991
v 1.230952 0.999999 -1.543011
v 0.980952 1.875000 -1.380761
v 0.980952 1.124999 -1.543009
v 1.230953 2.125000 -1.328976
v -0.980964 1.875000 -1.380754
v -1.230963 2.125000 -1.328967
v -1.230965 1.000000 -1.543001
v -0.980965 1.125000 -1.543002
v -0.980952 1.875001 1.456997
v -0.980957 1.875000 0.206997
v -1.230957 1.875000 0.206998
v 0.980959 1.875000 0.206990
v 1.230947 -0.125001 -2.495551
v -1.230969 -0.125001 -2.495542
v 1.230952 -0.125001 -1.293011
v -1.230947 -0.124999 2.495551
v 1.230969 -0.124999 2.495541
v 1.261049 -0.158647 -2.575191
v 0.531250 -0.158647 -2.294057
v 1.261051 -0.158647 -2.227133
v 0.531249 -0.158647 -2.642115
v -0.516266 -0.158647 -2.294053
v -0.516267 -0.158647 -2.642110
v -1.260813 -0.158647 -2.575180
v -1.260811 -0.158647 -2.227122
v -1.260813 0.100803 -2.575180
v -0.516266 0.100803 -2.294053
v -1.260811 0.100803 -2.227122
v -0.516267 0.100803 -2.642110
v 0.531250 0.100803 -2.294057
v 0.531249 0.100803 -2.642115
v 1.261049 0.100802 -2.575191
v 1.261051 0.100803 -2.227133
v 1.260817 0.100804 2.575178
v 0.516269 0.100804 2.294052
v 1.260815 0.100804 2.227120
v 0.516271 0.100804 2.642110
v -0.531247 0.100804 2.294058
v -0.531245 0.100804 2.642116
v -1.261046 0.100804 2.575193
v -1.261048 0.100804 2.227135
v -1.261046 -0.158646 2.575193
v -0.531247 -0.158646 2.294058
v -1.261048 -0.158646 2.227135
v -0.531245 -0.158646 2.642116
v 0.516269 -0.158646 2.294052
v 0.516271 -0.158646 2.642110
v 1.260817 -0.158646 2.575178
v 1.260815 -0.158646 2.227121
v -0.716385 1.008923 -2.570077
v -0.626838 0.289730 -2.570077
v -0.626838 0.918017 -2.570077
v -0.447745 0.918017 -2.570078
v -0.716385 0.198824 -2.570077
v -0.358198 0.198824 -2.570078
v -0.358198 1.008923 -2.570078
v -0.447745 0.289730 -2.570078
v -0.268651 0.918017 -2.570079
v -0.000011 1.008923 -2.570080
v -0.268651 0.289730 -2.570079
v -0.089558 0.289730 -2.570079
v -0.089558 0.918017 -2.570079
v -0.000011 0.198824 -2.570080
v 0.089536 0.918017 -2.570080
v 0.089536 0.289730 -2.570080
v 0.268629 0.918017 -2.570081
v 0.358176 1.008923 -2.570081
v 0.268629 0.289730 -2.570081
v 0.447723 0.918017 -2.570082
v 0.716363 1.008923 -2.570083
v 0.626816 0.918017 -2.570083
v 0.626816 0.289730 -2.570082
v 0.716363 0.198824 -2.570083
v 0.447723 0.289730 -2.570082
vt 0.412817985 0.723007262
vt 0.403001606 0.728538752
vt 0.412817985 0.72900331
vt 0.370365381 0.70356214
vt 0.403001606 0.728538752
vt 0.403001606 0.728538752
vt 0.403001606 0.709621787
vt 0.122314729 0.672530115
vt 0.121942706 0.672870696
vt 0.122314729 0.672189474
vt 0.122221537 0.672870696
vt 0.121764265 0.66864562
vt 0.121477179 0.669514
vt 0.33015722 0.675499439
vt 0.379172504 0.767674446
vt 0.397266448 0.775626898
vt 0.126311883 0.646744609
vt 0.13062951 0.792867303
vt 0.133782253 0.687264264
vt 0.403001606 0.709621787
vt 0.370365381 0.70356214
vt 0.412817985 0.709512711
vt 0.11925482 0.665161788
vt 0.11925482 0.664216697
vt 0.120813146 0.731689274
vt 0.120813146 0.740007758
vt 0.119586095 0.75432229
vt 0.11925482 0.66737628
vt 0.105528302 0.582028925
vt 0.120988138 0.657582045
vt 0.116084389 0.669020474
vt 0.116084389 0.669173241
vt 0.116135426 0.669020474
vt 0.116135426 0.669020474
vt 0.116084389 0.669173241
vt 0.120370127 0.667034328
vt 0.116084389 0.669173241
vt 0.119586095 0.75432229
vt 0.108542681 0.767415345
vt 0.120813146 0.740007758
vt 0.108542681 0.72337079
vt 0.120813146 0.731689274
vt 0.11925482 0.664216697
vt 0.121141233 0.657630384
vt 0.105528302 0.582028925
vt 0.121192254 0.657630384
vt 0.105528302 0.582028925
vt 0.110996783 0.7676723
vt 0.119586095 0.75432229
vt 0.119157217 0.767415345
vt 0.11925482 0.66737628
vt 0.119586095 0.75432229
vt 0.116084389 0.669173241
vt 0.121942706 0.672870696
vt 0.120230503 0.658519328
vt 0.117860667 0.671891987
vt 0.117860667 0.671891987
vt 0.120230503 0.658519328
vt 0.11511486 0.671891987
vt 0.120230503 0.658519328
vt 0.121942706 0.672870696
vt 0.122314729 0.672530115
vt 0.121600471 0.657907963
vt 0.121447392 0.657859683
vt 0.121447392 0.657907963
vt 0.121600471 0.657907963
vt 0.122600757 0.667359889
vt 0.121447392 0.657859683
vt 0.121764265 0.66864562
vt 0.105528302 0.582028925
vt 0.14289996 0.7676723
vt 0.133083597 0.72337079
vt 0.12162485 0.665733457
vt 0.141244024 0.723627746
vt 0.14289996 0.739863276
vt 0.13062951 0.739043355
vt 0.122600757 0.666525126
vt 0.13062951 0.739043355
vt 0.14289996 0.751035333
vt 0.14289996 0.753357828
vt 0.13062951 0.7676723
vt 0.14289996 0.759353876
vt 0.133083597 0.7676723
vt 0.133083597 0.72337079
vt 0.13062951 0.723627746
vt 0.14289996 0.7676723
vt 0.121764265 0.66830498
vt 0.105528302 0.582028925
vt 0.13062951 0.739043355
vt 0.12162485 0.665733457
vt 0.133083597 0.72337079
vt 0.105528302 0.582028925
vt 0.153011352 0.607801735
vt 0.122314729 0.672530115
vt 0.122221537 0.672530115
vt 0.105528302 0.582028925
vt 0.105528302 0.582028925
vt 0.122314729 0.672530115
vt 0.152732551 0.61070329
vt 0.105528302 0.582028925
vt 0.124264009 0.672502875
vt 0.116268493 0.667569697
vt 0.124264009 0.673337638
vt 0.115559004 0.667660058
vt 0.153011352 0.607801735
vt 0.115559004 0.667660058
vt 0.116745971 0.67019099
vt 0.123985179 0.672502875
vt 0.120370127 0.673391819
vt 0.116796993 0.670343757
vt 0.120091297 0.671321034
vt 0.120091297 0.673391819
vt 0.120370127 0.673391819
vt 0.124264009 0.672502875
vt 0.116268493 0.667569697
vt 0.116745971 0.67019099
vt 0.116796993 0.670343757
vt 0.116796993 0.67019099
vt 0.142746925 0.608461499
vt 0.105528302 0.582028925
vt 0.121192254 0.657630384
vt 0.120813146 0.740007758
vt 0.120988138 0.657582045
vt 0.120813146 0.731689274
vt 0.105528302 0.582028925
vt 0.142746925 0.608461499
vt 0.11925482 0.665161788
vt 0.122221537 0.672870696
vt 0.121477179 0.669514
vt 0.11925482 0.664216697
vt 0.33015722 0.675499439
vt 0.397266448 0.775626898
vt 0.378016889 0.759772658
vt 0.152630776 0.7676723
vt 0.150179252 0.790543497
vt 0.152630746 0.790543437
vt 0.14037317 0.767672658
vt 0.14037317 0.790543735
vt 0.144465983 0.81109339
vt 0.13062951 0.81109339
vt 0.13063398 0.813415885
vt 0.144470453 0.813415885
vt 0.13062951 0.792867303
vt 0.144465983 0.792867303
vt 0.13063398 0.790544748
vt 0.144470453 0.790544748
vt 0.169809401 0.796301305
vt 0.167355314 0.796301305
vt 0.167355314 0.807473302
vt 0.169809401 0.807473302
vt 0.169894949 0.752769113
vt 0.172349066 0.752769113
vt 0.172349066 0.741597116
vt 0.169894978 0.741597116
vt 0.122600757 0.666525126
vt 0.122879587 0.6664325
vt 0.12162485 0.665733457
vt 0.122600757 0.667359889
vt 0.121600471 0.657907963
vt 0.122600757 0.667359889
vt 0.121764265 0.66864562
vt 0.105528302 0.582028925
vt 0.402916044 0.757132351
vt 0.412732422 0.764986336
vt 0.370358109 0.707132876
vt 0.412732422 0.756667852
vt 0.122108959 0.658205569
vt 0.122057937 0.658205569
vt 0.122057937 0.658350289
vt 0.122108959 0.658350289
vt 0.125100493 0.67294246
vt 0.125379324 0.6729424
vt 0.125379324 0.672131717
vt 0.125100493 0.672131777
vt 0.123985179 0.672145844
vt 0.123985179 0.672502875
vt 0.124821655 0.671975136
vt 0.124821655 0.671711266
vt 0.122110687 0.657284439
vt 0.122059666 0.657284439
vt 0.122059666 0.657427967
vt 0.122110687 0.657427967
vt 0.125100493 0.672131717
vt 0.125379324 0.672131598
vt 0.125379324 0.671320915
vt 0.125100493 0.671321034
vt 0.122057937 0.659026027
vt 0.122108959 0.659026027
vt 0.122108959 0.658881307
vt 0.122057937 0.658881307
vt 0.116268493 0.667660058
vt 0.116539709 0.667660058
vt 0.116539709 0.667569697
vt 0.116268493 0.667569697
vt 0.123994894 0.664573729
vt 0.124831386 0.665008307
vt 0.124831386 0.664744437
vt 0.123994894 0.664216697
vt 0.122057937 0.658584535
vt 0.122108959 0.658584535
vt 0.122108959 0.658441007
vt 0.122057937 0.658441007
vt 0.545833588 0.824205399
vt 0.545833588 0.843122244
vt 0.565092504 0.843122184
vt 0.565092504 0.824205339
vt 0.115287788 0.667660058
vt 0.115559004 0.667660058
vt 0.115559004 0.667569697
vt 0.115287788 0.667569697
vt 0.14774482 0.802536666
vt 0.150198922 0.802536666
vt 0.150198907 0.796540737
vt 0.14774482 0.796540737
vt 0.146924555 0.790544748
vt 0.144470453 0.790544748
vt 0.144470453 0.796540737
vt 0.146924555 0.796540737
vt 0.378006697 0.765414953
vt 0.33015722 0.675499439
vt 0.379182637 0.762074351
vt 0.394979298 0.773380399
vt 0.122221537 0.672530115
vt 0.121942706 0.672530115
vt 0.121942706 0.672530115
vt 0.122221537 0.672530115
vt 0.122314729 0.672530115
vt 0.122593559 0.672530115
vt 0.122593559 0.672530115
vt 0.122314729 0.672530115
vt 0.0551911406 0.638563514
vt 0.0761929229 0.754126847
vt 0.0733244643 0.738575697
vt 0.0762568489 0.754126847
vt 0.902443171 0.224117547
vt 0.88990134 0.223607123
vt 0.88990134 0.28593722
vt 0.902443171 0.286447644
vt 0.88990134 0.28593722
vt 0.88990134 0.223607123
vt 0.87735945 0.224117547
vt 0.87735945 0.286447644
vt 0.940199912 0.223607123
vt 0.927614391 0.223607123
vt 0.927614391 0.229737967
vt 0.940199912 0.229737967
vt 0.915028751 0.28593719
vt 0.915028751 0.223607123
vt 0.902443171 0.223607123
vt 0.902443171 0.28593719
vt 0.927614391 0.28593719
vt 0.927614391 0.223607123
vt 0.915028751 0.223607123
vt 0.915028751 0.28593719
vt 0.658940673 0.226171732
vt 0.658940673 0.242350191
vt 0.677850544 0.242350191
vt 0.677850544 0.226171732
vt 0.677850544 0.226171732
vt 0.677850544 0.209993273
vt 0.658940673 0.209993273
vt 0.658940673 0.226171732
vt 0.62112093 0.292608589
vt 0.62112087 0.327214807
vt 0.640030742 0.327214807
vt 0.640030742 0.292608589
vt 0.62112087 0.243917823
vt 0.640030742 0.243917823
vt 0.62112087 0.209993273
vt 0.640030742 0.209993273
vt 0.658940613 0.243917823
vt 0.658940673 0.209993273
vt 0.640030742 0.209993303
vt 0.640030742 0.243917823
vt 0.658940613 0.292608589
vt 0.640030742 0.292608589
vt 0.658940673 0.327214807
vt 0.640030742 0.327214867
vt 0.897560418 0.240091324
vt 0.893350482 0.240091324
vt 0.893350482 0.261334062
vt 0.897560418 0.261334062
vt 0.897560418 0.261334062
vt 0.901770353 0.261334062
vt 0.901770353 0.240091324
vt 0.897560418 0.240091324
vt 0.893350482 0.277661413
vt 0.889140546 0.268268883
vt 0.889140546 0.277661413
vt 0.889140546 0.258876354
vt 0.893350482 0.240091324
vt 0.889140546 0.249483839
vt 0.889140546 0.240091324
vt 0.905980229 0.256566525
vt 0.905980229 0.240091324
vt 0.901770353 0.240091324
vt 0.901770353 0.256566525
vt 0.884930611 0.282357693
vt 0.884930611 0.277661443
vt 0.880720735 0.277661443
vt 0.880720735 0.282357693
vt 0.864974499 0.277661443
vt 0.864974499 0.282357693
vt 0.869184375 0.282357693
vt 0.869184375 0.277661443
vt 0.901770353 0.282505542
vt 0.901770353 0.277809292
vt 0.897560418 0.277809292
vt 0.897560418 0.282505542
vt 0.88493067 0.277661413
vt 0.884930611 0.282357693
vt 0.889140546 0.282357693
vt 0.889140546 0.277661413
vt 0.897560418 0.277809292
vt 0.897560418 0.261334062
vt 0.893350482 0.261334062
vt 0.893350482 0.277809292
vt 0.87339431 0.282357693
vt 0.87339431 0.277661443
vt 0.869184375 0.277661443
vt 0.869184375 0.282357693
vt 0.901770353 0.261334062
vt 0.901770353 0.277809292
vt 0.905980229 0.277809292
vt 0.905980229 0.261334062
vt 0.901770353 0.277809292
vt 0.901770353 0.282505542
vt 0.905980229 0.282505542
vt 0.905980229 0.277809292
vt 0.901770353 0.277809292
vt 0.901770353 0.261334062
vt 0.897560418 0.261334062
vt 0.897560418 0.277809292
vt 0.914400101 0.273041725
vt 0.914400101 0.256566525
vt 0.910190165 0.256566525
vt 0.910190165 0.273041725
vt 0.880720735 0.282357693
vt 0.880720735 0.277661443
vt 0.876510799 0.277661443
vt 0.876510799 0.282357693
vt 0.905980229 0.240091324
vt 0.905980229 0.256566525
vt 0.910190165 0.256566525
vt 0.910190165 0.240091324
vt 0.905980229 0.273041725
vt 0.905980229 0.289516926
vt 0.910190165 0.289516926
vt 0.910190165 0.273041725
vt 0.893350482 0.277809292
vt 0.893350482 0.282505542
vt 0.897560358 0.282505542
vt 0.897560358 0.277809292
vt 0.905980229 0.256566525
vt 0.905980229 0.273041725
vt 0.910190165 0.273041725
vt 0.910190165 0.256566525
vt 0.709712267 0.0938548744
vt 0.709712267 0.103541046
vt 0.721033752 0.103541046
vt 0.721033752 0.0938548744
vt 0.721033752 0.0938548744
vt 0.721033752 0.0841687322
vt 0.709712267 0.0841687322
vt 0.709712267 0.0938548744
vt 0.687069297 0.133631021
vt 0.687069297 0.154350013
vt 0.698390782 0.154350013
vt 0.698390782 0.133631021
vt 0.687069297 0.104479551
vt 0.698390782 0.104479551
vt 0.687069297 0.0841687322
vt 0.698390782 0.0841687322
vt 0.709712207 0.104479551
vt 0.709712267 0.0841687322
vt 0.698390782 0.0841687322
vt 0.698390782 0.104479551
vt 0.709712207 0.13363108
vt 0.698390782 0.133631021
vt 0.709712267 0.154350013
vt 0.698390782 0.154350013
vt 0.884930611 0.240091324
vt 0.889140546 0.249483839
vt 0.889140546 0.240091324
vt 0.889140546 0.258876383
vt 0.884930611 0.277661413
vt 0.889140546 0.277661413
vt 0.144465983 0.81109339
vt 0.13062951 0.792867303
vt 0.133782834 0.686786532
vt 0.126311883 0.646744609
vt 0.107326746 0.813796341
vt 0.108542666 0.811473906
vt 0.0992038175 0.813795805
vt 0.0992038175 0.790924728
vt 0.0968084633 0.813795447
vt 0.0968084633 0.79092437
vt 0.108542666 0.793247759
vt 0.107326746 0.790925145
vt 0.11925482 0.664216697
vt 0.11925482 0.665161788
vt 0.11925482 0.664821208
vt 0.11925482 0.665161788
vt 0.412732422 0.776158392
vt 0.412732422 0.764986336
vt 0.402916074 0.776049376
vt 0.402916044 0.757132351
vt 0.116457455 0.671891987
vt 0.115415476 0.672156096
vt 0.116319291 0.672155857
vt 0.11511486 0.671892285
vt 0.115415476 0.67422688
vt 0.11511486 0.674490869
vt 0.116457455 0.674490511
vt 0.116319291 0.674226642
vt 0.122314729 0.672530115
vt 0.115559004 0.667660058
vt 0.152732551 0.61070329
vt 0.153011352 0.607801735
vt 0.108542666 0.72337079
vt 0.084375605 0.72337079
vt 0.108542681 0.738786399
vt 0.0843756199 0.767415345
vt 0.108542681 0.767415345
vt 0.616242886 0.327214867
vt 0.595752835 0.293292195
vt 0.59087491 0.327214867
vt 0.62112087 0.293292195
vt 0.595752835 0.244601399
vt 0.62112087 0.244601399
vt 0.616242886 0.209993273
vt 0.59087491 0.209993273
vt 0.585996926 0.327214867
vt 0.565506876 0.292606741
vt 0.560628951 0.327214867
vt 0.59087491 0.292606741
vt 0.565506876 0.243915945
vt 0.59087491 0.243915945
vt 0.585996926 0.209993273
vt 0.560628951 0.209993273
vt 0.666040421 0.154350013
vt 0.653772891 0.133629948
vt 0.650852442 0.154350072
vt 0.668960869 0.133629948
vt 0.653772891 0.104478449
vt 0.668960869 0.104478449
vt 0.666040421 0.0841687322
vt 0.650852442 0.0841687322
vt 0.684148848 0.154350013
vt 0.671881318 0.134040326
vt 0.668960869 0.154350072
vt 0.687069297 0.134040326
vt 0.671881318 0.104888827
vt 0.687069297 0.104888827
vt 0.684148848 0.0841687322
vt 0.668960869 0.0841687322
vt 0.864974499 0.277661443
vt 0.882691205 0.275313288
vt 0.867213905 0.275313288
vt 0.867213905 0.270617038
vt 0.884930611 0.277661413
vt 0.884930611 0.268268913
vt 0.864974499 0.268268913
vt 0.882691205 0.270617008
vt 0.867213905 0.265920758
vt 0.864974499 0.258876383
vt 0.882691205 0.265920758
vt 0.882691205 0.261224508
vt 0.867213905 0.261224508
vt 0.884930611 0.258876383
vt 0.867213905 0.256528229
vt 0.882691205 0.256528229
vt 0.867213905 0.251831979
vt 0.864974499 0.249483839
vt 0.882691205 0.251831979
vt 0.867213905 0.247135714
vt 0.864974499 0.240091324
vt 0.867213905 0.242439449
vt 0.882691205 0.242439449
vt 0.884930611 0.240091324
vt 0.882691205 0.247135714
vn 1.000000 -0.000000 -0.000004
vn 1.000000 -0.000000 -0.000004
vn 1.000000 -0.000000 -0.000004
vn 1.000000 -0.000000 -0.000004
vn 1.000000 -0.000000 -0.000004
vn 1.000000 -0.000000 -0.000004
vn 1.000000 -0.000000 -0.000004
vn 0.000000 1.000000 -0.000000
vn 0.000000 1.000000 -0.000000
vn 0.000000 1.000000 -0.000000
vn 0.000004 0.619198 0.785235
vn 0.000004 0.327693 0.944784
vn 0.000004 0.327693 0.944784
vn 0.000004 -0.004189 0.999991
vn 0.000004 0.099504 0.995037
vn 0.000004 0.099504 0.995037
vn 0.000000 1.000000 -0.000000
vn 0.090937 0.995491 -0.026992
vn 0.000000 1.000000 -0.000000
vn 1.000000 -0.000000 -0.000004
vn 1.000000 -0.000000 -0.000004
vn 1.000000 -0.000000 -0.000004
vn -1.000000 0.000000 0.000004
vn -1.000000 0.000000 0.000004
vn -1.000000 0.000000 0.000004
vn -1.000000 0.000000 0.000004
vn -1.000000 0.000000 0.000004
vn -1.000000 0.000000 0.000004
vn -1.000000 0.000000 0.000004
vn -1.000000 0.000000 0.000004
vn -1.000000 0.000000 0.000004
vn -1.000000 0.000000 0.000004
vn -1.000000 0.000000 0.000004
vn -1.000000 0.000000 0.000004
vn -1.000000 0.000000 0.000004
vn -1.000000 0.000000 0.000004
vn -1.000000 0.000000 0.000004
vn -1.000000 0.000000 0.000004
vn -1.000000 0.000000 0.000004
vn -1.000000 0.000000 0.000004
vn -1.000000 0.000000 0.000004
vn -1.000000 0.000000 0.000004
vn -1.000000 0.000000 0.000004
vn -1.000000 0.000000 0.000004
vn -1.000000 0.000000 0.000004
vn -1.000000 0.000000 0.000004
vn -1.000000 0.000000 0.000004
vn -1.000000 0.000000 0.000004
vn -1.000000 0.000000 0.000004
vn -1.000000 0.000000 0.000004
vn -1.000000 0.000000 0.000004
vn -1.000000 0.000000 0.000004
vn -1.000000 0.000000 0.000004
vn 0.000000 1.000000 -0.000000
vn 0.000000 1.000000 -0.000000
vn 0.000000 1.000000 -0.000000
vn 0.000000 1.000000 -0.000000
vn 0.000000 1.000000 -0.000000
vn 0.000000 1.000000 -0.000000
vn 0.000000 1.000000 -0.000000
vn 0.000000 1.000000 -0.000000
vn 0.000000 1.000000 -0.000000
vn 1.000000 -0.000000 -0.000004
vn 1.000000 -0.000000 -0.000004
vn 1.000000 -0.000000 -0.000004
vn 1.000000 -0.000000 -0.000004
vn 1.000000 -0.000000 -0.000004
vn 1.000000 -0.000000 -0.000004
vn 1.000000 -0.000000 -0.000004
vn 1.000000 -0.000000 -0.000004
vn 1.000000 -0.000000 -0.000004
vn 1.000000 -0.000000 -0.000004
vn 1.000000 -0.000000 -0.000004
vn 1.000000 -0.000000 -0.000004
vn 1.000000 -0.000000 -0.000004
vn 1.000000 -0.000000 -0.000004
vn 1.000000 -0.000000 -0.000004
vn 1.000000 -0.000000 -0.000004
vn 1.000000 -0.000000 -0.000004
vn 1.000000 -0.000000 -0.000004
vn 1.000000 -0.000000 -0.000004
vn 1.000000 -0.000000 -0.000004
vn 1.000000 -0.000000 -0.000004
vn 1.000000 -0.000000 -0.000004
vn 1.000000 -0.000000 -0.000004
vn 1.000000 -0.000000 -0.000004
vn 1.000000 -0.000000 -0.000004
vn 1.000000 -0.000000 -0.000004
vn 1.000000 -0.000000 -0.000004
vn 1.000000 -0.000000 -0.000004
vn 1.000000 -0.000000 -0.000004
vn -0.000000 -1.000000 0.000000
vn -0.000000 -1.000000 0.000000
vn -0.000000 -1.000000 0.000000
vn -0.000000 -1.000000 0.000000
vn -0.000000 -1.000000 0.000000
vn -0.000000 -1.000000 0.000000
vn -0.000000 -1.000000 0.000000
vn -0.000000 -1.000000 0.000000
vn -0.000000 -1.000000 0.000000
vn -0.000000 -1.000000 0.000000
vn -0.000000 -1.000000 0.000000
vn -0.000000 -1.000000 0.000000
vn -0.000000 -1.000000 0.000000
vn -0.000000 -1.000000 0.000000
vn -0.000000 -1.000000 0.000000
vn -0.000000 -1.000000 0.000000
vn -0.000000 -1.000000 0.000000
vn -0.000000 -1.000000 0.000000
vn -0.000000 -1.000000 0.000000
vn -0.000000 -1.000000 0.000000
vn -0.000000 -1.000000 0.000000
vn -0.000000 -1.000000 0.000000
vn -0.000000 -1.000000 0.000000
vn -0.000000 -1.000000 0.000000
vn -0.000000 -1.000000 0.000000
vn -0.000000 -1.000000 0.000000
vn -0.000000 -1.000000 0.000000
vn -1.000000 0.000000 0.000004
vn -1.000000 0.000000 0.000004
vn -1.000000 0.000000 0.000004
vn -0.000004 -0.000000 -1.000000
vn -0.000004 -0.000000 -1.000000
vn -0.000004 -0.000000 -1.000000
vn -1.000000 0.000000 0.000004
vn -1.000000 0.000000 0.000004
vn -1.000000 0.000000 0.000004
vn 0.000004 0.619198 0.785235
vn 0.000004 0.327693 0.944784
vn 0.000004 0.619198 0.785235
vn 0.000004 -0.004189 0.999991
vn 0.000004 0.099504 0.995037
vn 0.000004 -0.108973 0.994045
vn 0.000004 0.000000 1.000000
vn 0.000004 0.000000 1.000000
vn 0.000004 0.000000 1.000000
vn 0.000004 0.327693 0.944784
vn 0.000004 0.327693 0.944784
vn -0.229548 0.972275 -0.044595
vn -0.152597 0.987844 -0.029646
vn -0.446838 0.893676 -0.040989
vn -0.446838 0.893676 -0.040989
vn 0.090937 0.995491 -0.026992
vn 0.305123 0.951313 -0.043636
vn 0.446838 0.893675 -0.040993
vn 0.446838 0.893675 -0.040993
vn 0.000000 1.000000 -0.000000
vn 0.000000 1.000000 -0.000000
vn 0.000000 1.000000 -0.000000
vn 0.000000 1.000000 -0.000000
vn 0.000000 1.000000 -0.000000
vn 0.000000 1.000000 -0.000000
vn 0.000000 1.000000 -0.000000
vn 0.000000 1.000000 -0.000000
vn 1.000000 -0.000000 -0.000004
vn 1.000000 -0.000000 -0.000004
vn 1.000000 -0.000000 -0.000004
vn 1.000000 -0.000000 -0.000004
vn 1.000000 -0.000000 -0.000004
vn 1.000000 -0.000000 -0.000004
vn 1.000000 -0.000000 -0.000004
vn 1.000000 -0.000000 -0.000004
vn -1.000000 0.000000 0.000004
vn -1.000000 0.000000 0.000004
vn -1.000000 0.000000 0.000004
vn -1.000000 0.000000 0.000004
vn 0.000004 0.000000 1.000000
vn 0.000004 0.000000 1.000000
vn 0.000004 0.000000 1.000000
vn 0.000004 0.000000 1.000000
vn 0.000004 -0.211440 0.977391
vn 0.000004 -0.004189 0.999991
vn 0.000004 -0.211440 0.977391
vn 0.000004 -0.211440 0.977391
vn -1.000000 0.000000 0.000004
vn -1.000000 0.000000 0.000004
vn -1.000000 0.000000 0.000004
vn -1.000000 0.000000 0.000004
vn -0.000004 -0.000000 -1.000000
vn -0.000004 -0.000000 -1.000000
vn -0.000004 -0.000000 -1.000000
vn -0.000004 -0.000000 -1.000000
vn 0.000004 -0.108973 0.994045
vn 0.000004 -0.211440 0.977391
vn 0.000004 -0.211440 0.977391
vn 0.000004 -0.211440 0.977391
vn 0.000004 0.000000 1.000000
vn 0.000004 0.000000 1.000000
vn 0.000004 0.000000 1.000000
vn 0.000004 0.000000 1.000000
vn -1.000000 0.000000 0.000004
vn -1.000000 0.000000 0.000004
vn -1.000000 0.000000 0.000004
vn -1.000000 0.000000 0.000004
vn 1.000000 -0.000000 -0.000004
vn 1.000000 -0.000000 -0.000004
vn 1.000000 -0.000000 -0.000004
vn 1.000000 -0.000000 -0.000004
vn -0.000004 -0.000000 -1.000000
vn -0.000004 -0.000000 -1.000000
vn -0.000004 -0.000000 -1.000000
vn -0.000004 -0.000000 -1.000000
vn 0.000000 1.000000 -0.000000
vn 0.000000 1.000000 -0.000000
vn 0.000000 1.000000 -0.000000
vn 0.000000 1.000000 -0.000000
vn 1.000000 -0.000000 -0.000004
vn 1.000000 -0.000000 -0.000004
vn 1.000000 -0.000000 -0.000004
vn 1.000000 -0.000000 -0.000004
vn 0.000000 1.000000 -0.000000
vn 0.000000 1.000000 -0.000000
vn 0.000000 1.000000 -0.000000
vn 0.000000 1.000000 -0.000000
vn 0.000000 1.000000 -0.000000
vn 0.000000 1.000000 -0.000000
vn 0.000000 1.000000 -0.000000
vn 0.000000 1.000000 -0.000000
vn -0.000004 0.033204 -0.999449
vn -0.000004 0.033204 -0.999449
vn -0.000004 0.099504 -0.995037
vn -0.000004 0.099504 -0.995037
vn -0.000004 0.033204 -0.999449
vn -0.000004 -0.000000 -1.000000
vn -0.000004 -0.000000 -1.000000
vn -0.000004 -0.000000 -1.000000
vn -0.000004 -0.000000 -1.000000
vn -0.000004 0.033204 -0.999449
vn -0.000004 -0.000000 -1.000000
vn -0.000004 -0.000000 -1.000000
vn -0.000004 0.033204 -0.999449
vn -0.000004 -0.000000 -1.000000
vn -0.000004 -0.000000 -1.000000
vn -0.000004 0.033204 -0.999449
vn -1.000000 0.000000 0.000004
vn -1.000000 0.000000 0.000004
vn -1.000000 0.000000 0.000004
vn -1.000000 0.000000 0.000004
vn 1.000000 -0.000000 -0.000004
vn 1.000000 -0.000000 -0.000004
vn 1.000000 -0.000000 -0.000004
vn 1.000000 -0.000000 -0.000004
vn 0.000004 0.000000 1.000000
vn 0.000004 0.000000 1.000000
vn 0.000004 0.000000 1.000000
vn 0.000004 0.000000 1.000000
vn -0.000000 -0.996529 -0.083252
vn -0.000000 -0.996529 -0.083252
vn -0.000000 -0.996529 -0.083252
vn -0.000000 -0.996529 -0.083252
vn 0.000000 0.996529 0.083252
vn 0.000000 0.996529 0.083252
vn 0.000000 0.996529 0.083252
vn 0.000000 0.996529 0.083252
vn -1.000000 0.000000 0.000004
vn -1.000000 0.000000 0.000004
vn -1.000000 0.000000 0.000004
vn -1.000000 0.000000 0.000004
vn 1.000000 -0.000000 -0.000004
vn 1.000000 -0.000000 -0.000004
vn 1.000000 -0.000000 -0.000004
vn 1.000000 -0.000000 -0.000004
vn -0.059744 -0.000000 -0.998214
vn -0.089533 -0.000000 -0.995984
vn -0.089533 -0.000000 -0.995984
vn -0.029874 -0.000000 -0.999554
vn 0.030465 -0.000000 -0.999536
vn 0.060934 -0.000000 -0.998142
vn 0.091319 -0.000000 -0.995822
vn 0.091319 -0.000000 -0.995822
vn -0.060934 0.000000 0.998142
vn -0.091319 0.000000 0.995822
vn -0.091319 0.000000 0.995822
vn -0.030465 0.000000 0.999536
vn 0.029874 0.000000 0.999554
vn 0.059744 0.000000 0.998214
vn 0.089533 0.000000 0.995984
vn 0.089533 0.000000 0.995984
vn -1.000000 0.000000 0.000004
vn -1.000000 0.000000 0.000004
vn -1.000000 0.000000 0.000004
vn -1.000000 0.000000 0.000004
vn 1.000000 -0.000000 -0.000004
vn 1.000000 -0.000000 -0.000004
vn 1.000000 -0.000000 -0.000004
vn 1.000000 -0.000000 -0.000004
vn 0.000000 1.000000 -0.000000
vn 0.000000 1.000000 -0.000000
vn 0.000000 1.000000 -0.000000
vn 0.000000 1.000000 -0.000000
vn 0.000000 1.000000 -0.000000
vn 0.000000 1.000000 -0.000000
vn 0.000000 1.000000 -0.000000
vn 1.000000 -0.000000 -0.000004
vn 1.000000 -0.000000 -0.000004
vn 1.000000 -0.000000 -0.000004
vn 1.000000 -0.000000 -0.000004
vn 0.000000 1.000000 -0.000000
vn 0.000000 1.000000 -0.000000
vn 0.000000 1.000000 -0.000000
vn 0.000000 1.000000 -0.000000
vn -0.000000 -1.000000 0.000000
vn -0.000000 -1.000000 0.000000
vn -0.000000 -1.000000 0.000000
vn -0.000000 -1.000000 0.000000
vn 0.000000 1.000000 -0.000000
vn 0.000000 1.000000 -0.000000
vn 0.000000 1.000000 -0.000000
vn 0.000000 1.000000 -0.000000
vn -0.000000 -1.000000 0.000000
vn -0.000000 -1.000000 0.000000
vn -0.000000 -1.000000 0.000000
vn -0.000000 -1.000000 0.000000
vn -1.000000 0.000000 0.000004
vn -1.000000 0.000000 0.000004
vn -1.000000 0.000000 0.000004
vn -1.000000 0.000000 0.000004
vn 0.000000 1.000000 -0.000000
vn 0.000000 1.000000 -0.000000
vn 0.000000 1.000000 -0.000000
vn 0.000000 1.000000 -0.000000
vn 1.000000 -0.000000 -0.000004
vn 1.000000 -0.000000 -0.000004
vn 1.000000 -0.000000 -0.000004
vn 1.000000 -0.000000 -0.000004
vn -0.000000 -1.000000 0.000000
vn -0.000000 -1.000000 0.000000
vn -0.000000 -1.000000 0.000000
vn -0.000000 -1.000000 0.000000
vn -1.000000 0.000000 0.000004
vn -1.000000 0.000000 0.000004
vn -1.000000 0.000000 0.000004
vn -1.000000 0.000000 0.000004
vn 1.000000 -0.000000 -0.000004
vn 1.000000 -0.000000 -0.000004
vn 1.000000 -0.000000 -0.000004
vn 1.000000 -0.000000 -0.000004
vn 0.000000 1.000000 -0.000000
vn 0.000000 1.000000 -0.000000
vn 0.000000 1.000000 -0.000000
vn 0.000000 1.000000 -0.000000
vn -1.000000 0.000000 0.000004
vn -1.000000 0.000000 0.000004
vn -1.000000 0.000000 0.000004
vn -1.000000 0.000000 0.000004
vn 1.000000 -0.000000 -0.000004
vn 1.000000 -0.000000 -0.000004
vn 1.000000 -0.000000 -0.000004
vn 1.000000 -0.000000 -0.000004
vn -0.000000 -1.000000 0.000000
vn -0.000000 -1.000000 0.000000
vn -0.000000 -1.000000 0.000000
vn -0.000000 -1.000000 0.000000
vn -1.000000 0.000000 0.000004
vn -1.000000 0.000000 0.000004
vn -1.000000 0.000000 0.000004
vn -1.000000 0.000000 0.000004
vn 1.000000 -0.000000 -0.000004
vn 1.000000 -0.000000 -0.000004
vn 1.000000 -0.000000 -0.000004
vn 1.000000 -0.000000 -0.000004
vn -1.000000 0.000000 0.000004
vn -1.000000 0.000000 0.000004
vn -1.000000 0.000000 0.000004
vn -1.000000 0.000000 0.000004
vn 0.059745 0.000000 0.998214
vn 0.089535 0.000000 0.995984
vn 0.089535 0.000000 0.995984
vn 0.029875 0.000000 0.999554
vn -0.030464 0.000000 0.999536
vn -0.060933 0.000000 0.998142
vn -0.091317 0.000000 0.995822
vn -0.091317 0.000000 0.995822
vn 0.060933 -0.000000 -0.998142
vn 0.091317 -0.000000 -0.995822
vn 0.091317 -0.000000 -0.995822
vn 0.030464 -0.000000 -0.999536
vn -0.029875 -0.000000 -0.999554
vn -0.059745 -0.000000 -0.998214
vn -0.089535 -0.000000 -0.995984
vn -0.089535 -0.000000 -0.995984
vn -0.000000 -1.000000 0.000000
vn -0.000000 -1.000000 0.000000
vn -0.000000 -1.000000 0.000000
vn -0.000000 -1.000000 0.000000
vn -0.000000 -1.000000 0.000000
vn -0.000000 -1.000000 0.000000
vn -0.229548 0.972275 -0.044595
vn 0.090937 0.995491 -0.026992
vn -0.152597 0.987844 -0.029646
vn 0.000000 1.000000 -0.000000
vn 0.016619 0.033247 -0.999309
vn 0.005537 0.030357 -0.999524
vn 0.005549 -0.015969 -0.999857
vn -0.003337 -0.025832 -0.999661
vn -0.000004 -0.109958 -0.993936
vn -0.000004 -0.109958 -0.993936
vn -0.008317 0.031080 -0.999482
vn -0.016628 0.033247 -0.999309
vn -1.000000 0.000000 0.000004
vn -1.000000 0.000000 0.000004
vn -1.000000 0.000000 0.000004
vn -1.000000 0.000000 0.000004
vn -1.000000 0.000000 0.000004
vn -1.000000 0.000000 0.000004
vn -1.000000 0.000000 0.000004
vn -1.000000 0.000000 0.000004
vn 0.060924 0.198782 -0.978148
vn 0.040617 0.200219 -0.978909
vn 0.105130 0.210268 -0.971975
vn 0.005527 0.197531 -0.980281
vn -0.030467 0.200906 -0.979137
vn -0.008302 0.194871 -0.980794
vn -0.060933 0.198782 -0.978148
vn -0.105138 0.210268 -0.971974
vn -0.000000 -1.000000 0.000000
vn -0.000000 -1.000000 0.000000
vn -0.000000 -1.000000 0.000000
vn -0.000000 -1.000000 0.000000
vn -0.000000 -1.000000 0.000000
vn -0.000000 -1.000000 0.000000
vn -0.000000 -1.000000 0.000000
vn -0.000000 -1.000000 0.000000
vn -0.000000 -1.000000 0.000000
vn -0.000000 -1.000000 0.000000
vn -0.000000 -1.000000 0.000000
vn -0.000000 -1.000000 0.000000
vn -0.000000 -1.000000 0.000000
vn -0.000000 -1.000000 0.000000
vn -0.000000 -1.000000 0.000000
vn -0.000000 -1.000000 0.000000
vn -0.000000 -1.000000 0.000000
vn 0.000000 1.000000 -0.000000
vn 0.000000 1.000000 -0.000000
vn 0.000000 1.000000 -0.000000
vn 0.000000 1.000000 -0.000000
vn 0.000000 1.000000 -0.000000
vn 0.000000 1.000000 -0.000000
vn 0.000000 1.000000 -0.000000
vn 0.000000 1.000000 -0.000000
vn 0.000000 1.000000 -0.000000
vn 0.000000 1.000000 -0.000000
vn 0.000000 1.000000 -0.000000
vn 0.000000 1.000000 -0.000000
vn 0.000000 1.000000 -0.000000
vn 0.000000 1.000000 -0.000000
vn 0.000000 1.000000 -0.000000
vn 0.000000 1.000000 -0.000000
vn -0.000000 -1.000000 0.000000
vn -0.000000 -1.000000 0.000000
vn -0.000000 -1.000000 0.000000
vn -0.000000 -1.000000 0.000000
vn -0.000000 -1.000000 0.000000
vn -0.000000 -1.000000 0.000000
vn -0.000000 -1.000000 0.000000
vn -0.000000 -1.000000 0.000000
vn -0.000004 -0.000000 -1.000000
vn -0.000004 -0.000000 -1.000000
vn -0.000004 -0.000000 -1.000000
vn -0.000004 -0.000000 -1.000000
vn -0.000004 -0.000000 -1.000000
vn -0.000004 -0.000000 -1.000000
vn -0.000004 -0.000000 -1.000000
vn -0.000004 -0.000000 -1.000000
vn -0.000004 -0.000000 -1.000000
vn -0.000004 -0.000000 -1.000000
vn -0.000004 -0.000000 -1.000000
vn -0.000004 -0.000000 -1.000000
vn -0.000004 -0.000000 -1.000000
vn -0.000004 -0.000000 -1.000000
vn -0.000004 -0.000000 -1.000000
vn -0.000004 -0.000000 -1.000000
vn -0.000004 -0.000000 -1.000000
vn -0.000004 -0.000000 -1.000000
vn -0.000004 -0.000000 -1.000000
vn -0.000004 -0.000000 -1.000000
vn -0.000004 -0.000000 -1.000000
vn -0.000004 -0.000000 -1.000000
vn -0.000004 -0.000000 -1.000000
vn -0.000004 -0.000000 -1.000000
vn -0.000004 -0.000000 -1.000000
f 3/3/3 2/2/2 1/1/1
f 1/1/1 5/5/5 4/4/4
f 7/7/7 4/4/4 6/6/6
f 10/10/10 9/9/9 8/8/8
f 13/13/13 12/12/12 11/11/11
f 16/16/16 15/15/15 14/14/14
f 19/19/19 18/18/18 17/17/17
f 22/22/22 21/21/21 20/20/20
f 25/25/25 24/24/24 23/23/23
f 28/28/28 27/27/27 26/26/26
f 30/30/30 29/29/29 26/26/26
f 33/33/33 32/32/32 31/31/31
f 36/36/36 35/35/35 34/34/34
f 36/36/36 38/38/38 37/37/37
f 40/40/40 38/38/38 39/39/39
f 41/41/41 40/40/40 39/39/39
f 40/40/40 41/41/41 42/42/42
f 43/43/43 42/42/42 41/41/41
f 40/40/40 45/45/45 44/44/44
f 44/44/44 47/47/47 46/46/46
f 39/39/39 49/49/49 48/48/48
f 48/48/48 49/49/49 50/50/50
f 53/53/53 52/52/52 51/51/51
f 56/56/56 55/55/55 54/54/54
f 59/59/59 58/58/58 57/57/57
f 62/62/62 61/61/61 60/60/60
f 65/65/65 64/64/64 63/63/63
f 68/68/68 67/67/67 66/66/66
f 71/71/71 70/70/70 69/69/69
f 74/74/74 73/73/73 72/72/72
f 76/76/76 73/73/73 75/75/75
f 75/75/75 73/73/73 77/77/77
f 75/75/75 79/79/79 78/78/78
f 80/80/80 78/78/78 79/79/79
f 78/78/78 80/80/80 81/81/81
f 82/82/82 81/81/81 80/80/80
f 83/83/83 81/81/81 82/82/82
f 85/85/85 84/84/84 78/78/78
f 87/87/87 86/86/86 83/83/83
f 88/88/88 86/86/86 87/87/87
f 91/91/91 90/90/90 89/89/89
f 94/94/94 93/93/93 92/92/92
f 96/96/96 95/95/95 93/93/93
f 97/97/97 93/93/93 95/95/95
f 100/100/100 99/99/99 98/98/98
f 103/103/103 102/102/102 101/101/101
f 105/105/105 104/104/104 102/102/102
f 107/107/107 102/102/102 106/106/106
f 107/107/107 108/108/108 102/102/102
f 109/109/109 108/108/108 107/107/107
f 110/110/110 109/109/109 107/107/107
f 108/108/108 109/109/109 111/111/111
f 111/111/111 113/113/113 112/112/112
f 115/115/115 108/108/108 114/114/114
f 118/118/118 117/117/117 116/116/116
f 121/121/121 120/120/120 119/119/119
f 124/124/124 123/123/123 122/122/122
f 127/127/127 126/126/126 125/125/125
f 130/130/130 129/129/129 128/128/128
f 133/133/133 132/132/132 131/131/131
f 136/136/136 135/135/135 134/134/134
f 134/134/134 135/135/135 137/137/137
f 138/138/138 137/137/137 135/135/135
f 141/141/141 140/140/140 139/139/139
f 142/142/142 141/141/141 139/139/139
f 144/144/144 139/139/139 143/143/143
f 143/143/143 145/145/145 144/144/144
f 145/145/145 146/146/146 144/144/144
f 149/149/149 148/148/148 147/147/147
f 150/150/150 149/149/149 147/147/147
f 153/153/153 152/152/152 151/151/151
f 154/154/154 153/153/153 151/151/151
f 157/157/157 156/156/156 155/155/155
f 155/155/155 156/156/156 158/158/158
f 160/160/160 156/156/156 159/159/159
f 156/156/156 161/161/161 159/159/159
f 159/159/159 161/161/161 162/162/162
f 165/165/165 164/164/164 163/163/163
f 166/166/166 165/165/165 163/163/163
f 169/169/169 168/168/168 167/167/167
f 170/170/170 169/169/169 167/167/167
f 173/173/173 172/172/172 171/171/171
f 174/174/174 173/173/173 171/171/171
f 177/177/177 176/176/176 175/175/175
f 178/178/178 177/177/177 175/175/175
f 181/181/181 180/180/180 179/179/179
f 182/182/182 181/181/181 179/179/179
f 185/185/185 184/184/184 183/183/183
f 186/186/186 185/185/185 183/183/183
f 189/189/189 188/188/188 187/187/187
f 190/190/190 189/189/189 187/187/187
f 193/193/193 192/192/192 191/191/191
f 194/194/194 193/193/193 191/191/191
f 197/197/197 196/196/196 195/195/195
f 198/198/198 197/197/197 195/195/195
f 201/201/201 200/200/200 199/199/199
f 202/202/202 201/201/201 199/199/199
f 205/205/205 204/204/204 203/203/203
f 206/206/206 205/205/205 203/203/203
f 209/209/209 208/208/208 207/207/207
f 210/210/210 209/209/209 207/207/207
f 213/213/213 212/212/212 211/211/211
f 214/214/214 213/213/213 211/211/211
f 217/217/217 216/216/216 215/215/215
f 218/218/218 217/217/217 215/215/215
f 221/221/221 220/220/220 219/219/219
f 222/222/222 221/221/221 219/219/219
f 225/225/225 224/224/224 223/223/223
f 226/226/226 225/225/225 223/223/223
f 229/229/229 228/228/228 227/227/227
f 230/230/230 229/229/229 227/227/227
f 233/233/233 232/232/232 231/231/231
f 234/234/234 233/233/233 231/231/231
f 237/237/237 236/236/236 235/235/235
f 238/238/238 237/237/237 235/235/235
f 241/241/241 240/240/240 239/239/239
f 242/242/242 241/241/241 239/239/239
f 245/245/245 244/244/244 243/243/243
f 246/246/246 245/245/245 243/243/243
f 249/249/249 248/248/248 247/247/247
f 250/250/250 249/249/249 247/247/247
f 253/253/253 252/252/252 251/251/251
f 254/254/254 253/253/253 251/251/251
f 257/257/257 256/256/256 255/255/255
f 258/258/258 257/257/257 255/255/255
f 261/261/261 260/260/260 259/259/259
f 262/262/262 261/261/261 259/259/259
f 265/265/265 264/264/264 263/263/263
f 266/266/266 265/265/265 263/263/263
f 266/266/266 263/263/263 267/267/267
f 268/268/268 266/266/266 267/267/267
f 268/268/268 267/267/267 269/269/269
f 270/270/270 268/268/268 269/269/269
f 273/273/273 272/272/272 271/271/271
f 274/274/274 273/273/273 271/271/271
f 274/274/274 271/271/271 275/275/275
f 276/276/276 274/274/274 275/275/275
f 276/276/276 275/275/275 277/277/277
f 278/278/278 276/276/276 277/277/277
f 281/281/281 280/280/280 279/279/279
f 282/282/282 281/281/281 279/279/279
f 285/285/285 284/284/284 283/283/283
f 286/286/286 285/285/285 283/283/283
f 289/289/289 288/288/288 287/287/287
f 290/290/290 287/287/287 288/288/288
f 287/287/287 290/290/290 291/291/291
f 292/292/292 291/291/291 290/290/290
f 293/293/293 291/291/291 292/292/292
f 296/296/296 295/295/295 294/294/294
f 297/297/297 296/296/296 294/294/294
f 300/300/300 299/299/299 298/298/298
f 301/301/301 300/300/300 298/298/298
f 304/304/304 303/303/303 302/302/302
f 305/305/305 304/304/304 302/302/302
f 308/308/308 307/307/307 306/306/306
f 309/309/309 308/308/308 306/306/306
f 312/312/312 311/311/311 310/310/310
f 313/313/313 312/312/312 310/310/310
f 316/316/316 315/315/315 314/314/314
f 317/317/317 316/316/316 314/314/314
f 320/320/320 319/319/319 318/318/318
f 321/321/321 320/320/320 318/318/318
f 324/324/324 323/323/323 322/322/322
f 325/325/325 324/324/324 322/322/322
f 328/328/328 327/327/327 326/326/326
f 329/329/329 328/328/328 326/326/326
f 332/332/332 331/331/331 330/330/330
f 333/333/333 332/332/332 330/330/330
f 336/336/336 335/335/335 334/334/334
f 337/337/337 336/336/336 334/334/334
f 340/340/340 339/339/339 338/338/338
f 341/341/341 340/340/340 338/338/338
f 344/344/344 343/343/343 342/342/342
f 345/345/345 344/344/344 342/342/342
f 348/348/348 347/347/347 346/346/346
f 349/349/349 348/348/348 346/346/346
f 352/352/352 351/351/351 350/350/350
f 353/353/353 352/352/352 350/350/350
f 356/356/356 355/355/355 354/354/354
f 357/357/357 356/356/356 354/354/354
f 360/360/360 359/359/359 358/358/358
f 361/361/361 360/360/360 358/358/358
f 364/364/364 363/363/363 362/362/362
f 365/365/365 364/364/364 362/362/362
f 368/368/368 367/367/367 366/366/366
f 369/369/369 368/368/368 366/366/366
f 369/369/369 366/366/366 370/370/370
f 371/371/371 369/369/369 370/370/370
f 371/371/371 370/370/370 372/372/372
f 373/373/373 371/371/371 372/372/372
f 376/376/376 375/375/375 374/374/374
f 377/377/377 376/376/376 374/374/374
f 377/377/377 374/374/374 378/378/378
f 379/379/379 377/377/377 378/378/378
f 379/379/379 378/378/378 380/380/380
f 381/381/381 379/379/379 380/380/380
f 384/384/384 383/383/383 382/382/382
f 385/385/385 382/382/382 383/383/383
f 385/385/385 386/386/386 382/382/382
f 387/387/387 386/386/386 385/385/385
f 390/390/390 389/389/389 388/388/388
f 391/391/391 389/389/389 390/390/390
f 394/394/394 393/393/393 392/392/392
f 395/395/395 393/393/393 394/394/394
f 395/395/395 394/394/394 396/396/396
f 397/397/397 395/395/395 396/396/396
f 393/393/393 395/395/395 398/398/398
f 399/399/399 398/398/398 395/395/395
f 402/402/402 401/401/401 400/400/400
f 403/403/403 401/401/401 402/402/402
f 406/406/406 405/405/405 404/404/404
f 407/407/407 405/405/405 406/406/406
f 410/410/410 409/409/409 408/408/408
f 408/408/408 409/409/409 411/411/411
f 409/409/409 412/412/412 411/411/411
f 411/411/411 412/412/412 413/413/413
f 413/413/413 412/412/412 414/414/414
f 414/414/414 412/412/412 415/415/415
f 418/418/418 417/417/417 416/416/416
f 416/416/416 417/417/417 419/419/419
f 422/422/422 421/421/421 420/420/420
f 422/422/422 423/423/423 421/421/421
f 424/424/424 423/423/423 422/422/422
f 427/427/427 426/426/426 425/425/425
f 425/425/425 426/426/426 428/428/428
f 426/426/426 429/429/429 428/428/428
f 428/428/428 429/429/429 430/430/430
f 430/430/430 429/429/429 431/431/431
f 431/431/431 429/429/429 432/432/432
f 435/435/435 434/434/434 433/433/433
f 433/433/433 434/434/434 436/436/436
f 434/434/434 437/437/437 436/436/436
f 436/436/436 437/437/437 438/438/438
f 438/438/438 437/437/437 439/439/439
f 439/439/439 437/437/437 440/440/440
f 443/443/443 442/442/442 441/441/441
f 441/441/441 442/442/442 444/444/444
f 442/442/442 445/445/445 444/444/444
f 444/444/444 445/445/445 446/446/446
f 446/446/446 445/445/445 447/447/447
f 447/447/447 445/445/445 448/448/448
f 451/451/451 450/450/450 449/449/449
f 449/449/449 450/450/450 452/452/452
f 450/450/450 453/453/453 452/452/452
f 452/452/452 453/453/453 454/454/454
f 454/454/454 453/453/453 455/455/455
f 455/455/455 453/453/453 456/456/456
f 459/459/459 458/458/458 457/457/457
f 459/459/459 457/457/457 460/460/460
f 457/457/457 458/458/458 461/461/461
f 458/458/458 462/462/462 461/461/461
f 463/463/463 460/460/460 457/457/457
f 464/464/464 462/462/462 458/458/458
f 465/465/465 460/460/460 463/463/463
f 465/465/465 463/463/463 466/466/466
f 460/460/460 467/467/467 464/464/464
f 465/465/465 467/467/467 460/460/460
f 464/464/464 467/467/467 462/462/462
f 468/468/468 462/462/462 467/467/467
f 469/469/469 465/465/465 466/466/466
f 462/462/462 468/468/468 470/470/470
f 471/471/471 469/469/469 466/466/466
f 469/469/469 471/471/471 468/468/468
f 472/472/472 468/468/468 471/471/471
f 470/470/470 468/468/468 472/472/472
f 471/471/471 466/466/466 473/473/473
f 474/474/474 473/473/473 466/466/466
f 472/472/472 475/475/475 470/470/470
f 476/476/476 473/473/473 474/474/474
f 473/473/473 476/476/476 475/475/475
f 474/474/474 477/477/477 476/476/476
f 476/476/476 477/477/477 478/478/478
f 479/479/479 478/478/478 477/477/477
f 480/480/480 479/479/479 477/477/477
f 476/476/476 481/481/481 475/475/475
f 481/481/481 470/470/470 475/475/475
f 479/479/479 480/480/480 481/481/481
f 480/480/480 470/470/470 481/481/481
