# GENERATED by tools/gen_vehicle_glass.py -- pane 'windshield'. Do not hand-edit.
# One file per pane so each breaks independently (Vehicle.GlassPaneLabels).
g windshield
v 1.015969 1.899534 -1.313633
v -1.014031 1.899534 -1.313633
v -1.014031 1.845796 -1.325344
v 1.015969 1.845796 -1.325344
v 1.015969 1.845796 -1.325344
v -1.014031 1.845796 -1.325344
v -1.014031 1.816484 -1.331732
v 1.015969 1.816484 -1.331732
v 1.015969 1.816484 -1.331732
v -1.014031 1.816484 -1.331732
v -1.014031 1.787172 -1.338120
v 1.015969 1.787172 -1.338120
v 1.015969 1.787172 -1.338120
v -1.014031 1.787172 -1.338120
v -1.014031 1.757859 -1.344507
v 1.015969 1.757859 -1.344507
v 1.015969 1.757859 -1.344507
v -1.014031 1.757859 -1.344507
v -1.014031 1.728547 -1.350895
v 1.015969 1.728547 -1.350895
v 1.015969 1.728547 -1.350895
v -1.014031 1.728547 -1.350895
v -1.014031 1.699235 -1.357283
v 1.015969 1.699235 -1.357283
v 1.015969 1.699235 -1.357283
v -1.014031 1.699235 -1.357283
v -1.014031 1.669923 -1.363671
v 1.015969 1.669923 -1.363671
v 1.015969 1.669923 -1.363671
v -1.014031 1.669923 -1.363671
v -1.014031 1.640611 -1.370059
v 1.015969 1.640611 -1.370059
v 1.015969 1.640611 -1.370059
v -1.014031 1.640611 -1.370059
v -1.014031 1.611299 -1.376447
v 1.015969 1.611299 -1.376447
v 1.015969 1.611299 -1.376447
v -1.014031 1.611299 -1.376447
v -1.014031 1.581987 -1.382834
v 1.015969 1.581987 -1.382834
v 1.015969 1.581987 -1.382834
v -1.014031 1.581987 -1.382834
v -1.014031 1.552675 -1.389222
v 1.015969 1.552675 -1.389222
v 1.015969 1.552675 -1.389222
v -1.014031 1.552675 -1.389222
v -1.014031 1.523363 -1.395610
v 1.015969 1.523363 -1.395610
v 1.015969 1.523363 -1.395610
v -1.014031 1.523363 -1.395610
v -1.014031 1.494051 -1.401998
v 1.015969 1.494051 -1.401998
v 1.015969 1.494051 -1.401998
v -1.014031 1.494051 -1.401998
v -1.014031 1.464739 -1.408386
v 1.015969 1.464739 -1.408386
v 1.015969 1.464739 -1.408386
v -1.014031 1.464739 -1.408386
v -1.014031 1.435427 -1.414774
v 1.015969 1.435427 -1.414774
v 1.015969 1.435427 -1.414774
v -1.014031 1.435427 -1.414774
v -1.014031 1.406115 -1.421161
v 1.015969 1.406115 -1.421161
v 1.015969 1.406115 -1.421161
v -1.014031 1.406115 -1.421161
v -1.014031 1.376803 -1.427549
v 1.015969 1.376803 -1.427549
v 1.015969 1.376803 -1.427549
v -1.014031 1.376803 -1.427549
v -1.014031 1.347491 -1.433937
v 1.015969 1.347491 -1.433937
v 1.015969 1.347491 -1.433937
v -1.014031 1.347491 -1.433937
v -1.014031 1.318179 -1.440325
v 1.015969 1.318179 -1.440325
v 1.015969 1.318179 -1.440325
v -1.014031 1.318179 -1.440325
v -1.014031 1.288867 -1.446713
v 1.015969 1.288867 -1.446713
v 1.015969 1.288867 -1.446713
v -1.014031 1.288867 -1.446713
v -1.014031 1.259555 -1.453101
v 1.015969 1.259555 -1.453101
v 1.015969 1.259555 -1.453101
v -1.014031 1.259555 -1.453101
v -1.014031 1.230243 -1.459488
v 1.015969 1.230243 -1.459488
v 1.015969 1.230243 -1.459488
v -1.014031 1.230243 -1.459488
v -1.014031 1.200931 -1.465876
v 1.015969 1.200931 -1.465876
v 1.015969 1.200931 -1.465876
v -1.014031 1.200931 -1.465876
v -1.014031 1.171619 -1.472264
v 1.015969 1.171619 -1.472264
v 1.015969 1.171619 -1.472264
v -1.014031 1.171619 -1.472264
v -1.014031 1.142307 -1.478652
v 1.015969 1.142307 -1.478652
v 1.015969 1.142307 -1.478652
v -1.014031 1.142307 -1.478652
v -1.014031 1.088568 -1.490363
v 1.015969 1.088568 -1.490363
f 3 2 1
f 4 3 1
f 7 6 5
f 8 7 5
f 11 10 9
f 12 11 9
f 15 14 13
f 16 15 13
f 19 18 17
f 20 19 17
f 23 22 21
f 24 23 21
f 27 26 25
f 28 27 25
f 31 30 29
f 32 31 29
f 35 34 33
f 36 35 33
f 39 38 37
f 40 39 37
f 43 42 41
f 44 43 41
f 47 46 45
f 48 47 45
f 51 50 49
f 52 51 49
f 55 54 53
f 56 55 53
f 59 58 57
f 60 59 57
f 63 62 61
f 64 63 61
f 67 66 65
f 68 67 65
f 71 70 69
f 72 71 69
f 75 74 73
f 76 75 73
f 79 78 77
f 80 79 77
f 83 82 81
f 84 83 81
f 87 86 85
f 88 87 85
f 91 90 89
f 92 91 89
f 95 94 93
f 96 95 93
f 99 98 97
f 100 99 97
f 103 102 101
f 104 103 101
