# GENERATED by tools/gen_vehicle_glass.py -- pane 'rear'. Do not hand-edit.
# One file per pane so each breaks independently (Vehicle.GlassPaneLabels).
g rear
v 1.015968 1.084533 2.314875
v -1.014032 1.084533 2.314875
v -1.014032 1.139046 2.307572
v 1.015968 1.139046 2.307572
v 1.015968 1.139046 2.307572
v -1.014032 1.139046 2.307572
v -1.014032 1.168781 2.303588
v 1.015968 1.168781 2.303588
v 1.015968 1.168781 2.303588
v -1.014032 1.168781 2.303588
v -1.014032 1.198515 2.299604
v 1.015968 1.198515 2.299604
v 1.015968 1.198515 2.299604
v -1.014032 1.198515 2.299604
v -1.014032 1.228249 2.295621
v 1.015968 1.228249 2.295621
v 1.015968 1.228249 2.295621
v -1.014032 1.228249 2.295621
v -1.014032 1.257984 2.291637
v 1.015968 1.257984 2.291637
v 1.015968 1.257984 2.291637
v -1.014032 1.257984 2.291637
v -1.014032 1.287718 2.287653
v 1.015968 1.287718 2.287653
v 1.015968 1.287718 2.287653
v -1.014032 1.287718 2.287653
v -1.014032 1.317452 2.283669
v 1.015968 1.317452 2.283669
v 1.015968 1.317452 2.283669
v -1.014032 1.317452 2.283669
v -1.014032 1.347186 2.279686
v 1.015968 1.347186 2.279686
v 1.015968 1.347186 2.279686
v -1.014032 1.347186 2.279686
v -1.014032 1.376921 2.275702
v 1.015968 1.376921 2.275702
v 1.015968 1.376921 2.275702
v -1.014032 1.376921 2.275702
v -1.014032 1.406655 2.271718
v 1.015968 1.406655 2.271718
v 1.015968 1.406655 2.271718
v -1.014032 1.406655 2.271718
v -1.014032 1.436389 2.267735
v 1.015968 1.436389 2.267735
v 1.015968 1.436389 2.267735
v -1.014032 1.436389 2.267735
v -1.014032 1.466124 2.263751
v 1.015968 1.466124 2.263751
v 1.015968 1.466124 2.263751
v -1.014032 1.466124 2.263751
v -1.014032 1.495858 2.259767
v 1.015968 1.495858 2.259767
v 1.015968 1.495858 2.259767
v -1.014032 1.495858 2.259767
v -1.014032 1.525592 2.255784
v 1.015968 1.525592 2.255784
v 1.015968 1.525592 2.255784
v -1.014032 1.525592 2.255784
v -1.014032 1.555327 2.251800
v 1.015968 1.555327 2.251800
v 1.015968 1.555327 2.251800
v -1.014032 1.555327 2.251800
v -1.014032 1.585061 2.247816
v 1.015968 1.585061 2.247816
v 1.015968 1.585061 2.247816
v -1.014032 1.585061 2.247816
v -1.014032 1.614795 2.243832
v 1.015968 1.614795 2.243832
v 1.015968 1.614795 2.243832
v -1.014032 1.614795 2.243832
v -1.014032 1.644530 2.239849
v 1.015968 1.644530 2.239849
v 1.015968 1.644530 2.239849
v -1.014032 1.644530 2.239849
v -1.014032 1.674264 2.235865
v 1.015968 1.674264 2.235865
v 1.015968 1.674264 2.235865
v -1.014032 1.674264 2.235865
v -1.014032 1.703998 2.231881
v 1.015968 1.703998 2.231881
v 1.015968 1.703998 2.231881
v -1.014032 1.703998 2.231881
v -1.014032 1.733733 2.227898
v 1.015968 1.733733 2.227898
v 1.015968 1.733733 2.227898
v -1.014032 1.733733 2.227898
v -1.014032 1.763467 2.223914
v 1.015968 1.763467 2.223914
v 1.015968 1.763467 2.223914
v -1.014032 1.763467 2.223914
v -1.014032 1.793201 2.219930
v 1.015968 1.793201 2.219930
v 1.015968 1.793201 2.219930
v -1.014032 1.793201 2.219930
v -1.014032 1.822936 2.215946
v 1.015968 1.822936 2.215946
v 1.015968 1.822936 2.215946
v -1.014032 1.822936 2.215946
v -1.014032 1.852670 2.211963
v 1.015968 1.852670 2.211963
v 1.015968 1.852670 2.211963
v -1.014032 1.852670 2.211963
v -1.014032 1.882404 2.207979
v 1.015968 1.882404 2.207979
v 1.015968 1.882404 2.207979
v -1.014032 1.882404 2.207979
v -1.014032 1.912139 2.203995
v 1.015968 1.912139 2.203995
v 1.015968 1.912139 2.203995
v -1.014032 1.912139 2.203995
v -1.014032 1.941873 2.200012
v 1.015968 1.941873 2.200012
v 1.015968 1.941873 2.200012
v -1.014032 1.941873 2.200012
v -1.014032 1.971607 2.196028
v 1.015968 1.971607 2.196028
v 1.015968 1.971607 2.196028
v -1.014032 1.971607 2.196028
v -1.014032 2.001342 2.192044
v 1.015968 2.001342 2.192044
v 1.015968 2.001342 2.192044
v -1.014032 2.001342 2.192044
v -1.014032 2.031076 2.188060
v 1.015968 2.031076 2.188060
v 1.015968 2.031076 2.188060
v -1.014032 2.031076 2.188060
v -1.014032 2.060810 2.184077
v 1.015968 2.060810 2.184077
v 1.015968 2.060810 2.184077
v -1.014032 2.060810 2.184077
v -1.014032 2.090545 2.180093
v 1.015968 2.090545 2.180093
v 1.015968 2.090545 2.180093
v -1.014032 2.090545 2.180093
v -1.014032 2.145058 2.172790
v 1.015968 2.145058 2.172790
f 3 2 1
f 4 3 1
f 7 6 5
f 8 7 5
f 11 10 9
f 12 11 9
f 15 14 13
f 16 15 13
f 19 18 17
f 20 19 17
f 23 22 21
f 24 23 21
f 27 26 25
f 28 27 25
f 31 30 29
f 32 31 29
f 35 34 33
f 36 35 33
f 39 38 37
f 40 39 37
f 43 42 41
f 44 43 41
f 47 46 45
f 48 47 45
f 51 50 49
f 52 51 49
f 55 54 53
f 56 55 53
f 59 58 57
f 60 59 57
f 63 62 61
f 64 63 61
f 67 66 65
f 68 67 65
f 71 70 69
f 72 71 69
f 75 74 73
f 76 75 73
f 79 78 77
f 80 79 77
f 83 82 81
f 84 83 81
f 87 86 85
f 88 87 85
f 91 90 89
f 92 91 89
f 95 94 93
f 96 95 93
f 99 98 97
f 100 99 97
f 103 102 101
f 104 103 101
f 107 106 105
f 108 107 105
f 111 110 109
f 112 111 109
f 115 114 113
f 116 115 113
f 119 118 117
f 120 119 117
f 123 122 121
f 124 123 121
f 127 126 125
f 128 127 125
f 131 130 129
f 132 131 129
f 135 134 133
f 136 135 133
