# GENERATED by tools/gen_vehicle_glass.py -- pane 'windshield'. Do not hand-edit.
# One file per pane so each breaks independently (Vehicle.GlassPaneLabels).
g windshield
v 1.015968 1.906694 -0.414001
v -1.014032 1.906694 -0.414001
v -1.014032 1.854955 -0.432659
v 1.015968 1.854955 -0.432659
v 1.015968 1.854955 -0.432659
v -1.014032 1.854955 -0.432659
v -1.014032 1.826734 -0.442836
v 1.015968 1.826734 -0.442836
v 1.015968 1.826734 -0.442836
v -1.014032 1.826734 -0.442836
v -1.014032 1.798513 -0.453013
v 1.015968 1.798513 -0.453013
v 1.015968 1.798513 -0.453013
v -1.014032 1.798513 -0.453013
v -1.014032 1.770292 -0.463190
v 1.015968 1.770292 -0.463190
v 1.015968 1.770292 -0.463190
v -1.014032 1.770292 -0.463190
v -1.014032 1.742071 -0.473367
v 1.015968 1.742071 -0.473367
v 1.015968 1.742071 -0.473367
v -1.014032 1.742071 -0.473367
v -1.014032 1.713850 -0.483544
v 1.015968 1.713850 -0.483544
v 1.015968 1.713850 -0.483544
v -1.014032 1.713850 -0.483544
v -1.014032 1.685629 -0.493721
v 1.015968 1.685629 -0.493721
v 1.015968 1.685629 -0.493721
v -1.014032 1.685629 -0.493721
v -1.014032 1.657408 -0.503898
v 1.015968 1.657408 -0.503898
v 1.015968 1.657408 -0.503898
v -1.014032 1.657408 -0.503898
v -1.014032 1.629187 -0.514075
v 1.015968 1.629187 -0.514075
v 1.015968 1.629187 -0.514075
v -1.014032 1.629187 -0.514075
v -1.014032 1.600966 -0.524252
v 1.015968 1.600966 -0.524252
v 1.015968 1.600966 -0.524252
v -1.014032 1.600966 -0.524252
v -1.014032 1.572745 -0.534429
v 1.015968 1.572745 -0.534429
v 1.015968 1.572745 -0.534429
v -1.014032 1.572745 -0.534429
v -1.014032 1.544524 -0.544606
v 1.015968 1.544524 -0.544606
v 1.015968 1.544524 -0.544606
v -1.014032 1.544524 -0.544606
v -1.014032 1.516302 -0.554783
v 1.015968 1.516302 -0.554783
v 1.015968 1.516302 -0.554783
v -1.014032 1.516302 -0.554783
v -1.014032 1.488081 -0.564960
v 1.015968 1.488081 -0.564960
v 1.015968 1.488081 -0.564960
v -1.014032 1.488081 -0.564960
v -1.014032 1.459860 -0.575137
v 1.015968 1.459860 -0.575137
v 1.015968 1.459860 -0.575137
v -1.014032 1.459860 -0.575137
v -1.014032 1.431639 -0.585314
v 1.015968 1.431639 -0.585314
v 1.015968 1.431639 -0.585314
v -1.014032 1.431639 -0.585314
v -1.014032 1.403418 -0.595491
v 1.015968 1.403418 -0.595491
v 1.015968 1.403418 -0.595491
v -1.014032 1.403418 -0.595491
v -1.014032 1.375197 -0.605668
v 1.015968 1.375197 -0.605668
v 1.015968 1.375197 -0.605668
v -1.014032 1.375197 -0.605668
v -1.014032 1.346976 -0.615846
v 1.015968 1.346976 -0.615846
v 1.015968 1.346976 -0.615846
v -1.014032 1.346976 -0.615846
v -1.014032 1.318755 -0.626023
v 1.015968 1.318755 -0.626023
v 1.015968 1.318755 -0.626023
v -1.014032 1.318755 -0.626023
v -1.014032 1.290534 -0.636200
v 1.015968 1.290534 -0.636200
v 1.015968 1.290534 -0.636200
v -1.014032 1.290534 -0.636200
v -1.014032 1.262313 -0.646377
v 1.015968 1.262313 -0.646377
v 1.015968 1.262313 -0.646377
v -1.014032 1.262313 -0.646377
v -1.014032 1.234092 -0.656554
v 1.015968 1.234092 -0.656554
v 1.015968 1.234092 -0.656554
v -1.014032 1.234092 -0.656554
v -1.014032 1.205871 -0.666731
v 1.015968 1.205871 -0.666731
v 1.015968 1.205871 -0.666731
v -1.014032 1.205871 -0.666731
v -1.014032 1.177650 -0.676908
v 1.015968 1.177650 -0.676908
v 1.015968 1.177650 -0.676908
v -1.014032 1.177650 -0.676908
v -1.014032 1.149429 -0.687085
v 1.015968 1.149429 -0.687085
v 1.015968 1.149429 -0.687085
v -1.014032 1.149429 -0.687085
v -1.014032 1.121208 -0.697262
v 1.015968 1.121208 -0.697262
v 1.015968 1.121208 -0.697262
v -1.014032 1.121208 -0.697262
v -1.014032 1.092987 -0.707439
v 1.015968 1.092987 -0.707439
v 1.015968 1.092987 -0.707439
v -1.014032 1.092987 -0.707439
v -1.014032 1.064765 -0.717616
v 1.015968 1.064765 -0.717616
v 1.015968 1.064765 -0.717616
v -1.014032 1.064765 -0.717616
v -1.014032 1.013027 -0.736274
v 1.015968 1.013027 -0.736274
f 3 2 1
f 4 3 1
f 7 6 5
f 8 7 5
f 11 10 9
f 12 11 9
f 15 14 13
f 16 15 13
f 19 18 17
f 20 19 17
f 23 22 21
f 24 23 21
f 27 26 25
f 28 27 25
f 31 30 29
f 32 31 29
f 35 34 33
f 36 35 33
f 39 38 37
f 40 39 37
f 43 42 41
f 44 43 41
f 47 46 45
f 48 47 45
f 51 50 49
f 52 51 49
f 55 54 53
f 56 55 53
f 59 58 57
f 60 59 57
f 63 62 61
f 64 63 61
f 67 66 65
f 68 67 65
f 71 70 69
f 72 71 69
f 75 74 73
f 76 75 73
f 79 78 77
f 80 79 77
f 83 82 81
f 84 83 81
f 87 86 85
f 88 87 85
f 91 90 89
f 92 91 89
f 95 94 93
f 96 95 93
f 99 98 97
f 100 99 97
f 103 102 101
f 104 103 101
f 107 106 105
f 108 107 105
f 111 110 109
f 112 111 109
f 115 114 113
f 116 115 113
f 119 118 117
f 120 119 117
