g orca_taillights
v 1.074994 2.931326 -0.036664
v 1.074994 2.562957 -0.036664
v 1.235724 2.562957 -0.036664
v 1.235724 2.931326 -0.036664
v 1.235724 2.931326 -0.036664
v 1.235724 2.562957 -0.036664
v 1.235724 2.562957 -0.405033
v 1.235724 2.931326 -0.405033
v 1.074994 2.562957 -0.405033
v 1.235724 2.562957 -0.405033
v 1.235724 2.562957 -0.036664
v 1.074994 2.562957 -0.036664
v 1.235724 2.931326 -0.405033
v 1.074994 2.931326 -0.405033
v 1.074994 2.931326 -0.036664
v 1.235724 2.931326 -0.036664
v 1.235724 2.931326 -0.405033
v 1.235724 2.562957 -0.405033
v 1.074994 2.562957 -0.405033
v 1.074994 2.931326 -0.405033
v 0.274994 2.931326 -0.036664
v 0.274994 2.562956 -0.036664
v 0.435724 2.562956 -0.036664
v 0.435724 2.931326 -0.036664
v 0.435724 2.931326 -0.036664
v 0.435724 2.562956 -0.036664
v 0.435724 2.562956 -0.405033
v 0.435724 2.931326 -0.405033
v 0.274994 2.562956 -0.405033
v 0.435724 2.562956 -0.405033
v 0.435724 2.562956 -0.036664
v 0.274994 2.562956 -0.036664
v 0.435724 2.931326 -0.405033
v 0.274994 2.931326 -0.405033
v 0.274994 2.931326 -0.036664
v 0.435724 2.931326 -0.036664
v 0.435724 2.931326 -0.405033
v 0.435724 2.562956 -0.405033
v 0.274994 2.562956 -0.405033
v 0.274994 2.931326 -0.405033
f 3 1 2
f 4 1 3
f 7 5 6
f 8 5 7
f 11 9 10
f 12 9 11
f 15 13 14
f 16 13 15
f 19 17 18
f 20 17 19
f 23 21 22
f 24 21 23
f 27 25 26
f 28 25 27
f 31 29 30
f 32 29 31
f 35 33 34
f 36 33 35
f 39 37 38
f 40 37 39
