g orca_steer
v -0.564356 1.027173 -3.219639
v -0.353077 0.956299 -3.200647
v -0.353077 0.864258 -3.175985
v -0.564356 0.935132 -3.194976
v -0.564356 1.027173 -3.219639
v -0.564356 0.935132 -3.194976
v -0.659644 0.935132 -3.194977
v -0.659644 1.027173 -3.219639
v -0.659644 1.051835 -3.127598
v -0.870924 0.980961 -3.108608
v -0.870924 0.888920 -3.083946
v -0.659644 0.959794 -3.102936
v -0.659644 1.051835 -3.127598
v -0.659644 0.959794 -3.102936
v -0.564356 0.959794 -3.102936
v -0.564356 1.051835 -3.127598
v -0.564356 0.959794 -3.102936
v -0.659644 0.959794 -3.102936
v -0.659644 0.935132 -3.194977
v -0.564356 0.935132 -3.194976
v -0.659644 1.051835 -3.127598
v -0.564356 1.051835 -3.127598
v -0.564356 1.027173 -3.219639
v -0.659644 1.027173 -3.219639
v -0.870923 0.956298 -3.200649
v -0.881315 1.194401 -3.264448
v -0.881315 1.219064 -3.172407
v -0.870924 0.980961 -3.108608
v -0.870924 0.888920 -3.083946
v -0.956096 0.888920 -3.083947
v -0.956095 0.864258 -3.175988
v -0.870923 0.864258 -3.175987
v -0.564356 0.959794 -3.102936
v -0.353077 0.888920 -3.083944
v -0.353077 0.980961 -3.108606
v -0.564356 1.051835 -3.127598
v -0.659644 0.959794 -3.102936
v -0.870924 0.888920 -3.083946
v -0.870923 0.864258 -3.175987
v -0.659644 0.935132 -3.194977
v -0.659644 1.027173 -3.219639
v -0.870923 0.956298 -3.200649
v -0.870924 0.980961 -3.108608
v -0.659644 1.051835 -3.127598
v -0.659644 0.935132 -3.194977
v -0.870923 0.864258 -3.175987
v -0.870923 0.956298 -3.200649
v -0.659644 1.027173 -3.219639
v -0.564356 0.935132 -3.194976
v -0.353077 0.864258 -3.175985
v -0.353077 0.888920 -3.083944
v -0.564356 0.959794 -3.102936
v -0.564356 1.051835 -3.127598
v -0.353077 0.980961 -3.108606
v -0.353077 0.956299 -3.200647
v -0.564356 1.027173 -3.219639
v -0.267905 0.980961 -3.108606
v -0.267905 0.888920 -3.083944
v -0.267905 0.864258 -3.175985
v -0.267904 0.956299 -3.200647
v -0.956095 0.956298 -3.200650
v -0.956095 0.864258 -3.175988
v -0.956096 0.888920 -3.083947
v -0.956096 0.980961 -3.108609
v -0.353077 0.864258 -3.175985
v -0.267905 0.864258 -3.175985
v -0.267905 0.888920 -3.083944
v -0.353077 0.888920 -3.083944
v -0.956095 0.956298 -3.200650
v -0.969905 1.194401 -3.264449
v -0.881315 1.194401 -3.264448
v -0.870923 0.956298 -3.200649
v -0.870924 0.980961 -3.108608
v -0.956096 0.980961 -3.108609
v -0.956096 0.888920 -3.083947
v -0.870924 0.888920 -3.083946
v -0.870923 0.864258 -3.175987
v -0.956095 0.864258 -3.175988
v -0.956095 0.956298 -3.200650
v -0.870923 0.956298 -3.200649
v -0.353077 0.956299 -3.200647
v -0.267904 0.956299 -3.200647
v -0.267905 0.864258 -3.175985
v -0.353077 0.864258 -3.175985
v -0.353077 0.888920 -3.083944
v -0.267905 0.888920 -3.083944
v -0.267905 0.980961 -3.108606
v -0.353077 0.980961 -3.108606
v -0.881315 1.194401 -3.264448
v -0.969905 1.194401 -3.264449
v -0.969906 1.219064 -3.172408
v -0.881315 1.219064 -3.172407
v -0.342685 1.219064 -3.172405
v -0.254094 1.219064 -3.172405
v -0.254094 1.194402 -3.264446
v -0.342685 1.194402 -3.264446
v -0.353077 0.980961 -3.108606
v -0.342685 1.219064 -3.172405
v -0.342685 1.194402 -3.264446
v -0.353077 0.956299 -3.200647
v -0.956096 0.980961 -3.108609
v -0.969906 1.219064 -3.172408
v -0.969905 1.194401 -3.264449
v -0.956095 0.956298 -3.200650
v -0.353077 0.956299 -3.200647
v -0.342685 1.194402 -3.264446
v -0.254094 1.194402 -3.264446
v -0.267904 0.956299 -3.200647
v -0.267904 0.956299 -3.200647
v -0.254094 1.194402 -3.264446
v -0.254094 1.219064 -3.172405
v -0.267905 0.980961 -3.108606
v -0.870924 0.980961 -3.108608
v -0.881315 1.219064 -3.172407
v -0.969906 1.219064 -3.172408
v -0.956096 0.980961 -3.108609
v -0.267905 0.980961 -3.108606
v -0.254094 1.219064 -3.172405
v -0.342685 1.219064 -3.172405
v -0.353077 0.980961 -3.108606
f 3 1 2
f 4 1 3
f 7 5 6
f 8 5 7
f 11 9 10
f 12 9 11
f 15 13 14
f 16 13 15
f 19 17 18
f 20 17 19
f 23 21 22
f 24 21 23
f 27 25 26
f 28 25 27
f 31 29 30
f 32 29 31
f 35 33 34
f 36 33 35
f 39 37 38
f 40 37 39
f 43 41 42
f 44 41 43
f 47 45 46
f 48 45 47
f 51 49 50
f 52 49 51
f 55 53 54
f 56 53 55
f 59 57 58
f 60 57 59
f 63 61 62
f 64 61 63
f 67 65 66
f 68 65 67
f 71 69 70
f 72 69 71
f 75 73 74
f 76 73 75
f 79 77 78
f 80 77 79
f 83 81 82
f 84 81 83
f 87 85 86
f 88 85 87
f 91 89 90
f 92 89 91
f 95 93 94
f 96 93 95
f 99 97 98
f 100 97 99
f 103 101 102
f 104 101 103
f 107 105 106
f 108 105 107
f 111 109 110
f 112 109 111
f 115 113 114
f 116 113 115
f 119 117 118
f 120 117 119
