g orca_seats
v -0.216488 0.503471 -2.121995
v -0.216485 0.027363 -2.786971
v -0.216485 0.503472 -2.786971
v -0.216488 0.027363 -2.121995
v -0.216489 0.503471 -1.851025
v -0.216489 0.027362 -1.851025
v -0.216489 1.519101 -1.791799
v -0.216488 1.554154 -2.060493
v -0.216485 0.503472 -2.786971
v -0.216485 0.027363 -2.786971
v -1.003511 0.027363 -2.786974
v -1.003511 0.503472 -2.786974
v -1.003515 0.503471 -1.851028
v -1.003515 0.027363 -1.851028
v -0.216489 0.027362 -1.851025
v -0.216489 0.503471 -1.851025
v -1.003515 1.519101 -1.791802
v -0.216489 1.519101 -1.791799
v -1.003514 0.503471 -2.121998
v -0.216488 0.503471 -2.121995
v -0.216485 0.503472 -2.786971
v -1.003511 0.503472 -2.786974
v -1.003511 0.503472 -2.786974
v -1.003511 0.027363 -2.786974
v -1.003514 0.027363 -2.121998
v -1.003514 0.503471 -2.121998
v -1.003515 0.027363 -1.851028
v -1.003515 0.503471 -1.851028
v -1.003514 1.554154 -2.060496
v -1.003515 1.519101 -1.791802
v -1.003514 0.503471 -2.121998
v -1.003514 1.554154 -2.060496
v -0.216488 1.554154 -2.060493
v -0.216488 0.503471 -2.121995
v -1.003515 1.519101 -1.791802
v -0.216489 1.519101 -1.791799
v -0.216488 1.554154 -2.060493
v -1.003514 1.554154 -2.060496
v 0.993512 0.503471 -2.121995
v 0.993515 0.027363 -2.786972
v 0.993515 0.503471 -2.786971
v 0.993512 0.027363 -2.121995
v 0.993511 0.503471 -1.851025
v 0.993511 0.027363 -1.851025
v 0.993511 1.519102 -1.791799
v 0.993512 1.554154 -2.060493
v 0.993515 0.503471 -2.786971
v 0.993515 0.027363 -2.786972
v 0.206489 0.027363 -2.786974
v 0.206489 0.503471 -2.786974
v 0.206485 0.503471 -1.851028
v 0.206485 0.027363 -1.851028
v 0.993511 0.027363 -1.851025
v 0.993511 0.503471 -1.851025
v 0.206485 1.519102 -1.791802
v 0.993511 1.519102 -1.791799
v 0.206486 0.503471 -2.121998
v 0.993512 0.503471 -2.121995
v 0.993515 0.503471 -2.786971
v 0.206489 0.503471 -2.786974
v 0.206489 0.503471 -2.786974
v 0.206489 0.027363 -2.786974
v 0.206486 0.027363 -2.121998
v 0.206486 0.503471 -2.121998
v 0.206485 0.027363 -1.851028
v 0.206485 0.503471 -1.851028
v 0.206486 1.554154 -2.060496
v 0.206485 1.519102 -1.791802
v 0.206486 0.503471 -2.121998
v 0.206486 1.554154 -2.060496
v 0.993512 1.554154 -2.060493
v 0.993512 0.503471 -2.121995
v 0.206485 1.519102 -1.791802
v 0.993511 1.519102 -1.791799
v 0.993512 1.554154 -2.060493
v 0.206486 1.554154 -2.060496
v -1.002512 0.511471 -1.309004
v -1.002515 0.035363 -0.644029
v -1.002515 0.511471 -0.644028
v -1.002512 0.035363 -1.309005
v -1.002511 0.511472 -1.579974
v -1.002511 0.035364 -1.579975
v -1.002511 1.527103 -1.639198
v -1.002512 1.562154 -1.370504
v -1.002515 0.511471 -0.644028
v -1.002515 0.035363 -0.644029
v -0.215489 0.035363 -0.644026
v -0.215489 0.511471 -0.644025
v -0.215485 0.511471 -1.579971
v -0.215485 0.035363 -1.579972
v -1.002511 0.035364 -1.579975
v -1.002511 0.511472 -1.579974
v -0.215485 1.527103 -1.639195
v -1.002511 1.527103 -1.639198
v -0.215486 0.511471 -1.309001
v -1.002512 0.511471 -1.309004
v -1.002515 0.511471 -0.644028
v -0.215489 0.511471 -0.644025
v -0.215489 0.511471 -0.644025
v -0.215489 0.035363 -0.644026
v -0.215486 0.035363 -1.309002
v -0.215486 0.511471 -1.309001
v -0.215485 0.035363 -1.579972
v -0.215485 0.511471 -1.579971
v -0.215486 1.562154 -1.370501
v -0.215485 1.527103 -1.639195
v -0.215486 0.511471 -1.309001
v -0.215486 1.562154 -1.370501
v -1.002512 1.562154 -1.370504
v -1.002512 0.511471 -1.309004
v -0.215485 1.527103 -1.639195
v -1.002511 1.527103 -1.639198
v -1.002512 1.562154 -1.370504
v -0.215486 1.562154 -1.370501
v 0.207488 0.511471 -1.309004
v 0.207485 0.035363 -0.644029
v 0.207485 0.511471 -0.644028
v 0.207488 0.035363 -1.309005
v 0.207489 0.511472 -1.579974
v 0.207489 0.035364 -1.579975
v 0.207489 1.527103 -1.639198
v 0.207488 1.562154 -1.370504
v 0.207485 0.511471 -0.644028
v 0.207485 0.035363 -0.644029
v 0.994511 0.035363 -0.644026
v 0.994511 0.511471 -0.644025
v 0.994515 0.511471 -1.579971
v 0.994515 0.035363 -1.579972
v 0.207489 0.035364 -1.579975
v 0.207489 0.511472 -1.579974
v 0.994515 1.527103 -1.639195
v 0.207489 1.527103 -1.639198
v 0.994514 0.511471 -1.309001
v 0.207488 0.511471 -1.309004
v 0.207485 0.511471 -0.644028
v 0.994511 0.511471 -0.644025
v 0.994511 0.511471 -0.644025
v 0.994511 0.035363 -0.644026
v 0.994514 0.035363 -1.309002
v 0.994514 0.511471 -1.309001
v 0.994515 0.035363 -1.579972
v 0.994515 0.511471 -1.579971
v 0.994514 1.562154 -1.370501
v 0.994515 1.527103 -1.639195
v 0.994514 0.511471 -1.309001
v 0.994514 1.562154 -1.370501
v 0.207488 1.562154 -1.370504
v 0.207488 0.511471 -1.309004
v 0.994515 1.527103 -1.639195
v 0.207489 1.527103 -1.639198
v 0.207488 1.562154 -1.370504
v 0.994514 1.562154 -1.370501
f 3 1 2
f 2 1 4
f 1 5 4
f 4 5 6
f 5 1 7
f 7 1 8
f 11 9 10
f 12 9 11
f 15 13 14
f 16 13 15
f 13 16 17
f 17 16 18
f 21 19 20
f 22 19 21
f 25 23 24
f 26 23 25
f 27 26 25
f 28 26 27
f 26 28 29
f 29 28 30
f 33 31 32
f 34 31 33
f 37 35 36
f 38 35 37
f 41 39 40
f 40 39 42
f 39 43 42
f 42 43 44
f 43 39 45
f 45 39 46
f 49 47 48
f 50 47 49
f 53 51 52
f 54 51 53
f 51 54 55
f 55 54 56
f 59 57 58
f 60 57 59
f 63 61 62
f 64 61 63
f 65 64 63
f 66 64 65
f 64 66 67
f 67 66 68
f 71 69 70
f 72 69 71
f 75 73 74
f 76 73 75
f 79 77 78
f 78 77 80
f 77 81 80
f 80 81 82
f 81 77 83
f 83 77 84
f 87 85 86
f 88 85 87
f 91 89 90
f 92 89 91
f 89 92 93
f 93 92 94
f 97 95 96
f 98 95 97
f 101 99 100
f 102 99 101
f 103 102 101
f 104 102 103
f 102 104 105
f 105 104 106
f 109 107 108
f 110 107 109
f 113 111 112
f 114 111 113
f 117 115 116
f 116 115 118
f 115 119 118
f 118 119 120
f 119 115 121
f 121 115 122
f 125 123 124
f 126 123 125
f 129 127 128
f 130 127 129
f 127 130 131
f 131 130 132
f 135 133 134
f 136 133 135
f 139 137 138
f 140 137 139
f 141 140 139
f 142 140 141
f 140 142 143
f 143 142 144
f 147 145 146
f 148 145 147
f 151 149 150
f 152 149 151
