# GENERATED by tools/gen_vehicle_glass.py -- pane 'rear'. Do not hand-edit.
# One file per pane so each breaks independently (Vehicle.GlassPaneLabels).
g rear
v -1.015964 1.090161 1.647478
v 1.014036 1.090161 1.647478
v 1.014036 1.139371 1.622915
v -1.015964 1.139371 1.622915
v -1.015964 1.139371 1.622915
v 1.014036 1.139371 1.622915
v 1.014036 1.166213 1.609516
v -1.015964 1.166213 1.609516
v -1.015964 1.166213 1.609516
v 1.014036 1.166213 1.609516
v 1.014036 1.193055 1.596118
v -1.015964 1.193055 1.596118
v -1.015964 1.193055 1.596118
v 1.014036 1.193055 1.596118
v 1.014036 1.219897 1.582720
v -1.015964 1.219897 1.582720
v -1.015964 1.219897 1.582720
v 1.014036 1.219897 1.582720
v 1.014036 1.246739 1.569321
v -1.015964 1.246739 1.569321
v -1.015964 1.246739 1.569321
v 1.014036 1.246739 1.569321
v 1.014036 1.273580 1.555923
v -1.015964 1.273580 1.555923
v -1.015964 1.273580 1.555923
v 1.014036 1.273580 1.555923
v 1.014036 1.300422 1.542525
v -1.015964 1.300422 1.542525
v -1.015964 1.300422 1.542525
v 1.014036 1.300422 1.542525
v 1.014036 1.327264 1.529126
v -1.015964 1.327264 1.529126
v -1.015964 1.327264 1.529126
v 1.014036 1.327264 1.529126
v 1.014036 1.354106 1.515728
v -1.015964 1.354106 1.515728
v -1.015964 1.354106 1.515728
v 1.014036 1.354106 1.515728
v 1.014036 1.380948 1.502330
v -1.015964 1.380948 1.502330
v -1.015964 1.380948 1.502330
v 1.014036 1.380948 1.502330
v 1.014036 1.407790 1.488931
v -1.015964 1.407790 1.488931
v -1.015964 1.407790 1.488931
v 1.014036 1.407790 1.488931
v 1.014036 1.434631 1.475533
v -1.015964 1.434631 1.475533
v -1.015964 1.434631 1.475533
v 1.014036 1.434631 1.475533
v 1.014036 1.461473 1.462134
v -1.015964 1.461473 1.462134
v -1.015964 1.461473 1.462134
v 1.014036 1.461473 1.462134
v 1.014036 1.488315 1.448736
v -1.015964 1.488315 1.448736
v -1.015964 1.488315 1.448736
v 1.014036 1.488315 1.448736
v 1.014036 1.515157 1.435338
v -1.015964 1.515157 1.435338
v -1.015964 1.515157 1.435338
v 1.014036 1.515157 1.435338
v 1.014036 1.541999 1.421939
v -1.015964 1.541999 1.421939
v -1.015964 1.541999 1.421939
v 1.014036 1.541999 1.421939
v 1.014036 1.568841 1.408541
v -1.015964 1.568841 1.408541
v -1.015964 1.568841 1.408541
v 1.014036 1.568841 1.408541
v 1.014036 1.595682 1.395143
v -1.015964 1.595682 1.395143
v -1.015964 1.595682 1.395143
v 1.014036 1.595682 1.395143
v 1.014036 1.622524 1.381744
v -1.015964 1.622524 1.381744
v -1.015964 1.622524 1.381744
v 1.014036 1.622524 1.381744
v 1.014036 1.649366 1.368346
v -1.015964 1.649366 1.368346
v -1.015964 1.649366 1.368346
v 1.014036 1.649366 1.368346
v 1.014036 1.676208 1.354948
v -1.015964 1.676208 1.354948
v -1.015964 1.676208 1.354948
v 1.014036 1.676208 1.354948
v 1.014036 1.703050 1.341549
v -1.015964 1.703050 1.341549
v -1.015964 1.703050 1.341549
v 1.014036 1.703050 1.341549
v 1.014036 1.729892 1.328151
v -1.015964 1.729892 1.328151
v -1.015964 1.729892 1.328151
v 1.014036 1.729892 1.328151
v 1.014036 1.756733 1.314753
v -1.015964 1.756733 1.314753
v -1.015964 1.756733 1.314753
v 1.014036 1.756733 1.314753
v 1.014036 1.783575 1.301354
v -1.015964 1.783575 1.301354
v -1.015964 1.783575 1.301354
v 1.014036 1.783575 1.301354
v 1.014036 1.810417 1.287956
v -1.015964 1.810417 1.287956
v -1.015964 1.810417 1.287956
v 1.014036 1.810417 1.287956
v 1.014036 1.837259 1.274557
v -1.015964 1.837259 1.274557
v -1.015964 1.837259 1.274557
v 1.014036 1.837259 1.274557
v 1.014036 1.886469 1.249994
v -1.015964 1.886469 1.249994
f 1 2 3
f 1 3 4
f 5 6 7
f 5 7 8
f 9 10 11
f 9 11 12
f 13 14 15
f 13 15 16
f 17 18 19
f 17 19 20
f 21 22 23
f 21 23 24
f 25 26 27
f 25 27 28
f 29 30 31
f 29 31 32
f 33 34 35
f 33 35 36
f 37 38 39
f 37 39 40
f 41 42 43
f 41 43 44
f 45 46 47
f 45 47 48
f 49 50 51
f 49 51 52
f 53 54 55
f 53 55 56
f 57 58 59
f 57 59 60
f 61 62 63
f 61 63 64
f 65 66 67
f 65 67 68
f 69 70 71
f 69 71 72
f 73 74 75
f 73 75 76
f 77 78 79
f 77 79 80
f 81 82 83
f 81 83 84
f 85 86 87
f 85 87 88
f 89 90 91
f 89 91 92
f 93 94 95
f 93 95 96
f 97 98 99
f 97 99 100
f 101 102 103
f 101 103 104
f 105 106 107
f 105 107 108
f 109 110 111
f 109 111 112
