# GENERATED by tools/gen_vehicle_glass.py -- pane 'r_rear'. Do not hand-edit.
# One file per pane so each breaks independently (Vehicle.GlassPaneLabels).
g r_rear
v -1.226964 1.101569 0.285188
v -1.226964 1.101569 1.475188
v -1.226964 1.156569 1.475188
v -1.226964 1.156569 0.285188
v -1.226964 1.156569 0.285188
v -1.226964 1.156569 1.475188
v -1.226964 1.186569 1.475188
v -1.226964 1.186569 0.285188
v -1.226964 1.186569 0.285188
v -1.226964 1.186569 1.475188
v -1.226964 1.216569 1.445188
v -1.226964 1.216569 0.285188
v -1.226964 1.216569 0.285188
v -1.226964 1.216569 1.445188
v -1.226964 1.246569 1.445188
v -1.226964 1.246569 0.285188
v -1.226964 1.246569 0.285188
v -1.226964 1.246569 1.445188
v -1.226964 1.276569 1.415188
v -1.226964 1.276569 0.285188
v -1.226964 1.276569 0.285188
v -1.226964 1.276569 1.415188
v -1.226964 1.306569 1.415188
v -1.226964 1.306569 0.285188
v -1.226964 1.306569 0.285188
v -1.226964 1.306569 1.415188
v -1.226964 1.336569 1.385188
v -1.226964 1.336569 0.285188
v -1.226964 1.336569 0.285188
v -1.226964 1.336569 1.385188
v -1.226964 1.366569 1.385188
v -1.226964 1.366569 0.285188
v -1.226964 1.366569 0.285188
v -1.226964 1.366569 1.385188
v -1.226964 1.396569 1.355188
v -1.226964 1.396569 0.285188
v -1.226964 1.396569 0.285188
v -1.226964 1.396569 1.355188
v -1.226964 1.426569 1.355188
v -1.226964 1.426569 0.285188
v -1.226964 1.426569 0.285188
v -1.226964 1.426569 1.355188
v -1.226964 1.456569 1.325188
v -1.226964 1.456569 0.285188
v -1.226964 1.456569 0.285188
v -1.226964 1.456569 1.325188
v -1.226964 1.486569 1.325188
v -1.226964 1.486569 0.285188
v -1.226964 1.486569 0.285188
v -1.226964 1.486569 1.325188
v -1.226964 1.516569 1.295188
v -1.226964 1.516569 0.285188
v -1.226964 1.516569 0.285188
v -1.226964 1.516569 1.295188
v -1.226964 1.546569 1.295188
v -1.226964 1.546569 0.285188
v -1.226964 1.546569 0.285188
v -1.226964 1.546569 1.295188
v -1.226964 1.576569 1.265188
v -1.226964 1.576569 0.285188
v -1.226964 1.576569 0.285188
v -1.226964 1.576569 1.265188
v -1.226964 1.606569 1.265188
v -1.226964 1.606569 0.285188
v -1.226964 1.606569 0.285188
v -1.226964 1.606569 1.265188
v -1.226964 1.636569 1.235188
v -1.226964 1.636569 0.285188
v -1.226964 1.636569 0.285188
v -1.226964 1.636569 1.235188
v -1.226964 1.666569 1.235188
v -1.226964 1.666569 0.285188
v -1.226964 1.666569 0.285188
v -1.226964 1.666569 1.235188
v -1.226964 1.696569 1.205188
v -1.226964 1.696569 0.285188
v -1.226964 1.696569 0.285188
v -1.226964 1.696569 1.205188
v -1.226964 1.726569 1.205188
v -1.226964 1.726569 0.285188
v -1.226964 1.726569 0.285188
v -1.226964 1.726569 1.205188
v -1.226964 1.756569 1.175188
v -1.226964 1.756569 0.285188
v -1.226964 1.756569 0.285188
v -1.226964 1.756569 1.175188
v -1.226964 1.786569 1.175188
v -1.226964 1.786569 0.285188
v -1.226964 1.786569 0.285188
v -1.226964 1.786569 1.175188
v -1.226964 1.816569 1.145188
v -1.226964 1.816569 0.285188
v -1.226964 1.816569 0.285188
v -1.226964 1.816569 1.145188
v -1.226964 1.846569 1.145188
v -1.226964 1.846569 0.285188
v -1.226964 1.846569 0.285188
v -1.226964 1.846569 1.145188
v -1.226964 1.876569 1.085188
v -1.226964 1.876569 0.285188
v -1.226964 1.876569 0.285188
v -1.226964 1.876569 1.085188
v -1.226964 1.906569 0.455188
v -1.226964 1.906569 0.285188
v -1.226964 1.906569 0.285188
v -1.226964 1.906569 0.455188
v -1.226964 1.961569 0.455188
v -1.226964 1.961569 0.285188
f 3 2 1
f 4 3 1
f 7 6 5
f 8 7 5
f 11 10 9
f 12 11 9
f 15 14 13
f 16 15 13
f 19 18 17
f 20 19 17
f 23 22 21
f 24 23 21
f 27 26 25
f 28 27 25
f 31 30 29
f 32 31 29
f 35 34 33
f 36 35 33
f 39 38 37
f 40 39 37
f 43 42 41
f 44 43 41
f 47 46 45
f 48 47 45
f 51 50 49
f 52 51 49
f 55 54 53
f 56 55 53
f 59 58 57
f 60 59 57
f 63 62 61
f 64 63 61
f 67 66 65
f 68 67 65
f 71 70 69
f 72 71 69
f 75 74 73
f 76 75 73
f 79 78 77
f 80 79 77
f 83 82 81
f 84 83 81
f 87 86 85
f 88 87 85
f 91 90 89
f 92 91 89
f 95 94 93
f 96 95 93
f 99 98 97
f 100 99 97
f 103 102 101
f 104 103 101
f 107 106 105
f 108 107 105
