# GENERATED by tools/gen_vehicle_glass.py -- pane 'rear'. Do not hand-edit.
# One file per pane so each breaks independently (Vehicle.GlassPaneLabels).
g rear
v -1.015964 1.093874 1.620418
v 1.014036 1.093874 1.620418
v 1.014036 1.144408 1.598708
v -1.015964 1.144408 1.598708
v -1.015964 1.144408 1.598708
v 1.014036 1.144408 1.598708
v 1.014036 1.171972 1.586866
v -1.015964 1.171972 1.586866
v -1.015964 1.171972 1.586866
v 1.014036 1.171972 1.586866
v 1.014036 1.199536 1.575024
v -1.015964 1.199536 1.575024
v -1.015964 1.199536 1.575024
v 1.014036 1.199536 1.575024
v 1.014036 1.227100 1.563182
v -1.015964 1.227100 1.563182
v -1.015964 1.227100 1.563182
v 1.014036 1.227100 1.563182
v 1.014036 1.254663 1.551340
v -1.015964 1.254663 1.551340
v -1.015964 1.254663 1.551340
v 1.014036 1.254663 1.551340
v 1.014036 1.282227 1.539498
v -1.015964 1.282227 1.539498
v -1.015964 1.282227 1.539498
v 1.014036 1.282227 1.539498
v 1.014036 1.309791 1.527656
v -1.015964 1.309791 1.527656
v -1.015964 1.309791 1.527656
v 1.014036 1.309791 1.527656
v 1.014036 1.337355 1.515814
v -1.015964 1.337355 1.515814
v -1.015964 1.337355 1.515814
v 1.014036 1.337355 1.515814
v 1.014036 1.364919 1.503973
v -1.015964 1.364919 1.503973
v -1.015964 1.364919 1.503973
v 1.014036 1.364919 1.503973
v 1.014036 1.392483 1.492131
v -1.015964 1.392483 1.492131
v -1.015964 1.392483 1.492131
v 1.014036 1.392483 1.492131
v 1.014036 1.420047 1.480289
v -1.015964 1.420047 1.480289
v -1.015964 1.420047 1.480289
v 1.014036 1.420047 1.480289
v 1.014036 1.447611 1.468447
v -1.015964 1.447611 1.468447
v -1.015964 1.447611 1.468447
v 1.014036 1.447611 1.468447
v 1.014036 1.475175 1.456605
v -1.015964 1.475175 1.456605
v -1.015964 1.475175 1.456605
v 1.014036 1.475175 1.456605
v 1.014036 1.502738 1.444763
v -1.015964 1.502738 1.444763
v -1.015964 1.502738 1.444763
v 1.014036 1.502738 1.444763
v 1.014036 1.530302 1.432921
v -1.015964 1.530302 1.432921
v -1.015964 1.530302 1.432921
v 1.014036 1.530302 1.432921
v 1.014036 1.557866 1.421079
v -1.015964 1.557866 1.421079
v -1.015964 1.557866 1.421079
v 1.014036 1.557866 1.421079
v 1.014036 1.585430 1.409237
v -1.015964 1.585430 1.409237
v -1.015964 1.585430 1.409237
v 1.014036 1.585430 1.409237
v 1.014036 1.612994 1.397395
v -1.015964 1.612994 1.397395
v -1.015964 1.612994 1.397395
v 1.014036 1.612994 1.397395
v 1.014036 1.640558 1.385553
v -1.015964 1.640558 1.385553
v -1.015964 1.640558 1.385553
v 1.014036 1.640558 1.385553
v 1.014036 1.668122 1.373711
v -1.015964 1.668122 1.373711
v -1.015964 1.668122 1.373711
v 1.014036 1.668122 1.373711
v 1.014036 1.695686 1.361869
v -1.015964 1.695686 1.361869
v -1.015964 1.695686 1.361869
v 1.014036 1.695686 1.361869
v 1.014036 1.723250 1.350027
v -1.015964 1.723250 1.350027
v -1.015964 1.723250 1.350027
v 1.014036 1.723250 1.350027
v 1.014036 1.750813 1.338185
v -1.015964 1.750813 1.338185
v -1.015964 1.750813 1.338185
v 1.014036 1.750813 1.338185
v 1.014036 1.778377 1.326343
v -1.015964 1.778377 1.326343
v -1.015964 1.778377 1.326343
v 1.014036 1.778377 1.326343
v 1.014036 1.805941 1.314501
v -1.015964 1.805941 1.314501
v -1.015964 1.805941 1.314501
v 1.014036 1.805941 1.314501
v 1.014036 1.833505 1.302659
v -1.015964 1.833505 1.302659
v -1.015964 1.833505 1.302659
v 1.014036 1.833505 1.302659
v 1.014036 1.884039 1.280949
v -1.015964 1.884039 1.280949
f 1 2 3
f 1 3 4
f 5 6 7
f 5 7 8
f 9 10 11
f 9 11 12
f 13 14 15
f 13 15 16
f 17 18 19
f 17 19 20
f 21 22 23
f 21 23 24
f 25 26 27
f 25 27 28
f 29 30 31
f 29 31 32
f 33 34 35
f 33 35 36
f 37 38 39
f 37 39 40
f 41 42 43
f 41 43 44
f 45 46 47
f 45 47 48
f 49 50 51
f 49 51 52
f 53 54 55
f 53 55 56
f 57 58 59
f 57 59 60
f 61 62 63
f 61 63 64
f 65 66 67
f 65 67 68
f 69 70 71
f 69 71 72
f 73 74 75
f 73 75 76
f 77 78 79
f 77 79 80
f 81 82 83
f 81 83 84
f 85 86 87
f 85 87 88
f 89 90 91
f 89 91 92
f 93 94 95
f 93 95 96
f 97 98 99
f 97 99 100
f 101 102 103
f 101 103 104
f 105 106 107
f 105 107 108
