g Model_0
v 0.950000 1.007416 -2.225001
v 0.950000 0.707416 -2.225001
v 0.950000 0.707415 -2.575000
v 1.400000 1.007415 -2.575000
v 1.400000 0.707415 -2.575000
v 1.400000 0.707416 -2.225001
v -1.400000 1.007416 -2.225001
v -1.400000 0.707416 -2.225001
v -1.400000 0.707415 -2.575000
v 1.400000 0.707415 -2.575000
v 0.950000 0.707415 -2.575000
v 0.950000 0.707416 -2.225001
v 0.950000 0.707416 -2.225001
v 1.400000 0.707416 -2.225001
v 0.950000 1.007415 -2.575000
v 1.400000 1.007415 -2.575000
v 1.400000 1.007416 -2.225001
v 1.400000 1.007416 -2.225001
v 0.950000 1.007416 -2.225001
v -0.950000 1.007415 -2.575000
v -0.950000 0.707415 -2.575000
v -0.950000 0.707416 -2.225001
v -0.950000 0.707415 -2.575000
v -1.400000 0.707415 -2.575000
v -1.400000 0.707416 -2.225001
v -1.400000 0.707416 -2.225001
v -0.950000 0.707416 -2.225001
v -1.400000 1.007415 -2.575000
v -0.950000 1.007415 -2.575000
v -0.950000 1.007416 -2.225001
v -0.950000 1.007416 -2.225001
v -1.400000 1.007416 -2.225001
v 0.389790 3.457418 1.284630
v 0.610210 3.457418 1.284630
v 0.610210 0.857418 1.284631
v 1.250000 2.207417 -0.750001
v 1.250000 2.957417 -0.625002
v 1.000000 2.957417 -0.625002
v -1.500000 0.207416 -2.500000
v -1.500000 1.332416 -1.875001
v -1.500000 0.207417 -0.750000
v -1.500000 0.957417 -0.750000
v -1.500000 1.332416 -1.375001
v -1.250000 0.957417 -0.750000
v 0.979613 1.015530 -0.625000
v 1.338379 0.149393 -0.625000
v 1.338379 1.015530 -0.625000
v 1.338379 0.149393 -0.625000
v 1.592064 0.761845 -0.625000
v 1.592064 0.761845 -0.625000
v 1.592064 0.403079 -0.625000
v 1.338379 0.149393 -0.625000
v 0.725928 0.403079 -0.625000
v 0.979613 0.149393 -0.625000
v 1.000000 0.207417 -0.750000
v 1.000000 0.957418 1.000000
v 1.000000 0.957417 -0.750000
v -0.610210 3.457418 1.284630
v -0.389790 0.857418 1.284631
v -0.610210 0.857418 1.284631
v -1.500000 1.332416 -1.875001
v -1.500000 0.207416 -2.500000
v -1.500000 0.957416 -2.500000
v -1.500000 1.332416 -1.375001
v -1.500000 0.207417 -0.750000
v -1.500000 0.957417 -0.750000
v -1.250000 0.957417 -0.750000
v -1.500000 0.207417 -0.750000
v -1.500000 0.957417 -0.750000
v 1.250000 3.144916 -0.875002
v -1.250000 3.207417 -0.625002
v -1.250000 3.144916 -0.875002
v 1.250000 2.957417 0.749998
v 1.000000 2.207417 0.749999
v 1.250000 2.207417 0.749999
v -0.500000 3.457418 0.945439
v -0.678323 3.457418 1.074998
v -0.678323 0.857418 1.075000
v -0.500000 3.457418 0.945439
v -0.500000 0.857418 0.945440
v -0.295399 3.417922 -0.375002
v -0.040668 3.446226 0.449039
v -0.323703 3.446226 0.449039
v -0.068971 3.417922 -0.375002
v -0.040668 3.446226 0.449039
v 1.500000 0.207417 -0.750000
v 1.500000 0.207416 -2.500000
v 1.000000 0.207417 -0.750000
v -1.500000 1.332416 -1.875001
v -1.500000 0.957416 -2.500000
v -1.000000 0.957416 -2.500000
v -1.500000 1.332416 -1.875001
v -1.000000 1.332416 -1.875001
v -1.500000 1.332416 -1.375001
v -1.500000 1.332416 -1.875001
v -1.000000 1.332416 -1.375001
v -1.250000 0.957417 -0.750000
v -1.000000 0.957420 4.500000
v 1.000000 0.957420 4.500000
v 1.000000 0.207420 4.500000
v -0.678323 3.457418 1.074998
v -0.610210 0.857418 1.284631
v -0.678323 0.857418 1.075000
v -0.610210 3.457418 1.284630
v -0.610210 0.857418 1.284631
v -1.000000 2.207417 -0.500001
v -1.000000 2.957417 -0.625002
v -1.000000 2.207417 -0.750001
v -1.000000 2.207417 -0.500001
v -1.000000 2.207417 -0.750001
v 1.000000 2.207417 -0.750001
v -1.250000 3.207417 -0.625002
v 1.250000 3.207418 0.999998
v -1.250000 3.207418 0.999998
v -0.610210 3.457418 1.284630
v -0.678323 3.748388 1.216968
v -0.610210 3.600156 1.365200
v -1.000000 1.207417 -0.500001
v 1.000000 2.207417 -0.500001
v 1.000000 1.207417 -0.500001
v -1.000000 1.207417 -0.500001
v -1.000000 2.207417 -0.500001
v 1.000000 2.207417 -0.750001
v -1.000000 1.832416 -2.500001
v 1.000000 1.832416 -2.500001
v -1.000000 2.207417 -0.500001
v 1.000000 2.207417 -0.500001
v -1.000000 1.832416 -2.500001
v -1.000000 2.207417 -0.750001
v 1.500000 0.207416 -2.500000
v 1.500000 1.332416 -1.875001
v 1.500000 0.957416 -2.500000
v 1.500000 0.207417 -0.750000
v 1.500000 1.332416 -1.875001
v 1.500000 1.332416 -1.375001
v 1.500000 0.957417 -0.750000
v 1.000000 2.207417 -0.500001
v 1.000000 2.207417 -0.750001
v 1.000000 2.957417 -0.625002
v 1.500000 0.957416 -2.500000
v 1.000000 1.332416 -1.875001
v 1.000000 0.957416 -2.500000
v 1.500000 0.957416 -2.500000
v 1.500000 1.332416 -1.875001
v 1.000000 1.332416 -1.375001
v 1.500000 1.332416 -1.375001
v 1.250000 0.957417 -0.750000
v 1.500000 0.957417 -0.750000
v 1.000000 0.957417 -0.750000
v 1.250000 0.957417 -0.750000
v 1.000000 0.957418 1.000000
v 1.250000 0.957418 1.000000
v 0.500000 3.457418 0.945439
v 0.321677 3.457418 1.074998
v 0.321677 0.857418 1.075000
v 0.500000 3.457418 0.945439
v 0.500000 0.857418 0.945440
v -1.000000 0.207417 -0.750000
v -1.250000 0.957417 -0.750000
v -1.000000 0.957417 -0.750000
v -1.250000 0.957418 1.000000
v -1.000000 0.957418 1.000000
v -1.000000 0.957417 -0.750000
v 1.250000 2.957417 -0.375002
v 1.250000 2.207417 -0.500001
v 1.000000 2.207417 -0.500001
v -1.000000 0.957416 -2.500000
v 1.000000 1.832416 -2.500001
v -1.000000 1.832416 -2.500001
v 0.321677 3.457418 1.074998
v 0.389790 0.857418 1.284631
v 0.321677 0.857418 1.075000
v 0.389790 3.457418 1.284630
v 0.389790 0.857418 1.284631
v -1.250000 2.207417 -0.500001
v -1.000000 2.957417 -0.375002
v -1.000000 2.207417 -0.500001
v 1.250000 2.957417 -0.625002
v 1.250000 3.144916 -0.875002
v 1.250000 3.019916 -0.875002
v 1.250000 2.957417 0.749998
v 1.250000 3.207417 -0.625002
v 1.250000 2.957417 -0.375002
v 1.250000 3.144916 -0.875002
v 1.250000 2.957417 -0.625002
v 1.250000 2.957417 -0.375002
v 1.250000 2.207417 -0.500001
v 1.250000 2.207417 -0.750001
v 1.250000 0.957417 -0.750000
v 1.000000 1.832416 -2.500001
v 1.000000 0.957416 -2.500000
v 1.250000 0.957418 1.000000
v 1.250000 2.207417 -0.500001
v -1.250000 2.207418 0.999999
v -1.250000 0.957418 1.000000
v -1.250000 2.207417 0.749999
v -1.250000 2.957417 0.749998
v -1.250000 2.207417 0.749999
v -1.338379 1.015531 0.848000
v -1.592064 0.403080 0.848000
v -1.592064 0.761846 0.848000
v -0.725928 0.761845 0.848000
v -0.979613 1.015531 0.848000
v -0.979613 0.149394 0.848000
v -1.592064 0.403080 0.848000
v -0.725928 0.403080 0.848000
v -1.592064 0.403080 0.848000
v -1.338379 0.149394 0.848000
v 0.321677 3.457418 1.074998
v 0.500000 3.457418 0.945439
v 0.500000 3.840000 1.125356
v -1.000000 2.207417 -0.500001
v -1.000000 2.957417 -0.375002
v -1.000000 2.957417 -0.625002
v -0.389790 3.457418 1.284630
v -0.389790 3.600156 1.365200
v -0.321677 3.748388 1.216968
v -0.321677 3.457418 1.074998
v -0.321677 0.857418 1.075000
v -0.389790 0.857418 1.284631
v -0.610210 3.457418 1.284630
v -0.678323 3.457418 1.074998
v -0.678323 3.748388 1.216968
v 0.610210 3.457418 1.284630
v 0.610210 3.600156 1.365200
v 0.678323 3.748388 1.216968
v 0.678323 3.457418 1.074998
v 0.678323 0.857418 1.075000
v 0.610210 0.857418 1.284631
v 0.389790 3.457418 1.284630
v 0.321677 3.457418 1.074998
v 0.321677 3.748388 1.216968
v -0.678323 3.457418 1.074998
v -0.500000 3.457418 0.945439
v -0.500000 3.840000 1.125356
v 1.250000 2.957417 -0.375002
v 1.000000 2.207417 -0.500001
v 1.000000 2.957417 -0.375002
v 1.250000 3.144916 -0.875002
v 1.250000 3.207417 -0.625002
v -1.250000 3.207417 -0.625002
v -0.610210 3.457418 1.284630
v -0.389790 3.457418 1.284630
v -0.389790 0.857418 1.284631
v -1.250000 0.957417 -0.750000
v -1.000000 1.332416 -1.375001
v -1.000000 0.957417 -0.750000
v -1.250000 2.207417 -0.500001
v -1.250000 2.957417 -0.375002
v -1.000000 2.957417 -0.375002
v 1.250000 0.957417 -0.750000
v 1.000000 0.957417 -0.750000
v 1.000000 0.957418 1.000000
v 1.250000 2.957417 0.749998
v 1.250000 3.207418 0.999998
v 1.250000 3.207417 -0.625002
v 0.389790 3.457418 1.284630
v 0.321677 3.748388 1.216968
v 0.389790 3.600156 1.365200
v -1.000000 1.832416 -2.500001
v -1.000000 2.207417 -0.750001
v -1.250000 2.207417 -0.750001
v 1.250000 2.207417 -0.750001
v 1.000000 2.207417 -0.750001
v 1.000000 1.832416 -2.500001
v -1.000000 0.957416 -2.500000
v 1.000000 0.957416 -2.500000
v 1.000000 1.832416 -2.500001
v 1.500000 0.957416 -2.500000
v 1.500000 0.207416 -2.500000
v -1.500000 0.207416 -2.500000
v 1.500000 0.207416 -2.500000
v -1.000000 0.957416 -2.500000
v -1.500000 0.957416 -2.500000
v -1.250000 3.207417 -0.625002
v 1.250000 3.207417 -0.625002
v 1.250000 3.207418 0.999998
v -1.250000 3.207418 0.999998
v 1.250000 3.207418 0.999998
v -1.250000 2.207418 0.999999
v -1.000000 0.957418 1.000000
v 1.000000 0.957418 1.000000
v 1.250000 3.207418 0.999998
v 1.250000 0.957418 1.000000
v 1.000000 0.957418 1.000000
v -0.389790 3.457418 1.284630
v -0.321677 3.748388 1.216968
v -0.321677 3.457418 1.074998
v -0.678323 3.457418 1.074998
v -0.500000 3.840000 1.125356
v -0.678323 3.748388 1.216968
v 0.610210 3.457418 1.284630
v 0.678323 3.748388 1.216968
v 0.678323 3.457418 1.074998
v -1.338379 0.149393 -0.625000
v -1.592064 0.761845 -0.625000
v -1.592064 0.403079 -0.625000
v -0.979613 1.015530 -0.625000
v -0.979613 0.149393 -0.625000
v -0.979613 1.015530 -0.625000
v -1.338379 1.015530 -0.625000
v -1.592064 0.761845 -0.625000
v -0.725928 0.403079 -0.625000
v -0.979613 1.015530 -0.625000
v -0.725928 0.761845 -0.625000
v 1.250000 3.019916 -0.875002
v 1.000000 2.957417 -0.625002
v 1.250000 2.957417 -0.625002
v -1.000000 2.957417 -0.625002
v 1.000000 2.957417 -0.625002
v -1.000000 0.207417 -0.750000
v 1.000000 0.207417 -0.750000
v -1.500000 0.207416 -2.500000
v -1.000000 2.207417 0.749999
v -1.250000 2.957417 0.749998
v -1.250000 2.207417 0.749999
v 0.389790 3.457418 1.284630
v 0.610210 0.857418 1.284631
v 0.389790 0.857418 1.284631
v -1.000000 0.957420 4.500000
v 1.000000 0.207420 4.500000
v -1.000000 0.207420 4.500000
v 1.500000 0.957417 -0.750000
v 1.500000 0.207417 -0.750000
v 1.250000 0.957417 -0.750000
v 1.000000 0.207417 -0.750000
v 1.250000 0.957417 -0.750000
v 1.000000 0.957417 -0.750000
v 1.250000 0.957417 -0.750000
v 1.000000 2.207417 -0.500001
v 1.000000 2.957417 -0.625002
v 1.000000 2.957417 -0.375002
v -1.500000 0.207416 -2.500000
v 1.000000 0.207417 -0.750000
v 1.500000 0.207416 -2.500000
v -1.338379 1.015531 0.848000
v -1.338379 1.015530 -0.625000
v -0.979613 1.015530 -0.625000
v -1.338379 1.015531 0.848000
v -0.979613 1.015531 0.848000
v -1.592064 0.761846 0.848000
v -1.338379 1.015530 -0.625000
v -1.592064 0.761845 -0.625000
v -1.592064 0.403080 0.848000
v -1.592064 0.403079 -0.625000
v -1.338379 0.149394 0.848000
v -1.592064 0.403080 0.848000
v -1.338379 0.149393 -0.625000
v -0.979613 0.149394 0.848000
v -1.338379 0.149394 0.848000
v -0.979613 0.149393 -0.625000
v -0.725928 0.403080 0.848000
v -0.725928 0.403079 -0.625000
v -1.500000 0.207417 -0.750000
v -1.250000 0.957417 -0.750000
v -1.000000 0.207417 -0.750000
v 1.250000 2.207417 -0.750001
v 1.000000 2.957417 -0.625002
v 1.000000 2.207417 -0.750001
v -1.000000 0.207417 -0.750000
v -1.500000 0.207416 -2.500000
v -1.500000 0.207417 -0.750000
v -1.250000 2.957417 0.749998
v -1.250000 3.207418 0.999998
v -1.250000 2.207418 0.999999
v -1.250000 0.957418 1.000000
v -1.000000 0.957417 -0.750000
v -1.250000 0.957417 -0.750000
v -1.250000 2.207418 0.999999
v -1.000000 0.957418 1.000000
v -1.250000 0.957418 1.000000
v 0.321677 3.457418 1.074998
v 0.500000 3.840000 1.125356
v 0.321677 3.748388 1.216968
v -1.250000 2.957417 -0.625002
v -1.250000 2.207417 -0.500001
v -1.250000 2.207417 -0.750001
v -1.000000 1.832416 -2.500001
v -1.250000 0.957417 -0.750000
v -1.000000 0.957416 -2.500000
v 1.250000 0.957418 1.000000
v 1.250000 2.207417 0.749999
v 1.250000 2.207417 -0.500001
v -1.250000 2.957417 0.749998
v -1.000000 2.957417 -0.375002
v -1.250000 2.957417 -0.375002
v 0.950000 1.007416 -2.225001
v 0.950000 0.707415 -2.575000
v 0.950000 1.007415 -2.575000
v 1.400000 1.007415 -2.575000
v 1.400000 0.707416 -2.225001
v 1.400000 1.007416 -2.225001
v -1.400000 1.007416 -2.225001
v -1.400000 0.707415 -2.575000
v -1.400000 1.007415 -2.575000
v -0.950000 1.007415 -2.575000
v -0.950000 0.707416 -2.225001
v -0.950000 1.007416 -2.225001
v 0.950000 1.007415 -2.575000
v 0.950000 0.707415 -2.575000
v 1.400000 0.707415 -2.575000
v 1.400000 1.007415 -2.575000
v -1.400000 1.007415 -2.575000
v -1.400000 0.707415 -2.575000
v -0.950000 0.707415 -2.575000
v -0.950000 1.007415 -2.575000
v 0.750000 1.282415 -2.575000
v 0.750000 1.382415 -2.575000
v 0.750000 1.382415 -2.375000
v 0.750000 1.282415 -2.375000
v 0.850000 0.582415 -2.375000
v 0.850000 0.582415 -2.575000
v -0.850000 0.582415 -2.575000
v -0.850000 0.582415 -2.375000
v -0.750000 1.282415 -2.575000
v -0.850000 1.282415 -2.575000
v -0.850000 1.282415 -2.375000
v -0.750000 1.282415 -2.375000
v 0.610210 3.600156 1.365200
v 0.389790 3.457418 1.284630
v 0.389790 3.600156 1.365200
v 0.610210 3.457418 1.284630
v -1.000000 0.207417 -0.750000
v -1.000000 0.207420 4.500000
v 1.000000 0.207420 4.500000
v 1.000000 0.207417 -0.750000
v -1.000000 0.957420 4.500000
v -1.000000 0.957418 1.000000
v 1.000000 0.957418 1.000000
v 1.000000 0.957420 4.500000
v 0.850000 1.082415 -2.575000
v 0.750000 1.182415 -2.575000
v 0.750000 1.082415 -2.575000
v 0.850000 1.282415 -2.575000
v 0.750000 1.282415 -2.575000
v -0.750000 1.182415 -2.575000
v -0.750000 1.282415 -2.575000
v -0.850000 1.282415 -2.575000
v -0.850000 1.082415 -2.575000
v -0.750000 1.082415 -2.575000
v -1.250000 3.019916 -0.875002
v 1.250000 3.019916 -0.875002
v 1.250000 3.144916 -0.875002
v -1.250000 3.144916 -0.875002
v -1.000000 1.832416 -2.500001
v -1.250000 2.207417 -0.750001
v -1.250000 0.957417 -0.750000
v -1.250000 2.207417 -0.500001
v -1.250000 2.207417 0.749999
v -1.250000 0.957418 1.000000
v 1.000000 2.207417 0.749999
v 1.000000 2.207417 -0.500001
v 1.250000 2.207417 -0.500001
v 1.250000 2.207417 0.749999
v -0.750000 1.182415 -2.375000
v 0.750000 1.182415 -2.375000
v 0.750000 1.182415 -2.575000
v -0.750000 1.182415 -2.575000
v -0.295399 3.191494 -0.375001
v -0.295399 3.417922 -0.375002
v -0.323703 3.446226 0.449039
v -0.323703 3.163191 0.449039
v 0.750000 1.382415 -2.575000
v -0.750000 1.382415 -2.575000
v -0.750000 1.382415 -2.375000
v 0.750000 1.382415 -2.375000
v 0.750000 1.582415 -2.575001
v -0.750000 1.582415 -2.575001
v -0.750000 1.582415 -2.375000
v 0.750000 1.582415 -2.375000
v -0.750000 1.082415 -2.575000
v 0.750000 1.082415 -2.575000
v 0.750000 1.082415 -2.375000
v -0.750000 1.082415 -2.375000
v -0.389790 3.600156 1.365200
v -0.389790 3.457418 1.284630
v -0.610210 3.457418 1.284630
v -0.610210 3.600156 1.365200
v 0.321677 3.748388 1.216968
v 0.610210 3.600156 1.365200
v 0.389790 3.600156 1.365200
v 0.500000 3.840000 1.125356
v 0.678323 3.748388 1.216968
v 0.295400 3.191495 0.449039
v 0.068972 3.191495 0.449040
v 0.068972 3.417923 0.449040
v 0.295400 3.417923 0.449039
v 1.000000 2.957417 -0.375002
v 1.250000 2.957417 0.749998
v 1.250000 2.957417 -0.375002
v -1.250000 2.957417 0.749998
v -1.000000 2.957417 -0.375002
v -1.250000 2.957417 0.749998
v 1.000000 2.957417 -0.625002
v -1.000000 2.957417 -0.625002
v -1.250000 2.957417 -0.625002
v -1.250000 3.019916 -0.875002
v 1.250000 3.019916 -0.875002
v -1.000000 1.207417 0.749999
v -1.000000 1.207417 -0.500001
v 1.000000 1.207417 -0.500001
v 1.000000 1.207417 0.749999
v 0.750000 0.882415 -2.575000
v 0.750000 0.982415 -2.575000
v 0.750000 0.982415 -2.375000
v 0.750000 0.882415 -2.375000
v -0.750000 0.682415 -2.575000
v 0.750000 0.682415 -2.575000
v 0.750000 0.682415 -2.375000
v -0.750000 0.682415 -2.375000
v 0.850000 1.682415 -2.575001
v -0.850000 1.682415 -2.575001
v -0.750000 1.582415 -2.575001
v 0.750000 1.582415 -2.575001
v 0.850000 1.482415 -2.575000
v 0.750000 1.482415 -2.575000
v -0.750000 1.482415 -2.575000
v -0.850000 1.482415 -2.575000
v -0.850000 1.682415 -2.575001
v -0.321677 3.457418 1.074998
v -0.500000 3.457418 0.945439
v -0.500000 0.857418 0.945440
v -0.321677 0.857418 1.075000
v -0.850000 1.282415 -2.375000
v -0.850000 1.282415 -2.575000
v -0.850000 1.482415 -2.575000
v -0.850000 1.482415 -2.375000
v 0.750000 0.682415 -2.575000
v 0.750000 0.782415 -2.375000
v 0.750000 0.682415 -2.375000
v 0.750000 0.782415 -2.575000
v -0.850000 0.682415 -2.375000
v -0.750000 0.682415 -2.575000
v -0.850000 0.682415 -2.575000
v -0.750000 0.682415 -2.375000
v 1.000000 1.207417 -0.500001
v 1.000000 2.207417 -0.500001
v 1.000000 2.207417 0.749999
v 1.000000 1.207417 0.749999
v -1.000000 0.957417 -0.750000
v -1.000000 0.957418 1.000000
v -1.000000 0.207417 -0.750000
v -1.000000 0.207420 4.500000
v -1.000000 0.957420 4.500000
v 1.338379 1.015530 -0.625000
v 1.592064 0.761846 0.848000
v 1.338379 1.015531 0.848000
v 0.979613 1.015531 0.848000
v 0.979613 1.015530 -0.625000
v 1.338379 1.015531 0.848000
v 1.338379 1.015530 -0.625000
v 1.592064 0.761845 -0.625000
v 1.592064 0.403080 0.848000
v 1.592064 0.761845 -0.625000
v 1.592064 0.403079 -0.625000
v 1.338379 0.149394 0.848000
v 1.338379 0.149393 -0.625000
v 0.979613 0.149394 0.848000
v 1.338379 0.149393 -0.625000
v 0.979613 0.149393 -0.625000
v 0.725928 0.403080 0.848000
v 0.725928 0.403079 -0.625000
v 1.000000 0.207417 -0.750000
v 1.000000 0.207420 4.500000
v 1.000000 0.957418 1.000000
v 1.000000 0.957420 4.500000
v 0.850000 0.682415 -2.375000
v 0.850000 0.682415 -2.575000
v 0.750000 0.682415 -2.575000
v 0.750000 0.682415 -2.375000
v 0.725928 0.403079 -0.625000
v 0.979613 1.015530 -0.625000
v 0.725928 0.761845 -0.625000
v 1.338379 0.149393 -0.625000
v -0.750000 1.382415 -2.575000
v -0.850000 1.282415 -2.575000
v -0.750000 1.282415 -2.575000
v -0.850000 1.482415 -2.575000
v -0.750000 1.482415 -2.575000
v 0.750000 1.482415 -2.575000
v 0.750000 1.382415 -2.575000
v 0.850000 1.482415 -2.575000
v 0.850000 1.282415 -2.575000
v 0.750000 1.282415 -2.575000
v -0.750000 1.082415 -2.375000
v -0.750000 1.182415 -2.375000
v -0.750000 1.182415 -2.575000
v -0.750000 1.082415 -2.575000
v -0.750000 0.782415 -2.375000
v 0.750000 0.782415 -2.575000
v -0.750000 0.782415 -2.575000
v 0.750000 0.782415 -2.375000
v 0.323703 3.163191 -0.375002
v 0.295400 3.191495 0.449039
v 0.295400 3.417923 0.449039
v 0.323703 3.446226 -0.375002
v 0.850000 1.082415 -2.575000
v 0.850000 0.882415 -2.575000
v 0.850000 0.882415 -2.375000
v 0.850000 1.082415 -2.375000
v -1.000000 2.207417 -0.750001
v -1.250000 2.957417 -0.625002
v -1.250000 2.207417 -0.750001
v -1.000000 2.957417 -0.625002
v 0.850000 1.082415 -2.375000
v 0.850000 1.282415 -2.375000
v 0.850000 1.282415 -2.575000
v 0.850000 1.082415 -2.575000
v 0.850000 0.682415 -2.375000
v 0.850000 0.682415 -2.575000
v 0.850000 0.582415 -2.575000
v 0.850000 0.582415 -2.375000
v 0.040667 3.163191 -0.375001
v 0.323703 3.163191 -0.375002
v 0.323703 3.446226 -0.375002
v 0.040667 3.446226 -0.375001
v -0.321677 3.457418 1.074998
v -0.500000 3.840000 1.125356
v -0.500000 3.457418 0.945439
v -0.321677 3.748388 1.216968
v 0.750000 1.182415 -2.375000
v 0.750000 1.082415 -2.375000
v 0.750000 1.082415 -2.575000
v 0.750000 1.182415 -2.575000
v -0.750000 1.282415 -2.575000
v 0.750000 1.282415 -2.375000
v -0.750000 1.282415 -2.375000
v 0.750000 1.282415 -2.575000
v 0.850000 0.882415 -2.375000
v 0.750000 0.882415 -2.575000
v 0.750000 0.882415 -2.375000
v 0.850000 0.882415 -2.575000
v 0.068972 3.191495 0.449040
v 0.040667 3.163191 -0.375001
v 0.040667 3.446226 -0.375001
v 0.068972 3.417923 0.449040
v -0.850000 1.082415 -2.375000
v -0.850000 0.882415 -2.575000
v -0.850000 1.082415 -2.575000
v -0.850000 0.882415 -2.375000
v -0.750000 0.982415 -2.375000
v 0.750000 0.982415 -2.575000
v -0.750000 0.982415 -2.575000
v 0.750000 0.982415 -2.375000
v -0.850000 1.082415 -2.375000
v -0.750000 1.082415 -2.575000
v -0.850000 1.082415 -2.575000
v -0.750000 1.082415 -2.375000
v -0.068971 3.191494 -0.375001
v -0.295399 3.417922 -0.375002
v -0.295399 3.191494 -0.375001
v -0.068971 3.417922 -0.375002
v 0.750000 1.482415 -2.375000
v -0.750000 1.482415 -2.575000
v 0.750000 1.482415 -2.575000
v -0.750000 1.482415 -2.375000
v -0.850000 0.882415 -2.375000
v -0.750000 0.882415 -2.575000
v -0.850000 0.882415 -2.575000
v -0.750000 0.882415 -2.375000
v 0.850000 0.682415 -2.575000
v 0.750000 0.782415 -2.575000
v 0.750000 0.682415 -2.575000
v 0.850000 0.882415 -2.575000
v 0.750000 0.882415 -2.575000
v -0.750000 0.882415 -2.575000
v -0.750000 0.782415 -2.575000
v -0.850000 0.882415 -2.575000
v -0.850000 0.682415 -2.575000
v -0.750000 0.682415 -2.575000
v -0.750000 0.882415 -2.375000
v -0.750000 0.982415 -2.575000
v -0.750000 0.882415 -2.575000
v -0.750000 0.982415 -2.375000
v 0.678323 3.457418 1.074998
v 0.500000 0.857418 0.945440
v 0.678323 0.857418 1.075000
v 0.500000 3.457418 0.945439
v 0.850000 1.282415 -2.575000
v 0.850000 1.482415 -2.375000
v 0.850000 1.482415 -2.575000
v 0.850000 1.282415 -2.375000
v -0.323703 3.163191 0.449039
v -0.323703 3.446226 0.449039
v -0.040668 3.446226 0.449039
v -0.040668 3.163191 0.449039
v -0.850000 1.682416 -2.375000
v 0.850000 1.682415 -2.575001
v 0.850000 1.682416 -2.375000
v -0.850000 1.682415 -2.575001
v -0.750000 1.582415 -2.575001
v -0.750000 1.482415 -2.375000
v -0.750000 1.582415 -2.375000
v -0.750000 1.482415 -2.575000
v 0.850000 1.082415 -2.375000
v 0.750000 1.082415 -2.575000
v 0.750000 1.082415 -2.375000
v 0.850000 1.082415 -2.575000
v -0.850000 1.282415 -2.375000
v -0.850000 1.082415 -2.375000
v -0.850000 1.082415 -2.575000
v -0.850000 1.282415 -2.575000
v -0.040668 3.163191 0.449039
v -0.040668 3.446226 0.449039
v -0.068971 3.417922 -0.375002
v -0.068971 3.191494 -0.375001
v 0.678323 3.457418 1.074998
v 0.500000 3.840000 1.125356
v 0.500000 3.457418 0.945439
v 0.678323 3.748388 1.216968
v 0.850000 1.682416 -2.375000
v 0.850000 1.682415 -2.575001
v 0.850000 1.482415 -2.575000
v 0.850000 1.482415 -2.375000
v 0.040667 3.446226 -0.375001
v 0.323703 3.446226 -0.375002
v 0.295400 3.417923 0.449039
v 0.068972 3.417923 0.449040
v -1.000000 2.207417 0.749999
v 1.250000 2.957417 0.749998
v -1.250000 2.957417 0.749998
v 1.000000 2.207417 0.749999
v -1.000000 1.207417 0.749999
v 1.000000 1.207417 0.749999
v 0.750000 1.482415 -2.575000
v 0.850000 1.482415 -2.375000
v 0.850000 1.482415 -2.575000
v 0.750000 1.482415 -2.375000
v 0.850000 0.882415 -2.575000
v 0.750000 0.982415 -2.575000
v 0.750000 0.882415 -2.575000
v 0.850000 1.082415 -2.575000
v 0.750000 1.082415 -2.575000
v -0.750000 0.982415 -2.575000
v -0.750000 1.082415 -2.575000
v -0.850000 1.082415 -2.575000
v -0.850000 0.882415 -2.575000
v -0.750000 0.882415 -2.575000
v -0.750000 1.482415 -2.575000
v -0.850000 1.482415 -2.575000
v -0.850000 1.482415 -2.375000
v -0.750000 1.482415 -2.375000
v -0.750000 0.682415 -2.375000
v -0.750000 0.782415 -2.375000
v -0.750000 0.782415 -2.575000
v -0.750000 0.682415 -2.575000
v -1.000000 2.207417 -0.500001
v -1.250000 2.207417 0.749999
v -1.250000 2.207417 -0.500001
v -1.000000 2.207417 0.749999
v 1.250000 2.207417 0.749999
v 1.250000 3.207418 0.999998
v 1.250000 2.957417 0.749998
v 1.250000 0.957418 1.000000
v -0.850000 0.882415 -2.375000
v -0.850000 0.682415 -2.575000
v -0.850000 0.882415 -2.575000
v -0.850000 0.682415 -2.375000
v -0.850000 0.682415 -2.575000
v -0.850000 0.682415 -2.375000
v -0.850000 0.582415 -2.375000
v -0.850000 0.582415 -2.575000
v 0.750000 1.582415 -2.375000
v 0.750000 1.482415 -2.375000
v 0.750000 1.482415 -2.575000
v 0.750000 1.582415 -2.575001
v 0.750000 1.282415 -2.575000
v 0.750000 1.282415 -2.375000
v 0.850000 1.282415 -2.375000
v 0.850000 1.282415 -2.575000
v -0.850000 1.682415 -2.575001
v -0.850000 1.682416 -2.375000
v -0.850000 1.482415 -2.375000
v -0.850000 1.482415 -2.575000
v -0.750000 1.382415 -2.575000
v -0.750000 1.282415 -2.575000
v -0.750000 1.282415 -2.375000
v -0.750000 1.382415 -2.375000
v -0.750000 0.882415 -2.575000
v 0.750000 0.882415 -2.575000
v 0.750000 0.882415 -2.375000
v -0.750000 0.882415 -2.375000
v -1.250000 2.207417 -0.500001
v -1.250000 2.957417 -0.625002
v -1.250000 2.957417 -0.375002
v -1.250000 3.207417 -0.625002
v -1.250000 2.957417 0.749998
v -1.250000 3.207418 0.999998
v -1.250000 3.144916 -0.875002
v -1.250000 3.019916 -0.875002
v 1.592064 0.403080 0.848000
v 1.338379 1.015531 0.848000
v 1.592064 0.761846 0.848000
v 1.338379 0.149394 0.848000
v 0.979613 0.149394 0.848000
v 0.725928 0.761845 0.848000
v 0.979613 1.015531 0.848000
v 0.725928 0.403080 0.848000
v -1.000000 1.207417 0.749999
v -1.000000 2.207417 -0.500001
v -1.000000 1.207417 -0.500001
v -1.000000 2.207417 0.749999
v 0.850000 0.882415 -2.575000
v 0.850000 0.682415 -2.575000
v 0.850000 0.682415 -2.375000
v 0.850000 0.882415 -2.375000
v -0.678323 3.748388 1.216968
v -0.389790 3.600156 1.365200
v -0.610210 3.600156 1.365200
v -0.500000 3.840000 1.125356
v -0.321677 3.748388 1.216968
v 0.750000 0.682415 -2.575000
v 0.850000 0.582415 -2.575000
v 0.850000 0.682415 -2.575000
v -0.750000 0.682415 -2.575000
v -0.850000 0.582415 -2.575000
v -0.850000 0.682415 -2.575000
vt 0.125011504 0.205883786
vt 0.126703262 0.276454687
vt 0.14596957 0.242897049
vt 0.150255561 0.23944144
vt 0.149441421 0.24454613
vt 0.171213686 0.276454687
vt 0.0787864625 0.205883786
vt 0.080478251 0.276454687
vt 0.0997445583 0.242897019
vt 0.149441421 0.24454613
vt 0.14596957 0.242897049
vt 0.126703262 0.276454687
vt 0.126703262 0.276454687
vt 0.171213686 0.276454687
vt 0.146783769 0.237792328
vt 0.150255561 0.23944144
vt 0.169521868 0.205883756
vt 0.169521868 0.205883756
vt 0.125011504 0.205883786
vt 0.10403055 0.23944144
vt 0.10321635 0.24454613
vt 0.124988645 0.276454687
vt 0.10321635 0.24454613
vt 0.0997445583 0.242897019
vt 0.080478251 0.276454687
vt 0.080478251 0.276454687
vt 0.124988645 0.276454687
vt 0.100558728 0.237792328
vt 0.10403055 0.23944144
vt 0.123296857 0.205883756
vt 0.123296857 0.205883756
vt 0.0787864625 0.205883786
vt 0.913638234 0.238988712
vt 0.899554729 0.26014781
vt 0.912570119 0.196993247
vt 0.151733741 0.703372777
vt 0.149265081 0.704246104
vt 0.149312973 0.704243422
vt 0.177429378 0.695546508
vt 0.166985005 0.698363423
vt 0.161665946 0.699875891
vt 0.16075021 0.698533952
vt 0.164011523 0.698336661
vt 0.159267679 0.699355066
vt 0.641607642 0.761852264
vt 0.623061895 0.728630662
vt 0.627272367 0.74589479
vt 0.623061895 0.728630662
vt 0.623983264 0.73852694
vt 0.623983264 0.73852694
vt 0.62288332 0.733436584
vt 0.623061895 0.728630662
vt 0.634480476 0.712208867
vt 0.626039743 0.723002732
vt 0.400155902 0.203932524
vt 0.383449137 0.206919432
vt 0.396486998 0.20550406
vt 0.879662871 0.238988712
vt 0.878594756 0.196993247
vt 0.85523653 0.196993247
vt 0.166985005 0.698363423
vt 0.177429378 0.695546508
vt 0.172392935 0.694706798
vt 0.164011523 0.698336661
vt 0.161665946 0.699875891
vt 0.16075021 0.698533952
vt 0.159267679 0.699355066
vt 0.161665946 0.699875891
vt 0.16075021 0.698533952
vt 0.149090648 0.704418421
vt 0.149680495 0.704043567
vt 0.149782658 0.703873515
vt 0.374045998 0.728256583
vt 0.374715984 0.712262571
vt 0.37337029 0.729153156
vt 0.859549999 0.205894247
vt 0.874983072 0.207409218
vt 0.848846436 0.238809422
vt 0.859549999 0.205894247
vt 0.866070867 0.262148798
vt 0.685903549 0.795669794
vt 0.585326791 0.695093095
vt 0.585326791 0.795669794
vt 0.685903549 0.695093095
vt 0.585326791 0.695093095
vt 0.155017585 0.703539848
vt 0.16291602 0.699842215
vt 0.154062167 0.703932464
vt 0.166985005 0.698363423
vt 0.172392935 0.694706798
vt 0.170704275 0.695407808
vt 0.166985005 0.698363423
vt 0.166191757 0.696847975
vt 0.164011523 0.698336661
vt 0.166985005 0.698363423
vt 0.162753329 0.697423995
vt 0.159267679 0.699355066
vt 0.337958604 0.240570962
vt 0.344626397 0.228806019
vt 0.34362942 0.237085998
vt 0.874983072 0.207409218
vt 0.85523653 0.196993247
vt 0.848846436 0.238809422
vt 0.879662871 0.238988712
vt 0.85523653 0.196993247
vt 0.152437016 0.703147113
vt 0.150074124 0.70396477
vt 0.154447034 0.703362048
vt 0.152437016 0.703147113
vt 0.154447034 0.703362048
vt 0.152302817 0.701884925
vt 0.149680495 0.704043567
vt 0.146998286 0.704979599
vt 0.147465348 0.705573857
vt 0.879662871 0.238988712
vt 0.869291544 0.232295349
vt 0.87020278 0.235808983
vt 0.377641886 0.711241722
vt 0.377479494 0.710600495
vt 0.376889944 0.711238742
vt 0.377641886 0.711241722
vt 0.378999472 0.710959613
vt 0.152302817 0.701884925
vt 0.163958162 0.697984934
vt 0.159638047 0.698199987
vt 0.152437016 0.703147113
vt 0.150917023 0.702787995
vt 0.163958162 0.697984934
vt 0.154447034 0.703362048
vt 0.16291602 0.699842215
vt 0.160452411 0.705525577
vt 0.162239119 0.701662362
vt 0.155017585 0.703539848
vt 0.160452411 0.705525577
vt 0.158444107 0.707467973
vt 0.155017316 0.707434595
vt 0.150917023 0.702787995
vt 0.152302817 0.701884925
vt 0.149312973 0.704243422
vt 0.162239119 0.701662362
vt 0.16239202 0.707864821
vt 0.16239202 0.697615027
vt 0.162239119 0.701662362
vt 0.160452411 0.705525577
vt 0.159214854 0.712729454
vt 0.158444107 0.707467973
vt 0.153545678 0.708521843
vt 0.155017316 0.707434595
vt 0.153496802 0.712444425
vt 0.150473937 0.698730111
vt 0.137355417 0.706919372
vt 0.140005901 0.707595885
vt 0.893525362 0.205894247
vt 0.908958435 0.207409337
vt 0.882821918 0.238809422
vt 0.893525362 0.205894247
vt 0.900046229 0.262148857
vt 0.159398317 0.693557978
vt 0.159267679 0.699355066
vt 0.156572878 0.700658381
vt 0.140881136 0.709623039
vt 0.138173148 0.713357627
vt 0.156572878 0.700658381
vt 0.149094105 0.704237044
vt 0.150635988 0.703486204
vt 0.150917023 0.702787995
vt 0.170704275 0.695407808
vt 0.159638047 0.698199987
vt 0.163958162 0.697984934
vt 0.908958435 0.207409337
vt 0.889212012 0.196993247
vt 0.882821918 0.238809422
vt 0.913638234 0.238988712
vt 0.889212012 0.196993247
vt 0.152552307 0.702154398
vt 0.149757043 0.704126418
vt 0.152437016 0.703147113
vt 0.149265081 0.704246104
vt 0.149090648 0.704418421
vt 0.149147689 0.704367995
vt 0.147483528 0.704819083
vt 0.149002373 0.704321206
vt 0.149094105 0.704237044
vt 0.149090648 0.704418421
vt 0.149265081 0.704246104
vt 0.149094105 0.704237044
vt 0.150635988 0.703486204
vt 0.151733741 0.703372777
vt 0.150473937 0.698730111
vt 0.159638047 0.698199987
vt 0.16239202 0.697615027
vt 0.140005901 0.707595885
vt 0.150635988 0.703486204
vt 0.146141112 0.706882954
vt 0.140881136 0.709623039
vt 0.14748323 0.704779387
vt 0.14797841 0.705224931
vt 0.14748323 0.704779387
vt 0.607097745 0.679340839
vt 0.61194104 0.691033661
vt 0.610612631 0.686081767
vt 0.59161365 0.692022085
vt 0.59199214 0.664259672
vt 0.609197021 0.70188123
vt 0.61194104 0.691033661
vt 0.60116148 0.712188363
vt 0.61194104 0.691033661
vt 0.611949921 0.695946932
vt 0.908958435 0.207409337
vt 0.893525362 0.205894247
vt 0.901651859 0.231820896
vt 0.152437016 0.703147113
vt 0.149757043 0.704126418
vt 0.150074124 0.70396477
vt 0.865579367 0.26014787
vt 0.868271708 0.237745658
vt 0.867124081 0.234691218
vt 0.853095055 0.234506264
vt 0.882803082 0.239323035
vt 0.878594756 0.196993247
vt 0.879662871 0.238988712
vt 0.874983072 0.207409218
vt 0.869291544 0.232295349
vt 0.899554729 0.26014781
vt 0.902247071 0.237745598
vt 0.901099443 0.234691158
vt 0.887070417 0.234506264
vt 0.916778445 0.239323094
vt 0.912570119 0.196993247
vt 0.913638234 0.238988712
vt 0.908958435 0.207409337
vt 0.903266907 0.232295409
vt 0.874983072 0.207409218
vt 0.859549999 0.205894247
vt 0.867676497 0.231820896
vt 0.149094105 0.704237044
vt 0.150917023 0.702787995
vt 0.149122953 0.704444706
vt 0.149090648 0.704418421
vt 0.149002373 0.704321206
vt 0.149680495 0.704043567
vt 0.879662871 0.238988712
vt 0.865579367 0.26014787
vt 0.878594756 0.196993247
vt 0.159267679 0.699355066
vt 0.162753329 0.697423995
vt 0.157626823 0.701205611
vt 0.152552307 0.702154398
vt 0.149834305 0.70417279
vt 0.149757043 0.704126418
vt 0.150473937 0.698730111
vt 0.150393292 0.705504
vt 0.137355417 0.706919372
vt 0.147483528 0.704819083
vt 0.146998286 0.704979599
vt 0.149002373 0.704321206
vt 0.913638234 0.238988712
vt 0.903266907 0.232295409
vt 0.904178143 0.235808983
vt 0.163958162 0.697984934
vt 0.154447034 0.703362048
vt 0.154186308 0.701305389
vt 0.151733741 0.703372777
vt 0.152302817 0.701884925
vt 0.159638047 0.698199987
vt 0.170704275 0.695407808
vt 0.16239202 0.697615027
vt 0.159638047 0.698199987
vt 0.162239119 0.701662362
vt 0.16291602 0.699842215
vt 0.177429378 0.695546508
vt 0.16291602 0.699842215
vt 0.170704275 0.695407808
vt 0.172392935 0.694706798
vt 0.149680495 0.704043567
vt 0.149002373 0.704321206
vt 0.146998286 0.704979599
vt 0.147465348 0.705573857
vt 0.146998286 0.704979599
vt 0.146141112 0.706882954
vt 0.138173148 0.713357627
vt 0.137355417 0.706919372
vt 0.146998286 0.704979599
vt 0.140005901 0.707595885
vt 0.137355417 0.706919372
vt 0.865579367 0.26014787
vt 0.867124081 0.234691218
vt 0.853095055 0.234506264
vt 0.874983072 0.207409218
vt 0.867676497 0.231820896
vt 0.869291544 0.232295349
vt 0.899554729 0.26014781
vt 0.901099443 0.234691158
vt 0.887070417 0.234506264
vt 0.621135831 0.693391383
vt 0.620369315 0.682986557
vt 0.62049377 0.688389838
vt 0.64337647 0.660022616
vt 0.622792006 0.699267566
vt 0.64337647 0.660022616
vt 0.623262167 0.676151276
vt 0.620369315 0.682986557
vt 0.631422997 0.708477378
vt 0.64337647 0.660022616
vt 0.643376589 0.693767905
vt 0.149147689 0.704367995
vt 0.149312973 0.704243422
vt 0.149265081 0.704246104
vt 0.150074124 0.70396477
vt 0.149312973 0.704243422
vt 0.159398317 0.693557978
vt 0.154062167 0.703932464
vt 0.177429378 0.695546508
vt 0.375384659 0.728345454
vt 0.374540865 0.728662431
vt 0.3740457 0.728216887
vt 0.913638234 0.238988712
vt 0.912570119 0.196993247
vt 0.889212012 0.196993247
vt 0.337958604 0.240570962
vt 0.34362942 0.237085998
vt 0.32616806 0.238241434
vt 0.155017316 0.707434595
vt 0.155017585 0.703539848
vt 0.153545678 0.708521843
vt 0.154062167 0.703932464
vt 0.153545678 0.708521843
vt 0.150393292 0.705504
vt 0.153545678 0.708521843
vt 0.150917023 0.702787995
vt 0.149312973 0.704243422
vt 0.149122953 0.704444706
vt 0.177429378 0.695546508
vt 0.154062167 0.703932464
vt 0.16291602 0.699842215
vt 0.607097745 0.679340839
vt 0.623262167 0.676151276
vt 0.64337647 0.660022616
vt 0.607097745 0.679340839
vt 0.59199214 0.664259672
vt 0.610612631 0.686081767
vt 0.623262167 0.676151276
vt 0.620369315 0.682986557
vt 0.61194104 0.691033661
vt 0.62049377 0.688389838
vt 0.611949921 0.695946932
vt 0.61194104 0.691033661
vt 0.621135831 0.693391383
vt 0.609197021 0.70188123
vt 0.611949921 0.695946932
vt 0.622792006 0.699267566
vt 0.60116148 0.712188363
vt 0.631422997 0.708477378
vt 0.161665946 0.699875891
vt 0.159267679 0.699355066
vt 0.159398317 0.693557978
vt 0.151733741 0.703372777
vt 0.149312973 0.704243422
vt 0.152302817 0.701884925
vt 0.159398317 0.693557978
vt 0.177429378 0.695546508
vt 0.161665946 0.699875891
vt 0.14797841 0.705224931
vt 0.147465348 0.705573857
vt 0.146141112 0.706882954
vt 0.140881136 0.709623039
vt 0.156572878 0.700658381
vt 0.156467825 0.70324868
vt 0.146141112 0.706882954
vt 0.138173148 0.713357627
vt 0.140881136 0.709623039
vt 0.908958435 0.207409337
vt 0.901651859 0.231820896
vt 0.903266907 0.232295409
vt 0.150063083 0.703876555
vt 0.152552307 0.702154398
vt 0.154186308 0.701305389
vt 0.163958162 0.697984934
vt 0.156467825 0.70324868
vt 0.170704275 0.695407808
vt 0.140005901 0.707595885
vt 0.146807805 0.705715656
vt 0.150635988 0.703486204
vt 0.14797841 0.705224931
vt 0.149757043 0.704126418
vt 0.149834305 0.70417279
vt 0.125011504 0.205883786
vt 0.14596957 0.242897049
vt 0.146783769 0.237792328
vt 0.150255561 0.23944144
vt 0.171213686 0.276454687
vt 0.169521868 0.205883756
vt 0.0787864625 0.205883786
vt 0.0997445583 0.242897019
vt 0.100558728 0.237792328
vt 0.10403055 0.23944144
vt 0.124988645 0.276454687
vt 0.123296857 0.205883756
vt 0.146783769 0.237792328
vt 0.14596957 0.242897049
vt 0.149441421 0.24454613
vt 0.150255561 0.23944144
vt 0.100558728 0.237792328
vt 0.0997445583 0.242897019
vt 0.10321635 0.24454613
vt 0.10403055 0.23944144
vt 0.62594533 0.212324232
vt 0.623485565 0.207315058
vt 0.621215105 0.219298273
vt 0.62334764 0.221387237
vt 0.636508942 0.259631366
vt 0.638913393 0.269585639
vt 0.694676518 0.26977697
vt 0.696417332 0.258395195
vt 0.647683859 0.219495714
vt 0.647683859 0.212706923
vt 0.640895009 0.212706923
vt 0.640895009 0.219495714
vt 0.902247071 0.237745598
vt 0.913638234 0.238988712
vt 0.904178143 0.235808983
vt 0.899554729 0.26014781
vt 0.374242038 0.248245537
vt 0.29491806 0.292928934
vt 0.31237942 0.291773498
vt 0.368905902 0.258620024
vt 0.337958604 0.240570962
vt 0.384266853 0.213357687
vt 0.383449137 0.206919432
vt 0.344626397 0.228806019
vt 0.628152847 0.280848473
vt 0.623145223 0.27947095
vt 0.625621796 0.28448692
vt 0.624771714 0.269611508
vt 0.621904373 0.272421092
vt 0.567671418 0.277897865
vt 0.56872344 0.271750301
vt 0.566505432 0.269326478
vt 0.56314826 0.277361721
vt 0.564707398 0.281304866
vt 0.149869874 0.703816772
vt 0.149147689 0.704367995
vt 0.149090648 0.704418421
vt 0.149782658 0.703873515
vt 0.163958162 0.697984934
vt 0.154186308 0.701305389
vt 0.156467825 0.70324868
vt 0.152552307 0.702154398
vt 0.14748323 0.704779387
vt 0.140881136 0.709623039
vt 0.148153514 0.704450071
vt 0.150917023 0.702787995
vt 0.150635988 0.703486204
vt 0.146807805 0.705715656
vt 0.569730163 0.291651696
vt 0.620882273 0.291516155
vt 0.623145223 0.27947095
vt 0.567671418 0.277897865
vt 0.685903549 0.795669794
vt 0.685903549 0.695093095
vt 0.585326791 0.695093095
vt 0.585326791 0.795669794
vt 0.623485565 0.207315058
vt 0.567992926 0.205597997
vt 0.570302844 0.21924144
vt 0.621215105 0.219298273
vt 0.696985483 0.24186331
vt 0.640983939 0.239969164
vt 0.642532825 0.254751623
vt 0.695088267 0.254941195
vt 0.56872344 0.307857007
vt 0.621904373 0.308527797
vt 0.621949077 0.294346184
vt 0.568768144 0.293675333
vt 0.868271708 0.237745658
vt 0.865579367 0.26014787
vt 0.879662871 0.238988712
vt 0.87020278 0.235808983
vt 0.903266907 0.232295409
vt 0.902247071 0.237745598
vt 0.904178143 0.235808983
vt 0.901651859 0.231820896
vt 0.901099443 0.234691158
vt 0.685903549 0.795669794
vt 0.685903549 0.695093095
vt 0.585326791 0.695093095
vt 0.585326791 0.795669794
vt 0.149122953 0.704444706
vt 0.147483528 0.704819083
vt 0.149094105 0.704237044
vt 0.14797841 0.705224931
vt 0.149757043 0.704126418
vt 0.14797841 0.705224931
vt 0.149312973 0.704243422
vt 0.150074124 0.70396477
vt 0.150063083 0.703876555
vt 0.149869874 0.703816772
vt 0.149147689 0.704367995
vt 0.57548511 0.711978734
vt 0.576860607 0.711241722
vt 0.576108694 0.711238742
vt 0.574995995 0.711945176
vt 0.625621796 0.320593625
vt 0.623145103 0.315577656
vt 0.620882273 0.327622861
vt 0.623026252 0.329707354
vt 0.692422867 0.277326375
vt 0.640650153 0.277167469
vt 0.640639424 0.290973574
vt 0.692412257 0.29113254
vt 0.698289037 0.233109862
vt 0.640216351 0.231965303
vt 0.640983939 0.239969164
vt 0.696985483 0.24186331
vt 0.702440381 0.241315871
vt 0.700003982 0.24646619
vt 0.637449384 0.242653906
vt 0.635995984 0.237203211
vt 0.640216351 0.231965303
vt 0.853095055 0.234506264
vt 0.859549999 0.205894247
vt 0.866070867 0.262148798
vt 0.882803082 0.239323035
vt 0.559388518 0.197367162
vt 0.563287258 0.204945117
vt 0.567110896 0.196645349
vt 0.563093305 0.189441741
vt 0.625621796 0.248380244
vt 0.620882273 0.255409479
vt 0.623026252 0.257493943
vt 0.623145223 0.243364245
vt 0.634031534 0.212706894
vt 0.640820384 0.219495714
vt 0.640820384 0.212706894
vt 0.634031534 0.219495714
vt 0.376889944 0.711238742
vt 0.377479494 0.710600495
vt 0.374715984 0.712262571
vt 0.375777304 0.711945176
vt 0.402666599 0.200658441
vt 0.384266853 0.213357687
vt 0.405492038 0.193558037
vt 0.32616806 0.238241434
vt 0.337958604 0.240570962
vt 0.627272367 0.74589479
vt 0.613989592 0.737349987
vt 0.611874104 0.74395287
vt 0.59161365 0.759998143
vt 0.641607642 0.761852264
vt 0.611874104 0.74395287
vt 0.627272367 0.74589479
vt 0.623983264 0.73852694
vt 0.614249289 0.732335508
vt 0.623983264 0.73852694
vt 0.62288332 0.733436584
vt 0.613809586 0.727256358
vt 0.623061895 0.728630662
vt 0.612173915 0.720587909
vt 0.623061895 0.728630662
vt 0.626039743 0.723002732
vt 0.603709519 0.712208867
vt 0.634480476 0.712208867
vt 0.400155902 0.203932524
vt 0.34362942 0.237085998
vt 0.383449137 0.206919432
vt 0.344626397 0.228806019
vt 0.634031534 0.19890523
vt 0.640820384 0.1989052
vt 0.640820384 0.19211641
vt 0.634031534 0.19211641
vt 0.634480476 0.712208867
vt 0.641607642 0.761852264
vt 0.643184781 0.734078407
vt 0.623061895 0.728630662
vt 0.567992926 0.205597997
vt 0.563287258 0.204945117
vt 0.565158367 0.209392637
vt 0.567110896 0.196645349
vt 0.569244862 0.199389607
vt 0.622257233 0.200285167
vt 0.623485565 0.207315058
vt 0.625117898 0.197500259
vt 0.628471732 0.208713084
vt 0.62594533 0.212324232
vt 0.566656232 0.293600649
vt 0.569730163 0.291651696
vt 0.567671418 0.277897865
vt 0.564707398 0.281304866
vt 0.569730163 0.25554499
vt 0.623145223 0.243364245
vt 0.567671418 0.241791129
vt 0.620882273 0.255409479
vt 0.685903549 0.795669794
vt 0.685903549 0.695093095
vt 0.585326791 0.695093095
vt 0.585326791 0.795669794
vt 0.624771714 0.305718213
vt 0.628152728 0.316955179
vt 0.633649468 0.310258359
vt 0.630343199 0.299190253
vt 0.154447034 0.703362048
vt 0.150063083 0.703876555
vt 0.154186308 0.701305389
vt 0.150074124 0.70396477
vt 0.633649468 0.274151653
vt 0.630343199 0.263083518
vt 0.624771714 0.269611508
vt 0.628152847 0.280848473
vt 0.633724093 0.262911767
vt 0.637004495 0.27405104
vt 0.638913393 0.269585639
vt 0.636508942 0.259631366
vt 0.685903549 0.795669794
vt 0.685903549 0.695093095
vt 0.585326791 0.695093095
vt 0.585326791 0.795669794
vt 0.853095055 0.234506264
vt 0.867676497 0.231820896
vt 0.859549999 0.205894247
vt 0.867124081 0.234691218
vt 0.620882273 0.291516155
vt 0.623026252 0.293600649
vt 0.625621796 0.28448692
vt 0.623145223 0.27947095
vt 0.56872344 0.271750301
vt 0.621949077 0.258239448
vt 0.568768144 0.257568628
vt 0.621904373 0.272421092
vt 0.634031534 0.212632209
vt 0.640820384 0.205843359
vt 0.634031534 0.205843359
vt 0.640820384 0.212632209
vt 0.685903549 0.795669794
vt 0.685903549 0.695093095
vt 0.585326791 0.695093095
vt 0.585326791 0.795669794
vt 0.562603593 0.299196273
vt 0.56314826 0.313468367
vt 0.566505432 0.305433184
vt 0.559388518 0.306870967
vt 0.569730163 0.327758402
vt 0.623145103 0.315577656
vt 0.567671418 0.31400457
vt 0.620882273 0.327622861
vt 0.640895009 0.19211641
vt 0.647683859 0.1989052
vt 0.647683859 0.19211641
vt 0.640895009 0.1989052
vt 0.685903549 0.795669794
vt 0.585326791 0.695093095
vt 0.585326791 0.795669794
vt 0.685903549 0.695093095
vt 0.622316957 0.186148494
vt 0.569244862 0.199389607
vt 0.622257233 0.200285167
vt 0.569304585 0.185252875
vt 0.640895009 0.198979884
vt 0.647683859 0.205768675
vt 0.647683859 0.198979884
vt 0.640895009 0.205768675
vt 0.628152847 0.244741797
vt 0.623145223 0.243364245
vt 0.625621796 0.248380244
vt 0.624771714 0.233504832
vt 0.621904373 0.236314386
vt 0.56872344 0.235643566
vt 0.567671418 0.241791129
vt 0.566505432 0.233219743
vt 0.56314826 0.241254956
vt 0.564707398 0.24519816
vt 0.566656232 0.329707295
vt 0.567671418 0.31400457
vt 0.564707398 0.317411572
vt 0.569730163 0.327758402
vt 0.887070417 0.234506264
vt 0.900046229 0.262148857
vt 0.916778445 0.239323094
vt 0.893525362 0.205894247
vt 0.628471732 0.208713084
vt 0.630677342 0.191025466
vt 0.625117898 0.197500259
vt 0.633956909 0.202070028
vt 0.685903549 0.795669794
vt 0.685903549 0.695093095
vt 0.585326791 0.695093095
vt 0.585326791 0.795669794
vt 0.639180064 0.222266167
vt 0.698289037 0.233109862
vt 0.699532509 0.222445786
vt 0.640216351 0.231965303
vt 0.640983939 0.239969164
vt 0.639096618 0.256398916
vt 0.642532825 0.254751623
vt 0.637449384 0.242653906
vt 0.634031534 0.205768734
vt 0.640820384 0.198979884
vt 0.634031534 0.198979884
vt 0.640820384 0.205768734
vt 0.562603593 0.263089567
vt 0.559388518 0.270764321
vt 0.56314826 0.277361721
vt 0.566505432 0.269326478
vt 0.685903549 0.795669794
vt 0.685903549 0.695093095
vt 0.585326791 0.695093095
vt 0.585326791 0.795669794
vt 0.887070417 0.234506264
vt 0.901651859 0.231820896
vt 0.893525362 0.205894247
vt 0.901099443 0.234691158
vt 0.699532509 0.222445786
vt 0.698289037 0.233109862
vt 0.702440381 0.241315871
vt 0.706236362 0.229373842
vt 0.685903549 0.695093095
vt 0.585326791 0.695093095
vt 0.585326791 0.795669794
vt 0.685903549 0.795669794
vt 0.375384659 0.728345454
vt 0.374045998 0.728256583
vt 0.374540865 0.728662431
vt 0.374715984 0.712262571
vt 0.37626642 0.711978734
vt 0.375777304 0.711945176
vt 0.640820384 0.185252875
vt 0.634031534 0.192041725
vt 0.640820384 0.192041725
vt 0.634031534 0.185252875
vt 0.628152728 0.316955179
vt 0.623145103 0.315577656
vt 0.625621796 0.320593625
vt 0.624771714 0.305718213
vt 0.621904373 0.308527797
vt 0.567671418 0.31400457
vt 0.56872344 0.307857007
vt 0.566505432 0.305433184
vt 0.56314826 0.313468367
vt 0.564707398 0.317411572
vt 0.647683859 0.192041695
vt 0.647683859 0.185252875
vt 0.640895009 0.185252875
vt 0.640895009 0.192041695
vt 0.566656232 0.257493913
vt 0.569730163 0.25554499
vt 0.567671418 0.241791129
vt 0.564707398 0.24519816
vt 0.152437016 0.703147113
vt 0.14748323 0.704779387
vt 0.152552307 0.702154398
vt 0.148822188 0.704907954
vt 0.146807805 0.705715656
vt 0.146998286 0.704979599
vt 0.147483528 0.704819083
vt 0.140005901 0.707595885
vt 0.562603593 0.226982832
vt 0.56314826 0.241254956
vt 0.566505432 0.233219743
vt 0.559388518 0.234657556
vt 0.696226239 0.275453895
vt 0.700377107 0.262117863
vt 0.696417332 0.258395195
vt 0.694676518 0.26977697
vt 0.695088267 0.254941195
vt 0.697566986 0.256929755
vt 0.700003982 0.24646619
vt 0.696985483 0.24186331
vt 0.647683859 0.205843359
vt 0.640895009 0.205843359
vt 0.640895009 0.212632239
vt 0.647683859 0.212632209
vt 0.640216351 0.231965303
vt 0.639180064 0.222266167
vt 0.633724093 0.226376683
vt 0.635995984 0.237203211
vt 0.567992926 0.205597997
vt 0.565158367 0.209392637
vt 0.567304134 0.221387208
vt 0.570302844 0.21924144
vt 0.56872344 0.235643566
vt 0.621904373 0.236314386
vt 0.621949077 0.222132742
vt 0.568768144 0.221461892
vt 0.152552307 0.702154398
vt 0.150063083 0.703876555
vt 0.149834305 0.70417279
vt 0.149680495 0.704043567
vt 0.14797841 0.705224931
vt 0.147465348 0.705573857
vt 0.149782658 0.703873515
vt 0.149869874 0.703816772
vt 0.614249289 0.732335508
vt 0.611874104 0.74395287
vt 0.613989592 0.737349987
vt 0.613809586 0.727256358
vt 0.612173915 0.720587909
vt 0.591991365 0.726738691
vt 0.59161365 0.759998143
vt 0.603709519 0.712208867
vt 0.37626642 0.711978734
vt 0.378999472 0.710959613
vt 0.377641886 0.711241722
vt 0.375384659 0.712720454
vt 0.624771714 0.233504832
vt 0.628152847 0.244741797
vt 0.633649468 0.238044947
vt 0.630343199 0.226976842
vt 0.869291544 0.232295349
vt 0.868271708 0.237745658
vt 0.87020278 0.235808983
vt 0.867676497 0.231820896
vt 0.867124081 0.234691218
vt 0.640650153 0.277167469
vt 0.638913393 0.269585639
vt 0.637004495 0.27405104
vt 0.692422867 0.277326375
vt 0.694676518 0.26977697
vt 0.696226239 0.275453895
vn -1.000000 0.000000 -0.000000
vn -1.000000 0.000000 -0.000000
vn -1.000000 0.000000 -0.000000
vn 1.000000 0.000000 -0.000000
vn 1.000000 0.000000 -0.000000
vn 1.000000 0.000000 -0.000000
vn -1.000000 0.000000 -0.000000
vn -1.000000 0.000000 -0.000000
vn -1.000000 0.000000 -0.000000
vn 0.000000 -1.000000 0.000001
vn 0.000000 -1.000000 0.000001
vn 0.000000 -1.000000 0.000001
vn 0.000000 -1.000000 0.000001
vn 0.000000 -1.000000 0.000001
vn 0.000000 1.000000 -0.000001
vn 0.000000 1.000000 -0.000001
vn 0.000000 1.000000 -0.000001
vn 0.000000 1.000000 -0.000001
vn 0.000000 1.000000 -0.000001
vn 1.000000 0.000000 -0.000000
vn 1.000000 0.000000 -0.000000
vn 1.000000 0.000000 -0.000000
vn 0.000000 -1.000000 0.000001
vn 0.000000 -1.000000 0.000001
vn 0.000000 -1.000000 0.000001
vn 0.000000 -1.000000 0.000001
vn 0.000000 -1.000000 0.000001
vn 0.000000 1.000000 -0.000001
vn 0.000000 1.000000 -0.000001
vn 0.000000 1.000000 -0.000001
vn 0.000000 1.000000 -0.000001
vn 0.000000 1.000000 -0.000001
vn 0.000000 -0.254122 0.967172
vn 0.000000 -0.254122 0.967172
vn 0.000000 0.000001 1.000000
vn 0.000000 0.164398 -0.986394
vn 0.000000 0.164398 -0.986394
vn 0.000000 0.164398 -0.986394
vn -1.000000 0.000000 -0.000000
vn -1.000000 0.000000 -0.000000
vn -1.000000 0.000000 -0.000000
vn 0.000000 0.857493 0.514495
vn 0.000000 0.963715 0.266933
vn 0.000000 0.857493 0.514495
vn 0.000000 -0.000001 -1.000000
vn 0.000000 -0.000001 -1.000000
vn 0.000000 -0.000001 -1.000000
vn 0.000000 -0.000001 -1.000000
vn 0.000000 -0.000001 -1.000000
vn 0.000000 -0.000001 -1.000000
vn 0.000000 -0.000001 -1.000000
vn 0.000000 -0.000001 -1.000000
vn 0.000000 -0.000001 -1.000000
vn 0.000000 -0.000001 -1.000000
vn 1.000000 0.000000 -0.000000
vn 1.000000 0.000000 -0.000000
vn 1.000000 0.000000 -0.000000
vn 0.000000 -0.254122 0.967172
vn 0.000000 0.000001 1.000000
vn 0.000000 0.000001 1.000000
vn -1.000000 0.000000 -0.000000
vn -1.000000 0.000000 -0.000000
vn -1.000000 0.000000 -0.000000
vn -1.000000 0.000000 -0.000000
vn -1.000000 0.000000 -0.000000
vn -1.000000 0.000000 -0.000000
vn 0.000000 0.000001 1.000000
vn 0.000000 0.000001 1.000000
vn 0.000000 0.000001 1.000000
vn 0.000000 0.970142 -0.242536
vn 0.000000 0.992507 -0.122184
vn 0.000000 0.970142 -0.242536
vn 0.000000 -0.000001 -1.000000
vn 0.000000 -0.000001 -1.000000
vn 0.000000 -0.000001 -1.000000
vn -0.583517 0.120290 -0.803143
vn -0.576415 0.242635 -0.780304
vn -0.587785 -0.000000 -0.809017
vn -0.583517 0.120290 -0.803143
vn -0.587785 -0.000000 -0.809017
vn 0.000000 0.999411 -0.034327
vn 0.000000 0.999411 -0.034327
vn 0.000000 0.999411 -0.034327
vn 0.000000 0.999411 -0.034327
vn 0.000000 0.999411 -0.034327
vn 0.000000 -1.000000 0.000001
vn 0.000000 -1.000000 0.000001
vn 0.000000 -1.000000 0.000001
vn 0.000000 0.935092 -0.354405
vn 0.000000 0.857493 -0.514496
vn 0.000000 0.857493 -0.514496
vn 0.000000 0.935092 -0.354405
vn 0.000000 0.984174 -0.177203
vn 0.000000 0.963715 0.266933
vn 0.000000 0.935092 -0.354405
vn 0.000000 0.935093 0.354404
vn 0.000000 0.857493 0.514495
vn 0.000000 0.000001 1.000000
vn 0.000000 0.000001 1.000000
vn 0.000000 0.000001 1.000000
vn -0.949876 -0.049821 0.308633
vn -0.951057 0.000000 0.309017
vn -0.951057 0.000000 0.309017
vn -0.948925 -0.102340 0.298441
vn -0.951057 0.000000 0.309017
vn 1.000000 0.000000 -0.000000
vn 1.000000 0.000000 -0.000000
vn 1.000000 0.000000 -0.000000
vn 0.000000 1.000000 -0.000001
vn 0.000000 0.990098 -0.140381
vn 0.000000 0.991980 -0.126393
vn 0.000000 0.992507 -0.122184
vn 0.000000 1.000000 -0.000001
vn 0.000000 1.000000 -0.000001
vn -0.948925 -0.102340 0.298441
vn -0.944093 -0.153110 0.291968
vn -0.947557 -0.157096 0.278311
vn 0.000000 0.000001 1.000000
vn 0.000000 -0.082480 0.996593
vn 0.000000 0.000001 1.000000
vn 0.000000 0.000001 1.000000
vn 0.000000 -0.082480 0.996593
vn 0.000000 0.991980 -0.126393
vn 0.000000 0.977802 -0.209530
vn 0.000000 0.977802 -0.209530
vn 0.000000 1.000000 -0.000001
vn 0.000000 1.000000 -0.000001
vn 0.000000 0.977802 -0.209530
vn 0.000000 0.990098 -0.140381
vn 1.000000 0.000000 -0.000000
vn 1.000000 0.000000 -0.000000
vn 1.000000 0.000000 -0.000000
vn 1.000000 0.000000 -0.000000
vn 1.000000 0.000000 -0.000000
vn 1.000000 0.000000 -0.000000
vn 1.000000 0.000000 -0.000000
vn -1.000000 0.000000 -0.000000
vn -1.000000 0.000000 -0.000000
vn -1.000000 0.000000 -0.000000
vn 0.000000 0.857493 -0.514496
vn 0.000000 0.935092 -0.354405
vn 0.000000 0.857493 -0.514496
vn 0.000000 0.857493 -0.514496
vn 0.000000 0.984174 -0.177203
vn 0.000000 0.963715 0.266933
vn 0.000000 0.935093 0.354404
vn 0.000000 0.857493 0.514495
vn 0.000000 0.857493 0.514495
vn 0.000000 0.857493 0.514495
vn 0.000000 -1.000000 0.000001
vn 0.000000 -1.000000 0.000001
vn 0.000000 -1.000000 0.000001
vn -0.583517 0.120290 -0.803143
vn -0.576415 0.242635 -0.780304
vn -0.587785 -0.000000 -0.809017
vn -0.583517 0.120290 -0.803143
vn -0.587785 -0.000000 -0.809017
vn 0.000000 0.000001 1.000000
vn 0.000000 0.000001 1.000000
vn 0.000000 0.000001 1.000000
vn 0.000000 -1.000000 0.000001
vn 0.000000 -1.000000 0.000001
vn 0.000000 -1.000000 0.000001
vn 0.000000 -0.164398 0.986394
vn 0.000000 -0.164398 0.986394
vn 0.000000 -0.082480 0.996593
vn 0.000000 -0.000001 -1.000000
vn 0.000000 -0.000001 -1.000000
vn 0.000000 -0.000001 -1.000000
vn -0.949876 -0.049821 0.308633
vn -0.951057 0.000000 0.309017
vn -0.951057 0.000000 0.309017
vn -0.948925 -0.102340 0.298441
vn -0.951057 0.000000 0.309017
vn 0.000000 -0.164398 0.986394
vn 0.000000 -0.164398 0.986394
vn 0.000000 -0.082480 0.996593
vn 1.000000 0.000000 -0.000000
vn 1.000000 0.000000 -0.000000
vn 1.000000 0.000000 -0.000000
vn 1.000000 0.000000 -0.000000
vn 1.000000 0.000000 -0.000000
vn 1.000000 0.000000 -0.000000
vn 1.000000 0.000000 -0.000000
vn 1.000000 0.000000 -0.000000
vn 1.000000 0.000000 -0.000000
vn 1.000000 0.000000 -0.000000
vn 0.998883 -0.000000 -0.047246
vn 0.997484 -0.000000 -0.070889
vn 0.989949 -0.000000 -0.141421
vn 0.989949 -0.000000 -0.141421
vn 1.000000 0.000000 -0.000000
vn 1.000000 0.000000 -0.000000
vn -1.000000 0.000000 -0.000000
vn -1.000000 0.000000 -0.000000
vn -1.000000 0.000000 -0.000000
vn -1.000000 0.000000 -0.000000
vn -1.000000 0.000000 -0.000000
vn 0.000000 0.000001 1.000000
vn 0.000000 0.000001 1.000000
vn 0.000000 0.000001 1.000000
vn 0.000000 0.000001 1.000000
vn 0.000000 0.000001 1.000000
vn 0.000000 0.000001 1.000000
vn 0.000000 0.000001 1.000000
vn 0.000000 0.000001 1.000000
vn 0.000000 0.000001 1.000000
vn 0.000000 0.000001 1.000000
vn -0.576415 0.242635 -0.780304
vn -0.583517 0.120290 -0.803143
vn -0.557846 0.358537 -0.748505
vn 1.000000 0.000000 -0.000000
vn 1.000000 0.000000 -0.000000
vn 1.000000 0.000000 -0.000000
vn 0.950404 -0.076779 0.301391
vn 0.947557 -0.157097 0.278311
vn 0.944093 -0.153110 0.291969
vn 0.948395 -0.074754 0.308153
vn 0.951056 0.000000 0.309017
vn 0.951056 0.000000 0.309017
vn -0.948925 -0.102340 0.298441
vn -0.949876 -0.049821 0.308633
vn -0.944093 -0.153110 0.291968
vn 0.950404 -0.076779 0.301391
vn 0.947557 -0.157097 0.278311
vn 0.944093 -0.153110 0.291969
vn 0.948395 -0.074754 0.308153
vn 0.951056 0.000000 0.309017
vn 0.951056 0.000000 0.309017
vn -0.948925 -0.102340 0.298441
vn -0.949876 -0.049821 0.308633
vn -0.944093 -0.153110 0.291968
vn -0.576415 0.242635 -0.780304
vn -0.583517 0.120290 -0.803143
vn -0.557846 0.358537 -0.748505
vn 0.000000 -0.164398 0.986394
vn 0.000000 -0.082480 0.996593
vn 0.000000 -0.164398 0.986394
vn 0.000000 0.970142 -0.242536
vn 0.000000 0.992507 -0.122184
vn 0.000000 0.992507 -0.122184
vn 0.000000 -0.254122 0.967172
vn 0.000000 -0.254122 0.967172
vn 0.000000 0.000001 1.000000
vn 0.000000 0.857493 0.514495
vn 0.000000 0.935093 0.354404
vn 0.000000 0.857493 0.514495
vn 0.000000 -0.164398 0.986394
vn 0.000000 -0.164398 0.986394
vn 0.000000 -0.164398 0.986394
vn 0.000000 -1.000000 0.000001
vn 0.000000 -1.000000 0.000001
vn 0.000000 -1.000000 0.000001
vn 1.000000 0.000000 -0.000000
vn 1.000000 0.000000 -0.000000
vn 1.000000 0.000000 -0.000000
vn -0.948925 -0.102340 0.298441
vn -0.944093 -0.153110 0.291968
vn -0.947557 -0.157096 0.278311
vn 0.000000 0.977802 -0.209530
vn 0.000000 0.990098 -0.140381
vn 0.000000 0.977802 -0.209530
vn 0.000000 0.977802 -0.209530
vn 0.000000 0.991980 -0.126393
vn 0.000000 0.977802 -0.209530
vn 0.000000 -0.000001 -1.000000
vn 0.000000 -0.000001 -1.000000
vn 0.000000 -0.000001 -1.000000
vn 0.000000 -0.000001 -1.000000
vn 0.000000 -0.000001 -1.000000
vn 0.000000 -0.000001 -1.000000
vn 0.000000 -0.000001 -1.000000
vn 0.000000 -0.000001 -1.000000
vn 0.000000 -0.000001 -1.000000
vn 0.000000 0.992507 -0.122184
vn 0.000000 0.992507 -0.122184
vn 0.000000 1.000000 -0.000001
vn 0.000000 0.000001 1.000000
vn 0.000000 0.000001 1.000000
vn 0.000000 0.000001 1.000000
vn 0.000000 0.000001 1.000000
vn 0.000000 0.000001 1.000000
vn 0.000000 0.000001 1.000000
vn 0.000000 0.000001 1.000000
vn 0.000000 0.000001 1.000000
vn 0.950404 -0.076779 0.301391
vn 0.944093 -0.153110 0.291969
vn 0.948395 -0.074754 0.308153
vn -0.576415 0.242635 -0.780304
vn -0.557846 0.358537 -0.748505
vn -0.566246 0.361433 -0.740764
vn 0.950404 -0.076779 0.301391
vn 0.944093 -0.153110 0.291969
vn 0.948395 -0.074754 0.308153
vn 0.000000 -0.000001 -1.000000
vn 0.000000 -0.000001 -1.000000
vn 0.000000 -0.000001 -1.000000
vn 0.000000 -0.000001 -1.000000
vn 0.000000 -0.000001 -1.000000
vn 0.000000 -0.000001 -1.000000
vn 0.000000 -0.000001 -1.000000
vn 0.000000 -0.000001 -1.000000
vn 0.000000 -0.000001 -1.000000
vn 0.000000 -0.000001 -1.000000
vn 0.000000 -0.000001 -1.000000
vn 0.000000 -0.970143 -0.242535
vn 0.000000 -0.992508 -0.122183
vn 0.000000 -0.970143 -0.242535
vn 0.000000 -0.983126 -0.182928
vn 0.000000 -0.992508 -0.122183
vn 0.000000 -1.000000 0.000001
vn 0.000000 -1.000000 0.000001
vn 0.000000 -1.000000 0.000001
vn 0.000000 -0.000001 -1.000000
vn 0.000000 -0.000001 -1.000000
vn 0.000000 -0.000001 -1.000000
vn 0.000000 -0.254122 0.967172
vn 0.000000 0.000001 1.000000
vn 0.000000 0.000001 1.000000
vn 0.000000 0.000001 1.000000
vn 0.000000 0.000001 1.000000
vn 0.000000 0.000001 1.000000
vn 0.000000 0.000001 1.000000
vn 0.000000 0.000001 1.000000
vn 0.000000 0.000001 1.000000
vn 0.000000 0.000001 1.000000
vn 0.000000 0.000001 1.000000
vn 0.000000 0.000001 1.000000
vn 0.000000 0.000001 1.000000
vn -1.000000 0.000000 -0.000000
vn -1.000000 0.000000 -0.000000
vn -1.000000 0.000000 -0.000000
vn 0.000000 -1.000000 0.000001
vn 0.000000 -1.000000 0.000001
vn 0.000000 -1.000000 0.000001
vn -0.252725 0.967538 -0.000001
vn -0.505449 0.862856 -0.000001
vn 0.000000 1.000000 -0.000001
vn -0.252725 0.967538 -0.000001
vn 0.000000 1.000000 -0.000001
vn -0.862856 0.505450 -0.000000
vn -0.505449 0.862856 -0.000001
vn -0.967538 0.252725 -0.000000
vn -0.967538 -0.252725 0.000000
vn -0.862856 -0.505450 0.000000
vn -0.505449 -0.862856 0.000001
vn -0.967538 -0.252725 0.000000
vn -0.252725 -0.967538 0.000001
vn 0.252725 -0.967538 0.000001
vn -0.505449 -0.862856 0.000001
vn 0.505449 -0.862856 0.000001
vn 0.707107 -0.707107 0.000000
vn 0.707107 -0.707107 0.000000
vn 0.000000 0.000001 1.000000
vn 0.000000 0.000001 1.000000
vn 0.000000 0.000001 1.000000
vn 0.000000 0.164398 -0.986394
vn 0.000000 0.164398 -0.986394
vn 0.000000 0.164398 -0.986394
vn 0.000000 -1.000000 0.000001
vn 0.000000 -1.000000 0.000001
vn 0.000000 -1.000000 0.000001
vn -1.000000 0.000000 -0.000000
vn -1.000000 0.000000 -0.000000
vn -1.000000 0.000000 -0.000000
vn 0.000000 -1.000000 0.000001
vn 0.000000 -1.000000 0.000001
vn 0.000000 -1.000000 0.000001
vn 0.000000 0.000001 1.000000
vn 0.000000 0.000001 1.000000
vn 0.000000 0.000001 1.000000
vn -0.576415 0.242635 -0.780304
vn -0.557846 0.358537 -0.748505
vn -0.566246 0.361433 -0.740764
vn -1.000000 0.000000 -0.000000
vn -1.000000 0.000000 -0.000000
vn -0.998883 -0.000000 -0.047246
vn -0.989949 -0.000000 -0.141421
vn -0.998391 -0.000000 -0.056705
vn -0.989949 -0.000000 -0.141421
vn 1.000000 0.000000 -0.000000
vn 1.000000 0.000000 -0.000000
vn 1.000000 0.000000 -0.000000
vn 0.000000 -1.000000 0.000001
vn 0.000000 -1.000000 0.000001
vn 0.000000 -1.000000 0.000001
vn -1.000000 0.000000 -0.000000
vn -1.000000 0.000000 -0.000000
vn -1.000000 0.000000 -0.000000
vn 1.000000 0.000000 -0.000000
vn 1.000000 0.000000 -0.000000
vn 1.000000 0.000000 -0.000000
vn -1.000000 0.000000 -0.000000
vn -1.000000 0.000000 -0.000000
vn -1.000000 0.000000 -0.000000
vn 1.000000 0.000000 -0.000000
vn 1.000000 0.000000 -0.000000
vn 1.000000 0.000000 -0.000000
vn 0.000000 -0.000001 -1.000000
vn 0.000000 -0.000001 -1.000000
vn 0.000000 -0.000001 -1.000000
vn 0.000000 -0.000001 -1.000000
vn 0.000000 -0.000001 -1.000000
vn 0.000000 -0.000001 -1.000000
vn 0.000000 -0.000001 -1.000000
vn 0.000000 -0.000001 -1.000000
vn -1.000000 0.000000 -0.000000
vn -1.000000 0.000000 -0.000000
vn -1.000000 0.000000 -0.000000
vn -1.000000 0.000000 -0.000000
vn 0.000000 -1.000000 0.000001
vn 0.000000 -1.000000 0.000001
vn 0.000000 -1.000000 0.000001
vn 0.000000 -1.000000 0.000001
vn 0.000000 -1.000000 0.000001
vn 0.000000 -1.000000 0.000001
vn 0.000000 -1.000000 0.000001
vn 0.000000 -1.000000 0.000001
vn 0.000000 -0.491560 0.870844
vn 0.000000 -0.254122 0.967172
vn 0.000000 -0.491560 0.870844
vn 0.000000 -0.254122 0.967172
vn 0.000000 -1.000000 0.000001
vn 0.000000 -1.000000 0.000001
vn 0.000000 -1.000000 0.000001
vn 0.000000 -1.000000 0.000001
vn 0.000000 1.000000 -0.000001
vn 0.000000 1.000000 -0.000001
vn 0.000000 1.000000 -0.000001
vn 0.000000 1.000000 -0.000001
vn 0.000000 -0.000001 -1.000000
vn 0.000000 -0.000001 -1.000000
vn 0.000000 -0.000001 -1.000000
vn 0.000000 -0.000001 -1.000000
vn 0.000000 -0.000001 -1.000000
vn 0.000000 -0.000001 -1.000000
vn 0.000000 -0.000001 -1.000000
vn 0.000000 -0.000001 -1.000000
vn 0.000000 -0.000001 -1.000000
vn 0.000000 -0.000001 -1.000000
vn 0.000000 -0.000001 -1.000000
vn 0.000000 -0.000001 -1.000000
vn 0.000000 -0.000001 -1.000000
vn 0.000000 -0.000001 -1.000000
vn -0.989949 -0.000000 -0.141421
vn -0.998883 -0.000000 -0.047246
vn -0.998391 -0.000000 -0.056705
vn -1.000000 0.000000 -0.000000
vn -1.000000 0.000000 -0.000000
vn -1.000000 0.000000 -0.000000
vn 0.000000 1.000000 -0.000001
vn 0.000000 1.000000 -0.000001
vn 0.000000 1.000000 -0.000001
vn 0.000000 1.000000 -0.000001
vn 0.000000 -1.000000 0.000001
vn 0.000000 -1.000000 0.000001
vn 0.000000 -1.000000 0.000001
vn 0.000000 -1.000000 0.000001
vn -0.999411 -0.000000 -0.034327
vn -0.999411 -0.000000 -0.034327
vn -0.999411 -0.000000 -0.034327
vn -0.999411 -0.000000 -0.034327
vn 0.000000 -1.000000 0.000001
vn 0.000000 -1.000000 0.000001
vn 0.000000 -1.000000 0.000001
vn 0.000000 -1.000000 0.000001
vn 0.000000 -1.000000 0.000001
vn 0.000000 -1.000000 0.000001
vn 0.000000 -1.000000 0.000001
vn 0.000000 -1.000000 0.000001
vn 0.000000 1.000000 -0.000001
vn 0.000000 1.000000 -0.000001
vn 0.000000 1.000000 -0.000001
vn 0.000000 1.000000 -0.000001
vn 0.000000 -0.491560 0.870844
vn 0.000000 -0.254122 0.967172
vn 0.000000 -0.254122 0.967172
vn 0.000000 -0.491560 0.870844
vn 0.000000 0.707107 0.707106
vn 0.000000 0.707107 0.707106
vn 0.000000 0.707107 0.707106
vn 0.000000 0.707107 0.707106
vn 0.000000 0.707107 0.707106
vn 0.000000 0.000001 1.000000
vn 0.000000 0.000001 1.000000
vn 0.000000 0.000001 1.000000
vn 0.000000 0.000001 1.000000
vn 0.000000 -1.000000 0.000001
vn 0.000000 -1.000000 0.000001
vn 0.000000 -1.000000 0.000001
vn 0.000000 -1.000000 0.000001
vn 0.000000 -1.000000 0.000001
vn 0.000000 -1.000000 0.000001
vn 0.000000 -0.992508 -0.122183
vn 0.000000 -0.983126 -0.182928
vn 0.000000 -0.970143 -0.242535
vn 0.000000 -0.970143 -0.242535
vn 0.000000 -0.970143 -0.242535
vn 0.000000 1.000000 -0.000001
vn 0.000000 1.000000 -0.000001
vn 0.000000 1.000000 -0.000001
vn 0.000000 1.000000 -0.000001
vn -1.000000 0.000000 -0.000000
vn -1.000000 0.000000 -0.000000
vn -1.000000 0.000000 -0.000000
vn -1.000000 0.000000 -0.000000
vn 0.000000 1.000000 -0.000001
vn 0.000000 1.000000 -0.000001
vn 0.000000 1.000000 -0.000001
vn 0.000000 1.000000 -0.000001
vn 0.000000 -0.000001 -1.000000
vn 0.000000 -0.000001 -1.000000
vn 0.000000 -0.000001 -1.000000
vn 0.000000 -0.000001 -1.000000
vn 0.000000 -0.000001 -1.000000
vn 0.000000 -0.000001 -1.000000
vn 0.000000 -0.000001 -1.000000
vn 0.000000 -0.000001 -1.000000
vn 0.000000 -0.000001 -1.000000
vn 0.582592 0.182321 -0.792052
vn 0.578101 0.180773 -0.795688
vn 0.587785 -0.000000 -0.809017
vn 0.587785 -0.000000 -0.809017
vn -1.000000 0.000000 -0.000000
vn -1.000000 0.000000 -0.000000
vn -1.000000 0.000000 -0.000000
vn -1.000000 0.000000 -0.000000
vn -1.000000 0.000000 -0.000000
vn -1.000000 0.000000 -0.000000
vn -1.000000 0.000000 -0.000000
vn -1.000000 0.000000 -0.000000
vn 0.000000 -1.000000 0.000001
vn 0.000000 -1.000000 0.000001
vn 0.000000 -1.000000 0.000001
vn 0.000000 -1.000000 0.000001
vn -1.000000 0.000000 -0.000000
vn -1.000000 0.000000 -0.000000
vn -1.000000 0.000000 -0.000000
vn -1.000000 0.000000 -0.000000
vn -1.000000 0.000000 -0.000000
vn -1.000000 0.000000 -0.000000
vn -1.000000 0.000000 -0.000000
vn -1.000000 0.000000 -0.000000
vn -1.000000 0.000000 -0.000000
vn 0.505449 0.862856 -0.000001
vn 0.862856 0.505450 -0.000000
vn 0.252725 0.967538 -0.000001
vn 0.000000 1.000000 -0.000001
vn 0.000000 1.000000 -0.000001
vn 0.252725 0.967538 -0.000001
vn 0.505449 0.862856 -0.000001
vn 0.967538 0.252725 -0.000000
vn 0.967538 -0.252725 0.000000
vn 0.967538 0.252725 -0.000000
vn 0.862856 -0.505450 0.000000
vn 0.505449 -0.862856 0.000001
vn 0.252725 -0.967538 0.000001
vn -0.252725 -0.967538 0.000001
vn 0.252725 -0.967538 0.000001
vn -0.505449 -0.862856 0.000001
vn -0.707107 -0.707107 0.000000
vn -0.707107 -0.707107 0.000000
vn 1.000000 0.000000 -0.000000
vn 1.000000 0.000000 -0.000000
vn 1.000000 0.000000 -0.000000
vn 1.000000 0.000000 -0.000000
vn 0.000000 -1.000000 0.000001
vn 0.000000 -1.000000 0.000001
vn 0.000000 -1.000000 0.000001
vn 0.000000 -1.000000 0.000001
vn 0.000000 -0.000001 -1.000000
vn 0.000000 -0.000001 -1.000000
vn 0.000000 -0.000001 -1.000000
vn 0.000000 -0.000001 -1.000000
vn 0.000000 -0.000001 -1.000000
vn 0.000000 -0.000001 -1.000000
vn 0.000000 -0.000001 -1.000000
vn 0.000000 -0.000001 -1.000000
vn 0.000000 -0.000001 -1.000000
vn 0.000000 -0.000001 -1.000000
vn 0.000000 -0.000001 -1.000000
vn 0.000000 -0.000001 -1.000000
vn 0.000000 -0.000001 -1.000000
vn 0.000000 -0.000001 -1.000000
vn 1.000000 0.000000 -0.000000
vn 1.000000 0.000000 -0.000000
vn 1.000000 0.000000 -0.000000
vn 1.000000 0.000000 -0.000000
vn 0.000000 -1.000000 0.000001
vn 0.000000 -1.000000 0.000001
vn 0.000000 -1.000000 0.000001
vn 0.000000 -1.000000 0.000001
vn 0.999411 0.000000 0.034326
vn 0.999411 0.000000 0.034326
vn 0.999411 0.000000 0.034326
vn 0.999411 0.000000 0.034326
vn 1.000000 0.000000 -0.000000
vn 1.000000 0.000000 -0.000000
vn 1.000000 0.000000 -0.000000
vn 1.000000 0.000000 -0.000000
vn 0.000000 0.164398 -0.986394
vn 0.000000 0.164398 -0.986394
vn 0.000000 0.164398 -0.986394
vn 0.000000 0.164398 -0.986394
vn 1.000000 0.000000 -0.000000
vn 1.000000 0.000000 -0.000000
vn 1.000000 0.000000 -0.000000
vn 1.000000 0.000000 -0.000000
vn 1.000000 0.000000 -0.000000
vn 1.000000 0.000000 -0.000000
vn 1.000000 0.000000 -0.000000
vn 1.000000 0.000000 -0.000000
vn 0.000000 -0.000001 -1.000000
vn 0.000000 -0.000001 -1.000000
vn 0.000000 -0.000001 -1.000000
vn 0.000000 -0.000001 -1.000000
vn 0.582592 0.182321 -0.792052
vn 0.557846 0.358537 -0.748505
vn 0.578101 0.180773 -0.795688
vn 0.566246 0.361433 -0.740764
vn -1.000000 0.000000 -0.000000
vn -1.000000 0.000000 -0.000000
vn -1.000000 0.000000 -0.000000
vn -1.000000 0.000000 -0.000000
vn 0.000000 1.000000 -0.000001
vn 0.000000 1.000000 -0.000001
vn 0.000000 1.000000 -0.000001
vn 0.000000 1.000000 -0.000001
vn 0.000000 -1.000000 0.000001
vn 0.000000 -1.000000 0.000001
vn 0.000000 -1.000000 0.000001
vn 0.000000 -1.000000 0.000001
vn -0.999411 0.000000 0.034328
vn -0.999411 0.000000 0.034328
vn -0.999411 0.000000 0.034328
vn -0.999411 0.000000 0.034328
vn -1.000000 0.000000 -0.000000
vn -1.000000 0.000000 -0.000000
vn -1.000000 0.000000 -0.000000
vn -1.000000 0.000000 -0.000000
vn 0.000000 -1.000000 0.000001
vn 0.000000 -1.000000 0.000001
vn 0.000000 -1.000000 0.000001
vn 0.000000 -1.000000 0.000001
vn 0.000000 -1.000000 0.000001
vn 0.000000 -1.000000 0.000001
vn 0.000000 -1.000000 0.000001
vn 0.000000 -1.000000 0.000001
vn 0.000000 -0.000001 -1.000000
vn 0.000000 -0.000001 -1.000000
vn 0.000000 -0.000001 -1.000000
vn 0.000000 -0.000001 -1.000000
vn 0.000000 1.000000 -0.000001
vn 0.000000 1.000000 -0.000001
vn 0.000000 1.000000 -0.000001
vn 0.000000 1.000000 -0.000001
vn 0.000000 -1.000000 0.000001
vn 0.000000 -1.000000 0.000001
vn 0.000000 -1.000000 0.000001
vn 0.000000 -1.000000 0.000001
vn 0.000000 -0.000001 -1.000000
vn 0.000000 -0.000001 -1.000000
vn 0.000000 -0.000001 -1.000000
vn 0.000000 -0.000001 -1.000000
vn 0.000000 -0.000001 -1.000000
vn 0.000000 -0.000001 -1.000000
vn 0.000000 -0.000001 -1.000000
vn 0.000000 -0.000001 -1.000000
vn 0.000000 -0.000001 -1.000000
vn 0.000000 -0.000001 -1.000000
vn 1.000000 0.000000 -0.000000
vn 1.000000 0.000000 -0.000000
vn 1.000000 0.000000 -0.000000
vn 1.000000 0.000000 -0.000000
vn 0.582592 0.182321 -0.792052
vn 0.587785 -0.000000 -0.809017
vn 0.587785 -0.000000 -0.809017
vn 0.578101 0.180773 -0.795688
vn 1.000000 0.000000 -0.000000
vn 1.000000 0.000000 -0.000000
vn 1.000000 0.000000 -0.000000
vn 1.000000 0.000000 -0.000000
vn 0.000000 0.000001 1.000000
vn 0.000000 0.000001 1.000000
vn 0.000000 0.000001 1.000000
vn 0.000000 0.000001 1.000000
vn 0.000000 1.000000 -0.000001
vn 0.000000 1.000000 -0.000001
vn 0.000000 1.000000 -0.000001
vn 0.000000 1.000000 -0.000001
vn 1.000000 0.000000 -0.000000
vn 1.000000 0.000000 -0.000000
vn 1.000000 0.000000 -0.000000
vn 1.000000 0.000000 -0.000000
vn 0.000000 -1.000000 0.000001
vn 0.000000 -1.000000 0.000001
vn 0.000000 -1.000000 0.000001
vn 0.000000 -1.000000 0.000001
vn -1.000000 0.000000 -0.000000
vn -1.000000 0.000000 -0.000000
vn -1.000000 0.000000 -0.000000
vn -1.000000 0.000000 -0.000000
vn 0.999411 -0.000000 -0.034327
vn 0.999411 -0.000000 -0.034327
vn 0.999411 -0.000000 -0.034327
vn 0.999411 -0.000000 -0.034327
vn 0.582592 0.182321 -0.792052
vn 0.557846 0.358537 -0.748505
vn 0.578101 0.180773 -0.795688
vn 0.566246 0.361433 -0.740764
vn 1.000000 0.000000 -0.000000
vn 1.000000 0.000000 -0.000000
vn 1.000000 0.000000 -0.000000
vn 1.000000 0.000000 -0.000000
vn 0.000000 0.999411 0.034326
vn 0.000000 0.999411 0.034326
vn 0.000000 0.999411 0.034326
vn 0.000000 0.999411 0.034326
vn 0.000000 -0.000001 -1.000000
vn 0.000000 -0.000001 -1.000000
vn 0.000000 -0.000001 -1.000000
vn 0.000000 -0.000001 -1.000000
vn 0.000000 -0.000001 -1.000000
vn 0.000000 -0.000001 -1.000000
vn 0.000000 -1.000000 0.000001
vn 0.000000 -1.000000 0.000001
vn 0.000000 -1.000000 0.000001
vn 0.000000 -1.000000 0.000001
vn 0.000000 -0.000001 -1.000000
vn 0.000000 -0.000001 -1.000000
vn 0.000000 -0.000001 -1.000000
vn 0.000000 -0.000001 -1.000000
vn 0.000000 -0.000001 -1.000000
vn 0.000000 -0.000001 -1.000000
vn 0.000000 -0.000001 -1.000000
vn 0.000000 -0.000001 -1.000000
vn 0.000000 -0.000001 -1.000000
vn 0.000000 -0.000001 -1.000000
vn 0.000000 -1.000000 0.000001
vn 0.000000 -1.000000 0.000001
vn 0.000000 -1.000000 0.000001
vn 0.000000 -1.000000 0.000001
vn 1.000000 0.000000 -0.000000
vn 1.000000 0.000000 -0.000000
vn 1.000000 0.000000 -0.000000
vn 1.000000 0.000000 -0.000000
vn 0.000000 1.000000 -0.000001
vn 0.000000 1.000000 -0.000001
vn 0.000000 1.000000 -0.000001
vn 0.000000 1.000000 -0.000001
vn 1.000000 0.000000 -0.000000
vn 1.000000 0.000000 -0.000000
vn 1.000000 0.000000 -0.000000
vn 1.000000 0.000000 -0.000000
vn -1.000000 0.000000 -0.000000
vn -1.000000 0.000000 -0.000000
vn -1.000000 0.000000 -0.000000
vn -1.000000 0.000000 -0.000000
vn -1.000000 0.000000 -0.000000
vn -1.000000 0.000000 -0.000000
vn -1.000000 0.000000 -0.000000
vn -1.000000 0.000000 -0.000000
vn -1.000000 0.000000 -0.000000
vn -1.000000 0.000000 -0.000000
vn -1.000000 0.000000 -0.000000
vn -1.000000 0.000000 -0.000000
vn 0.000000 -1.000000 0.000001
vn 0.000000 -1.000000 0.000001
vn 0.000000 -1.000000 0.000001
vn 0.000000 -1.000000 0.000001
vn -1.000000 0.000000 -0.000000
vn -1.000000 0.000000 -0.000000
vn -1.000000 0.000000 -0.000000
vn -1.000000 0.000000 -0.000000
vn 1.000000 0.000000 -0.000000
vn 1.000000 0.000000 -0.000000
vn 1.000000 0.000000 -0.000000
vn 1.000000 0.000000 -0.000000
vn 0.000000 1.000000 -0.000001
vn 0.000000 1.000000 -0.000001
vn 0.000000 1.000000 -0.000001
vn 0.000000 1.000000 -0.000001
vn -1.000000 0.000000 -0.000000
vn -1.000000 0.000000 -0.000000
vn -1.000000 0.000000 -0.000000
vn -1.000000 0.000000 -0.000000
vn -1.000000 0.000000 -0.000000
vn -1.000000 0.000000 -0.000000
vn -1.000000 0.000000 -0.000000
vn -1.000000 0.000000 -0.000000
vn 0.000000 0.000001 1.000000
vn 0.000000 0.000001 1.000000
vn 0.000000 0.000001 1.000000
vn 0.000000 0.000001 1.000000
vn 0.000000 0.000001 1.000000
vn 0.000000 0.000001 1.000000
vn 0.000000 0.000001 1.000000
vn 0.000000 0.000001 1.000000
vn 1.000000 0.000000 -0.000000
vn 1.000000 0.000000 -0.000000
vn 1.000000 0.000000 -0.000000
vn 1.000000 0.000000 -0.000000
vn 1.000000 0.000000 -0.000000
vn 1.000000 0.000000 -0.000000
vn 1.000000 0.000000 -0.000000
vn 1.000000 0.000000 -0.000000
vn 0.000000 0.707107 0.707106
vn 0.000000 0.707107 0.707106
vn 0.000000 0.707107 0.707106
vn 0.000000 0.707107 0.707106
vn 0.000000 0.707107 0.707106
vn 0.000000 -0.000001 -1.000000
vn 0.000000 -0.000001 -1.000000
vn 0.000000 -0.000001 -1.000000
vn 0.000000 -0.000001 -1.000000
vn 0.000000 -0.000001 -1.000000
vn 0.000000 -0.000001 -1.000000
f 3/3/3 2/2/2 1/1/1
f 6/6/6 5/5/5 4/4/4
f 9/9/9 8/8/8 7/7/7
f 12/12/12 11/11/11 10/10/10
f 14/14/14 13/13/13 10/10/10
f 17/17/17 16/16/16 15/15/15
f 19/19/19 18/18/18 15/15/15
f 22/22/22 21/21/21 20/20/20
f 25/25/25 24/24/24 23/23/23
f 27/27/27 26/26/26 23/23/23
f 30/30/30 29/29/29 28/28/28
f 32/32/32 31/31/31 28/28/28
f 35/35/35 34/34/34 33/33/33
f 38/38/38 37/37/37 36/36/36
f 41/41/41 40/40/40 39/39/39
f 44/44/44 43/43/43 42/42/42
f 47/47/47 46/46/46 45/45/45
f 49/49/49 48/48/48 47/47/47
f 51/51/51 48/48/48 50/50/50
f 54/54/54 53/53/53 52/52/52
f 57/57/57 56/56/56 55/55/55
f 60/60/60 59/59/59 58/58/58
f 63/63/63 62/62/62 61/61/61
f 61/61/61 65/65/65 64/64/64
f 64/64/64 65/65/65 66/66/66
f 69/69/69 68/68/68 67/67/67
f 72/72/72 71/71/71 70/70/70
f 75/75/75 74/74/74 73/73/73
f 78/78/78 77/77/77 76/76/76
f 80/80/80 78/78/78 79/79/79
f 83/83/83 82/82/82 81/81/81
f 85/85/85 84/84/84 81/81/81
f 88/88/88 87/87/87 86/86/86
f 91/91/91 90/90/90 89/89/89
f 93/93/93 91/91/91 92/92/92
f 93/93/93 95/95/95 94/94/94
f 96/96/96 93/93/93 94/94/94
f 94/94/94 97/97/97 96/96/96
f 100/100/100 99/99/99 98/98/98
f 103/103/103 102/102/102 101/101/101
f 105/105/105 104/104/104 101/101/101
f 108/108/108 107/107/107 106/106/106
f 111/111/111 110/110/110 109/109/109
f 114/114/114 113/113/113 112/112/112
f 117/117/117 116/116/116 115/115/115
f 120/120/120 119/119/119 118/118/118
f 119/119/119 122/122/122 121/121/121
f 125/125/125 124/124/124 123/123/123
f 127/127/127 123/123/123 126/126/126
f 129/129/129 123/123/123 128/128/128
f 132/132/132 131/131/131 130/130/130
f 134/134/134 133/133/133 130/130/130
f 135/135/135 133/133/133 134/134/134
f 133/133/133 135/135/135 136/136/136
f 139/139/139 138/138/138 137/137/137
f 142/142/142 141/141/141 140/140/140
f 141/141/141 144/144/144 143/143/143
f 141/141/141 145/145/145 144/144/144
f 145/145/145 146/146/146 144/144/144
f 145/145/145 147/147/147 146/146/146
f 148/148/148 146/146/146 147/147/147
f 147/147/147 145/145/145 149/149/149
f 152/152/152 151/151/151 150/150/150
f 155/155/155 154/154/154 153/153/153
f 157/157/157 155/155/155 156/156/156
f 160/160/160 159/159/159 158/158/158
f 163/163/163 162/162/162 161/161/161
f 166/166/166 165/165/165 164/164/164
f 169/169/169 168/168/168 167/167/167
f 172/172/172 171/171/171 170/170/170
f 174/174/174 173/173/173 170/170/170
f 177/177/177 176/176/176 175/175/175
f 180/180/180 179/179/179 178/178/178
f 183/183/183 182/182/182 181/181/181
f 182/182/182 185/185/185 184/184/184
f 182/182/182 186/186/186 185/185/185
f 186/186/186 187/187/187 185/185/185
f 187/187/187 188/188/188 185/185/185
f 187/187/187 189/189/189 188/188/188
f 188/188/188 189/189/189 190/190/190
f 189/189/189 191/191/191 190/190/190
f 189/189/189 193/193/193 192/192/192
f 196/196/196 195/195/195 194/194/194
f 198/198/198 194/194/194 197/197/197
f 201/201/201 200/200/200 199/199/199
f 203/203/203 199/199/199 202/202/202
f 202/202/202 199/199/199 204/204/204
f 205/205/205 204/204/204 199/199/199
f 206/206/206 202/202/202 204/204/204
f 208/208/208 204/204/204 207/207/207
f 211/211/211 210/210/210 209/209/209
f 214/214/214 213/213/213 212/212/212
f 217/217/217 216/216/216 215/215/215
f 219/219/219 218/218/218 215/215/215
f 220/220/220 219/219/219 215/215/215
f 223/223/223 222/222/222 221/221/221
f 226/226/226 225/225/225 224/224/224
f 228/228/228 227/227/227 224/224/224
f 229/229/229 228/228/228 224/224/224
f 232/232/232 231/231/231 230/230/230
f 235/235/235 234/234/234 233/233/233
f 238/238/238 237/237/237 236/236/236
f 241/241/241 240/240/240 239/239/239
f 244/244/244 243/243/243 242/242/242
f 247/247/247 246/246/246 245/245/245
f 250/250/250 249/249/249 248/248/248
f 253/253/253 252/252/252 251/251/251
f 256/256/256 255/255/255 254/254/254
f 259/259/259 258/258/258 257/257/257
f 262/262/262 261/261/261 260/260/260
f 265/265/265 264/264/264 263/263/263
f 268/268/268 267/267/267 266/266/266
f 270/270/270 267/267/267 269/269/269
f 272/272/272 271/271/271 267/267/267
f 273/273/273 267/267/267 271/271/271
f 274/274/274 273/273/273 271/271/271
f 277/277/277 276/276/276 275/275/275
f 280/280/280 279/279/279 278/278/278
f 282/282/282 280/280/280 281/281/281
f 283/283/283 280/280/280 282/282/282
f 283/283/283 285/285/285 284/284/284
f 288/288/288 287/287/287 286/286/286
f 291/291/291 290/290/290 289/289/289
f 294/294/294 293/293/293 292/292/292
f 297/297/297 296/296/296 295/295/295
f 299/299/299 295/295/295 298/298/298
f 301/301/301 300/300/300 295/295/295
f 301/301/301 295/295/295 302/302/302
f 299/299/299 304/304/304 303/303/303
f 305/305/305 303/303/303 304/304/304
f 308/308/308 307/307/307 306/306/306
f 310/310/310 309/309/309 306/306/306
f 313/313/313 312/312/312 311/311/311
f 316/316/316 315/315/315 314/314/314
f 319/319/319 318/318/318 317/317/317
f 322/322/322 321/321/321 320/320/320
f 325/325/325 324/324/324 323/323/323
f 324/324/324 327/327/327 326/326/326
f 326/326/326 329/329/329 328/328/328
f 332/332/332 331/331/331 330/330/330
f 335/335/335 334/334/334 333/333/333
f 338/338/338 337/337/337 336/336/336
f 340/340/340 338/338/338 339/339/339
f 339/339/339 342/342/342 341/341/341
f 342/342/342 343/343/343 341/341/341
f 341/341/341 343/343/343 344/344/344
f 343/343/343 345/345/345 344/344/344
f 347/347/347 345/345/345 346/346/346
f 345/345/345 348/348/348 346/346/346
f 350/350/350 348/348/348 349/349/349
f 348/348/348 351/351/351 349/349/349
f 349/349/349 351/351/351 352/352/352
f 351/351/351 353/353/353 352/352/352
f 356/356/356 355/355/355 354/354/354
f 359/359/359 358/358/358 357/357/357
f 362/362/362 361/361/361 360/360/360
f 365/365/365 364/364/364 363/363/363
f 368/368/368 367/367/367 366/366/366
f 371/371/371 370/370/370 369/369/369
f 374/374/374 373/373/373 372/372/372
f 377/377/377 376/376/376 375/375/375
f 380/380/380 379/379/379 378/378/378
f 383/383/383 382/382/382 381/381/381
f 386/386/386 385/385/385 384/384/384
f 389/389/389 388/388/388 387/387/387
f 392/392/392 391/391/391 390/390/390
f 395/395/395 394/394/394 393/393/393
f 398/398/398 397/397/397 396/396/396
f 401/401/401 400/400/400 399/399/399
f 402/402/402 401/401/401 399/399/399
f 405/405/405 404/404/404 403/403/403
f 406/406/406 405/405/405 403/403/403
f 409/409/409 408/408/408 407/407/407
f 410/410/410 409/409/409 407/407/407
f 413/413/413 412/412/412 411/411/411
f 414/414/414 413/413/413 411/411/411
f 417/417/417 416/416/416 415/415/415
f 418/418/418 417/417/417 415/415/415
f 421/421/421 420/420/420 419/419/419
f 420/420/420 422/422/422 419/419/419
f 425/425/425 424/424/424 423/423/423
f 426/426/426 425/425/425 423/423/423
f 429/429/429 428/428/428 427/427/427
f 430/430/430 429/429/429 427/427/427
f 433/433/433 432/432/432 431/431/431
f 431/431/431 432/432/432 434/434/434
f 434/434/434 432/432/432 435/435/435
f 432/432/432 436/436/436 435/435/435
f 437/437/437 435/435/435 436/436/436
f 437/437/437 436/436/436 438/438/438
f 439/439/439 438/438/438 436/436/436
f 440/440/440 439/439/439 436/436/436
f 443/443/443 442/442/442 441/441/441
f 444/444/444 443/443/443 441/441/441
f 447/447/447 446/446/446 445/445/445
f 446/446/446 447/447/447 448/448/448
f 447/447/447 449/449/449 448/448/448
f 450/450/450 449/449/449 447/447/447
f 453/453/453 452/452/452 451/451/451
f 454/454/454 453/453/453 451/451/451
f 457/457/457 456/456/456 455/455/455
f 458/458/458 457/457/457 455/455/455
f 461/461/461 460/460/460 459/459/459
f 462/462/462 461/461/461 459/459/459
f 465/465/465 464/464/464 463/463/463
f 466/466/466 465/465/465 463/463/463
f 469/469/469 468/468/468 467/467/467
f 470/470/470 469/469/469 467/467/467
f 473/473/473 472/472/472 471/471/471
f 474/474/474 473/473/473 471/471/471
f 477/477/477 476/476/476 475/475/475
f 478/478/478 477/477/477 475/475/475
f 481/481/481 480/480/480 479/479/479
f 480/480/480 482/482/482 479/479/479
f 482/482/482 480/480/480 483/483/483
f 486/486/486 485/485/485 484/484/484
f 487/487/487 486/486/486 484/484/484
f 490/490/490 489/489/489 488/488/488
f 489/489/489 491/491/491 488/488/488
f 488/488/488 493/493/493 492/492/492
f 494/494/494 488/488/488 492/492/492
f 495/495/495 494/494/494 492/492/492
f 497/497/497 495/495/495 496/496/496
f 497/497/497 498/498/498 495/495/495
f 501/501/501 500/500/500 499/499/499
f 502/502/502 501/501/501 499/499/499
f 505/505/505 504/504/504 503/503/503
f 506/506/506 505/505/505 503/503/503
f 509/509/509 508/508/508 507/507/507
f 510/510/510 509/509/509 507/507/507
f 513/513/513 512/512/512 511/511/511
f 514/514/514 513/513/513 511/511/511
f 515/515/515 514/514/514 511/511/511
f 516/516/516 514/514/514 515/515/515
f 518/518/518 513/513/513 517/517/517
f 518/518/518 519/519/519 513/513/513
f 522/522/522 521/521/521 520/520/520
f 523/523/523 522/522/522 520/520/520
f 526/526/526 525/525/525 524/524/524
f 527/527/527 526/526/526 524/524/524
f 530/530/530 529/529/529 528/528/528
f 529/529/529 531/531/531 528/528/528
f 534/534/534 533/533/533 532/532/532
f 533/533/533 535/535/535 532/532/532
f 538/538/538 537/537/537 536/536/536
f 539/539/539 538/538/538 536/536/536
f 542/542/542 541/541/541 540/540/540
f 543/543/543 541/541/541 542/542/542
f 541/541/541 543/543/543 544/544/544
f 547/547/547 546/546/546 545/545/545
f 549/549/549 548/548/548 547/547/547
f 551/551/551 549/549/549 550/550/550
f 546/546/546 552/552/552 551/551/551
f 554/554/554 546/546/546 553/553/553
f 555/555/555 554/554/554 553/553/553
f 555/555/555 553/553/553 556/556/556
f 557/557/557 555/555/555 556/556/556
f 559/559/559 556/556/556 558/558/558
f 560/560/560 559/559/559 558/558/558
f 560/560/560 558/558/558 561/561/561
f 562/562/562 560/560/560 561/561/561
f 565/565/565 564/564/564 563/563/563
f 564/564/564 565/565/565 566/566/566
f 569/569/569 568/568/568 567/567/567
f 570/570/570 569/569/569 567/567/567
f 573/573/573 572/572/572 571/571/571
f 571/571/571 572/572/572 574/574/574
f 577/577/577 576/576/576 575/575/575
f 576/576/576 578/578/578 575/575/575
f 579/579/579 575/575/575 578/578/578
f 575/575/575 579/579/579 580/580/580
f 581/581/581 575/575/575 580/580/580
f 582/582/582 581/581/581 580/580/580
f 583/583/583 581/581/581 582/582/582
f 584/584/584 581/581/581 583/583/583
f 587/587/587 586/586/586 585/585/585
f 588/588/588 587/587/587 585/585/585
f 591/591/591 590/590/590 589/589/589
f 590/590/590 592/592/592 589/589/589
f 595/595/595 594/594/594 593/593/593
f 596/596/596 595/595/595 593/593/593
f 599/599/599 598/598/598 597/597/597
f 600/600/600 599/599/599 597/597/597
f 603/603/603 602/602/602 601/601/601
f 602/602/602 604/604/604 601/601/601
f 607/607/607 606/606/606 605/605/605
f 608/608/608 607/607/607 605/605/605
f 611/611/611 610/610/610 609/609/609
f 612/612/612 611/611/611 609/609/609
f 615/615/615 614/614/614 613/613/613
f 616/616/616 615/615/615 613/613/613
f 619/619/619 618/618/618 617/617/617
f 618/618/618 620/620/620 617/617/617
f 623/623/623 622/622/622 621/621/621
f 624/624/624 623/623/623 621/621/621
f 627/627/627 626/626/626 625/625/625
f 626/626/626 628/628/628 625/625/625
f 631/631/631 630/630/630 629/629/629
f 630/630/630 632/632/632 629/629/629
f 635/635/635 634/634/634 633/633/633
f 636/636/636 635/635/635 633/633/633
f 639/639/639 638/638/638 637/637/637
f 638/638/638 640/640/640 637/637/637
f 643/643/643 642/642/642 641/641/641
f 642/642/642 644/644/644 641/641/641
f 647/647/647 646/646/646 645/645/645
f 646/646/646 648/648/648 645/645/645
f 651/651/651 650/650/650 649/649/649
f 650/650/650 652/652/652 649/649/649
f 655/655/655 654/654/654 653/653/653
f 654/654/654 656/656/656 653/653/653
f 659/659/659 658/658/658 657/657/657
f 658/658/658 660/660/660 657/657/657
f 663/663/663 662/662/662 661/661/661
f 661/661/661 662/662/662 664/664/664
f 664/664/664 662/662/662 665/665/665
f 665/665/665 662/662/662 666/666/666
f 662/662/662 667/667/667 666/666/666
f 668/668/668 666/666/666 667/667/667
f 668/668/668 667/667/667 669/669/669
f 670/670/670 669/669/669 667/667/667
f 673/673/673 672/672/672 671/671/671
f 672/672/672 674/674/674 671/671/671
f 677/677/677 676/676/676 675/675/675
f 676/676/676 678/678/678 675/675/675
f 681/681/681 680/680/680 679/679/679
f 680/680/680 682/682/682 679/679/679
f 685/685/685 684/684/684 683/683/683
f 686/686/686 685/685/685 683/683/683
f 689/689/689 688/688/688 687/687/687
f 688/688/688 690/690/690 687/687/687
f 693/693/693 692/692/692 691/691/691
f 692/692/692 694/694/694 691/691/691
f 697/697/697 696/696/696 695/695/695
f 696/696/696 698/698/698 695/695/695
f 701/701/701 700/700/700 699/699/699
f 702/702/702 701/701/701 699/699/699
f 705/705/705 704/704/704 703/703/703
f 706/706/706 705/705/705 703/703/703
f 709/709/709 708/708/708 707/707/707
f 708/708/708 710/710/710 707/707/707
f 713/713/713 712/712/712 711/711/711
f 714/714/714 713/713/713 711/711/711
f 717/717/717 716/716/716 715/715/715
f 718/718/718 717/717/717 715/715/715
f 721/721/721 720/720/720 719/719/719
f 719/719/719 720/720/720 722/722/722
f 723/723/723 719/719/719 722/722/722
f 724/724/724 723/723/723 722/722/722
f 727/727/727 726/726/726 725/725/725
f 726/726/726 728/728/728 725/725/725
f 731/731/731 730/730/730 729/729/729
f 729/729/729 730/730/730 732/732/732
f 730/730/730 733/733/733 732/732/732
f 733/733/733 730/730/730 734/734/734
f 733/733/733 734/734/734 735/735/735
f 736/736/736 735/735/735 734/734/734
f 736/736/736 734/734/734 737/737/737
f 738/738/738 737/737/737 734/734/734
f 741/741/741 740/740/740 739/739/739
f 742/742/742 741/741/741 739/739/739
f 745/745/745 744/744/744 743/743/743
f 746/746/746 745/745/745 743/743/743
f 749/749/749 748/748/748 747/747/747
f 748/748/748 750/750/750 747/747/747
f 753/753/753 752/752/752 751/751/751
f 754/754/754 751/751/751 752/752/752
f 757/757/757 756/756/756 755/755/755
f 756/756/756 758/758/758 755/755/755
f 761/761/761 760/760/760 759/759/759
f 762/762/762 761/761/761 759/759/759
f 765/765/765 764/764/764 763/763/763
f 766/766/766 765/765/765 763/763/763
f 769/769/769 768/768/768 767/767/767
f 770/770/770 769/769/769 767/767/767
f 773/773/773 772/772/772 771/771/771
f 774/774/774 773/773/773 771/771/771
f 777/777/777 776/776/776 775/775/775
f 778/778/778 777/777/777 775/775/775
f 781/781/781 780/780/780 779/779/779
f 782/782/782 781/781/781 779/779/779
f 785/785/785 784/784/784 783/783/783
f 785/785/785 786/786/786 784/784/784
f 786/786/786 785/785/785 787/787/787
f 786/786/786 787/787/787 788/788/788
f 789/789/789 784/784/784 786/786/786
f 790/790/790 784/784/784 789/789/789
f 793/793/793 792/792/792 791/791/791
f 791/791/791 792/792/792 794/794/794
f 794/794/794 792/792/792 795/795/795
f 796/796/796 795/795/795 792/792/792
f 797/797/797 796/796/796 792/792/792
f 798/798/798 795/795/795 796/796/796
f 801/801/801 800/800/800 799/799/799
f 800/800/800 802/802/802 799/799/799
f 805/805/805 804/804/804 803/803/803
f 806/806/806 805/805/805 803/803/803
f 809/809/809 808/808/808 807/807/807
f 808/808/808 810/810/810 807/807/807
f 810/810/810 808/808/808 811/811/811
f 814/814/814 813/813/813 812/812/812
f 812/812/812 813/813/813 815/815/815
f 816/816/816 815/815/815 813/813/813
f 817/817/817 815/815/815 816/816/816
