g skycrane_seats
v 0.393512 0.558471 -2.554995
v 0.393515 0.082363 -3.219972
v 0.393515 0.558472 -3.219971
v 0.393512 0.082363 -2.554996
v 0.393511 0.558471 -2.284025
v 0.393511 0.082363 -2.284026
v 0.393511 1.574101 -2.224799
v 0.393512 1.609154 -2.493493
v 0.393515 0.558472 -3.219971
v 0.393515 0.082363 -3.219972
v -0.393511 0.082364 -3.219975
v -0.393511 0.558472 -3.219974
v -0.393515 0.558471 -2.284028
v -0.393515 0.082363 -2.284029
v 0.393511 0.082363 -2.284026
v 0.393511 0.558471 -2.284025
v -0.393515 1.574102 -2.224802
v 0.393511 1.574101 -2.224799
v -0.393514 0.558471 -2.554998
v 0.393512 0.558471 -2.554995
v 0.393515 0.558472 -3.219971
v -0.393511 0.558472 -3.219974
v -0.393511 0.558472 -3.219974
v -0.393511 0.082364 -3.219975
v -0.393514 0.082363 -2.554999
v -0.393514 0.558471 -2.554998
v -0.393515 0.082363 -2.284029
v -0.393515 0.558471 -2.284028
v -0.393514 1.609154 -2.493496
v -0.393515 1.574102 -2.224802
v -0.393514 0.558471 -2.554998
v -0.393514 1.609154 -2.493496
v 0.393512 1.609154 -2.493493
v 0.393512 0.558471 -2.554995
v -0.393515 1.574102 -2.224802
v 0.393511 1.574101 -2.224799
v 0.393512 1.609154 -2.493493
v -0.393514 1.609154 -2.493496
f 3 1 2
f 2 1 4
f 1 5 4
f 4 5 6
f 5 1 7
f 7 1 8
f 11 9 10
f 12 9 11
f 15 13 14
f 16 13 15
f 13 16 17
f 17 16 18
f 21 19 20
f 22 19 21
f 25 23 24
f 26 23 25
f 27 26 25
f 28 26 27
f 26 28 29
f 29 28 30
f 33 31 32
f 34 31 33
f 37 35 36
f 38 35 37
