g skycrane_body
v 0.750000 2.625000 1.250000
v 1.374999 2.125000 1.250000
v 0.937500 2.125000 1.250000
v 2.999999 0.875000 1.250001
v 1.624999 2.625000 1.250000
v 3.499999 1.125000 1.250001
v 3.499999 -0.125000 1.250001
v -0.749999 -0.375001 -3.778975
v -0.749999 -0.500001 -4.153975
v -0.749999 -0.250001 -4.153976
v 0.750000 2.625000 1.250000
v 1.624999 2.625000 1.250000
v 1.374999 2.125000 1.250000
v 3.124999 -0.375000 1.608789
v 3.124999 -0.625000 2.358789
v 3.124999 -0.375000 1.858789
v -3.375000 -0.375000 1.608787
v -3.375001 -0.625000 2.358787
v -3.375000 -0.375000 1.858787
v 0.500000 2.375000 -0.000000
v 0.500000 1.875000 -0.000000
v -0.500000 2.375000 -0.000001
v 0.500000 1.875000 -0.000000
v -0.500000 1.875000 -0.000001
v 3.374999 -0.375000 1.858789
v 3.374999 -0.625000 1.108789
v 3.374999 -0.375000 1.608789
v 3.375000 -0.500000 0.733789
v 3.374999 -0.375000 1.108789
v 1.500000 1.125000 -1.250000
v 1.250000 -0.125000 -1.250000
v 1.500000 0.375000 -1.250000
v 3.124999 -0.375000 1.858789
v 3.124999 -0.625000 2.358789
v 3.124999 -0.375000 2.358789
v -0.749999 -0.375001 -3.028975
v -0.749999 -0.625001 -3.778975
v -0.749999 -0.375001 -3.278975
v -0.749999 -0.500001 -4.153975
v -0.749999 -0.375001 -3.778975
v -0.999999 -0.375000 -1.875000
v -0.999999 -0.375001 -2.125000
v -0.999999 -0.625000 -1.375000
v -1.000000 -0.500000 -1.000000
v -0.999999 -0.375000 -1.375000
v 0.875001 1.124999 -3.653975
v 0.875001 2.125000 -2.263944
v 0.875001 2.124999 -3.403975
v 0.500000 2.375000 -0.000000
v 0.499999 1.875000 2.500000
v 0.500000 1.875000 -0.000000
v 0.499999 2.375000 2.500000
v 0.500000 2.375000 -0.000000
v -0.500001 2.375000 2.499999
v -0.500000 1.875000 -0.000001
v -0.500001 1.875000 2.499999
v -0.500000 2.375000 -0.000001
v -0.500001 2.375000 2.499999
v 0.499999 2.375000 2.500000
v -0.500001 1.875000 2.499999
v 0.499999 1.875000 2.500000
v -0.500001 2.375000 2.499999
v -0.500001 1.875000 2.499999
v -0.874999 1.124999 -3.903976
v 0.875001 1.124999 -3.903975
v -1.124999 0.374999 -3.903976
v 1.125001 1.124999 -3.903975
v 1.125001 0.374999 -3.903975
v 0.875001 2.124999 -3.653975
v 1.125001 1.124999 -3.903975
v 1.125001 2.124999 -3.653975
v -1.249999 2.125000 -3.048637
v -0.999999 2.625000 -3.048637
v -1.124999 2.124999 -3.653976
v -1.249999 2.125000 -3.048637
v -1.000000 2.625000 -0.750001
v -1.250000 2.125000 -0.750001
v 1.250001 2.125000 -3.048636
v 1.125001 2.124999 -3.653975
v 1.000001 2.625000 -3.048636
v 2.999999 0.875000 1.250001
v 3.499999 -0.125000 1.250001
v 2.999999 -0.125000 1.250001
v 1.000001 -0.375001 -3.028975
v 1.000001 -0.625001 -3.778975
v 1.000001 -0.375001 -3.278975
v 1.000001 -0.500001 -4.153975
v 1.000001 -0.375001 -3.778975
v -3.125000 -0.375000 1.858787
v -3.125000 -0.625000 1.108787
v -3.125000 -0.375000 1.608787
v -3.125000 -0.500000 0.733787
v -3.125000 -0.375000 1.108787
v -0.999999 -0.375000 -1.875000
v -0.999999 -0.625000 -1.375000
v -0.999999 -0.375000 -1.375000
v 3.374999 -0.375000 1.108789
v 3.375000 -0.500000 0.733789
v 3.375000 -0.250000 0.733789
v 3.374999 -0.375000 1.608789
v 3.374999 -0.625000 1.108789
v 3.374999 -0.375000 1.108789
v 3.374999 -0.375000 1.858789
v 3.374999 -0.625000 2.358789
v 3.374999 -0.375000 2.358789
v -1.499999 0.375000 -1.250001
v -1.250000 -0.125000 -1.250000
v -1.499999 1.125000 -1.250001
v -0.999999 -0.375000 -1.375000
v -1.000000 -0.500000 -1.000000
v -1.000000 -0.250000 -1.000000
v -0.749999 -0.375001 -3.278975
v -0.749999 -0.625001 -3.778975
v -0.749999 -0.375001 -3.778975
v 0.750001 -0.375001 -2.125000
v 0.750000 -0.625000 -1.375000
v 0.750001 -0.375000 -1.875000
v 0.750000 -0.500000 -1.000000
v 0.750000 -0.375000 -1.375000
v 1.250000 2.125000 -0.750000
v -1.499999 1.125000 -1.250001
v 1.500000 1.125000 -1.250000
v -3.375000 -0.375000 1.858787
v -3.375001 -0.625000 2.358787
v -3.375001 -0.375000 2.358787
v -0.874999 1.124999 -3.903976
v -1.124999 0.374999 -3.903976
v -1.124999 1.124999 -3.903976
v 0.875001 1.124999 -3.903975
v 1.125001 0.374999 -3.903975
v 1.000001 -0.375001 -3.778975
v 1.000001 -0.500001 -4.153975
v 1.000001 -0.250001 -4.153975
v 1.000001 -0.375001 -3.278975
v 1.000001 -0.625001 -3.778975
v 1.000001 -0.375001 -3.778975
v -3.125000 -0.375000 1.108787
v -3.125000 -0.500000 0.733787
v -3.125000 -0.250000 0.733787
v -3.125000 -0.375000 1.608787
v -3.125000 -0.625000 1.108787
v -3.125000 -0.375000 1.108787
v -3.125000 -0.375000 1.858787
v -3.125001 -0.625000 2.358787
v -3.125001 -0.375000 2.358787
v -3.000001 0.875001 2.249999
v -3.500000 -0.125000 2.249999
v -3.000001 -0.124999 2.249999
v -0.750001 2.625000 2.249999
v -1.375001 2.125000 2.249999
v -0.937501 2.125000 2.249999
v -3.000001 0.875001 2.249999
v -1.625001 2.625000 2.249999
v -3.500000 1.125000 2.249999
v -3.500000 -0.125000 2.249999
v -0.750001 2.625000 2.249999
v -1.625001 2.625000 2.249999
v -1.375001 2.125000 2.249999
v 3.499999 1.125000 2.250001
v 2.999999 0.875000 2.250001
v 3.499999 -0.125000 2.250001
v 1.374999 2.125000 2.250000
v 0.749999 2.625000 2.250000
v 0.937499 2.125000 2.250000
v 3.499999 -0.125000 2.250001
v 2.999999 0.875000 2.250001
v 2.999999 -0.125000 2.250001
v 3.499999 1.125000 2.250001
v 1.624999 2.625000 2.250000
v 1.374999 2.125000 2.250000
v 0.749999 2.625000 2.250000
v -3.500000 1.125000 1.249999
v -3.000000 0.875000 1.249999
v -3.500000 -0.125000 1.249999
v -1.375000 2.125000 1.249999
v -0.750000 2.625000 1.249999
v -0.937500 2.125000 1.249999
v -3.500000 -0.125000 1.249999
v -3.000000 0.875000 1.249999
v -3.000000 -0.125000 1.249999
v -3.500000 1.125000 1.249999
v -1.625000 2.625000 1.249999
v -1.375000 2.125000 1.249999
v -0.750000 2.625000 1.249999
v -0.937501 2.125000 2.249999
v 0.468747 2.125001 7.749999
v -0.468752 2.125001 7.749999
v -1.375000 2.125000 1.249999
v -0.937501 2.125000 2.249999
v -1.375001 2.125000 2.249999
v 1.250000 2.125000 -0.750000
v -0.937500 2.125000 1.249999
v -1.250000 2.125000 -0.750001
v -0.937501 2.125000 2.249999
v -1.375000 2.125000 1.249999
v 0.937499 2.125000 2.250000
v 0.468747 2.125001 7.749999
v 0.937500 2.125000 1.250000
v 1.374999 2.125000 1.250000
v 1.250000 2.125000 -0.750000
v 0.937499 2.125000 2.250000
v 1.374999 2.125000 1.250000
v 1.374999 2.125000 2.250000
v -1.124999 2.124999 -3.653976
v -0.999999 2.625000 -3.048637
v -0.874999 2.124999 -3.653976
v 1.000001 2.625000 -3.048636
v -0.999999 2.625000 -3.048637
v 0.875001 2.124999 -3.653975
v 1.125001 2.124999 -3.653975
v 1.000001 2.625000 -3.048636
v -0.999999 2.625000 -3.048637
v 1.000000 2.625000 -0.750000
v 0.750000 2.625000 1.250000
v 1.624999 2.625000 2.250000
v 1.624999 2.625000 1.250000
v 0.750000 2.625000 1.250000
v 0.749999 2.625000 2.250000
v -0.750001 2.625000 2.249999
v -0.375002 2.625001 7.749999
v -0.750000 2.625000 1.249999
v -1.000000 2.625000 -0.750001
v 0.749999 2.625000 2.250000
v -0.375002 2.625001 7.749999
v 0.374997 2.625001 7.749999
v -0.999999 2.625000 -3.048637
v -1.000000 2.625000 -0.750001
v 1.000000 2.625000 -0.750000
v -1.000000 2.625000 -0.750001
v 0.750000 2.625000 1.250000
v 1.000000 2.625000 -0.750000
v 0.750000 -0.375000 -1.375000
v 0.750000 -0.500000 -1.000000
v 0.750000 -0.250000 -1.000000
v 0.750001 -0.375000 -1.875000
v 0.750000 -0.625000 -1.375000
v 0.750000 -0.375000 -1.375000
v -1.250000 2.125000 -0.750001
v -1.499999 1.125000 -1.250001
v 1.250000 2.125000 -0.750000
v -0.000000 2.875000 0.418504
v 0.455729 2.875000 0.260396
v -0.455730 2.875000 0.260396
v -0.455729 2.875000 -1.739605
v 0.455730 2.875000 -1.739604
v 0.000001 2.875000 -1.897713
v -3.125000 -0.625000 1.108787
v -3.375000 -0.500000 0.733787
v -3.125000 -0.500000 0.733787
v -3.375000 -0.625000 1.108787
v -3.375000 -0.375000 1.108787
v -3.125000 -0.375000 1.608787
v -3.125000 -0.375000 1.108787
v -3.375000 -0.375000 1.608787
v -0.999999 -0.625001 -3.778975
v -0.999999 -0.375001 -3.778975
v -0.999999 -0.500001 -4.153976
v -0.999999 -0.250001 -4.153976
v 3.124999 -0.375000 2.358789
v 3.124999 -0.500000 2.733789
v 3.124999 -0.250000 2.733789
v 3.124999 -0.625000 2.358789
v 3.124999 -0.375000 1.608789
v 3.124999 -0.625000 1.108789
v 3.124999 -0.375000 1.108789
v -3.125000 -0.625000 1.108787
v -3.375001 -0.625000 2.358787
v -3.375000 -0.625000 1.108787
v -3.125001 -0.625000 2.358787
v -0.999999 0.125000 -2.125000
v -0.999999 -0.375000 -1.875000
v -0.999999 0.125000 -1.875000
v -0.999999 -0.375001 -2.125000
v -0.999999 -0.625001 -3.778975
v -0.999999 -0.625000 -1.375000
v -0.999999 -0.375001 -3.028975
v -0.999999 -0.375001 -3.278975
v -0.999999 -0.375001 -3.778975
v -0.999999 0.124999 -3.028975
v -0.999999 0.124999 -3.278975
v -3.375000 -0.375000 1.858787
v -3.125001 -0.375000 2.358787
v -3.125000 -0.375000 1.858787
v -3.375001 -0.375000 2.358787
v -3.125001 -0.250000 2.733787
v -3.375001 -0.250000 2.733787
v 0.875001 2.125000 -2.263944
v -0.874999 0.125000 -2.263944
v -0.874999 2.125000 -2.263944
v 0.875001 0.125000 -2.263943
v -3.125000 -0.375000 1.608787
v -3.375000 0.125000 1.608787
v -3.125000 0.125000 1.608787
v -3.375000 -0.375000 1.608787
v 3.125000 -0.500000 0.733789
v 3.124999 -0.375000 1.108789
v 3.125000 -0.250000 0.733789
v 3.124999 -0.625000 1.108789
v -3.375000 -0.250000 0.733787
v -3.125000 -0.500000 0.733787
v -3.375000 -0.500000 0.733787
v -3.125000 -0.250000 0.733787
v -3.375000 -0.375000 1.858787
v -3.125000 0.125000 1.858787
v -3.375000 0.125000 1.858787
v -3.125000 -0.375000 1.858787
v -3.375000 -0.375000 1.108787
v -3.125000 -0.250000 0.733787
v -3.375000 -0.250000 0.733787
v -3.125000 -0.375000 1.108787
v -3.375001 -0.500000 2.733787
v -3.125001 -0.250000 2.733787
v -3.375001 -0.250000 2.733787
v -3.125001 -0.500000 2.733787
v -3.375001 -0.500000 2.733787
v -3.125001 -0.625000 2.358787
v -3.125001 -0.500000 2.733787
v -3.375001 -0.625000 2.358787
v -0.749999 -0.250001 -4.153976
v -0.749999 -0.500001 -4.153975
v -0.999999 -0.250001 -4.153976
v -0.999999 -0.500001 -4.153976
v 3.375000 -0.500000 0.733789
v 3.124999 -0.625000 1.108789
v 3.125000 -0.500000 0.733789
v 3.374999 -0.625000 1.108789
v -0.750000 -0.625000 -1.375000
v -0.750000 -0.375000 -1.375000
v -0.750000 -0.500000 -1.000000
v -0.750000 -0.250000 -1.000000
v 3.124999 -0.375000 1.608789
v 3.374999 -0.375000 1.108789
v 3.124999 -0.375000 1.108789
v 3.374999 -0.375000 1.608789
v 1.000000 -0.375000 -1.375000
v 0.750000 -0.375000 -1.375000
v 1.000000 -0.250000 -1.000000
v 0.750000 -0.250000 -1.000000
v 0.750001 -0.375001 -3.028975
v 1.000001 -0.375001 -3.028975
v 0.750001 0.124999 -3.028975
v 1.000001 0.124999 -3.028975
v 3.374999 -0.625000 1.108789
v 3.124999 -0.625000 2.358789
v 3.124999 -0.625000 1.108789
v 3.374999 -0.625000 2.358789
v 3.374999 -0.500000 2.733789
v 3.124999 -0.500000 2.733789
v 3.124999 -0.375000 2.358789
v 3.374999 -0.375000 1.858789
v 3.124999 -0.375000 1.858789
v 3.374999 -0.375000 2.358789
v -0.749999 -0.375000 -1.875000
v -0.749999 -0.375001 -2.125000
v -0.749999 0.125000 -2.125000
v -0.749999 0.125000 -1.875000
v 3.374999 0.125000 1.608789
v 3.124999 -0.375000 1.608789
v 3.124999 0.125000 1.608789
v 3.374999 -0.375000 1.608789
v 3.125000 -0.500000 0.733789
v 3.375000 -0.250000 0.733789
v 3.375000 -0.500000 0.733789
v 3.125000 -0.250000 0.733789
v -0.999999 -0.625001 -3.778975
v -0.750000 -0.625000 -1.375000
v -0.999999 -0.625000 -1.375000
v -0.749999 -0.625001 -3.778975
v 3.124999 0.125000 1.858789
v 3.374999 -0.375000 1.858789
v 3.374999 0.125000 1.858789
v 3.124999 -0.375000 1.858789
v 3.125000 -0.250000 0.733789
v 3.374999 -0.375000 1.108789
v 3.375000 -0.250000 0.733789
v 3.124999 -0.375000 1.108789
v 3.374999 -0.375000 2.358789
v 3.124999 -0.250000 2.733789
v 3.374999 -0.250000 2.733789
v 3.124999 -0.375000 2.358789
v 3.124999 -0.250000 2.733789
v 3.374999 -0.500000 2.733789
v 3.374999 -0.250000 2.733789
v 3.124999 -0.500000 2.733789
v 1.000001 -0.625001 -3.778975
v 0.750000 -0.625000 -1.375000
v 0.750001 -0.625001 -3.778975
v 1.000000 -0.625000 -1.375000
v 0.750001 -0.375001 -3.778975
v 1.000001 -0.375001 -3.778975
v 0.750001 -0.250001 -4.153975
v 1.000001 -0.250001 -4.153975
v -0.749999 -0.625001 -3.778975
v -0.999999 -0.500001 -4.153976
v -0.749999 -0.500001 -4.153975
v -0.999999 -0.625001 -3.778975
v -0.750000 -0.625000 -1.375000
v -0.749999 -0.375000 -1.875000
v -0.750000 -0.375000 -1.375000
v -0.749999 -0.375001 -2.125000
v -0.749999 -0.375001 -3.028975
v -0.749999 -0.625001 -3.778975
v -0.999999 -0.625000 -1.375000
v -0.750000 -0.500000 -1.000000
v -1.000000 -0.500000 -1.000000
v -0.750000 -0.625000 -1.375000
v -0.999999 -0.375001 -3.778975
v -0.749999 -0.375001 -3.278975
v -0.749999 -0.375001 -3.778975
v -0.999999 -0.375001 -3.278975
v 3.374999 -0.500000 2.733789
v 3.374999 -0.625000 2.358789
v 3.374999 -0.375000 2.358789
v 3.374999 -0.250000 2.733789
v 1.000001 -0.625001 -3.778975
v 0.750001 -0.625001 -3.778975
v 1.000001 -0.500001 -4.153975
v 0.750001 -0.500001 -4.153975
v 3.124999 -0.375000 1.608789
v 3.124999 0.125000 1.858789
v 3.124999 0.125000 1.608789
v 3.124999 -0.375000 1.858789
v -0.999999 -0.375001 -3.028975
v -0.749999 -0.375001 -2.125000
v -0.749999 -0.375001 -3.028975
v -0.999999 -0.375001 -2.125000
v -3.375000 -0.625000 1.108787
v -3.375000 -0.375000 1.608787
v -3.375000 -0.375000 1.108787
v -3.375001 -0.625000 2.358787
v -3.375001 -0.500000 2.733787
v -3.375001 -0.375000 2.358787
v -3.375001 -0.250000 2.733787
v 1.000001 -0.375001 -2.125000
v 0.750001 -0.375001 -2.125000
v 1.000001 0.125000 -2.125000
v 0.750001 0.125000 -2.125000
v -0.999999 -0.375000 -1.875000
v -0.750000 -0.375000 -1.375000
v -0.749999 -0.375000 -1.875000
v -0.999999 -0.375000 -1.375000
v 1.000001 -0.375001 -3.278975
v 0.750001 -0.375001 -3.278975
v 1.000001 0.124999 -3.278975
v 0.750001 0.124999 -3.278975
v 1.125001 -0.125000 -3.653975
v -1.249999 -0.125000 -3.048636
v -1.124999 -0.125000 -3.653975
v 1.250001 -0.125000 -3.048636
v -0.749999 -0.375001 -3.278975
v -0.999999 0.124999 -3.278975
v -0.749999 0.124999 -3.278975
v -0.999999 -0.375001 -3.278975
v -0.749999 -0.375001 -3.028975
v -0.749999 -0.375001 -3.278975
v -0.749999 0.124999 -3.278975
v -0.749999 0.124999 -3.028975
v -0.999999 -0.375000 -1.875000
v -0.749999 0.125000 -1.875000
v -0.999999 0.125000 -1.875000
v -0.749999 -0.375000 -1.875000
v 1.000000 -0.250000 -1.000000
v 0.750000 -0.250000 -1.000000
v 1.000000 -0.500000 -1.000000
v 0.750000 -0.500000 -1.000000
v -0.999999 -0.375001 -3.028975
v -0.749999 0.124999 -3.028975
v -0.999999 0.124999 -3.028975
v -0.749999 -0.375001 -3.028975
v -0.749999 -0.375001 -2.125000
v -0.999999 0.125000 -2.125000
v -0.749999 0.125000 -2.125000
v -0.999999 -0.375001 -2.125000
v -0.999999 -0.375001 -3.778975
v -0.749999 -0.250001 -4.153976
v -0.999999 -0.250001 -4.153976
v -0.749999 -0.375001 -3.778975
v -0.750000 -0.250000 -1.000000
v -1.000000 -0.500000 -1.000000
v -0.750000 -0.500000 -1.000000
v -1.000000 -0.250000 -1.000000
v -0.750000 -0.375000 -1.375000
v -1.000000 -0.250000 -1.000000
v -0.750000 -0.250000 -1.000000
v -0.999999 -0.375000 -1.375000
v 1.000001 -0.375001 -3.278975
v 1.000001 -0.375001 -3.778975
v 0.750001 -0.375001 -3.278975
v 0.750001 -0.375001 -3.778975
v 1.250000 -0.125000 -1.250000
v -1.499999 1.125000 -1.250001
v -1.250000 -0.125000 -1.250000
v 1.500000 1.125000 -1.250000
v 0.750000 -0.500000 -1.000000
v 1.000000 -0.625000 -1.375000
v 1.000000 -0.500000 -1.000000
v 0.750000 -0.625000 -1.375000
v 0.750001 -0.375001 -2.125000
v 1.000001 -0.375001 -3.028975
v 0.750001 -0.375001 -3.028975
v 1.000001 -0.375001 -2.125000
v 0.875001 0.125000 -3.513943
v 0.875001 0.125000 -2.263943
v 0.875001 1.124999 -3.653975
v 0.875001 2.125000 -2.263944
v 0.750000 -0.375000 -1.375000
v 1.000001 -0.375000 -1.875000
v 0.750001 -0.375000 -1.875000
v 1.000000 -0.375000 -1.375000
v 0.750001 -0.500001 -4.153975
v 1.000001 -0.250001 -4.153975
v 1.000001 -0.500001 -4.153975
v 0.750001 -0.250001 -4.153975
v -3.375000 -0.375000 1.608787
v -3.375000 0.125000 1.858787
v -3.375000 0.125000 1.608787
v -3.375000 -0.375000 1.858787
v 0.750001 0.125000 -1.875000
v 1.000001 -0.375000 -1.875000
v 1.000001 0.125000 -1.875000
v 0.750001 -0.375000 -1.875000
v 0.500000 1.875000 -0.000000
v -0.500001 1.875000 2.499999
v -0.500000 1.875000 -0.000001
v 0.499999 1.875000 2.500000
v 0.124998 4.463303 7.565139
v 0.124997 2.270622 7.729205
v 0.124998 2.388973 6.070900
v 0.124997 3.963304 8.431165
v -0.125002 4.463303 7.565139
v 0.124998 2.388973 6.070900
v -0.125002 2.388973 6.070900
v 0.124998 4.463303 7.565139
v -0.125002 4.463303 7.565139
v -0.125003 2.270622 7.729205
v -0.125003 3.963304 8.431165
v -0.125002 2.388973 6.070900
v 0.124997 3.963304 8.431165
v -0.125003 2.270622 7.729205
v 0.124997 2.270622 7.729205
v -0.125003 3.963304 8.431165
v -0.125002 4.463303 7.565139
v 0.124997 3.963304 8.431165
v 0.124998 4.463303 7.565139
v -0.125003 3.963304 8.431165
v 1.500001 1.125000 -3.048636
v 1.500000 0.375000 -1.250000
v 1.500001 0.375000 -3.048636
v 1.500000 1.125000 -1.250000
v -1.499999 0.375000 -3.048637
v -1.124999 -0.125000 -3.653975
v -1.249999 -0.125000 -3.048636
v -1.124999 0.374999 -3.903976
v -1.499999 1.125000 -1.250001
v -1.499999 0.375000 -3.048637
v -1.499999 0.375000 -1.250001
v -1.499999 1.125000 -3.048637
v 1.500001 0.375000 -3.048636
v 1.125001 -0.125000 -3.653975
v 1.125001 0.374999 -3.903975
v 1.250001 -0.125000 -3.048636
v -1.499999 1.125000 -3.048637
v -1.124999 2.124999 -3.653976
v -1.124999 1.124999 -3.903976
v -1.249999 2.125000 -3.048637
v -1.499999 1.125000 -1.250001
v -1.249999 2.125000 -3.048637
v -1.250000 2.125000 -0.750001
v -1.499999 0.375000 -3.048637
v -1.124999 1.124999 -3.903976
v -1.124999 0.374999 -3.903976
v -1.499999 1.125000 -3.048637
v 1.500001 1.125000 -3.048636
v 1.125001 2.124999 -3.653975
v 1.250001 2.125000 -3.048636
v 1.125001 1.124999 -3.903975
v 1.500001 1.125000 -3.048636
v 1.125001 0.374999 -3.903975
v 1.125001 1.124999 -3.903975
v 1.500001 0.375000 -3.048636
v -1.124999 0.374999 -3.903976
v 1.125001 -0.125000 -3.653975
v -1.124999 -0.125000 -3.653975
v 1.125001 0.374999 -3.903975
v -1.499999 0.375000 -1.250001
v -1.249999 -0.125000 -3.048636
v -1.250000 -0.125000 -1.250000
v -1.499999 0.375000 -3.048637
v 1.500001 0.375000 -3.048636
v 1.250000 -0.125000 -1.250000
v 1.250001 -0.125000 -3.048636
v 1.500000 0.375000 -1.250000
v 1.250000 2.125000 -0.750000
v 1.000001 2.625000 -3.048636
v 1.000000 2.625000 -0.750000
v 1.250001 2.125000 -3.048636
v -0.937500 2.125000 1.249999
v -1.000000 2.625000 -0.750001
v -1.250000 2.125000 -0.750001
v -0.750000 2.625000 1.249999
v -1.249999 -0.125000 -3.048636
v 1.250000 -0.125000 -1.250000
v -1.250000 -0.125000 -1.250000
v 1.250001 -0.125000 -3.048636
v 0.937500 2.125000 1.250000
v 1.000000 2.625000 -0.750000
v 0.750000 2.625000 1.250000
v 1.250000 2.125000 -0.750000
v -0.750001 2.625000 2.249999
v -0.468752 2.125001 7.749999
v -0.375002 2.625001 7.749999
v -0.937501 2.125000 2.249999
v 0.749999 2.625000 2.250000
v 0.468747 2.125001 7.749999
v 0.937499 2.125000 2.250000
v 0.374997 2.625001 7.749999
v -0.468752 2.125001 7.749999
v 0.374997 2.625001 7.749999
v -0.375002 2.625001 7.749999
v 0.468747 2.125001 7.749999
v 1.624999 2.625000 1.250000
v 3.499999 1.125000 2.250001
v 3.499999 1.125000 1.250001
v 1.624999 2.625000 2.250000
v 1.374999 2.125000 2.250000
v 2.999999 0.875000 1.250001
v 2.999999 0.875000 2.250001
v 1.374999 2.125000 1.250000
v 3.374999 -0.375000 1.858789
v 3.374999 0.125000 1.608789
v 3.374999 0.125000 1.858789
v 3.374999 -0.375000 1.608789
v 3.499999 1.125000 1.250001
v 3.499999 -0.125000 2.250001
v 3.499999 -0.125000 1.250001
v 3.499999 1.125000 2.250001
v 2.999999 0.875000 2.250001
v 2.999999 -0.125000 1.250001
v 2.999999 -0.125000 2.250001
v 2.999999 0.875000 1.250001
v -1.625001 2.625000 2.249999
v -3.500000 1.125000 1.249999
v -3.500000 1.125000 2.249999
v -1.625000 2.625000 1.249999
v -1.375000 2.125000 1.249999
v -3.000001 0.875001 2.249999
v -3.000000 0.875000 1.249999
v -1.375001 2.125000 2.249999
v 1.500000 1.125000 -1.250000
v 1.250001 2.125000 -3.048636
v 1.250000 2.125000 -0.750000
v 1.500001 1.125000 -3.048636
v -3.500000 -0.125000 1.249999
v -3.000001 -0.124999 2.249999
v -3.500000 -0.125000 2.249999
v -3.000000 -0.125000 1.249999
v 2.999999 -0.125000 1.250001
v 3.499999 -0.125000 2.250001
v 2.999999 -0.125000 2.250001
v 3.499999 -0.125000 1.250001
v -3.500000 1.125000 2.249999
v -3.500000 -0.125000 1.249999
v -3.500000 -0.125000 2.249999
v -3.500000 1.125000 1.249999
v -3.000000 0.875000 1.249999
v -3.000001 -0.124999 2.249999
v -3.000000 -0.125000 1.249999
v -3.000001 0.875001 2.249999
v -3.375000 -0.500000 0.733787
v -3.375000 -0.625000 1.108787
v -3.375000 -0.375000 1.108787
v -3.375000 -0.250000 0.733787
v -0.874999 1.124999 -3.903976
v -1.124999 2.124999 -3.653976
v -0.874999 2.124999 -3.653976
v -1.124999 1.124999 -3.903976
v 0.875001 2.124999 -3.653975
v 0.875001 1.124999 -3.653975
v 0.875001 2.124999 -3.403975
v 0.875001 1.124999 -3.903975
v 0.455729 2.875000 0.260396
v 0.750001 2.375000 -2.656112
v 0.455730 2.875000 -1.739604
v 0.562500 2.375000 1.176904
v 0.000001 2.875000 -1.897713
v -0.749999 2.375000 -2.656112
v -0.455729 2.875000 -1.739605
v 0.000001 2.375000 -2.959127
v 0.750001 2.375000 -2.656112
v 0.455730 2.875000 -1.739604
v -0.455730 2.875000 0.260396
v -0.749999 2.375000 -2.656112
v -0.562500 2.375000 1.176903
v -0.455729 2.875000 -1.739605
v -0.000000 2.875000 0.418504
v 0.562500 2.375000 1.176904
v 0.455729 2.875000 0.260396
v -0.000000 2.375000 1.479919
v -0.562500 2.375000 1.176903
v -0.455730 2.875000 0.260396
v -0.874999 2.124999 -3.653976
v -0.874999 1.124999 -3.653976
v -0.874999 1.124999 -3.903976
v -0.874999 2.124999 -3.403976
v -0.874999 2.124999 -3.653976
v 0.875001 2.124999 -3.403975
v -0.874999 2.124999 -3.403976
v 0.875001 2.124999 -3.653975
v 0.875001 1.124999 -3.903975
v -0.874999 1.124999 -3.653976
v 0.875001 1.124999 -3.653975
v -0.874999 1.124999 -3.903976
v 0.875001 1.124999 -3.653975
v -0.874999 0.125000 -3.513944
v 0.875001 0.125000 -3.513943
v -0.874999 1.124999 -3.653976
v 0.875001 0.125000 -3.513943
v -0.874999 0.125000 -2.263944
v 0.875001 0.125000 -2.263943
v -0.874999 0.125000 -3.513944
v -0.874999 2.125000 -2.263944
v -0.874999 1.124999 -3.653976
v -0.874999 2.124999 -3.403976
v -0.874999 0.125000 -2.263944
v -0.874999 0.125000 -3.513944
v 0.875001 2.125000 -2.263944
v -0.874999 2.124999 -3.403976
v 0.875001 2.124999 -3.403975
v -0.874999 2.125000 -2.263944
v 0.553215 3.730006 7.764952
v 0.553215 3.412220 7.602624
v 0.553215 3.652277 7.524895
v 0.553215 3.489949 7.842682
v -0.042893 3.652277 7.524895
v 0.553215 3.412220 7.602624
v -0.042893 3.412220 7.602624
v 0.553215 3.652277 7.524895
v 0.553215 3.730006 7.764952
v -0.042893 3.489949 7.842681
v 0.553215 3.489949 7.842682
v -0.042893 3.730006 7.764952
v 0.553215 3.412220 7.602624
v -0.042893 3.489949 7.842681
v -0.042893 3.412220 7.602624
v 0.553215 3.489949 7.842682
v -0.042893 3.652277 7.524895
v 0.553215 3.730006 7.764952
v 0.553215 3.652277 7.524895
v -0.042893 3.730006 7.764952
v 0.000000 3.200361 -0.865879
v 0.302248 2.788130 -1.040382
v 0.302248 3.200361 -1.040383
v 0.000000 2.788130 -0.865879
v 0.302248 3.200361 -1.040383
v 0.302247 2.788130 -1.389388
v 0.302247 3.200361 -1.389388
v 0.302248 2.788130 -1.040382
v 0.302247 3.200361 -1.389388
v -0.000001 2.788130 -1.563890
v -0.000001 3.200361 -1.563890
v 0.302247 2.788130 -1.389388
v -0.000001 3.200361 -1.563890
v -0.302249 2.788130 -1.389387
v -0.302249 3.200361 -1.389387
v -0.000001 2.788130 -1.563890
v -0.302248 3.200361 -1.040381
v 0.000000 2.788130 -0.865879
v 0.000000 3.200361 -0.865879
v -0.302248 2.788130 -1.040381
v -0.302249 3.200361 -1.389387
v -0.302248 2.788130 -1.040381
v -0.302248 3.200361 -1.040381
v -0.302249 2.788130 -1.389387
v -0.455729 2.875000 -1.739605
v -0.455730 2.875000 0.260396
v 0.455729 2.875000 0.260396
v 0.455730 2.875000 -1.739604
v 1.000000 -0.625000 -1.375000
v 1.000000 -0.375000 -1.375000
v 1.000000 -0.500000 -1.000000
v 1.000000 -0.250000 -1.000000
v 1.000001 -0.375000 -1.875000
v 1.000001 0.125000 -2.125000
v 1.000001 0.125000 -1.875000
v 1.000001 -0.375001 -2.125000
v 1.000000 -0.625000 -1.375000
v 1.000001 -0.375000 -1.875000
v 1.000000 -0.375000 -1.375000
v 1.000001 -0.375001 -2.125000
v 1.000001 -0.375001 -3.028975
v 1.000001 -0.625001 -3.778975
v 1.000001 -0.375001 -3.028975
v 1.000001 0.124999 -3.278975
v 1.000001 0.124999 -3.028975
v 1.000001 -0.375001 -3.278975
v -3.125001 -0.500000 2.733787
v -3.125001 -0.375000 2.358787
v -3.125001 -0.250000 2.733787
v -3.125001 -0.625000 2.358787
v -3.125000 -0.375000 1.858787
v -3.125000 0.125000 1.608787
v -3.125000 0.125000 1.858787
v -3.125000 -0.375000 1.608787
v -1.625001 2.625000 2.249999
v -0.750000 2.625000 1.249999
v -1.625000 2.625000 1.249999
v -0.750001 2.625000 2.249999
v 0.750001 -0.625001 -3.778975
v 0.750001 -0.375001 -3.778975
v 0.750001 -0.500001 -4.153975
v 0.750001 -0.250001 -4.153975
v 0.750001 -0.375001 -3.278975
v 0.750001 0.124999 -3.028975
v 0.750001 0.124999 -3.278975
v 0.750001 -0.375001 -3.028975
v 0.750001 -0.625001 -3.778975
v 0.750001 -0.375001 -3.278975
v 0.750001 -0.375001 -3.778975
v 0.750001 -0.375001 -3.028975
v 0.750001 -0.375001 -2.125000
v 0.750000 -0.625000 -1.375000
v 0.750001 -0.375001 -2.125000
v 0.750001 0.125000 -1.875000
v 0.750001 0.125000 -2.125000
v 0.750001 -0.375000 -1.875000
v 0.302247 3.200361 -1.389388
v 0.000000 3.200361 -0.865879
v 0.302248 3.200361 -1.040383
v -0.000001 3.200361 -1.563890
v -0.302249 3.200361 -1.389387
v -0.302248 3.200361 -1.040381
vt 0.0775939822 0.740200758
vt 0.152070343 0.740200758
vt 0.152070343 0.740200758
vt 0.152070343 0.740200758
vt 0.0775939822 0.814677119
vt 0.0775939822 0.814677119
vt 0.0775939822 0.814677119
vt 0.651840091 0.705565453
vt 0.601802588 0.755603015
vt 0.651840091 0.755603015
vt 0.0775939822 0.740200758
vt 0.0775939822 0.814677119
vt 0.152070343 0.740200758
vt 0.601802588 0.705565453
vt 0.651840091 0.705565453
vt 0.601802588 0.755603015
vt 0.601802588 0.755603015
vt 0.651840091 0.755603015
vt 0.601802588 0.705565453
vt 0.371772349 0.74598968
vt 0.360907018 0.757034659
vt 0.376167327 0.781556845
vt 0.360907018 0.757034659
vt 0.360607564 0.772599757
vt 0.601802588 0.705565453
vt 0.651840091 0.705565453
vt 0.601802588 0.755603015
vt 0.651840091 0.755603015
vt 0.601802588 0.705565453
vt 0.152070343 0.740200758
vt 0.152070343 0.814677119
vt 0.152070343 0.740200758
vt 0.601802588 0.755603015
vt 0.651840091 0.705565453
vt 0.601802588 0.705565453
vt 0.651840091 0.705565453
vt 0.651840091 0.755603015
vt 0.601802588 0.705565453
vt 0.601802588 0.755603015
vt 0.651840091 0.705565453
vt 0.601802588 0.705565453
vt 0.651840091 0.705565453
vt 0.651840091 0.755603015
vt 0.601802588 0.755603015
vt 0.651840091 0.705565453
vt 0.410744011 0.841975331
vt 0.410744011 0.824692726
vt 0.392737895 0.652925134
vt 0.371772349 0.74598968
vt 0.328103781 0.754946768
vt 0.360907018 0.757034659
vt 0.312544018 0.74598974
vt 0.371772349 0.74598968
vt 0.316938996 0.781556845
vt 0.360607564 0.772599757
vt 0.327804327 0.770511866
vt 0.376167327 0.781556845
vt 0.316938996 0.781556845
vt 0.312544018 0.74598974
vt 0.327804327 0.770511866
vt 0.328103781 0.754946768
vt 0.316938996 0.781556845
vt 0.327804327 0.770511866
vt 0.0775939822 0.740200758
vt 0.0775939822 0.740200758
vt 0.152070343 0.814677119
vt 0.0775939822 0.740200758
vt 0.0775939822 0.814677119
vt 0.0775939822 0.814677119
vt 0.152070343 0.740200758
vt 0.152070343 0.814677119
vt 0.0775939822 0.740200758
vt 0.152070343 0.814677119
vt 0.152070343 0.740200758
vt 0.152070343 0.740200758
vt 0.0775939822 0.814677119
vt 0.0775939822 0.740200758
vt 0.0775939822 0.740200758
vt 0.152070343 0.814677119
vt 0.152070343 0.740200758
vt 0.152070343 0.740200758
vt 0.0775939822 0.814677119
vt 0.152070343 0.814677119
vt 0.601802588 0.705565453
vt 0.651840091 0.705565453
vt 0.601802588 0.755603015
vt 0.651840091 0.755603015
vt 0.601802588 0.705565453
vt 0.601802588 0.755603015
vt 0.651840091 0.755603015
vt 0.601802588 0.705565453
vt 0.651840091 0.705565453
vt 0.601802588 0.755603015
vt 0.601802588 0.705565453
vt 0.651840091 0.755603015
vt 0.651840091 0.705565453
vt 0.601802588 0.705565453
vt 0.651840091 0.755603015
vt 0.651840091 0.705565453
vt 0.601802588 0.755603015
vt 0.651840091 0.705565453
vt 0.601802588 0.705565453
vt 0.601802588 0.705565453
vt 0.651840091 0.755603015
vt 0.601802588 0.755603015
vt 0.0775939822 0.814677119
vt 0.0775939822 0.814677119
vt 0.0775939822 0.740200758
vt 0.651840091 0.705565453
vt 0.601802588 0.755603015
vt 0.651840091 0.755603015
vt 0.601802588 0.705565453
vt 0.651840091 0.755603015
vt 0.651840091 0.705565453
vt 0.601802588 0.705565453
vt 0.651840091 0.705565453
vt 0.601802588 0.755603015
vt 0.651840091 0.755603015
vt 0.601802588 0.705565453
vt 0.152070343 0.814677119
vt 0.0775939822 0.740200758
vt 0.0775939822 0.814677119
vt 0.601802588 0.705565453
vt 0.651840091 0.755603015
vt 0.601802588 0.755603015
vt 0.0775939822 0.740200758
vt 0.152070343 0.814677119
vt 0.152070343 0.740200758
vt 0.0775939822 0.740200758
vt 0.0775939822 0.814677119
vt 0.601802588 0.705565453
vt 0.651840091 0.755603015
vt 0.651840091 0.705565453
vt 0.601802588 0.755603015
vt 0.651840091 0.705565453
vt 0.601802588 0.705565453
vt 0.601802588 0.755603015
vt 0.651840091 0.705565453
vt 0.651840091 0.755603015
vt 0.601802588 0.705565453
vt 0.651840091 0.755603015
vt 0.601802588 0.755603015
vt 0.601802588 0.755603015
vt 0.651840091 0.705565453
vt 0.601802588 0.705565453
vt 0.152070343 0.740200758
vt 0.0775939822 0.814677119
vt 0.152070343 0.814677119
vt 0.0775939822 0.740200758
vt 0.152070343 0.740200758
vt 0.152070343 0.740200758
vt 0.152070343 0.740200758
vt 0.0775939822 0.814677119
vt 0.0775939822 0.814677119
vt 0.0775939822 0.814677119
vt 0.0775939822 0.740200758
vt 0.0775939822 0.814677119
vt 0.152070343 0.740200758
vt 0.152070343 0.740200758
vt 0.0775939822 0.814677119
vt 0.152070343 0.814677119
vt 0.0775939822 0.814677119
vt 0.152070343 0.740200758
vt 0.0775939822 0.740200758
vt 0.152070343 0.814677119
vt 0.0775939822 0.814677119
vt 0.0775939822 0.814677119
vt 0.152070343 0.740200758
vt 0.152070343 0.740200758
vt 0.0775939822 0.814677119
vt 0.152070343 0.740200758
vt 0.152070343 0.740200758
vt 0.0775939822 0.814677119
vt 0.152070343 0.814677119
vt 0.0775939822 0.814677119
vt 0.152070343 0.740200758
vt 0.0775939822 0.740200758
vt 0.152070343 0.814677119
vt 0.0775939822 0.814677119
vt 0.0775939822 0.814677119
vt 0.152070343 0.740200758
vt 0.152070343 0.740200758
vt 0.0775939822 0.814677119
vt 0.152070343 0.740200758
vt 0.152070343 0.740200758
vt 0.0775939822 0.814677119
vt 0.152070343 0.814677119
vt 0.152070343 0.814677119
vt 0.152070343 0.740200758
vt 0.0775939822 0.814677119
vt 0.152070343 0.814677119
vt 0.152070343 0.740200758
vt 0.0775939822 0.814677119
vt 0.152070343 0.740200758
vt 0.152070343 0.814677119
vt 0.152070343 0.740200758
vt 0.0775939822 0.814677119
vt 0.152070343 0.740200758
vt 0.0775939822 0.814677119
vt 0.152070343 0.814677119
vt 0.152070343 0.740200758
vt 0.0775939822 0.814677119
vt 0.152070343 0.814677119
vt 0.0775939822 0.740200758
vt 0.0775939822 0.814677119
vt 0.0775939822 0.740200758
vt 0.152070343 0.814677119
vt 0.0775939822 0.814677119
vt 0.0775939822 0.740200758
vt 0.152070343 0.740200758
vt 0.152070343 0.814677119
vt 0.152070343 0.740200758
vt 0.152070343 0.814677119
vt 0.152070343 0.740200758
vt 0.0775939822 0.814677119
vt 0.152070343 0.814677119
vt 0.152070343 0.740200758
vt 0.152070343 0.740200758
vt 0.152070343 0.740200758
vt 0.0775939822 0.814677119
vt 0.0775939822 0.740200758
vt 0.0775939822 0.740200758
vt 0.152070343 0.740200758
vt 0.0775939822 0.814677119
vt 0.152070343 0.814677119
vt 0.152070343 0.740200758
vt 0.0775939822 0.740200758
vt 0.152070343 0.814677119
vt 0.0775939822 0.740200758
vt 0.152070343 0.740200758
vt 0.152070343 0.814677119
vt 0.601802588 0.705565453
vt 0.651840091 0.755603015
vt 0.651840091 0.705565453
vt 0.601802588 0.755603015
vt 0.651840091 0.705565453
vt 0.601802588 0.705565453
vt 0.152070343 0.740200758
vt 0.0775939822 0.740200758
vt 0.152070343 0.814677119
vt 0.30329892 0.108006716
vt 0.30329892 0.128887296
vt 0.30329892 0.0871261358
vt 0.34506008 0.0871261358
vt 0.34506008 0.128887296
vt 0.34506008 0.108006716
vt 0.601802588 0.755603015
vt 0.651840091 0.705565453
vt 0.651840091 0.755603015
vt 0.601802588 0.705565453
vt 0.601802588 0.755603015
vt 0.651840091 0.705565453
vt 0.651840091 0.755603015
vt 0.601802588 0.705565453
vt 0.651840091 0.705565453
vt 0.601802588 0.705565453
vt 0.651840091 0.755603015
vt 0.601802588 0.755603015
vt 0.601802588 0.705565453
vt 0.651840091 0.705565453
vt 0.601802588 0.705565453
vt 0.651840091 0.705565453
vt 0.601802588 0.705565453
vt 0.601802588 0.705565453
vt 0.601802588 0.755603015
vt 0.601802588 0.755603015
vt 0.651840091 0.705565453
vt 0.651840091 0.755603015
vt 0.601802588 0.705565453
vt 0.651840091 0.755603015
vt 0.601802588 0.705565453
vt 0.601802588 0.755603015
vt 0.651840091 0.705565453
vt 0.651840091 0.705565453
vt 0.651840091 0.755603015
vt 0.601802588 0.705565453
vt 0.651840091 0.705565453
vt 0.601802588 0.705565453
vt 0.601802588 0.755603015
vt 0.651840091 0.755603015
vt 0.601802588 0.755603015
vt 0.651840091 0.705565453
vt 0.651840091 0.755603015
vt 0.601802588 0.705565453
vt 0.651840091 0.705565453
vt 0.601802588 0.705565453
vt 0.410744011 0.824692726
vt 0.428026646 0.824692726
vt 0.428026646 0.824692726
vt 0.410744011 0.824692726
vt 0.601802588 0.755603015
vt 0.651840091 0.705565453
vt 0.651840091 0.755603015
vt 0.601802588 0.705565453
vt 0.651840091 0.705565453
vt 0.601802588 0.755603015
vt 0.651840091 0.755603015
vt 0.601802588 0.705565453
vt 0.601802588 0.755603015
vt 0.651840091 0.705565453
vt 0.651840091 0.755603015
vt 0.601802588 0.705565453
vt 0.601802588 0.755603015
vt 0.651840091 0.705565453
vt 0.651840091 0.755603015
vt 0.601802588 0.705565453
vt 0.601802588 0.755603015
vt 0.651840091 0.705565453
vt 0.651840091 0.755603015
vt 0.601802588 0.705565453
vt 0.651840091 0.755603015
vt 0.601802588 0.705565453
vt 0.601802588 0.705565453
vt 0.601802588 0.705565453
vt 0.651840091 0.705565453
vt 0.601802588 0.705565453
vt 0.601802588 0.705565453
vt 0.651840091 0.705565453
vt 0.601802588 0.705565453
vt 0.601802588 0.755603015
vt 0.651840091 0.705565453
vt 0.651840091 0.755603015
vt 0.651840091 0.705565453
vt 0.601802588 0.755603015
vt 0.651840091 0.755603015
vt 0.601802588 0.705565453
vt 0.651840091 0.705565453
vt 0.601802588 0.705565453
vt 0.651840091 0.755603015
vt 0.601802588 0.755603015
vt 0.651840091 0.705565453
vt 0.601802588 0.755603015
vt 0.651840091 0.755603015
vt 0.601802588 0.705565453
vt 0.601802588 0.705565453
vt 0.601802588 0.755603015
vt 0.651840091 0.705565453
vt 0.651840091 0.755603015
vt 0.601802588 0.705565453
vt 0.601802588 0.755603015
vt 0.651840091 0.705565453
vt 0.651840091 0.755603015
vt 0.651840091 0.755603015
vt 0.601802588 0.705565453
vt 0.601802588 0.755603015
vt 0.651840091 0.705565453
vt 0.651840091 0.705565453
vt 0.601802588 0.705565453
vt 0.651840091 0.705565453
vt 0.601802588 0.755603015
vt 0.651840091 0.755603015
vt 0.601802588 0.705565453
vt 0.651840091 0.705565453
vt 0.601802588 0.705565453
vt 0.601802588 0.755603015
vt 0.651840091 0.755603015
vt 0.651840091 0.705565453
vt 0.601802588 0.755603015
vt 0.651840091 0.755603015
vt 0.601802588 0.705565453
vt 0.651840091 0.705565453
vt 0.601802588 0.755603015
vt 0.651840091 0.755603015
vt 0.601802588 0.705565453
vt 0.651840091 0.755603015
vt 0.601802588 0.705565453
vt 0.601802588 0.755603015
vt 0.651840091 0.705565453
vt 0.651840091 0.705565453
vt 0.601802588 0.755603015
vt 0.651840091 0.755603015
vt 0.601802588 0.705565453
vt 0.651840091 0.705565453
vt 0.601802588 0.755603015
vt 0.651840091 0.755603015
vt 0.601802588 0.705565453
vt 0.601802588 0.705565453
vt 0.651840091 0.705565453
vt 0.601802588 0.705565453
vt 0.651840091 0.705565453
vt 0.601802588 0.705565453
vt 0.651840091 0.755603015
vt 0.601802588 0.705565453
vt 0.601802588 0.705565453
vt 0.651840091 0.755603015
vt 0.601802588 0.705565453
vt 0.601802588 0.755603015
vt 0.651840091 0.705565453
vt 0.601802588 0.705565453
vt 0.601802588 0.755603015
vt 0.651840091 0.705565453
vt 0.651840091 0.755603015
vt 0.651840091 0.705565453
vt 0.601802588 0.755603015
vt 0.651840091 0.755603015
vt 0.601802588 0.705565453
vt 0.651840091 0.705565453
vt 0.651840091 0.705565453
vt 0.601802588 0.705565453
vt 0.601802588 0.705565453
vt 0.651840091 0.705565453
vt 0.651840091 0.755603015
vt 0.651840091 0.705565453
vt 0.601802588 0.755603015
vt 0.651840091 0.755603015
vt 0.601802588 0.705565453
vt 0.651840091 0.705565453
vt 0.601802588 0.755603015
vt 0.651840091 0.755603015
vt 0.601802588 0.705565453
vt 0.651840091 0.755603015
vt 0.651840091 0.755603015
vt 0.601802588 0.755603015
vt 0.601802588 0.755603015
vt 0.601802588 0.705565453
vt 0.601802588 0.755603015
vt 0.651840091 0.705565453
vt 0.651840091 0.755603015
vt 0.601802588 0.705565453
vt 0.651840091 0.755603015
vt 0.651840091 0.705565453
vt 0.601802588 0.755603015
vt 0.651840091 0.705565453
vt 0.601802588 0.755603015
vt 0.651840091 0.755603015
vt 0.601802588 0.705565453
vt 0.601802588 0.755603015
vt 0.601802588 0.755603015
vt 0.601802588 0.705565453
vt 0.651840091 0.755603015
vt 0.651840091 0.755603015
vt 0.601802588 0.755603015
vt 0.601802588 0.755603015
vt 0.601802588 0.705565453
vt 0.601802588 0.755603015
vt 0.651840091 0.705565453
vt 0.651840091 0.755603015
vt 0.651840091 0.705565453
vt 0.601802588 0.755603015
vt 0.651840091 0.755603015
vt 0.601802588 0.705565453
vt 0.601802588 0.705565453
vt 0.601802588 0.755603015
vt 0.651840091 0.705565453
vt 0.651840091 0.755603015
vt 0.152070343 0.814677119
vt 0.152070343 0.814677119
vt 0.0775939822 0.814677119
vt 0.152070343 0.740200758
vt 0.651840091 0.705565453
vt 0.601802588 0.755603015
vt 0.651840091 0.755603015
vt 0.601802588 0.705565453
vt 0.651840091 0.705565453
vt 0.601802588 0.705565453
vt 0.601802588 0.755603015
vt 0.651840091 0.755603015
vt 0.651840091 0.705565453
vt 0.601802588 0.755603015
vt 0.651840091 0.755603015
vt 0.601802588 0.705565453
vt 0.601802588 0.705565453
vt 0.601802588 0.755603015
vt 0.651840091 0.705565453
vt 0.651840091 0.755603015
vt 0.651840091 0.705565453
vt 0.601802588 0.755603015
vt 0.651840091 0.755603015
vt 0.601802588 0.705565453
vt 0.651840091 0.705565453
vt 0.601802588 0.755603015
vt 0.651840091 0.755603015
vt 0.601802588 0.705565453
vt 0.651840091 0.705565453
vt 0.601802588 0.755603015
vt 0.651840091 0.755603015
vt 0.601802588 0.705565453
vt 0.651840091 0.705565453
vt 0.601802588 0.755603015
vt 0.651840091 0.755603015
vt 0.601802588 0.705565453
vt 0.651840091 0.705565453
vt 0.601802588 0.755603015
vt 0.651840091 0.755603015
vt 0.601802588 0.705565453
vt 0.601802588 0.705565453
vt 0.601802588 0.755603015
vt 0.651840091 0.705565453
vt 0.651840091 0.755603015
vt 0.152070343 0.814677119
vt 0.0775939822 0.740200758
vt 0.0775939822 0.814677119
vt 0.152070343 0.740200758
vt 0.651840091 0.705565453
vt 0.601802588 0.755603015
vt 0.651840091 0.755603015
vt 0.601802588 0.705565453
vt 0.651840091 0.705565453
vt 0.601802588 0.755603015
vt 0.651840091 0.755603015
vt 0.601802588 0.705565453
vt 0.410744011 0.824692726
vt 0.410744011 0.824692726
vt 0.410744011 0.841975331
vt 0.410744011 0.824692726
vt 0.651840091 0.705565453
vt 0.601802588 0.755603015
vt 0.651840091 0.755603015
vt 0.601802588 0.705565453
vt 0.651840091 0.705565453
vt 0.601802588 0.755603015
vt 0.651840091 0.755603015
vt 0.601802588 0.705565453
vt 0.601802588 0.755603015
vt 0.651840091 0.705565453
vt 0.651840091 0.755603015
vt 0.601802588 0.705565453
vt 0.651840091 0.705565453
vt 0.601802588 0.755603015
vt 0.651840091 0.755603015
vt 0.601802588 0.705565453
vt 0.360907018 0.757034659
vt 0.327804327 0.770511866
vt 0.360607564 0.772599757
vt 0.328103781 0.754946768
vt 0.357405514 0.178702757
vt 0.357405514 0.178702757
vt 0.357405514 0.178702757
vt 0.357405514 0.178702757
vt 0.357405514 0.178702757
vt 0.357405514 0.178702757
vt 0.357405514 0.178702757
vt 0.357405514 0.178702757
vt 0.357405514 0.178702757
vt 0.357405514 0.178702757
vt 0.357405514 0.178702757
vt 0.357405514 0.178702757
vt 0.357405514 0.178702757
vt 0.357405514 0.178702757
vt 0.357405514 0.178702757
vt 0.357405514 0.178702757
vt 0.357405514 0.178702757
vt 0.357405514 0.178702757
vt 0.357405514 0.178702757
vt 0.357405514 0.178702757
vt 0.152070343 0.740200758
vt 0.0775939822 0.814677119
vt 0.152070343 0.814677119
vt 0.0775939822 0.740200758
vt 0.152070343 0.740200758
vt 0.0775939822 0.814677119
vt 0.152070343 0.814677119
vt 0.0775939822 0.740200758
vt 0.152070343 0.740200758
vt 0.0775939822 0.814677119
vt 0.152070343 0.814677119
vt 0.0775939822 0.740200758
vt 0.0775939822 0.740200758
vt 0.152070343 0.814677119
vt 0.152070343 0.740200758
vt 0.0775939822 0.814677119
vt 0.0775939822 0.740200758
vt 0.152070343 0.814677119
vt 0.152070343 0.740200758
vt 0.0775939822 0.814677119
vt 0.0775939822 0.814677119
vt 0.152070343 0.740200758
vt 0.152070343 0.814677119
vt 0.152070343 0.740200758
vt 0.0775939822 0.814677119
vt 0.152070343 0.814677119
vt 0.0775939822 0.740200758
vt 0.152070343 0.740200758
vt 0.0775939822 0.814677119
vt 0.152070343 0.814677119
vt 0.0775939822 0.740200758
vt 0.152070343 0.740200758
vt 0.0775939822 0.814677119
vt 0.152070343 0.814677119
vt 0.0775939822 0.740200758
vt 0.152070343 0.740200758
vt 0.0775939822 0.814677119
vt 0.152070343 0.814677119
vt 0.0775939822 0.740200758
vt 0.152070343 0.740200758
vt 0.0775939822 0.814677119
vt 0.152070343 0.814677119
vt 0.0775939822 0.740200758
vt 0.152070343 0.740200758
vt 0.0775939822 0.814677119
vt 0.152070343 0.814677119
vt 0.0775939822 0.740200758
vt 0.152070343 0.740200758
vt 0.0775939822 0.814677119
vt 0.152070343 0.814677119
vt 0.0775939822 0.740200758
vt 0.0775939822 0.740200758
vt 0.152070343 0.814677119
vt 0.152070343 0.740200758
vt 0.0775939822 0.814677119
vt 0.152070343 0.814677119
vt 0.0775939822 0.740200758
vt 0.0775939822 0.814677119
vt 0.152070343 0.740200758
vt 0.152070343 0.740200758
vt 0.0775939822 0.814677119
vt 0.152070343 0.814677119
vt 0.0775939822 0.740200758
vt 0.152070343 0.740200758
vt 0.0775939822 0.814677119
vt 0.152070343 0.814677119
vt 0.0775939822 0.740200758
vt 0.0775939822 0.740200758
vt 0.152070343 0.814677119
vt 0.152070343 0.740200758
vt 0.0775939822 0.814677119
vt 0.152070343 0.740200758
vt 0.0775939822 0.814677119
vt 0.152070343 0.814677119
vt 0.0775939822 0.740200758
vt 0.152070343 0.740200758
vt 0.0775939822 0.814677119
vt 0.152070343 0.814677119
vt 0.0775939822 0.740200758
vt 0.152070343 0.740200758
vt 0.0775939822 0.814677119
vt 0.152070343 0.814677119
vt 0.0775939822 0.740200758
vt 0.601802588 0.705565453
vt 0.651840091 0.755603015
vt 0.651840091 0.705565453
vt 0.601802588 0.755603015
vt 0.152070343 0.740200758
vt 0.0775939822 0.814677119
vt 0.152070343 0.814677119
vt 0.0775939822 0.740200758
vt 0.152070343 0.740200758
vt 0.0775939822 0.814677119
vt 0.152070343 0.814677119
vt 0.0775939822 0.740200758
vt 0.152070343 0.740200758
vt 0.0775939822 0.814677119
vt 0.152070343 0.814677119
vt 0.0775939822 0.740200758
vt 0.152070343 0.740200758
vt 0.0775939822 0.814677119
vt 0.152070343 0.814677119
vt 0.0775939822 0.740200758
vt 0.152070343 0.740200758
vt 0.0775939822 0.814677119
vt 0.152070343 0.814677119
vt 0.0775939822 0.740200758
vt 0.152070343 0.740200758
vt 0.0775939822 0.814677119
vt 0.152070343 0.814677119
vt 0.0775939822 0.740200758
vt 0.152070343 0.740200758
vt 0.0775939822 0.814677119
vt 0.152070343 0.814677119
vt 0.0775939822 0.740200758
vt 0.152070343 0.740200758
vt 0.0775939822 0.814677119
vt 0.152070343 0.814677119
vt 0.0775939822 0.740200758
vt 0.152070343 0.740200758
vt 0.0775939822 0.814677119
vt 0.152070343 0.814677119
vt 0.0775939822 0.740200758
vt 0.651840091 0.755603015
vt 0.601802588 0.755603015
vt 0.601802588 0.705565453
vt 0.651840091 0.705565453
vt 0.152070343 0.740200758
vt 0.0775939822 0.814677119
vt 0.152070343 0.814677119
vt 0.0775939822 0.740200758
vt 0.0775939822 0.814677119
vt 0.0775939822 0.740200758
vt 0.0775939822 0.814677119
vt 0.0775939822 0.740200758
vt 0.30329892 0.0871261358
vt 0.34506008 0.128887296
vt 0.34506008 0.0871261358
vt 0.30329892 0.128887296
vt 0.3241795 0.0871261358
vt 0.34506008 0.128887296
vt 0.34506008 0.0871261358
vt 0.3241795 0.128887296
vt 0.30329892 0.128887296
vt 0.30329892 0.0871261358
vt 0.34506008 0.0871261358
vt 0.30329892 0.128887296
vt 0.34506008 0.128887296
vt 0.30329892 0.0871261358
vt 0.3241795 0.0871261358
vt 0.34506008 0.128887296
vt 0.34506008 0.0871261358
vt 0.3241795 0.128887296
vt 0.30329892 0.128887296
vt 0.30329892 0.0871261358
vt 0.152070343 0.814677119
vt 0.152070343 0.740200758
vt 0.152070343 0.740200758
vt 0.152070343 0.814677119
vt 0.0775939822 0.740200758
vt 0.152070343 0.740200758
vt 0.0775939822 0.740200758
vt 0.152070343 0.740200758
vt 0.0775939822 0.740200758
vt 0.152070343 0.740200758
vt 0.0775939822 0.740200758
vt 0.152070343 0.740200758
vt 0.410744011 0.824692726
vt 0.428026646 0.824692726
vt 0.410744011 0.824692726
vt 0.428026646 0.824692726
vt 0.550291538 0.717142344
vt 0.6247679 0.717142344
vt 0.550291538 0.717142344
vt 0.6247679 0.717142344
vt 0.392737895 0.652925134
vt 0.428026646 0.824692726
vt 0.428026646 0.824692726
vt 0.428026646 0.824692726
vt 0.428026646 0.824692726
vt 0.550291538 0.717142344
vt 0.6247679 0.717142344
vt 0.550291538 0.717142344
vt 0.6247679 0.717142344
vt 0.828960121 0.287087053
vt 0.88815701 0.346283972
vt 0.88815701 0.287087053
vt 0.828960121 0.346283972
vt 0.88815701 0.287087053
vt 0.828960121 0.346283972
vt 0.88815701 0.346283972
vt 0.828960121 0.287087053
vt 0.88815701 0.287087053
vt 0.828960121 0.346283972
vt 0.88815701 0.346283972
vt 0.828960121 0.287087053
vt 0.88815701 0.287087053
vt 0.828960121 0.346283972
vt 0.88815701 0.346283972
vt 0.828960121 0.287087053
vt 0.88815701 0.287087053
vt 0.828960121 0.346283972
vt 0.88815701 0.346283972
vt 0.828960121 0.287087053
vt 0.940301359 0.146167636
vt 0.901331067 0.185137898
vt 0.940301359 0.185137898
vt 0.901331067 0.146167636
vt 0.940301359 0.146167636
vt 0.901331067 0.185137898
vt 0.940301359 0.185137898
vt 0.901331067 0.146167636
vt 0.940301359 0.146167636
vt 0.901331067 0.185137898
vt 0.940301359 0.185137898
vt 0.901331067 0.146167636
vt 0.940301359 0.146167636
vt 0.901331067 0.185137898
vt 0.940301359 0.185137898
vt 0.901331067 0.146167636
vt 0.940301359 0.146167636
vt 0.901331067 0.185137898
vt 0.940301359 0.185137898
vt 0.901331067 0.146167636
vt 0.940301359 0.146167636
vt 0.901331067 0.185137898
vt 0.940301359 0.185137898
vt 0.901331067 0.146167636
vt 0.34506008 0.0871261358
vt 0.30329892 0.0871261358
vt 0.30329892 0.128887296
vt 0.34506008 0.128887296
vt 0.601802588 0.705565453
vt 0.601802588 0.755603015
vt 0.651840091 0.705565453
vt 0.651840091 0.755603015
vt 0.601802588 0.705565453
vt 0.651840091 0.755603015
vt 0.651840091 0.705565453
vt 0.601802588 0.755603015
vt 0.601802588 0.705565453
vt 0.601802588 0.705565453
vt 0.601802588 0.755603015
vt 0.601802588 0.755603015
vt 0.601802588 0.705565453
vt 0.651840091 0.705565453
vt 0.601802588 0.705565453
vt 0.651840091 0.755603015
vt 0.651840091 0.705565453
vt 0.601802588 0.755603015
vt 0.651840091 0.705565453
vt 0.601802588 0.705565453
vt 0.601802588 0.705565453
vt 0.651840091 0.705565453
vt 0.601802588 0.755603015
vt 0.651840091 0.705565453
vt 0.651840091 0.755603015
vt 0.601802588 0.705565453
vt 0.152070343 0.814677119
vt 0.0775939822 0.740200758
vt 0.0775939822 0.814677119
vt 0.152070343 0.740200758
vt 0.601802588 0.705565453
vt 0.601802588 0.755603015
vt 0.651840091 0.705565453
vt 0.651840091 0.755603015
vt 0.601802588 0.705565453
vt 0.651840091 0.755603015
vt 0.651840091 0.705565453
vt 0.601802588 0.755603015
vt 0.601802588 0.705565453
vt 0.601802588 0.705565453
vt 0.601802588 0.755603015
vt 0.601802588 0.755603015
vt 0.601802588 0.705565453
vt 0.651840091 0.705565453
vt 0.601802588 0.705565453
vt 0.651840091 0.755603015
vt 0.651840091 0.705565453
vt 0.601802588 0.755603015
vt 0.903941631 0.17539534
vt 0.937690854 0.17539534
vt 0.920816243 0.185137898
vt 0.903941631 0.155910224
vt 0.920816243 0.146167636
vt 0.937690854 0.155910224
vn 0.000000 -0.000000 -1.000000
vn 0.000000 -0.000000 -1.000000
vn 0.000000 -0.000000 -1.000000
vn 0.000000 -0.000000 -1.000000
vn 0.000000 -0.000000 -1.000000
vn 0.000000 -0.000000 -1.000000
vn 0.000000 -0.000000 -1.000000
vn 1.000000 0.000000 0.000000
vn 1.000000 0.000000 0.000000
vn 1.000000 0.000000 0.000000
vn 0.000000 -0.000000 -1.000000
vn 0.000000 -0.000000 -1.000000
vn 0.000000 -0.000000 -1.000000
vn -1.000000 -0.000000 -0.000000
vn -1.000000 -0.000000 -0.000000
vn -1.000000 -0.000000 -0.000000
vn -1.000000 -0.000000 -0.000000
vn -1.000000 -0.000000 -0.000000
vn -1.000000 -0.000000 -0.000000
vn 0.000000 -0.000000 -1.000000
vn 0.000000 -0.000000 -1.000000
vn 0.000000 -0.000000 -1.000000
vn 0.000000 -0.000000 -1.000000
vn 0.000000 -0.000000 -1.000000
vn 1.000000 0.000000 0.000000
vn 1.000000 0.000000 0.000000
vn 1.000000 0.000000 0.000000
vn 1.000000 0.000000 0.000000
vn 1.000000 0.000000 0.000000
vn -0.000000 -0.152696 0.988273
vn -0.000000 0.000000 1.000000
vn -0.000000 0.000000 1.000000
vn -1.000000 -0.000000 -0.000000
vn -1.000000 -0.000000 -0.000000
vn -1.000000 -0.000000 -0.000000
vn 1.000000 0.000000 0.000000
vn 1.000000 0.000000 0.000000
vn 1.000000 0.000000 0.000000
vn 1.000000 0.000000 0.000000
vn 1.000000 0.000000 0.000000
vn -1.000000 -0.000000 -0.000000
vn -1.000000 -0.000000 -0.000000
vn -1.000000 -0.000000 -0.000000
vn -1.000000 -0.000000 -0.000000
vn -1.000000 -0.000000 -0.000000
vn -1.000000 -0.000000 -0.000000
vn -1.000000 -0.000000 -0.000000
vn -1.000000 -0.000000 -0.000000
vn 1.000000 0.000000 0.000000
vn 1.000000 0.000000 0.000000
vn 1.000000 0.000000 0.000000
vn 1.000000 0.000000 0.000000
vn 1.000000 0.000000 0.000000
vn -1.000000 -0.000000 -0.000000
vn -1.000000 -0.000000 -0.000000
vn -1.000000 -0.000000 -0.000000
vn -1.000000 -0.000000 -0.000000
vn -1.000000 -0.000000 -0.000000
vn -0.000000 0.000000 1.000000
vn -0.000000 0.000000 1.000000
vn -0.000000 0.000000 1.000000
vn -0.000000 0.000000 1.000000
vn -0.000000 0.000000 1.000000
vn 0.000000 0.122183 -0.992508
vn 0.000000 0.060976 -0.998139
vn 0.000000 -0.183598 -0.983001
vn 0.000000 0.162774 -0.986663
vn 0.000000 -0.152697 -0.988273
vn 0.000000 0.533468 -0.845821
vn 0.000000 0.162774 -0.986663
vn 0.000000 0.533468 -0.845821
vn -0.935966 0.346292 -0.063642
vn -0.890700 0.445350 -0.091192
vn -0.928155 0.263163 -0.263199
vn -0.935966 0.346292 -0.063642
vn -0.903958 0.422827 0.063861
vn -0.923661 0.380380 0.046481
vn 0.942545 0.325233 -0.076375
vn 0.928155 0.263163 -0.263198
vn 0.892774 0.446387 -0.060766
vn 0.000000 -0.000000 -1.000000
vn 0.000000 -0.000000 -1.000000
vn 0.000000 -0.000000 -1.000000
vn 1.000000 0.000000 0.000000
vn 1.000000 0.000000 0.000000
vn 1.000000 0.000000 0.000000
vn 1.000000 0.000000 0.000000
vn 1.000000 0.000000 0.000000
vn 1.000000 0.000000 0.000000
vn 1.000000 0.000000 0.000000
vn 1.000000 0.000000 0.000000
vn 1.000000 0.000000 0.000000
vn 1.000000 0.000000 0.000000
vn -1.000000 -0.000000 -0.000000
vn -1.000000 -0.000000 -0.000000
vn -1.000000 -0.000000 -0.000000
vn 1.000000 0.000000 0.000000
vn 1.000000 0.000000 0.000000
vn 1.000000 0.000000 0.000000
vn 1.000000 0.000000 0.000000
vn 1.000000 0.000000 0.000000
vn 1.000000 0.000000 0.000000
vn 1.000000 0.000000 0.000000
vn 1.000000 0.000000 0.000000
vn 1.000000 0.000000 0.000000
vn -0.000000 0.000000 1.000000
vn -0.000000 0.000000 1.000000
vn -0.000000 -0.183598 0.983001
vn -1.000000 -0.000000 -0.000000
vn -1.000000 -0.000000 -0.000000
vn -1.000000 -0.000000 -0.000000
vn 1.000000 0.000000 0.000000
vn 1.000000 0.000000 0.000000
vn 1.000000 0.000000 0.000000
vn -1.000000 -0.000000 -0.000000
vn -1.000000 -0.000000 -0.000000
vn -1.000000 -0.000000 -0.000000
vn -1.000000 -0.000000 -0.000000
vn -1.000000 -0.000000 -0.000000
vn -0.000000 -0.447213 0.894427
vn -0.000000 -0.183598 0.983001
vn -0.000000 -0.152696 0.988273
vn -1.000000 -0.000000 -0.000000
vn -1.000000 -0.000000 -0.000000
vn -1.000000 -0.000000 -0.000000
vn 0.000000 0.122183 -0.992508
vn 0.000000 -0.183598 -0.983001
vn 0.000000 0.122183 -0.992508
vn 0.000000 0.060976 -0.998139
vn 0.000000 -0.152697 -0.988273
vn 1.000000 0.000000 0.000000
vn 1.000000 0.000000 0.000000
vn 1.000000 0.000000 0.000000
vn 1.000000 0.000000 0.000000
vn 1.000000 0.000000 0.000000
vn 1.000000 0.000000 0.000000
vn 1.000000 0.000000 0.000000
vn 1.000000 0.000000 0.000000
vn 1.000000 0.000000 0.000000
vn 1.000000 0.000000 0.000000
vn 1.000000 0.000000 0.000000
vn 1.000000 0.000000 0.000000
vn 1.000000 0.000000 0.000000
vn 1.000000 0.000000 0.000000
vn 1.000000 0.000000 0.000000
vn -0.000000 0.000000 1.000000
vn -0.000000 0.000000 1.000000
vn -0.000000 0.000000 1.000000
vn -0.000000 0.000000 1.000000
vn -0.000000 0.000000 1.000000
vn -0.000000 0.000000 1.000000
vn -0.000000 0.000000 1.000000
vn -0.000000 0.000000 1.000000
vn -0.000000 0.000000 1.000000
vn -0.000000 0.000000 1.000000
vn -0.000000 0.000000 1.000000
vn -0.000000 0.000000 1.000000
vn -0.000000 0.000000 1.000000
vn -0.000000 0.000000 1.000000
vn -0.000000 0.000000 1.000000
vn -0.000000 0.000000 1.000000
vn -0.000000 0.000000 1.000000
vn -0.000000 0.000000 1.000000
vn -0.000000 0.000000 1.000000
vn -0.000000 0.000000 1.000000
vn -0.000000 0.000000 1.000000
vn -0.000000 0.000000 1.000000
vn -0.000000 0.000000 1.000000
vn -0.000000 0.000000 1.000000
vn -0.000000 0.000000 1.000000
vn -0.000000 0.000000 1.000000
vn 0.000000 -0.000000 -1.000000
vn 0.000000 -0.000000 -1.000000
vn 0.000000 -0.000000 -1.000000
vn 0.000000 -0.000000 -1.000000
vn 0.000000 -0.000000 -1.000000
vn 0.000000 -0.000000 -1.000000
vn 0.000000 -0.000000 -1.000000
vn 0.000000 -0.000000 -1.000000
vn 0.000000 -0.000000 -1.000000
vn 0.000000 -0.000000 -1.000000
vn 0.000000 -0.000000 -1.000000
vn 0.000000 -0.000000 -1.000000
vn 0.000000 -0.000000 -1.000000
vn -0.000000 -1.000000 0.000000
vn -0.000000 -1.000000 0.000000
vn -0.000000 -1.000000 0.000000
vn 0.322006 -0.946738 0.000000
vn -0.000000 -1.000000 0.000000
vn 0.322006 -0.946738 0.000000
vn -0.000000 -1.000000 0.000000
vn -0.000000 -1.000000 0.000000
vn -0.000000 -1.000000 0.000000
vn -0.000000 -1.000000 0.000000
vn 0.322006 -0.946738 0.000000
vn -0.000000 -1.000000 0.000000
vn -0.000000 -1.000000 0.000000
vn -0.000000 -1.000000 0.000000
vn -0.213304 -0.976986 0.000000
vn -0.000000 -1.000000 0.000000
vn -0.000000 -1.000000 0.000000
vn -0.213304 -0.976986 0.000000
vn -0.426609 -0.904436 0.000000
vn 0.000000 0.438125 -0.898914
vn 0.000000 0.941010 -0.338378
vn 0.000000 0.663633 -0.748058
vn 0.000000 0.866281 -0.499557
vn 0.000000 0.941010 -0.338378
vn 0.000000 0.533468 -0.845821
vn 0.000000 0.533468 -0.845821
vn 0.000000 0.866281 -0.499557
vn 0.000000 0.941010 -0.338378
vn 0.000000 1.000000 -0.000000
vn 0.000000 1.000000 -0.000000
vn 0.219178 0.975685 -0.000000
vn 0.438356 0.898801 -0.000000
vn 0.000000 1.000000 -0.000000
vn 0.000000 1.000000 -0.000000
vn 0.000000 1.000000 -0.000000
vn 0.000000 1.000000 -0.000000
vn 0.000000 1.000000 -0.000000
vn 0.000000 1.000000 -0.000000
vn 0.000000 1.000000 -0.000000
vn 0.000000 1.000000 -0.000000
vn 0.000000 1.000000 -0.000000
vn 0.000000 0.941010 -0.338378
vn 0.000000 1.000000 -0.000000
vn 0.000000 1.000000 -0.000000
vn 0.000000 1.000000 -0.000000
vn 0.000000 1.000000 -0.000000
vn 0.000000 1.000000 -0.000000
vn -1.000000 -0.000000 -0.000000
vn -1.000000 -0.000000 -0.000000
vn -1.000000 -0.000000 -0.000000
vn -1.000000 -0.000000 -0.000000
vn -1.000000 -0.000000 -0.000000
vn -1.000000 -0.000000 -0.000000
vn -0.000000 -0.447213 0.894427
vn -0.000000 -0.183598 0.983001
vn -0.000000 -0.447213 0.894427
vn -0.000000 0.932498 0.361176
vn 0.040736 0.992247 0.117418
vn -0.054566 0.986046 0.157279
vn -0.038604 0.993040 -0.111271
vn 0.051683 0.987490 -0.148971
vn 0.000000 0.936198 -0.351473
vn 0.000000 -0.987087 -0.160182
vn 0.000000 -0.948683 -0.316228
vn 0.000000 -0.948683 -0.316228
vn 0.000000 -0.987087 -0.160182
vn -0.000000 0.987087 0.160182
vn 0.000000 1.000000 -0.000000
vn -0.000000 0.987087 0.160182
vn 0.000000 1.000000 -0.000000
vn -1.000000 -0.000000 -0.000000
vn -1.000000 -0.000000 -0.000000
vn -1.000000 -0.000000 -0.000000
vn -1.000000 -0.000000 -0.000000
vn -1.000000 -0.000000 -0.000000
vn -1.000000 -0.000000 -0.000000
vn -1.000000 -0.000000 -0.000000
vn -1.000000 -0.000000 -0.000000
vn -1.000000 -0.000000 -0.000000
vn -1.000000 -0.000000 -0.000000
vn -1.000000 -0.000000 -0.000000
vn 0.000000 -0.987087 -0.160182
vn -0.000000 -0.994298 0.106632
vn 0.000000 -0.987087 -0.160182
vn -0.000000 -0.976994 0.213265
vn -1.000000 -0.000000 -0.000000
vn -1.000000 -0.000000 -0.000000
vn -1.000000 -0.000000 -0.000000
vn -1.000000 -0.000000 -0.000000
vn -1.000000 -0.000000 -0.000000
vn -1.000000 -0.000000 -0.000000
vn -1.000000 -0.000000 -0.000000
vn -1.000000 -0.000000 -0.000000
vn -1.000000 -0.000000 -0.000000
vn -1.000000 -0.000000 -0.000000
vn -1.000000 -0.000000 -0.000000
vn 0.000000 1.000000 -0.000000
vn 0.000000 0.994298 -0.106632
vn 0.000000 1.000000 -0.000000
vn 0.000000 0.976994 -0.213265
vn 0.000000 0.948683 -0.316228
vn 0.000000 0.948683 -0.316228
vn 0.000000 -0.000000 -1.000000
vn 0.000000 -0.000000 -1.000000
vn 0.000000 -0.000000 -1.000000
vn 0.000000 -0.000000 -1.000000
vn 0.000000 -0.000000 -1.000000
vn 0.000000 -0.000000 -1.000000
vn 0.000000 -0.000000 -1.000000
vn 0.000000 -0.000000 -1.000000
vn -1.000000 -0.000000 -0.000000
vn -1.000000 -0.000000 -0.000000
vn -1.000000 -0.000000 -0.000000
vn -1.000000 -0.000000 -0.000000
vn 0.000000 -0.000000 -1.000000
vn 0.000000 -0.000000 -1.000000
vn 0.000000 -0.000000 -1.000000
vn 0.000000 -0.000000 -1.000000
vn -0.000000 0.000000 1.000000
vn -0.000000 0.000000 1.000000
vn -0.000000 0.000000 1.000000
vn -0.000000 0.000000 1.000000
vn -0.000000 0.987087 0.160182
vn -0.000000 0.948683 0.316228
vn -0.000000 0.948683 0.316228
vn -0.000000 0.987087 0.160182
vn -0.000000 0.000000 1.000000
vn -0.000000 0.000000 1.000000
vn -0.000000 0.000000 1.000000
vn -0.000000 0.000000 1.000000
vn -0.000000 -0.948683 0.316228
vn -0.000000 -0.976994 0.213265
vn -0.000000 -0.948683 0.316228
vn -0.000000 -0.994298 0.106632
vn 0.000000 -0.000000 -1.000000
vn 0.000000 -0.000000 -1.000000
vn 0.000000 -0.000000 -1.000000
vn 0.000000 -0.000000 -1.000000
vn 0.000000 -0.948683 -0.316228
vn 0.000000 -0.976995 -0.213264
vn 0.000000 -0.948683 -0.316228
vn 0.000000 -0.994298 -0.106632
vn 1.000000 0.000000 0.000000
vn 1.000000 0.000000 0.000000
vn 1.000000 0.000000 0.000000
vn 1.000000 0.000000 0.000000
vn 0.000000 1.000000 -0.000000
vn -0.000000 0.987087 0.160182
vn -0.000000 0.987087 0.160182
vn 0.000000 1.000000 -0.000000
vn 0.000000 0.987087 -0.160182
vn 0.000000 0.987087 -0.160182
vn 0.000000 0.948683 -0.316228
vn 0.000000 0.948683 -0.316228
vn -0.000000 0.000000 1.000000
vn -0.000000 0.000000 1.000000
vn -0.000000 0.000000 1.000000
vn -0.000000 0.000000 1.000000
vn 0.000000 -0.994298 -0.106632
vn -0.000000 -0.987087 0.160182
vn 0.000000 -0.976995 -0.213264
vn -0.000000 -0.987087 0.160182
vn -0.000000 -0.948683 0.316228
vn -0.000000 -0.948683 0.316228
vn 0.000000 0.994298 -0.106632
vn 0.000000 1.000000 -0.000000
vn 0.000000 1.000000 -0.000000
vn 0.000000 0.976994 -0.213265
vn 1.000000 0.000000 0.000000
vn 1.000000 0.000000 0.000000
vn 1.000000 0.000000 0.000000
vn 1.000000 0.000000 0.000000
vn 0.000000 -0.000000 -1.000000
vn 0.000000 -0.000000 -1.000000
vn 0.000000 -0.000000 -1.000000
vn 0.000000 -0.000000 -1.000000
vn 0.000000 -0.000000 -1.000000
vn 0.000000 -0.000000 -1.000000
vn 0.000000 -0.000000 -1.000000
vn 0.000000 -0.000000 -1.000000
vn 0.000000 -0.994298 -0.106632
vn -0.000000 -0.994298 0.106632
vn -0.000000 -0.976994 0.213265
vn 0.000000 -0.976995 -0.213264
vn -0.000000 0.000000 1.000000
vn -0.000000 0.000000 1.000000
vn -0.000000 0.000000 1.000000
vn -0.000000 0.000000 1.000000
vn -0.000000 0.948683 0.316228
vn -0.000000 0.987087 0.160182
vn -0.000000 0.948683 0.316228
vn -0.000000 0.987087 0.160182
vn 0.000000 0.976994 -0.213265
vn 0.000000 0.948683 -0.316228
vn 0.000000 0.948683 -0.316228
vn 0.000000 0.994298 -0.106632
vn -0.000000 0.000000 1.000000
vn -0.000000 0.000000 1.000000
vn -0.000000 0.000000 1.000000
vn -0.000000 0.000000 1.000000
vn 0.000000 -0.994298 -0.106632
vn -0.000000 -0.994298 0.106632
vn 0.000000 -0.976995 -0.213264
vn -0.000000 -0.976994 0.213265
vn -0.000000 0.987087 0.160182
vn -0.000000 0.987087 0.160182
vn -0.000000 0.948683 0.316227
vn -0.000000 0.948683 0.316227
vn 0.000000 -0.976995 -0.213264
vn 0.000000 -0.948683 -0.316227
vn 0.000000 -0.948683 -0.316227
vn 0.000000 -0.994298 -0.106632
vn 1.000000 0.000000 0.000000
vn 1.000000 0.000000 0.000000
vn 1.000000 0.000000 0.000000
vn 1.000000 0.000000 0.000000
vn 1.000000 0.000000 0.000000
vn 1.000000 0.000000 0.000000
vn -0.000000 -0.976994 0.213265
vn -0.000000 -0.948683 0.316228
vn -0.000000 -0.948683 0.316228
vn -0.000000 -0.994298 0.106632
vn -0.000000 0.987087 0.160182
vn 0.000000 1.000000 -0.000000
vn -0.000000 0.987087 0.160182
vn 0.000000 1.000000 -0.000000
vn 1.000000 0.000000 0.000000
vn 1.000000 0.000000 0.000000
vn 1.000000 0.000000 0.000000
vn 1.000000 0.000000 0.000000
vn 0.000000 -0.994298 -0.106632
vn 0.000000 -0.976995 -0.213264
vn 0.000000 -0.948683 -0.316227
vn 0.000000 -0.948683 -0.316227
vn -1.000000 -0.000000 -0.000000
vn -1.000000 -0.000000 -0.000000
vn -1.000000 -0.000000 -0.000000
vn -1.000000 -0.000000 -0.000000
vn 0.000000 1.000000 -0.000000
vn 0.000000 1.000000 -0.000000
vn 0.000000 1.000000 -0.000000
vn 0.000000 1.000000 -0.000000
vn -1.000000 -0.000000 -0.000000
vn -1.000000 -0.000000 -0.000000
vn -1.000000 -0.000000 -0.000000
vn -1.000000 -0.000000 -0.000000
vn -1.000000 -0.000000 -0.000000
vn -1.000000 -0.000000 -0.000000
vn -1.000000 -0.000000 -0.000000
vn 0.000000 -0.000000 -1.000000
vn 0.000000 -0.000000 -1.000000
vn 0.000000 -0.000000 -1.000000
vn 0.000000 -0.000000 -1.000000
vn 0.000000 1.000000 -0.000000
vn 0.000000 0.987087 -0.160182
vn 0.000000 1.000000 -0.000000
vn 0.000000 0.987087 -0.160182
vn 0.000000 -0.000000 -1.000000
vn 0.000000 -0.000000 -1.000000
vn 0.000000 -0.000000 -1.000000
vn 0.000000 -0.000000 -1.000000
vn -0.000000 -1.000000 0.000000
vn -0.000000 -1.000000 0.000000
vn -0.000000 -1.000000 0.000000
vn -0.000000 -1.000000 0.000000
vn 0.000000 -0.000000 -1.000000
vn 0.000000 -0.000000 -1.000000
vn 0.000000 -0.000000 -1.000000
vn 0.000000 -0.000000 -1.000000
vn 1.000000 0.000000 0.000000
vn 1.000000 0.000000 0.000000
vn 1.000000 0.000000 0.000000
vn 1.000000 0.000000 0.000000
vn -0.000000 0.000000 1.000000
vn -0.000000 0.000000 1.000000
vn -0.000000 0.000000 1.000000
vn -0.000000 0.000000 1.000000
vn -0.000000 0.000000 1.000000
vn -0.000000 0.000000 1.000000
vn -0.000000 0.000000 1.000000
vn -0.000000 0.000000 1.000000
vn -0.000000 0.000000 1.000000
vn -0.000000 0.000000 1.000000
vn -0.000000 0.000000 1.000000
vn -0.000000 0.000000 1.000000
vn 0.000000 -0.000000 -1.000000
vn 0.000000 -0.000000 -1.000000
vn 0.000000 -0.000000 -1.000000
vn 0.000000 -0.000000 -1.000000
vn -0.000000 0.987087 0.160182
vn -0.000000 0.948683 0.316227
vn -0.000000 0.948683 0.316227
vn -0.000000 0.987087 0.160182
vn -0.000000 0.000000 1.000000
vn -0.000000 0.000000 1.000000
vn -0.000000 0.000000 1.000000
vn -0.000000 0.000000 1.000000
vn 0.000000 0.987087 -0.160182
vn 0.000000 0.948683 -0.316228
vn 0.000000 0.948683 -0.316228
vn 0.000000 0.987087 -0.160182
vn 0.000000 1.000000 -0.000000
vn -0.000000 0.987087 0.160182
vn 0.000000 1.000000 -0.000000
vn -0.000000 0.987087 0.160182
vn -0.000000 0.000000 1.000000
vn -0.000000 -0.183598 0.983001
vn -0.000000 0.000000 1.000000
vn -0.000000 -0.152696 0.988273
vn -0.000000 -0.948683 0.316228
vn -0.000000 -0.976994 0.213265
vn -0.000000 -0.948683 0.316228
vn -0.000000 -0.994298 0.106632
vn 0.000000 1.000000 -0.000000
vn 0.000000 1.000000 -0.000000
vn 0.000000 1.000000 -0.000000
vn 0.000000 1.000000 -0.000000
vn -1.000000 -0.000000 -0.000000
vn -1.000000 -0.000000 -0.000000
vn -1.000000 -0.000000 -0.000000
vn -1.000000 -0.000000 -0.000000
vn 0.000000 0.987087 -0.160182
vn 0.000000 1.000000 -0.000000
vn 0.000000 1.000000 -0.000000
vn 0.000000 0.987087 -0.160182
vn 0.000000 -0.000000 -1.000000
vn 0.000000 -0.000000 -1.000000
vn 0.000000 -0.000000 -1.000000
vn 0.000000 -0.000000 -1.000000
vn -1.000000 -0.000000 -0.000000
vn -1.000000 -0.000000 -0.000000
vn -1.000000 -0.000000 -0.000000
vn -1.000000 -0.000000 -0.000000
vn -0.000000 0.000000 1.000000
vn -0.000000 0.000000 1.000000
vn -0.000000 0.000000 1.000000
vn -0.000000 0.000000 1.000000
vn -0.000000 -1.000000 0.000000
vn -0.000000 -1.000000 0.000000
vn -0.000000 -1.000000 0.000000
vn -0.000000 -1.000000 0.000000
vn 1.000000 0.000000 0.000000
vn 1.000000 0.000000 0.000000
vn 1.000000 0.000000 0.000000
vn 1.000000 0.000000 0.000000
vn 0.000000 0.584490 -0.811401
vn 0.000000 0.584490 -0.811401
vn 0.000000 0.584490 -0.811401
vn 0.000000 0.584490 -0.811401
vn -1.000000 -0.000000 -0.000000
vn -1.000000 -0.000000 -0.000000
vn -1.000000 -0.000000 -0.000000
vn -1.000000 -0.000000 -0.000000
vn -0.000000 -0.383069 0.923720
vn -0.000000 -0.383069 0.923720
vn -0.000000 -0.383069 0.923720
vn -0.000000 -0.383069 0.923720
vn -0.000000 0.866025 0.500000
vn -0.000000 0.866025 0.500000
vn -0.000000 0.866025 0.500000
vn -0.000000 0.866025 0.500000
vn 0.975135 0.084899 -0.204704
vn 0.988273 -0.152697 0.000000
vn 0.949268 -0.265107 -0.169142
vn 0.986663 0.162774 0.000000
vn -0.965524 -0.160905 -0.204630
vn -0.900561 -0.322540 -0.291474
vn -0.892774 -0.446387 -0.060766
vn -0.911356 -0.098903 -0.399560
vn -0.992508 0.122183 -0.000000
vn -0.965524 -0.160905 -0.204630
vn -0.952226 -0.305393 -0.000000
vn -0.971718 0.118736 -0.204121
vn 0.949268 -0.265107 -0.169142
vn 0.900562 -0.322540 -0.291474
vn 0.913856 -0.065899 -0.400655
vn 0.890700 -0.445350 -0.091191
vn -0.971718 0.118736 -0.204121
vn -0.928155 0.263163 -0.263199
vn -0.915338 0.033330 -0.401305
vn -0.935966 0.346292 -0.063642
vn -0.992508 0.122183 -0.000000
vn -0.935966 0.346292 -0.063642
vn -0.923661 0.380380 0.046481
vn -0.965524 -0.160905 -0.204630
vn -0.915338 0.033330 -0.401305
vn -0.911356 -0.098903 -0.399560
vn -0.971718 0.118736 -0.204121
vn 0.975135 0.084899 -0.204704
vn 0.928155 0.263163 -0.263198
vn 0.942545 0.325233 -0.076375
vn 0.914701 0.050003 -0.401025
vn 0.975135 0.084899 -0.204704
vn 0.913856 -0.065899 -0.400655
vn 0.914701 0.050003 -0.401025
vn 0.949268 -0.265107 -0.169142
vn 0.000000 -0.183598 -0.983001
vn 0.000000 -0.447214 -0.894427
vn 0.000000 -0.447214 -0.894427
vn 0.000000 -0.152697 -0.988273
vn -0.952226 -0.305393 -0.000000
vn -0.892774 -0.446387 -0.060766
vn -0.894427 -0.447214 -0.000000
vn -0.965524 -0.160905 -0.204630
vn 0.949268 -0.265107 -0.169142
vn 0.894427 -0.447214 0.000000
vn 0.890700 -0.445350 -0.091191
vn 0.988273 -0.152697 0.000000
vn 0.916958 0.397462 0.034821
vn 0.892774 0.446387 -0.060766
vn 0.906184 0.414224 0.085147
vn 0.942545 0.325233 -0.076375
vn -0.909186 0.396387 0.127508
vn -0.903958 0.422827 0.063861
vn -0.923661 0.380380 0.046481
vn -0.929981 0.348743 0.116247
vn -0.000000 -1.000000 0.000000
vn -0.000000 -1.000000 0.000000
vn -0.000000 -1.000000 0.000000
vn -0.000000 -1.000000 0.000000
vn 0.909186 0.396387 0.127509
vn 0.906184 0.414224 0.085147
vn 0.929981 0.348743 0.116248
vn 0.916958 0.397462 0.034821
vn -0.960626 0.267950 0.073482
vn -0.960626 0.267950 0.073482
vn -0.980673 0.183876 0.066864
vn -0.933362 0.350011 0.079548
vn 0.960626 0.267950 0.073482
vn 0.960626 0.267950 0.073482
vn 0.933362 0.350011 0.079548
vn 0.980673 0.183876 0.066864
vn -0.000000 0.000000 1.000000
vn -0.000000 0.000000 1.000000
vn -0.000000 0.000000 1.000000
vn -0.000000 0.000000 1.000000
vn 0.438356 0.898801 -0.000000
vn 0.624695 0.780869 0.000000
vn 0.624695 0.780869 0.000000
vn 0.219178 0.975685 -0.000000
vn -0.426609 -0.904436 0.000000
vn -0.609711 -0.792624 -0.000000
vn -0.609711 -0.792624 -0.000000
vn -0.213304 -0.976986 0.000000
vn 1.000000 0.000000 0.000000
vn 1.000000 0.000000 0.000000
vn 1.000000 0.000000 0.000000
vn 1.000000 0.000000 0.000000
vn 1.000000 0.000000 0.000000
vn 1.000000 0.000000 0.000000
vn 1.000000 0.000000 0.000000
vn 1.000000 0.000000 0.000000
vn -1.000000 -0.000000 -0.000000
vn -1.000000 -0.000000 -0.000000
vn -1.000000 -0.000000 -0.000000
vn -1.000000 -0.000000 -0.000000
vn -0.331007 0.943628 -0.000000
vn -0.624695 0.780869 -0.000000
vn -0.624695 0.780869 -0.000000
vn -0.331007 0.943628 -0.000000
vn 0.322006 -0.946738 0.000000
vn 0.609711 -0.792624 0.000000
vn 0.609711 -0.792624 0.000000
vn 0.322006 -0.946738 0.000000
vn 0.986663 0.162774 0.000000
vn 0.942545 0.325233 -0.076375
vn 0.916958 0.397462 0.034821
vn 0.975135 0.084899 -0.204704
vn -0.000000 -1.000000 0.000000
vn -0.000000 -1.000000 0.000000
vn -0.000000 -1.000000 0.000000
vn -0.000000 -1.000000 0.000000
vn -0.000000 -1.000000 0.000000
vn -0.000000 -1.000000 0.000000
vn -0.000000 -1.000000 0.000000
vn -0.000000 -1.000000 0.000000
vn -1.000000 -0.000000 -0.000000
vn -1.000000 -0.000000 -0.000000
vn -1.000000 -0.000000 -0.000000
vn -1.000000 -0.000000 -0.000000
vn 1.000000 0.000000 0.000000
vn 1.000000 0.000000 0.000000
vn 1.000000 0.000000 0.000000
vn 1.000000 0.000000 0.000000
vn -1.000000 -0.000000 -0.000000
vn -1.000000 -0.000000 -0.000000
vn -1.000000 -0.000000 -0.000000
vn -1.000000 -0.000000 -0.000000
vn 0.000000 0.122183 -0.992508
vn 0.000000 0.438125 -0.898914
vn 0.000000 0.663633 -0.748058
vn 0.000000 0.122183 -0.992508
vn -1.000000 -0.000000 -0.000000
vn -1.000000 -0.000000 -0.000000
vn -1.000000 -0.000000 -0.000000
vn -1.000000 -0.000000 -0.000000
vn 0.915571 0.401466 0.023553
vn 0.915571 0.401466 0.023553
vn 0.861819 0.507216 0.000000
vn 0.955931 0.289845 0.046762
vn 0.000000 0.936198 -0.351473
vn -0.160410 0.889520 -0.427812
vn -0.038604 0.993040 -0.111271
vn 0.000000 0.904651 -0.426154
vn 0.160411 0.889520 -0.427812
vn 0.051683 0.987490 -0.148971
vn -0.915571 0.401466 0.023553
vn -0.915571 0.401466 0.023553
vn -0.955931 0.289845 0.046761
vn -0.861819 0.507216 -0.000000
vn -0.000000 0.932498 0.361176
vn 0.191549 0.878707 0.437245
vn 0.040736 0.992247 0.117418
vn -0.000000 0.904651 0.426153
vn -0.191549 0.878707 0.437245
vn -0.054566 0.986046 0.157279
vn 1.000000 0.000000 0.000000
vn 1.000000 0.000000 0.000000
vn 1.000000 0.000000 0.000000
vn 1.000000 0.000000 0.000000
vn -0.000000 -1.000000 0.000000
vn -0.000000 -1.000000 0.000000
vn -0.000000 -1.000000 0.000000
vn -0.000000 -1.000000 0.000000
vn 0.000000 1.000000 -0.000000
vn 0.000000 1.000000 -0.000000
vn 0.000000 1.000000 -0.000000
vn 0.000000 1.000000 -0.000000
vn -0.000000 0.138679 0.990337
vn -0.000000 0.138679 0.990337
vn -0.000000 0.138679 0.990337
vn -0.000000 0.138679 0.990337
vn 0.000000 1.000000 -0.000000
vn 0.000000 1.000000 -0.000000
vn 0.000000 1.000000 -0.000000
vn 0.000000 1.000000 -0.000000
vn 1.000000 0.000000 0.000000
vn 1.000000 0.000000 0.000000
vn 1.000000 0.000000 0.000000
vn 1.000000 0.000000 0.000000
vn 1.000000 0.000000 0.000000
vn -0.000000 -1.000000 0.000000
vn -0.000000 -1.000000 0.000000
vn -0.000000 -1.000000 0.000000
vn -0.000000 -1.000000 0.000000
vn 1.000000 0.000000 0.000000
vn 1.000000 0.000000 0.000000
vn 1.000000 0.000000 0.000000
vn 1.000000 0.000000 0.000000
vn 0.000000 -0.308049 -0.951370
vn 0.000000 -0.308049 -0.951370
vn 0.000000 -0.308049 -0.951370
vn 0.000000 -0.308049 -0.951370
vn -0.000000 0.308051 0.951370
vn -0.000000 0.308051 0.951370
vn -0.000000 0.308051 0.951370
vn -0.000000 0.308051 0.951370
vn -0.000000 -0.951370 0.308049
vn -0.000000 -0.951370 0.308049
vn -0.000000 -0.951370 0.308049
vn -0.000000 -0.951370 0.308049
vn 0.000000 0.951370 -0.308049
vn 0.000000 0.951370 -0.308049
vn 0.000000 0.951370 -0.308049
vn 0.000000 0.951370 -0.308049
vn 0.500002 0.000000 0.866024
vn 0.500002 0.000000 0.866024
vn 0.500002 0.000000 0.866024
vn 0.500002 0.000000 0.866024
vn 1.000000 0.000000 0.000000
vn 1.000000 0.000000 0.000000
vn 1.000000 0.000000 0.000000
vn 1.000000 0.000000 0.000000
vn 0.499998 -0.000000 -0.866026
vn 0.499998 -0.000000 -0.866026
vn 0.499998 -0.000000 -0.866026
vn 0.499998 -0.000000 -0.866026
vn -0.500002 -0.000000 -0.866024
vn -0.500002 -0.000000 -0.866024
vn -0.500002 -0.000000 -0.866024
vn -0.500002 -0.000000 -0.866024
vn -0.499998 0.000000 0.866026
vn -0.499998 0.000000 0.866026
vn -0.499998 0.000000 0.866026
vn -0.499998 0.000000 0.866026
vn -1.000000 -0.000000 -0.000000
vn -1.000000 -0.000000 -0.000000
vn -1.000000 -0.000000 -0.000000
vn -1.000000 -0.000000 -0.000000
vn -0.038604 0.993040 -0.111271
vn -0.054566 0.986046 0.157279
vn 0.040736 0.992247 0.117418
vn 0.051683 0.987490 -0.148971
vn 1.000000 0.000000 0.000000
vn 1.000000 0.000000 0.000000
vn 1.000000 0.000000 0.000000
vn 1.000000 0.000000 0.000000
vn 1.000000 0.000000 0.000000
vn 1.000000 0.000000 0.000000
vn 1.000000 0.000000 0.000000
vn 1.000000 0.000000 0.000000
vn 1.000000 0.000000 0.000000
vn 1.000000 0.000000 0.000000
vn 1.000000 0.000000 0.000000
vn 1.000000 0.000000 0.000000
vn 1.000000 0.000000 0.000000
vn 1.000000 0.000000 0.000000
vn 1.000000 0.000000 0.000000
vn 1.000000 0.000000 0.000000
vn 1.000000 0.000000 0.000000
vn 1.000000 0.000000 0.000000
vn 1.000000 0.000000 0.000000
vn 1.000000 0.000000 0.000000
vn 1.000000 0.000000 0.000000
vn 1.000000 0.000000 0.000000
vn 1.000000 0.000000 0.000000
vn 1.000000 0.000000 0.000000
vn 1.000000 0.000000 0.000000
vn 1.000000 0.000000 0.000000
vn -0.331007 0.943628 -0.000000
vn 0.000000 1.000000 -0.000000
vn -0.331007 0.943628 -0.000000
vn 0.000000 1.000000 -0.000000
vn -1.000000 -0.000000 -0.000000
vn -1.000000 -0.000000 -0.000000
vn -1.000000 -0.000000 -0.000000
vn -1.000000 -0.000000 -0.000000
vn -1.000000 -0.000000 -0.000000
vn -1.000000 -0.000000 -0.000000
vn -1.000000 -0.000000 -0.000000
vn -1.000000 -0.000000 -0.000000
vn -1.000000 -0.000000 -0.000000
vn -1.000000 -0.000000 -0.000000
vn -1.000000 -0.000000 -0.000000
vn -1.000000 -0.000000 -0.000000
vn -1.000000 -0.000000 -0.000000
vn -1.000000 -0.000000 -0.000000
vn -1.000000 -0.000000 -0.000000
vn -1.000000 -0.000000 -0.000000
vn -1.000000 -0.000000 -0.000000
vn -1.000000 -0.000000 -0.000000
vn 0.000000 1.000000 -0.000000
vn 0.000000 1.000000 -0.000000
vn 0.000000 1.000000 -0.000000
vn 0.000000 1.000000 -0.000000
vn 0.000000 1.000000 -0.000000
vn 0.000000 1.000000 -0.000000
f 1/1/1 2/2/2 3/3/3
f 4/4/4 2/2/2 5/5/5
f 6/6/6 4/4/4 5/5/5
f 4/4/4 6/6/6 7/7/7
f 8/8/8 9/9/9 10/10/10
f 11/11/11 12/12/12 13/13/13
f 14/14/14 15/15/15 16/16/16
f 17/17/17 18/18/18 19/19/19
f 20/20/20 21/21/21 22/22/22
f 22/22/22 23/23/23 24/24/24
f 25/25/25 26/26/26 27/27/27
f 28/28/28 29/29/29 26/26/26
f 30/30/30 31/31/31 32/32/32
f 33/33/33 34/34/34 35/35/35
f 36/36/36 37/37/37 38/38/38
f 39/39/39 40/40/40 37/37/37
f 41/41/41 42/42/42 43/43/43
f 44/44/44 45/45/45 43/43/43
f 46/46/46 47/47/47 48/48/48
f 49/49/49 50/50/50 51/51/51
f 52/52/52 50/50/50 53/53/53
f 54/54/54 55/55/55 56/56/56
f 57/57/57 55/55/55 58/58/58
f 59/59/59 60/60/60 61/61/61
f 62/62/62 63/63/63 59/59/59
f 64/64/64 65/65/65 66/66/66
f 67/67/67 68/68/68 65/65/65
f 65/65/65 69/69/69 70/70/70
f 70/70/70 69/69/69 71/71/71
f 72/72/72 73/73/73 74/74/74
f 75/75/75 76/76/76 73/73/73
f 77/77/77 76/76/76 75/75/75
f 78/78/78 79/79/79 80/80/80
f 81/81/81 82/82/82 83/83/83
f 84/84/84 85/85/85 86/86/86
f 87/87/87 88/88/88 85/85/85
f 89/89/89 90/90/90 91/91/91
f 92/92/92 93/93/93 90/90/90
f 94/94/94 95/95/95 96/96/96
f 97/97/97 98/98/98 99/99/99
f 100/100/100 101/101/101 102/102/102
f 101/101/101 103/103/103 104/104/104
f 104/104/104 103/103/103 105/105/105
f 106/106/106 107/107/107 108/108/108
f 109/109/109 110/110/110 111/111/111
f 112/112/112 113/113/113 114/114/114
f 115/115/115 116/116/116 117/117/117
f 118/118/118 119/119/119 116/116/116
f 120/120/120 121/121/121 122/122/122
f 123/123/123 124/124/124 125/125/125
f 126/126/126 127/127/127 128/128/128
f 127/127/127 129/129/129 130/130/130
f 131/131/131 132/132/132 133/133/133
f 134/134/134 135/135/135 136/136/136
f 137/137/137 138/138/138 139/139/139
f 140/140/140 141/141/141 142/142/142
f 141/141/141 143/143/143 144/144/144
f 144/144/144 143/143/143 145/145/145
f 146/146/146 147/147/147 148/148/148
f 149/149/149 150/150/150 151/151/151
f 152/152/152 150/150/150 153/153/153
f 154/154/154 152/152/152 153/153/153
f 152/152/152 154/154/154 155/155/155
f 156/156/156 157/157/157 158/158/158
f 159/159/159 160/160/160 161/161/161
f 162/162/162 163/163/163 164/164/164
f 165/165/165 166/166/166 167/167/167
f 168/168/168 169/169/169 166/166/166
f 166/166/166 169/169/169 170/170/170
f 171/171/171 170/170/170 169/169/169
f 172/172/172 173/173/173 174/174/174
f 175/175/175 176/176/176 177/177/177
f 178/178/178 179/179/179 180/180/180
f 181/181/181 182/182/182 179/179/179
f 179/179/179 182/182/182 183/183/183
f 184/184/184 183/183/183 182/182/182
f 185/185/185 186/186/186 187/187/187
f 188/188/188 189/189/189 190/190/190
f 191/191/191 192/192/192 193/193/193
f 192/192/192 194/194/194 195/195/195
f 192/192/192 196/196/196 194/194/194
f 194/194/194 196/196/196 197/197/197
f 196/196/196 192/192/192 198/198/198
f 196/196/196 198/198/198 199/199/199
f 198/198/198 192/192/192 200/200/200
f 201/201/201 202/202/202 203/203/203
f 204/204/204 205/205/205 206/206/206
f 207/207/207 206/206/206 208/208/208
f 209/209/209 207/207/207 210/210/210
f 209/209/209 206/206/206 211/211/211
f 211/211/211 212/212/212 213/213/213
f 214/214/214 215/215/215 216/216/216
f 217/217/217 218/218/218 215/215/215
f 217/217/217 219/219/219 218/218/218
f 218/218/218 219/219/219 220/220/220
f 217/217/217 221/221/221 219/219/219
f 221/221/221 217/217/217 222/222/222
f 223/223/223 224/224/224 225/225/225
f 226/226/226 227/227/227 228/228/228
f 229/229/229 230/230/230 231/231/231
f 232/232/232 233/233/233 234/234/234
f 235/235/235 236/236/236 237/237/237
f 238/238/238 239/239/239 240/240/240
f 241/241/241 242/242/242 243/243/243
f 244/244/244 245/245/245 246/246/246
f 247/247/247 248/248/248 249/249/249
f 250/250/250 248/248/248 247/247/247
f 251/251/251 252/252/252 253/253/253
f 254/254/254 252/252/252 251/251/251
f 255/255/255 256/256/256 257/257/257
f 257/257/257 256/256/256 258/258/258
f 259/259/259 260/260/260 261/261/261
f 260/260/260 259/259/259 262/262/262
f 262/262/262 263/263/263 264/264/264
f 264/264/264 263/263/263 265/265/265
f 266/266/266 267/267/267 268/268/268
f 269/269/269 267/267/267 266/266/266
f 270/270/270 271/271/271 272/272/272
f 273/273/273 271/271/271 270/270/270
f 273/273/273 274/274/274 275/275/275
f 274/274/274 273/273/273 276/276/276
f 277/277/277 274/274/274 276/276/276
f 274/274/274 277/277/277 278/278/278
f 277/277/277 276/276/276 279/279/279
f 277/277/277 279/279/279 280/280/280
f 281/281/281 282/282/282 283/283/283
f 284/284/284 282/282/282 281/281/281
f 282/282/282 284/284/284 285/285/285
f 285/285/285 284/284/284 286/286/286
f 287/287/287 288/288/288 289/289/289
f 290/290/290 288/288/288 287/287/287
f 291/291/291 292/292/292 293/293/293
f 294/294/294 292/292/292 291/291/291
f 295/295/295 296/296/296 297/297/297
f 298/298/298 296/296/296 295/295/295
f 299/299/299 300/300/300 301/301/301
f 302/302/302 300/300/300 299/299/299
f 303/303/303 304/304/304 305/305/305
f 306/306/306 304/304/304 303/303/303
f 307/307/307 308/308/308 309/309/309
f 310/310/310 308/308/308 307/307/307
f 311/311/311 312/312/312 313/313/313
f 314/314/314 312/312/312 311/311/311
f 315/315/315 316/316/316 317/317/317
f 318/318/318 316/316/316 315/315/315
f 319/319/319 320/320/320 321/321/321
f 321/321/321 320/320/320 322/322/322
f 323/323/323 324/324/324 325/325/325
f 326/326/326 324/324/324 323/323/323
f 327/327/327 328/328/328 329/329/329
f 329/329/329 328/328/328 330/330/330
f 331/331/331 332/332/332 333/333/333
f 334/334/334 332/332/332 331/331/331
f 335/335/335 336/336/336 337/337/337
f 337/337/337 336/336/336 338/338/338
f 339/339/339 340/340/340 341/341/341
f 341/341/341 340/340/340 342/342/342
f 343/343/343 344/344/344 345/345/345
f 346/346/346 344/344/344 343/343/343
f 346/346/346 347/347/347 344/344/344
f 344/344/344 347/347/347 348/348/348
f 349/349/349 350/350/350 351/351/351
f 352/352/352 350/350/350 349/349/349
f 353/353/353 354/354/354 355/355/355
f 353/353/353 355/355/355 356/356/356
f 357/357/357 358/358/358 359/359/359
f 360/360/360 358/358/358 357/357/357
f 361/361/361 362/362/362 363/363/363
f 364/364/364 362/362/362 361/361/361
f 365/365/365 366/366/366 367/367/367
f 368/368/368 366/366/366 365/365/365
f 369/369/369 370/370/370 371/371/371
f 372/372/372 370/370/370 369/369/369
f 373/373/373 374/374/374 375/375/375
f 376/376/376 374/374/374 373/373/373
f 377/377/377 378/378/378 379/379/379
f 380/380/380 378/378/378 377/377/377
f 381/381/381 382/382/382 383/383/383
f 384/384/384 382/382/382 381/381/381
f 385/385/385 386/386/386 387/387/387
f 388/388/388 386/386/386 385/385/385
f 389/389/389 390/390/390 391/391/391
f 391/391/391 390/390/390 392/392/392
f 393/393/393 394/394/394 395/395/395
f 396/396/396 394/394/394 393/393/393
f 397/397/397 398/398/398 399/399/399
f 398/398/398 397/397/397 400/400/400
f 397/397/397 401/401/401 400/400/400
f 402/402/402 401/401/401 397/397/397
f 403/403/403 404/404/404 405/405/405
f 406/406/406 404/404/404 403/403/403
f 407/407/407 408/408/408 409/409/409
f 410/410/410 408/408/408 407/407/407
f 411/411/411 412/412/412 413/413/413
f 411/411/411 413/413/413 414/414/414
f 415/415/415 416/416/416 417/417/417
f 417/417/417 416/416/416 418/418/418
f 419/419/419 420/420/420 421/421/421
f 419/419/419 422/422/422 420/420/420
f 423/423/423 424/424/424 425/425/425
f 426/426/426 424/424/424 423/423/423
f 427/427/427 428/428/428 429/429/429
f 430/430/430 428/428/428 427/427/427
f 431/431/431 432/432/432 430/430/430
f 432/432/432 431/431/431 433/433/433
f 434/434/434 435/435/435 436/436/436
f 436/436/436 435/435/435 437/437/437
f 438/438/438 439/439/439 440/440/440
f 441/441/441 439/439/439 438/438/438
f 442/442/442 443/443/443 444/444/444
f 444/444/444 443/443/443 445/445/445
f 446/446/446 447/447/447 448/448/448
f 447/447/447 446/446/446 449/449/449
f 450/450/450 451/451/451 452/452/452
f 453/453/453 451/451/451 450/450/450
f 454/454/454 455/455/455 456/456/456
f 454/454/454 456/456/456 457/457/457
f 458/458/458 459/459/459 460/460/460
f 461/461/461 459/459/459 458/458/458
f 462/462/462 463/463/463 464/464/464
f 464/464/464 463/463/463 465/465/465
f 466/466/466 467/467/467 468/468/468
f 469/469/469 467/467/467 466/466/466
f 470/470/470 471/471/471 472/472/472
f 473/473/473 471/471/471 470/470/470
f 474/474/474 475/475/475 476/476/476
f 477/477/477 475/475/475 474/474/474
f 478/478/478 479/479/479 480/480/480
f 481/481/481 479/479/479 478/478/478
f 482/482/482 483/483/483 484/484/484
f 485/485/485 483/483/483 482/482/482
f 486/486/486 487/487/487 488/488/488
f 488/488/488 487/487/487 489/489/489
f 490/490/490 491/491/491 492/492/492
f 493/493/493 491/491/491 490/490/490
f 494/494/494 495/495/495 496/496/496
f 497/497/497 495/495/495 494/494/494
f 498/498/498 499/499/499 500/500/500
f 501/501/501 499/499/499 498/498/498
f 502/502/502 503/503/503 504/504/504
f 505/505/505 504/504/504 503/503/503
f 506/506/506 507/507/507 508/508/508
f 509/509/509 507/507/507 506/506/506
f 510/510/510 511/511/511 512/512/512
f 513/513/513 511/511/511 510/510/510
f 514/514/514 515/515/515 516/516/516
f 514/514/514 517/517/517 515/515/515
f 518/518/518 519/519/519 520/520/520
f 521/521/521 519/519/519 518/518/518
f 522/522/522 523/523/523 524/524/524
f 525/525/525 523/523/523 522/522/522
f 526/526/526 527/527/527 528/528/528
f 529/529/529 527/527/527 526/526/526
f 530/530/530 531/531/531 532/532/532
f 533/533/533 531/531/531 530/530/530
f 534/534/534 535/535/535 536/536/536
f 537/537/537 535/535/535 534/534/534
f 538/538/538 539/539/539 540/540/540
f 541/541/541 539/539/539 538/538/538
f 542/542/542 543/543/543 544/544/544
f 545/545/545 543/543/543 542/542/542
f 546/546/546 547/547/547 548/548/548
f 549/549/549 547/547/547 546/546/546
f 550/550/550 551/551/551 552/552/552
f 553/553/553 551/551/551 550/550/550
f 554/554/554 555/555/555 556/556/556
f 557/557/557 555/555/555 554/554/554
f 558/558/558 559/559/559 560/560/560
f 561/561/561 559/559/559 558/558/558
f 562/562/562 563/563/563 564/564/564
f 565/565/565 563/563/563 562/562/562
f 562/562/562 566/566/566 567/567/567
f 567/567/567 566/566/566 568/568/568
f 569/569/569 570/570/570 571/571/571
f 572/572/572 570/570/570 569/569/569
f 573/573/573 574/574/574 575/575/575
f 576/576/576 574/574/574 573/573/573
f 577/577/577 578/578/578 579/579/579
f 580/580/580 578/578/578 577/577/577
f 581/581/581 582/582/582 583/583/583
f 584/584/584 582/582/582 581/581/581
f 585/585/585 586/586/586 587/587/587
f 588/588/588 586/586/586 585/585/585
f 589/589/589 590/590/590 591/591/591
f 592/592/592 590/590/590 589/589/589
f 593/593/593 594/594/594 595/595/595
f 596/596/596 594/594/594 593/593/593
f 597/597/597 598/598/598 599/599/599
f 600/600/600 598/598/598 597/597/597
f 601/601/601 602/602/602 603/603/603
f 602/602/602 601/601/601 604/604/604
f 605/605/605 606/606/606 607/607/607
f 608/608/608 606/606/606 605/605/605
f 609/609/609 610/610/610 611/611/611
f 612/612/612 610/610/610 609/609/609
f 613/613/613 614/614/614 615/615/615
f 616/616/616 614/614/614 613/613/613
f 617/617/617 618/618/618 619/619/619
f 620/620/620 618/618/618 617/617/617
f 621/621/621 622/622/622 623/623/623
f 624/624/624 622/622/622 621/621/621
f 625/625/625 626/626/626 627/627/627
f 628/628/628 626/626/626 625/625/625
f 629/629/629 630/630/630 631/631/631
f 629/629/629 632/632/632 630/630/630
f 633/633/633 634/634/634 635/635/635
f 636/636/636 634/634/634 633/633/633
f 637/637/637 638/638/638 639/639/639
f 640/640/640 638/638/638 637/637/637
f 641/641/641 642/642/642 643/643/643
f 644/644/644 642/642/642 641/641/641
f 645/645/645 646/646/646 647/647/647
f 648/648/648 646/646/646 645/645/645
f 649/649/649 650/650/650 651/651/651
f 652/652/652 650/650/650 649/649/649
f 653/653/653 654/654/654 655/655/655
f 656/656/656 654/654/654 653/653/653
f 657/657/657 658/658/658 659/659/659
f 660/660/660 658/658/658 657/657/657
f 661/661/661 662/662/662 663/663/663
f 664/664/664 662/662/662 661/661/661
f 665/665/665 666/666/666 667/667/667
f 668/668/668 666/666/666 665/665/665
f 669/669/669 670/670/670 671/671/671
f 669/669/669 671/671/671 672/672/672
f 673/673/673 674/674/674 675/675/675
f 676/676/676 674/674/674 673/673/673
f 677/677/677 678/678/678 679/679/679
f 680/680/680 678/678/678 677/677/677
f 681/681/681 682/682/682 683/683/683
f 684/684/684 682/682/682 681/681/681
f 685/685/685 686/686/686 687/687/687
f 688/688/688 686/686/686 685/685/685
f 685/685/685 689/689/689 688/688/688
f 690/690/690 689/689/689 685/685/685
f 691/691/691 692/692/692 693/693/693
f 694/694/694 692/692/692 691/691/691
f 695/695/695 696/696/696 697/697/697
f 698/698/698 696/696/696 695/695/695
f 695/695/695 699/699/699 698/698/698
f 700/700/700 699/699/699 695/695/695
f 701/701/701 702/702/702 703/703/703
f 704/704/704 702/702/702 701/701/701
f 705/705/705 706/706/706 707/707/707
f 708/708/708 706/706/706 705/705/705
f 709/709/709 710/710/710 711/711/711
f 712/712/712 710/710/710 709/709/709
f 713/713/713 714/714/714 715/715/715
f 716/716/716 714/714/714 713/713/713
f 717/717/717 718/718/718 719/719/719
f 720/720/720 718/718/718 717/717/717
f 721/721/721 722/722/722 723/723/723
f 724/724/724 722/722/722 721/721/721
f 722/722/722 724/724/724 725/725/725
f 726/726/726 727/727/727 728/728/728
f 729/729/729 727/727/727 726/726/726
f 730/730/730 731/731/731 732/732/732
f 733/733/733 731/731/731 730/730/730
f 734/734/734 735/735/735 736/736/736
f 737/737/737 735/735/735 734/734/734
f 738/738/738 739/739/739 740/740/740
f 741/741/741 739/739/739 738/738/738
f 742/742/742 743/743/743 744/744/744
f 745/745/745 743/743/743 742/742/742
f 746/746/746 747/747/747 748/748/748
f 749/749/749 747/747/747 746/746/746
f 750/750/750 751/751/751 752/752/752
f 753/753/753 751/751/751 750/750/750
f 754/754/754 755/755/755 756/756/756
f 757/757/757 755/755/755 754/754/754
f 758/758/758 759/759/759 760/760/760
f 761/761/761 759/759/759 758/758/758
f 762/762/762 763/763/763 764/764/764
f 765/765/765 763/763/763 762/762/762
f 766/766/766 767/767/767 768/768/768
f 769/769/769 767/767/767 766/766/766
f 770/770/770 771/771/771 772/772/772
f 773/773/773 771/771/771 770/770/770
f 774/774/774 775/775/775 776/776/776
f 777/777/777 774/774/774 776/776/776
f 778/778/778 779/779/779 780/780/780
f 780/780/780 779/779/779 781/781/781
f 782/782/782 783/783/783 784/784/784
f 782/782/782 785/785/785 783/783/783
f 786/786/786 787/787/787 788/788/788
f 787/787/787 786/786/786 789/789/789
f 786/786/786 790/790/790 789/789/789
f 791/791/791 790/790/790 786/786/786
f 792/792/792 793/793/793 794/794/794
f 792/792/792 795/795/795 793/793/793
f 796/796/796 797/797/797 798/798/798
f 796/796/796 799/799/799 797/797/797
f 800/800/800 801/801/801 802/802/802
f 800/800/800 803/803/803 801/801/801
f 804/804/804 805/805/805 806/806/806
f 807/807/807 805/805/805 804/804/804
f 808/808/808 809/809/809 810/810/810
f 810/810/810 809/809/809 811/811/811
f 812/812/812 813/813/813 814/814/814
f 812/812/812 815/815/815 813/813/813
f 816/816/816 817/817/817 818/818/818
f 817/817/817 816/816/816 819/819/819
f 816/816/816 820/820/820 819/819/819
f 821/821/821 820/820/820 816/816/816
f 822/822/822 823/823/823 824/824/824
f 822/822/822 825/825/825 823/823/823
f 826/826/826 827/827/827 828/828/828
f 827/827/827 826/826/826 829/829/829
f 830/830/830 827/827/827 829/829/829
f 827/827/827 830/830/830 831/831/831
