g tank_seat_gunner
v -0.077488 2.801459 1.678005
v -0.077485 2.325351 1.013029
v -0.077485 2.801459 1.013029
v -0.077488 2.325351 1.678005
v -0.077489 2.801458 1.948975
v -0.077489 2.325350 1.948975
v -0.077489 3.817089 2.008201
v -0.077488 3.852142 1.739507
v -0.077485 2.801459 1.013029
v -0.077485 2.325351 1.013029
v -0.864511 2.325351 1.013026
v -0.864511 2.801459 1.013026
v -0.864515 2.801458 1.948972
v -0.864515 2.325350 1.948972
v -0.077489 2.325350 1.948975
v -0.077489 2.801458 1.948975
v -0.864515 3.817089 2.008198
v -0.077489 3.817089 2.008201
v -0.864514 2.801459 1.678002
v -0.077488 2.801459 1.678005
v -0.077485 2.801459 1.013029
v -0.864511 2.801459 1.013026
v -0.864511 2.801459 1.013026
v -0.864511 2.325351 1.013026
v -0.864514 2.325351 1.678002
v -0.864514 2.801459 1.678002
v -0.864515 2.325350 1.948972
v -0.864515 2.801458 1.948972
v -0.864514 3.852142 1.739504
v -0.864515 3.817089 2.008198
v -0.864514 2.801459 1.678002
v -0.864514 3.852142 1.739504
v -0.077488 3.852142 1.739507
v -0.077488 2.801459 1.678005
v -0.864515 3.817089 2.008198
v -0.077489 3.817089 2.008201
v -0.077488 3.852142 1.739507
v -0.864514 3.852142 1.739504
f 1 2 3
f 1 4 2
f 5 4 1
f 5 6 4
f 1 7 5
f 1 8 7
f 9 10 11
f 9 11 12
f 13 14 15
f 13 15 16
f 16 17 13
f 16 18 17
f 19 20 21
f 19 21 22
f 23 24 25
f 23 25 26
f 26 25 27
f 26 27 28
f 28 29 26
f 28 30 29
f 31 32 33
f 31 33 34
f 35 36 37
f 35 37 38
