# GENERATED by tools/gen_vehicle_glass.py -- pane 'r_front'. Do not hand-edit.
# One file per pane so each breaks independently (Vehicle.GlassPaneLabels).
g r_front
v -1.246010 1.570522 0.724997
v -1.246010 1.570522 2.034997
v -1.246010 1.625522 2.034997
v -1.246010 1.625522 0.724997
v -1.246010 1.625522 0.724997
v -1.246010 1.625522 2.034997
v -1.246010 1.655522 2.034997
v -1.246010 1.655522 0.724997
v -1.246010 1.655522 0.724997
v -1.246010 1.655522 2.034997
v -1.246010 1.685522 2.034997
v -1.246010 1.685522 0.724997
v -1.246010 1.685522 0.724997
v -1.246010 1.685522 2.034997
v -1.246010 1.715522 2.034997
v -1.246010 1.715522 0.724997
v -1.246010 1.715522 0.724997
v -1.246010 1.715522 2.034997
v -1.246010 1.745522 2.034997
v -1.246010 1.745522 0.724997
v -1.246010 1.745522 0.724997
v -1.246010 1.745522 2.034997
v -1.246010 1.775522 2.034997
v -1.246010 1.775522 0.724997
v -1.246010 1.775522 0.724997
v -1.246010 1.775522 2.034997
v -1.246010 1.805522 2.034997
v -1.246010 1.805522 0.724997
v -1.246010 1.805522 0.724997
v -1.246010 1.805522 2.034997
v -1.246010 1.835522 2.034997
v -1.246010 1.835522 0.724997
v -1.246010 1.835522 0.724997
v -1.246010 1.835522 2.034997
v -1.246010 1.865522 2.034997
v -1.246010 1.865522 0.724997
v -1.246010 1.865522 0.724997
v -1.246010 1.865522 2.034997
v -1.246010 1.895522 2.034997
v -1.246010 1.895522 0.724997
v -1.246010 1.895522 0.724997
v -1.246010 1.895522 2.034997
v -1.246010 1.925522 2.034997
v -1.246010 1.925522 0.724997
v -1.246010 1.925522 0.724997
v -1.246010 1.925522 2.034997
v -1.246010 1.955522 2.034997
v -1.246010 1.955522 0.724997
v -1.246010 1.955522 0.724997
v -1.246010 1.955522 2.034997
v -1.246010 1.985522 2.034997
v -1.246010 1.985522 0.724997
v -1.246010 1.985522 0.724997
v -1.246010 1.985522 2.034997
v -1.246010 2.015522 2.034997
v -1.246010 2.015522 0.724997
v -1.246010 2.015522 0.724997
v -1.246010 2.015522 2.034997
v -1.246010 2.045522 2.034997
v -1.246010 2.045522 0.724997
v -1.246010 2.045522 0.724997
v -1.246010 2.045522 2.034997
v -1.246010 2.075522 2.034997
v -1.246010 2.075522 0.724997
v -1.246010 2.075522 0.724997
v -1.246010 2.075522 2.034997
v -1.246010 2.105522 2.034997
v -1.246010 2.105522 0.724997
v -1.246010 2.105522 0.724997
v -1.246010 2.105522 2.034997
v -1.246010 2.135522 2.034997
v -1.246010 2.135522 0.724997
v -1.246010 2.135522 0.724997
v -1.246010 2.135522 2.034997
v -1.246010 2.165522 2.034997
v -1.246010 2.165522 0.724997
v -1.246010 2.165522 0.724997
v -1.246010 2.165522 2.034997
v -1.246010 2.195522 2.034997
v -1.246010 2.195522 0.724997
v -1.246010 2.195522 0.724997
v -1.246010 2.195522 2.034997
v -1.246010 2.225522 2.034997
v -1.246010 2.225522 0.724997
v -1.246010 2.225522 0.724997
v -1.246010 2.225522 2.034997
v -1.246010 2.255522 2.034997
v -1.246010 2.255522 0.724997
v -1.246010 2.255522 0.724997
v -1.246010 2.255522 2.034997
v -1.246010 2.285522 2.034997
v -1.246010 2.285522 0.724997
v -1.246010 2.285522 0.724997
v -1.246010 2.285522 2.034997
v -1.246010 2.315522 2.034997
v -1.246010 2.315522 0.724997
v -1.246010 2.315522 0.724997
v -1.246010 2.315522 2.034997
v -1.246010 2.345522 2.034997
v -1.246010 2.345522 0.724997
v -1.246010 2.345522 0.724997
v -1.246010 2.345522 2.034997
v -1.246010 2.400522 2.034997
v -1.246010 2.400522 0.724997
f 3 2 1
f 4 3 1
f 7 6 5
f 8 7 5
f 11 10 9
f 12 11 9
f 15 14 13
f 16 15 13
f 19 18 17
f 20 19 17
f 23 22 21
f 24 23 21
f 27 26 25
f 28 27 25
f 31 30 29
f 32 31 29
f 35 34 33
f 36 35 33
f 39 38 37
f 40 39 37
f 43 42 41
f 44 43 41
f 47 46 45
f 48 47 45
f 51 50 49
f 52 51 49
f 55 54 53
f 56 55 53
f 59 58 57
f 60 59 57
f 63 62 61
f 64 63 61
f 67 66 65
f 68 67 65
f 71 70 69
f 72 71 69
f 75 74 73
f 76 75 73
f 79 78 77
f 80 79 77
f 83 82 81
f 84 83 81
f 87 86 85
f 88 87 85
f 91 90 89
f 92 91 89
f 95 94 93
f 96 95 93
f 99 98 97
f 100 99 97
f 103 102 101
f 104 103 101
