# GENERATED by tools/gen_vehicle_glass.py -- pane 'rear'. Do not hand-edit.
# One file per pane so each breaks independently (Vehicle.GlassPaneLabels).
g rear
v -1.035010 1.575522 2.204997
v 1.024990 1.575522 2.204997
v 1.024990 1.630522 2.204997
v -1.035010 1.630522 2.204997
v -1.035010 1.630522 2.204997
v 1.024990 1.630522 2.204997
v 1.024990 1.660522 2.204997
v -1.035010 1.660522 2.204997
v -1.035010 1.660522 2.204997
v 1.024990 1.660522 2.204997
v 1.024990 1.690522 2.204997
v -1.035010 1.690522 2.204997
v -1.035010 1.690522 2.204997
v 1.024990 1.690522 2.204997
v 1.024990 1.720522 2.204997
v -1.035010 1.720522 2.204997
v -1.035010 1.720522 2.204997
v 1.024990 1.720522 2.204997
v 1.024990 1.750522 2.204997
v -1.035010 1.750522 2.204997
v -1.035010 1.750522 2.204997
v 1.024990 1.750522 2.204997
v 1.024990 1.780522 2.204997
v -1.035010 1.780522 2.204997
v -1.035010 1.780522 2.204997
v 1.024990 1.780522 2.204997
v 1.024990 1.810522 2.204997
v -1.035010 1.810522 2.204997
v -1.035010 1.810522 2.204997
v 1.024990 1.810522 2.204997
v 1.024990 1.840522 2.204997
v -1.035010 1.840522 2.204997
v -1.035010 1.840522 2.204997
v 1.024990 1.840522 2.204997
v 1.024990 1.870522 2.204997
v -1.035010 1.870522 2.204997
v -1.035010 1.870522 2.204997
v 1.024990 1.870522 2.204997
v 1.024990 1.900522 2.204997
v -1.035010 1.900522 2.204997
v -1.035010 1.900522 2.204997
v 1.024990 1.900522 2.204997
v 1.024990 1.930522 2.204997
v -1.035010 1.930522 2.204997
v -1.035010 1.930522 2.204997
v 1.024990 1.930522 2.204997
v 1.024990 1.960522 2.204997
v -1.035010 1.960522 2.204997
v -1.035010 1.960522 2.204997
v 1.024990 1.960522 2.204997
v 1.024990 1.990522 2.204997
v -1.035010 1.990522 2.204997
v -1.035010 1.990522 2.204997
v 1.024990 1.990522 2.204997
v 1.024990 2.020522 2.204997
v -1.035010 2.020522 2.204997
v -1.035010 2.020522 2.204997
v 1.024990 2.020522 2.204997
v 1.024990 2.050522 2.204997
v -1.035010 2.050522 2.204997
v -1.035010 2.050522 2.204997
v 1.024990 2.050522 2.204997
v 1.024990 2.080522 2.204997
v -1.035010 2.080522 2.204997
v -1.035010 2.080522 2.204997
v 1.024990 2.080522 2.204997
v 1.024990 2.110522 2.204997
v -1.035010 2.110522 2.204997
v -1.035010 2.110522 2.204997
v 1.024990 2.110522 2.204997
v 1.024990 2.140522 2.204997
v -1.035010 2.140522 2.204997
v -1.035010 2.140522 2.204997
v 1.024990 2.140522 2.204997
v 1.024990 2.170522 2.204997
v -1.035010 2.170522 2.204997
v -1.035010 2.170522 2.204997
v 1.024990 2.170522 2.204997
v 1.024990 2.200522 2.204997
v -1.035010 2.200522 2.204997
v -1.035010 2.200522 2.204997
v 1.024990 2.200522 2.204997
v 1.024990 2.230522 2.204997
v -1.035010 2.230522 2.204997
v -1.035010 2.230522 2.204997
v 1.024990 2.230522 2.204997
v 1.024990 2.260522 2.204997
v -1.035010 2.260522 2.204997
v -1.035010 2.260522 2.204997
v 1.024990 2.260522 2.204997
v 1.024990 2.290522 2.204997
v -1.035010 2.290522 2.204997
v -1.035010 2.290522 2.204997
v 1.024990 2.290522 2.204997
v 1.024990 2.320522 2.204997
v -1.035010 2.320522 2.204997
v -1.035010 2.320522 2.204997
v 1.024990 2.320522 2.204997
v 1.024990 2.350522 2.204997
v -1.035010 2.350522 2.204997
v -1.035010 2.350522 2.204997
v 1.024990 2.350522 2.204997
v 1.024990 2.405522 2.204997
v -1.035010 2.405522 2.204997
f 1 2 3
f 1 3 4
f 5 6 7
f 5 7 8
f 9 10 11
f 9 11 12
f 13 14 15
f 13 15 16
f 17 18 19
f 17 19 20
f 21 22 23
f 21 23 24
f 25 26 27
f 25 27 28
f 29 30 31
f 29 31 32
f 33 34 35
f 33 35 36
f 37 38 39
f 37 39 40
f 41 42 43
f 41 43 44
f 45 46 47
f 45 47 48
f 49 50 51
f 49 51 52
f 53 54 55
f 53 55 56
f 57 58 59
f 57 59 60
f 61 62 63
f 61 63 64
f 65 66 67
f 65 67 68
f 69 70 71
f 69 71 72
f 73 74 75
f 73 75 76
f 77 78 79
f 77 79 80
f 81 82 83
f 81 83 84
f 85 86 87
f 85 87 88
f 89 90 91
f 89 91 92
f 93 94 95
f 93 95 96
f 97 98 99
f 97 99 100
f 101 102 103
f 101 103 104
