# GENERATED by tools/gen_vehicle_glass.py -- pane 'windshield'. Do not hand-edit.
# One file per pane so each breaks independently (Vehicle.GlassPaneLabels).
g windshield
v 1.015968 1.894238 -0.867925
v -1.014032 1.894238 -0.867925
v -1.014032 1.843796 -0.889848
v 1.015968 1.843796 -0.889848
v 1.015968 1.843796 -0.889848
v -1.014032 1.843796 -0.889848
v -1.014032 1.816282 -0.901806
v 1.015968 1.816282 -0.901806
v 1.015968 1.816282 -0.901806
v -1.014032 1.816282 -0.901806
v -1.014032 1.788768 -0.913764
v 1.015968 1.788768 -0.913764
v 1.015968 1.788768 -0.913764
v -1.014032 1.788768 -0.913764
v -1.014032 1.761255 -0.925722
v 1.015968 1.761255 -0.925722
v 1.015968 1.761255 -0.925722
v -1.014032 1.761255 -0.925722
v -1.014032 1.733741 -0.937680
v 1.015968 1.733741 -0.937680
v 1.015968 1.733741 -0.937680
v -1.014032 1.733741 -0.937680
v -1.014032 1.706227 -0.949638
v 1.015968 1.706227 -0.949638
v 1.015968 1.706227 -0.949638
v -1.014032 1.706227 -0.949638
v -1.014032 1.678713 -0.961596
v 1.015968 1.678713 -0.961596
v 1.015968 1.678713 -0.961596
v -1.014032 1.678713 -0.961596
v -1.014032 1.651200 -0.973554
v 1.015968 1.651200 -0.973554
v 1.015968 1.651200 -0.973554
v -1.014032 1.651200 -0.973554
v -1.014032 1.623686 -0.985512
v 1.015968 1.623686 -0.985512
v 1.015968 1.623686 -0.985512
v -1.014032 1.623686 -0.985512
v -1.014032 1.596172 -0.997470
v 1.015968 1.596172 -0.997470
v 1.015968 1.596172 -0.997470
v -1.014032 1.596172 -0.997470
v -1.014032 1.568658 -1.009428
v 1.015968 1.568658 -1.009428
v 1.015968 1.568658 -1.009428
v -1.014032 1.568658 -1.009428
v -1.014032 1.541145 -1.021386
v 1.015968 1.541145 -1.021386
v 1.015968 1.541145 -1.021386
v -1.014032 1.541145 -1.021386
v -1.014032 1.513631 -1.033344
v 1.015968 1.513631 -1.033344
v 1.015968 1.513631 -1.033344
v -1.014032 1.513631 -1.033344
v -1.014032 1.486117 -1.045302
v 1.015968 1.486117 -1.045302
v 1.015968 1.486117 -1.045302
v -1.014032 1.486117 -1.045302
v -1.014032 1.458603 -1.057260
v 1.015968 1.458603 -1.057260
v 1.015968 1.458603 -1.057260
v -1.014032 1.458603 -1.057260
v -1.014032 1.431090 -1.069218
v 1.015968 1.431090 -1.069218
v 1.015968 1.431090 -1.069218
v -1.014032 1.431090 -1.069218
v -1.014032 1.403576 -1.081177
v 1.015968 1.403576 -1.081177
v 1.015968 1.403576 -1.081177
v -1.014032 1.403576 -1.081177
v -1.014032 1.376062 -1.093135
v 1.015968 1.376062 -1.093135
v 1.015968 1.376062 -1.093135
v -1.014032 1.376062 -1.093135
v -1.014032 1.348549 -1.105093
v 1.015968 1.348549 -1.105093
v 1.015968 1.348549 -1.105093
v -1.014032 1.348549 -1.105093
v -1.014032 1.321035 -1.117051
v 1.015968 1.321035 -1.117051
v 1.015968 1.321035 -1.117051
v -1.014032 1.321035 -1.117051
v -1.014032 1.293521 -1.129009
v 1.015968 1.293521 -1.129009
v 1.015968 1.293521 -1.129009
v -1.014032 1.293521 -1.129009
v -1.014032 1.266007 -1.140967
v 1.015968 1.266007 -1.140967
v 1.015968 1.266007 -1.140967
v -1.014032 1.266007 -1.140967
v -1.014032 1.238494 -1.152925
v 1.015968 1.238494 -1.152925
v 1.015968 1.238494 -1.152925
v -1.014032 1.238494 -1.152925
v -1.014032 1.210980 -1.164883
v 1.015968 1.210980 -1.164883
v 1.015968 1.210980 -1.164883
v -1.014032 1.210980 -1.164883
v -1.014032 1.183466 -1.176841
v 1.015968 1.183466 -1.176841
v 1.015968 1.183466 -1.176841
v -1.014032 1.183466 -1.176841
v -1.014032 1.155952 -1.188799
v 1.015968 1.155952 -1.188799
v 1.015968 1.155952 -1.188799
v -1.014032 1.155952 -1.188799
v -1.014032 1.128439 -1.200757
v 1.015968 1.128439 -1.200757
v 1.015968 1.128439 -1.200757
v -1.014032 1.128439 -1.200757
v -1.014032 1.100925 -1.212715
v 1.015968 1.100925 -1.212715
v 1.015968 1.100925 -1.212715
v -1.014032 1.100925 -1.212715
v -1.014032 1.073411 -1.224673
v 1.015968 1.073411 -1.224673
v 1.015968 1.073411 -1.224673
v -1.014032 1.073411 -1.224673
v -1.014032 1.022969 -1.246596
v 1.015968 1.022969 -1.246596
f 3 2 1
f 4 3 1
f 7 6 5
f 8 7 5
f 11 10 9
f 12 11 9
f 15 14 13
f 16 15 13
f 19 18 17
f 20 19 17
f 23 22 21
f 24 23 21
f 27 26 25
f 28 27 25
f 31 30 29
f 32 31 29
f 35 34 33
f 36 35 33
f 39 38 37
f 40 39 37
f 43 42 41
f 44 43 41
f 47 46 45
f 48 47 45
f 51 50 49
f 52 51 49
f 55 54 53
f 56 55 53
f 59 58 57
f 60 59 57
f 63 62 61
f 64 63 61
f 67 66 65
f 68 67 65
f 71 70 69
f 72 71 69
f 75 74 73
f 76 75 73
f 79 78 77
f 80 79 77
f 83 82 81
f 84 83 81
f 87 86 85
f 88 87 85
f 91 90 89
f 92 91 89
f 95 94 93
f 96 95 93
f 99 98 97
f 100 99 97
f 103 102 101
f 104 103 101
f 107 106 105
f 108 107 105
f 111 110 109
f 112 111 109
f 115 114 113
f 116 115 113
f 119 118 117
f 120 119 117
