g Model_0
v 1.230967 -0.125000 2.120541
v 1.230968 -0.124999 2.370541
v 1.230968 0.125001 2.370542
v 1.230967 0.125000 2.120542
v 1.230960 -0.125000 0.372843
v 1.230967 1.125001 2.120542
v 1.230968 1.125001 2.370542
v 1.230960 1.125000 0.372844
v 1.230959 0.125000 0.372845
v 1.230959 -0.125000 0.122843
v 1.230958 1.125000 0.122844
v 1.230958 0.125000 0.122845
v 1.230953 -0.125001 -1.168011
v 1.230954 1.125000 -1.079750
v 1.230953 0.124999 -1.168010
v 1.230952 -0.125001 -1.418011
v 1.230952 0.124999 -1.418010
v 1.230948 -0.125001 -2.370551
v 1.230948 0.124999 -2.398208
v 1.230949 0.956308 -2.370550
v 1.230952 0.999999 -1.418011
v 1.230954 1.875000 -0.918011
v 1.230956 1.875000 -0.668011
v 1.230955 2.125000 -0.755778
v 1.230956 2.125000 -0.505778
v 1.230959 2.125000 0.122844
v 1.230959 1.875000 0.122844
v -0.980948 -0.124999 2.370550
v -1.230948 -0.124999 2.370551
v -1.230948 0.125001 2.370550
v -0.980948 0.125001 2.370549
v 0.980968 -0.124999 2.370542
v -0.980948 1.125001 2.370549
v -1.230948 1.125001 2.370550
v 0.980968 1.125001 2.370543
v 0.980968 0.125001 2.370543
v 1.230968 -0.124999 2.370541
v 1.230968 1.125001 2.370542
v 1.230968 0.125001 2.370542
v -1.230964 -0.125000 -1.418002
v -1.230968 -0.125001 -2.370542
v -1.230968 0.124999 -2.398199
v -1.230964 0.125000 -1.418001
v -1.230963 -0.125000 -1.168002
v -1.230964 1.000000 -1.418001
v -1.230968 0.956309 -2.370541
v -1.230963 0.125000 -1.168001
v -1.230958 -0.125000 0.122854
v -1.230963 1.125000 -1.079741
v -1.230961 1.875000 -0.668001
v -1.230958 1.125000 0.122853
v -1.230962 1.875000 -0.918001
v -1.230958 0.125000 0.122853
v -1.230956 -0.125000 0.372854
v -1.230956 1.125000 0.372853
v -1.230960 2.125000 -0.505768
v -1.230961 2.125000 -0.755768
v -1.230957 1.875000 0.122853
v -1.230957 2.125000 0.122853
v -1.230957 0.125000 0.372854
v -1.230949 -0.124999 2.120551
v -1.230949 1.125001 2.120550
v -1.230949 0.125001 2.120550
v -1.230948 -0.124999 2.370551
v -1.230948 1.125001 2.370550
v -1.230948 0.125001 2.370550
v -0.980968 -0.125001 -2.370543
v -1.230968 -0.125001 -2.370542
v -1.230964 -0.125000 -1.418002
v -0.980964 -0.125000 -1.418003
v 0.980948 -0.125001 -2.370550
v -1.230963 -0.125000 -1.168002
v 0.980952 -0.125001 -1.418010
v 1.230948 -0.125001 -2.370551
v 1.230952 -0.125001 -1.418011
v -0.980963 -0.125000 -1.168003
v -1.230958 -0.125000 0.122854
v 0.980953 -0.125000 -1.168010
v 1.230953 -0.125001 -1.168011
v -0.980958 -0.125000 0.122852
v -1.230956 -0.125000 0.372854
v 0.980959 -0.125000 0.122845
v 1.230959 -0.125000 0.122843
v -0.980956 -0.125000 0.372852
v -1.230949 -0.124999 2.120551
v 0.980960 -0.125000 0.372845
v 1.230960 -0.125000 0.372843
v -0.980949 -0.124999 2.120550
v -1.230948 -0.124999 2.370551
v -0.980948 -0.124999 2.370550
v 0.980967 -0.124999 2.120542
v 1.230967 -0.125000 2.120541
v 0.980968 -0.124999 2.370542
v 1.230968 -0.124999 2.370541
v 0.980954 0.125000 -1.068009
v 0.980958 1.125000 0.122846
v 0.980958 0.125000 0.122846
v 0.980954 1.125000 -1.079749
v 0.980952 0.124999 -1.318009
v 0.980952 1.124999 -1.418009
v 1.230948 0.124999 -2.398208
v 1.230949 0.956308 -2.370550
v 0.980949 1.081309 -2.370549
v 0.980948 0.124999 -2.398207
v -0.980968 1.081309 -2.370542
v 0.980948 -0.125001 -2.370550
v 1.230948 -0.125001 -2.370551
v -0.980968 -0.125001 -2.370543
v -0.980968 0.124999 -2.398200
v -1.230968 0.956309 -2.370541
v -1.230968 -0.125001 -2.370542
v -1.230968 0.124999 -2.398199
v -0.980950 0.125001 2.020549
v -0.980949 1.125001 2.120549
v -0.980956 1.125000 0.372852
v -0.980957 0.125000 0.372852
v 0.980966 0.125000 2.020543
v 0.980967 1.125001 2.120543
v -0.980949 1.125001 2.120549
v -0.980950 0.125001 2.020549
v 0.980959 0.125000 0.372846
v 0.980966 0.125000 2.020543
v -0.980950 0.125001 2.020549
v -0.980957 0.125000 0.372852
v 0.980954 0.125000 -1.068009
v 0.980958 0.125000 0.122846
v -0.980958 0.125000 0.122852
v -0.980963 0.125000 -1.068002
v 0.980952 0.124999 -1.318009
v -0.980964 0.125000 -1.318002
v -0.980958 0.125000 0.122852
v 0.980958 0.125000 0.122846
v 0.980958 1.125000 0.122846
v -0.980958 1.125000 0.122852
v -1.230958 1.125000 0.122853
v -1.230956 1.875000 0.372853
v -1.230956 1.125000 0.372853
v -1.230957 1.875000 0.122853
v -1.230956 2.125000 0.372853
v -1.230957 2.125000 0.122853
v -0.980968 1.081309 -2.370542
v -1.230964 1.000000 -1.418001
v -1.230968 0.956309 -2.370541
v -0.980964 1.125000 -1.418002
v 0.980949 1.081309 -2.370549
v 0.980952 1.124999 -1.418009
v 1.230949 0.956308 -2.370550
v 1.230952 0.999999 -1.418011
v 0.980967 1.125001 2.120543
v 0.980968 1.125001 2.370543
v -0.980948 1.125001 2.370549
v -0.980949 1.125001 2.120549
v -0.980956 1.125000 0.372852
v -0.980949 1.125001 2.120549
v -1.230949 1.125001 2.120550
v -1.230956 1.125000 0.372853
v 1.230960 1.125000 0.372844
v 1.230967 1.125001 2.120542
v 0.980967 1.125001 2.120543
v 0.980960 1.125000 0.372846
v -0.980963 1.125000 -1.079742
v -0.980958 1.125000 0.122852
v -1.230958 1.125000 0.122853
v -1.230963 1.125000 -1.079741
v 1.230954 1.125000 -1.079750
v 1.230958 1.125000 0.122844
v 0.980958 1.125000 0.122846
v 0.980954 1.125000 -1.079749
v -0.980963 0.125000 -1.068002
v -0.980964 1.125000 -1.418002
v -0.980964 0.125000 -1.318002
v -0.980963 1.125000 -1.079742
v -0.980958 0.125000 0.122852
v -0.980958 1.125000 0.122852
v 0.980959 0.125000 0.372846
v 0.980960 1.125000 0.372846
v 0.980967 1.125001 2.120543
v 0.980966 0.125000 2.020543
v -0.980964 0.125000 -1.318002
v -0.980964 1.125000 -1.418002
v 0.980952 1.124999 -1.418009
v 0.980952 0.124999 -1.318009
v 0.980960 1.125000 0.372846
v 0.980960 1.875000 0.372845
v 1.230960 1.875000 0.372844
v 1.230960 1.125000 0.372844
v 0.980954 1.125000 -1.079749
v 0.980956 1.875000 -0.668010
v 1.230956 1.875000 -0.668011
v 1.230954 1.125000 -1.079750
v 1.230954 1.875000 -0.918011
v 1.230955 2.125000 -0.755778
v 0.980955 2.125000 -0.755776
v 0.980954 1.875000 -0.918010
v 1.230952 0.999999 -1.418011
v 0.980952 1.124999 -1.418009
v -0.980961 2.125000 -0.755770
v -0.980962 1.875000 -0.918003
v -1.230961 2.125000 -0.755768
v -1.230962 1.875000 -0.918001
v -0.980964 1.125000 -1.418002
v -1.230964 1.000000 -1.418001
v 1.230960 1.875000 0.372844
v 1.230960 2.125000 0.372842
v 1.230959 2.125000 0.122844
v 1.230959 1.875000 0.122844
v 1.230960 1.125000 0.372844
v 1.230958 1.125000 0.122844
v 0.980952 1.124999 -1.418009
v 0.980954 1.875000 -0.918010
v 0.980956 1.875000 -0.668010
v 0.980954 1.125000 -1.079749
v 1.230958 1.125000 0.122844
v 1.230959 1.875000 0.122844
v 0.980959 1.875000 0.122845
v 0.980958 1.125000 0.122846
v -1.230963 1.125000 -1.079741
v -1.230961 1.875000 -0.668001
v -0.980961 1.875000 -0.668003
v -0.980963 1.125000 -1.079742
v -1.230956 1.125000 0.372853
v -1.230956 1.875000 0.372853
v -0.980956 1.875000 0.372852
v -0.980956 1.125000 0.372852
v 0.980960 1.125000 0.372846
v 0.980958 1.125000 0.122846
v 0.980959 1.875000 0.122845
v 0.980960 1.875000 0.372845
v -0.980963 1.125000 -1.079742
v -0.980961 1.875000 -0.668003
v -0.980962 1.875000 -0.918003
v -0.980964 1.125000 -1.418002
v -0.980958 1.125000 0.122852
v -0.980957 1.875000 0.122852
v -1.230957 1.875000 0.122853
v -1.230958 1.125000 0.122853
v -0.980957 2.125000 0.122852
v -1.230956 2.125000 0.372853
v -1.230957 2.125000 0.122853
v -0.980956 2.125000 0.372852
v 0.980960 2.125000 0.372843
v 0.980959 2.125000 0.122845
v 1.230959 2.125000 0.122844
v 1.230960 2.125000 0.372842
v 0.980960 2.125000 0.372843
v 0.980959 2.125000 0.122845
v -0.980961 2.125000 -0.755770
v -1.230960 2.125000 -0.505768
v -1.230961 2.125000 -0.755768
v -0.980960 2.125000 -0.505769
v -0.980957 2.125000 0.122852
v -1.230957 2.125000 0.122853
v 0.980956 2.125000 -0.505776
v 0.980955 2.125000 -0.755776
v 1.230955 2.125000 -0.755778
v 1.230956 2.125000 -0.505778
v 1.230959 2.125000 0.122844
v 0.980959 2.125000 0.122845
v 1.230959 1.875000 0.122844
v 1.230956 1.875000 -0.668011
v 0.980956 1.875000 -0.668010
v 0.980959 1.875000 0.122845
v -0.980962 1.875000 -0.918003
v -0.980961 1.875000 -0.668003
v 0.980956 1.875000 -0.668010
v 0.980954 1.875000 -0.918010
v -0.980957 1.875000 0.122852
v -0.980961 1.875000 -0.668003
v -1.230961 1.875000 -0.668001
v -1.230957 1.875000 0.122853
v 0.980960 1.125000 0.372846
v 0.980959 0.125000 0.372846
v -0.980957 0.125000 0.372852
v -0.980956 1.125000 0.372852
v -0.980956 1.875000 0.372852
v -0.980956 2.125000 0.372852
v 0.980960 2.125000 0.372843
v 0.980960 1.875000 0.372845
v 1.230968 1.125001 2.370542
v 0.980968 1.125001 2.370543
v 0.980967 1.125001 2.120543
v 1.230967 1.125001 2.120542
v -0.980948 1.125001 2.370549
v -1.230948 1.125001 2.370550
v -1.230949 1.125001 2.120550
v -0.980949 1.125001 2.120549
v -0.980956 1.875000 0.372852
v -1.230956 1.875000 0.372853
v -1.230956 2.125000 0.372853
v -0.980956 2.125000 0.372852
v 1.230960 1.875000 0.372844
v 0.980960 1.875000 0.372845
v 0.980960 2.125000 0.372843
v 1.230960 2.125000 0.372842
v 0.980959 1.875000 0.122845
v 0.980956 1.875000 -0.668010
v -0.980961 1.875000 -0.668003
v -0.980957 1.875000 0.122852
v -0.980956 1.875000 0.372852
v 0.980960 1.875000 0.372845
v -0.980960 2.125000 -0.505769
v 0.980956 2.125000 -0.505776
v 0.980959 2.125000 0.122845
v -0.980957 2.125000 0.122852
v 0.980960 1.125000 0.372846
v -0.980956 1.125000 0.372852
v -0.980958 1.125000 0.122852
v 0.980958 1.125000 0.122846
v -0.980956 1.875000 0.372852
v -0.980957 1.875000 0.122852
v -0.980958 1.125000 0.122852
v -0.980956 1.125000 0.372852
v 0.694982 -0.076025 2.593243
v 0.694982 -0.273431 2.593243
v 0.694974 -0.106347 0.593243
v 0.694974 0.091060 0.593243
v 0.892380 0.091060 0.593242
v 0.892380 -0.106347 0.593242
v 0.892389 -0.273432 2.593242
v 0.892389 -0.076025 2.593242
v 0.892389 -0.076025 2.593242
v 0.892389 -0.273432 2.593242
v 0.694982 -0.273431 2.593243
v 0.694982 -0.076025 2.593243
v 0.694982 -0.273431 2.593243
v 0.892389 -0.273432 2.593242
v 0.892380 -0.106347 0.593242
v 0.694974 -0.106347 0.593243
v 0.892389 -0.076025 2.593242
v 0.694982 -0.076025 2.593243
v 0.694974 0.091060 0.593243
v 0.892380 0.091060 0.593242
v -1.260811 0.100803 -2.102122
v -1.260811 -0.158647 -2.102122
v -1.260812 -0.158647 -2.450180
v -1.260812 0.100803 -2.450180
v 0.531249 0.100803 -2.517115
v 1.261050 -0.158647 -2.450191
v 1.261050 0.100803 -2.450191
v 0.531249 -0.158647 -2.517115
v -0.516266 0.100803 -2.517110
v -0.516267 -0.158647 -2.517110
v -1.260812 0.100803 -2.450180
v -1.260812 -0.158647 -2.450180
v 1.261050 0.100803 -2.450191
v 1.261050 -0.158647 -2.450191
v 1.261051 -0.158647 -2.102133
v 1.261051 0.100803 -2.102133
v -0.516265 0.100803 -2.169053
v -1.260811 -0.158647 -2.102122
v -1.260811 0.100803 -2.102122
v -0.516265 -0.158647 -2.169053
v 0.531251 0.100803 -2.169057
v 0.531251 -0.158647 -2.169057
v 1.261051 0.100803 -2.102133
v 1.261051 -0.158647 -2.102133
v 0.531251 -0.158647 -2.169057
v 1.261051 -0.158647 -2.102133
v 1.261050 -0.158647 -2.450191
v 0.531249 -0.158647 -2.517115
v -0.516265 -0.158647 -2.169053
v -0.516267 -0.158647 -2.517110
v -1.260811 -0.158647 -2.102122
v -1.260812 -0.158647 -2.450180
v -0.516265 0.100803 -2.169053
v -1.260811 0.100803 -2.102122
v -1.260812 0.100803 -2.450180
v -0.516266 0.100803 -2.517110
v 0.531251 0.100803 -2.169057
v 0.531249 0.100803 -2.517115
v 1.261051 0.100803 -2.102133
v 1.261050 0.100803 -2.450191
v -0.716384 1.008923 -2.274179
v -0.716384 0.198824 -2.274179
v -0.716385 0.198824 -2.445077
v -0.716385 1.008923 -2.445077
v 0.716364 1.008923 -2.445083
v 0.716363 0.198824 -2.445083
v 0.716364 0.198824 -2.274185
v 0.716364 1.008923 -2.274186
v 0.358177 0.198824 -2.274184
v 0.716364 0.198824 -2.274185
v 0.716363 0.198824 -2.445083
v 0.358176 0.198824 -2.445081
v -0.000010 0.198824 -2.274182
v -0.000011 0.198824 -2.445080
v -0.358197 0.198824 -2.274181
v -0.358198 0.198824 -2.445078
v -0.716384 0.198824 -2.274179
v -0.716385 0.198824 -2.445077
v -0.358197 1.008923 -2.274181
v -0.716384 1.008923 -2.274179
v -0.716385 1.008923 -2.445077
v -0.358198 1.008923 -2.445078
v -0.000010 1.008923 -2.274182
v -0.000011 1.008923 -2.445080
v 0.358177 1.008923 -2.274184
v 0.358177 1.008923 -2.445081
v 0.716364 1.008923 -2.274186
v 0.716364 1.008923 -2.445083
v -0.626838 0.289730 -2.445077
v -0.626837 0.289730 -2.274180
v -0.626837 0.918017 -2.274180
v -0.626838 0.918017 -2.445077
v 0.626817 0.289730 -2.445082
v 0.626817 0.289730 -2.274185
v 0.447724 0.289730 -2.274184
v 0.447723 0.289730 -2.445082
v -0.626838 0.918017 -2.445077
v -0.626837 0.918017 -2.274180
v -0.447744 0.918017 -2.274180
v -0.447744 0.918017 -2.445078
v -0.089557 0.289730 -2.445079
v -0.089557 0.289730 -2.274182
v -0.268650 0.289730 -2.274181
v -0.268651 0.289730 -2.445079
v 0.447723 0.918017 -2.445082
v 0.447724 0.918017 -2.274184
v 0.626818 0.918017 -2.274185
v 0.626817 0.918017 -2.445083
v 0.268630 0.918017 -2.445081
v 0.268630 0.918017 -2.274184
v 0.268630 0.289730 -2.274183
v 0.268630 0.289730 -2.445081
v 0.268630 0.289730 -2.445081
v 0.268630 0.289730 -2.274183
v 0.089537 0.289730 -2.274183
v 0.089536 0.289730 -2.445080
v -0.268651 0.289730 -2.445079
v -0.268650 0.289730 -2.274181
v -0.268650 0.918017 -2.274181
v -0.268651 0.918017 -2.445079
v -0.268651 0.918017 -2.445079
v -0.268650 0.918017 -2.274181
v -0.089557 0.918017 -2.274182
v -0.089557 0.918017 -2.445079
v -0.447744 0.918017 -2.445078
v -0.447744 0.918017 -2.274180
v -0.447744 0.289730 -2.274180
v -0.447744 0.289730 -2.445078
v 0.447723 0.289730 -2.445082
v 0.447724 0.289730 -2.274184
v 0.447724 0.918017 -2.274184
v 0.447723 0.918017 -2.445082
v -0.447744 0.289730 -2.445078
v -0.447744 0.289730 -2.274180
v -0.626837 0.289730 -2.274180
v -0.626838 0.289730 -2.445077
v 0.626817 0.918017 -2.445083
v 0.626818 0.918017 -2.274185
v 0.626817 0.289730 -2.274185
v 0.626817 0.289730 -2.445082
v 0.089536 0.289730 -2.445080
v 0.089537 0.289730 -2.274183
v 0.089537 0.918017 -2.274183
v 0.089536 0.918017 -2.445080
v 0.089536 0.918017 -2.445080
v 0.089537 0.918017 -2.274183
v 0.268630 0.918017 -2.274184
v 0.268630 0.918017 -2.445081
v -0.089557 0.918017 -2.445079
v -0.089557 0.918017 -2.274182
v -0.089557 0.289730 -2.274182
v -0.089557 0.289730 -2.445079
v 1.260814 0.100804 2.102120
v 1.260814 -0.158646 2.102121
v 1.260816 -0.158646 2.450178
v 1.260816 0.100804 2.450178
v -0.531246 0.100804 2.517116
v -1.261046 -0.158646 2.450193
v -1.261046 0.100804 2.450193
v -0.531246 -0.158646 2.517116
v 0.516270 0.100804 2.517110
v 0.516270 -0.158646 2.517110
v 1.260816 0.100804 2.450178
v 1.260816 -0.158646 2.450178
v -1.261046 0.100804 2.450193
v -1.261046 -0.158646 2.450193
v -1.261048 -0.158646 2.102135
v -1.261048 0.100804 2.102135
v 0.516268 0.100804 2.169052
v 1.260814 -0.158646 2.102121
v 1.260814 0.100804 2.102120
v 0.516268 -0.158646 2.169052
v -0.531248 0.100804 2.169058
v -0.531248 -0.158646 2.169058
v -1.261048 0.100804 2.102135
v -1.261048 -0.158646 2.102135
v -0.531248 -0.158646 2.169058
v -1.261048 -0.158646 2.102135
v -1.261046 -0.158646 2.450193
v -0.531246 -0.158646 2.517116
v 0.516268 -0.158646 2.169052
v 0.516270 -0.158646 2.517110
v 1.260814 -0.158646 2.102121
v 1.260816 -0.158646 2.450178
v 0.516268 0.100804 2.169052
v 1.260814 0.100804 2.102120
v 1.260816 0.100804 2.450178
v 0.516270 0.100804 2.517110
v -0.531248 0.100804 2.169058
v -0.531246 0.100804 2.517116
v -1.261048 0.100804 2.102135
v -1.261046 0.100804 2.450193
v -0.358198 0.198824 -2.445078
v -0.626838 0.289730 -2.445077
v -0.716385 0.198824 -2.445077
v -0.626838 0.918017 -2.445077
v -0.716385 1.008923 -2.445077
v -0.447744 0.918017 -2.445078
v -0.358198 1.008923 -2.445078
v -0.447744 0.289730 -2.445078
v -0.268651 0.918017 -2.445079
v -0.268651 0.289730 -2.445079
v -0.089557 0.918017 -2.445079
v -0.000011 0.198824 -2.445080
v -0.000011 1.008923 -2.445080
v -0.089557 0.289730 -2.445079
v 0.089536 0.918017 -2.445080
v 0.089536 0.289730 -2.445080
v 0.268630 0.918017 -2.445081
v 0.358176 0.198824 -2.445081
v 0.358177 1.008923 -2.445081
v 0.268630 0.289730 -2.445081
v 0.447723 0.918017 -2.445082
v 0.447723 0.289730 -2.445082
v 0.626817 0.918017 -2.445083
v 0.716363 0.198824 -2.445083
v 0.716364 1.008923 -2.445083
v 0.626817 0.289730 -2.445082
vt 0.13062951 0.765349805
vt 0.13062951 0.7676723
vt 0.133083597 0.7676723
vt 0.133083597 0.765349865
vt 0.13062951 0.753357828
vt 0.14289996 0.765349865
vt 0.14289996 0.7676723
vt 0.14289996 0.753357828
vt 0.133083597 0.753357828
vt 0.13062951 0.751035333
vt 0.14289996 0.751035333
vt 0.133083597 0.751035333
vt 0.13062951 0.739043355
vt 0.14289996 0.739863276
vt 0.133083597 0.739043355
vt 0.13062951 0.7367208
vt 0.133083597 0.73672086
vt 0.13062951 0.723627746
vt 0.133083597 0.72337079
vt 0.141244024 0.723627746
vt 0.141672909 0.73672086
vt 0.150262237 0.74136585
vt 0.150262237 0.743688345
vt 0.152716324 0.742872953
vt 0.152716324 0.745195448
vt 0.152716324 0.750674129
vt 0.150262237 0.751035333
vt 0.152630776 0.769994855
vt 0.152630776 0.7676723
vt 0.150179252 0.76767236
vt 0.150179252 0.769994855
vt 0.152630746 0.788220942
vt 0.14037317 0.769995093
vt 0.14037317 0.767672658
vt 0.14037317 0.78822124
vt 0.150179252 0.788221002
vt 0.152630746 0.790543437
vt 0.14037317 0.790543735
vt 0.150179252 0.790543497
vt 0.108542681 0.75432229
vt 0.108542681 0.767415345
vt 0.110996783 0.7676723
vt 0.110996783 0.75432229
vt 0.108542681 0.751999795
vt 0.119586095 0.75432229
vt 0.119157217 0.767415345
vt 0.110996783 0.751999795
vt 0.108542681 0.740007758
vt 0.120813146 0.751179814
vt 0.128175423 0.747354746
vt 0.120813146 0.740007758
vt 0.128175423 0.7496773
vt 0.110996783 0.740007758
vt 0.108542681 0.737685263
vt 0.120813146 0.737685263
vt 0.13062951 0.745847642
vt 0.13062951 0.748170137
vt 0.128175423 0.740007758
vt 0.13062951 0.740007758
vt 0.110996783 0.737685263
vt 0.108542681 0.725693285
vt 0.120813146 0.725693285
vt 0.110996783 0.725693285
vt 0.108542681 0.72337079
vt 0.120813146 0.72337079
vt 0.110996783 0.72337079
vt 0.0868296921 0.72337079
vt 0.084375605 0.72337079
vt 0.084375605 0.736463904
vt 0.086829707 0.736463904
vt 0.106088586 0.72337079
vt 0.084375605 0.738786399
vt 0.106088586 0.736463904
vt 0.108542666 0.72337079
vt 0.108542666 0.736463904
vt 0.086829707 0.738786399
vt 0.084375605 0.750778437
vt 0.106088586 0.738786399
vt 0.108542681 0.738786399
vt 0.086829707 0.750778437
vt 0.084375605 0.753100872
vt 0.106088586 0.750778437
vt 0.108542681 0.750778437
vt 0.086829707 0.753100872
vt 0.084375605 0.765092909
vt 0.106088594 0.753100872
vt 0.108542681 0.753100872
vt 0.086829707 0.765092909
vt 0.0843756199 0.767415345
vt 0.086829707 0.767415345
vt 0.106088594 0.765092909
vt 0.108542681 0.765092909
vt 0.106088594 0.767415345
vt 0.108542681 0.767415345
vt 0.402916074 0.776049376
vt 0.412732422 0.764986336
vt 0.402916044 0.764986336
vt 0.412732422 0.776158392
vt 0.402916044 0.778371811
vt 0.412732422 0.779300809
vt 0.0992038175 0.813795805
vt 0.107326746 0.813796341
vt 0.108542666 0.811473906
vt 0.0992038175 0.81147331
vt 0.108542666 0.793247759
vt 0.0968084633 0.811472952
vt 0.0968084633 0.813795447
vt 0.0968084484 0.793246865
vt 0.0992038175 0.793247163
vt 0.107326746 0.790925145
vt 0.0968084633 0.79092437
vt 0.0992038175 0.790924728
vt 0.403001606 0.734070241
vt 0.412817985 0.734999299
vt 0.412817985 0.723007262
vt 0.403001606 0.723007262
vt 0.358827978 0.795668781
vt 0.368687242 0.79566896
vt 0.368687212 0.777442873
vt 0.358827978 0.777442634
vt 0.565092504 0.829736829
vt 0.565092504 0.818673849
vt 0.545833588 0.818673909
vt 0.545833588 0.829736829
vt 0.565092504 0.843122184
vt 0.565092504 0.832059264
vt 0.545833588 0.832059264
vt 0.545833588 0.843122244
vt 0.565092504 0.845444679
vt 0.545833588 0.845444679
vt 0.3146483 0.786278009
vt 0.421066225 0.78627789
vt 0.421066165 0.732036054
vt 0.314648241 0.732036173
vt 0.125319019 0.699134529
vt 0.132681295 0.696812034
vt 0.125319019 0.696812034
vt 0.132681295 0.699134529
vt 0.135135368 0.696812034
vt 0.135135368 0.699134529
vt 0.144465983 0.81109339
vt 0.13063398 0.813415885
vt 0.144470453 0.813415885
vt 0.13062951 0.81109339
vt 0.144465983 0.792867303
vt 0.13062951 0.792867303
vt 0.144470453 0.790544748
vt 0.13063398 0.790544748
vt 0.169809401 0.804124594
vt 0.172263488 0.804124594
vt 0.172263488 0.785898447
vt 0.169809401 0.785898447
vt 0.150198922 0.802536666
vt 0.150198907 0.790544748
vt 0.14774482 0.790544748
vt 0.14774482 0.802536666
vt 0.144470453 0.790544748
vt 0.144470453 0.802536666
vt 0.146924555 0.802536666
vt 0.146924555 0.790544748
vt 0.167355314 0.796301305
vt 0.167355314 0.807473302
vt 0.169809401 0.807473302
vt 0.169809401 0.796301305
vt 0.172349066 0.752769113
vt 0.172349066 0.741597116
vt 0.169894978 0.741597116
vt 0.169894949 0.752769113
vt 0.403001606 0.709621787
vt 0.412817985 0.706370294
vt 0.403001606 0.707299292
vt 0.412817985 0.709512711
vt 0.403001606 0.720684767
vt 0.412817985 0.720684767
vt 0.402916044 0.762663841
vt 0.412732422 0.762663841
vt 0.412732422 0.750671804
vt 0.402916044 0.751600862
vt 0.378448367 0.777442634
vt 0.368687242 0.777443469
vt 0.368687242 0.795669615
vt 0.378448367 0.795668781
vt 0.176769361 0.726799071
vt 0.176769361 0.733759284
vt 0.179223433 0.733759344
vt 0.179223433 0.72679913
vt 0.174717575 0.800169706
vt 0.174717575 0.793034434
vt 0.172263488 0.79303509
vt 0.172263488 0.800170422
vt 0.0870214105 0.790926456
vt 0.084375605 0.790927231
vt 0.084375605 0.793249667
vt 0.0870214105 0.793249011
vt 0.0961922556 0.79092437
vt 0.0949763283 0.793246746
vt 0.084375605 0.811475873
vt 0.0870214105 0.811475098
vt 0.084375605 0.813798308
vt 0.0870214105 0.813797593
vt 0.0949763283 0.811472893
vt 0.0961922556 0.813795447
vt 0.154768124 0.712484598
vt 0.157222196 0.712123394
vt 0.157222196 0.709800899
vt 0.154768124 0.710162103
vt 0.147405818 0.712484598
vt 0.147405818 0.710162103
vt 0.16244714 0.796301305
vt 0.169809401 0.791656375
vt 0.169809401 0.78933382
vt 0.16244714 0.793158889
vt 0.125175923 0.721870303
vt 0.125175923 0.728774607
vt 0.127629995 0.728774428
vt 0.127629995 0.721870124
vt 0.174717575 0.793033719
vt 0.174717575 0.785898447
vt 0.172263488 0.785899103
vt 0.172263488 0.793034434
vt 0.179223433 0.766257346
vt 0.179223433 0.759297192
vt 0.176769361 0.759297192
vt 0.176769361 0.766257346
vt 0.150073469 0.674580157
vt 0.150073498 0.670232117
vt 0.137029439 0.670232117
vt 0.137029439 0.674580097
vt 0.162532687 0.726513207
vt 0.169894949 0.730338216
vt 0.169894978 0.72801578
vt 0.162532687 0.72337079
vt 0.127546996 0.784397602
vt 0.127546996 0.777493298
vt 0.125092924 0.777493477
vt 0.125092924 0.784397781
vt 0.09133555 0.741888821
vt 0.0888814777 0.739566326
vt 0.0888814777 0.741888821
vt 0.09133555 0.739566326
vt 0.110594466 0.73992759
vt 0.110594466 0.742250025
vt 0.172107339 0.757014751
vt 0.172107339 0.754692316
vt 0.169653267 0.754692316
vt 0.169653267 0.757014751
vt 0.0868296921 0.79092437
vt 0.084375605 0.788601875
vt 0.084375605 0.79092437
vt 0.0868296921 0.788601875
vt 0.0868296921 0.782762051
vt 0.084375605 0.782762051
vt 0.106088586 0.788601875
vt 0.106088586 0.79092437
vt 0.108542666 0.79092437
vt 0.108542666 0.788601875
vt 0.108542666 0.783123255
vt 0.106088586 0.783123255
vt 0.164901227 0.803648353
vt 0.164901227 0.796301305
vt 0.16244714 0.796301305
vt 0.16244714 0.803648353
vt 0.128175408 0.804125428
vt 0.13062951 0.804125428
vt 0.13062951 0.785899282
vt 0.128175423 0.785899282
vt 0.159993023 0.796301305
vt 0.159993023 0.803648353
vt 0.16244714 0.803648353
vt 0.16244714 0.796301305
vt 0.421066225 0.840550244
vt 0.421066165 0.786308408
vt 0.314648241 0.786308527
vt 0.3146483 0.840550363
vt 0.17685236 0.682497799
vt 0.174400821 0.682497561
vt 0.174415961 0.700723886
vt 0.176850036 0.700723886
vt 0.159589469 0.728255212
vt 0.121705569 0.728255272
vt 0.121705569 0.76613915
vt 0.159589499 0.76613915
vt 0.121690415 0.728255212
vt 0.0838065073 0.728255272
vt 0.0838065073 0.766139209
vt 0.121690415 0.766139209
vt 0.0942118242 0.685537577
vt 0.0898638293 0.685537577
vt 0.0898638293 0.689885557
vt 0.0942118242 0.689885557
vt 0.0985720232 0.685537577
vt 0.0942240432 0.685537577
vt 0.0942240283 0.689885557
vt 0.0985720232 0.689885557
vt 0.137029439 0.670232117
vt 0.137029469 0.656477571
vt 0.102907844 0.656477511
vt 0.102907844 0.670231998
vt 0.102907859 0.674580038
vt 0.137029439 0.674580097
vt 0.0898638293 0.685525358
vt 0.123985447 0.685525298
vt 0.123985447 0.674592316
vt 0.0898638293 0.674592376
vt 0.367334723 0.71739167
vt 0.296196878 0.717391729
vt 0.296196878 0.726456583
vt 0.367334723 0.726456523
vt 0.102907859 0.674580038
vt 0.102907844 0.670231998
vt 0.0898638293 0.670232117
vt 0.0898638591 0.674580157
vt 0.902443171 0.224117547
vt 0.88990134 0.223607123
vt 0.88990134 0.28593722
vt 0.902443171 0.286447644
vt 0.88990134 0.223607123
vt 0.87735945 0.224117547
vt 0.87735945 0.286447644
vt 0.88990134 0.28593722
vt 0.927614391 0.223607123
vt 0.927614391 0.229737967
vt 0.940199912 0.229737967
vt 0.940199912 0.223607123
vt 0.915028751 0.223607123
vt 0.902443171 0.223607123
vt 0.902443171 0.28593719
vt 0.915028751 0.28593719
vt 0.927614391 0.223607123
vt 0.915028751 0.223607123
vt 0.915028751 0.28593719
vt 0.927614391 0.28593719
vt 0.658940673 0.242350191
vt 0.677850544 0.242350191
vt 0.677850544 0.226171732
vt 0.658940673 0.226171732
vt 0.62112087 0.243917823
vt 0.640030742 0.209993273
vt 0.62112087 0.209993273
vt 0.640030742 0.243917823
vt 0.62112093 0.292608589
vt 0.640030742 0.292608589
vt 0.62112087 0.327214807
vt 0.640030742 0.327214807
vt 0.677850544 0.209993273
vt 0.658940673 0.209993273
vt 0.658940673 0.226171732
vt 0.677850544 0.226171732
vt 0.658940613 0.292608589
vt 0.640030742 0.327214867
vt 0.658940673 0.327214807
vt 0.640030742 0.292608589
vt 0.658940613 0.243917823
vt 0.640030742 0.243917823
vt 0.658940673 0.209993273
vt 0.640030742 0.209993303
vt 0.595752835 0.293292195
vt 0.59087491 0.327214867
vt 0.616242886 0.327214867
vt 0.62112087 0.293292195
vt 0.595752835 0.244601399
vt 0.62112087 0.244601399
vt 0.59087491 0.209993273
vt 0.616242886 0.209993273
vt 0.565506876 0.292606741
vt 0.560628951 0.327214867
vt 0.585996926 0.327214867
vt 0.59087491 0.292606741
vt 0.565506876 0.243915945
vt 0.59087491 0.243915945
vt 0.560628951 0.209993273
vt 0.585996926 0.209993273
vt 0.893350482 0.240091324
vt 0.893350482 0.261334062
vt 0.897560418 0.261334062
vt 0.897560418 0.240091324
vt 0.901770353 0.261334062
vt 0.901770353 0.240091324
vt 0.897560418 0.240091324
vt 0.897560418 0.261334062
vt 0.884930611 0.268268883
vt 0.884930611 0.277661413
vt 0.889140546 0.277661413
vt 0.889140546 0.268268883
vt 0.884930611 0.258876383
vt 0.889140546 0.258876383
vt 0.884930611 0.249483839
vt 0.889140546 0.249483839
vt 0.884930611 0.240091324
vt 0.889140546 0.240091324
vt 0.893350482 0.249483839
vt 0.893350482 0.240091324
vt 0.889140546 0.240091324
vt 0.889140546 0.249483839
vt 0.893350482 0.258876354
vt 0.889140546 0.258876354
vt 0.893350482 0.268268883
vt 0.889140546 0.268268883
vt 0.893350482 0.277661413
vt 0.889140546 0.277661413
vt 0.905980229 0.240091324
vt 0.901770353 0.240091324
vt 0.901770353 0.256566525
vt 0.905980229 0.256566525
vt 0.884930611 0.277661443
vt 0.880720735 0.277661443
vt 0.880720735 0.282357693
vt 0.884930611 0.282357693
vt 0.864974499 0.282357693
vt 0.869184375 0.282357693
vt 0.869184375 0.277661443
vt 0.864974499 0.277661443
vt 0.901770353 0.277809292
vt 0.897560418 0.277809292
vt 0.897560418 0.282505542
vt 0.901770353 0.282505542
vt 0.884930611 0.282357693
vt 0.889140546 0.282357693
vt 0.889140546 0.277661413
vt 0.88493067 0.277661413
vt 0.897560418 0.261334062
vt 0.893350482 0.261334062
vt 0.893350482 0.277809292
vt 0.897560418 0.277809292
vt 0.87339431 0.277661443
vt 0.869184375 0.277661443
vt 0.869184375 0.282357693
vt 0.87339431 0.282357693
vt 0.901770353 0.277809292
vt 0.905980229 0.277809292
vt 0.905980229 0.261334062
vt 0.901770353 0.261334062
vt 0.901770353 0.282505542
vt 0.905980229 0.282505542
vt 0.905980229 0.277809292
vt 0.901770353 0.277809292
vt 0.901770353 0.261334062
vt 0.897560418 0.261334062
vt 0.897560418 0.277809292
vt 0.901770353 0.277809292
vt 0.914400101 0.256566525
vt 0.910190165 0.256566525
vt 0.910190165 0.273041725
vt 0.914400101 0.273041725
vt 0.880720735 0.277661443
vt 0.876510799 0.277661443
vt 0.876510799 0.282357693
vt 0.880720735 0.282357693
vt 0.905980229 0.256566525
vt 0.910190165 0.256566525
vt 0.910190165 0.240091324
vt 0.905980229 0.240091324
vt 0.905980229 0.289516926
vt 0.910190165 0.289516926
vt 0.910190165 0.273041725
vt 0.905980229 0.273041725
vt 0.893350482 0.282505542
vt 0.897560358 0.282505542
vt 0.897560358 0.277809292
vt 0.893350482 0.277809292
vt 0.905980229 0.273041725
vt 0.910190165 0.273041725
vt 0.910190165 0.256566525
vt 0.905980229 0.256566525
vt 0.709712267 0.103541046
vt 0.721033752 0.103541046
vt 0.721033752 0.0938548744
vt 0.709712267 0.0938548744
vt 0.687069297 0.104479551
vt 0.698390782 0.0841687322
vt 0.687069297 0.0841687322
vt 0.698390782 0.104479551
vt 0.687069297 0.133631021
vt 0.698390782 0.133631021
vt 0.687069297 0.154350013
vt 0.698390782 0.154350013
vt 0.721033752 0.0841687322
vt 0.709712267 0.0841687322
vt 0.709712267 0.0938548744
vt 0.721033752 0.0938548744
vt 0.709712207 0.13363108
vt 0.698390782 0.154350013
vt 0.709712267 0.154350013
vt 0.698390782 0.133631021
vt 0.709712207 0.104479551
vt 0.698390782 0.104479551
vt 0.709712267 0.0841687322
vt 0.698390782 0.0841687322
vt 0.671881318 0.134040326
vt 0.668960869 0.154350072
vt 0.684148848 0.154350013
vt 0.687069297 0.134040326
vt 0.671881318 0.104888827
vt 0.687069297 0.104888827
vt 0.668960869 0.0841687322
vt 0.684148848 0.0841687322
vt 0.653772891 0.133629948
vt 0.650852442 0.154350072
vt 0.666040421 0.154350013
vt 0.668960869 0.133629948
vt 0.653772891 0.104478449
vt 0.668960869 0.104478449
vt 0.650852442 0.0841687322
vt 0.666040421 0.0841687322
vt 0.884930611 0.268268913
vt 0.882691205 0.275313288
vt 0.884930611 0.277661413
vt 0.867213905 0.275313288
vt 0.864974499 0.277661443
vt 0.867213905 0.270617038
vt 0.864974499 0.268268913
vt 0.882691205 0.270617008
vt 0.867213905 0.265920758
vt 0.882691205 0.265920758
vt 0.867213905 0.261224508
vt 0.884930611 0.258876383
vt 0.864974499 0.258876383
vt 0.882691205 0.261224508
vt 0.867213905 0.256528229
vt 0.882691205 0.256528229
vt 0.867213905 0.251831979
vt 0.884930611 0.249483839
vt 0.864974499 0.249483839
vt 0.882691205 0.251831979
vt 0.867213905 0.247135714
vt 0.882691205 0.247135714
vt 0.867213905 0.242439449
vt 0.884930611 0.240091324
vt 0.864974499 0.240091324
vt 0.882691205 0.242439449
vn 1.000000 -0.000000 -0.000004
vn 1.000000 -0.000000 -0.000004
vn 1.000000 -0.000000 -0.000004
vn 1.000000 -0.000000 -0.000004
vn 1.000000 -0.000000 -0.000004
vn 1.000000 -0.000000 -0.000004
vn 1.000000 -0.000000 -0.000004
vn 1.000000 -0.000000 -0.000004
vn 1.000000 -0.000000 -0.000004
vn 1.000000 -0.000000 -0.000004
vn 1.000000 -0.000000 -0.000004
vn 1.000000 -0.000000 -0.000004
vn 1.000000 -0.000000 -0.000004
vn 1.000000 -0.000000 -0.000004
vn 1.000000 -0.000000 -0.000004
vn 1.000000 -0.000000 -0.000004
vn 1.000000 -0.000000 -0.000004
vn 1.000000 -0.000000 -0.000004
vn 1.000000 -0.000000 -0.000004
vn 1.000000 -0.000000 -0.000004
vn 1.000000 -0.000000 -0.000004
vn 1.000000 -0.000000 -0.000004
vn 1.000000 -0.000000 -0.000004
vn 1.000000 -0.000000 -0.000004
vn 1.000000 -0.000000 -0.000004
vn 1.000000 -0.000000 -0.000004
vn 1.000000 -0.000000 -0.000004
vn 0.000004 0.000000 1.000000
vn 0.000004 0.000000 1.000000
vn 0.000004 0.000000 1.000000
vn 0.000004 0.000000 1.000000
vn 0.000004 0.000000 1.000000
vn 0.000004 0.000000 1.000000
vn 0.000004 0.000000 1.000000
vn 0.000004 0.000000 1.000000
vn 0.000004 0.000000 1.000000
vn 0.000004 0.000000 1.000000
vn 0.000004 0.000000 1.000000
vn 0.000004 0.000000 1.000000
vn -1.000000 0.000000 0.000004
vn -1.000000 0.000000 0.000004
vn -1.000000 0.000000 0.000004
vn -1.000000 0.000000 0.000004
vn -1.000000 0.000000 0.000004
vn -1.000000 0.000000 0.000004
vn -1.000000 0.000000 0.000004
vn -1.000000 0.000000 0.000004
vn -1.000000 0.000000 0.000004
vn -1.000000 0.000000 0.000004
vn -1.000000 0.000000 0.000004
vn -1.000000 0.000000 0.000004
vn -1.000000 0.000000 0.000004
vn -1.000000 0.000000 0.000004
vn -1.000000 0.000000 0.000004
vn -1.000000 0.000000 0.000004
vn -1.000000 0.000000 0.000004
vn -1.000000 0.000000 0.000004
vn -1.000000 0.000000 0.000004
vn -1.000000 0.000000 0.000004
vn -1.000000 0.000000 0.000004
vn -1.000000 0.000000 0.000004
vn -1.000000 0.000000 0.000004
vn -1.000000 0.000000 0.000004
vn -1.000000 0.000000 0.000004
vn -1.000000 0.000000 0.000004
vn -1.000000 0.000000 0.000004
vn -0.000000 -1.000000 0.000000
vn -0.000000 -1.000000 0.000000
vn -0.000000 -1.000000 0.000000
vn -0.000000 -1.000000 0.000000
vn -0.000000 -1.000000 0.000000
vn -0.000000 -1.000000 0.000000
vn -0.000000 -1.000000 0.000000
vn -0.000000 -1.000000 0.000000
vn -0.000000 -1.000000 0.000000
vn -0.000000 -1.000000 0.000000
vn -0.000000 -1.000000 0.000000
vn -0.000000 -1.000000 0.000000
vn -0.000000 -1.000000 0.000000
vn -0.000000 -1.000000 0.000000
vn -0.000000 -1.000000 0.000000
vn -0.000000 -1.000000 0.000000
vn -0.000000 -1.000000 0.000000
vn -0.000000 -1.000000 0.000000
vn -0.000000 -1.000000 0.000000
vn -0.000000 -1.000000 0.000000
vn -0.000000 -1.000000 0.000000
vn -0.000000 -1.000000 0.000000
vn -0.000000 -1.000000 0.000000
vn -0.000000 -1.000000 0.000000
vn -0.000000 -1.000000 0.000000
vn -0.000000 -1.000000 0.000000
vn -0.000000 -1.000000 0.000000
vn -0.000000 -1.000000 0.000000
vn -1.000000 0.000000 0.000004
vn -1.000000 0.000000 0.000004
vn -1.000000 0.000000 0.000004
vn -1.000000 0.000000 0.000004
vn -1.000000 0.000000 0.000004
vn -1.000000 0.000000 0.000004
vn 0.003871 -0.039613 -0.999208
vn 0.007728 0.030928 -0.999492
vn 0.003862 0.029919 -0.999545
vn 0.001933 -0.040118 -0.999193
vn -0.003870 0.029919 -0.999545
vn -0.000004 -0.109958 -0.993936
vn -0.000004 -0.109958 -0.993936
vn -0.000004 -0.109958 -0.993936
vn -0.001942 -0.040118 -0.999193
vn -0.007736 0.030928 -0.999492
vn -0.000004 -0.109958 -0.993936
vn -0.003880 -0.039614 -0.999208
vn 1.000000 -0.000000 -0.000004
vn 1.000000 -0.000000 -0.000004
vn 1.000000 -0.000000 -0.000004
vn 1.000000 -0.000000 -0.000004
vn -0.000004 0.099503 -0.995037
vn -0.000004 0.099503 -0.995037
vn -0.000004 0.099503 -0.995037
vn -0.000004 0.099503 -0.995037
vn 0.000000 1.000000 -0.000000
vn 0.000000 1.000000 -0.000000
vn 0.000000 1.000000 -0.000000
vn 0.000000 1.000000 -0.000000
vn 0.000000 1.000000 -0.000000
vn 0.000000 1.000000 -0.000000
vn 0.000000 1.000000 -0.000000
vn 0.000000 1.000000 -0.000000
vn 0.000000 1.000000 -0.000000
vn 0.000000 1.000000 -0.000000
vn -0.000004 -0.000000 -1.000000
vn -0.000004 -0.000000 -1.000000
vn -0.000004 -0.000000 -1.000000
vn -0.000004 -0.000000 -1.000000
vn -1.000000 0.000000 0.000004
vn -1.000000 0.000000 0.000004
vn -1.000000 0.000000 0.000004
vn -1.000000 0.000000 0.000004
vn -1.000000 0.000000 0.000004
vn -1.000000 0.000000 0.000004
vn -0.229548 0.972275 -0.044595
vn -0.446838 0.893676 -0.040989
vn -0.446838 0.893676 -0.040989
vn -0.229548 0.972275 -0.044595
vn 0.229548 0.972275 -0.044597
vn 0.229548 0.972275 -0.044597
vn 0.446838 0.893675 -0.040993
vn 0.446838 0.893675 -0.040993
vn 0.000000 1.000000 -0.000000
vn 0.000000 1.000000 -0.000000
vn 0.000000 1.000000 -0.000000
vn 0.000000 1.000000 -0.000000
vn 0.000000 1.000000 -0.000000
vn 0.000000 1.000000 -0.000000
vn 0.000000 1.000000 -0.000000
vn 0.000000 1.000000 -0.000000
vn 0.000000 1.000000 -0.000000
vn 0.000000 1.000000 -0.000000
vn 0.000000 1.000000 -0.000000
vn 0.000000 1.000000 -0.000000
vn 0.000000 1.000000 -0.000000
vn 0.000000 1.000000 -0.000000
vn 0.000000 1.000000 -0.000000
vn 0.000000 1.000000 -0.000000
vn 0.000000 1.000000 -0.000000
vn 0.000000 1.000000 -0.000000
vn 0.000000 1.000000 -0.000000
vn 0.000000 1.000000 -0.000000
vn 1.000000 -0.000000 -0.000004
vn 1.000000 -0.000000 -0.000004
vn 1.000000 -0.000000 -0.000004
vn 1.000000 -0.000000 -0.000004
vn 1.000000 -0.000000 -0.000004
vn 1.000000 -0.000000 -0.000004
vn -1.000000 0.000000 0.000004
vn -1.000000 0.000000 0.000004
vn -1.000000 0.000000 0.000004
vn -1.000000 0.000000 0.000004
vn 0.000004 0.099504 0.995037
vn 0.000004 0.099504 0.995037
vn 0.000004 0.099504 0.995037
vn 0.000004 0.099504 0.995037
vn 0.000004 0.000000 1.000000
vn 0.000004 0.000000 1.000000
vn 0.000004 0.000000 1.000000
vn 0.000004 0.000000 1.000000
vn 0.000004 -0.481236 0.876591
vn 0.000004 -0.481236 0.876591
vn 0.000004 -0.481236 0.876591
vn 0.000004 -0.481236 0.876591
vn 0.065096 0.533176 -0.843496
vn -0.000004 0.544358 -0.838853
vn -0.000004 0.544358 -0.838853
vn 0.043386 0.537171 -0.842357
vn 0.129910 0.519656 -0.844441
vn 0.129910 0.519656 -0.844441
vn -0.000004 0.544358 -0.838853
vn -0.043393 0.537171 -0.842357
vn -0.000004 0.544358 -0.838853
vn -0.065103 0.533176 -0.843496
vn -0.129918 0.519656 -0.844440
vn -0.129918 0.519656 -0.844440
vn 1.000000 -0.000000 -0.000004
vn 1.000000 -0.000000 -0.000004
vn 1.000000 -0.000000 -0.000004
vn 1.000000 -0.000000 -0.000004
vn 1.000000 -0.000000 -0.000004
vn 1.000000 -0.000000 -0.000004
vn -1.000000 0.000000 0.000004
vn -1.000000 0.000000 0.000004
vn -1.000000 0.000000 0.000004
vn -1.000000 0.000000 0.000004
vn -0.000004 -0.000000 -1.000000
vn -0.000004 -0.000000 -1.000000
vn -0.000004 -0.000000 -1.000000
vn -0.000004 -0.000000 -1.000000
vn 0.000004 -0.481236 0.876591
vn 0.000004 -0.481236 0.876591
vn 0.000004 -0.481236 0.876591
vn 0.000004 -0.481236 0.876591
vn 0.000004 0.000000 1.000000
vn 0.000004 0.000000 1.000000
vn 0.000004 0.000000 1.000000
vn 0.000004 0.000000 1.000000
vn -1.000000 0.000000 0.000004
vn -1.000000 0.000000 0.000004
vn -1.000000 0.000000 0.000004
vn -1.000000 0.000000 0.000004
vn 1.000000 -0.000000 -0.000004
vn 1.000000 -0.000000 -0.000004
vn 1.000000 -0.000000 -0.000004
vn 1.000000 -0.000000 -0.000004
vn -0.000004 -0.000000 -1.000000
vn -0.000004 -0.000000 -1.000000
vn -0.000004 -0.000000 -1.000000
vn -0.000004 -0.000000 -1.000000
vn 0.000000 1.000000 -0.000000
vn 0.000000 1.000000 -0.000000
vn 0.000000 1.000000 -0.000000
vn 0.000000 1.000000 -0.000000
vn 0.000000 1.000000 -0.000000
vn 0.000000 1.000000 -0.000000
vn 0.000000 1.000000 -0.000000
vn 0.000000 1.000000 -0.000000
vn 0.000000 1.000000 -0.000000
vn 0.000000 1.000000 -0.000000
vn 0.000000 1.000000 -0.000000
vn 0.000000 1.000000 -0.000000
vn 0.000000 1.000000 -0.000000
vn 0.000000 1.000000 -0.000000
vn 0.000000 1.000000 -0.000000
vn 0.000000 1.000000 -0.000000
vn 0.000000 1.000000 -0.000000
vn 0.000000 1.000000 -0.000000
vn 0.000000 1.000000 -0.000000
vn 0.000000 1.000000 -0.000000
vn 0.000000 1.000000 -0.000000
vn 0.000000 1.000000 -0.000000
vn -0.000000 -1.000000 0.000000
vn -0.000000 -1.000000 0.000000
vn -0.000000 -1.000000 0.000000
vn -0.000000 -1.000000 0.000000
vn -0.000000 -1.000000 0.000000
vn -0.000000 -1.000000 0.000000
vn -0.000000 -1.000000 0.000000
vn -0.000000 -1.000000 0.000000
vn -0.000000 -1.000000 0.000000
vn -0.000000 -1.000000 0.000000
vn -0.000000 -1.000000 0.000000
vn -0.000000 -1.000000 0.000000
vn 0.000004 0.000000 1.000000
vn 0.000004 0.000000 1.000000
vn 0.000004 0.000000 1.000000
vn 0.000004 0.000000 1.000000
vn 0.000004 0.000000 1.000000
vn 0.000004 0.000000 1.000000
vn 0.000004 0.000000 1.000000
vn 0.000004 0.000000 1.000000
vn 0.000000 1.000000 -0.000000
vn 0.000000 1.000000 -0.000000
vn 0.000000 1.000000 -0.000000
vn 0.000000 1.000000 -0.000000
vn 0.000000 1.000000 -0.000000
vn 0.000000 1.000000 -0.000000
vn 0.000000 1.000000 -0.000000
vn 0.000000 1.000000 -0.000000
vn 0.000004 0.000000 1.000000
vn 0.000004 0.000000 1.000000
vn 0.000004 0.000000 1.000000
vn 0.000004 0.000000 1.000000
vn 0.000004 0.000000 1.000000
vn 0.000004 0.000000 1.000000
vn 0.000004 0.000000 1.000000
vn 0.000004 0.000000 1.000000
vn -0.000000 -1.000000 0.000000
vn -0.000000 -1.000000 0.000000
vn -0.000000 -1.000000 0.000000
vn -0.000000 -1.000000 0.000000
vn -0.000000 -1.000000 0.000000
vn -0.000000 -1.000000 0.000000
vn 0.000000 1.000000 -0.000000
vn 0.000000 1.000000 -0.000000
vn 0.000000 1.000000 -0.000000
vn 0.000000 1.000000 -0.000000
vn 0.000000 1.000000 -0.000000
vn 0.000000 1.000000 -0.000000
vn 0.000000 1.000000 -0.000000
vn 0.000000 1.000000 -0.000000
vn 1.000000 -0.000000 -0.000004
vn 1.000000 -0.000000 -0.000004
vn 1.000000 -0.000000 -0.000004
vn 1.000000 -0.000000 -0.000004
vn -1.000000 0.000000 0.000004
vn -1.000000 0.000000 0.000004
vn -1.000000 0.000000 0.000004
vn -1.000000 0.000000 0.000004
vn 1.000000 -0.000000 -0.000004
vn 1.000000 -0.000000 -0.000004
vn 1.000000 -0.000000 -0.000004
vn 1.000000 -0.000000 -0.000004
vn 0.000004 0.000000 1.000000
vn 0.000004 0.000000 1.000000
vn 0.000004 0.000000 1.000000
vn 0.000004 0.000000 1.000000
vn -0.000000 -0.996529 -0.083252
vn -0.000000 -0.996529 -0.083252
vn -0.000000 -0.996529 -0.083252
vn -0.000000 -0.996529 -0.083252
vn 0.000000 0.996529 0.083252
vn 0.000000 0.996529 0.083252
vn 0.000000 0.996529 0.083252
vn 0.000000 0.996529 0.083252
vn -1.000000 0.000000 0.000004
vn -1.000000 0.000000 0.000004
vn -1.000000 0.000000 0.000004
vn -1.000000 0.000000 0.000004
vn 0.045705 -0.000000 -0.998955
vn 0.091319 -0.000000 -0.995822
vn 0.091319 -0.000000 -0.995822
vn 0.045705 -0.000000 -0.998955
vn -0.044814 -0.000000 -0.998995
vn -0.044814 -0.000000 -0.998995
vn -0.089533 -0.000000 -0.995984
vn -0.089533 -0.000000 -0.995984
vn 1.000000 -0.000000 -0.000004
vn 1.000000 -0.000000 -0.000004
vn 1.000000 -0.000000 -0.000004
vn 1.000000 -0.000000 -0.000004
vn 0.044814 0.000000 0.998995
vn 0.089533 0.000000 0.995984
vn 0.089533 0.000000 0.995984
vn 0.044814 0.000000 0.998995
vn -0.045705 0.000000 0.998955
vn -0.045705 0.000000 0.998955
vn -0.091319 0.000000 0.995822
vn -0.091319 0.000000 0.995822
vn -0.000000 -1.000000 0.000000
vn -0.000000 -1.000000 0.000000
vn -0.000000 -1.000000 0.000000
vn -0.000000 -1.000000 0.000000
vn -0.000000 -1.000000 0.000000
vn -0.000000 -1.000000 0.000000
vn -0.000000 -1.000000 0.000000
vn -0.000000 -1.000000 0.000000
vn 0.000000 1.000000 -0.000000
vn 0.000000 1.000000 -0.000000
vn 0.000000 1.000000 -0.000000
vn 0.000000 1.000000 -0.000000
vn 0.000000 1.000000 -0.000000
vn 0.000000 1.000000 -0.000000
vn 0.000000 1.000000 -0.000000
vn 0.000000 1.000000 -0.000000
vn -1.000000 0.000000 0.000004
vn -1.000000 0.000000 0.000004
vn -1.000000 0.000000 0.000004
vn -1.000000 0.000000 0.000004
vn 1.000000 -0.000000 -0.000004
vn 1.000000 -0.000000 -0.000004
vn 1.000000 -0.000000 -0.000004
vn 1.000000 -0.000000 -0.000004
vn -0.000000 -1.000000 0.000000
vn -0.000000 -1.000000 0.000000
vn -0.000000 -1.000000 0.000000
vn -0.000000 -1.000000 0.000000
vn -0.000000 -1.000000 0.000000
vn -0.000000 -1.000000 0.000000
vn -0.000000 -1.000000 0.000000
vn -0.000000 -1.000000 0.000000
vn -0.000000 -1.000000 0.000000
vn -0.000000 -1.000000 0.000000
vn 0.000000 1.000000 -0.000000
vn 0.000000 1.000000 -0.000000
vn 0.000000 1.000000 -0.000000
vn 0.000000 1.000000 -0.000000
vn 0.000000 1.000000 -0.000000
vn 0.000000 1.000000 -0.000000
vn 0.000000 1.000000 -0.000000
vn 0.000000 1.000000 -0.000000
vn 0.000000 1.000000 -0.000000
vn 0.000000 1.000000 -0.000000
vn 1.000000 -0.000000 -0.000004
vn 1.000000 -0.000000 -0.000004
vn 1.000000 -0.000000 -0.000004
vn 1.000000 -0.000000 -0.000004
vn 0.000000 1.000000 -0.000000
vn 0.000000 1.000000 -0.000000
vn 0.000000 1.000000 -0.000000
vn 0.000000 1.000000 -0.000000
vn -0.000000 -1.000000 0.000000
vn -0.000000 -1.000000 0.000000
vn -0.000000 -1.000000 0.000000
vn -0.000000 -1.000000 0.000000
vn 0.000000 1.000000 -0.000000
vn 0.000000 1.000000 -0.000000
vn 0.000000 1.000000 -0.000000
vn 0.000000 1.000000 -0.000000
vn -0.000000 -1.000000 0.000000
vn -0.000000 -1.000000 0.000000
vn -0.000000 -1.000000 0.000000
vn -0.000000 -1.000000 0.000000
vn -1.000000 0.000000 0.000004
vn -1.000000 0.000000 0.000004
vn -1.000000 0.000000 0.000004
vn -1.000000 0.000000 0.000004
vn 0.000000 1.000000 -0.000000
vn 0.000000 1.000000 -0.000000
vn 0.000000 1.000000 -0.000000
vn 0.000000 1.000000 -0.000000
vn 1.000000 -0.000000 -0.000004
vn 1.000000 -0.000000 -0.000004
vn 1.000000 -0.000000 -0.000004
vn 1.000000 -0.000000 -0.000004
vn -0.000000 -1.000000 0.000000
vn -0.000000 -1.000000 0.000000
vn -0.000000 -1.000000 0.000000
vn -0.000000 -1.000000 0.000000
vn -1.000000 0.000000 0.000004
vn -1.000000 0.000000 0.000004
vn -1.000000 0.000000 0.000004
vn -1.000000 0.000000 0.000004
vn 1.000000 -0.000000 -0.000004
vn 1.000000 -0.000000 -0.000004
vn 1.000000 -0.000000 -0.000004
vn 1.000000 -0.000000 -0.000004
vn 0.000000 1.000000 -0.000000
vn 0.000000 1.000000 -0.000000
vn 0.000000 1.000000 -0.000000
vn 0.000000 1.000000 -0.000000
vn -1.000000 0.000000 0.000004
vn -1.000000 0.000000 0.000004
vn -1.000000 0.000000 0.000004
vn -1.000000 0.000000 0.000004
vn 1.000000 -0.000000 -0.000004
vn 1.000000 -0.000000 -0.000004
vn 1.000000 -0.000000 -0.000004
vn 1.000000 -0.000000 -0.000004
vn -0.000000 -1.000000 0.000000
vn -0.000000 -1.000000 0.000000
vn -0.000000 -1.000000 0.000000
vn -0.000000 -1.000000 0.000000
vn -1.000000 0.000000 0.000004
vn -1.000000 0.000000 0.000004
vn -1.000000 0.000000 0.000004
vn -1.000000 0.000000 0.000004
vn 1.000000 -0.000000 -0.000004
vn 1.000000 -0.000000 -0.000004
vn 1.000000 -0.000000 -0.000004
vn 1.000000 -0.000000 -0.000004
vn -0.045704 0.000000 0.998955
vn -0.091317 0.000000 0.995822
vn -0.091317 0.000000 0.995822
vn -0.045704 0.000000 0.998955
vn 0.044815 0.000000 0.998995
vn 0.044815 0.000000 0.998995
vn 0.089535 0.000000 0.995984
vn 0.089535 0.000000 0.995984
vn -1.000000 0.000000 0.000004
vn -1.000000 0.000000 0.000004
vn -1.000000 0.000000 0.000004
vn -1.000000 0.000000 0.000004
vn -0.044815 -0.000000 -0.998995
vn -0.089535 -0.000000 -0.995984
vn -0.089535 -0.000000 -0.995984
vn -0.044815 -0.000000 -0.998995
vn 0.045704 -0.000000 -0.998955
vn 0.045704 -0.000000 -0.998955
vn 0.091317 -0.000000 -0.995822
vn 0.091317 -0.000000 -0.995822
vn -0.000000 -1.000000 0.000000
vn -0.000000 -1.000000 0.000000
vn -0.000000 -1.000000 0.000000
vn -0.000000 -1.000000 0.000000
vn -0.000000 -1.000000 0.000000
vn -0.000000 -1.000000 0.000000
vn -0.000000 -1.000000 0.000000
vn -0.000000 -1.000000 0.000000
vn 0.000000 1.000000 -0.000000
vn 0.000000 1.000000 -0.000000
vn 0.000000 1.000000 -0.000000
vn 0.000000 1.000000 -0.000000
vn 0.000000 1.000000 -0.000000
vn 0.000000 1.000000 -0.000000
vn 0.000000 1.000000 -0.000000
vn 0.000000 1.000000 -0.000000
vn -0.000004 -0.000000 -1.000000
vn -0.000004 -0.000000 -1.000000
vn -0.000004 -0.000000 -1.000000
vn -0.000004 -0.000000 -1.000000
vn -0.000004 -0.000000 -1.000000
vn -0.000004 -0.000000 -1.000000
vn -0.000004 -0.000000 -1.000000
vn -0.000004 -0.000000 -1.000000
vn -0.000004 -0.000000 -1.000000
vn -0.000004 -0.000000 -1.000000
vn -0.000004 -0.000000 -1.000000
vn -0.000004 -0.000000 -1.000000
vn -0.000004 -0.000000 -1.000000
vn -0.000004 -0.000000 -1.000000
vn -0.000004 -0.000000 -1.000000
vn -0.000004 -0.000000 -1.000000
vn -0.000004 -0.000000 -1.000000
vn -0.000004 -0.000000 -1.000000
vn -0.000004 -0.000000 -1.000000
vn -0.000004 -0.000000 -1.000000
vn -0.000004 -0.000000 -1.000000
vn -0.000004 -0.000000 -1.000000
vn -0.000004 -0.000000 -1.000000
vn -0.000004 -0.000000 -1.000000
vn -0.000004 -0.000000 -1.000000
vn -0.000004 -0.000000 -1.000000
f 3/3/3 2/2/2 1/1/1
f 4/4/4 3/3/3 1/1/1
f 4/4/4 1/1/1 5/5/5
f 4/4/4 6/6/6 3/3/3
f 6/6/6 7/7/7 3/3/3
f 8/8/8 6/6/6 4/4/4
f 9/9/9 4/4/4 5/5/5
f 9/9/9 8/8/8 4/4/4
f 9/9/9 5/5/5 10/10/10
f 11/11/11 8/8/8 9/9/9
f 12/12/12 9/9/9 10/10/10
f 12/12/12 11/11/11 9/9/9
f 12/12/12 10/10/10 13/13/13
f 14/14/14 11/11/11 12/12/12
f 15/15/15 12/12/12 13/13/13
f 15/15/15 14/14/14 12/12/12
f 15/15/15 13/13/13 16/16/16
f 17/17/17 15/15/15 16/16/16
f 17/17/17 16/16/16 18/18/18
f 19/19/19 17/17/17 18/18/18
f 19/19/19 20/20/20 17/17/17
f 20/20/20 21/21/21 17/17/17
f 17/17/17 21/21/21 15/15/15
f 21/21/21 14/14/14 15/15/15
f 21/21/21 22/22/22 14/14/14
f 22/22/22 23/23/23 14/14/14
f 22/22/22 24/24/24 23/23/23
f 24/24/24 25/25/25 23/23/23
f 23/23/23 25/25/25 26/26/26
f 27/27/27 23/23/23 26/26/26
f 30/30/30 29/29/29 28/28/28
f 31/31/31 30/30/30 28/28/28
f 31/31/31 28/28/28 32/32/32
f 31/31/31 33/33/33 30/30/30
f 33/33/33 34/34/34 30/30/30
f 35/35/35 33/33/33 31/31/31
f 36/36/36 31/31/31 32/32/32
f 36/36/36 35/35/35 31/31/31
f 36/36/36 32/32/32 37/37/37
f 38/38/38 35/35/35 36/36/36
f 39/39/39 36/36/36 37/37/37
f 39/39/39 38/38/38 36/36/36
f 42/42/42 41/41/41 40/40/40
f 43/43/43 42/42/42 40/40/40
f 43/43/43 40/40/40 44/44/44
f 43/43/43 45/45/45 42/42/42
f 45/45/45 46/46/46 42/42/42
f 47/47/47 43/43/43 44/44/44
f 47/47/47 44/44/44 48/48/48
f 49/49/49 45/45/45 43/43/43
f 47/47/47 49/49/49 43/43/43
f 49/49/49 50/50/50 45/45/45
f 51/51/51 49/49/49 47/47/47
f 50/50/50 52/52/52 45/45/45
f 53/53/53 47/47/47 48/48/48
f 53/53/53 51/51/51 47/47/47
f 53/53/53 48/48/48 54/54/54
f 55/55/55 51/51/51 53/53/53
f 50/50/50 56/56/56 52/52/52
f 56/56/56 57/57/57 52/52/52
f 56/56/56 50/50/50 58/58/58
f 59/59/59 56/56/56 58/58/58
f 60/60/60 53/53/53 54/54/54
f 60/60/60 55/55/55 53/53/53
f 60/60/60 54/54/54 61/61/61
f 62/62/62 55/55/55 60/60/60
f 63/63/63 60/60/60 61/61/61
f 63/63/63 62/62/62 60/60/60
f 63/63/63 61/61/61 64/64/64
f 65/65/65 62/62/62 63/63/63
f 66/66/66 63/63/63 64/64/64
f 66/66/66 65/65/65 63/63/63
f 69/69/69 68/68/68 67/67/67
f 70/70/70 69/69/69 67/67/67
f 70/70/70 67/67/67 71/71/71
f 72/72/72 69/69/69 70/70/70
f 73/73/73 70/70/70 71/71/71
f 73/73/73 71/71/71 74/74/74
f 75/75/75 73/73/73 74/74/74
f 76/76/76 72/72/72 70/70/70
f 76/76/76 70/70/70 73/73/73
f 77/77/77 72/72/72 76/76/76
f 78/78/78 73/73/73 75/75/75
f 78/78/78 76/76/76 73/73/73
f 79/79/79 78/78/78 75/75/75
f 80/80/80 77/77/77 76/76/76
f 80/80/80 76/76/76 78/78/78
f 81/81/81 77/77/77 80/80/80
f 82/82/82 78/78/78 79/79/79
f 82/82/82 80/80/80 78/78/78
f 83/83/83 82/82/82 79/79/79
f 84/84/84 81/81/81 80/80/80
f 84/84/84 80/80/80 82/82/82
f 85/85/85 81/81/81 84/84/84
f 86/86/86 82/82/82 83/83/83
f 86/86/86 84/84/84 82/82/82
f 87/87/87 86/86/86 83/83/83
f 88/88/88 85/85/85 84/84/84
f 88/88/88 84/84/84 86/86/86
f 89/89/89 85/85/85 88/88/88
f 90/90/90 89/89/89 88/88/88
f 91/91/91 86/86/86 87/87/87
f 91/91/91 88/88/88 86/86/86
f 90/90/90 88/88/88 91/91/91
f 92/92/92 91/91/91 87/87/87
f 93/93/93 90/90/90 91/91/91
f 93/93/93 91/91/91 92/92/92
f 94/94/94 93/93/93 92/92/92
f 97/97/97 96/96/96 95/95/95
f 96/96/96 98/98/98 95/95/95
f 95/95/95 98/98/98 99/99/99
f 98/98/98 100/100/100 99/99/99
f 103/103/103 102/102/102 101/101/101
f 104/104/104 103/103/103 101/101/101
f 105/105/105 103/103/103 104/104/104
f 106/106/106 104/104/104 101/101/101
f 107/107/107 106/106/106 101/101/101
f 106/106/106 108/108/108 104/104/104
f 109/109/109 105/105/105 104/104/104
f 108/108/108 109/109/109 104/104/104
f 110/110/110 105/105/105 109/109/109
f 108/108/108 111/111/111 109/109/109
f 112/112/112 110/110/110 109/109/109
f 111/111/111 112/112/112 109/109/109
f 115/115/115 114/114/114 113/113/113
f 116/116/116 115/115/115 113/113/113
f 119/119/119 118/118/118 117/117/117
f 120/120/120 119/119/119 117/117/117
f 123/123/123 122/122/122 121/121/121
f 124/124/124 123/123/123 121/121/121
f 127/127/127 126/126/126 125/125/125
f 128/128/128 127/127/127 125/125/125
f 128/128/128 125/125/125 129/129/129
f 130/130/130 128/128/128 129/129/129
f 133/133/133 132/132/132 131/131/131
f 134/134/134 133/133/133 131/131/131
f 137/137/137 136/136/136 135/135/135
f 136/136/136 138/138/138 135/135/135
f 136/136/136 139/139/139 138/138/138
f 139/139/139 140/140/140 138/138/138
f 143/143/143 142/142/142 141/141/141
f 142/142/142 144/144/144 141/141/141
f 141/141/141 144/144/144 145/145/145
f 144/144/144 146/146/146 145/145/145
f 145/145/145 146/146/146 147/147/147
f 146/146/146 148/148/148 147/147/147
f 151/151/151 150/150/150 149/149/149
f 152/152/152 151/151/151 149/149/149
f 155/155/155 154/154/154 153/153/153
f 156/156/156 155/155/155 153/153/153
f 159/159/159 158/158/158 157/157/157
f 160/160/160 159/159/159 157/157/157
f 163/163/163 162/162/162 161/161/161
f 164/164/164 163/163/163 161/161/161
f 167/167/167 166/166/166 165/165/165
f 168/168/168 167/167/167 165/165/165
f 171/171/171 170/170/170 169/169/169
f 170/170/170 172/172/172 169/169/169
f 169/169/169 172/172/172 173/173/173
f 172/172/172 174/174/174 173/173/173
f 177/177/177 176/176/176 175/175/175
f 178/178/178 177/177/177 175/175/175
f 181/181/181 180/180/180 179/179/179
f 182/182/182 181/181/181 179/179/179
f 185/185/185 184/184/184 183/183/183
f 186/186/186 185/185/185 183/183/183
f 189/189/189 188/188/188 187/187/187
f 190/190/190 189/189/189 187/187/187
f 193/193/193 192/192/192 191/191/191
f 194/194/194 193/193/193 191/191/191
f 194/194/194 191/191/191 195/195/195
f 196/196/196 194/194/194 195/195/195
f 193/193/193 194/194/194 197/197/197
f 194/194/194 198/198/198 197/197/197
f 199/199/199 197/197/197 198/198/198
f 200/200/200 199/199/199 198/198/198
f 200/200/200 198/198/198 201/201/201
f 202/202/202 200/200/200 201/201/201
f 205/205/205 204/204/204 203/203/203
f 206/206/206 205/205/205 203/203/203
f 206/206/206 203/203/203 207/207/207
f 208/208/208 206/206/206 207/207/207
f 211/211/211 210/210/210 209/209/209
f 212/212/212 211/211/211 209/209/209
f 215/215/215 214/214/214 213/213/213
f 216/216/216 215/215/215 213/213/213
f 219/219/219 218/218/218 217/217/217
f 220/220/220 219/219/219 217/217/217
f 223/223/223 222/222/222 221/221/221
f 224/224/224 223/223/223 221/221/221
f 227/227/227 226/226/226 225/225/225
f 228/228/228 227/227/227 225/225/225
f 231/231/231 230/230/230 229/229/229
f 232/232/232 231/231/231 229/229/229
f 235/235/235 234/234/234 233/233/233
f 236/236/236 235/235/235 233/233/233
f 239/239/239 238/238/238 237/237/237
f 238/238/238 240/240/240 237/237/237
f 240/240/240 241/241/241 237/237/237
f 241/241/241 242/242/242 237/237/237
f 245/245/245 244/244/244 243/243/243
f 246/246/246 245/245/245 243/243/243
f 249/249/249 248/248/248 247/247/247
f 248/248/248 250/250/250 247/247/247
f 250/250/250 248/248/248 251/251/251
f 248/248/248 252/252/252 251/251/251
f 250/250/250 253/253/253 247/247/247
f 253/253/253 254/254/254 247/247/247
f 254/254/254 253/253/253 255/255/255
f 253/253/253 256/256/256 255/255/255
f 256/256/256 253/253/253 257/257/257
f 253/253/253 258/258/258 257/257/257
f 261/261/261 260/260/260 259/259/259
f 262/262/262 261/261/261 259/259/259
f 265/265/265 264/264/264 263/263/263
f 266/266/266 265/265/265 263/263/263
f 269/269/269 268/268/268 267/267/267
f 270/270/270 269/269/269 267/267/267
f 273/273/273 272/272/272 271/271/271
f 274/274/274 273/273/273 271/271/271
f 277/277/277 276/276/276 275/275/275
f 278/278/278 277/277/277 275/275/275
f 281/281/281 280/280/280 279/279/279
f 282/282/282 281/281/281 279/279/279
f 285/285/285 284/284/284 283/283/283
f 286/286/286 285/285/285 283/283/283
f 289/289/289 288/288/288 287/287/287
f 290/290/290 289/289/289 287/287/287
f 293/293/293 292/292/292 291/291/291
f 294/294/294 293/293/293 291/291/291
f 297/297/297 296/296/296 295/295/295
f 298/298/298 297/297/297 295/295/295
f 299/299/299 298/298/298 295/295/295
f 300/300/300 299/299/299 295/295/295
f 303/303/303 302/302/302 301/301/301
f 304/304/304 303/303/303 301/301/301
f 307/307/307 306/306/306 305/305/305
f 308/308/308 307/307/307 305/305/305
f 311/311/311 310/310/310 309/309/309
f 312/312/312 311/311/311 309/309/309
f 315/315/315 314/314/314 313/313/313
f 316/316/316 315/315/315 313/313/313
f 319/319/319 318/318/318 317/317/317
f 320/320/320 319/319/319 317/317/317
f 323/323/323 322/322/322 321/321/321
f 324/324/324 323/323/323 321/321/321
f 327/327/327 326/326/326 325/325/325
f 328/328/328 327/327/327 325/325/325
f 331/331/331 330/330/330 329/329/329
f 332/332/332 331/331/331 329/329/329
f 335/335/335 334/334/334 333/333/333
f 336/336/336 335/335/335 333/333/333
f 339/339/339 338/338/338 337/337/337
f 338/338/338 340/340/340 337/337/337
f 337/337/337 340/340/340 341/341/341
f 340/340/340 342/342/342 341/341/341
f 341/341/341 342/342/342 343/343/343
f 342/342/342 344/344/344 343/343/343
f 347/347/347 346/346/346 345/345/345
f 348/348/348 347/347/347 345/345/345
f 351/351/351 350/350/350 349/349/349
f 350/350/350 352/352/352 349/349/349
f 349/349/349 352/352/352 353/353/353
f 352/352/352 354/354/354 353/353/353
f 353/353/353 354/354/354 355/355/355
f 354/354/354 356/356/356 355/355/355
f 359/359/359 358/358/358 357/357/357
f 360/360/360 359/359/359 357/357/357
f 360/360/360 357/357/357 361/361/361
f 362/362/362 360/360/360 361/361/361
f 362/362/362 361/361/361 363/363/363
f 364/364/364 362/362/362 363/363/363
f 367/367/367 366/366/366 365/365/365
f 368/368/368 367/367/367 365/365/365
f 368/368/368 365/365/365 369/369/369
f 370/370/370 368/368/368 369/369/369
f 370/370/370 369/369/369 371/371/371
f 372/372/372 370/370/370 371/371/371
f 375/375/375 374/374/374 373/373/373
f 376/376/376 375/375/375 373/373/373
f 379/379/379 378/378/378 377/377/377
f 380/380/380 379/379/379 377/377/377
f 383/383/383 382/382/382 381/381/381
f 384/384/384 383/383/383 381/381/381
f 384/384/384 381/381/381 385/385/385
f 386/386/386 384/384/384 385/385/385
f 386/386/386 385/385/385 387/387/387
f 388/388/388 386/386/386 387/387/387
f 388/388/388 387/387/387 389/389/389
f 390/390/390 388/388/388 389/389/389
f 393/393/393 392/392/392 391/391/391
f 394/394/394 393/393/393 391/391/391
f 394/394/394 391/391/391 395/395/395
f 396/396/396 394/394/394 395/395/395
f 396/396/396 395/395/395 397/397/397
f 398/398/398 396/396/396 397/397/397
f 398/398/398 397/397/397 399/399/399
f 400/400/400 398/398/398 399/399/399
f 403/403/403 402/402/402 401/401/401
f 404/404/404 403/403/403 401/401/401
f 407/407/407 406/406/406 405/405/405
f 408/408/408 407/407/407 405/405/405
f 411/411/411 410/410/410 409/409/409
f 412/412/412 411/411/411 409/409/409
f 415/415/415 414/414/414 413/413/413
f 416/416/416 415/415/415 413/413/413
f 419/419/419 418/418/418 417/417/417
f 420/420/420 419/419/419 417/417/417
f 423/423/423 422/422/422 421/421/421
f 424/424/424 423/423/423 421/421/421
f 427/427/427 426/426/426 425/425/425
f 428/428/428 427/427/427 425/425/425
f 431/431/431 430/430/430 429/429/429
f 432/432/432 431/431/431 429/429/429
f 435/435/435 434/434/434 433/433/433
f 436/436/436 435/435/435 433/433/433
f 439/439/439 438/438/438 437/437/437
f 440/440/440 439/439/439 437/437/437
f 443/443/443 442/442/442 441/441/441
f 444/444/444 443/443/443 441/441/441
f 447/447/447 446/446/446 445/445/445
f 448/448/448 447/447/447 445/445/445
f 451/451/451 450/450/450 449/449/449
f 452/452/452 451/451/451 449/449/449
f 455/455/455 454/454/454 453/453/453
f 456/456/456 455/455/455 453/453/453
f 459/459/459 458/458/458 457/457/457
f 460/460/460 459/459/459 457/457/457
f 463/463/463 462/462/462 461/461/461
f 464/464/464 463/463/463 461/461/461
f 467/467/467 466/466/466 465/465/465
f 468/468/468 467/467/467 465/465/465
f 471/471/471 470/470/470 469/469/469
f 470/470/470 472/472/472 469/469/469
f 469/469/469 472/472/472 473/473/473
f 472/472/472 474/474/474 473/473/473
f 473/473/473 474/474/474 475/475/475
f 474/474/474 476/476/476 475/475/475
f 479/479/479 478/478/478 477/477/477
f 480/480/480 479/479/479 477/477/477
f 483/483/483 482/482/482 481/481/481
f 482/482/482 484/484/484 481/481/481
f 481/481/481 484/484/484 485/485/485
f 484/484/484 486/486/486 485/485/485
f 485/485/485 486/486/486 487/487/487
f 486/486/486 488/488/488 487/487/487
f 491/491/491 490/490/490 489/489/489
f 492/492/492 491/491/491 489/489/489
f 492/492/492 489/489/489 493/493/493
f 494/494/494 492/492/492 493/493/493
f 494/494/494 493/493/493 495/495/495
f 496/496/496 494/494/494 495/495/495
f 499/499/499 498/498/498 497/497/497
f 500/500/500 499/499/499 497/497/497
f 500/500/500 497/497/497 501/501/501
f 502/502/502 500/500/500 501/501/501
f 502/502/502 501/501/501 503/503/503
f 504/504/504 502/502/502 503/503/503
f 507/507/507 506/506/506 505/505/505
f 508/508/508 506/506/506 507/507/507
f 509/509/509 508/508/508 507/507/507
f 510/510/510 508/508/508 509/509/509
f 511/511/511 510/510/510 509/509/509
f 506/506/506 512/512/512 505/505/505
f 512/512/512 510/510/510 511/511/511
f 505/505/505 512/512/512 511/511/511
f 511/511/511 513/513/513 505/505/505
f 513/513/513 514/514/514 505/505/505
f 515/515/515 513/513/513 511/511/511
f 505/505/505 514/514/514 516/516/516
f 517/517/517 515/515/515 511/511/511
f 514/514/514 518/518/518 516/516/516
f 518/518/518 515/515/515 517/517/517
f 516/516/516 518/518/518 517/517/517
f 517/517/517 519/519/519 516/516/516
f 519/519/519 520/520/520 516/516/516
f 521/521/521 519/519/519 517/517/517
f 516/516/516 520/520/520 522/522/522
f 523/523/523 521/521/521 517/517/517
f 520/520/520 524/524/524 522/522/522
f 524/524/524 521/521/521 523/523/523
f 522/522/522 524/524/524 523/523/523
f 523/523/523 525/525/525 522/522/522
f 525/525/525 526/526/526 522/522/522
f 527/527/527 525/525/525 523/523/523
f 522/522/522 526/526/526 528/528/528
f 529/529/529 527/527/527 523/523/523
f 526/526/526 530/530/530 528/528/528
f 530/530/530 527/527/527 529/529/529
f 528/528/528 530/530/530 529/529/529
