# GENERATED by tools/gen_vehicle_glass.py -- pane 'l_front'. Do not hand-edit.
# One file per pane so each breaks independently (Vehicle.GlassPaneLabels).
g l_front
v 1.226966 1.165000 -1.832115
v 1.226966 1.165000 -0.582115
v 1.226966 1.220000 -0.582115
v 1.226966 1.220000 -1.832115
v 1.226966 1.220000 -1.832115
v 1.226966 1.220000 -0.582115
v 1.226966 1.250000 -0.582115
v 1.226966 1.250000 -1.832115
v 1.226966 1.250000 -1.832115
v 1.226966 1.250000 -0.582115
v 1.226966 1.280000 -0.582115
v 1.226966 1.280000 -1.832115
v 1.226966 1.280000 -1.832115
v 1.226966 1.280000 -0.582115
v 1.226966 1.310000 -0.582115
v 1.226966 1.310000 -1.832115
v 1.226966 1.310000 -1.832115
v 1.226966 1.310000 -0.582115
v 1.226966 1.340000 -0.582115
v 1.226966 1.340000 -1.802115
v 1.226966 1.340000 -1.802115
v 1.226966 1.340000 -0.582115
v 1.226966 1.370000 -0.582115
v 1.226966 1.370000 -1.802115
v 1.226966 1.370000 -1.802115
v 1.226966 1.370000 -0.582115
v 1.226966 1.400000 -0.582115
v 1.226966 1.400000 -1.802115
v 1.226966 1.400000 -1.802115
v 1.226966 1.400000 -0.582115
v 1.226966 1.430000 -0.582115
v 1.226966 1.430000 -1.802115
v 1.226966 1.430000 -1.802115
v 1.226966 1.430000 -0.582115
v 1.226966 1.460000 -0.582115
v 1.226966 1.460000 -1.772115
v 1.226966 1.460000 -1.772115
v 1.226966 1.460000 -0.582115
v 1.226966 1.490000 -0.582115
v 1.226966 1.490000 -1.772115
v 1.226966 1.490000 -1.772115
v 1.226966 1.490000 -0.582115
v 1.226966 1.520000 -0.582115
v 1.226966 1.520000 -1.772115
v 1.226966 1.520000 -1.772115
v 1.226966 1.520000 -0.582115
v 1.226966 1.550000 -0.582115
v 1.226966 1.550000 -1.772115
v 1.226966 1.550000 -1.772115
v 1.226966 1.550000 -0.582115
v 1.226966 1.580000 -0.582115
v 1.226966 1.580000 -1.742115
v 1.226966 1.580000 -1.742115
v 1.226966 1.580000 -0.582115
v 1.226966 1.610000 -0.582115
v 1.226966 1.610000 -1.742115
v 1.226966 1.610000 -1.742115
v 1.226966 1.610000 -0.582115
v 1.226966 1.640000 -0.582115
v 1.226966 1.640000 -1.742115
v 1.226966 1.640000 -1.742115
v 1.226966 1.640000 -0.582115
v 1.226966 1.670000 -0.582115
v 1.226966 1.670000 -1.742115
v 1.226966 1.670000 -1.742115
v 1.226966 1.670000 -0.582115
v 1.226966 1.700000 -0.582115
v 1.226966 1.700000 -1.712115
v 1.226966 1.700000 -1.712115
v 1.226966 1.700000 -0.582115
v 1.226966 1.730000 -0.582115
v 1.226966 1.730000 -1.712115
v 1.226966 1.730000 -1.712115
v 1.226966 1.730000 -0.582115
v 1.226966 1.760000 -0.582115
v 1.226966 1.760000 -1.712115
v 1.226966 1.760000 -1.712115
v 1.226966 1.760000 -0.582115
v 1.226966 1.790000 -0.582115
v 1.226966 1.790000 -1.712115
v 1.226966 1.790000 -1.712115
v 1.226966 1.790000 -0.582115
v 1.226966 1.820000 -0.582115
v 1.226966 1.820000 -1.682115
v 1.226966 1.820000 -1.682115
v 1.226966 1.820000 -0.582115
v 1.226966 1.875000 -0.582115
v 1.226966 1.875000 -1.682115
f 3 2 1
f 4 3 1
f 7 6 5
f 8 7 5
f 11 10 9
f 12 11 9
f 15 14 13
f 16 15 13
f 19 18 17
f 20 19 17
f 23 22 21
f 24 23 21
f 27 26 25
f 28 27 25
f 31 30 29
f 32 31 29
f 35 34 33
f 36 35 33
f 39 38 37
f 40 39 37
f 43 42 41
f 44 43 41
f 47 46 45
f 48 47 45
f 51 50 49
f 52 51 49
f 55 54 53
f 56 55 53
f 59 58 57
f 60 59 57
f 63 62 61
f 64 63 61
f 67 66 65
f 68 67 65
f 71 70 69
f 72 71 69
f 75 74 73
f 76 75 73
f 79 78 77
f 80 79 77
f 83 82 81
f 84 83 81
f 87 86 85
f 88 87 85
