# GENERATED by tools/gen_vehicle_glass.py -- pane 'r_front'. Do not hand-edit.
# One file per pane so each breaks independently (Vehicle.GlassPaneLabels).
g r_front
v -1.226968 1.071568 -1.262115
v -1.226968 1.071568 0.017885
v -1.226968 1.126568 0.017885
v -1.226968 1.126568 -1.262115
v -1.226968 1.126568 -1.262115
v -1.226968 1.126568 0.017885
v -1.226968 1.156568 0.017885
v -1.226968 1.156568 -1.232115
v -1.226968 1.156568 -1.232115
v -1.226968 1.156568 0.017885
v -1.226968 1.186568 0.017885
v -1.226968 1.186568 -1.232115
v -1.226968 1.186568 -1.232115
v -1.226968 1.186568 0.017885
v -1.226968 1.216568 0.017885
v -1.226968 1.216568 -1.202115
v -1.226968 1.216568 -1.202115
v -1.226968 1.216568 0.017885
v -1.226968 1.246568 0.017885
v -1.226968 1.246568 -1.202115
v -1.226968 1.246568 -1.202115
v -1.226968 1.246568 0.017885
v -1.226968 1.276568 0.017885
v -1.226968 1.276568 -1.172115
v -1.226968 1.276568 -1.172115
v -1.226968 1.276568 0.017885
v -1.226968 1.306568 0.017885
v -1.226968 1.306568 -1.172115
v -1.226968 1.306568 -1.172115
v -1.226968 1.306568 0.017885
v -1.226968 1.336568 0.017885
v -1.226968 1.336568 -1.142115
v -1.226968 1.336568 -1.142115
v -1.226968 1.336568 0.017885
v -1.226968 1.366568 0.017885
v -1.226968 1.366568 -1.142115
v -1.226968 1.366568 -1.142115
v -1.226968 1.366568 0.017885
v -1.226968 1.396568 0.017885
v -1.226968 1.396568 -1.112115
v -1.226968 1.396568 -1.112115
v -1.226968 1.396568 0.017885
v -1.226968 1.426568 0.017885
v -1.226968 1.426568 -1.082115
v -1.226968 1.426568 -1.082115
v -1.226968 1.426568 0.017885
v -1.226968 1.456568 0.017885
v -1.226968 1.456568 -1.082115
v -1.226968 1.456568 -1.082115
v -1.226968 1.456568 0.017885
v -1.226968 1.486568 0.017885
v -1.226968 1.486568 -1.052115
v -1.226968 1.486568 -1.052115
v -1.226968 1.486568 0.017885
v -1.226968 1.516568 0.017885
v -1.226968 1.516568 -1.052115
v -1.226968 1.516568 -1.052115
v -1.226968 1.516568 0.017885
v -1.226968 1.546568 0.017885
v -1.226968 1.546568 -1.022115
v -1.226968 1.546568 -1.022115
v -1.226968 1.546568 0.017885
v -1.226968 1.576568 0.017885
v -1.226968 1.576568 -1.022115
v -1.226968 1.576568 -1.022115
v -1.226968 1.576568 0.017885
v -1.226968 1.606568 0.017885
v -1.226968 1.606568 -0.992115
v -1.226968 1.606568 -0.992115
v -1.226968 1.606568 0.017885
v -1.226968 1.636568 0.017885
v -1.226968 1.636568 -0.992115
v -1.226968 1.636568 -0.992115
v -1.226968 1.636568 0.017885
v -1.226968 1.666568 0.017885
v -1.226968 1.666568 -0.962115
v -1.226968 1.666568 -0.962115
v -1.226968 1.666568 0.017885
v -1.226968 1.696568 0.017885
v -1.226968 1.696568 -0.962115
v -1.226968 1.696568 -0.962115
v -1.226968 1.696568 0.017885
v -1.226968 1.726568 0.017885
v -1.226968 1.726568 -0.932115
v -1.226968 1.726568 -0.932115
v -1.226968 1.726568 0.017885
v -1.226968 1.756568 0.017885
v -1.226968 1.756568 -0.902115
v -1.226968 1.756568 -0.902115
v -1.226968 1.756568 0.017885
v -1.226968 1.786568 0.017885
v -1.226968 1.786568 -0.902115
v -1.226968 1.786568 -0.902115
v -1.226968 1.786568 0.017885
v -1.226968 1.816568 0.017885
v -1.226968 1.816568 -0.872115
v -1.226968 1.816568 -0.872115
v -1.226968 1.816568 0.017885
v -1.226968 1.846568 0.017885
v -1.226968 1.846568 -0.872115
v -1.226968 1.846568 -0.872115
v -1.226968 1.846568 0.017885
v -1.226968 1.901568 0.017885
v -1.226968 1.901568 -0.872115
f 3 2 1
f 4 3 1
f 7 6 5
f 8 7 5
f 11 10 9
f 12 11 9
f 15 14 13
f 16 15 13
f 19 18 17
f 20 19 17
f 23 22 21
f 24 23 21
f 27 26 25
f 28 27 25
f 31 30 29
f 32 31 29
f 35 34 33
f 36 35 33
f 39 38 37
f 40 39 37
f 43 42 41
f 44 43 41
f 47 46 45
f 48 47 45
f 51 50 49
f 52 51 49
f 55 54 53
f 56 55 53
f 59 58 57
f 60 59 57
f 63 62 61
f 64 63 61
f 67 66 65
f 68 67 65
f 71 70 69
f 72 71 69
f 75 74 73
f 76 75 73
f 79 78 77
f 80 79 77
f 83 82 81
f 84 83 81
f 87 86 85
f 88 87 85
f 91 90 89
f 92 91 89
f 95 94 93
f 96 95 93
f 99 98 97
f 100 99 97
f 103 102 101
f 104 103 101
